http://www.intelligence.tuc.gr/~batsakis/Interval-based#0 http://www.intelligence.tuc.gr/~batsakis/Interval-based#oi http://www.intelligence.tuc.gr/~batsakis/Interval-based#1	1
http://www.intelligence.tuc.gr/~batsakis/Interval-based#0 http://www.intelligence.tuc.gr/~batsakis/Interval-based#di http://www.intelligence.tuc.gr/~batsakis/Interval-based#2	1
http://www.intelligence.tuc.gr/~batsakis/Interval-based#0 http://www.intelligence.tuc.gr/~batsakis/Interval-based#oi http://www.intelligence.tuc.gr/~batsakis/Interval-based#3	1
http://www.intelligence.tuc.gr/~batsakis/Interval-based#0 http://www.intelligence.tuc.gr/~batsakis/Interval-based#di http://www.intelligence.tuc.gr/~batsakis/Interval-based#4	1
http://www.intelligence.tuc.gr/~batsakis/Interval-based#0 http://www.intelligence.tuc.gr/~batsakis/Interval-based#a http://www.intelligence.tuc.gr/~batsakis/Interval-based#5	1
http://www.intelligence.tuc.gr/~batsakis/Interval-based#0 http://www.intelligence.tuc.gr/~batsakis/Interval-based#di http://www.intelligence.tuc.gr/~batsakis/Interval-based#6	1
http://www.intelligence.tuc.gr/~batsakis/Interval-based#0 http://www.intelligence.tuc.gr/~batsakis/Interval-based#oi http://www.intelligence.tuc.gr/~batsakis/Interval-based#7	1
http://www.intelligence.tuc.gr/~batsakis/Interval-based#0 http://www.intelligence.tuc.gr/~batsakis/Interval-based#si http://www.intelligence.tuc.gr/~batsakis/Interval-based#8	1
http://www.intelligence.tuc.gr/~batsakis/Interval-based#0 http://www.intelligence.tuc.gr/~batsakis/Interval-based#oi http://www.intelligence.tuc.gr/~batsakis/Interval-based#9	1
http://www.intelligence.tuc.gr/~batsakis/Interval-based#0 http://www.intelligence.tuc.gr/~batsakis/Interval-based#oi http://www.intelligence.tuc.gr/~batsakis/Interval-based#10	1
http://www.intelligence.tuc.gr/~batsakis/Interval-based#0 http://www.intelligence.tuc.gr/~batsakis/Interval-based#mi http://www.intelligence.tuc.gr/~batsakis/Interval-based#11	1
http://www.intelligence.tuc.gr/~batsakis/Interval-based#0 http://www.intelligence.tuc.gr/~batsakis/Interval-based#oi http://www.intelligence.tuc.gr/~batsakis/Interval-based#12	1
http://www.intelligence.tuc.gr/~batsakis/Interval-based#0 http://www.intelligence.tuc.gr/~batsakis/Interval-based#fi http://www.intelligence.tuc.gr/~batsakis/Interval-based#13	1
http://www.intelligence.tuc.gr/~batsakis/Interval-based#0 http://www.intelligence.tuc.gr/~batsakis/Interval-based#oi http://www.intelligence.tuc.gr/~batsakis/Interval-based#14	1
http://www.intelligence.tuc.gr/~batsakis/Interval-based#0 http://www.intelligence.tuc.gr/~batsakis/Interval-based#oi http://www.intelligence.tuc.gr/~batsakis/Interval-based#15	1
http://www.intelligence.tuc.gr/~batsakis/Interval-based#0 http://www.intelligence.tuc.gr/~batsakis/Interval-based#a http://www.intelligence.tuc.gr/~batsakis/Interval-based#16	1
http://www.intelligence.tuc.gr/~batsakis/Interval-based#0 http://www.intelligence.tuc.gr/~batsakis/Interval-based#oi http://www.intelligence.tuc.gr/~batsakis/Interval-based#17	1
http://www.intelligence.tuc.gr/~batsakis/Interval-based#0 http://www.intelligence.tuc.gr/~batsakis/Interval-based#b_di_ov_m_fi http://www.intelligence.tuc.gr/~batsakis/Interval-based#18	1
http://www.intelligence.tuc.gr/~batsakis/Interval-based#0 http://www.intelligence.tuc.gr/~batsakis/Interval-based#oi http://www.intelligence.tuc.gr/~batsakis/Interval-based#19	1
http://www.intelligence.tuc.gr/~batsakis/Interval-based#0 http://www.intelligence.tuc.gr/~batsakis/Interval-based#di_ov_fi http://www.intelligence.tuc.gr/~batsakis/Interval-based#20	1
http://www.intelligence.tuc.gr/~batsakis/Interval-based#0 http://www.intelligence.tuc.gr/~batsakis/Interval-based#oi http://www.intelligence.tuc.gr/~batsakis/Interval-based#21	1
http://www.intelligence.tuc.gr/~batsakis/Interval-based#0 http://www.intelligence.tuc.gr/~batsakis/Interval-based#di http://www.intelligence.tuc.gr/~batsakis/Interval-based#22	1
http://www.intelligence.tuc.gr/~batsakis/Interval-based#0 http://www.intelligence.tuc.gr/~batsakis/Interval-based#di_ov_fi http://www.intelligence.tuc.gr/~batsakis/Interval-based#23	1
http://www.intelligence.tuc.gr/~batsakis/Interval-based#0 http://www.intelligence.tuc.gr/~batsakis/Interval-based#oi http://www.intelligence.tuc.gr/~batsakis/Interval-based#24	1
http://www.intelligence.tuc.gr/~batsakis/Interval-based#0 http://www.intelligence.tuc.gr/~batsakis/Interval-based#oi http://www.intelligence.tuc.gr/~batsakis/Interval-based#25	1
http://www.intelligence.tuc.gr/~batsakis/Interval-based#0 http://www.intelligence.tuc.gr/~batsakis/Interval-based#a http://www.intelligence.tuc.gr/~batsakis/Interval-based#26	1
http://www.intelligence.tuc.gr/~batsakis/Interval-based#0 http://www.intelligence.tuc.gr/~batsakis/Interval-based#oi http://www.intelligence.tuc.gr/~batsakis/Interval-based#27	1
http://www.intelligence.tuc.gr/~batsakis/Interval-based#0 http://www.intelligence.tuc.gr/~batsakis/Interval-based#fi http://www.intelligence.tuc.gr/~batsakis/Interval-based#28	1
http://www.intelligence.tuc.gr/~batsakis/Interval-based#0 http://www.intelligence.tuc.gr/~batsakis/Interval-based#oi http://www.intelligence.tuc.gr/~batsakis/Interval-based#29	1
http://www.intelligence.tuc.gr/~batsakis/Interval-based#0 http://www.intelligence.tuc.gr/~batsakis/Interval-based#oi http://www.intelligence.tuc.gr/~batsakis/Interval-based#30	1
http://www.intelligence.tuc.gr/~batsakis/Interval-based#0 http://www.intelligence.tuc.gr/~batsakis/Interval-based#oi http://www.intelligence.tuc.gr/~batsakis/Interval-based#31	1
http://www.intelligence.tuc.gr/~batsakis/Interval-based#0 http://www.intelligence.tuc.gr/~batsakis/Interval-based#oi http://www.intelligence.tuc.gr/~batsakis/Interval-based#32	1
http://www.intelligence.tuc.gr/~batsakis/Interval-based#0 http://www.intelligence.tuc.gr/~batsakis/Interval-based#di_ov_fi http://www.intelligence.tuc.gr/~batsakis/Interval-based#33	1
http://www.intelligence.tuc.gr/~batsakis/Interval-based#0 http://www.intelligence.tuc.gr/~batsakis/Interval-based#oi http://www.intelligence.tuc.gr/~batsakis/Interval-based#34	1
http://www.intelligence.tuc.gr/~batsakis/Interval-based#0 http://www.intelligence.tuc.gr/~batsakis/Interval-based#oi http://www.intelligence.tuc.gr/~batsakis/Interval-based#35	1
http://www.intelligence.tuc.gr/~batsakis/Interval-based#0 http://www.intelligence.tuc.gr/~batsakis/Interval-based#oi http://www.intelligence.tuc.gr/~batsakis/Interval-based#36	1
http://www.intelligence.tuc.gr/~batsakis/Interval-based#0 http://www.intelligence.tuc.gr/~batsakis/Interval-based#oi http://www.intelligence.tuc.gr/~batsakis/Interval-based#37	1
http://www.intelligence.tuc.gr/~batsakis/Interval-based#0 http://www.intelligence.tuc.gr/~batsakis/Interval-based#oi http://www.intelligence.tuc.gr/~batsakis/Interval-based#38	1
http://www.intelligence.tuc.gr/~batsakis/Interval-based#0 http://www.intelligence.tuc.gr/~batsakis/Interval-based#di http://www.intelligence.tuc.gr/~batsakis/Interval-based#39	1
http://www.intelligence.tuc.gr/~batsakis/Interval-based#0 http://www.intelligence.tuc.gr/~batsakis/Interval-based#a http://www.intelligence.tuc.gr/~batsakis/Interval-based#40	1
http://www.intelligence.tuc.gr/~batsakis/Interval-based#0 http://www.intelligence.tuc.gr/~batsakis/Interval-based#a http://www.intelligence.tuc.gr/~batsakis/Interval-based#41	1
http://www.intelligence.tuc.gr/~batsakis/Interval-based#0 http://www.intelligence.tuc.gr/~batsakis/Interval-based#d_di_ov_oi_s_si_f_fi_eq http://www.intelligence.tuc.gr/~batsakis/Interval-based#42	1
http://www.intelligence.tuc.gr/~batsakis/Interval-based#0 http://www.intelligence.tuc.gr/~batsakis/Interval-based#oi http://www.intelligence.tuc.gr/~batsakis/Interval-based#43	1
http://www.intelligence.tuc.gr/~batsakis/Interval-based#0 http://www.intelligence.tuc.gr/~batsakis/Interval-based#a http://www.intelligence.tuc.gr/~batsakis/Interval-based#44	1
http://www.intelligence.tuc.gr/~batsakis/Interval-based#0 http://www.intelligence.tuc.gr/~batsakis/Interval-based#mi http://www.intelligence.tuc.gr/~batsakis/Interval-based#45	1
http://www.intelligence.tuc.gr/~batsakis/Interval-based#0 http://www.intelligence.tuc.gr/~batsakis/Interval-based#oi http://www.intelligence.tuc.gr/~batsakis/Interval-based#46	1
http://www.intelligence.tuc.gr/~batsakis/Interval-based#0 http://www.intelligence.tuc.gr/~batsakis/Interval-based#oi http://www.intelligence.tuc.gr/~batsakis/Interval-based#47	1
http://www.intelligence.tuc.gr/~batsakis/Interval-based#0 http://www.intelligence.tuc.gr/~batsakis/Interval-based#di http://www.intelligence.tuc.gr/~batsakis/Interval-based#48	1
http://www.intelligence.tuc.gr/~batsakis/Interval-based#0 http://www.intelligence.tuc.gr/~batsakis/Interval-based#ov http://www.intelligence.tuc.gr/~batsakis/Interval-based#49	1
http://www.intelligence.tuc.gr/~batsakis/Interval-based#0 http://www.intelligence.tuc.gr/~batsakis/Interval-based#di http://www.intelligence.tuc.gr/~batsakis/Interval-based#50	1
http://www.intelligence.tuc.gr/~batsakis/Interval-based#0 http://www.intelligence.tuc.gr/~batsakis/Interval-based#mi http://www.intelligence.tuc.gr/~batsakis/Interval-based#51	1
http://www.intelligence.tuc.gr/~batsakis/Interval-based#0 http://www.intelligence.tuc.gr/~batsakis/Interval-based#oi http://www.intelligence.tuc.gr/~batsakis/Interval-based#52	1
http://www.intelligence.tuc.gr/~batsakis/Interval-based#0 http://www.intelligence.tuc.gr/~batsakis/Interval-based#oi http://www.intelligence.tuc.gr/~batsakis/Interval-based#53	1
http://www.intelligence.tuc.gr/~batsakis/Interval-based#0 http://www.intelligence.tuc.gr/~batsakis/Interval-based#di http://www.intelligence.tuc.gr/~batsakis/Interval-based#54	1
http://www.intelligence.tuc.gr/~batsakis/Interval-based#0 http://www.intelligence.tuc.gr/~batsakis/Interval-based#oi http://www.intelligence.tuc.gr/~batsakis/Interval-based#55	1
http://www.intelligence.tuc.gr/~batsakis/Interval-based#0 http://www.intelligence.tuc.gr/~batsakis/Interval-based#a http://www.intelligence.tuc.gr/~batsakis/Interval-based#56	1
http://www.intelligence.tuc.gr/~batsakis/Interval-based#0 http://www.intelligence.tuc.gr/~batsakis/Interval-based#oi http://www.intelligence.tuc.gr/~batsakis/Interval-based#57	1
http://www.intelligence.tuc.gr/~batsakis/Interval-based#0 http://www.intelligence.tuc.gr/~batsakis/Interval-based#oi http://www.intelligence.tuc.gr/~batsakis/Interval-based#58	1
http://www.intelligence.tuc.gr/~batsakis/Interval-based#0 http://www.intelligence.tuc.gr/~batsakis/Interval-based#di http://www.intelligence.tuc.gr/~batsakis/Interval-based#59	1
http://www.intelligence.tuc.gr/~batsakis/Interval-based#0 http://www.intelligence.tuc.gr/~batsakis/Interval-based#oi http://www.intelligence.tuc.gr/~batsakis/Interval-based#60	1
http://www.intelligence.tuc.gr/~batsakis/Interval-based#0 http://www.intelligence.tuc.gr/~batsakis/Interval-based#di http://www.intelligence.tuc.gr/~batsakis/Interval-based#61	1
http://www.intelligence.tuc.gr/~batsakis/Interval-based#0 http://www.intelligence.tuc.gr/~batsakis/Interval-based#f http://www.intelligence.tuc.gr/~batsakis/Interval-based#62	1
http://www.intelligence.tuc.gr/~batsakis/Interval-based#0 http://www.intelligence.tuc.gr/~batsakis/Interval-based#d http://www.intelligence.tuc.gr/~batsakis/Interval-based#63	1
http://www.intelligence.tuc.gr/~batsakis/Interval-based#1 http://www.intelligence.tuc.gr/~batsakis/Interval-based#ov http://www.intelligence.tuc.gr/~batsakis/Interval-based#0	1
http://www.intelligence.tuc.gr/~batsakis/Interval-based#1 http://www.intelligence.tuc.gr/~batsakis/Interval-based#ov http://www.intelligence.tuc.gr/~batsakis/Interval-based#2	1
http://www.intelligence.tuc.gr/~batsakis/Interval-based#1 http://www.intelligence.tuc.gr/~batsakis/Interval-based#di http://www.intelligence.tuc.gr/~batsakis/Interval-based#3	1
http://www.intelligence.tuc.gr/~batsakis/Interval-based#1 http://www.intelligence.tuc.gr/~batsakis/Interval-based#ov http://www.intelligence.tuc.gr/~batsakis/Interval-based#4	1
http://www.intelligence.tuc.gr/~batsakis/Interval-based#1 http://www.intelligence.tuc.gr/~batsakis/Interval-based#di http://www.intelligence.tuc.gr/~batsakis/Interval-based#5	1
http://www.intelligence.tuc.gr/~batsakis/Interval-based#1 http://www.intelligence.tuc.gr/~batsakis/Interval-based#ov http://www.intelligence.tuc.gr/~batsakis/Interval-based#6	1
http://www.intelligence.tuc.gr/~batsakis/Interval-based#1 http://www.intelligence.tuc.gr/~batsakis/Interval-based#ov http://www.intelligence.tuc.gr/~batsakis/Interval-based#7	1
http://www.intelligence.tuc.gr/~batsakis/Interval-based#1 http://www.intelligence.tuc.gr/~batsakis/Interval-based#di http://www.intelligence.tuc.gr/~batsakis/Interval-based#8	1
http://www.intelligence.tuc.gr/~batsakis/Interval-based#1 http://www.intelligence.tuc.gr/~batsakis/Interval-based#di http://www.intelligence.tuc.gr/~batsakis/Interval-based#9	1
http://www.intelligence.tuc.gr/~batsakis/Interval-based#1 http://www.intelligence.tuc.gr/~batsakis/Interval-based#di http://www.intelligence.tuc.gr/~batsakis/Interval-based#10	1
http://www.intelligence.tuc.gr/~batsakis/Interval-based#1 http://www.intelligence.tuc.gr/~batsakis/Interval-based#di http://www.intelligence.tuc.gr/~batsakis/Interval-based#11	1
http://www.intelligence.tuc.gr/~batsakis/Interval-based#1 http://www.intelligence.tuc.gr/~batsakis/Interval-based#di http://www.intelligence.tuc.gr/~batsakis/Interval-based#12	1
http://www.intelligence.tuc.gr/~batsakis/Interval-based#1 http://www.intelligence.tuc.gr/~batsakis/Interval-based#ov http://www.intelligence.tuc.gr/~batsakis/Interval-based#13	1
http://www.intelligence.tuc.gr/~batsakis/Interval-based#1 http://www.intelligence.tuc.gr/~batsakis/Interval-based#di http://www.intelligence.tuc.gr/~batsakis/Interval-based#14	1
http://www.intelligence.tuc.gr/~batsakis/Interval-based#1 http://www.intelligence.tuc.gr/~batsakis/Interval-based#di http://www.intelligence.tuc.gr/~batsakis/Interval-based#15	1
http://www.intelligence.tuc.gr/~batsakis/Interval-based#1 http://www.intelligence.tuc.gr/~batsakis/Interval-based#di http://www.intelligence.tuc.gr/~batsakis/Interval-based#16	1
http://www.intelligence.tuc.gr/~batsakis/Interval-based#1 http://www.intelligence.tuc.gr/~batsakis/Interval-based#di http://www.intelligence.tuc.gr/~batsakis/Interval-based#17	1
http://www.intelligence.tuc.gr/~batsakis/Interval-based#1 http://www.intelligence.tuc.gr/~batsakis/Interval-based#b http://www.intelligence.tuc.gr/~batsakis/Interval-based#18	1
http://www.intelligence.tuc.gr/~batsakis/Interval-based#1 http://www.intelligence.tuc.gr/~batsakis/Interval-based#di http://www.intelligence.tuc.gr/~batsakis/Interval-based#19	1
http://www.intelligence.tuc.gr/~batsakis/Interval-based#1 http://www.intelligence.tuc.gr/~batsakis/Interval-based#b http://www.intelligence.tuc.gr/~batsakis/Interval-based#20	1
http://www.intelligence.tuc.gr/~batsakis/Interval-based#1 http://www.intelligence.tuc.gr/~batsakis/Interval-based#di http://www.intelligence.tuc.gr/~batsakis/Interval-based#21	1
http://www.intelligence.tuc.gr/~batsakis/Interval-based#1 http://www.intelligence.tuc.gr/~batsakis/Interval-based#ov http://www.intelligence.tuc.gr/~batsakis/Interval-based#22	1
http://www.intelligence.tuc.gr/~batsakis/Interval-based#1 http://www.intelligence.tuc.gr/~batsakis/Interval-based#ov http://www.intelligence.tuc.gr/~batsakis/Interval-based#23	1
http://www.intelligence.tuc.gr/~batsakis/Interval-based#1 http://www.intelligence.tuc.gr/~batsakis/Interval-based#fi http://www.intelligence.tuc.gr/~batsakis/Interval-based#24	1
http://www.intelligence.tuc.gr/~batsakis/Interval-based#1 http://www.intelligence.tuc.gr/~batsakis/Interval-based#di http://www.intelligence.tuc.gr/~batsakis/Interval-based#25	1
http://www.intelligence.tuc.gr/~batsakis/Interval-based#1 http://www.intelligence.tuc.gr/~batsakis/Interval-based#di http://www.intelligence.tuc.gr/~batsakis/Interval-based#26	1
http://www.intelligence.tuc.gr/~batsakis/Interval-based#1 http://www.intelligence.tuc.gr/~batsakis/Interval-based#ov http://www.intelligence.tuc.gr/~batsakis/Interval-based#27	1
http://www.intelligence.tuc.gr/~batsakis/Interval-based#1 http://www.intelligence.tuc.gr/~batsakis/Interval-based#ov http://www.intelligence.tuc.gr/~batsakis/Interval-based#28	1
http://www.intelligence.tuc.gr/~batsakis/Interval-based#1 http://www.intelligence.tuc.gr/~batsakis/Interval-based#di http://www.intelligence.tuc.gr/~batsakis/Interval-based#29	1
http://www.intelligence.tuc.gr/~batsakis/Interval-based#1 http://www.intelligence.tuc.gr/~batsakis/Interval-based#d_di_ov_oi_s_si_f_fi_eq http://www.intelligence.tuc.gr/~batsakis/Interval-based#30	1
http://www.intelligence.tuc.gr/~batsakis/Interval-based#1 http://www.intelligence.tuc.gr/~batsakis/Interval-based#di http://www.intelligence.tuc.gr/~batsakis/Interval-based#31	1
http://www.intelligence.tuc.gr/~batsakis/Interval-based#1 http://www.intelligence.tuc.gr/~batsakis/Interval-based#ov http://www.intelligence.tuc.gr/~batsakis/Interval-based#32	1
http://www.intelligence.tuc.gr/~batsakis/Interval-based#1 http://www.intelligence.tuc.gr/~batsakis/Interval-based#b http://www.intelligence.tuc.gr/~batsakis/Interval-based#33	1
http://www.intelligence.tuc.gr/~batsakis/Interval-based#1 http://www.intelligence.tuc.gr/~batsakis/Interval-based#di http://www.intelligence.tuc.gr/~batsakis/Interval-based#34	1
http://www.intelligence.tuc.gr/~batsakis/Interval-based#1 http://www.intelligence.tuc.gr/~batsakis/Interval-based#fi http://www.intelligence.tuc.gr/~batsakis/Interval-based#35	1
http://www.intelligence.tuc.gr/~batsakis/Interval-based#1 http://www.intelligence.tuc.gr/~batsakis/Interval-based#di http://www.intelligence.tuc.gr/~batsakis/Interval-based#36	1
http://www.intelligence.tuc.gr/~batsakis/Interval-based#1 http://www.intelligence.tuc.gr/~batsakis/Interval-based#di http://www.intelligence.tuc.gr/~batsakis/Interval-based#37	1
http://www.intelligence.tuc.gr/~batsakis/Interval-based#1 http://www.intelligence.tuc.gr/~batsakis/Interval-based#ov http://www.intelligence.tuc.gr/~batsakis/Interval-based#38	1
http://www.intelligence.tuc.gr/~batsakis/Interval-based#1 http://www.intelligence.tuc.gr/~batsakis/Interval-based#ov http://www.intelligence.tuc.gr/~batsakis/Interval-based#39	1
http://www.intelligence.tuc.gr/~batsakis/Interval-based#1 http://www.intelligence.tuc.gr/~batsakis/Interval-based#di http://www.intelligence.tuc.gr/~batsakis/Interval-based#40	1
http://www.intelligence.tuc.gr/~batsakis/Interval-based#1 http://www.intelligence.tuc.gr/~batsakis/Interval-based#di http://www.intelligence.tuc.gr/~batsakis/Interval-based#41	1
http://www.intelligence.tuc.gr/~batsakis/Interval-based#1 http://www.intelligence.tuc.gr/~batsakis/Interval-based#ov http://www.intelligence.tuc.gr/~batsakis/Interval-based#42	1
http://www.intelligence.tuc.gr/~batsakis/Interval-based#1 http://www.intelligence.tuc.gr/~batsakis/Interval-based#di_ov_fi http://www.intelligence.tuc.gr/~batsakis/Interval-based#43	1
http://www.intelligence.tuc.gr/~batsakis/Interval-based#1 http://www.intelligence.tuc.gr/~batsakis/Interval-based#di http://www.intelligence.tuc.gr/~batsakis/Interval-based#44	1
http://www.intelligence.tuc.gr/~batsakis/Interval-based#1 http://www.intelligence.tuc.gr/~batsakis/Interval-based#di http://www.intelligence.tuc.gr/~batsakis/Interval-based#45	1
http://www.intelligence.tuc.gr/~batsakis/Interval-based#1 http://www.intelligence.tuc.gr/~batsakis/Interval-based#di_oi_si http://www.intelligence.tuc.gr/~batsakis/Interval-based#46	1
http://www.intelligence.tuc.gr/~batsakis/Interval-based#1 http://www.intelligence.tuc.gr/~batsakis/Interval-based#di http://www.intelligence.tuc.gr/~batsakis/Interval-based#47	1
http://www.intelligence.tuc.gr/~batsakis/Interval-based#1 http://www.intelligence.tuc.gr/~batsakis/Interval-based#di http://www.intelligence.tuc.gr/~batsakis/Interval-based#48	1
http://www.intelligence.tuc.gr/~batsakis/Interval-based#1 http://www.intelligence.tuc.gr/~batsakis/Interval-based#ov http://www.intelligence.tuc.gr/~batsakis/Interval-based#49	1
http://www.intelligence.tuc.gr/~batsakis/Interval-based#1 http://www.intelligence.tuc.gr/~batsakis/Interval-based#b http://www.intelligence.tuc.gr/~batsakis/Interval-based#50	1
http://www.intelligence.tuc.gr/~batsakis/Interval-based#1 http://www.intelligence.tuc.gr/~batsakis/Interval-based#di http://www.intelligence.tuc.gr/~batsakis/Interval-based#51	1
http://www.intelligence.tuc.gr/~batsakis/Interval-based#1 http://www.intelligence.tuc.gr/~batsakis/Interval-based#di http://www.intelligence.tuc.gr/~batsakis/Interval-based#52	1
http://www.intelligence.tuc.gr/~batsakis/Interval-based#1 http://www.intelligence.tuc.gr/~batsakis/Interval-based#di http://www.intelligence.tuc.gr/~batsakis/Interval-based#53	1
http://www.intelligence.tuc.gr/~batsakis/Interval-based#1 http://www.intelligence.tuc.gr/~batsakis/Interval-based#ov http://www.intelligence.tuc.gr/~batsakis/Interval-based#54	1
http://www.intelligence.tuc.gr/~batsakis/Interval-based#1 http://www.intelligence.tuc.gr/~batsakis/Interval-based#di http://www.intelligence.tuc.gr/~batsakis/Interval-based#55	1
http://www.intelligence.tuc.gr/~batsakis/Interval-based#1 http://www.intelligence.tuc.gr/~batsakis/Interval-based#di http://www.intelligence.tuc.gr/~batsakis/Interval-based#56	1
http://www.intelligence.tuc.gr/~batsakis/Interval-based#1 http://www.intelligence.tuc.gr/~batsakis/Interval-based#di http://www.intelligence.tuc.gr/~batsakis/Interval-based#57	1
http://www.intelligence.tuc.gr/~batsakis/Interval-based#1 http://www.intelligence.tuc.gr/~batsakis/Interval-based#di http://www.intelligence.tuc.gr/~batsakis/Interval-based#58	1
http://www.intelligence.tuc.gr/~batsakis/Interval-based#1 http://www.intelligence.tuc.gr/~batsakis/Interval-based#ov http://www.intelligence.tuc.gr/~batsakis/Interval-based#59	1
http://www.intelligence.tuc.gr/~batsakis/Interval-based#1 http://www.intelligence.tuc.gr/~batsakis/Interval-based#di http://www.intelligence.tuc.gr/~batsakis/Interval-based#60	1
http://www.intelligence.tuc.gr/~batsakis/Interval-based#1 http://www.intelligence.tuc.gr/~batsakis/Interval-based#ov http://www.intelligence.tuc.gr/~batsakis/Interval-based#61	1
http://www.intelligence.tuc.gr/~batsakis/Interval-based#1 http://www.intelligence.tuc.gr/~batsakis/Interval-based#ov http://www.intelligence.tuc.gr/~batsakis/Interval-based#62	1
http://www.intelligence.tuc.gr/~batsakis/Interval-based#1 http://www.intelligence.tuc.gr/~batsakis/Interval-based#ov http://www.intelligence.tuc.gr/~batsakis/Interval-based#63	1
http://www.intelligence.tuc.gr/~batsakis/Interval-based#2 http://www.intelligence.tuc.gr/~batsakis/Interval-based#d http://www.intelligence.tuc.gr/~batsakis/Interval-based#0	1
http://www.intelligence.tuc.gr/~batsakis/Interval-based#2 http://www.intelligence.tuc.gr/~batsakis/Interval-based#oi http://www.intelligence.tuc.gr/~batsakis/Interval-based#1	1
http://www.intelligence.tuc.gr/~batsakis/Interval-based#2 http://www.intelligence.tuc.gr/~batsakis/Interval-based#oi http://www.intelligence.tuc.gr/~batsakis/Interval-based#3	1
http://www.intelligence.tuc.gr/~batsakis/Interval-based#2 http://www.intelligence.tuc.gr/~batsakis/Interval-based#ov http://www.intelligence.tuc.gr/~batsakis/Interval-based#4	1
http://www.intelligence.tuc.gr/~batsakis/Interval-based#2 http://www.intelligence.tuc.gr/~batsakis/Interval-based#a http://www.intelligence.tuc.gr/~batsakis/Interval-based#5	1
http://www.intelligence.tuc.gr/~batsakis/Interval-based#2 http://www.intelligence.tuc.gr/~batsakis/Interval-based#d_ov_s http://www.intelligence.tuc.gr/~batsakis/Interval-based#6	1
http://www.intelligence.tuc.gr/~batsakis/Interval-based#2 http://www.intelligence.tuc.gr/~batsakis/Interval-based#d http://www.intelligence.tuc.gr/~batsakis/Interval-based#7	1
http://www.intelligence.tuc.gr/~batsakis/Interval-based#2 http://www.intelligence.tuc.gr/~batsakis/Interval-based#a http://www.intelligence.tuc.gr/~batsakis/Interval-based#8	1
http://www.intelligence.tuc.gr/~batsakis/Interval-based#2 http://www.intelligence.tuc.gr/~batsakis/Interval-based#oi http://www.intelligence.tuc.gr/~batsakis/Interval-based#9	1
http://www.intelligence.tuc.gr/~batsakis/Interval-based#2 http://www.intelligence.tuc.gr/~batsakis/Interval-based#oi http://www.intelligence.tuc.gr/~batsakis/Interval-based#10	1
http://www.intelligence.tuc.gr/~batsakis/Interval-based#2 http://www.intelligence.tuc.gr/~batsakis/Interval-based#a http://www.intelligence.tuc.gr/~batsakis/Interval-based#11	1
http://www.intelligence.tuc.gr/~batsakis/Interval-based#2 http://www.intelligence.tuc.gr/~batsakis/Interval-based#oi http://www.intelligence.tuc.gr/~batsakis/Interval-based#12	1
http://www.intelligence.tuc.gr/~batsakis/Interval-based#2 http://www.intelligence.tuc.gr/~batsakis/Interval-based#d_ov_s http://www.intelligence.tuc.gr/~batsakis/Interval-based#13	1
http://www.intelligence.tuc.gr/~batsakis/Interval-based#2 http://www.intelligence.tuc.gr/~batsakis/Interval-based#oi http://www.intelligence.tuc.gr/~batsakis/Interval-based#14	1
http://www.intelligence.tuc.gr/~batsakis/Interval-based#2 http://www.intelligence.tuc.gr/~batsakis/Interval-based#oi http://www.intelligence.tuc.gr/~batsakis/Interval-based#15	1
http://www.intelligence.tuc.gr/~batsakis/Interval-based#2 http://www.intelligence.tuc.gr/~batsakis/Interval-based#a http://www.intelligence.tuc.gr/~batsakis/Interval-based#16	1
http://www.intelligence.tuc.gr/~batsakis/Interval-based#2 http://www.intelligence.tuc.gr/~batsakis/Interval-based#oi http://www.intelligence.tuc.gr/~batsakis/Interval-based#17	1
http://www.intelligence.tuc.gr/~batsakis/Interval-based#2 http://www.intelligence.tuc.gr/~batsakis/Interval-based#b_di_ov_m_fi http://www.intelligence.tuc.gr/~batsakis/Interval-based#18	1
http://www.intelligence.tuc.gr/~batsakis/Interval-based#2 http://www.intelligence.tuc.gr/~batsakis/Interval-based#a_oi_mi http://www.intelligence.tuc.gr/~batsakis/Interval-based#19	1
http://www.intelligence.tuc.gr/~batsakis/Interval-based#2 http://www.intelligence.tuc.gr/~batsakis/Interval-based#b_ov_m http://www.intelligence.tuc.gr/~batsakis/Interval-based#20	1
http://www.intelligence.tuc.gr/~batsakis/Interval-based#2 http://www.intelligence.tuc.gr/~batsakis/Interval-based#oi http://www.intelligence.tuc.gr/~batsakis/Interval-based#21	1
http://www.intelligence.tuc.gr/~batsakis/Interval-based#2 http://www.intelligence.tuc.gr/~batsakis/Interval-based#s http://www.intelligence.tuc.gr/~batsakis/Interval-based#22	1
http://www.intelligence.tuc.gr/~batsakis/Interval-based#2 http://www.intelligence.tuc.gr/~batsakis/Interval-based#ov http://www.intelligence.tuc.gr/~batsakis/Interval-based#23	1
http://www.intelligence.tuc.gr/~batsakis/Interval-based#2 http://www.intelligence.tuc.gr/~batsakis/Interval-based#oi http://www.intelligence.tuc.gr/~batsakis/Interval-based#24	1
http://www.intelligence.tuc.gr/~batsakis/Interval-based#2 http://www.intelligence.tuc.gr/~batsakis/Interval-based#oi http://www.intelligence.tuc.gr/~batsakis/Interval-based#25	1
http://www.intelligence.tuc.gr/~batsakis/Interval-based#2 http://www.intelligence.tuc.gr/~batsakis/Interval-based#a http://www.intelligence.tuc.gr/~batsakis/Interval-based#26	1
http://www.intelligence.tuc.gr/~batsakis/Interval-based#2 http://www.intelligence.tuc.gr/~batsakis/Interval-based#d http://www.intelligence.tuc.gr/~batsakis/Interval-based#27	1
http://www.intelligence.tuc.gr/~batsakis/Interval-based#2 http://www.intelligence.tuc.gr/~batsakis/Interval-based#d http://www.intelligence.tuc.gr/~batsakis/Interval-based#28	1
http://www.intelligence.tuc.gr/~batsakis/Interval-based#2 http://www.intelligence.tuc.gr/~batsakis/Interval-based#oi http://www.intelligence.tuc.gr/~batsakis/Interval-based#29	1
http://www.intelligence.tuc.gr/~batsakis/Interval-based#2 http://www.intelligence.tuc.gr/~batsakis/Interval-based#a_oi_mi http://www.intelligence.tuc.gr/~batsakis/Interval-based#30	1
http://www.intelligence.tuc.gr/~batsakis/Interval-based#2 http://www.intelligence.tuc.gr/~batsakis/Interval-based#oi http://www.intelligence.tuc.gr/~batsakis/Interval-based#31	1
http://www.intelligence.tuc.gr/~batsakis/Interval-based#2 http://www.intelligence.tuc.gr/~batsakis/Interval-based#d http://www.intelligence.tuc.gr/~batsakis/Interval-based#32	1
http://www.intelligence.tuc.gr/~batsakis/Interval-based#2 http://www.intelligence.tuc.gr/~batsakis/Interval-based#ov http://www.intelligence.tuc.gr/~batsakis/Interval-based#33	1
http://www.intelligence.tuc.gr/~batsakis/Interval-based#2 http://www.intelligence.tuc.gr/~batsakis/Interval-based#oi http://www.intelligence.tuc.gr/~batsakis/Interval-based#34	1
http://www.intelligence.tuc.gr/~batsakis/Interval-based#2 http://www.intelligence.tuc.gr/~batsakis/Interval-based#oi http://www.intelligence.tuc.gr/~batsakis/Interval-based#35	1
http://www.intelligence.tuc.gr/~batsakis/Interval-based#2 http://www.intelligence.tuc.gr/~batsakis/Interval-based#oi http://www.intelligence.tuc.gr/~batsakis/Interval-based#36	1
http://www.intelligence.tuc.gr/~batsakis/Interval-based#2 http://www.intelligence.tuc.gr/~batsakis/Interval-based#oi http://www.intelligence.tuc.gr/~batsakis/Interval-based#37	1
http://www.intelligence.tuc.gr/~batsakis/Interval-based#2 http://www.intelligence.tuc.gr/~batsakis/Interval-based#d http://www.intelligence.tuc.gr/~batsakis/Interval-based#38	1
http://www.intelligence.tuc.gr/~batsakis/Interval-based#2 http://www.intelligence.tuc.gr/~batsakis/Interval-based#d http://www.intelligence.tuc.gr/~batsakis/Interval-based#39	1
http://www.intelligence.tuc.gr/~batsakis/Interval-based#2 http://www.intelligence.tuc.gr/~batsakis/Interval-based#a http://www.intelligence.tuc.gr/~batsakis/Interval-based#40	1
http://www.intelligence.tuc.gr/~batsakis/Interval-based#2 http://www.intelligence.tuc.gr/~batsakis/Interval-based#a http://www.intelligence.tuc.gr/~batsakis/Interval-based#41	1
http://www.intelligence.tuc.gr/~batsakis/Interval-based#2 http://www.intelligence.tuc.gr/~batsakis/Interval-based#d_ov_s http://www.intelligence.tuc.gr/~batsakis/Interval-based#42	1
http://www.intelligence.tuc.gr/~batsakis/Interval-based#2 http://www.intelligence.tuc.gr/~batsakis/Interval-based#d_oi_f http://www.intelligence.tuc.gr/~batsakis/Interval-based#43	1
http://www.intelligence.tuc.gr/~batsakis/Interval-based#2 http://www.intelligence.tuc.gr/~batsakis/Interval-based#a http://www.intelligence.tuc.gr/~batsakis/Interval-based#44	1
http://www.intelligence.tuc.gr/~batsakis/Interval-based#2 http://www.intelligence.tuc.gr/~batsakis/Interval-based#a http://www.intelligence.tuc.gr/~batsakis/Interval-based#45	1
http://www.intelligence.tuc.gr/~batsakis/Interval-based#2 http://www.intelligence.tuc.gr/~batsakis/Interval-based#oi http://www.intelligence.tuc.gr/~batsakis/Interval-based#46	1
http://www.intelligence.tuc.gr/~batsakis/Interval-based#2 http://www.intelligence.tuc.gr/~batsakis/Interval-based#a_oi_mi http://www.intelligence.tuc.gr/~batsakis/Interval-based#47	1
http://www.intelligence.tuc.gr/~batsakis/Interval-based#2 http://www.intelligence.tuc.gr/~batsakis/Interval-based#di http://www.intelligence.tuc.gr/~batsakis/Interval-based#48	1
http://www.intelligence.tuc.gr/~batsakis/Interval-based#2 http://www.intelligence.tuc.gr/~batsakis/Interval-based#ov http://www.intelligence.tuc.gr/~batsakis/Interval-based#49	1
http://www.intelligence.tuc.gr/~batsakis/Interval-based#2 http://www.intelligence.tuc.gr/~batsakis/Interval-based#b_di_ov_m_fi http://www.intelligence.tuc.gr/~batsakis/Interval-based#50	1
http://www.intelligence.tuc.gr/~batsakis/Interval-based#2 http://www.intelligence.tuc.gr/~batsakis/Interval-based#a http://www.intelligence.tuc.gr/~batsakis/Interval-based#51	1
http://www.intelligence.tuc.gr/~batsakis/Interval-based#2 http://www.intelligence.tuc.gr/~batsakis/Interval-based#oi http://www.intelligence.tuc.gr/~batsakis/Interval-based#52	1
http://www.intelligence.tuc.gr/~batsakis/Interval-based#2 http://www.intelligence.tuc.gr/~batsakis/Interval-based#oi http://www.intelligence.tuc.gr/~batsakis/Interval-based#53	1
http://www.intelligence.tuc.gr/~batsakis/Interval-based#2 http://www.intelligence.tuc.gr/~batsakis/Interval-based#di http://www.intelligence.tuc.gr/~batsakis/Interval-based#54	1
http://www.intelligence.tuc.gr/~batsakis/Interval-based#2 http://www.intelligence.tuc.gr/~batsakis/Interval-based#oi http://www.intelligence.tuc.gr/~batsakis/Interval-based#55	1
http://www.intelligence.tuc.gr/~batsakis/Interval-based#2 http://www.intelligence.tuc.gr/~batsakis/Interval-based#a http://www.intelligence.tuc.gr/~batsakis/Interval-based#56	1
http://www.intelligence.tuc.gr/~batsakis/Interval-based#2 http://www.intelligence.tuc.gr/~batsakis/Interval-based#oi http://www.intelligence.tuc.gr/~batsakis/Interval-based#57	1
http://www.intelligence.tuc.gr/~batsakis/Interval-based#2 http://www.intelligence.tuc.gr/~batsakis/Interval-based#oi http://www.intelligence.tuc.gr/~batsakis/Interval-based#58	1
http://www.intelligence.tuc.gr/~batsakis/Interval-based#2 http://www.intelligence.tuc.gr/~batsakis/Interval-based#oi http://www.intelligence.tuc.gr/~batsakis/Interval-based#59	1
http://www.intelligence.tuc.gr/~batsakis/Interval-based#2 http://www.intelligence.tuc.gr/~batsakis/Interval-based#oi http://www.intelligence.tuc.gr/~batsakis/Interval-based#60	1
http://www.intelligence.tuc.gr/~batsakis/Interval-based#2 http://www.intelligence.tuc.gr/~batsakis/Interval-based#ov http://www.intelligence.tuc.gr/~batsakis/Interval-based#61	1
http://www.intelligence.tuc.gr/~batsakis/Interval-based#2 http://www.intelligence.tuc.gr/~batsakis/Interval-based#d http://www.intelligence.tuc.gr/~batsakis/Interval-based#62	1
http://www.intelligence.tuc.gr/~batsakis/Interval-based#2 http://www.intelligence.tuc.gr/~batsakis/Interval-based#d http://www.intelligence.tuc.gr/~batsakis/Interval-based#63	1
http://www.intelligence.tuc.gr/~batsakis/Interval-based#3 http://www.intelligence.tuc.gr/~batsakis/Interval-based#ov http://www.intelligence.tuc.gr/~batsakis/Interval-based#0	1
http://www.intelligence.tuc.gr/~batsakis/Interval-based#3 http://www.intelligence.tuc.gr/~batsakis/Interval-based#d http://www.intelligence.tuc.gr/~batsakis/Interval-based#1	1
http://www.intelligence.tuc.gr/~batsakis/Interval-based#3 http://www.intelligence.tuc.gr/~batsakis/Interval-based#ov http://www.intelligence.tuc.gr/~batsakis/Interval-based#2	1
http://www.intelligence.tuc.gr/~batsakis/Interval-based#3 http://www.intelligence.tuc.gr/~batsakis/Interval-based#b http://www.intelligence.tuc.gr/~batsakis/Interval-based#4	1
http://www.intelligence.tuc.gr/~batsakis/Interval-based#3 http://www.intelligence.tuc.gr/~batsakis/Interval-based#oi http://www.intelligence.tuc.gr/~batsakis/Interval-based#5	1
http://www.intelligence.tuc.gr/~batsakis/Interval-based#3 http://www.intelligence.tuc.gr/~batsakis/Interval-based#ov http://www.intelligence.tuc.gr/~batsakis/Interval-based#6	1
http://www.intelligence.tuc.gr/~batsakis/Interval-based#3 http://www.intelligence.tuc.gr/~batsakis/Interval-based#d http://www.intelligence.tuc.gr/~batsakis/Interval-based#7	1
http://www.intelligence.tuc.gr/~batsakis/Interval-based#3 http://www.intelligence.tuc.gr/~batsakis/Interval-based#di http://www.intelligence.tuc.gr/~batsakis/Interval-based#8	1
http://www.intelligence.tuc.gr/~batsakis/Interval-based#3 http://www.intelligence.tuc.gr/~batsakis/Interval-based#ov http://www.intelligence.tuc.gr/~batsakis/Interval-based#9	1
http://www.intelligence.tuc.gr/~batsakis/Interval-based#3 http://www.intelligence.tuc.gr/~batsakis/Interval-based#d_ov_s http://www.intelligence.tuc.gr/~batsakis/Interval-based#10	1
http://www.intelligence.tuc.gr/~batsakis/Interval-based#3 http://www.intelligence.tuc.gr/~batsakis/Interval-based#di_oi_si http://www.intelligence.tuc.gr/~batsakis/Interval-based#11	1
http://www.intelligence.tuc.gr/~batsakis/Interval-based#3 http://www.intelligence.tuc.gr/~batsakis/Interval-based#d http://www.intelligence.tuc.gr/~batsakis/Interval-based#12	1
http://www.intelligence.tuc.gr/~batsakis/Interval-based#3 http://www.intelligence.tuc.gr/~batsakis/Interval-based#ov http://www.intelligence.tuc.gr/~batsakis/Interval-based#13	1
http://www.intelligence.tuc.gr/~batsakis/Interval-based#3 http://www.intelligence.tuc.gr/~batsakis/Interval-based#di_oi_si http://www.intelligence.tuc.gr/~batsakis/Interval-based#14	1
http://www.intelligence.tuc.gr/~batsakis/Interval-based#3 http://www.intelligence.tuc.gr/~batsakis/Interval-based#oi http://www.intelligence.tuc.gr/~batsakis/Interval-based#15	1
http://www.intelligence.tuc.gr/~batsakis/Interval-based#3 http://www.intelligence.tuc.gr/~batsakis/Interval-based#a_oi_mi http://www.intelligence.tuc.gr/~batsakis/Interval-based#16	1
http://www.intelligence.tuc.gr/~batsakis/Interval-based#3 http://www.intelligence.tuc.gr/~batsakis/Interval-based#di_oi_si http://www.intelligence.tuc.gr/~batsakis/Interval-based#17	1
http://www.intelligence.tuc.gr/~batsakis/Interval-based#3 http://www.intelligence.tuc.gr/~batsakis/Interval-based#b http://www.intelligence.tuc.gr/~batsakis/Interval-based#18	1
http://www.intelligence.tuc.gr/~batsakis/Interval-based#3 http://www.intelligence.tuc.gr/~batsakis/Interval-based#di http://www.intelligence.tuc.gr/~batsakis/Interval-based#19	1
http://www.intelligence.tuc.gr/~batsakis/Interval-based#3 http://www.intelligence.tuc.gr/~batsakis/Interval-based#b http://www.intelligence.tuc.gr/~batsakis/Interval-based#20	1
http://www.intelligence.tuc.gr/~batsakis/Interval-based#3 http://www.intelligence.tuc.gr/~batsakis/Interval-based#d http://www.intelligence.tuc.gr/~batsakis/Interval-based#21	1
http://www.intelligence.tuc.gr/~batsakis/Interval-based#3 http://www.intelligence.tuc.gr/~batsakis/Interval-based#ov http://www.intelligence.tuc.gr/~batsakis/Interval-based#22	1
http://www.intelligence.tuc.gr/~batsakis/Interval-based#3 http://www.intelligence.tuc.gr/~batsakis/Interval-based#b http://www.intelligence.tuc.gr/~batsakis/Interval-based#23	1
http://www.intelligence.tuc.gr/~batsakis/Interval-based#3 http://www.intelligence.tuc.gr/~batsakis/Interval-based#ov http://www.intelligence.tuc.gr/~batsakis/Interval-based#24	1
http://www.intelligence.tuc.gr/~batsakis/Interval-based#3 http://www.intelligence.tuc.gr/~batsakis/Interval-based#d_ov_s http://www.intelligence.tuc.gr/~batsakis/Interval-based#25	1
http://www.intelligence.tuc.gr/~batsakis/Interval-based#3 http://www.intelligence.tuc.gr/~batsakis/Interval-based#a_di_oi_mi_si http://www.intelligence.tuc.gr/~batsakis/Interval-based#26	1
http://www.intelligence.tuc.gr/~batsakis/Interval-based#3 http://www.intelligence.tuc.gr/~batsakis/Interval-based#d_ov_s http://www.intelligence.tuc.gr/~batsakis/Interval-based#27	1
http://www.intelligence.tuc.gr/~batsakis/Interval-based#3 http://www.intelligence.tuc.gr/~batsakis/Interval-based#ov http://www.intelligence.tuc.gr/~batsakis/Interval-based#28	1
http://www.intelligence.tuc.gr/~batsakis/Interval-based#3 http://www.intelligence.tuc.gr/~batsakis/Interval-based#d http://www.intelligence.tuc.gr/~batsakis/Interval-based#29	1
http://www.intelligence.tuc.gr/~batsakis/Interval-based#3 http://www.intelligence.tuc.gr/~batsakis/Interval-based#d_di_ov_oi_s_si_f_fi_eq http://www.intelligence.tuc.gr/~batsakis/Interval-based#30	1
http://www.intelligence.tuc.gr/~batsakis/Interval-based#3 http://www.intelligence.tuc.gr/~batsakis/Interval-based#d_ov_s http://www.intelligence.tuc.gr/~batsakis/Interval-based#31	1
http://www.intelligence.tuc.gr/~batsakis/Interval-based#3 http://www.intelligence.tuc.gr/~batsakis/Interval-based#ov http://www.intelligence.tuc.gr/~batsakis/Interval-based#32	1
http://www.intelligence.tuc.gr/~batsakis/Interval-based#3 http://www.intelligence.tuc.gr/~batsakis/Interval-based#b http://www.intelligence.tuc.gr/~batsakis/Interval-based#33	1
http://www.intelligence.tuc.gr/~batsakis/Interval-based#3 http://www.intelligence.tuc.gr/~batsakis/Interval-based#oi http://www.intelligence.tuc.gr/~batsakis/Interval-based#34	1
http://www.intelligence.tuc.gr/~batsakis/Interval-based#3 http://www.intelligence.tuc.gr/~batsakis/Interval-based#ov http://www.intelligence.tuc.gr/~batsakis/Interval-based#35	1
http://www.intelligence.tuc.gr/~batsakis/Interval-based#3 http://www.intelligence.tuc.gr/~batsakis/Interval-based#d_ov_s http://www.intelligence.tuc.gr/~batsakis/Interval-based#36	1
http://www.intelligence.tuc.gr/~batsakis/Interval-based#3 http://www.intelligence.tuc.gr/~batsakis/Interval-based#f_fi_eq http://www.intelligence.tuc.gr/~batsakis/Interval-based#37	1
http://www.intelligence.tuc.gr/~batsakis/Interval-based#3 http://www.intelligence.tuc.gr/~batsakis/Interval-based#d http://www.intelligence.tuc.gr/~batsakis/Interval-based#38	1
http://www.intelligence.tuc.gr/~batsakis/Interval-based#3 http://www.intelligence.tuc.gr/~batsakis/Interval-based#ov http://www.intelligence.tuc.gr/~batsakis/Interval-based#39	1
http://www.intelligence.tuc.gr/~batsakis/Interval-based#3 http://www.intelligence.tuc.gr/~batsakis/Interval-based#di_oi_si http://www.intelligence.tuc.gr/~batsakis/Interval-based#40	1
http://www.intelligence.tuc.gr/~batsakis/Interval-based#3 http://www.intelligence.tuc.gr/~batsakis/Interval-based#di http://www.intelligence.tuc.gr/~batsakis/Interval-based#41	1
http://www.intelligence.tuc.gr/~batsakis/Interval-based#3 http://www.intelligence.tuc.gr/~batsakis/Interval-based#b_ov_m http://www.intelligence.tuc.gr/~batsakis/Interval-based#42	1
http://www.intelligence.tuc.gr/~batsakis/Interval-based#3 http://www.intelligence.tuc.gr/~batsakis/Interval-based#d http://www.intelligence.tuc.gr/~batsakis/Interval-based#43	1
http://www.intelligence.tuc.gr/~batsakis/Interval-based#3 http://www.intelligence.tuc.gr/~batsakis/Interval-based#di http://www.intelligence.tuc.gr/~batsakis/Interval-based#44	1
http://www.intelligence.tuc.gr/~batsakis/Interval-based#3 http://www.intelligence.tuc.gr/~batsakis/Interval-based#di_oi_si http://www.intelligence.tuc.gr/~batsakis/Interval-based#45	1
http://www.intelligence.tuc.gr/~batsakis/Interval-based#3 http://www.intelligence.tuc.gr/~batsakis/Interval-based#f http://www.intelligence.tuc.gr/~batsakis/Interval-based#46	1
http://www.intelligence.tuc.gr/~batsakis/Interval-based#3 http://www.intelligence.tuc.gr/~batsakis/Interval-based#di http://www.intelligence.tuc.gr/~batsakis/Interval-based#47	1
http://www.intelligence.tuc.gr/~batsakis/Interval-based#3 http://www.intelligence.tuc.gr/~batsakis/Interval-based#b http://www.intelligence.tuc.gr/~batsakis/Interval-based#48	1
http://www.intelligence.tuc.gr/~batsakis/Interval-based#3 http://www.intelligence.tuc.gr/~batsakis/Interval-based#b http://www.intelligence.tuc.gr/~batsakis/Interval-based#49	1
http://www.intelligence.tuc.gr/~batsakis/Interval-based#3 http://www.intelligence.tuc.gr/~batsakis/Interval-based#b http://www.intelligence.tuc.gr/~batsakis/Interval-based#50	1
http://www.intelligence.tuc.gr/~batsakis/Interval-based#3 http://www.intelligence.tuc.gr/~batsakis/Interval-based#oi http://www.intelligence.tuc.gr/~batsakis/Interval-based#51	1
http://www.intelligence.tuc.gr/~batsakis/Interval-based#3 http://www.intelligence.tuc.gr/~batsakis/Interval-based#d_ov_s http://www.intelligence.tuc.gr/~batsakis/Interval-based#52	1
http://www.intelligence.tuc.gr/~batsakis/Interval-based#3 http://www.intelligence.tuc.gr/~batsakis/Interval-based#ov http://www.intelligence.tuc.gr/~batsakis/Interval-based#53	1
http://www.intelligence.tuc.gr/~batsakis/Interval-based#3 http://www.intelligence.tuc.gr/~batsakis/Interval-based#b_ov_m http://www.intelligence.tuc.gr/~batsakis/Interval-based#54	1
http://www.intelligence.tuc.gr/~batsakis/Interval-based#3 http://www.intelligence.tuc.gr/~batsakis/Interval-based#f_fi_eq http://www.intelligence.tuc.gr/~batsakis/Interval-based#55	1
http://www.intelligence.tuc.gr/~batsakis/Interval-based#3 http://www.intelligence.tuc.gr/~batsakis/Interval-based#di_oi_si http://www.intelligence.tuc.gr/~batsakis/Interval-based#56	1
http://www.intelligence.tuc.gr/~batsakis/Interval-based#3 http://www.intelligence.tuc.gr/~batsakis/Interval-based#f http://www.intelligence.tuc.gr/~batsakis/Interval-based#57	1
http://www.intelligence.tuc.gr/~batsakis/Interval-based#3 http://www.intelligence.tuc.gr/~batsakis/Interval-based#d http://www.intelligence.tuc.gr/~batsakis/Interval-based#58	1
http://www.intelligence.tuc.gr/~batsakis/Interval-based#3 http://www.intelligence.tuc.gr/~batsakis/Interval-based#ov http://www.intelligence.tuc.gr/~batsakis/Interval-based#59	1
http://www.intelligence.tuc.gr/~batsakis/Interval-based#3 http://www.intelligence.tuc.gr/~batsakis/Interval-based#d http://www.intelligence.tuc.gr/~batsakis/Interval-based#60	1
http://www.intelligence.tuc.gr/~batsakis/Interval-based#3 http://www.intelligence.tuc.gr/~batsakis/Interval-based#b http://www.intelligence.tuc.gr/~batsakis/Interval-based#61	1
http://www.intelligence.tuc.gr/~batsakis/Interval-based#3 http://www.intelligence.tuc.gr/~batsakis/Interval-based#d http://www.intelligence.tuc.gr/~batsakis/Interval-based#62	1
http://www.intelligence.tuc.gr/~batsakis/Interval-based#3 http://www.intelligence.tuc.gr/~batsakis/Interval-based#d_ov_s http://www.intelligence.tuc.gr/~batsakis/Interval-based#63	1
http://www.intelligence.tuc.gr/~batsakis/Interval-based#4 http://www.intelligence.tuc.gr/~batsakis/Interval-based#d http://www.intelligence.tuc.gr/~batsakis/Interval-based#0	1
http://www.intelligence.tuc.gr/~batsakis/Interval-based#4 http://www.intelligence.tuc.gr/~batsakis/Interval-based#oi http://www.intelligence.tuc.gr/~batsakis/Interval-based#1	1
http://www.intelligence.tuc.gr/~batsakis/Interval-based#4 http://www.intelligence.tuc.gr/~batsakis/Interval-based#oi http://www.intelligence.tuc.gr/~batsakis/Interval-based#2	1
http://www.intelligence.tuc.gr/~batsakis/Interval-based#4 http://www.intelligence.tuc.gr/~batsakis/Interval-based#a http://www.intelligence.tuc.gr/~batsakis/Interval-based#3	1
http://www.intelligence.tuc.gr/~batsakis/Interval-based#4 http://www.intelligence.tuc.gr/~batsakis/Interval-based#a http://www.intelligence.tuc.gr/~batsakis/Interval-based#5	1
http://www.intelligence.tuc.gr/~batsakis/Interval-based#4 http://www.intelligence.tuc.gr/~batsakis/Interval-based#d_oi_f http://www.intelligence.tuc.gr/~batsakis/Interval-based#6	1
http://www.intelligence.tuc.gr/~batsakis/Interval-based#4 http://www.intelligence.tuc.gr/~batsakis/Interval-based#oi http://www.intelligence.tuc.gr/~batsakis/Interval-based#7	1
http://www.intelligence.tuc.gr/~batsakis/Interval-based#4 http://www.intelligence.tuc.gr/~batsakis/Interval-based#a http://www.intelligence.tuc.gr/~batsakis/Interval-based#8	1
http://www.intelligence.tuc.gr/~batsakis/Interval-based#4 http://www.intelligence.tuc.gr/~batsakis/Interval-based#mi http://www.intelligence.tuc.gr/~batsakis/Interval-based#9	1
http://www.intelligence.tuc.gr/~batsakis/Interval-based#4 http://www.intelligence.tuc.gr/~batsakis/Interval-based#a http://www.intelligence.tuc.gr/~batsakis/Interval-based#10	1
http://www.intelligence.tuc.gr/~batsakis/Interval-based#4 http://www.intelligence.tuc.gr/~batsakis/Interval-based#a http://www.intelligence.tuc.gr/~batsakis/Interval-based#11	1
http://www.intelligence.tuc.gr/~batsakis/Interval-based#4 http://www.intelligence.tuc.gr/~batsakis/Interval-based#a http://www.intelligence.tuc.gr/~batsakis/Interval-based#12	1
http://www.intelligence.tuc.gr/~batsakis/Interval-based#4 http://www.intelligence.tuc.gr/~batsakis/Interval-based#d http://www.intelligence.tuc.gr/~batsakis/Interval-based#13	1
http://www.intelligence.tuc.gr/~batsakis/Interval-based#4 http://www.intelligence.tuc.gr/~batsakis/Interval-based#a http://www.intelligence.tuc.gr/~batsakis/Interval-based#14	1
http://www.intelligence.tuc.gr/~batsakis/Interval-based#4 http://www.intelligence.tuc.gr/~batsakis/Interval-based#a http://www.intelligence.tuc.gr/~batsakis/Interval-based#15	1
http://www.intelligence.tuc.gr/~batsakis/Interval-based#4 http://www.intelligence.tuc.gr/~batsakis/Interval-based#a http://www.intelligence.tuc.gr/~batsakis/Interval-based#16	1
http://www.intelligence.tuc.gr/~batsakis/Interval-based#4 http://www.intelligence.tuc.gr/~batsakis/Interval-based#a http://www.intelligence.tuc.gr/~batsakis/Interval-based#17	1
http://www.intelligence.tuc.gr/~batsakis/Interval-based#4 http://www.intelligence.tuc.gr/~batsakis/Interval-based#b_di_ov_m_fi http://www.intelligence.tuc.gr/~batsakis/Interval-based#18	1
http://www.intelligence.tuc.gr/~batsakis/Interval-based#4 http://www.intelligence.tuc.gr/~batsakis/Interval-based#a http://www.intelligence.tuc.gr/~batsakis/Interval-based#19	1
http://www.intelligence.tuc.gr/~batsakis/Interval-based#4 http://www.intelligence.tuc.gr/~batsakis/Interval-based#di_ov_fi http://www.intelligence.tuc.gr/~batsakis/Interval-based#20	1
http://www.intelligence.tuc.gr/~batsakis/Interval-based#4 http://www.intelligence.tuc.gr/~batsakis/Interval-based#mi http://www.intelligence.tuc.gr/~batsakis/Interval-based#21	1
http://www.intelligence.tuc.gr/~batsakis/Interval-based#4 http://www.intelligence.tuc.gr/~batsakis/Interval-based#oi http://www.intelligence.tuc.gr/~batsakis/Interval-based#22	1
http://www.intelligence.tuc.gr/~batsakis/Interval-based#4 http://www.intelligence.tuc.gr/~batsakis/Interval-based#d_oi_f http://www.intelligence.tuc.gr/~batsakis/Interval-based#23	1
http://www.intelligence.tuc.gr/~batsakis/Interval-based#4 http://www.intelligence.tuc.gr/~batsakis/Interval-based#oi http://www.intelligence.tuc.gr/~batsakis/Interval-based#24	1
http://www.intelligence.tuc.gr/~batsakis/Interval-based#4 http://www.intelligence.tuc.gr/~batsakis/Interval-based#oi http://www.intelligence.tuc.gr/~batsakis/Interval-based#25	1
http://www.intelligence.tuc.gr/~batsakis/Interval-based#4 http://www.intelligence.tuc.gr/~batsakis/Interval-based#a http://www.intelligence.tuc.gr/~batsakis/Interval-based#26	1
http://www.intelligence.tuc.gr/~batsakis/Interval-based#4 http://www.intelligence.tuc.gr/~batsakis/Interval-based#d_oi_f http://www.intelligence.tuc.gr/~batsakis/Interval-based#27	1
http://www.intelligence.tuc.gr/~batsakis/Interval-based#4 http://www.intelligence.tuc.gr/~batsakis/Interval-based#d http://www.intelligence.tuc.gr/~batsakis/Interval-based#28	1
http://www.intelligence.tuc.gr/~batsakis/Interval-based#4 http://www.intelligence.tuc.gr/~batsakis/Interval-based#a http://www.intelligence.tuc.gr/~batsakis/Interval-based#29	1
http://www.intelligence.tuc.gr/~batsakis/Interval-based#4 http://www.intelligence.tuc.gr/~batsakis/Interval-based#a_oi_mi http://www.intelligence.tuc.gr/~batsakis/Interval-based#30	1
http://www.intelligence.tuc.gr/~batsakis/Interval-based#4 http://www.intelligence.tuc.gr/~batsakis/Interval-based#mi http://www.intelligence.tuc.gr/~batsakis/Interval-based#31	1
http://www.intelligence.tuc.gr/~batsakis/Interval-based#4 http://www.intelligence.tuc.gr/~batsakis/Interval-based#d http://www.intelligence.tuc.gr/~batsakis/Interval-based#32	1
http://www.intelligence.tuc.gr/~batsakis/Interval-based#4 http://www.intelligence.tuc.gr/~batsakis/Interval-based#ov http://www.intelligence.tuc.gr/~batsakis/Interval-based#33	1
http://www.intelligence.tuc.gr/~batsakis/Interval-based#4 http://www.intelligence.tuc.gr/~batsakis/Interval-based#a http://www.intelligence.tuc.gr/~batsakis/Interval-based#34	1
http://www.intelligence.tuc.gr/~batsakis/Interval-based#4 http://www.intelligence.tuc.gr/~batsakis/Interval-based#oi http://www.intelligence.tuc.gr/~batsakis/Interval-based#35	1
http://www.intelligence.tuc.gr/~batsakis/Interval-based#4 http://www.intelligence.tuc.gr/~batsakis/Interval-based#mi http://www.intelligence.tuc.gr/~batsakis/Interval-based#36	1
http://www.intelligence.tuc.gr/~batsakis/Interval-based#4 http://www.intelligence.tuc.gr/~batsakis/Interval-based#a http://www.intelligence.tuc.gr/~batsakis/Interval-based#37	1
http://www.intelligence.tuc.gr/~batsakis/Interval-based#4 http://www.intelligence.tuc.gr/~batsakis/Interval-based#d_oi_f http://www.intelligence.tuc.gr/~batsakis/Interval-based#38	1
http://www.intelligence.tuc.gr/~batsakis/Interval-based#4 http://www.intelligence.tuc.gr/~batsakis/Interval-based#f http://www.intelligence.tuc.gr/~batsakis/Interval-based#39	1
http://www.intelligence.tuc.gr/~batsakis/Interval-based#4 http://www.intelligence.tuc.gr/~batsakis/Interval-based#a http://www.intelligence.tuc.gr/~batsakis/Interval-based#40	1
http://www.intelligence.tuc.gr/~batsakis/Interval-based#4 http://www.intelligence.tuc.gr/~batsakis/Interval-based#a http://www.intelligence.tuc.gr/~batsakis/Interval-based#41	1
http://www.intelligence.tuc.gr/~batsakis/Interval-based#4 http://www.intelligence.tuc.gr/~batsakis/Interval-based#d_oi_f http://www.intelligence.tuc.gr/~batsakis/Interval-based#42	1
http://www.intelligence.tuc.gr/~batsakis/Interval-based#4 http://www.intelligence.tuc.gr/~batsakis/Interval-based#a_oi_mi http://www.intelligence.tuc.gr/~batsakis/Interval-based#43	1
http://www.intelligence.tuc.gr/~batsakis/Interval-based#4 http://www.intelligence.tuc.gr/~batsakis/Interval-based#a http://www.intelligence.tuc.gr/~batsakis/Interval-based#44	1
http://www.intelligence.tuc.gr/~batsakis/Interval-based#4 http://www.intelligence.tuc.gr/~batsakis/Interval-based#a http://www.intelligence.tuc.gr/~batsakis/Interval-based#45	1
http://www.intelligence.tuc.gr/~batsakis/Interval-based#4 http://www.intelligence.tuc.gr/~batsakis/Interval-based#a http://www.intelligence.tuc.gr/~batsakis/Interval-based#46	1
http://www.intelligence.tuc.gr/~batsakis/Interval-based#4 http://www.intelligence.tuc.gr/~batsakis/Interval-based#a http://www.intelligence.tuc.gr/~batsakis/Interval-based#47	1
http://www.intelligence.tuc.gr/~batsakis/Interval-based#4 http://www.intelligence.tuc.gr/~batsakis/Interval-based#a http://www.intelligence.tuc.gr/~batsakis/Interval-based#48	1
http://www.intelligence.tuc.gr/~batsakis/Interval-based#4 http://www.intelligence.tuc.gr/~batsakis/Interval-based#d_ov_s http://www.intelligence.tuc.gr/~batsakis/Interval-based#49	1
http://www.intelligence.tuc.gr/~batsakis/Interval-based#4 http://www.intelligence.tuc.gr/~batsakis/Interval-based#di http://www.intelligence.tuc.gr/~batsakis/Interval-based#50	1
http://www.intelligence.tuc.gr/~batsakis/Interval-based#4 http://www.intelligence.tuc.gr/~batsakis/Interval-based#a http://www.intelligence.tuc.gr/~batsakis/Interval-based#51	1
http://www.intelligence.tuc.gr/~batsakis/Interval-based#4 http://www.intelligence.tuc.gr/~batsakis/Interval-based#a http://www.intelligence.tuc.gr/~batsakis/Interval-based#52	1
http://www.intelligence.tuc.gr/~batsakis/Interval-based#4 http://www.intelligence.tuc.gr/~batsakis/Interval-based#oi http://www.intelligence.tuc.gr/~batsakis/Interval-based#53	1
http://www.intelligence.tuc.gr/~batsakis/Interval-based#4 http://www.intelligence.tuc.gr/~batsakis/Interval-based#oi http://www.intelligence.tuc.gr/~batsakis/Interval-based#54	1
http://www.intelligence.tuc.gr/~batsakis/Interval-based#4 http://www.intelligence.tuc.gr/~batsakis/Interval-based#a http://www.intelligence.tuc.gr/~batsakis/Interval-based#55	1
http://www.intelligence.tuc.gr/~batsakis/Interval-based#4 http://www.intelligence.tuc.gr/~batsakis/Interval-based#a http://www.intelligence.tuc.gr/~batsakis/Interval-based#56	1
http://www.intelligence.tuc.gr/~batsakis/Interval-based#4 http://www.intelligence.tuc.gr/~batsakis/Interval-based#a http://www.intelligence.tuc.gr/~batsakis/Interval-based#57	1
http://www.intelligence.tuc.gr/~batsakis/Interval-based#4 http://www.intelligence.tuc.gr/~batsakis/Interval-based#a http://www.intelligence.tuc.gr/~batsakis/Interval-based#58	1
http://www.intelligence.tuc.gr/~batsakis/Interval-based#4 http://www.intelligence.tuc.gr/~batsakis/Interval-based#oi http://www.intelligence.tuc.gr/~batsakis/Interval-based#59	1
http://www.intelligence.tuc.gr/~batsakis/Interval-based#4 http://www.intelligence.tuc.gr/~batsakis/Interval-based#a http://www.intelligence.tuc.gr/~batsakis/Interval-based#60	1
http://www.intelligence.tuc.gr/~batsakis/Interval-based#4 http://www.intelligence.tuc.gr/~batsakis/Interval-based#d_oi_f http://www.intelligence.tuc.gr/~batsakis/Interval-based#61	1
http://www.intelligence.tuc.gr/~batsakis/Interval-based#4 http://www.intelligence.tuc.gr/~batsakis/Interval-based#d http://www.intelligence.tuc.gr/~batsakis/Interval-based#62	1
http://www.intelligence.tuc.gr/~batsakis/Interval-based#4 http://www.intelligence.tuc.gr/~batsakis/Interval-based#d http://www.intelligence.tuc.gr/~batsakis/Interval-based#63	1
http://www.intelligence.tuc.gr/~batsakis/Interval-based#5 http://www.intelligence.tuc.gr/~batsakis/Interval-based#b http://www.intelligence.tuc.gr/~batsakis/Interval-based#0	1
http://www.intelligence.tuc.gr/~batsakis/Interval-based#5 http://www.intelligence.tuc.gr/~batsakis/Interval-based#d http://www.intelligence.tuc.gr/~batsakis/Interval-based#1	1
http://www.intelligence.tuc.gr/~batsakis/Interval-based#5 http://www.intelligence.tuc.gr/~batsakis/Interval-based#b http://www.intelligence.tuc.gr/~batsakis/Interval-based#2	1
http://www.intelligence.tuc.gr/~batsakis/Interval-based#5 http://www.intelligence.tuc.gr/~batsakis/Interval-based#ov http://www.intelligence.tuc.gr/~batsakis/Interval-based#3	1
http://www.intelligence.tuc.gr/~batsakis/Interval-based#5 http://www.intelligence.tuc.gr/~batsakis/Interval-based#b http://www.intelligence.tuc.gr/~batsakis/Interval-based#4	1
http://www.intelligence.tuc.gr/~batsakis/Interval-based#5 http://www.intelligence.tuc.gr/~batsakis/Interval-based#b http://www.intelligence.tuc.gr/~batsakis/Interval-based#6	1
http://www.intelligence.tuc.gr/~batsakis/Interval-based#5 http://www.intelligence.tuc.gr/~batsakis/Interval-based#s http://www.intelligence.tuc.gr/~batsakis/Interval-based#7	1
http://www.intelligence.tuc.gr/~batsakis/Interval-based#5 http://www.intelligence.tuc.gr/~batsakis/Interval-based#b http://www.intelligence.tuc.gr/~batsakis/Interval-based#8	1
http://www.intelligence.tuc.gr/~batsakis/Interval-based#5 http://www.intelligence.tuc.gr/~batsakis/Interval-based#b http://www.intelligence.tuc.gr/~batsakis/Interval-based#9	1
http://www.intelligence.tuc.gr/~batsakis/Interval-based#5 http://www.intelligence.tuc.gr/~batsakis/Interval-based#b_ov_m http://www.intelligence.tuc.gr/~batsakis/Interval-based#10	1
http://www.intelligence.tuc.gr/~batsakis/Interval-based#5 http://www.intelligence.tuc.gr/~batsakis/Interval-based#d_ov_s http://www.intelligence.tuc.gr/~batsakis/Interval-based#11	1
http://www.intelligence.tuc.gr/~batsakis/Interval-based#5 http://www.intelligence.tuc.gr/~batsakis/Interval-based#d http://www.intelligence.tuc.gr/~batsakis/Interval-based#12	1
http://www.intelligence.tuc.gr/~batsakis/Interval-based#5 http://www.intelligence.tuc.gr/~batsakis/Interval-based#b http://www.intelligence.tuc.gr/~batsakis/Interval-based#13	1
http://www.intelligence.tuc.gr/~batsakis/Interval-based#5 http://www.intelligence.tuc.gr/~batsakis/Interval-based#b_ov_m http://www.intelligence.tuc.gr/~batsakis/Interval-based#14	1
http://www.intelligence.tuc.gr/~batsakis/Interval-based#5 http://www.intelligence.tuc.gr/~batsakis/Interval-based#s http://www.intelligence.tuc.gr/~batsakis/Interval-based#15	1
http://www.intelligence.tuc.gr/~batsakis/Interval-based#5 http://www.intelligence.tuc.gr/~batsakis/Interval-based#d_oi_f http://www.intelligence.tuc.gr/~batsakis/Interval-based#16	1
http://www.intelligence.tuc.gr/~batsakis/Interval-based#5 http://www.intelligence.tuc.gr/~batsakis/Interval-based#b_ov_m http://www.intelligence.tuc.gr/~batsakis/Interval-based#17	1
http://www.intelligence.tuc.gr/~batsakis/Interval-based#5 http://www.intelligence.tuc.gr/~batsakis/Interval-based#b http://www.intelligence.tuc.gr/~batsakis/Interval-based#18	1
http://www.intelligence.tuc.gr/~batsakis/Interval-based#5 http://www.intelligence.tuc.gr/~batsakis/Interval-based#b http://www.intelligence.tuc.gr/~batsakis/Interval-based#19	1
http://www.intelligence.tuc.gr/~batsakis/Interval-based#5 http://www.intelligence.tuc.gr/~batsakis/Interval-based#b http://www.intelligence.tuc.gr/~batsakis/Interval-based#20	1
http://www.intelligence.tuc.gr/~batsakis/Interval-based#5 http://www.intelligence.tuc.gr/~batsakis/Interval-based#d http://www.intelligence.tuc.gr/~batsakis/Interval-based#21	1
http://www.intelligence.tuc.gr/~batsakis/Interval-based#5 http://www.intelligence.tuc.gr/~batsakis/Interval-based#b http://www.intelligence.tuc.gr/~batsakis/Interval-based#22	1
http://www.intelligence.tuc.gr/~batsakis/Interval-based#5 http://www.intelligence.tuc.gr/~batsakis/Interval-based#b http://www.intelligence.tuc.gr/~batsakis/Interval-based#23	1
http://www.intelligence.tuc.gr/~batsakis/Interval-based#5 http://www.intelligence.tuc.gr/~batsakis/Interval-based#b http://www.intelligence.tuc.gr/~batsakis/Interval-based#24	1
http://www.intelligence.tuc.gr/~batsakis/Interval-based#5 http://www.intelligence.tuc.gr/~batsakis/Interval-based#b_ov_m http://www.intelligence.tuc.gr/~batsakis/Interval-based#25	1
http://www.intelligence.tuc.gr/~batsakis/Interval-based#5 http://www.intelligence.tuc.gr/~batsakis/Interval-based#di_ov_fi http://www.intelligence.tuc.gr/~batsakis/Interval-based#26	1
http://www.intelligence.tuc.gr/~batsakis/Interval-based#5 http://www.intelligence.tuc.gr/~batsakis/Interval-based#ov http://www.intelligence.tuc.gr/~batsakis/Interval-based#27	1
http://www.intelligence.tuc.gr/~batsakis/Interval-based#5 http://www.intelligence.tuc.gr/~batsakis/Interval-based#b http://www.intelligence.tuc.gr/~batsakis/Interval-based#28	1
http://www.intelligence.tuc.gr/~batsakis/Interval-based#5 http://www.intelligence.tuc.gr/~batsakis/Interval-based#d http://www.intelligence.tuc.gr/~batsakis/Interval-based#29	1
http://www.intelligence.tuc.gr/~batsakis/Interval-based#5 http://www.intelligence.tuc.gr/~batsakis/Interval-based#d_ov_s http://www.intelligence.tuc.gr/~batsakis/Interval-based#30	1
http://www.intelligence.tuc.gr/~batsakis/Interval-based#5 http://www.intelligence.tuc.gr/~batsakis/Interval-based#b_ov_m http://www.intelligence.tuc.gr/~batsakis/Interval-based#31	1
http://www.intelligence.tuc.gr/~batsakis/Interval-based#5 http://www.intelligence.tuc.gr/~batsakis/Interval-based#m http://www.intelligence.tuc.gr/~batsakis/Interval-based#32	1
http://www.intelligence.tuc.gr/~batsakis/Interval-based#5 http://www.intelligence.tuc.gr/~batsakis/Interval-based#b http://www.intelligence.tuc.gr/~batsakis/Interval-based#33	1
http://www.intelligence.tuc.gr/~batsakis/Interval-based#5 http://www.intelligence.tuc.gr/~batsakis/Interval-based#s http://www.intelligence.tuc.gr/~batsakis/Interval-based#34	1
http://www.intelligence.tuc.gr/~batsakis/Interval-based#5 http://www.intelligence.tuc.gr/~batsakis/Interval-based#b http://www.intelligence.tuc.gr/~batsakis/Interval-based#35	1
http://www.intelligence.tuc.gr/~batsakis/Interval-based#5 http://www.intelligence.tuc.gr/~batsakis/Interval-based#ov http://www.intelligence.tuc.gr/~batsakis/Interval-based#36	1
http://www.intelligence.tuc.gr/~batsakis/Interval-based#5 http://www.intelligence.tuc.gr/~batsakis/Interval-based#b_ov_m http://www.intelligence.tuc.gr/~batsakis/Interval-based#37	1
http://www.intelligence.tuc.gr/~batsakis/Interval-based#5 http://www.intelligence.tuc.gr/~batsakis/Interval-based#d http://www.intelligence.tuc.gr/~batsakis/Interval-based#38	1
http://www.intelligence.tuc.gr/~batsakis/Interval-based#5 http://www.intelligence.tuc.gr/~batsakis/Interval-based#b http://www.intelligence.tuc.gr/~batsakis/Interval-based#39	1
http://www.intelligence.tuc.gr/~batsakis/Interval-based#5 http://www.intelligence.tuc.gr/~batsakis/Interval-based#ov http://www.intelligence.tuc.gr/~batsakis/Interval-based#40	1
http://www.intelligence.tuc.gr/~batsakis/Interval-based#5 http://www.intelligence.tuc.gr/~batsakis/Interval-based#ov http://www.intelligence.tuc.gr/~batsakis/Interval-based#41	1
http://www.intelligence.tuc.gr/~batsakis/Interval-based#5 http://www.intelligence.tuc.gr/~batsakis/Interval-based#b http://www.intelligence.tuc.gr/~batsakis/Interval-based#42	1
http://www.intelligence.tuc.gr/~batsakis/Interval-based#5 http://www.intelligence.tuc.gr/~batsakis/Interval-based#s http://www.intelligence.tuc.gr/~batsakis/Interval-based#43	1
http://www.intelligence.tuc.gr/~batsakis/Interval-based#5 http://www.intelligence.tuc.gr/~batsakis/Interval-based#b http://www.intelligence.tuc.gr/~batsakis/Interval-based#44	1
http://www.intelligence.tuc.gr/~batsakis/Interval-based#5 http://www.intelligence.tuc.gr/~batsakis/Interval-based#ov http://www.intelligence.tuc.gr/~batsakis/Interval-based#45	1
http://www.intelligence.tuc.gr/~batsakis/Interval-based#5 http://www.intelligence.tuc.gr/~batsakis/Interval-based#d http://www.intelligence.tuc.gr/~batsakis/Interval-based#46	1
http://www.intelligence.tuc.gr/~batsakis/Interval-based#5 http://www.intelligence.tuc.gr/~batsakis/Interval-based#b http://www.intelligence.tuc.gr/~batsakis/Interval-based#47	1
http://www.intelligence.tuc.gr/~batsakis/Interval-based#5 http://www.intelligence.tuc.gr/~batsakis/Interval-based#b http://www.intelligence.tuc.gr/~batsakis/Interval-based#48	1
http://www.intelligence.tuc.gr/~batsakis/Interval-based#5 http://www.intelligence.tuc.gr/~batsakis/Interval-based#b http://www.intelligence.tuc.gr/~batsakis/Interval-based#49	1
http://www.intelligence.tuc.gr/~batsakis/Interval-based#5 http://www.intelligence.tuc.gr/~batsakis/Interval-based#b http://www.intelligence.tuc.gr/~batsakis/Interval-based#50	1
http://www.intelligence.tuc.gr/~batsakis/Interval-based#5 http://www.intelligence.tuc.gr/~batsakis/Interval-based#s http://www.intelligence.tuc.gr/~batsakis/Interval-based#51	1
http://www.intelligence.tuc.gr/~batsakis/Interval-based#5 http://www.intelligence.tuc.gr/~batsakis/Interval-based#b_ov_m http://www.intelligence.tuc.gr/~batsakis/Interval-based#52	1
http://www.intelligence.tuc.gr/~batsakis/Interval-based#5 http://www.intelligence.tuc.gr/~batsakis/Interval-based#b http://www.intelligence.tuc.gr/~batsakis/Interval-based#53	1
http://www.intelligence.tuc.gr/~batsakis/Interval-based#5 http://www.intelligence.tuc.gr/~batsakis/Interval-based#b http://www.intelligence.tuc.gr/~batsakis/Interval-based#54	1
http://www.intelligence.tuc.gr/~batsakis/Interval-based#5 http://www.intelligence.tuc.gr/~batsakis/Interval-based#ov http://www.intelligence.tuc.gr/~batsakis/Interval-based#55	1
http://www.intelligence.tuc.gr/~batsakis/Interval-based#5 http://www.intelligence.tuc.gr/~batsakis/Interval-based#ov http://www.intelligence.tuc.gr/~batsakis/Interval-based#56	1
http://www.intelligence.tuc.gr/~batsakis/Interval-based#5 http://www.intelligence.tuc.gr/~batsakis/Interval-based#s http://www.intelligence.tuc.gr/~batsakis/Interval-based#57	1
http://www.intelligence.tuc.gr/~batsakis/Interval-based#5 http://www.intelligence.tuc.gr/~batsakis/Interval-based#d http://www.intelligence.tuc.gr/~batsakis/Interval-based#58	1
http://www.intelligence.tuc.gr/~batsakis/Interval-based#5 http://www.intelligence.tuc.gr/~batsakis/Interval-based#b http://www.intelligence.tuc.gr/~batsakis/Interval-based#59	1
http://www.intelligence.tuc.gr/~batsakis/Interval-based#5 http://www.intelligence.tuc.gr/~batsakis/Interval-based#s http://www.intelligence.tuc.gr/~batsakis/Interval-based#60	1
http://www.intelligence.tuc.gr/~batsakis/Interval-based#5 http://www.intelligence.tuc.gr/~batsakis/Interval-based#b http://www.intelligence.tuc.gr/~batsakis/Interval-based#61	1
http://www.intelligence.tuc.gr/~batsakis/Interval-based#5 http://www.intelligence.tuc.gr/~batsakis/Interval-based#d http://www.intelligence.tuc.gr/~batsakis/Interval-based#62	1
http://www.intelligence.tuc.gr/~batsakis/Interval-based#5 http://www.intelligence.tuc.gr/~batsakis/Interval-based#b_ov_m http://www.intelligence.tuc.gr/~batsakis/Interval-based#63	1
http://www.intelligence.tuc.gr/~batsakis/Interval-based#6 http://www.intelligence.tuc.gr/~batsakis/Interval-based#d http://www.intelligence.tuc.gr/~batsakis/Interval-based#0	1
http://www.intelligence.tuc.gr/~batsakis/Interval-based#6 http://www.intelligence.tuc.gr/~batsakis/Interval-based#oi http://www.intelligence.tuc.gr/~batsakis/Interval-based#1	1
http://www.intelligence.tuc.gr/~batsakis/Interval-based#6 http://www.intelligence.tuc.gr/~batsakis/Interval-based#di_oi_si http://www.intelligence.tuc.gr/~batsakis/Interval-based#2	1
http://www.intelligence.tuc.gr/~batsakis/Interval-based#6 http://www.intelligence.tuc.gr/~batsakis/Interval-based#oi http://www.intelligence.tuc.gr/~batsakis/Interval-based#3	1
http://www.intelligence.tuc.gr/~batsakis/Interval-based#6 http://www.intelligence.tuc.gr/~batsakis/Interval-based#di_ov_fi http://www.intelligence.tuc.gr/~batsakis/Interval-based#4	1
http://www.intelligence.tuc.gr/~batsakis/Interval-based#6 http://www.intelligence.tuc.gr/~batsakis/Interval-based#a http://www.intelligence.tuc.gr/~batsakis/Interval-based#5	1
http://www.intelligence.tuc.gr/~batsakis/Interval-based#6 http://www.intelligence.tuc.gr/~batsakis/Interval-based#oi http://www.intelligence.tuc.gr/~batsakis/Interval-based#7	1
http://www.intelligence.tuc.gr/~batsakis/Interval-based#6 http://www.intelligence.tuc.gr/~batsakis/Interval-based#a http://www.intelligence.tuc.gr/~batsakis/Interval-based#8	1
http://www.intelligence.tuc.gr/~batsakis/Interval-based#6 http://www.intelligence.tuc.gr/~batsakis/Interval-based#oi http://www.intelligence.tuc.gr/~batsakis/Interval-based#9	1
http://www.intelligence.tuc.gr/~batsakis/Interval-based#6 http://www.intelligence.tuc.gr/~batsakis/Interval-based#oi http://www.intelligence.tuc.gr/~batsakis/Interval-based#10	1
http://www.intelligence.tuc.gr/~batsakis/Interval-based#6 http://www.intelligence.tuc.gr/~batsakis/Interval-based#a http://www.intelligence.tuc.gr/~batsakis/Interval-based#11	1
http://www.intelligence.tuc.gr/~batsakis/Interval-based#6 http://www.intelligence.tuc.gr/~batsakis/Interval-based#oi http://www.intelligence.tuc.gr/~batsakis/Interval-based#12	1
http://www.intelligence.tuc.gr/~batsakis/Interval-based#6 http://www.intelligence.tuc.gr/~batsakis/Interval-based#d_ov_s http://www.intelligence.tuc.gr/~batsakis/Interval-based#13	1
http://www.intelligence.tuc.gr/~batsakis/Interval-based#6 http://www.intelligence.tuc.gr/~batsakis/Interval-based#oi http://www.intelligence.tuc.gr/~batsakis/Interval-based#14	1
http://www.intelligence.tuc.gr/~batsakis/Interval-based#6 http://www.intelligence.tuc.gr/~batsakis/Interval-based#oi http://www.intelligence.tuc.gr/~batsakis/Interval-based#15	1
http://www.intelligence.tuc.gr/~batsakis/Interval-based#6 http://www.intelligence.tuc.gr/~batsakis/Interval-based#a http://www.intelligence.tuc.gr/~batsakis/Interval-based#16	1
http://www.intelligence.tuc.gr/~batsakis/Interval-based#6 http://www.intelligence.tuc.gr/~batsakis/Interval-based#oi http://www.intelligence.tuc.gr/~batsakis/Interval-based#17	1
http://www.intelligence.tuc.gr/~batsakis/Interval-based#6 http://www.intelligence.tuc.gr/~batsakis/Interval-based#b_di_ov_m_fi http://www.intelligence.tuc.gr/~batsakis/Interval-based#18	1
http://www.intelligence.tuc.gr/~batsakis/Interval-based#6 http://www.intelligence.tuc.gr/~batsakis/Interval-based#a_oi_mi http://www.intelligence.tuc.gr/~batsakis/Interval-based#19	1
http://www.intelligence.tuc.gr/~batsakis/Interval-based#6 http://www.intelligence.tuc.gr/~batsakis/Interval-based#ov http://www.intelligence.tuc.gr/~batsakis/Interval-based#20	1
http://www.intelligence.tuc.gr/~batsakis/Interval-based#6 http://www.intelligence.tuc.gr/~batsakis/Interval-based#oi http://www.intelligence.tuc.gr/~batsakis/Interval-based#21	1
http://www.intelligence.tuc.gr/~batsakis/Interval-based#6 http://www.intelligence.tuc.gr/~batsakis/Interval-based#di_oi_si http://www.intelligence.tuc.gr/~batsakis/Interval-based#22	1
http://www.intelligence.tuc.gr/~batsakis/Interval-based#6 http://www.intelligence.tuc.gr/~batsakis/Interval-based#ov http://www.intelligence.tuc.gr/~batsakis/Interval-based#23	1
http://www.intelligence.tuc.gr/~batsakis/Interval-based#6 http://www.intelligence.tuc.gr/~batsakis/Interval-based#oi http://www.intelligence.tuc.gr/~batsakis/Interval-based#24	1
http://www.intelligence.tuc.gr/~batsakis/Interval-based#6 http://www.intelligence.tuc.gr/~batsakis/Interval-based#oi http://www.intelligence.tuc.gr/~batsakis/Interval-based#25	1
http://www.intelligence.tuc.gr/~batsakis/Interval-based#6 http://www.intelligence.tuc.gr/~batsakis/Interval-based#a http://www.intelligence.tuc.gr/~batsakis/Interval-based#26	1
http://www.intelligence.tuc.gr/~batsakis/Interval-based#6 http://www.intelligence.tuc.gr/~batsakis/Interval-based#oi http://www.intelligence.tuc.gr/~batsakis/Interval-based#27	1
http://www.intelligence.tuc.gr/~batsakis/Interval-based#6 http://www.intelligence.tuc.gr/~batsakis/Interval-based#d http://www.intelligence.tuc.gr/~batsakis/Interval-based#28	1
http://www.intelligence.tuc.gr/~batsakis/Interval-based#6 http://www.intelligence.tuc.gr/~batsakis/Interval-based#oi http://www.intelligence.tuc.gr/~batsakis/Interval-based#29	1
http://www.intelligence.tuc.gr/~batsakis/Interval-based#6 http://www.intelligence.tuc.gr/~batsakis/Interval-based#a_oi_mi http://www.intelligence.tuc.gr/~batsakis/Interval-based#30	1
http://www.intelligence.tuc.gr/~batsakis/Interval-based#6 http://www.intelligence.tuc.gr/~batsakis/Interval-based#oi http://www.intelligence.tuc.gr/~batsakis/Interval-based#31	1
http://www.intelligence.tuc.gr/~batsakis/Interval-based#6 http://www.intelligence.tuc.gr/~batsakis/Interval-based#d_oi_f http://www.intelligence.tuc.gr/~batsakis/Interval-based#32	1
http://www.intelligence.tuc.gr/~batsakis/Interval-based#6 http://www.intelligence.tuc.gr/~batsakis/Interval-based#ov http://www.intelligence.tuc.gr/~batsakis/Interval-based#33	1
http://www.intelligence.tuc.gr/~batsakis/Interval-based#6 http://www.intelligence.tuc.gr/~batsakis/Interval-based#oi http://www.intelligence.tuc.gr/~batsakis/Interval-based#34	1
http://www.intelligence.tuc.gr/~batsakis/Interval-based#6 http://www.intelligence.tuc.gr/~batsakis/Interval-based#oi http://www.intelligence.tuc.gr/~batsakis/Interval-based#35	1
http://www.intelligence.tuc.gr/~batsakis/Interval-based#6 http://www.intelligence.tuc.gr/~batsakis/Interval-based#oi http://www.intelligence.tuc.gr/~batsakis/Interval-based#36	1
http://www.intelligence.tuc.gr/~batsakis/Interval-based#6 http://www.intelligence.tuc.gr/~batsakis/Interval-based#oi http://www.intelligence.tuc.gr/~batsakis/Interval-based#37	1
http://www.intelligence.tuc.gr/~batsakis/Interval-based#6 http://www.intelligence.tuc.gr/~batsakis/Interval-based#f http://www.intelligence.tuc.gr/~batsakis/Interval-based#38	1
http://www.intelligence.tuc.gr/~batsakis/Interval-based#6 http://www.intelligence.tuc.gr/~batsakis/Interval-based#d_oi_f http://www.intelligence.tuc.gr/~batsakis/Interval-based#39	1
http://www.intelligence.tuc.gr/~batsakis/Interval-based#6 http://www.intelligence.tuc.gr/~batsakis/Interval-based#a http://www.intelligence.tuc.gr/~batsakis/Interval-based#40	1
http://www.intelligence.tuc.gr/~batsakis/Interval-based#6 http://www.intelligence.tuc.gr/~batsakis/Interval-based#a http://www.intelligence.tuc.gr/~batsakis/Interval-based#41	1
http://www.intelligence.tuc.gr/~batsakis/Interval-based#6 http://www.intelligence.tuc.gr/~batsakis/Interval-based#d_di_ov_oi_s_si_f_fi_eq http://www.intelligence.tuc.gr/~batsakis/Interval-based#42	1
http://www.intelligence.tuc.gr/~batsakis/Interval-based#6 http://www.intelligence.tuc.gr/~batsakis/Interval-based#oi http://www.intelligence.tuc.gr/~batsakis/Interval-based#43	1
http://www.intelligence.tuc.gr/~batsakis/Interval-based#6 http://www.intelligence.tuc.gr/~batsakis/Interval-based#a http://www.intelligence.tuc.gr/~batsakis/Interval-based#44	1
http://www.intelligence.tuc.gr/~batsakis/Interval-based#6 http://www.intelligence.tuc.gr/~batsakis/Interval-based#a http://www.intelligence.tuc.gr/~batsakis/Interval-based#45	1
http://www.intelligence.tuc.gr/~batsakis/Interval-based#6 http://www.intelligence.tuc.gr/~batsakis/Interval-based#oi http://www.intelligence.tuc.gr/~batsakis/Interval-based#46	1
http://www.intelligence.tuc.gr/~batsakis/Interval-based#6 http://www.intelligence.tuc.gr/~batsakis/Interval-based#a_oi_mi http://www.intelligence.tuc.gr/~batsakis/Interval-based#47	1
http://www.intelligence.tuc.gr/~batsakis/Interval-based#6 http://www.intelligence.tuc.gr/~batsakis/Interval-based#di http://www.intelligence.tuc.gr/~batsakis/Interval-based#48	1
http://www.intelligence.tuc.gr/~batsakis/Interval-based#6 http://www.intelligence.tuc.gr/~batsakis/Interval-based#ov http://www.intelligence.tuc.gr/~batsakis/Interval-based#49	1
http://www.intelligence.tuc.gr/~batsakis/Interval-based#6 http://www.intelligence.tuc.gr/~batsakis/Interval-based#di_ov_fi http://www.intelligence.tuc.gr/~batsakis/Interval-based#50	1
http://www.intelligence.tuc.gr/~batsakis/Interval-based#6 http://www.intelligence.tuc.gr/~batsakis/Interval-based#a http://www.intelligence.tuc.gr/~batsakis/Interval-based#51	1
http://www.intelligence.tuc.gr/~batsakis/Interval-based#6 http://www.intelligence.tuc.gr/~batsakis/Interval-based#oi http://www.intelligence.tuc.gr/~batsakis/Interval-based#52	1
http://www.intelligence.tuc.gr/~batsakis/Interval-based#6 http://www.intelligence.tuc.gr/~batsakis/Interval-based#oi http://www.intelligence.tuc.gr/~batsakis/Interval-based#53	1
http://www.intelligence.tuc.gr/~batsakis/Interval-based#6 http://www.intelligence.tuc.gr/~batsakis/Interval-based#di http://www.intelligence.tuc.gr/~batsakis/Interval-based#54	1
http://www.intelligence.tuc.gr/~batsakis/Interval-based#6 http://www.intelligence.tuc.gr/~batsakis/Interval-based#oi http://www.intelligence.tuc.gr/~batsakis/Interval-based#55	1
http://www.intelligence.tuc.gr/~batsakis/Interval-based#6 http://www.intelligence.tuc.gr/~batsakis/Interval-based#a http://www.intelligence.tuc.gr/~batsakis/Interval-based#56	1
http://www.intelligence.tuc.gr/~batsakis/Interval-based#6 http://www.intelligence.tuc.gr/~batsakis/Interval-based#oi http://www.intelligence.tuc.gr/~batsakis/Interval-based#57	1
http://www.intelligence.tuc.gr/~batsakis/Interval-based#6 http://www.intelligence.tuc.gr/~batsakis/Interval-based#oi http://www.intelligence.tuc.gr/~batsakis/Interval-based#58	1
http://www.intelligence.tuc.gr/~batsakis/Interval-based#6 http://www.intelligence.tuc.gr/~batsakis/Interval-based#oi http://www.intelligence.tuc.gr/~batsakis/Interval-based#59	1
http://www.intelligence.tuc.gr/~batsakis/Interval-based#6 http://www.intelligence.tuc.gr/~batsakis/Interval-based#oi http://www.intelligence.tuc.gr/~batsakis/Interval-based#60	1
http://www.intelligence.tuc.gr/~batsakis/Interval-based#6 http://www.intelligence.tuc.gr/~batsakis/Interval-based#di http://www.intelligence.tuc.gr/~batsakis/Interval-based#61	1
http://www.intelligence.tuc.gr/~batsakis/Interval-based#6 http://www.intelligence.tuc.gr/~batsakis/Interval-based#d http://www.intelligence.tuc.gr/~batsakis/Interval-based#62	1
http://www.intelligence.tuc.gr/~batsakis/Interval-based#6 http://www.intelligence.tuc.gr/~batsakis/Interval-based#d http://www.intelligence.tuc.gr/~batsakis/Interval-based#63	1
http://www.intelligence.tuc.gr/~batsakis/Interval-based#7 http://www.intelligence.tuc.gr/~batsakis/Interval-based#ov http://www.intelligence.tuc.gr/~batsakis/Interval-based#0	1
http://www.intelligence.tuc.gr/~batsakis/Interval-based#7 http://www.intelligence.tuc.gr/~batsakis/Interval-based#oi http://www.intelligence.tuc.gr/~batsakis/Interval-based#1	1
http://www.intelligence.tuc.gr/~batsakis/Interval-based#7 http://www.intelligence.tuc.gr/~batsakis/Interval-based#di http://www.intelligence.tuc.gr/~batsakis/Interval-based#2	1
http://www.intelligence.tuc.gr/~batsakis/Interval-based#7 http://www.intelligence.tuc.gr/~batsakis/Interval-based#di http://www.intelligence.tuc.gr/~batsakis/Interval-based#3	1
http://www.intelligence.tuc.gr/~batsakis/Interval-based#7 http://www.intelligence.tuc.gr/~batsakis/Interval-based#ov http://www.intelligence.tuc.gr/~batsakis/Interval-based#4	1
http://www.intelligence.tuc.gr/~batsakis/Interval-based#7 http://www.intelligence.tuc.gr/~batsakis/Interval-based#si http://www.intelligence.tuc.gr/~batsakis/Interval-based#5	1
http://www.intelligence.tuc.gr/~batsakis/Interval-based#7 http://www.intelligence.tuc.gr/~batsakis/Interval-based#ov http://www.intelligence.tuc.gr/~batsakis/Interval-based#6	1
http://www.intelligence.tuc.gr/~batsakis/Interval-based#7 http://www.intelligence.tuc.gr/~batsakis/Interval-based#di http://www.intelligence.tuc.gr/~batsakis/Interval-based#8	1
http://www.intelligence.tuc.gr/~batsakis/Interval-based#7 http://www.intelligence.tuc.gr/~batsakis/Interval-based#di http://www.intelligence.tuc.gr/~batsakis/Interval-based#9	1
http://www.intelligence.tuc.gr/~batsakis/Interval-based#7 http://www.intelligence.tuc.gr/~batsakis/Interval-based#di http://www.intelligence.tuc.gr/~batsakis/Interval-based#10	1
http://www.intelligence.tuc.gr/~batsakis/Interval-based#7 http://www.intelligence.tuc.gr/~batsakis/Interval-based#di_oi_si http://www.intelligence.tuc.gr/~batsakis/Interval-based#11	1
http://www.intelligence.tuc.gr/~batsakis/Interval-based#7 http://www.intelligence.tuc.gr/~batsakis/Interval-based#oi http://www.intelligence.tuc.gr/~batsakis/Interval-based#12	1
http://www.intelligence.tuc.gr/~batsakis/Interval-based#7 http://www.intelligence.tuc.gr/~batsakis/Interval-based#ov http://www.intelligence.tuc.gr/~batsakis/Interval-based#13	1
http://www.intelligence.tuc.gr/~batsakis/Interval-based#7 http://www.intelligence.tuc.gr/~batsakis/Interval-based#di http://www.intelligence.tuc.gr/~batsakis/Interval-based#14	1
http://www.intelligence.tuc.gr/~batsakis/Interval-based#7 http://www.intelligence.tuc.gr/~batsakis/Interval-based#si http://www.intelligence.tuc.gr/~batsakis/Interval-based#15	1
http://www.intelligence.tuc.gr/~batsakis/Interval-based#7 http://www.intelligence.tuc.gr/~batsakis/Interval-based#oi http://www.intelligence.tuc.gr/~batsakis/Interval-based#16	1
http://www.intelligence.tuc.gr/~batsakis/Interval-based#7 http://www.intelligence.tuc.gr/~batsakis/Interval-based#di http://www.intelligence.tuc.gr/~batsakis/Interval-based#17	1
http://www.intelligence.tuc.gr/~batsakis/Interval-based#7 http://www.intelligence.tuc.gr/~batsakis/Interval-based#b_di_ov_m_fi http://www.intelligence.tuc.gr/~batsakis/Interval-based#18	1
http://www.intelligence.tuc.gr/~batsakis/Interval-based#7 http://www.intelligence.tuc.gr/~batsakis/Interval-based#di http://www.intelligence.tuc.gr/~batsakis/Interval-based#19	1
http://www.intelligence.tuc.gr/~batsakis/Interval-based#7 http://www.intelligence.tuc.gr/~batsakis/Interval-based#b_ov_m http://www.intelligence.tuc.gr/~batsakis/Interval-based#20	1
http://www.intelligence.tuc.gr/~batsakis/Interval-based#7 http://www.intelligence.tuc.gr/~batsakis/Interval-based#oi http://www.intelligence.tuc.gr/~batsakis/Interval-based#21	1
http://www.intelligence.tuc.gr/~batsakis/Interval-based#7 http://www.intelligence.tuc.gr/~batsakis/Interval-based#fi http://www.intelligence.tuc.gr/~batsakis/Interval-based#22	1
http://www.intelligence.tuc.gr/~batsakis/Interval-based#7 http://www.intelligence.tuc.gr/~batsakis/Interval-based#ov http://www.intelligence.tuc.gr/~batsakis/Interval-based#23	1
http://www.intelligence.tuc.gr/~batsakis/Interval-based#7 http://www.intelligence.tuc.gr/~batsakis/Interval-based#di http://www.intelligence.tuc.gr/~batsakis/Interval-based#24	1
http://www.intelligence.tuc.gr/~batsakis/Interval-based#7 http://www.intelligence.tuc.gr/~batsakis/Interval-based#di http://www.intelligence.tuc.gr/~batsakis/Interval-based#25	1
http://www.intelligence.tuc.gr/~batsakis/Interval-based#7 http://www.intelligence.tuc.gr/~batsakis/Interval-based#di http://www.intelligence.tuc.gr/~batsakis/Interval-based#26	1
http://www.intelligence.tuc.gr/~batsakis/Interval-based#7 http://www.intelligence.tuc.gr/~batsakis/Interval-based#ov http://www.intelligence.tuc.gr/~batsakis/Interval-based#27	1
http://www.intelligence.tuc.gr/~batsakis/Interval-based#7 http://www.intelligence.tuc.gr/~batsakis/Interval-based#ov http://www.intelligence.tuc.gr/~batsakis/Interval-based#28	1
http://www.intelligence.tuc.gr/~batsakis/Interval-based#7 http://www.intelligence.tuc.gr/~batsakis/Interval-based#oi http://www.intelligence.tuc.gr/~batsakis/Interval-based#29	1
http://www.intelligence.tuc.gr/~batsakis/Interval-based#7 http://www.intelligence.tuc.gr/~batsakis/Interval-based#di_oi_si http://www.intelligence.tuc.gr/~batsakis/Interval-based#30	1
http://www.intelligence.tuc.gr/~batsakis/Interval-based#7 http://www.intelligence.tuc.gr/~batsakis/Interval-based#di http://www.intelligence.tuc.gr/~batsakis/Interval-based#31	1
http://www.intelligence.tuc.gr/~batsakis/Interval-based#7 http://www.intelligence.tuc.gr/~batsakis/Interval-based#ov http://www.intelligence.tuc.gr/~batsakis/Interval-based#32	1
http://www.intelligence.tuc.gr/~batsakis/Interval-based#7 http://www.intelligence.tuc.gr/~batsakis/Interval-based#ov http://www.intelligence.tuc.gr/~batsakis/Interval-based#33	1
http://www.intelligence.tuc.gr/~batsakis/Interval-based#7 http://www.intelligence.tuc.gr/~batsakis/Interval-based#si http://www.intelligence.tuc.gr/~batsakis/Interval-based#34	1
http://www.intelligence.tuc.gr/~batsakis/Interval-based#7 http://www.intelligence.tuc.gr/~batsakis/Interval-based#di http://www.intelligence.tuc.gr/~batsakis/Interval-based#35	1
http://www.intelligence.tuc.gr/~batsakis/Interval-based#7 http://www.intelligence.tuc.gr/~batsakis/Interval-based#di http://www.intelligence.tuc.gr/~batsakis/Interval-based#36	1
http://www.intelligence.tuc.gr/~batsakis/Interval-based#7 http://www.intelligence.tuc.gr/~batsakis/Interval-based#di http://www.intelligence.tuc.gr/~batsakis/Interval-based#37	1
http://www.intelligence.tuc.gr/~batsakis/Interval-based#7 http://www.intelligence.tuc.gr/~batsakis/Interval-based#d http://www.intelligence.tuc.gr/~batsakis/Interval-based#38	1
http://www.intelligence.tuc.gr/~batsakis/Interval-based#7 http://www.intelligence.tuc.gr/~batsakis/Interval-based#ov http://www.intelligence.tuc.gr/~batsakis/Interval-based#39	1
http://www.intelligence.tuc.gr/~batsakis/Interval-based#7 http://www.intelligence.tuc.gr/~batsakis/Interval-based#di http://www.intelligence.tuc.gr/~batsakis/Interval-based#40	1
http://www.intelligence.tuc.gr/~batsakis/Interval-based#7 http://www.intelligence.tuc.gr/~batsakis/Interval-based#di http://www.intelligence.tuc.gr/~batsakis/Interval-based#41	1
http://www.intelligence.tuc.gr/~batsakis/Interval-based#7 http://www.intelligence.tuc.gr/~batsakis/Interval-based#ov http://www.intelligence.tuc.gr/~batsakis/Interval-based#42	1
http://www.intelligence.tuc.gr/~batsakis/Interval-based#7 http://www.intelligence.tuc.gr/~batsakis/Interval-based#si http://www.intelligence.tuc.gr/~batsakis/Interval-based#43	1
http://www.intelligence.tuc.gr/~batsakis/Interval-based#7 http://www.intelligence.tuc.gr/~batsakis/Interval-based#di http://www.intelligence.tuc.gr/~batsakis/Interval-based#44	1
http://www.intelligence.tuc.gr/~batsakis/Interval-based#7 http://www.intelligence.tuc.gr/~batsakis/Interval-based#di http://www.intelligence.tuc.gr/~batsakis/Interval-based#45	1
http://www.intelligence.tuc.gr/~batsakis/Interval-based#7 http://www.intelligence.tuc.gr/~batsakis/Interval-based#oi http://www.intelligence.tuc.gr/~batsakis/Interval-based#46	1
http://www.intelligence.tuc.gr/~batsakis/Interval-based#7 http://www.intelligence.tuc.gr/~batsakis/Interval-based#di http://www.intelligence.tuc.gr/~batsakis/Interval-based#47	1
http://www.intelligence.tuc.gr/~batsakis/Interval-based#7 http://www.intelligence.tuc.gr/~batsakis/Interval-based#di http://www.intelligence.tuc.gr/~batsakis/Interval-based#48	1
http://www.intelligence.tuc.gr/~batsakis/Interval-based#7 http://www.intelligence.tuc.gr/~batsakis/Interval-based#ov http://www.intelligence.tuc.gr/~batsakis/Interval-based#49	1
http://www.intelligence.tuc.gr/~batsakis/Interval-based#7 http://www.intelligence.tuc.gr/~batsakis/Interval-based#b_di_ov_m_fi http://www.intelligence.tuc.gr/~batsakis/Interval-based#50	1
http://www.intelligence.tuc.gr/~batsakis/Interval-based#7 http://www.intelligence.tuc.gr/~batsakis/Interval-based#si http://www.intelligence.tuc.gr/~batsakis/Interval-based#51	1
http://www.intelligence.tuc.gr/~batsakis/Interval-based#7 http://www.intelligence.tuc.gr/~batsakis/Interval-based#di http://www.intelligence.tuc.gr/~batsakis/Interval-based#52	1
http://www.intelligence.tuc.gr/~batsakis/Interval-based#7 http://www.intelligence.tuc.gr/~batsakis/Interval-based#di http://www.intelligence.tuc.gr/~batsakis/Interval-based#53	1
http://www.intelligence.tuc.gr/~batsakis/Interval-based#7 http://www.intelligence.tuc.gr/~batsakis/Interval-based#di http://www.intelligence.tuc.gr/~batsakis/Interval-based#54	1
http://www.intelligence.tuc.gr/~batsakis/Interval-based#7 http://www.intelligence.tuc.gr/~batsakis/Interval-based#di http://www.intelligence.tuc.gr/~batsakis/Interval-based#55	1
http://www.intelligence.tuc.gr/~batsakis/Interval-based#7 http://www.intelligence.tuc.gr/~batsakis/Interval-based#di http://www.intelligence.tuc.gr/~batsakis/Interval-based#56	1
http://www.intelligence.tuc.gr/~batsakis/Interval-based#7 http://www.intelligence.tuc.gr/~batsakis/Interval-based#si http://www.intelligence.tuc.gr/~batsakis/Interval-based#57	1
http://www.intelligence.tuc.gr/~batsakis/Interval-based#7 http://www.intelligence.tuc.gr/~batsakis/Interval-based#oi http://www.intelligence.tuc.gr/~batsakis/Interval-based#58	1
http://www.intelligence.tuc.gr/~batsakis/Interval-based#7 http://www.intelligence.tuc.gr/~batsakis/Interval-based#di http://www.intelligence.tuc.gr/~batsakis/Interval-based#59	1
http://www.intelligence.tuc.gr/~batsakis/Interval-based#7 http://www.intelligence.tuc.gr/~batsakis/Interval-based#si http://www.intelligence.tuc.gr/~batsakis/Interval-based#60	1
http://www.intelligence.tuc.gr/~batsakis/Interval-based#7 http://www.intelligence.tuc.gr/~batsakis/Interval-based#ov http://www.intelligence.tuc.gr/~batsakis/Interval-based#61	1
http://www.intelligence.tuc.gr/~batsakis/Interval-based#7 http://www.intelligence.tuc.gr/~batsakis/Interval-based#d http://www.intelligence.tuc.gr/~batsakis/Interval-based#62	1
http://www.intelligence.tuc.gr/~batsakis/Interval-based#7 http://www.intelligence.tuc.gr/~batsakis/Interval-based#ov http://www.intelligence.tuc.gr/~batsakis/Interval-based#63	1
http://www.intelligence.tuc.gr/~batsakis/Interval-based#8 http://www.intelligence.tuc.gr/~batsakis/Interval-based#s http://www.intelligence.tuc.gr/~batsakis/Interval-based#0	1
http://www.intelligence.tuc.gr/~batsakis/Interval-based#8 http://www.intelligence.tuc.gr/~batsakis/Interval-based#d http://www.intelligence.tuc.gr/~batsakis/Interval-based#1	1
http://www.intelligence.tuc.gr/~batsakis/Interval-based#8 http://www.intelligence.tuc.gr/~batsakis/Interval-based#b http://www.intelligence.tuc.gr/~batsakis/Interval-based#2	1
http://www.intelligence.tuc.gr/~batsakis/Interval-based#8 http://www.intelligence.tuc.gr/~batsakis/Interval-based#d http://www.intelligence.tuc.gr/~batsakis/Interval-based#3	1
http://www.intelligence.tuc.gr/~batsakis/Interval-based#8 http://www.intelligence.tuc.gr/~batsakis/Interval-based#b http://www.intelligence.tuc.gr/~batsakis/Interval-based#4	1
http://www.intelligence.tuc.gr/~batsakis/Interval-based#8 http://www.intelligence.tuc.gr/~batsakis/Interval-based#a http://www.intelligence.tuc.gr/~batsakis/Interval-based#5	1
http://www.intelligence.tuc.gr/~batsakis/Interval-based#8 http://www.intelligence.tuc.gr/~batsakis/Interval-based#b http://www.intelligence.tuc.gr/~batsakis/Interval-based#6	1
http://www.intelligence.tuc.gr/~batsakis/Interval-based#8 http://www.intelligence.tuc.gr/~batsakis/Interval-based#d http://www.intelligence.tuc.gr/~batsakis/Interval-based#7	1
http://www.intelligence.tuc.gr/~batsakis/Interval-based#8 http://www.intelligence.tuc.gr/~batsakis/Interval-based#d http://www.intelligence.tuc.gr/~batsakis/Interval-based#9	1
http://www.intelligence.tuc.gr/~batsakis/Interval-based#8 http://www.intelligence.tuc.gr/~batsakis/Interval-based#d http://www.intelligence.tuc.gr/~batsakis/Interval-based#10	1
http://www.intelligence.tuc.gr/~batsakis/Interval-based#8 http://www.intelligence.tuc.gr/~batsakis/Interval-based#mi http://www.intelligence.tuc.gr/~batsakis/Interval-based#11	1
http://www.intelligence.tuc.gr/~batsakis/Interval-based#8 http://www.intelligence.tuc.gr/~batsakis/Interval-based#d http://www.intelligence.tuc.gr/~batsakis/Interval-based#12	1
http://www.intelligence.tuc.gr/~batsakis/Interval-based#8 http://www.intelligence.tuc.gr/~batsakis/Interval-based#b http://www.intelligence.tuc.gr/~batsakis/Interval-based#13	1
http://www.intelligence.tuc.gr/~batsakis/Interval-based#8 http://www.intelligence.tuc.gr/~batsakis/Interval-based#d http://www.intelligence.tuc.gr/~batsakis/Interval-based#14	1
http://www.intelligence.tuc.gr/~batsakis/Interval-based#8 http://www.intelligence.tuc.gr/~batsakis/Interval-based#d http://www.intelligence.tuc.gr/~batsakis/Interval-based#15	1
http://www.intelligence.tuc.gr/~batsakis/Interval-based#8 http://www.intelligence.tuc.gr/~batsakis/Interval-based#a http://www.intelligence.tuc.gr/~batsakis/Interval-based#16	1
http://www.intelligence.tuc.gr/~batsakis/Interval-based#8 http://www.intelligence.tuc.gr/~batsakis/Interval-based#d http://www.intelligence.tuc.gr/~batsakis/Interval-based#17	1
http://www.intelligence.tuc.gr/~batsakis/Interval-based#8 http://www.intelligence.tuc.gr/~batsakis/Interval-based#b http://www.intelligence.tuc.gr/~batsakis/Interval-based#18	1
http://www.intelligence.tuc.gr/~batsakis/Interval-based#8 http://www.intelligence.tuc.gr/~batsakis/Interval-based#d http://www.intelligence.tuc.gr/~batsakis/Interval-based#19	1
http://www.intelligence.tuc.gr/~batsakis/Interval-based#8 http://www.intelligence.tuc.gr/~batsakis/Interval-based#b http://www.intelligence.tuc.gr/~batsakis/Interval-based#20	1
http://www.intelligence.tuc.gr/~batsakis/Interval-based#8 http://www.intelligence.tuc.gr/~batsakis/Interval-based#d http://www.intelligence.tuc.gr/~batsakis/Interval-based#21	1
http://www.intelligence.tuc.gr/~batsakis/Interval-based#8 http://www.intelligence.tuc.gr/~batsakis/Interval-based#b http://www.intelligence.tuc.gr/~batsakis/Interval-based#22	1
http://www.intelligence.tuc.gr/~batsakis/Interval-based#8 http://www.intelligence.tuc.gr/~batsakis/Interval-based#b http://www.intelligence.tuc.gr/~batsakis/Interval-based#23	1
http://www.intelligence.tuc.gr/~batsakis/Interval-based#8 http://www.intelligence.tuc.gr/~batsakis/Interval-based#d http://www.intelligence.tuc.gr/~batsakis/Interval-based#24	1
http://www.intelligence.tuc.gr/~batsakis/Interval-based#8 http://www.intelligence.tuc.gr/~batsakis/Interval-based#d http://www.intelligence.tuc.gr/~batsakis/Interval-based#25	1
http://www.intelligence.tuc.gr/~batsakis/Interval-based#8 http://www.intelligence.tuc.gr/~batsakis/Interval-based#a http://www.intelligence.tuc.gr/~batsakis/Interval-based#26	1
http://www.intelligence.tuc.gr/~batsakis/Interval-based#8 http://www.intelligence.tuc.gr/~batsakis/Interval-based#d http://www.intelligence.tuc.gr/~batsakis/Interval-based#27	1
http://www.intelligence.tuc.gr/~batsakis/Interval-based#8 http://www.intelligence.tuc.gr/~batsakis/Interval-based#m http://www.intelligence.tuc.gr/~batsakis/Interval-based#28	1
http://www.intelligence.tuc.gr/~batsakis/Interval-based#8 http://www.intelligence.tuc.gr/~batsakis/Interval-based#d http://www.intelligence.tuc.gr/~batsakis/Interval-based#29	1
http://www.intelligence.tuc.gr/~batsakis/Interval-based#8 http://www.intelligence.tuc.gr/~batsakis/Interval-based#d_oi_f http://www.intelligence.tuc.gr/~batsakis/Interval-based#30	1
http://www.intelligence.tuc.gr/~batsakis/Interval-based#8 http://www.intelligence.tuc.gr/~batsakis/Interval-based#d http://www.intelligence.tuc.gr/~batsakis/Interval-based#31	1
http://www.intelligence.tuc.gr/~batsakis/Interval-based#8 http://www.intelligence.tuc.gr/~batsakis/Interval-based#d http://www.intelligence.tuc.gr/~batsakis/Interval-based#32	1
http://www.intelligence.tuc.gr/~batsakis/Interval-based#8 http://www.intelligence.tuc.gr/~batsakis/Interval-based#b http://www.intelligence.tuc.gr/~batsakis/Interval-based#33	1
http://www.intelligence.tuc.gr/~batsakis/Interval-based#8 http://www.intelligence.tuc.gr/~batsakis/Interval-based#d http://www.intelligence.tuc.gr/~batsakis/Interval-based#34	1
http://www.intelligence.tuc.gr/~batsakis/Interval-based#8 http://www.intelligence.tuc.gr/~batsakis/Interval-based#d http://www.intelligence.tuc.gr/~batsakis/Interval-based#35	1
http://www.intelligence.tuc.gr/~batsakis/Interval-based#8 http://www.intelligence.tuc.gr/~batsakis/Interval-based#d http://www.intelligence.tuc.gr/~batsakis/Interval-based#36	1
http://www.intelligence.tuc.gr/~batsakis/Interval-based#8 http://www.intelligence.tuc.gr/~batsakis/Interval-based#d http://www.intelligence.tuc.gr/~batsakis/Interval-based#37	1
http://www.intelligence.tuc.gr/~batsakis/Interval-based#8 http://www.intelligence.tuc.gr/~batsakis/Interval-based#d http://www.intelligence.tuc.gr/~batsakis/Interval-based#38	1
http://www.intelligence.tuc.gr/~batsakis/Interval-based#8 http://www.intelligence.tuc.gr/~batsakis/Interval-based#m http://www.intelligence.tuc.gr/~batsakis/Interval-based#39	1
http://www.intelligence.tuc.gr/~batsakis/Interval-based#8 http://www.intelligence.tuc.gr/~batsakis/Interval-based#a http://www.intelligence.tuc.gr/~batsakis/Interval-based#40	1
http://www.intelligence.tuc.gr/~batsakis/Interval-based#8 http://www.intelligence.tuc.gr/~batsakis/Interval-based#a http://www.intelligence.tuc.gr/~batsakis/Interval-based#41	1
http://www.intelligence.tuc.gr/~batsakis/Interval-based#8 http://www.intelligence.tuc.gr/~batsakis/Interval-based#b_d_ov_m_s http://www.intelligence.tuc.gr/~batsakis/Interval-based#42	1
http://www.intelligence.tuc.gr/~batsakis/Interval-based#8 http://www.intelligence.tuc.gr/~batsakis/Interval-based#d http://www.intelligence.tuc.gr/~batsakis/Interval-based#43	1
http://www.intelligence.tuc.gr/~batsakis/Interval-based#8 http://www.intelligence.tuc.gr/~batsakis/Interval-based#a http://www.intelligence.tuc.gr/~batsakis/Interval-based#44	1
http://www.intelligence.tuc.gr/~batsakis/Interval-based#8 http://www.intelligence.tuc.gr/~batsakis/Interval-based#mi http://www.intelligence.tuc.gr/~batsakis/Interval-based#45	1
http://www.intelligence.tuc.gr/~batsakis/Interval-based#8 http://www.intelligence.tuc.gr/~batsakis/Interval-based#d http://www.intelligence.tuc.gr/~batsakis/Interval-based#46	1
http://www.intelligence.tuc.gr/~batsakis/Interval-based#8 http://www.intelligence.tuc.gr/~batsakis/Interval-based#d http://www.intelligence.tuc.gr/~batsakis/Interval-based#47	1
http://www.intelligence.tuc.gr/~batsakis/Interval-based#8 http://www.intelligence.tuc.gr/~batsakis/Interval-based#b http://www.intelligence.tuc.gr/~batsakis/Interval-based#48	1
http://www.intelligence.tuc.gr/~batsakis/Interval-based#8 http://www.intelligence.tuc.gr/~batsakis/Interval-based#b http://www.intelligence.tuc.gr/~batsakis/Interval-based#49	1
http://www.intelligence.tuc.gr/~batsakis/Interval-based#8 http://www.intelligence.tuc.gr/~batsakis/Interval-based#b http://www.intelligence.tuc.gr/~batsakis/Interval-based#50	1
http://www.intelligence.tuc.gr/~batsakis/Interval-based#8 http://www.intelligence.tuc.gr/~batsakis/Interval-based#mi http://www.intelligence.tuc.gr/~batsakis/Interval-based#51	1
http://www.intelligence.tuc.gr/~batsakis/Interval-based#8 http://www.intelligence.tuc.gr/~batsakis/Interval-based#d http://www.intelligence.tuc.gr/~batsakis/Interval-based#52	1
http://www.intelligence.tuc.gr/~batsakis/Interval-based#8 http://www.intelligence.tuc.gr/~batsakis/Interval-based#d http://www.intelligence.tuc.gr/~batsakis/Interval-based#53	1
http://www.intelligence.tuc.gr/~batsakis/Interval-based#8 http://www.intelligence.tuc.gr/~batsakis/Interval-based#b http://www.intelligence.tuc.gr/~batsakis/Interval-based#54	1
http://www.intelligence.tuc.gr/~batsakis/Interval-based#8 http://www.intelligence.tuc.gr/~batsakis/Interval-based#d http://www.intelligence.tuc.gr/~batsakis/Interval-based#55	1
http://www.intelligence.tuc.gr/~batsakis/Interval-based#8 http://www.intelligence.tuc.gr/~batsakis/Interval-based#a http://www.intelligence.tuc.gr/~batsakis/Interval-based#56	1
http://www.intelligence.tuc.gr/~batsakis/Interval-based#8 http://www.intelligence.tuc.gr/~batsakis/Interval-based#d http://www.intelligence.tuc.gr/~batsakis/Interval-based#57	1
http://www.intelligence.tuc.gr/~batsakis/Interval-based#8 http://www.intelligence.tuc.gr/~batsakis/Interval-based#d http://www.intelligence.tuc.gr/~batsakis/Interval-based#58	1
http://www.intelligence.tuc.gr/~batsakis/Interval-based#8 http://www.intelligence.tuc.gr/~batsakis/Interval-based#m http://www.intelligence.tuc.gr/~batsakis/Interval-based#59	1
http://www.intelligence.tuc.gr/~batsakis/Interval-based#8 http://www.intelligence.tuc.gr/~batsakis/Interval-based#d http://www.intelligence.tuc.gr/~batsakis/Interval-based#60	1
http://www.intelligence.tuc.gr/~batsakis/Interval-based#8 http://www.intelligence.tuc.gr/~batsakis/Interval-based#b http://www.intelligence.tuc.gr/~batsakis/Interval-based#61	1
http://www.intelligence.tuc.gr/~batsakis/Interval-based#8 http://www.intelligence.tuc.gr/~batsakis/Interval-based#d http://www.intelligence.tuc.gr/~batsakis/Interval-based#62	1
http://www.intelligence.tuc.gr/~batsakis/Interval-based#8 http://www.intelligence.tuc.gr/~batsakis/Interval-based#d http://www.intelligence.tuc.gr/~batsakis/Interval-based#63	1
http://www.intelligence.tuc.gr/~batsakis/Interval-based#9 http://www.intelligence.tuc.gr/~batsakis/Interval-based#ov http://www.intelligence.tuc.gr/~batsakis/Interval-based#0	1
http://www.intelligence.tuc.gr/~batsakis/Interval-based#9 http://www.intelligence.tuc.gr/~batsakis/Interval-based#d http://www.intelligence.tuc.gr/~batsakis/Interval-based#1	1
http://www.intelligence.tuc.gr/~batsakis/Interval-based#9 http://www.intelligence.tuc.gr/~batsakis/Interval-based#ov http://www.intelligence.tuc.gr/~batsakis/Interval-based#2	1
http://www.intelligence.tuc.gr/~batsakis/Interval-based#9 http://www.intelligence.tuc.gr/~batsakis/Interval-based#oi http://www.intelligence.tuc.gr/~batsakis/Interval-based#3	1
http://www.intelligence.tuc.gr/~batsakis/Interval-based#9 http://www.intelligence.tuc.gr/~batsakis/Interval-based#m http://www.intelligence.tuc.gr/~batsakis/Interval-based#4	1
http://www.intelligence.tuc.gr/~batsakis/Interval-based#9 http://www.intelligence.tuc.gr/~batsakis/Interval-based#a http://www.intelligence.tuc.gr/~batsakis/Interval-based#5	1
http://www.intelligence.tuc.gr/~batsakis/Interval-based#9 http://www.intelligence.tuc.gr/~batsakis/Interval-based#ov http://www.intelligence.tuc.gr/~batsakis/Interval-based#6	1
http://www.intelligence.tuc.gr/~batsakis/Interval-based#9 http://www.intelligence.tuc.gr/~batsakis/Interval-based#d http://www.intelligence.tuc.gr/~batsakis/Interval-based#7	1
http://www.intelligence.tuc.gr/~batsakis/Interval-based#9 http://www.intelligence.tuc.gr/~batsakis/Interval-based#di http://www.intelligence.tuc.gr/~batsakis/Interval-based#8	1
http://www.intelligence.tuc.gr/~batsakis/Interval-based#9 http://www.intelligence.tuc.gr/~batsakis/Interval-based#oi http://www.intelligence.tuc.gr/~batsakis/Interval-based#10	1
http://www.intelligence.tuc.gr/~batsakis/Interval-based#9 http://www.intelligence.tuc.gr/~batsakis/Interval-based#oi http://www.intelligence.tuc.gr/~batsakis/Interval-based#11	1
http://www.intelligence.tuc.gr/~batsakis/Interval-based#9 http://www.intelligence.tuc.gr/~batsakis/Interval-based#oi http://www.intelligence.tuc.gr/~batsakis/Interval-based#12	1
http://www.intelligence.tuc.gr/~batsakis/Interval-based#9 http://www.intelligence.tuc.gr/~batsakis/Interval-based#ov http://www.intelligence.tuc.gr/~batsakis/Interval-based#13	1
http://www.intelligence.tuc.gr/~batsakis/Interval-based#9 http://www.intelligence.tuc.gr/~batsakis/Interval-based#di_oi_si http://www.intelligence.tuc.gr/~batsakis/Interval-based#14	1
http://www.intelligence.tuc.gr/~batsakis/Interval-based#9 http://www.intelligence.tuc.gr/~batsakis/Interval-based#oi http://www.intelligence.tuc.gr/~batsakis/Interval-based#15	1
http://www.intelligence.tuc.gr/~batsakis/Interval-based#9 http://www.intelligence.tuc.gr/~batsakis/Interval-based#a_oi_mi http://www.intelligence.tuc.gr/~batsakis/Interval-based#16	1
http://www.intelligence.tuc.gr/~batsakis/Interval-based#9 http://www.intelligence.tuc.gr/~batsakis/Interval-based#di_oi_si http://www.intelligence.tuc.gr/~batsakis/Interval-based#17	1
http://www.intelligence.tuc.gr/~batsakis/Interval-based#9 http://www.intelligence.tuc.gr/~batsakis/Interval-based#b http://www.intelligence.tuc.gr/~batsakis/Interval-based#18	1
http://www.intelligence.tuc.gr/~batsakis/Interval-based#9 http://www.intelligence.tuc.gr/~batsakis/Interval-based#di http://www.intelligence.tuc.gr/~batsakis/Interval-based#19	1
http://www.intelligence.tuc.gr/~batsakis/Interval-based#9 http://www.intelligence.tuc.gr/~batsakis/Interval-based#b http://www.intelligence.tuc.gr/~batsakis/Interval-based#20	1
http://www.intelligence.tuc.gr/~batsakis/Interval-based#9 http://www.intelligence.tuc.gr/~batsakis/Interval-based#f http://www.intelligence.tuc.gr/~batsakis/Interval-based#21	1
http://www.intelligence.tuc.gr/~batsakis/Interval-based#9 http://www.intelligence.tuc.gr/~batsakis/Interval-based#ov http://www.intelligence.tuc.gr/~batsakis/Interval-based#22	1
http://www.intelligence.tuc.gr/~batsakis/Interval-based#9 http://www.intelligence.tuc.gr/~batsakis/Interval-based#ov http://www.intelligence.tuc.gr/~batsakis/Interval-based#23	1
http://www.intelligence.tuc.gr/~batsakis/Interval-based#9 http://www.intelligence.tuc.gr/~batsakis/Interval-based#d http://www.intelligence.tuc.gr/~batsakis/Interval-based#24	1
http://www.intelligence.tuc.gr/~batsakis/Interval-based#9 http://www.intelligence.tuc.gr/~batsakis/Interval-based#d http://www.intelligence.tuc.gr/~batsakis/Interval-based#25	1
http://www.intelligence.tuc.gr/~batsakis/Interval-based#9 http://www.intelligence.tuc.gr/~batsakis/Interval-based#a_oi_mi http://www.intelligence.tuc.gr/~batsakis/Interval-based#26	1
http://www.intelligence.tuc.gr/~batsakis/Interval-based#9 http://www.intelligence.tuc.gr/~batsakis/Interval-based#d http://www.intelligence.tuc.gr/~batsakis/Interval-based#27	1
http://www.intelligence.tuc.gr/~batsakis/Interval-based#9 http://www.intelligence.tuc.gr/~batsakis/Interval-based#ov http://www.intelligence.tuc.gr/~batsakis/Interval-based#28	1
http://www.intelligence.tuc.gr/~batsakis/Interval-based#9 http://www.intelligence.tuc.gr/~batsakis/Interval-based#oi http://www.intelligence.tuc.gr/~batsakis/Interval-based#29	1
http://www.intelligence.tuc.gr/~batsakis/Interval-based#9 http://www.intelligence.tuc.gr/~batsakis/Interval-based#d_oi_f http://www.intelligence.tuc.gr/~batsakis/Interval-based#30	1
http://www.intelligence.tuc.gr/~batsakis/Interval-based#9 http://www.intelligence.tuc.gr/~batsakis/Interval-based#f http://www.intelligence.tuc.gr/~batsakis/Interval-based#31	1
http://www.intelligence.tuc.gr/~batsakis/Interval-based#9 http://www.intelligence.tuc.gr/~batsakis/Interval-based#d http://www.intelligence.tuc.gr/~batsakis/Interval-based#32	1
http://www.intelligence.tuc.gr/~batsakis/Interval-based#9 http://www.intelligence.tuc.gr/~batsakis/Interval-based#b http://www.intelligence.tuc.gr/~batsakis/Interval-based#33	1
http://www.intelligence.tuc.gr/~batsakis/Interval-based#9 http://www.intelligence.tuc.gr/~batsakis/Interval-based#oi http://www.intelligence.tuc.gr/~batsakis/Interval-based#34	1
http://www.intelligence.tuc.gr/~batsakis/Interval-based#9 http://www.intelligence.tuc.gr/~batsakis/Interval-based#ov http://www.intelligence.tuc.gr/~batsakis/Interval-based#35	1
http://www.intelligence.tuc.gr/~batsakis/Interval-based#9 http://www.intelligence.tuc.gr/~batsakis/Interval-based#f http://www.intelligence.tuc.gr/~batsakis/Interval-based#36	1
http://www.intelligence.tuc.gr/~batsakis/Interval-based#9 http://www.intelligence.tuc.gr/~batsakis/Interval-based#oi http://www.intelligence.tuc.gr/~batsakis/Interval-based#37	1
http://www.intelligence.tuc.gr/~batsakis/Interval-based#9 http://www.intelligence.tuc.gr/~batsakis/Interval-based#d http://www.intelligence.tuc.gr/~batsakis/Interval-based#38	1
http://www.intelligence.tuc.gr/~batsakis/Interval-based#9 http://www.intelligence.tuc.gr/~batsakis/Interval-based#ov http://www.intelligence.tuc.gr/~batsakis/Interval-based#39	1
http://www.intelligence.tuc.gr/~batsakis/Interval-based#9 http://www.intelligence.tuc.gr/~batsakis/Interval-based#oi http://www.intelligence.tuc.gr/~batsakis/Interval-based#40	1
http://www.intelligence.tuc.gr/~batsakis/Interval-based#9 http://www.intelligence.tuc.gr/~batsakis/Interval-based#a http://www.intelligence.tuc.gr/~batsakis/Interval-based#41	1
http://www.intelligence.tuc.gr/~batsakis/Interval-based#9 http://www.intelligence.tuc.gr/~batsakis/Interval-based#ov http://www.intelligence.tuc.gr/~batsakis/Interval-based#42	1
http://www.intelligence.tuc.gr/~batsakis/Interval-based#9 http://www.intelligence.tuc.gr/~batsakis/Interval-based#d_oi_f http://www.intelligence.tuc.gr/~batsakis/Interval-based#43	1
http://www.intelligence.tuc.gr/~batsakis/Interval-based#9 http://www.intelligence.tuc.gr/~batsakis/Interval-based#di http://www.intelligence.tuc.gr/~batsakis/Interval-based#44	1
http://www.intelligence.tuc.gr/~batsakis/Interval-based#9 http://www.intelligence.tuc.gr/~batsakis/Interval-based#oi http://www.intelligence.tuc.gr/~batsakis/Interval-based#45	1
http://www.intelligence.tuc.gr/~batsakis/Interval-based#9 http://www.intelligence.tuc.gr/~batsakis/Interval-based#oi http://www.intelligence.tuc.gr/~batsakis/Interval-based#46	1
http://www.intelligence.tuc.gr/~batsakis/Interval-based#9 http://www.intelligence.tuc.gr/~batsakis/Interval-based#di http://www.intelligence.tuc.gr/~batsakis/Interval-based#47	1
http://www.intelligence.tuc.gr/~batsakis/Interval-based#9 http://www.intelligence.tuc.gr/~batsakis/Interval-based#di http://www.intelligence.tuc.gr/~batsakis/Interval-based#48	1
http://www.intelligence.tuc.gr/~batsakis/Interval-based#9 http://www.intelligence.tuc.gr/~batsakis/Interval-based#b_ov_m http://www.intelligence.tuc.gr/~batsakis/Interval-based#49	1
http://www.intelligence.tuc.gr/~batsakis/Interval-based#9 http://www.intelligence.tuc.gr/~batsakis/Interval-based#b http://www.intelligence.tuc.gr/~batsakis/Interval-based#50	1
http://www.intelligence.tuc.gr/~batsakis/Interval-based#9 http://www.intelligence.tuc.gr/~batsakis/Interval-based#oi http://www.intelligence.tuc.gr/~batsakis/Interval-based#51	1
http://www.intelligence.tuc.gr/~batsakis/Interval-based#9 http://www.intelligence.tuc.gr/~batsakis/Interval-based#oi http://www.intelligence.tuc.gr/~batsakis/Interval-based#52	1
http://www.intelligence.tuc.gr/~batsakis/Interval-based#9 http://www.intelligence.tuc.gr/~batsakis/Interval-based#ov http://www.intelligence.tuc.gr/~batsakis/Interval-based#53	1
http://www.intelligence.tuc.gr/~batsakis/Interval-based#9 http://www.intelligence.tuc.gr/~batsakis/Interval-based#ov http://www.intelligence.tuc.gr/~batsakis/Interval-based#54	1
http://www.intelligence.tuc.gr/~batsakis/Interval-based#9 http://www.intelligence.tuc.gr/~batsakis/Interval-based#oi http://www.intelligence.tuc.gr/~batsakis/Interval-based#55	1
http://www.intelligence.tuc.gr/~batsakis/Interval-based#9 http://www.intelligence.tuc.gr/~batsakis/Interval-based#oi http://www.intelligence.tuc.gr/~batsakis/Interval-based#56	1
http://www.intelligence.tuc.gr/~batsakis/Interval-based#9 http://www.intelligence.tuc.gr/~batsakis/Interval-based#oi http://www.intelligence.tuc.gr/~batsakis/Interval-based#57	1
http://www.intelligence.tuc.gr/~batsakis/Interval-based#9 http://www.intelligence.tuc.gr/~batsakis/Interval-based#oi http://www.intelligence.tuc.gr/~batsakis/Interval-based#58	1
http://www.intelligence.tuc.gr/~batsakis/Interval-based#9 http://www.intelligence.tuc.gr/~batsakis/Interval-based#ov http://www.intelligence.tuc.gr/~batsakis/Interval-based#59	1
http://www.intelligence.tuc.gr/~batsakis/Interval-based#9 http://www.intelligence.tuc.gr/~batsakis/Interval-based#oi http://www.intelligence.tuc.gr/~batsakis/Interval-based#60	1
http://www.intelligence.tuc.gr/~batsakis/Interval-based#9 http://www.intelligence.tuc.gr/~batsakis/Interval-based#ov http://www.intelligence.tuc.gr/~batsakis/Interval-based#61	1
http://www.intelligence.tuc.gr/~batsakis/Interval-based#9 http://www.intelligence.tuc.gr/~batsakis/Interval-based#d http://www.intelligence.tuc.gr/~batsakis/Interval-based#62	1
http://www.intelligence.tuc.gr/~batsakis/Interval-based#9 http://www.intelligence.tuc.gr/~batsakis/Interval-based#d_ov_s http://www.intelligence.tuc.gr/~batsakis/Interval-based#63	1
http://www.intelligence.tuc.gr/~batsakis/Interval-based#10 http://www.intelligence.tuc.gr/~batsakis/Interval-based#ov http://www.intelligence.tuc.gr/~batsakis/Interval-based#0	1
http://www.intelligence.tuc.gr/~batsakis/Interval-based#10 http://www.intelligence.tuc.gr/~batsakis/Interval-based#d http://www.intelligence.tuc.gr/~batsakis/Interval-based#1	1
http://www.intelligence.tuc.gr/~batsakis/Interval-based#10 http://www.intelligence.tuc.gr/~batsakis/Interval-based#ov http://www.intelligence.tuc.gr/~batsakis/Interval-based#2	1
http://www.intelligence.tuc.gr/~batsakis/Interval-based#10 http://www.intelligence.tuc.gr/~batsakis/Interval-based#di_oi_si http://www.intelligence.tuc.gr/~batsakis/Interval-based#3	1
http://www.intelligence.tuc.gr/~batsakis/Interval-based#10 http://www.intelligence.tuc.gr/~batsakis/Interval-based#b http://www.intelligence.tuc.gr/~batsakis/Interval-based#4	1
http://www.intelligence.tuc.gr/~batsakis/Interval-based#10 http://www.intelligence.tuc.gr/~batsakis/Interval-based#a_oi_mi http://www.intelligence.tuc.gr/~batsakis/Interval-based#5	1
http://www.intelligence.tuc.gr/~batsakis/Interval-based#10 http://www.intelligence.tuc.gr/~batsakis/Interval-based#ov http://www.intelligence.tuc.gr/~batsakis/Interval-based#6	1
http://www.intelligence.tuc.gr/~batsakis/Interval-based#10 http://www.intelligence.tuc.gr/~batsakis/Interval-based#d http://www.intelligence.tuc.gr/~batsakis/Interval-based#7	1
http://www.intelligence.tuc.gr/~batsakis/Interval-based#10 http://www.intelligence.tuc.gr/~batsakis/Interval-based#di http://www.intelligence.tuc.gr/~batsakis/Interval-based#8	1
http://www.intelligence.tuc.gr/~batsakis/Interval-based#10 http://www.intelligence.tuc.gr/~batsakis/Interval-based#ov http://www.intelligence.tuc.gr/~batsakis/Interval-based#9	1
http://www.intelligence.tuc.gr/~batsakis/Interval-based#10 http://www.intelligence.tuc.gr/~batsakis/Interval-based#oi http://www.intelligence.tuc.gr/~batsakis/Interval-based#11	1
http://www.intelligence.tuc.gr/~batsakis/Interval-based#10 http://www.intelligence.tuc.gr/~batsakis/Interval-based#f http://www.intelligence.tuc.gr/~batsakis/Interval-based#12	1
http://www.intelligence.tuc.gr/~batsakis/Interval-based#10 http://www.intelligence.tuc.gr/~batsakis/Interval-based#ov http://www.intelligence.tuc.gr/~batsakis/Interval-based#13	1
http://www.intelligence.tuc.gr/~batsakis/Interval-based#10 http://www.intelligence.tuc.gr/~batsakis/Interval-based#di http://www.intelligence.tuc.gr/~batsakis/Interval-based#14	1
http://www.intelligence.tuc.gr/~batsakis/Interval-based#10 http://www.intelligence.tuc.gr/~batsakis/Interval-based#oi http://www.intelligence.tuc.gr/~batsakis/Interval-based#15	1
http://www.intelligence.tuc.gr/~batsakis/Interval-based#10 http://www.intelligence.tuc.gr/~batsakis/Interval-based#oi http://www.intelligence.tuc.gr/~batsakis/Interval-based#16	1
http://www.intelligence.tuc.gr/~batsakis/Interval-based#10 http://www.intelligence.tuc.gr/~batsakis/Interval-based#di http://www.intelligence.tuc.gr/~batsakis/Interval-based#17	1
http://www.intelligence.tuc.gr/~batsakis/Interval-based#10 http://www.intelligence.tuc.gr/~batsakis/Interval-based#b http://www.intelligence.tuc.gr/~batsakis/Interval-based#18	1
http://www.intelligence.tuc.gr/~batsakis/Interval-based#10 http://www.intelligence.tuc.gr/~batsakis/Interval-based#di http://www.intelligence.tuc.gr/~batsakis/Interval-based#19	1
http://www.intelligence.tuc.gr/~batsakis/Interval-based#10 http://www.intelligence.tuc.gr/~batsakis/Interval-based#b http://www.intelligence.tuc.gr/~batsakis/Interval-based#20	1
http://www.intelligence.tuc.gr/~batsakis/Interval-based#10 http://www.intelligence.tuc.gr/~batsakis/Interval-based#d http://www.intelligence.tuc.gr/~batsakis/Interval-based#21	1
http://www.intelligence.tuc.gr/~batsakis/Interval-based#10 http://www.intelligence.tuc.gr/~batsakis/Interval-based#ov http://www.intelligence.tuc.gr/~batsakis/Interval-based#22	1
http://www.intelligence.tuc.gr/~batsakis/Interval-based#10 http://www.intelligence.tuc.gr/~batsakis/Interval-based#b_ov_m http://www.intelligence.tuc.gr/~batsakis/Interval-based#23	1
http://www.intelligence.tuc.gr/~batsakis/Interval-based#10 http://www.intelligence.tuc.gr/~batsakis/Interval-based#ov http://www.intelligence.tuc.gr/~batsakis/Interval-based#24	1
http://www.intelligence.tuc.gr/~batsakis/Interval-based#10 http://www.intelligence.tuc.gr/~batsakis/Interval-based#ov http://www.intelligence.tuc.gr/~batsakis/Interval-based#25	1
http://www.intelligence.tuc.gr/~batsakis/Interval-based#10 http://www.intelligence.tuc.gr/~batsakis/Interval-based#oi http://www.intelligence.tuc.gr/~batsakis/Interval-based#26	1
http://www.intelligence.tuc.gr/~batsakis/Interval-based#10 http://www.intelligence.tuc.gr/~batsakis/Interval-based#d_ov_s http://www.intelligence.tuc.gr/~batsakis/Interval-based#27	1
http://www.intelligence.tuc.gr/~batsakis/Interval-based#10 http://www.intelligence.tuc.gr/~batsakis/Interval-based#ov http://www.intelligence.tuc.gr/~batsakis/Interval-based#28	1
http://www.intelligence.tuc.gr/~batsakis/Interval-based#10 http://www.intelligence.tuc.gr/~batsakis/Interval-based#f http://www.intelligence.tuc.gr/~batsakis/Interval-based#29	1
http://www.intelligence.tuc.gr/~batsakis/Interval-based#10 http://www.intelligence.tuc.gr/~batsakis/Interval-based#d_oi_f http://www.intelligence.tuc.gr/~batsakis/Interval-based#30	1
http://www.intelligence.tuc.gr/~batsakis/Interval-based#10 http://www.intelligence.tuc.gr/~batsakis/Interval-based#d_ov_s http://www.intelligence.tuc.gr/~batsakis/Interval-based#31	1
http://www.intelligence.tuc.gr/~batsakis/Interval-based#10 http://www.intelligence.tuc.gr/~batsakis/Interval-based#d_ov_s http://www.intelligence.tuc.gr/~batsakis/Interval-based#32	1
http://www.intelligence.tuc.gr/~batsakis/Interval-based#10 http://www.intelligence.tuc.gr/~batsakis/Interval-based#b http://www.intelligence.tuc.gr/~batsakis/Interval-based#33	1
http://www.intelligence.tuc.gr/~batsakis/Interval-based#10 http://www.intelligence.tuc.gr/~batsakis/Interval-based#oi http://www.intelligence.tuc.gr/~batsakis/Interval-based#34	1
http://www.intelligence.tuc.gr/~batsakis/Interval-based#10 http://www.intelligence.tuc.gr/~batsakis/Interval-based#ov http://www.intelligence.tuc.gr/~batsakis/Interval-based#35	1
http://www.intelligence.tuc.gr/~batsakis/Interval-based#10 http://www.intelligence.tuc.gr/~batsakis/Interval-based#d http://www.intelligence.tuc.gr/~batsakis/Interval-based#36	1
http://www.intelligence.tuc.gr/~batsakis/Interval-based#10 http://www.intelligence.tuc.gr/~batsakis/Interval-based#si http://www.intelligence.tuc.gr/~batsakis/Interval-based#37	1
http://www.intelligence.tuc.gr/~batsakis/Interval-based#10 http://www.intelligence.tuc.gr/~batsakis/Interval-based#d http://www.intelligence.tuc.gr/~batsakis/Interval-based#38	1
http://www.intelligence.tuc.gr/~batsakis/Interval-based#10 http://www.intelligence.tuc.gr/~batsakis/Interval-based#ov http://www.intelligence.tuc.gr/~batsakis/Interval-based#39	1
http://www.intelligence.tuc.gr/~batsakis/Interval-based#10 http://www.intelligence.tuc.gr/~batsakis/Interval-based#di_oi_si http://www.intelligence.tuc.gr/~batsakis/Interval-based#40	1
http://www.intelligence.tuc.gr/~batsakis/Interval-based#10 http://www.intelligence.tuc.gr/~batsakis/Interval-based#di_oi_si http://www.intelligence.tuc.gr/~batsakis/Interval-based#41	1
http://www.intelligence.tuc.gr/~batsakis/Interval-based#10 http://www.intelligence.tuc.gr/~batsakis/Interval-based#b_ov_m http://www.intelligence.tuc.gr/~batsakis/Interval-based#42	1
http://www.intelligence.tuc.gr/~batsakis/Interval-based#10 http://www.intelligence.tuc.gr/~batsakis/Interval-based#d_oi_f http://www.intelligence.tuc.gr/~batsakis/Interval-based#43	1
http://www.intelligence.tuc.gr/~batsakis/Interval-based#10 http://www.intelligence.tuc.gr/~batsakis/Interval-based#di http://www.intelligence.tuc.gr/~batsakis/Interval-based#44	1
http://www.intelligence.tuc.gr/~batsakis/Interval-based#10 http://www.intelligence.tuc.gr/~batsakis/Interval-based#oi http://www.intelligence.tuc.gr/~batsakis/Interval-based#45	1
http://www.intelligence.tuc.gr/~batsakis/Interval-based#10 http://www.intelligence.tuc.gr/~batsakis/Interval-based#oi http://www.intelligence.tuc.gr/~batsakis/Interval-based#46	1
http://www.intelligence.tuc.gr/~batsakis/Interval-based#10 http://www.intelligence.tuc.gr/~batsakis/Interval-based#di http://www.intelligence.tuc.gr/~batsakis/Interval-based#47	1
http://www.intelligence.tuc.gr/~batsakis/Interval-based#10 http://www.intelligence.tuc.gr/~batsakis/Interval-based#b_ov_m http://www.intelligence.tuc.gr/~batsakis/Interval-based#48	1
http://www.intelligence.tuc.gr/~batsakis/Interval-based#10 http://www.intelligence.tuc.gr/~batsakis/Interval-based#b http://www.intelligence.tuc.gr/~batsakis/Interval-based#49	1
http://www.intelligence.tuc.gr/~batsakis/Interval-based#10 http://www.intelligence.tuc.gr/~batsakis/Interval-based#b http://www.intelligence.tuc.gr/~batsakis/Interval-based#50	1
http://www.intelligence.tuc.gr/~batsakis/Interval-based#10 http://www.intelligence.tuc.gr/~batsakis/Interval-based#oi http://www.intelligence.tuc.gr/~batsakis/Interval-based#51	1
http://www.intelligence.tuc.gr/~batsakis/Interval-based#10 http://www.intelligence.tuc.gr/~batsakis/Interval-based#eq http://www.intelligence.tuc.gr/~batsakis/Interval-based#52	1
http://www.intelligence.tuc.gr/~batsakis/Interval-based#10 http://www.intelligence.tuc.gr/~batsakis/Interval-based#ov http://www.intelligence.tuc.gr/~batsakis/Interval-based#53	1
http://www.intelligence.tuc.gr/~batsakis/Interval-based#10 http://www.intelligence.tuc.gr/~batsakis/Interval-based#b_ov_m http://www.intelligence.tuc.gr/~batsakis/Interval-based#54	1
http://www.intelligence.tuc.gr/~batsakis/Interval-based#10 http://www.intelligence.tuc.gr/~batsakis/Interval-based#oi http://www.intelligence.tuc.gr/~batsakis/Interval-based#55	1
http://www.intelligence.tuc.gr/~batsakis/Interval-based#10 http://www.intelligence.tuc.gr/~batsakis/Interval-based#di_oi_si http://www.intelligence.tuc.gr/~batsakis/Interval-based#56	1
http://www.intelligence.tuc.gr/~batsakis/Interval-based#10 http://www.intelligence.tuc.gr/~batsakis/Interval-based#oi http://www.intelligence.tuc.gr/~batsakis/Interval-based#57	1
http://www.intelligence.tuc.gr/~batsakis/Interval-based#10 http://www.intelligence.tuc.gr/~batsakis/Interval-based#f http://www.intelligence.tuc.gr/~batsakis/Interval-based#58	1
http://www.intelligence.tuc.gr/~batsakis/Interval-based#10 http://www.intelligence.tuc.gr/~batsakis/Interval-based#ov http://www.intelligence.tuc.gr/~batsakis/Interval-based#59	1
http://www.intelligence.tuc.gr/~batsakis/Interval-based#10 http://www.intelligence.tuc.gr/~batsakis/Interval-based#d_oi_f http://www.intelligence.tuc.gr/~batsakis/Interval-based#60	1
http://www.intelligence.tuc.gr/~batsakis/Interval-based#10 http://www.intelligence.tuc.gr/~batsakis/Interval-based#b_ov_m http://www.intelligence.tuc.gr/~batsakis/Interval-based#61	1
http://www.intelligence.tuc.gr/~batsakis/Interval-based#10 http://www.intelligence.tuc.gr/~batsakis/Interval-based#d http://www.intelligence.tuc.gr/~batsakis/Interval-based#62	1
http://www.intelligence.tuc.gr/~batsakis/Interval-based#10 http://www.intelligence.tuc.gr/~batsakis/Interval-based#d_ov_s http://www.intelligence.tuc.gr/~batsakis/Interval-based#63	1
http://www.intelligence.tuc.gr/~batsakis/Interval-based#11 http://www.intelligence.tuc.gr/~batsakis/Interval-based#m http://www.intelligence.tuc.gr/~batsakis/Interval-based#0	1
http://www.intelligence.tuc.gr/~batsakis/Interval-based#11 http://www.intelligence.tuc.gr/~batsakis/Interval-based#d http://www.intelligence.tuc.gr/~batsakis/Interval-based#1	1
http://www.intelligence.tuc.gr/~batsakis/Interval-based#11 http://www.intelligence.tuc.gr/~batsakis/Interval-based#b http://www.intelligence.tuc.gr/~batsakis/Interval-based#2	1
http://www.intelligence.tuc.gr/~batsakis/Interval-based#11 http://www.intelligence.tuc.gr/~batsakis/Interval-based#d_ov_s http://www.intelligence.tuc.gr/~batsakis/Interval-based#3	1
http://www.intelligence.tuc.gr/~batsakis/Interval-based#11 http://www.intelligence.tuc.gr/~batsakis/Interval-based#b http://www.intelligence.tuc.gr/~batsakis/Interval-based#4	1
http://www.intelligence.tuc.gr/~batsakis/Interval-based#11 http://www.intelligence.tuc.gr/~batsakis/Interval-based#di_oi_si http://www.intelligence.tuc.gr/~batsakis/Interval-based#5	1
http://www.intelligence.tuc.gr/~batsakis/Interval-based#11 http://www.intelligence.tuc.gr/~batsakis/Interval-based#b http://www.intelligence.tuc.gr/~batsakis/Interval-based#6	1
http://www.intelligence.tuc.gr/~batsakis/Interval-based#11 http://www.intelligence.tuc.gr/~batsakis/Interval-based#d_ov_s http://www.intelligence.tuc.gr/~batsakis/Interval-based#7	1
http://www.intelligence.tuc.gr/~batsakis/Interval-based#11 http://www.intelligence.tuc.gr/~batsakis/Interval-based#m http://www.intelligence.tuc.gr/~batsakis/Interval-based#8	1
http://www.intelligence.tuc.gr/~batsakis/Interval-based#11 http://www.intelligence.tuc.gr/~batsakis/Interval-based#ov http://www.intelligence.tuc.gr/~batsakis/Interval-based#9	1
http://www.intelligence.tuc.gr/~batsakis/Interval-based#11 http://www.intelligence.tuc.gr/~batsakis/Interval-based#ov http://www.intelligence.tuc.gr/~batsakis/Interval-based#10	1
http://www.intelligence.tuc.gr/~batsakis/Interval-based#11 http://www.intelligence.tuc.gr/~batsakis/Interval-based#d http://www.intelligence.tuc.gr/~batsakis/Interval-based#12	1
http://www.intelligence.tuc.gr/~batsakis/Interval-based#11 http://www.intelligence.tuc.gr/~batsakis/Interval-based#b http://www.intelligence.tuc.gr/~batsakis/Interval-based#13	1
http://www.intelligence.tuc.gr/~batsakis/Interval-based#11 http://www.intelligence.tuc.gr/~batsakis/Interval-based#ov http://www.intelligence.tuc.gr/~batsakis/Interval-based#14	1
http://www.intelligence.tuc.gr/~batsakis/Interval-based#11 http://www.intelligence.tuc.gr/~batsakis/Interval-based#d_ov_s http://www.intelligence.tuc.gr/~batsakis/Interval-based#15	1
http://www.intelligence.tuc.gr/~batsakis/Interval-based#11 http://www.intelligence.tuc.gr/~batsakis/Interval-based#oi http://www.intelligence.tuc.gr/~batsakis/Interval-based#16	1
http://www.intelligence.tuc.gr/~batsakis/Interval-based#11 http://www.intelligence.tuc.gr/~batsakis/Interval-based#ov http://www.intelligence.tuc.gr/~batsakis/Interval-based#17	1
http://www.intelligence.tuc.gr/~batsakis/Interval-based#11 http://www.intelligence.tuc.gr/~batsakis/Interval-based#b http://www.intelligence.tuc.gr/~batsakis/Interval-based#18	1
http://www.intelligence.tuc.gr/~batsakis/Interval-based#11 http://www.intelligence.tuc.gr/~batsakis/Interval-based#ov http://www.intelligence.tuc.gr/~batsakis/Interval-based#19	1
http://www.intelligence.tuc.gr/~batsakis/Interval-based#11 http://www.intelligence.tuc.gr/~batsakis/Interval-based#b http://www.intelligence.tuc.gr/~batsakis/Interval-based#20	1
http://www.intelligence.tuc.gr/~batsakis/Interval-based#11 http://www.intelligence.tuc.gr/~batsakis/Interval-based#d http://www.intelligence.tuc.gr/~batsakis/Interval-based#21	1
http://www.intelligence.tuc.gr/~batsakis/Interval-based#11 http://www.intelligence.tuc.gr/~batsakis/Interval-based#b http://www.intelligence.tuc.gr/~batsakis/Interval-based#22	1
http://www.intelligence.tuc.gr/~batsakis/Interval-based#11 http://www.intelligence.tuc.gr/~batsakis/Interval-based#b http://www.intelligence.tuc.gr/~batsakis/Interval-based#23	1
http://www.intelligence.tuc.gr/~batsakis/Interval-based#11 http://www.intelligence.tuc.gr/~batsakis/Interval-based#ov http://www.intelligence.tuc.gr/~batsakis/Interval-based#24	1
http://www.intelligence.tuc.gr/~batsakis/Interval-based#11 http://www.intelligence.tuc.gr/~batsakis/Interval-based#ov http://www.intelligence.tuc.gr/~batsakis/Interval-based#25	1
http://www.intelligence.tuc.gr/~batsakis/Interval-based#11 http://www.intelligence.tuc.gr/~batsakis/Interval-based#di_oi_si http://www.intelligence.tuc.gr/~batsakis/Interval-based#26	1
http://www.intelligence.tuc.gr/~batsakis/Interval-based#11 http://www.intelligence.tuc.gr/~batsakis/Interval-based#d_ov_s http://www.intelligence.tuc.gr/~batsakis/Interval-based#27	1
http://www.intelligence.tuc.gr/~batsakis/Interval-based#11 http://www.intelligence.tuc.gr/~batsakis/Interval-based#b http://www.intelligence.tuc.gr/~batsakis/Interval-based#28	1
http://www.intelligence.tuc.gr/~batsakis/Interval-based#11 http://www.intelligence.tuc.gr/~batsakis/Interval-based#d http://www.intelligence.tuc.gr/~batsakis/Interval-based#29	1
http://www.intelligence.tuc.gr/~batsakis/Interval-based#11 http://www.intelligence.tuc.gr/~batsakis/Interval-based#d_ov_s http://www.intelligence.tuc.gr/~batsakis/Interval-based#30	1
http://www.intelligence.tuc.gr/~batsakis/Interval-based#11 http://www.intelligence.tuc.gr/~batsakis/Interval-based#d_ov_s http://www.intelligence.tuc.gr/~batsakis/Interval-based#31	1
http://www.intelligence.tuc.gr/~batsakis/Interval-based#11 http://www.intelligence.tuc.gr/~batsakis/Interval-based#ov http://www.intelligence.tuc.gr/~batsakis/Interval-based#32	1
http://www.intelligence.tuc.gr/~batsakis/Interval-based#11 http://www.intelligence.tuc.gr/~batsakis/Interval-based#b http://www.intelligence.tuc.gr/~batsakis/Interval-based#33	1
http://www.intelligence.tuc.gr/~batsakis/Interval-based#11 http://www.intelligence.tuc.gr/~batsakis/Interval-based#d_ov_s http://www.intelligence.tuc.gr/~batsakis/Interval-based#34	1
http://www.intelligence.tuc.gr/~batsakis/Interval-based#11 http://www.intelligence.tuc.gr/~batsakis/Interval-based#ov http://www.intelligence.tuc.gr/~batsakis/Interval-based#35	1
http://www.intelligence.tuc.gr/~batsakis/Interval-based#11 http://www.intelligence.tuc.gr/~batsakis/Interval-based#ov http://www.intelligence.tuc.gr/~batsakis/Interval-based#36	1
http://www.intelligence.tuc.gr/~batsakis/Interval-based#11 http://www.intelligence.tuc.gr/~batsakis/Interval-based#ov http://www.intelligence.tuc.gr/~batsakis/Interval-based#37	1
http://www.intelligence.tuc.gr/~batsakis/Interval-based#11 http://www.intelligence.tuc.gr/~batsakis/Interval-based#d http://www.intelligence.tuc.gr/~batsakis/Interval-based#38	1
http://www.intelligence.tuc.gr/~batsakis/Interval-based#11 http://www.intelligence.tuc.gr/~batsakis/Interval-based#b http://www.intelligence.tuc.gr/~batsakis/Interval-based#39	1
http://www.intelligence.tuc.gr/~batsakis/Interval-based#11 http://www.intelligence.tuc.gr/~batsakis/Interval-based#di_oi_si http://www.intelligence.tuc.gr/~batsakis/Interval-based#40	1
http://www.intelligence.tuc.gr/~batsakis/Interval-based#11 http://www.intelligence.tuc.gr/~batsakis/Interval-based#di http://www.intelligence.tuc.gr/~batsakis/Interval-based#41	1
http://www.intelligence.tuc.gr/~batsakis/Interval-based#11 http://www.intelligence.tuc.gr/~batsakis/Interval-based#b_ov_m http://www.intelligence.tuc.gr/~batsakis/Interval-based#42	1
http://www.intelligence.tuc.gr/~batsakis/Interval-based#11 http://www.intelligence.tuc.gr/~batsakis/Interval-based#d_ov_s http://www.intelligence.tuc.gr/~batsakis/Interval-based#43	1
http://www.intelligence.tuc.gr/~batsakis/Interval-based#11 http://www.intelligence.tuc.gr/~batsakis/Interval-based#di http://www.intelligence.tuc.gr/~batsakis/Interval-based#44	1
http://www.intelligence.tuc.gr/~batsakis/Interval-based#11 http://www.intelligence.tuc.gr/~batsakis/Interval-based#fi http://www.intelligence.tuc.gr/~batsakis/Interval-based#45	1
http://www.intelligence.tuc.gr/~batsakis/Interval-based#11 http://www.intelligence.tuc.gr/~batsakis/Interval-based#d_ov_s http://www.intelligence.tuc.gr/~batsakis/Interval-based#46	1
http://www.intelligence.tuc.gr/~batsakis/Interval-based#11 http://www.intelligence.tuc.gr/~batsakis/Interval-based#ov http://www.intelligence.tuc.gr/~batsakis/Interval-based#47	1
http://www.intelligence.tuc.gr/~batsakis/Interval-based#11 http://www.intelligence.tuc.gr/~batsakis/Interval-based#b http://www.intelligence.tuc.gr/~batsakis/Interval-based#48	1
http://www.intelligence.tuc.gr/~batsakis/Interval-based#11 http://www.intelligence.tuc.gr/~batsakis/Interval-based#b http://www.intelligence.tuc.gr/~batsakis/Interval-based#49	1
http://www.intelligence.tuc.gr/~batsakis/Interval-based#11 http://www.intelligence.tuc.gr/~batsakis/Interval-based#b http://www.intelligence.tuc.gr/~batsakis/Interval-based#50	1
http://www.intelligence.tuc.gr/~batsakis/Interval-based#11 http://www.intelligence.tuc.gr/~batsakis/Interval-based#f_fi_eq http://www.intelligence.tuc.gr/~batsakis/Interval-based#51	1
http://www.intelligence.tuc.gr/~batsakis/Interval-based#11 http://www.intelligence.tuc.gr/~batsakis/Interval-based#ov http://www.intelligence.tuc.gr/~batsakis/Interval-based#52	1
http://www.intelligence.tuc.gr/~batsakis/Interval-based#11 http://www.intelligence.tuc.gr/~batsakis/Interval-based#ov http://www.intelligence.tuc.gr/~batsakis/Interval-based#53	1
http://www.intelligence.tuc.gr/~batsakis/Interval-based#11 http://www.intelligence.tuc.gr/~batsakis/Interval-based#b http://www.intelligence.tuc.gr/~batsakis/Interval-based#54	1
http://www.intelligence.tuc.gr/~batsakis/Interval-based#11 http://www.intelligence.tuc.gr/~batsakis/Interval-based#ov http://www.intelligence.tuc.gr/~batsakis/Interval-based#55	1
http://www.intelligence.tuc.gr/~batsakis/Interval-based#11 http://www.intelligence.tuc.gr/~batsakis/Interval-based#di_oi_si http://www.intelligence.tuc.gr/~batsakis/Interval-based#56	1
http://www.intelligence.tuc.gr/~batsakis/Interval-based#11 http://www.intelligence.tuc.gr/~batsakis/Interval-based#d_ov_s http://www.intelligence.tuc.gr/~batsakis/Interval-based#57	1
http://www.intelligence.tuc.gr/~batsakis/Interval-based#11 http://www.intelligence.tuc.gr/~batsakis/Interval-based#d http://www.intelligence.tuc.gr/~batsakis/Interval-based#58	1
http://www.intelligence.tuc.gr/~batsakis/Interval-based#11 http://www.intelligence.tuc.gr/~batsakis/Interval-based#b http://www.intelligence.tuc.gr/~batsakis/Interval-based#59	1
http://www.intelligence.tuc.gr/~batsakis/Interval-based#11 http://www.intelligence.tuc.gr/~batsakis/Interval-based#d_ov_s http://www.intelligence.tuc.gr/~batsakis/Interval-based#60	1
http://www.intelligence.tuc.gr/~batsakis/Interval-based#11 http://www.intelligence.tuc.gr/~batsakis/Interval-based#b http://www.intelligence.tuc.gr/~batsakis/Interval-based#61	1
http://www.intelligence.tuc.gr/~batsakis/Interval-based#11 http://www.intelligence.tuc.gr/~batsakis/Interval-based#d http://www.intelligence.tuc.gr/~batsakis/Interval-based#62	1
http://www.intelligence.tuc.gr/~batsakis/Interval-based#11 http://www.intelligence.tuc.gr/~batsakis/Interval-based#d_ov_s http://www.intelligence.tuc.gr/~batsakis/Interval-based#63	1
http://www.intelligence.tuc.gr/~batsakis/Interval-based#12 http://www.intelligence.tuc.gr/~batsakis/Interval-based#ov http://www.intelligence.tuc.gr/~batsakis/Interval-based#0	1
http://www.intelligence.tuc.gr/~batsakis/Interval-based#12 http://www.intelligence.tuc.gr/~batsakis/Interval-based#d http://www.intelligence.tuc.gr/~batsakis/Interval-based#1	1
http://www.intelligence.tuc.gr/~batsakis/Interval-based#12 http://www.intelligence.tuc.gr/~batsakis/Interval-based#ov http://www.intelligence.tuc.gr/~batsakis/Interval-based#2	1
http://www.intelligence.tuc.gr/~batsakis/Interval-based#12 http://www.intelligence.tuc.gr/~batsakis/Interval-based#di http://www.intelligence.tuc.gr/~batsakis/Interval-based#3	1
http://www.intelligence.tuc.gr/~batsakis/Interval-based#12 http://www.intelligence.tuc.gr/~batsakis/Interval-based#b http://www.intelligence.tuc.gr/~batsakis/Interval-based#4	1
http://www.intelligence.tuc.gr/~batsakis/Interval-based#12 http://www.intelligence.tuc.gr/~batsakis/Interval-based#di http://www.intelligence.tuc.gr/~batsakis/Interval-based#5	1
http://www.intelligence.tuc.gr/~batsakis/Interval-based#12 http://www.intelligence.tuc.gr/~batsakis/Interval-based#ov http://www.intelligence.tuc.gr/~batsakis/Interval-based#6	1
http://www.intelligence.tuc.gr/~batsakis/Interval-based#12 http://www.intelligence.tuc.gr/~batsakis/Interval-based#ov http://www.intelligence.tuc.gr/~batsakis/Interval-based#7	1
http://www.intelligence.tuc.gr/~batsakis/Interval-based#12 http://www.intelligence.tuc.gr/~batsakis/Interval-based#di http://www.intelligence.tuc.gr/~batsakis/Interval-based#8	1
http://www.intelligence.tuc.gr/~batsakis/Interval-based#12 http://www.intelligence.tuc.gr/~batsakis/Interval-based#ov http://www.intelligence.tuc.gr/~batsakis/Interval-based#9	1
http://www.intelligence.tuc.gr/~batsakis/Interval-based#12 http://www.intelligence.tuc.gr/~batsakis/Interval-based#fi http://www.intelligence.tuc.gr/~batsakis/Interval-based#10	1
http://www.intelligence.tuc.gr/~batsakis/Interval-based#12 http://www.intelligence.tuc.gr/~batsakis/Interval-based#di http://www.intelligence.tuc.gr/~batsakis/Interval-based#11	1
http://www.intelligence.tuc.gr/~batsakis/Interval-based#12 http://www.intelligence.tuc.gr/~batsakis/Interval-based#ov http://www.intelligence.tuc.gr/~batsakis/Interval-based#13	1
http://www.intelligence.tuc.gr/~batsakis/Interval-based#12 http://www.intelligence.tuc.gr/~batsakis/Interval-based#di http://www.intelligence.tuc.gr/~batsakis/Interval-based#14	1
http://www.intelligence.tuc.gr/~batsakis/Interval-based#12 http://www.intelligence.tuc.gr/~batsakis/Interval-based#di http://www.intelligence.tuc.gr/~batsakis/Interval-based#15	1
http://www.intelligence.tuc.gr/~batsakis/Interval-based#12 http://www.intelligence.tuc.gr/~batsakis/Interval-based#di http://www.intelligence.tuc.gr/~batsakis/Interval-based#16	1
http://www.intelligence.tuc.gr/~batsakis/Interval-based#12 http://www.intelligence.tuc.gr/~batsakis/Interval-based#di http://www.intelligence.tuc.gr/~batsakis/Interval-based#17	1
http://www.intelligence.tuc.gr/~batsakis/Interval-based#12 http://www.intelligence.tuc.gr/~batsakis/Interval-based#b http://www.intelligence.tuc.gr/~batsakis/Interval-based#18	1
http://www.intelligence.tuc.gr/~batsakis/Interval-based#12 http://www.intelligence.tuc.gr/~batsakis/Interval-based#di http://www.intelligence.tuc.gr/~batsakis/Interval-based#19	1
http://www.intelligence.tuc.gr/~batsakis/Interval-based#12 http://www.intelligence.tuc.gr/~batsakis/Interval-based#b http://www.intelligence.tuc.gr/~batsakis/Interval-based#20	1
http://www.intelligence.tuc.gr/~batsakis/Interval-based#12 http://www.intelligence.tuc.gr/~batsakis/Interval-based#ov http://www.intelligence.tuc.gr/~batsakis/Interval-based#21	1
http://www.intelligence.tuc.gr/~batsakis/Interval-based#12 http://www.intelligence.tuc.gr/~batsakis/Interval-based#ov http://www.intelligence.tuc.gr/~batsakis/Interval-based#22	1
http://www.intelligence.tuc.gr/~batsakis/Interval-based#12 http://www.intelligence.tuc.gr/~batsakis/Interval-based#b_ov_m http://www.intelligence.tuc.gr/~batsakis/Interval-based#23	1
http://www.intelligence.tuc.gr/~batsakis/Interval-based#12 http://www.intelligence.tuc.gr/~batsakis/Interval-based#ov http://www.intelligence.tuc.gr/~batsakis/Interval-based#24	1
http://www.intelligence.tuc.gr/~batsakis/Interval-based#12 http://www.intelligence.tuc.gr/~batsakis/Interval-based#ov http://www.intelligence.tuc.gr/~batsakis/Interval-based#25	1
http://www.intelligence.tuc.gr/~batsakis/Interval-based#12 http://www.intelligence.tuc.gr/~batsakis/Interval-based#di http://www.intelligence.tuc.gr/~batsakis/Interval-based#26	1
http://www.intelligence.tuc.gr/~batsakis/Interval-based#12 http://www.intelligence.tuc.gr/~batsakis/Interval-based#ov http://www.intelligence.tuc.gr/~batsakis/Interval-based#27	1
http://www.intelligence.tuc.gr/~batsakis/Interval-based#12 http://www.intelligence.tuc.gr/~batsakis/Interval-based#ov http://www.intelligence.tuc.gr/~batsakis/Interval-based#28	1
http://www.intelligence.tuc.gr/~batsakis/Interval-based#12 http://www.intelligence.tuc.gr/~batsakis/Interval-based#eq http://www.intelligence.tuc.gr/~batsakis/Interval-based#29	1
http://www.intelligence.tuc.gr/~batsakis/Interval-based#12 http://www.intelligence.tuc.gr/~batsakis/Interval-based#d_di_ov_oi_s_si_f_fi_eq http://www.intelligence.tuc.gr/~batsakis/Interval-based#30	1
http://www.intelligence.tuc.gr/~batsakis/Interval-based#12 http://www.intelligence.tuc.gr/~batsakis/Interval-based#ov http://www.intelligence.tuc.gr/~batsakis/Interval-based#31	1
http://www.intelligence.tuc.gr/~batsakis/Interval-based#12 http://www.intelligence.tuc.gr/~batsakis/Interval-based#ov http://www.intelligence.tuc.gr/~batsakis/Interval-based#32	1
http://www.intelligence.tuc.gr/~batsakis/Interval-based#12 http://www.intelligence.tuc.gr/~batsakis/Interval-based#b http://www.intelligence.tuc.gr/~batsakis/Interval-based#33	1
http://www.intelligence.tuc.gr/~batsakis/Interval-based#12 http://www.intelligence.tuc.gr/~batsakis/Interval-based#di http://www.intelligence.tuc.gr/~batsakis/Interval-based#34	1
http://www.intelligence.tuc.gr/~batsakis/Interval-based#12 http://www.intelligence.tuc.gr/~batsakis/Interval-based#ov http://www.intelligence.tuc.gr/~batsakis/Interval-based#35	1
http://www.intelligence.tuc.gr/~batsakis/Interval-based#12 http://www.intelligence.tuc.gr/~batsakis/Interval-based#ov http://www.intelligence.tuc.gr/~batsakis/Interval-based#36	1
http://www.intelligence.tuc.gr/~batsakis/Interval-based#12 http://www.intelligence.tuc.gr/~batsakis/Interval-based#di http://www.intelligence.tuc.gr/~batsakis/Interval-based#37	1
http://www.intelligence.tuc.gr/~batsakis/Interval-based#12 http://www.intelligence.tuc.gr/~batsakis/Interval-based#s http://www.intelligence.tuc.gr/~batsakis/Interval-based#38	1
http://www.intelligence.tuc.gr/~batsakis/Interval-based#12 http://www.intelligence.tuc.gr/~batsakis/Interval-based#ov http://www.intelligence.tuc.gr/~batsakis/Interval-based#39	1
http://www.intelligence.tuc.gr/~batsakis/Interval-based#12 http://www.intelligence.tuc.gr/~batsakis/Interval-based#di http://www.intelligence.tuc.gr/~batsakis/Interval-based#40	1
http://www.intelligence.tuc.gr/~batsakis/Interval-based#12 http://www.intelligence.tuc.gr/~batsakis/Interval-based#di http://www.intelligence.tuc.gr/~batsakis/Interval-based#41	1
http://www.intelligence.tuc.gr/~batsakis/Interval-based#12 http://www.intelligence.tuc.gr/~batsakis/Interval-based#b_ov_m http://www.intelligence.tuc.gr/~batsakis/Interval-based#42	1
http://www.intelligence.tuc.gr/~batsakis/Interval-based#12 http://www.intelligence.tuc.gr/~batsakis/Interval-based#di_ov_fi http://www.intelligence.tuc.gr/~batsakis/Interval-based#43	1
http://www.intelligence.tuc.gr/~batsakis/Interval-based#12 http://www.intelligence.tuc.gr/~batsakis/Interval-based#di http://www.intelligence.tuc.gr/~batsakis/Interval-based#44	1
http://www.intelligence.tuc.gr/~batsakis/Interval-based#12 http://www.intelligence.tuc.gr/~batsakis/Interval-based#di http://www.intelligence.tuc.gr/~batsakis/Interval-based#45	1
http://www.intelligence.tuc.gr/~batsakis/Interval-based#12 http://www.intelligence.tuc.gr/~batsakis/Interval-based#di_oi_si http://www.intelligence.tuc.gr/~batsakis/Interval-based#46	1
http://www.intelligence.tuc.gr/~batsakis/Interval-based#12 http://www.intelligence.tuc.gr/~batsakis/Interval-based#di http://www.intelligence.tuc.gr/~batsakis/Interval-based#47	1
http://www.intelligence.tuc.gr/~batsakis/Interval-based#12 http://www.intelligence.tuc.gr/~batsakis/Interval-based#b_ov_m http://www.intelligence.tuc.gr/~batsakis/Interval-based#48	1
http://www.intelligence.tuc.gr/~batsakis/Interval-based#12 http://www.intelligence.tuc.gr/~batsakis/Interval-based#b http://www.intelligence.tuc.gr/~batsakis/Interval-based#49	1
http://www.intelligence.tuc.gr/~batsakis/Interval-based#12 http://www.intelligence.tuc.gr/~batsakis/Interval-based#b http://www.intelligence.tuc.gr/~batsakis/Interval-based#50	1
http://www.intelligence.tuc.gr/~batsakis/Interval-based#12 http://www.intelligence.tuc.gr/~batsakis/Interval-based#di http://www.intelligence.tuc.gr/~batsakis/Interval-based#51	1
http://www.intelligence.tuc.gr/~batsakis/Interval-based#12 http://www.intelligence.tuc.gr/~batsakis/Interval-based#fi http://www.intelligence.tuc.gr/~batsakis/Interval-based#52	1
http://www.intelligence.tuc.gr/~batsakis/Interval-based#12 http://www.intelligence.tuc.gr/~batsakis/Interval-based#ov http://www.intelligence.tuc.gr/~batsakis/Interval-based#53	1
http://www.intelligence.tuc.gr/~batsakis/Interval-based#12 http://www.intelligence.tuc.gr/~batsakis/Interval-based#b_ov_m http://www.intelligence.tuc.gr/~batsakis/Interval-based#54	1
http://www.intelligence.tuc.gr/~batsakis/Interval-based#12 http://www.intelligence.tuc.gr/~batsakis/Interval-based#di http://www.intelligence.tuc.gr/~batsakis/Interval-based#55	1
http://www.intelligence.tuc.gr/~batsakis/Interval-based#12 http://www.intelligence.tuc.gr/~batsakis/Interval-based#di http://www.intelligence.tuc.gr/~batsakis/Interval-based#56	1
http://www.intelligence.tuc.gr/~batsakis/Interval-based#12 http://www.intelligence.tuc.gr/~batsakis/Interval-based#di http://www.intelligence.tuc.gr/~batsakis/Interval-based#57	1
http://www.intelligence.tuc.gr/~batsakis/Interval-based#12 http://www.intelligence.tuc.gr/~batsakis/Interval-based#eq http://www.intelligence.tuc.gr/~batsakis/Interval-based#58	1
http://www.intelligence.tuc.gr/~batsakis/Interval-based#12 http://www.intelligence.tuc.gr/~batsakis/Interval-based#ov http://www.intelligence.tuc.gr/~batsakis/Interval-based#59	1
http://www.intelligence.tuc.gr/~batsakis/Interval-based#12 http://www.intelligence.tuc.gr/~batsakis/Interval-based#di_ov_fi http://www.intelligence.tuc.gr/~batsakis/Interval-based#60	1
http://www.intelligence.tuc.gr/~batsakis/Interval-based#12 http://www.intelligence.tuc.gr/~batsakis/Interval-based#b_ov_m http://www.intelligence.tuc.gr/~batsakis/Interval-based#61	1
http://www.intelligence.tuc.gr/~batsakis/Interval-based#12 http://www.intelligence.tuc.gr/~batsakis/Interval-based#ov http://www.intelligence.tuc.gr/~batsakis/Interval-based#62	1
http://www.intelligence.tuc.gr/~batsakis/Interval-based#12 http://www.intelligence.tuc.gr/~batsakis/Interval-based#ov http://www.intelligence.tuc.gr/~batsakis/Interval-based#63	1
http://www.intelligence.tuc.gr/~batsakis/Interval-based#13 http://www.intelligence.tuc.gr/~batsakis/Interval-based#f http://www.intelligence.tuc.gr/~batsakis/Interval-based#0	1
http://www.intelligence.tuc.gr/~batsakis/Interval-based#13 http://www.intelligence.tuc.gr/~batsakis/Interval-based#oi http://www.intelligence.tuc.gr/~batsakis/Interval-based#1	1
http://www.intelligence.tuc.gr/~batsakis/Interval-based#13 http://www.intelligence.tuc.gr/~batsakis/Interval-based#di_oi_si http://www.intelligence.tuc.gr/~batsakis/Interval-based#2	1
http://www.intelligence.tuc.gr/~batsakis/Interval-based#13 http://www.intelligence.tuc.gr/~batsakis/Interval-based#oi http://www.intelligence.tuc.gr/~batsakis/Interval-based#3	1
http://www.intelligence.tuc.gr/~batsakis/Interval-based#13 http://www.intelligence.tuc.gr/~batsakis/Interval-based#di http://www.intelligence.tuc.gr/~batsakis/Interval-based#4	1
http://www.intelligence.tuc.gr/~batsakis/Interval-based#13 http://www.intelligence.tuc.gr/~batsakis/Interval-based#a http://www.intelligence.tuc.gr/~batsakis/Interval-based#5	1
http://www.intelligence.tuc.gr/~batsakis/Interval-based#13 http://www.intelligence.tuc.gr/~batsakis/Interval-based#di_oi_si http://www.intelligence.tuc.gr/~batsakis/Interval-based#6	1
http://www.intelligence.tuc.gr/~batsakis/Interval-based#13 http://www.intelligence.tuc.gr/~batsakis/Interval-based#oi http://www.intelligence.tuc.gr/~batsakis/Interval-based#7	1
http://www.intelligence.tuc.gr/~batsakis/Interval-based#13 http://www.intelligence.tuc.gr/~batsakis/Interval-based#a http://www.intelligence.tuc.gr/~batsakis/Interval-based#8	1
http://www.intelligence.tuc.gr/~batsakis/Interval-based#13 http://www.intelligence.tuc.gr/~batsakis/Interval-based#oi http://www.intelligence.tuc.gr/~batsakis/Interval-based#9	1
http://www.intelligence.tuc.gr/~batsakis/Interval-based#13 http://www.intelligence.tuc.gr/~batsakis/Interval-based#oi http://www.intelligence.tuc.gr/~batsakis/Interval-based#10	1
http://www.intelligence.tuc.gr/~batsakis/Interval-based#13 http://www.intelligence.tuc.gr/~batsakis/Interval-based#a http://www.intelligence.tuc.gr/~batsakis/Interval-based#11	1
http://www.intelligence.tuc.gr/~batsakis/Interval-based#13 http://www.intelligence.tuc.gr/~batsakis/Interval-based#oi http://www.intelligence.tuc.gr/~batsakis/Interval-based#12	1
http://www.intelligence.tuc.gr/~batsakis/Interval-based#13 http://www.intelligence.tuc.gr/~batsakis/Interval-based#a_oi_mi http://www.intelligence.tuc.gr/~batsakis/Interval-based#14	1
http://www.intelligence.tuc.gr/~batsakis/Interval-based#13 http://www.intelligence.tuc.gr/~batsakis/Interval-based#a_oi_mi http://www.intelligence.tuc.gr/~batsakis/Interval-based#15	1
http://www.intelligence.tuc.gr/~batsakis/Interval-based#13 http://www.intelligence.tuc.gr/~batsakis/Interval-based#a http://www.intelligence.tuc.gr/~batsakis/Interval-based#16	1
http://www.intelligence.tuc.gr/~batsakis/Interval-based#13 http://www.intelligence.tuc.gr/~batsakis/Interval-based#a_oi_mi http://www.intelligence.tuc.gr/~batsakis/Interval-based#17	1
http://www.intelligence.tuc.gr/~batsakis/Interval-based#13 http://www.intelligence.tuc.gr/~batsakis/Interval-based#b_di_ov_m_fi http://www.intelligence.tuc.gr/~batsakis/Interval-based#18	1
http://www.intelligence.tuc.gr/~batsakis/Interval-based#13 http://www.intelligence.tuc.gr/~batsakis/Interval-based#mi http://www.intelligence.tuc.gr/~batsakis/Interval-based#19	1
http://www.intelligence.tuc.gr/~batsakis/Interval-based#13 http://www.intelligence.tuc.gr/~batsakis/Interval-based#di_ov_fi http://www.intelligence.tuc.gr/~batsakis/Interval-based#20	1
http://www.intelligence.tuc.gr/~batsakis/Interval-based#13 http://www.intelligence.tuc.gr/~batsakis/Interval-based#oi http://www.intelligence.tuc.gr/~batsakis/Interval-based#21	1
http://www.intelligence.tuc.gr/~batsakis/Interval-based#13 http://www.intelligence.tuc.gr/~batsakis/Interval-based#di_oi_si http://www.intelligence.tuc.gr/~batsakis/Interval-based#22	1
http://www.intelligence.tuc.gr/~batsakis/Interval-based#13 http://www.intelligence.tuc.gr/~batsakis/Interval-based#di_ov_fi http://www.intelligence.tuc.gr/~batsakis/Interval-based#23	1
http://www.intelligence.tuc.gr/~batsakis/Interval-based#13 http://www.intelligence.tuc.gr/~batsakis/Interval-based#oi http://www.intelligence.tuc.gr/~batsakis/Interval-based#24	1
http://www.intelligence.tuc.gr/~batsakis/Interval-based#13 http://www.intelligence.tuc.gr/~batsakis/Interval-based#oi http://www.intelligence.tuc.gr/~batsakis/Interval-based#25	1
http://www.intelligence.tuc.gr/~batsakis/Interval-based#13 http://www.intelligence.tuc.gr/~batsakis/Interval-based#a http://www.intelligence.tuc.gr/~batsakis/Interval-based#26	1
http://www.intelligence.tuc.gr/~batsakis/Interval-based#13 http://www.intelligence.tuc.gr/~batsakis/Interval-based#oi http://www.intelligence.tuc.gr/~batsakis/Interval-based#27	1
http://www.intelligence.tuc.gr/~batsakis/Interval-based#13 http://www.intelligence.tuc.gr/~batsakis/Interval-based#f http://www.intelligence.tuc.gr/~batsakis/Interval-based#28	1
http://www.intelligence.tuc.gr/~batsakis/Interval-based#13 http://www.intelligence.tuc.gr/~batsakis/Interval-based#oi http://www.intelligence.tuc.gr/~batsakis/Interval-based#29	1
http://www.intelligence.tuc.gr/~batsakis/Interval-based#13 http://www.intelligence.tuc.gr/~batsakis/Interval-based#a_oi_mi http://www.intelligence.tuc.gr/~batsakis/Interval-based#30	1
http://www.intelligence.tuc.gr/~batsakis/Interval-based#13 http://www.intelligence.tuc.gr/~batsakis/Interval-based#oi http://www.intelligence.tuc.gr/~batsakis/Interval-based#31	1
http://www.intelligence.tuc.gr/~batsakis/Interval-based#13 http://www.intelligence.tuc.gr/~batsakis/Interval-based#oi http://www.intelligence.tuc.gr/~batsakis/Interval-based#32	1
http://www.intelligence.tuc.gr/~batsakis/Interval-based#13 http://www.intelligence.tuc.gr/~batsakis/Interval-based#di_ov_fi http://www.intelligence.tuc.gr/~batsakis/Interval-based#33	1
http://www.intelligence.tuc.gr/~batsakis/Interval-based#13 http://www.intelligence.tuc.gr/~batsakis/Interval-based#a_oi_mi http://www.intelligence.tuc.gr/~batsakis/Interval-based#34	1
http://www.intelligence.tuc.gr/~batsakis/Interval-based#13 http://www.intelligence.tuc.gr/~batsakis/Interval-based#oi http://www.intelligence.tuc.gr/~batsakis/Interval-based#35	1
http://www.intelligence.tuc.gr/~batsakis/Interval-based#13 http://www.intelligence.tuc.gr/~batsakis/Interval-based#oi http://www.intelligence.tuc.gr/~batsakis/Interval-based#36	1
http://www.intelligence.tuc.gr/~batsakis/Interval-based#13 http://www.intelligence.tuc.gr/~batsakis/Interval-based#oi http://www.intelligence.tuc.gr/~batsakis/Interval-based#37	1
http://www.intelligence.tuc.gr/~batsakis/Interval-based#13 http://www.intelligence.tuc.gr/~batsakis/Interval-based#oi http://www.intelligence.tuc.gr/~batsakis/Interval-based#38	1
http://www.intelligence.tuc.gr/~batsakis/Interval-based#13 http://www.intelligence.tuc.gr/~batsakis/Interval-based#oi http://www.intelligence.tuc.gr/~batsakis/Interval-based#39	1
http://www.intelligence.tuc.gr/~batsakis/Interval-based#13 http://www.intelligence.tuc.gr/~batsakis/Interval-based#a http://www.intelligence.tuc.gr/~batsakis/Interval-based#40	1
http://www.intelligence.tuc.gr/~batsakis/Interval-based#13 http://www.intelligence.tuc.gr/~batsakis/Interval-based#a http://www.intelligence.tuc.gr/~batsakis/Interval-based#41	1
http://www.intelligence.tuc.gr/~batsakis/Interval-based#13 http://www.intelligence.tuc.gr/~batsakis/Interval-based#d_di_ov_oi_s_si_f_fi_eq http://www.intelligence.tuc.gr/~batsakis/Interval-based#42	1
http://www.intelligence.tuc.gr/~batsakis/Interval-based#13 http://www.intelligence.tuc.gr/~batsakis/Interval-based#oi http://www.intelligence.tuc.gr/~batsakis/Interval-based#43	1
http://www.intelligence.tuc.gr/~batsakis/Interval-based#13 http://www.intelligence.tuc.gr/~batsakis/Interval-based#a http://www.intelligence.tuc.gr/~batsakis/Interval-based#44	1
http://www.intelligence.tuc.gr/~batsakis/Interval-based#13 http://www.intelligence.tuc.gr/~batsakis/Interval-based#a http://www.intelligence.tuc.gr/~batsakis/Interval-based#45	1
http://www.intelligence.tuc.gr/~batsakis/Interval-based#13 http://www.intelligence.tuc.gr/~batsakis/Interval-based#oi http://www.intelligence.tuc.gr/~batsakis/Interval-based#46	1
http://www.intelligence.tuc.gr/~batsakis/Interval-based#13 http://www.intelligence.tuc.gr/~batsakis/Interval-based#mi http://www.intelligence.tuc.gr/~batsakis/Interval-based#47	1
http://www.intelligence.tuc.gr/~batsakis/Interval-based#13 http://www.intelligence.tuc.gr/~batsakis/Interval-based#di http://www.intelligence.tuc.gr/~batsakis/Interval-based#48	1
http://www.intelligence.tuc.gr/~batsakis/Interval-based#13 http://www.intelligence.tuc.gr/~batsakis/Interval-based#ov http://www.intelligence.tuc.gr/~batsakis/Interval-based#49	1
http://www.intelligence.tuc.gr/~batsakis/Interval-based#13 http://www.intelligence.tuc.gr/~batsakis/Interval-based#di http://www.intelligence.tuc.gr/~batsakis/Interval-based#50	1
http://www.intelligence.tuc.gr/~batsakis/Interval-based#13 http://www.intelligence.tuc.gr/~batsakis/Interval-based#a http://www.intelligence.tuc.gr/~batsakis/Interval-based#51	1
http://www.intelligence.tuc.gr/~batsakis/Interval-based#13 http://www.intelligence.tuc.gr/~batsakis/Interval-based#oi http://www.intelligence.tuc.gr/~batsakis/Interval-based#52	1
http://www.intelligence.tuc.gr/~batsakis/Interval-based#13 http://www.intelligence.tuc.gr/~batsakis/Interval-based#oi http://www.intelligence.tuc.gr/~batsakis/Interval-based#53	1
http://www.intelligence.tuc.gr/~batsakis/Interval-based#13 http://www.intelligence.tuc.gr/~batsakis/Interval-based#di http://www.intelligence.tuc.gr/~batsakis/Interval-based#54	1
http://www.intelligence.tuc.gr/~batsakis/Interval-based#13 http://www.intelligence.tuc.gr/~batsakis/Interval-based#oi http://www.intelligence.tuc.gr/~batsakis/Interval-based#55	1
http://www.intelligence.tuc.gr/~batsakis/Interval-based#13 http://www.intelligence.tuc.gr/~batsakis/Interval-based#a http://www.intelligence.tuc.gr/~batsakis/Interval-based#56	1
http://www.intelligence.tuc.gr/~batsakis/Interval-based#13 http://www.intelligence.tuc.gr/~batsakis/Interval-based#oi http://www.intelligence.tuc.gr/~batsakis/Interval-based#57	1
http://www.intelligence.tuc.gr/~batsakis/Interval-based#13 http://www.intelligence.tuc.gr/~batsakis/Interval-based#oi http://www.intelligence.tuc.gr/~batsakis/Interval-based#58	1
http://www.intelligence.tuc.gr/~batsakis/Interval-based#13 http://www.intelligence.tuc.gr/~batsakis/Interval-based#oi http://www.intelligence.tuc.gr/~batsakis/Interval-based#59	1
http://www.intelligence.tuc.gr/~batsakis/Interval-based#13 http://www.intelligence.tuc.gr/~batsakis/Interval-based#oi http://www.intelligence.tuc.gr/~batsakis/Interval-based#60	1
http://www.intelligence.tuc.gr/~batsakis/Interval-based#13 http://www.intelligence.tuc.gr/~batsakis/Interval-based#di http://www.intelligence.tuc.gr/~batsakis/Interval-based#61	1
http://www.intelligence.tuc.gr/~batsakis/Interval-based#13 http://www.intelligence.tuc.gr/~batsakis/Interval-based#f http://www.intelligence.tuc.gr/~batsakis/Interval-based#62	1
http://www.intelligence.tuc.gr/~batsakis/Interval-based#13 http://www.intelligence.tuc.gr/~batsakis/Interval-based#d http://www.intelligence.tuc.gr/~batsakis/Interval-based#63	1
http://www.intelligence.tuc.gr/~batsakis/Interval-based#14 http://www.intelligence.tuc.gr/~batsakis/Interval-based#ov http://www.intelligence.tuc.gr/~batsakis/Interval-based#0	1
http://www.intelligence.tuc.gr/~batsakis/Interval-based#14 http://www.intelligence.tuc.gr/~batsakis/Interval-based#d http://www.intelligence.tuc.gr/~batsakis/Interval-based#1	1
http://www.intelligence.tuc.gr/~batsakis/Interval-based#14 http://www.intelligence.tuc.gr/~batsakis/Interval-based#ov http://www.intelligence.tuc.gr/~batsakis/Interval-based#2	1
http://www.intelligence.tuc.gr/~batsakis/Interval-based#14 http://www.intelligence.tuc.gr/~batsakis/Interval-based#d_ov_s http://www.intelligence.tuc.gr/~batsakis/Interval-based#3	1
http://www.intelligence.tuc.gr/~batsakis/Interval-based#14 http://www.intelligence.tuc.gr/~batsakis/Interval-based#b http://www.intelligence.tuc.gr/~batsakis/Interval-based#4	1
http://www.intelligence.tuc.gr/~batsakis/Interval-based#14 http://www.intelligence.tuc.gr/~batsakis/Interval-based#a_oi_mi http://www.intelligence.tuc.gr/~batsakis/Interval-based#5	1
http://www.intelligence.tuc.gr/~batsakis/Interval-based#14 http://www.intelligence.tuc.gr/~batsakis/Interval-based#ov http://www.intelligence.tuc.gr/~batsakis/Interval-based#6	1
http://www.intelligence.tuc.gr/~batsakis/Interval-based#14 http://www.intelligence.tuc.gr/~batsakis/Interval-based#d http://www.intelligence.tuc.gr/~batsakis/Interval-based#7	1
http://www.intelligence.tuc.gr/~batsakis/Interval-based#14 http://www.intelligence.tuc.gr/~batsakis/Interval-based#di http://www.intelligence.tuc.gr/~batsakis/Interval-based#8	1
http://www.intelligence.tuc.gr/~batsakis/Interval-based#14 http://www.intelligence.tuc.gr/~batsakis/Interval-based#d_ov_s http://www.intelligence.tuc.gr/~batsakis/Interval-based#9	1
http://www.intelligence.tuc.gr/~batsakis/Interval-based#14 http://www.intelligence.tuc.gr/~batsakis/Interval-based#d http://www.intelligence.tuc.gr/~batsakis/Interval-based#10	1
http://www.intelligence.tuc.gr/~batsakis/Interval-based#14 http://www.intelligence.tuc.gr/~batsakis/Interval-based#oi http://www.intelligence.tuc.gr/~batsakis/Interval-based#11	1
http://www.intelligence.tuc.gr/~batsakis/Interval-based#14 http://www.intelligence.tuc.gr/~batsakis/Interval-based#d http://www.intelligence.tuc.gr/~batsakis/Interval-based#12	1
http://www.intelligence.tuc.gr/~batsakis/Interval-based#14 http://www.intelligence.tuc.gr/~batsakis/Interval-based#b_ov_m http://www.intelligence.tuc.gr/~batsakis/Interval-based#13	1
http://www.intelligence.tuc.gr/~batsakis/Interval-based#14 http://www.intelligence.tuc.gr/~batsakis/Interval-based#f http://www.intelligence.tuc.gr/~batsakis/Interval-based#15	1
http://www.intelligence.tuc.gr/~batsakis/Interval-based#14 http://www.intelligence.tuc.gr/~batsakis/Interval-based#a_oi_mi http://www.intelligence.tuc.gr/~batsakis/Interval-based#16	1
http://www.intelligence.tuc.gr/~batsakis/Interval-based#14 http://www.intelligence.tuc.gr/~batsakis/Interval-based#eq http://www.intelligence.tuc.gr/~batsakis/Interval-based#17	1
http://www.intelligence.tuc.gr/~batsakis/Interval-based#14 http://www.intelligence.tuc.gr/~batsakis/Interval-based#b http://www.intelligence.tuc.gr/~batsakis/Interval-based#18	1
http://www.intelligence.tuc.gr/~batsakis/Interval-based#14 http://www.intelligence.tuc.gr/~batsakis/Interval-based#d_di_ov_oi_s_si_f_fi_eq http://www.intelligence.tuc.gr/~batsakis/Interval-based#19	1
http://www.intelligence.tuc.gr/~batsakis/Interval-based#14 http://www.intelligence.tuc.gr/~batsakis/Interval-based#b http://www.intelligence.tuc.gr/~batsakis/Interval-based#20	1
http://www.intelligence.tuc.gr/~batsakis/Interval-based#14 http://www.intelligence.tuc.gr/~batsakis/Interval-based#d http://www.intelligence.tuc.gr/~batsakis/Interval-based#21	1
http://www.intelligence.tuc.gr/~batsakis/Interval-based#14 http://www.intelligence.tuc.gr/~batsakis/Interval-based#ov http://www.intelligence.tuc.gr/~batsakis/Interval-based#22	1
http://www.intelligence.tuc.gr/~batsakis/Interval-based#14 http://www.intelligence.tuc.gr/~batsakis/Interval-based#b http://www.intelligence.tuc.gr/~batsakis/Interval-based#23	1
http://www.intelligence.tuc.gr/~batsakis/Interval-based#14 http://www.intelligence.tuc.gr/~batsakis/Interval-based#d_ov_s http://www.intelligence.tuc.gr/~batsakis/Interval-based#24	1
http://www.intelligence.tuc.gr/~batsakis/Interval-based#14 http://www.intelligence.tuc.gr/~batsakis/Interval-based#d http://www.intelligence.tuc.gr/~batsakis/Interval-based#25	1
http://www.intelligence.tuc.gr/~batsakis/Interval-based#14 http://www.intelligence.tuc.gr/~batsakis/Interval-based#oi http://www.intelligence.tuc.gr/~batsakis/Interval-based#26	1
http://www.intelligence.tuc.gr/~batsakis/Interval-based#14 http://www.intelligence.tuc.gr/~batsakis/Interval-based#d_ov_s http://www.intelligence.tuc.gr/~batsakis/Interval-based#27	1
http://www.intelligence.tuc.gr/~batsakis/Interval-based#14 http://www.intelligence.tuc.gr/~batsakis/Interval-based#ov http://www.intelligence.tuc.gr/~batsakis/Interval-based#28	1
http://www.intelligence.tuc.gr/~batsakis/Interval-based#14 http://www.intelligence.tuc.gr/~batsakis/Interval-based#d http://www.intelligence.tuc.gr/~batsakis/Interval-based#29	1
http://www.intelligence.tuc.gr/~batsakis/Interval-based#14 http://www.intelligence.tuc.gr/~batsakis/Interval-based#d_oi_f http://www.intelligence.tuc.gr/~batsakis/Interval-based#30	1
http://www.intelligence.tuc.gr/~batsakis/Interval-based#14 http://www.intelligence.tuc.gr/~batsakis/Interval-based#d_ov_s http://www.intelligence.tuc.gr/~batsakis/Interval-based#31	1
http://www.intelligence.tuc.gr/~batsakis/Interval-based#14 http://www.intelligence.tuc.gr/~batsakis/Interval-based#d_ov_s http://www.intelligence.tuc.gr/~batsakis/Interval-based#32	1
http://www.intelligence.tuc.gr/~batsakis/Interval-based#14 http://www.intelligence.tuc.gr/~batsakis/Interval-based#b http://www.intelligence.tuc.gr/~batsakis/Interval-based#33	1
http://www.intelligence.tuc.gr/~batsakis/Interval-based#14 http://www.intelligence.tuc.gr/~batsakis/Interval-based#f http://www.intelligence.tuc.gr/~batsakis/Interval-based#34	1
http://www.intelligence.tuc.gr/~batsakis/Interval-based#14 http://www.intelligence.tuc.gr/~batsakis/Interval-based#ov http://www.intelligence.tuc.gr/~batsakis/Interval-based#35	1
http://www.intelligence.tuc.gr/~batsakis/Interval-based#14 http://www.intelligence.tuc.gr/~batsakis/Interval-based#d http://www.intelligence.tuc.gr/~batsakis/Interval-based#36	1
http://www.intelligence.tuc.gr/~batsakis/Interval-based#14 http://www.intelligence.tuc.gr/~batsakis/Interval-based#d http://www.intelligence.tuc.gr/~batsakis/Interval-based#37	1
http://www.intelligence.tuc.gr/~batsakis/Interval-based#14 http://www.intelligence.tuc.gr/~batsakis/Interval-based#d http://www.intelligence.tuc.gr/~batsakis/Interval-based#38	1
http://www.intelligence.tuc.gr/~batsakis/Interval-based#14 http://www.intelligence.tuc.gr/~batsakis/Interval-based#ov http://www.intelligence.tuc.gr/~batsakis/Interval-based#39	1
http://www.intelligence.tuc.gr/~batsakis/Interval-based#14 http://www.intelligence.tuc.gr/~batsakis/Interval-based#di_oi_si http://www.intelligence.tuc.gr/~batsakis/Interval-based#40	1
http://www.intelligence.tuc.gr/~batsakis/Interval-based#14 http://www.intelligence.tuc.gr/~batsakis/Interval-based#a_di_oi_mi_si http://www.intelligence.tuc.gr/~batsakis/Interval-based#41	1
http://www.intelligence.tuc.gr/~batsakis/Interval-based#14 http://www.intelligence.tuc.gr/~batsakis/Interval-based#b_ov_m http://www.intelligence.tuc.gr/~batsakis/Interval-based#42	1
http://www.intelligence.tuc.gr/~batsakis/Interval-based#14 http://www.intelligence.tuc.gr/~batsakis/Interval-based#d http://www.intelligence.tuc.gr/~batsakis/Interval-based#43	1
http://www.intelligence.tuc.gr/~batsakis/Interval-based#14 http://www.intelligence.tuc.gr/~batsakis/Interval-based#di http://www.intelligence.tuc.gr/~batsakis/Interval-based#44	1
http://www.intelligence.tuc.gr/~batsakis/Interval-based#14 http://www.intelligence.tuc.gr/~batsakis/Interval-based#oi http://www.intelligence.tuc.gr/~batsakis/Interval-based#45	1
http://www.intelligence.tuc.gr/~batsakis/Interval-based#14 http://www.intelligence.tuc.gr/~batsakis/Interval-based#d http://www.intelligence.tuc.gr/~batsakis/Interval-based#46	1
http://www.intelligence.tuc.gr/~batsakis/Interval-based#14 http://www.intelligence.tuc.gr/~batsakis/Interval-based#d_di_ov_oi_s_si_f_fi_eq http://www.intelligence.tuc.gr/~batsakis/Interval-based#47	1
http://www.intelligence.tuc.gr/~batsakis/Interval-based#14 http://www.intelligence.tuc.gr/~batsakis/Interval-based#b http://www.intelligence.tuc.gr/~batsakis/Interval-based#48	1
http://www.intelligence.tuc.gr/~batsakis/Interval-based#14 http://www.intelligence.tuc.gr/~batsakis/Interval-based#b http://www.intelligence.tuc.gr/~batsakis/Interval-based#49	1
http://www.intelligence.tuc.gr/~batsakis/Interval-based#14 http://www.intelligence.tuc.gr/~batsakis/Interval-based#b http://www.intelligence.tuc.gr/~batsakis/Interval-based#50	1
http://www.intelligence.tuc.gr/~batsakis/Interval-based#14 http://www.intelligence.tuc.gr/~batsakis/Interval-based#oi http://www.intelligence.tuc.gr/~batsakis/Interval-based#51	1
http://www.intelligence.tuc.gr/~batsakis/Interval-based#14 http://www.intelligence.tuc.gr/~batsakis/Interval-based#d http://www.intelligence.tuc.gr/~batsakis/Interval-based#52	1
http://www.intelligence.tuc.gr/~batsakis/Interval-based#14 http://www.intelligence.tuc.gr/~batsakis/Interval-based#d_ov_s http://www.intelligence.tuc.gr/~batsakis/Interval-based#53	1
http://www.intelligence.tuc.gr/~batsakis/Interval-based#14 http://www.intelligence.tuc.gr/~batsakis/Interval-based#b_ov_m http://www.intelligence.tuc.gr/~batsakis/Interval-based#54	1
http://www.intelligence.tuc.gr/~batsakis/Interval-based#14 http://www.intelligence.tuc.gr/~batsakis/Interval-based#d http://www.intelligence.tuc.gr/~batsakis/Interval-based#55	1
http://www.intelligence.tuc.gr/~batsakis/Interval-based#14 http://www.intelligence.tuc.gr/~batsakis/Interval-based#di_oi_si http://www.intelligence.tuc.gr/~batsakis/Interval-based#56	1
http://www.intelligence.tuc.gr/~batsakis/Interval-based#14 http://www.intelligence.tuc.gr/~batsakis/Interval-based#d http://www.intelligence.tuc.gr/~batsakis/Interval-based#57	1
http://www.intelligence.tuc.gr/~batsakis/Interval-based#14 http://www.intelligence.tuc.gr/~batsakis/Interval-based#d http://www.intelligence.tuc.gr/~batsakis/Interval-based#58	1
http://www.intelligence.tuc.gr/~batsakis/Interval-based#14 http://www.intelligence.tuc.gr/~batsakis/Interval-based#ov http://www.intelligence.tuc.gr/~batsakis/Interval-based#59	1
http://www.intelligence.tuc.gr/~batsakis/Interval-based#14 http://www.intelligence.tuc.gr/~batsakis/Interval-based#d http://www.intelligence.tuc.gr/~batsakis/Interval-based#60	1
http://www.intelligence.tuc.gr/~batsakis/Interval-based#14 http://www.intelligence.tuc.gr/~batsakis/Interval-based#b http://www.intelligence.tuc.gr/~batsakis/Interval-based#61	1
http://www.intelligence.tuc.gr/~batsakis/Interval-based#14 http://www.intelligence.tuc.gr/~batsakis/Interval-based#d http://www.intelligence.tuc.gr/~batsakis/Interval-based#62	1
http://www.intelligence.tuc.gr/~batsakis/Interval-based#14 http://www.intelligence.tuc.gr/~batsakis/Interval-based#d_ov_s http://www.intelligence.tuc.gr/~batsakis/Interval-based#63	1
http://www.intelligence.tuc.gr/~batsakis/Interval-based#15 http://www.intelligence.tuc.gr/~batsakis/Interval-based#ov http://www.intelligence.tuc.gr/~batsakis/Interval-based#0	1
http://www.intelligence.tuc.gr/~batsakis/Interval-based#15 http://www.intelligence.tuc.gr/~batsakis/Interval-based#d http://www.intelligence.tuc.gr/~batsakis/Interval-based#1	1
http://www.intelligence.tuc.gr/~batsakis/Interval-based#15 http://www.intelligence.tuc.gr/~batsakis/Interval-based#ov http://www.intelligence.tuc.gr/~batsakis/Interval-based#2	1
http://www.intelligence.tuc.gr/~batsakis/Interval-based#15 http://www.intelligence.tuc.gr/~batsakis/Interval-based#ov http://www.intelligence.tuc.gr/~batsakis/Interval-based#3	1
http://www.intelligence.tuc.gr/~batsakis/Interval-based#15 http://www.intelligence.tuc.gr/~batsakis/Interval-based#b http://www.intelligence.tuc.gr/~batsakis/Interval-based#4	1
http://www.intelligence.tuc.gr/~batsakis/Interval-based#15 http://www.intelligence.tuc.gr/~batsakis/Interval-based#si http://www.intelligence.tuc.gr/~batsakis/Interval-based#5	1
http://www.intelligence.tuc.gr/~batsakis/Interval-based#15 http://www.intelligence.tuc.gr/~batsakis/Interval-based#ov http://www.intelligence.tuc.gr/~batsakis/Interval-based#6	1
http://www.intelligence.tuc.gr/~batsakis/Interval-based#15 http://www.intelligence.tuc.gr/~batsakis/Interval-based#s http://www.intelligence.tuc.gr/~batsakis/Interval-based#7	1
http://www.intelligence.tuc.gr/~batsakis/Interval-based#15 http://www.intelligence.tuc.gr/~batsakis/Interval-based#di http://www.intelligence.tuc.gr/~batsakis/Interval-based#8	1
http://www.intelligence.tuc.gr/~batsakis/Interval-based#15 http://www.intelligence.tuc.gr/~batsakis/Interval-based#ov http://www.intelligence.tuc.gr/~batsakis/Interval-based#9	1
http://www.intelligence.tuc.gr/~batsakis/Interval-based#15 http://www.intelligence.tuc.gr/~batsakis/Interval-based#ov http://www.intelligence.tuc.gr/~batsakis/Interval-based#10	1
http://www.intelligence.tuc.gr/~batsakis/Interval-based#15 http://www.intelligence.tuc.gr/~batsakis/Interval-based#di_oi_si http://www.intelligence.tuc.gr/~batsakis/Interval-based#11	1
http://www.intelligence.tuc.gr/~batsakis/Interval-based#15 http://www.intelligence.tuc.gr/~batsakis/Interval-based#d http://www.intelligence.tuc.gr/~batsakis/Interval-based#12	1
http://www.intelligence.tuc.gr/~batsakis/Interval-based#15 http://www.intelligence.tuc.gr/~batsakis/Interval-based#b_ov_m http://www.intelligence.tuc.gr/~batsakis/Interval-based#13	1
http://www.intelligence.tuc.gr/~batsakis/Interval-based#15 http://www.intelligence.tuc.gr/~batsakis/Interval-based#fi http://www.intelligence.tuc.gr/~batsakis/Interval-based#14	1
http://www.intelligence.tuc.gr/~batsakis/Interval-based#15 http://www.intelligence.tuc.gr/~batsakis/Interval-based#oi http://www.intelligence.tuc.gr/~batsakis/Interval-based#16	1
http://www.intelligence.tuc.gr/~batsakis/Interval-based#15 http://www.intelligence.tuc.gr/~batsakis/Interval-based#fi http://www.intelligence.tuc.gr/~batsakis/Interval-based#17	1
http://www.intelligence.tuc.gr/~batsakis/Interval-based#15 http://www.intelligence.tuc.gr/~batsakis/Interval-based#b http://www.intelligence.tuc.gr/~batsakis/Interval-based#18	1
http://www.intelligence.tuc.gr/~batsakis/Interval-based#15 http://www.intelligence.tuc.gr/~batsakis/Interval-based#di_ov_fi http://www.intelligence.tuc.gr/~batsakis/Interval-based#19	1
http://www.intelligence.tuc.gr/~batsakis/Interval-based#15 http://www.intelligence.tuc.gr/~batsakis/Interval-based#b http://www.intelligence.tuc.gr/~batsakis/Interval-based#20	1
http://www.intelligence.tuc.gr/~batsakis/Interval-based#15 http://www.intelligence.tuc.gr/~batsakis/Interval-based#d http://www.intelligence.tuc.gr/~batsakis/Interval-based#21	1
http://www.intelligence.tuc.gr/~batsakis/Interval-based#15 http://www.intelligence.tuc.gr/~batsakis/Interval-based#ov http://www.intelligence.tuc.gr/~batsakis/Interval-based#22	1
http://www.intelligence.tuc.gr/~batsakis/Interval-based#15 http://www.intelligence.tuc.gr/~batsakis/Interval-based#b http://www.intelligence.tuc.gr/~batsakis/Interval-based#23	1
http://www.intelligence.tuc.gr/~batsakis/Interval-based#15 http://www.intelligence.tuc.gr/~batsakis/Interval-based#ov http://www.intelligence.tuc.gr/~batsakis/Interval-based#24	1
http://www.intelligence.tuc.gr/~batsakis/Interval-based#15 http://www.intelligence.tuc.gr/~batsakis/Interval-based#ov http://www.intelligence.tuc.gr/~batsakis/Interval-based#25	1
http://www.intelligence.tuc.gr/~batsakis/Interval-based#15 http://www.intelligence.tuc.gr/~batsakis/Interval-based#di http://www.intelligence.tuc.gr/~batsakis/Interval-based#26	1
http://www.intelligence.tuc.gr/~batsakis/Interval-based#15 http://www.intelligence.tuc.gr/~batsakis/Interval-based#ov http://www.intelligence.tuc.gr/~batsakis/Interval-based#27	1
http://www.intelligence.tuc.gr/~batsakis/Interval-based#15 http://www.intelligence.tuc.gr/~batsakis/Interval-based#ov http://www.intelligence.tuc.gr/~batsakis/Interval-based#28	1
http://www.intelligence.tuc.gr/~batsakis/Interval-based#15 http://www.intelligence.tuc.gr/~batsakis/Interval-based#d http://www.intelligence.tuc.gr/~batsakis/Interval-based#29	1
http://www.intelligence.tuc.gr/~batsakis/Interval-based#15 http://www.intelligence.tuc.gr/~batsakis/Interval-based#d_di_ov_oi_s_si_f_fi_eq http://www.intelligence.tuc.gr/~batsakis/Interval-based#30	1
http://www.intelligence.tuc.gr/~batsakis/Interval-based#15 http://www.intelligence.tuc.gr/~batsakis/Interval-based#ov http://www.intelligence.tuc.gr/~batsakis/Interval-based#31	1
http://www.intelligence.tuc.gr/~batsakis/Interval-based#15 http://www.intelligence.tuc.gr/~batsakis/Interval-based#ov http://www.intelligence.tuc.gr/~batsakis/Interval-based#32	1
http://www.intelligence.tuc.gr/~batsakis/Interval-based#15 http://www.intelligence.tuc.gr/~batsakis/Interval-based#b http://www.intelligence.tuc.gr/~batsakis/Interval-based#33	1
http://www.intelligence.tuc.gr/~batsakis/Interval-based#15 http://www.intelligence.tuc.gr/~batsakis/Interval-based#eq http://www.intelligence.tuc.gr/~batsakis/Interval-based#34	1
http://www.intelligence.tuc.gr/~batsakis/Interval-based#15 http://www.intelligence.tuc.gr/~batsakis/Interval-based#ov http://www.intelligence.tuc.gr/~batsakis/Interval-based#35	1
http://www.intelligence.tuc.gr/~batsakis/Interval-based#15 http://www.intelligence.tuc.gr/~batsakis/Interval-based#ov http://www.intelligence.tuc.gr/~batsakis/Interval-based#36	1
http://www.intelligence.tuc.gr/~batsakis/Interval-based#15 http://www.intelligence.tuc.gr/~batsakis/Interval-based#ov http://www.intelligence.tuc.gr/~batsakis/Interval-based#37	1
http://www.intelligence.tuc.gr/~batsakis/Interval-based#15 http://www.intelligence.tuc.gr/~batsakis/Interval-based#d http://www.intelligence.tuc.gr/~batsakis/Interval-based#38	1
http://www.intelligence.tuc.gr/~batsakis/Interval-based#15 http://www.intelligence.tuc.gr/~batsakis/Interval-based#ov http://www.intelligence.tuc.gr/~batsakis/Interval-based#39	1
http://www.intelligence.tuc.gr/~batsakis/Interval-based#15 http://www.intelligence.tuc.gr/~batsakis/Interval-based#di http://www.intelligence.tuc.gr/~batsakis/Interval-based#40	1
http://www.intelligence.tuc.gr/~batsakis/Interval-based#15 http://www.intelligence.tuc.gr/~batsakis/Interval-based#di http://www.intelligence.tuc.gr/~batsakis/Interval-based#41	1
http://www.intelligence.tuc.gr/~batsakis/Interval-based#15 http://www.intelligence.tuc.gr/~batsakis/Interval-based#b_ov_m http://www.intelligence.tuc.gr/~batsakis/Interval-based#42	1
http://www.intelligence.tuc.gr/~batsakis/Interval-based#15 http://www.intelligence.tuc.gr/~batsakis/Interval-based#s http://www.intelligence.tuc.gr/~batsakis/Interval-based#43	1
http://www.intelligence.tuc.gr/~batsakis/Interval-based#15 http://www.intelligence.tuc.gr/~batsakis/Interval-based#di http://www.intelligence.tuc.gr/~batsakis/Interval-based#44	1
http://www.intelligence.tuc.gr/~batsakis/Interval-based#15 http://www.intelligence.tuc.gr/~batsakis/Interval-based#di http://www.intelligence.tuc.gr/~batsakis/Interval-based#45	1
http://www.intelligence.tuc.gr/~batsakis/Interval-based#15 http://www.intelligence.tuc.gr/~batsakis/Interval-based#d http://www.intelligence.tuc.gr/~batsakis/Interval-based#46	1
http://www.intelligence.tuc.gr/~batsakis/Interval-based#15 http://www.intelligence.tuc.gr/~batsakis/Interval-based#di_ov_fi http://www.intelligence.tuc.gr/~batsakis/Interval-based#47	1
http://www.intelligence.tuc.gr/~batsakis/Interval-based#15 http://www.intelligence.tuc.gr/~batsakis/Interval-based#b http://www.intelligence.tuc.gr/~batsakis/Interval-based#48	1
http://www.intelligence.tuc.gr/~batsakis/Interval-based#15 http://www.intelligence.tuc.gr/~batsakis/Interval-based#b http://www.intelligence.tuc.gr/~batsakis/Interval-based#49	1
http://www.intelligence.tuc.gr/~batsakis/Interval-based#15 http://www.intelligence.tuc.gr/~batsakis/Interval-based#b http://www.intelligence.tuc.gr/~batsakis/Interval-based#50	1
http://www.intelligence.tuc.gr/~batsakis/Interval-based#15 http://www.intelligence.tuc.gr/~batsakis/Interval-based#si http://www.intelligence.tuc.gr/~batsakis/Interval-based#51	1
http://www.intelligence.tuc.gr/~batsakis/Interval-based#15 http://www.intelligence.tuc.gr/~batsakis/Interval-based#ov http://www.intelligence.tuc.gr/~batsakis/Interval-based#52	1
http://www.intelligence.tuc.gr/~batsakis/Interval-based#15 http://www.intelligence.tuc.gr/~batsakis/Interval-based#ov http://www.intelligence.tuc.gr/~batsakis/Interval-based#53	1
http://www.intelligence.tuc.gr/~batsakis/Interval-based#15 http://www.intelligence.tuc.gr/~batsakis/Interval-based#b_ov_m http://www.intelligence.tuc.gr/~batsakis/Interval-based#54	1
http://www.intelligence.tuc.gr/~batsakis/Interval-based#15 http://www.intelligence.tuc.gr/~batsakis/Interval-based#ov http://www.intelligence.tuc.gr/~batsakis/Interval-based#55	1
http://www.intelligence.tuc.gr/~batsakis/Interval-based#15 http://www.intelligence.tuc.gr/~batsakis/Interval-based#di http://www.intelligence.tuc.gr/~batsakis/Interval-based#56	1
http://www.intelligence.tuc.gr/~batsakis/Interval-based#15 http://www.intelligence.tuc.gr/~batsakis/Interval-based#s http://www.intelligence.tuc.gr/~batsakis/Interval-based#57	1
http://www.intelligence.tuc.gr/~batsakis/Interval-based#15 http://www.intelligence.tuc.gr/~batsakis/Interval-based#d http://www.intelligence.tuc.gr/~batsakis/Interval-based#58	1
http://www.intelligence.tuc.gr/~batsakis/Interval-based#15 http://www.intelligence.tuc.gr/~batsakis/Interval-based#ov http://www.intelligence.tuc.gr/~batsakis/Interval-based#59	1
http://www.intelligence.tuc.gr/~batsakis/Interval-based#15 http://www.intelligence.tuc.gr/~batsakis/Interval-based#s http://www.intelligence.tuc.gr/~batsakis/Interval-based#60	1
http://www.intelligence.tuc.gr/~batsakis/Interval-based#15 http://www.intelligence.tuc.gr/~batsakis/Interval-based#b http://www.intelligence.tuc.gr/~batsakis/Interval-based#61	1
http://www.intelligence.tuc.gr/~batsakis/Interval-based#15 http://www.intelligence.tuc.gr/~batsakis/Interval-based#d http://www.intelligence.tuc.gr/~batsakis/Interval-based#62	1
http://www.intelligence.tuc.gr/~batsakis/Interval-based#15 http://www.intelligence.tuc.gr/~batsakis/Interval-based#ov http://www.intelligence.tuc.gr/~batsakis/Interval-based#63	1
http://www.intelligence.tuc.gr/~batsakis/Interval-based#16 http://www.intelligence.tuc.gr/~batsakis/Interval-based#b http://www.intelligence.tuc.gr/~batsakis/Interval-based#0	1
http://www.intelligence.tuc.gr/~batsakis/Interval-based#16 http://www.intelligence.tuc.gr/~batsakis/Interval-based#d http://www.intelligence.tuc.gr/~batsakis/Interval-based#1	1
http://www.intelligence.tuc.gr/~batsakis/Interval-based#16 http://www.intelligence.tuc.gr/~batsakis/Interval-based#b http://www.intelligence.tuc.gr/~batsakis/Interval-based#2	1
http://www.intelligence.tuc.gr/~batsakis/Interval-based#16 http://www.intelligence.tuc.gr/~batsakis/Interval-based#b_ov_m http://www.intelligence.tuc.gr/~batsakis/Interval-based#3	1
http://www.intelligence.tuc.gr/~batsakis/Interval-based#16 http://www.intelligence.tuc.gr/~batsakis/Interval-based#b http://www.intelligence.tuc.gr/~batsakis/Interval-based#4	1
http://www.intelligence.tuc.gr/~batsakis/Interval-based#16 http://www.intelligence.tuc.gr/~batsakis/Interval-based#di_ov_fi http://www.intelligence.tuc.gr/~batsakis/Interval-based#5	1
http://www.intelligence.tuc.gr/~batsakis/Interval-based#16 http://www.intelligence.tuc.gr/~batsakis/Interval-based#b http://www.intelligence.tuc.gr/~batsakis/Interval-based#6	1
http://www.intelligence.tuc.gr/~batsakis/Interval-based#16 http://www.intelligence.tuc.gr/~batsakis/Interval-based#ov http://www.intelligence.tuc.gr/~batsakis/Interval-based#7	1
http://www.intelligence.tuc.gr/~batsakis/Interval-based#16 http://www.intelligence.tuc.gr/~batsakis/Interval-based#b http://www.intelligence.tuc.gr/~batsakis/Interval-based#8	1
http://www.intelligence.tuc.gr/~batsakis/Interval-based#16 http://www.intelligence.tuc.gr/~batsakis/Interval-based#b_ov_m http://www.intelligence.tuc.gr/~batsakis/Interval-based#9	1
http://www.intelligence.tuc.gr/~batsakis/Interval-based#16 http://www.intelligence.tuc.gr/~batsakis/Interval-based#ov http://www.intelligence.tuc.gr/~batsakis/Interval-based#10	1
http://www.intelligence.tuc.gr/~batsakis/Interval-based#16 http://www.intelligence.tuc.gr/~batsakis/Interval-based#ov http://www.intelligence.tuc.gr/~batsakis/Interval-based#11	1
http://www.intelligence.tuc.gr/~batsakis/Interval-based#16 http://www.intelligence.tuc.gr/~batsakis/Interval-based#d http://www.intelligence.tuc.gr/~batsakis/Interval-based#12	1
http://www.intelligence.tuc.gr/~batsakis/Interval-based#16 http://www.intelligence.tuc.gr/~batsakis/Interval-based#b http://www.intelligence.tuc.gr/~batsakis/Interval-based#13	1
http://www.intelligence.tuc.gr/~batsakis/Interval-based#16 http://www.intelligence.tuc.gr/~batsakis/Interval-based#b_ov_m http://www.intelligence.tuc.gr/~batsakis/Interval-based#14	1
http://www.intelligence.tuc.gr/~batsakis/Interval-based#16 http://www.intelligence.tuc.gr/~batsakis/Interval-based#ov http://www.intelligence.tuc.gr/~batsakis/Interval-based#15	1
http://www.intelligence.tuc.gr/~batsakis/Interval-based#16 http://www.intelligence.tuc.gr/~batsakis/Interval-based#b_ov_m http://www.intelligence.tuc.gr/~batsakis/Interval-based#17	1
http://www.intelligence.tuc.gr/~batsakis/Interval-based#16 http://www.intelligence.tuc.gr/~batsakis/Interval-based#b http://www.intelligence.tuc.gr/~batsakis/Interval-based#18	1
http://www.intelligence.tuc.gr/~batsakis/Interval-based#16 http://www.intelligence.tuc.gr/~batsakis/Interval-based#b_ov_m http://www.intelligence.tuc.gr/~batsakis/Interval-based#19	1
http://www.intelligence.tuc.gr/~batsakis/Interval-based#16 http://www.intelligence.tuc.gr/~batsakis/Interval-based#b http://www.intelligence.tuc.gr/~batsakis/Interval-based#20	1
http://www.intelligence.tuc.gr/~batsakis/Interval-based#16 http://www.intelligence.tuc.gr/~batsakis/Interval-based#s http://www.intelligence.tuc.gr/~batsakis/Interval-based#21	1
http://www.intelligence.tuc.gr/~batsakis/Interval-based#16 http://www.intelligence.tuc.gr/~batsakis/Interval-based#b http://www.intelligence.tuc.gr/~batsakis/Interval-based#22	1
http://www.intelligence.tuc.gr/~batsakis/Interval-based#16 http://www.intelligence.tuc.gr/~batsakis/Interval-based#b http://www.intelligence.tuc.gr/~batsakis/Interval-based#23	1
http://www.intelligence.tuc.gr/~batsakis/Interval-based#16 http://www.intelligence.tuc.gr/~batsakis/Interval-based#b_ov_m http://www.intelligence.tuc.gr/~batsakis/Interval-based#24	1
http://www.intelligence.tuc.gr/~batsakis/Interval-based#16 http://www.intelligence.tuc.gr/~batsakis/Interval-based#b_ov_m http://www.intelligence.tuc.gr/~batsakis/Interval-based#25	1
http://www.intelligence.tuc.gr/~batsakis/Interval-based#16 http://www.intelligence.tuc.gr/~batsakis/Interval-based#di_ov_fi http://www.intelligence.tuc.gr/~batsakis/Interval-based#26	1
http://www.intelligence.tuc.gr/~batsakis/Interval-based#16 http://www.intelligence.tuc.gr/~batsakis/Interval-based#b_ov_m http://www.intelligence.tuc.gr/~batsakis/Interval-based#27	1
http://www.intelligence.tuc.gr/~batsakis/Interval-based#16 http://www.intelligence.tuc.gr/~batsakis/Interval-based#b http://www.intelligence.tuc.gr/~batsakis/Interval-based#28	1
http://www.intelligence.tuc.gr/~batsakis/Interval-based#16 http://www.intelligence.tuc.gr/~batsakis/Interval-based#d http://www.intelligence.tuc.gr/~batsakis/Interval-based#29	1
http://www.intelligence.tuc.gr/~batsakis/Interval-based#16 http://www.intelligence.tuc.gr/~batsakis/Interval-based#d_ov_s http://www.intelligence.tuc.gr/~batsakis/Interval-based#30	1
http://www.intelligence.tuc.gr/~batsakis/Interval-based#16 http://www.intelligence.tuc.gr/~batsakis/Interval-based#b_ov_m http://www.intelligence.tuc.gr/~batsakis/Interval-based#31	1
http://www.intelligence.tuc.gr/~batsakis/Interval-based#16 http://www.intelligence.tuc.gr/~batsakis/Interval-based#b_ov_m http://www.intelligence.tuc.gr/~batsakis/Interval-based#32	1
http://www.intelligence.tuc.gr/~batsakis/Interval-based#16 http://www.intelligence.tuc.gr/~batsakis/Interval-based#b http://www.intelligence.tuc.gr/~batsakis/Interval-based#33	1
http://www.intelligence.tuc.gr/~batsakis/Interval-based#16 http://www.intelligence.tuc.gr/~batsakis/Interval-based#ov http://www.intelligence.tuc.gr/~batsakis/Interval-based#34	1
http://www.intelligence.tuc.gr/~batsakis/Interval-based#16 http://www.intelligence.tuc.gr/~batsakis/Interval-based#b_ov_m http://www.intelligence.tuc.gr/~batsakis/Interval-based#35	1
http://www.intelligence.tuc.gr/~batsakis/Interval-based#16 http://www.intelligence.tuc.gr/~batsakis/Interval-based#ov http://www.intelligence.tuc.gr/~batsakis/Interval-based#36	1
http://www.intelligence.tuc.gr/~batsakis/Interval-based#16 http://www.intelligence.tuc.gr/~batsakis/Interval-based#ov http://www.intelligence.tuc.gr/~batsakis/Interval-based#37	1
http://www.intelligence.tuc.gr/~batsakis/Interval-based#16 http://www.intelligence.tuc.gr/~batsakis/Interval-based#d http://www.intelligence.tuc.gr/~batsakis/Interval-based#38	1
http://www.intelligence.tuc.gr/~batsakis/Interval-based#16 http://www.intelligence.tuc.gr/~batsakis/Interval-based#b http://www.intelligence.tuc.gr/~batsakis/Interval-based#39	1
http://www.intelligence.tuc.gr/~batsakis/Interval-based#16 http://www.intelligence.tuc.gr/~batsakis/Interval-based#b_di_ov_m_fi http://www.intelligence.tuc.gr/~batsakis/Interval-based#40	1
http://www.intelligence.tuc.gr/~batsakis/Interval-based#16 http://www.intelligence.tuc.gr/~batsakis/Interval-based#b_di_ov_m_fi http://www.intelligence.tuc.gr/~batsakis/Interval-based#41	1
http://www.intelligence.tuc.gr/~batsakis/Interval-based#16 http://www.intelligence.tuc.gr/~batsakis/Interval-based#b_ov_m http://www.intelligence.tuc.gr/~batsakis/Interval-based#42	1
http://www.intelligence.tuc.gr/~batsakis/Interval-based#16 http://www.intelligence.tuc.gr/~batsakis/Interval-based#ov http://www.intelligence.tuc.gr/~batsakis/Interval-based#43	1
http://www.intelligence.tuc.gr/~batsakis/Interval-based#16 http://www.intelligence.tuc.gr/~batsakis/Interval-based#b_di_ov_m_fi http://www.intelligence.tuc.gr/~batsakis/Interval-based#44	1
http://www.intelligence.tuc.gr/~batsakis/Interval-based#16 http://www.intelligence.tuc.gr/~batsakis/Interval-based#ov http://www.intelligence.tuc.gr/~batsakis/Interval-based#45	1
http://www.intelligence.tuc.gr/~batsakis/Interval-based#16 http://www.intelligence.tuc.gr/~batsakis/Interval-based#d_ov_s http://www.intelligence.tuc.gr/~batsakis/Interval-based#46	1
http://www.intelligence.tuc.gr/~batsakis/Interval-based#16 http://www.intelligence.tuc.gr/~batsakis/Interval-based#b_ov_m http://www.intelligence.tuc.gr/~batsakis/Interval-based#47	1
http://www.intelligence.tuc.gr/~batsakis/Interval-based#16 http://www.intelligence.tuc.gr/~batsakis/Interval-based#b http://www.intelligence.tuc.gr/~batsakis/Interval-based#48	1
http://www.intelligence.tuc.gr/~batsakis/Interval-based#16 http://www.intelligence.tuc.gr/~batsakis/Interval-based#b http://www.intelligence.tuc.gr/~batsakis/Interval-based#49	1
http://www.intelligence.tuc.gr/~batsakis/Interval-based#16 http://www.intelligence.tuc.gr/~batsakis/Interval-based#b http://www.intelligence.tuc.gr/~batsakis/Interval-based#50	1
http://www.intelligence.tuc.gr/~batsakis/Interval-based#16 http://www.intelligence.tuc.gr/~batsakis/Interval-based#ov http://www.intelligence.tuc.gr/~batsakis/Interval-based#51	1
http://www.intelligence.tuc.gr/~batsakis/Interval-based#16 http://www.intelligence.tuc.gr/~batsakis/Interval-based#ov http://www.intelligence.tuc.gr/~batsakis/Interval-based#52	1
http://www.intelligence.tuc.gr/~batsakis/Interval-based#16 http://www.intelligence.tuc.gr/~batsakis/Interval-based#b_ov_m http://www.intelligence.tuc.gr/~batsakis/Interval-based#53	1
http://www.intelligence.tuc.gr/~batsakis/Interval-based#16 http://www.intelligence.tuc.gr/~batsakis/Interval-based#b http://www.intelligence.tuc.gr/~batsakis/Interval-based#54	1
http://www.intelligence.tuc.gr/~batsakis/Interval-based#16 http://www.intelligence.tuc.gr/~batsakis/Interval-based#ov http://www.intelligence.tuc.gr/~batsakis/Interval-based#55	1
http://www.intelligence.tuc.gr/~batsakis/Interval-based#16 http://www.intelligence.tuc.gr/~batsakis/Interval-based#b_di_ov_m_fi http://www.intelligence.tuc.gr/~batsakis/Interval-based#56	1
http://www.intelligence.tuc.gr/~batsakis/Interval-based#16 http://www.intelligence.tuc.gr/~batsakis/Interval-based#ov http://www.intelligence.tuc.gr/~batsakis/Interval-based#57	1
http://www.intelligence.tuc.gr/~batsakis/Interval-based#16 http://www.intelligence.tuc.gr/~batsakis/Interval-based#d http://www.intelligence.tuc.gr/~batsakis/Interval-based#58	1
http://www.intelligence.tuc.gr/~batsakis/Interval-based#16 http://www.intelligence.tuc.gr/~batsakis/Interval-based#b http://www.intelligence.tuc.gr/~batsakis/Interval-based#59	1
http://www.intelligence.tuc.gr/~batsakis/Interval-based#16 http://www.intelligence.tuc.gr/~batsakis/Interval-based#ov http://www.intelligence.tuc.gr/~batsakis/Interval-based#60	1
http://www.intelligence.tuc.gr/~batsakis/Interval-based#16 http://www.intelligence.tuc.gr/~batsakis/Interval-based#b http://www.intelligence.tuc.gr/~batsakis/Interval-based#61	1
http://www.intelligence.tuc.gr/~batsakis/Interval-based#16 http://www.intelligence.tuc.gr/~batsakis/Interval-based#s http://www.intelligence.tuc.gr/~batsakis/Interval-based#62	1
http://www.intelligence.tuc.gr/~batsakis/Interval-based#16 http://www.intelligence.tuc.gr/~batsakis/Interval-based#ov http://www.intelligence.tuc.gr/~batsakis/Interval-based#63	1
http://www.intelligence.tuc.gr/~batsakis/Interval-based#17 http://www.intelligence.tuc.gr/~batsakis/Interval-based#ov http://www.intelligence.tuc.gr/~batsakis/Interval-based#0	1
http://www.intelligence.tuc.gr/~batsakis/Interval-based#17 http://www.intelligence.tuc.gr/~batsakis/Interval-based#d http://www.intelligence.tuc.gr/~batsakis/Interval-based#1	1
http://www.intelligence.tuc.gr/~batsakis/Interval-based#17 http://www.intelligence.tuc.gr/~batsakis/Interval-based#ov http://www.intelligence.tuc.gr/~batsakis/Interval-based#2	1
http://www.intelligence.tuc.gr/~batsakis/Interval-based#17 http://www.intelligence.tuc.gr/~batsakis/Interval-based#d_ov_s http://www.intelligence.tuc.gr/~batsakis/Interval-based#3	1
http://www.intelligence.tuc.gr/~batsakis/Interval-based#17 http://www.intelligence.tuc.gr/~batsakis/Interval-based#b http://www.intelligence.tuc.gr/~batsakis/Interval-based#4	1
http://www.intelligence.tuc.gr/~batsakis/Interval-based#17 http://www.intelligence.tuc.gr/~batsakis/Interval-based#a_oi_mi http://www.intelligence.tuc.gr/~batsakis/Interval-based#5	1
http://www.intelligence.tuc.gr/~batsakis/Interval-based#17 http://www.intelligence.tuc.gr/~batsakis/Interval-based#ov http://www.intelligence.tuc.gr/~batsakis/Interval-based#6	1
http://www.intelligence.tuc.gr/~batsakis/Interval-based#17 http://www.intelligence.tuc.gr/~batsakis/Interval-based#d http://www.intelligence.tuc.gr/~batsakis/Interval-based#7	1
http://www.intelligence.tuc.gr/~batsakis/Interval-based#17 http://www.intelligence.tuc.gr/~batsakis/Interval-based#di http://www.intelligence.tuc.gr/~batsakis/Interval-based#8	1
http://www.intelligence.tuc.gr/~batsakis/Interval-based#17 http://www.intelligence.tuc.gr/~batsakis/Interval-based#d_ov_s http://www.intelligence.tuc.gr/~batsakis/Interval-based#9	1
http://www.intelligence.tuc.gr/~batsakis/Interval-based#17 http://www.intelligence.tuc.gr/~batsakis/Interval-based#d http://www.intelligence.tuc.gr/~batsakis/Interval-based#10	1
http://www.intelligence.tuc.gr/~batsakis/Interval-based#17 http://www.intelligence.tuc.gr/~batsakis/Interval-based#oi http://www.intelligence.tuc.gr/~batsakis/Interval-based#11	1
http://www.intelligence.tuc.gr/~batsakis/Interval-based#17 http://www.intelligence.tuc.gr/~batsakis/Interval-based#d http://www.intelligence.tuc.gr/~batsakis/Interval-based#12	1
http://www.intelligence.tuc.gr/~batsakis/Interval-based#17 http://www.intelligence.tuc.gr/~batsakis/Interval-based#b_ov_m http://www.intelligence.tuc.gr/~batsakis/Interval-based#13	1
http://www.intelligence.tuc.gr/~batsakis/Interval-based#17 http://www.intelligence.tuc.gr/~batsakis/Interval-based#eq http://www.intelligence.tuc.gr/~batsakis/Interval-based#14	1
http://www.intelligence.tuc.gr/~batsakis/Interval-based#17 http://www.intelligence.tuc.gr/~batsakis/Interval-based#f http://www.intelligence.tuc.gr/~batsakis/Interval-based#15	1
http://www.intelligence.tuc.gr/~batsakis/Interval-based#17 http://www.intelligence.tuc.gr/~batsakis/Interval-based#a_oi_mi http://www.intelligence.tuc.gr/~batsakis/Interval-based#16	1
http://www.intelligence.tuc.gr/~batsakis/Interval-based#17 http://www.intelligence.tuc.gr/~batsakis/Interval-based#b http://www.intelligence.tuc.gr/~batsakis/Interval-based#18	1
http://www.intelligence.tuc.gr/~batsakis/Interval-based#17 http://www.intelligence.tuc.gr/~batsakis/Interval-based#d_di_ov_oi_s_si_f_fi_eq http://www.intelligence.tuc.gr/~batsakis/Interval-based#19	1
http://www.intelligence.tuc.gr/~batsakis/Interval-based#17 http://www.intelligence.tuc.gr/~batsakis/Interval-based#b http://www.intelligence.tuc.gr/~batsakis/Interval-based#20	1
http://www.intelligence.tuc.gr/~batsakis/Interval-based#17 http://www.intelligence.tuc.gr/~batsakis/Interval-based#d http://www.intelligence.tuc.gr/~batsakis/Interval-based#21	1
http://www.intelligence.tuc.gr/~batsakis/Interval-based#17 http://www.intelligence.tuc.gr/~batsakis/Interval-based#ov http://www.intelligence.tuc.gr/~batsakis/Interval-based#22	1
http://www.intelligence.tuc.gr/~batsakis/Interval-based#17 http://www.intelligence.tuc.gr/~batsakis/Interval-based#b http://www.intelligence.tuc.gr/~batsakis/Interval-based#23	1
http://www.intelligence.tuc.gr/~batsakis/Interval-based#17 http://www.intelligence.tuc.gr/~batsakis/Interval-based#d_ov_s http://www.intelligence.tuc.gr/~batsakis/Interval-based#24	1
http://www.intelligence.tuc.gr/~batsakis/Interval-based#17 http://www.intelligence.tuc.gr/~batsakis/Interval-based#d http://www.intelligence.tuc.gr/~batsakis/Interval-based#25	1
http://www.intelligence.tuc.gr/~batsakis/Interval-based#17 http://www.intelligence.tuc.gr/~batsakis/Interval-based#oi http://www.intelligence.tuc.gr/~batsakis/Interval-based#26	1
http://www.intelligence.tuc.gr/~batsakis/Interval-based#17 http://www.intelligence.tuc.gr/~batsakis/Interval-based#d_ov_s http://www.intelligence.tuc.gr/~batsakis/Interval-based#27	1
http://www.intelligence.tuc.gr/~batsakis/Interval-based#17 http://www.intelligence.tuc.gr/~batsakis/Interval-based#ov http://www.intelligence.tuc.gr/~batsakis/Interval-based#28	1
http://www.intelligence.tuc.gr/~batsakis/Interval-based#17 http://www.intelligence.tuc.gr/~batsakis/Interval-based#d http://www.intelligence.tuc.gr/~batsakis/Interval-based#29	1
http://www.intelligence.tuc.gr/~batsakis/Interval-based#17 http://www.intelligence.tuc.gr/~batsakis/Interval-based#d_oi_f http://www.intelligence.tuc.gr/~batsakis/Interval-based#30	1
http://www.intelligence.tuc.gr/~batsakis/Interval-based#17 http://www.intelligence.tuc.gr/~batsakis/Interval-based#d_ov_s http://www.intelligence.tuc.gr/~batsakis/Interval-based#31	1
http://www.intelligence.tuc.gr/~batsakis/Interval-based#17 http://www.intelligence.tuc.gr/~batsakis/Interval-based#d_ov_s http://www.intelligence.tuc.gr/~batsakis/Interval-based#32	1
http://www.intelligence.tuc.gr/~batsakis/Interval-based#17 http://www.intelligence.tuc.gr/~batsakis/Interval-based#b http://www.intelligence.tuc.gr/~batsakis/Interval-based#33	1
http://www.intelligence.tuc.gr/~batsakis/Interval-based#17 http://www.intelligence.tuc.gr/~batsakis/Interval-based#f http://www.intelligence.tuc.gr/~batsakis/Interval-based#34	1
http://www.intelligence.tuc.gr/~batsakis/Interval-based#17 http://www.intelligence.tuc.gr/~batsakis/Interval-based#ov http://www.intelligence.tuc.gr/~batsakis/Interval-based#35	1
http://www.intelligence.tuc.gr/~batsakis/Interval-based#17 http://www.intelligence.tuc.gr/~batsakis/Interval-based#d http://www.intelligence.tuc.gr/~batsakis/Interval-based#36	1
http://www.intelligence.tuc.gr/~batsakis/Interval-based#17 http://www.intelligence.tuc.gr/~batsakis/Interval-based#d http://www.intelligence.tuc.gr/~batsakis/Interval-based#37	1
http://www.intelligence.tuc.gr/~batsakis/Interval-based#17 http://www.intelligence.tuc.gr/~batsakis/Interval-based#d http://www.intelligence.tuc.gr/~batsakis/Interval-based#38	1
http://www.intelligence.tuc.gr/~batsakis/Interval-based#17 http://www.intelligence.tuc.gr/~batsakis/Interval-based#ov http://www.intelligence.tuc.gr/~batsakis/Interval-based#39	1
http://www.intelligence.tuc.gr/~batsakis/Interval-based#17 http://www.intelligence.tuc.gr/~batsakis/Interval-based#di_oi_si http://www.intelligence.tuc.gr/~batsakis/Interval-based#40	1
http://www.intelligence.tuc.gr/~batsakis/Interval-based#17 http://www.intelligence.tuc.gr/~batsakis/Interval-based#a_di_oi_mi_si http://www.intelligence.tuc.gr/~batsakis/Interval-based#41	1
http://www.intelligence.tuc.gr/~batsakis/Interval-based#17 http://www.intelligence.tuc.gr/~batsakis/Interval-based#b_ov_m http://www.intelligence.tuc.gr/~batsakis/Interval-based#42	1
http://www.intelligence.tuc.gr/~batsakis/Interval-based#17 http://www.intelligence.tuc.gr/~batsakis/Interval-based#d http://www.intelligence.tuc.gr/~batsakis/Interval-based#43	1
http://www.intelligence.tuc.gr/~batsakis/Interval-based#17 http://www.intelligence.tuc.gr/~batsakis/Interval-based#di http://www.intelligence.tuc.gr/~batsakis/Interval-based#44	1
http://www.intelligence.tuc.gr/~batsakis/Interval-based#17 http://www.intelligence.tuc.gr/~batsakis/Interval-based#oi http://www.intelligence.tuc.gr/~batsakis/Interval-based#45	1
http://www.intelligence.tuc.gr/~batsakis/Interval-based#17 http://www.intelligence.tuc.gr/~batsakis/Interval-based#d http://www.intelligence.tuc.gr/~batsakis/Interval-based#46	1
http://www.intelligence.tuc.gr/~batsakis/Interval-based#17 http://www.intelligence.tuc.gr/~batsakis/Interval-based#d_di_ov_oi_s_si_f_fi_eq http://www.intelligence.tuc.gr/~batsakis/Interval-based#47	1
http://www.intelligence.tuc.gr/~batsakis/Interval-based#17 http://www.intelligence.tuc.gr/~batsakis/Interval-based#b http://www.intelligence.tuc.gr/~batsakis/Interval-based#48	1
http://www.intelligence.tuc.gr/~batsakis/Interval-based#17 http://www.intelligence.tuc.gr/~batsakis/Interval-based#b http://www.intelligence.tuc.gr/~batsakis/Interval-based#49	1
http://www.intelligence.tuc.gr/~batsakis/Interval-based#17 http://www.intelligence.tuc.gr/~batsakis/Interval-based#b http://www.intelligence.tuc.gr/~batsakis/Interval-based#50	1
http://www.intelligence.tuc.gr/~batsakis/Interval-based#17 http://www.intelligence.tuc.gr/~batsakis/Interval-based#oi http://www.intelligence.tuc.gr/~batsakis/Interval-based#51	1
http://www.intelligence.tuc.gr/~batsakis/Interval-based#17 http://www.intelligence.tuc.gr/~batsakis/Interval-based#d http://www.intelligence.tuc.gr/~batsakis/Interval-based#52	1
http://www.intelligence.tuc.gr/~batsakis/Interval-based#17 http://www.intelligence.tuc.gr/~batsakis/Interval-based#d_ov_s http://www.intelligence.tuc.gr/~batsakis/Interval-based#53	1
http://www.intelligence.tuc.gr/~batsakis/Interval-based#17 http://www.intelligence.tuc.gr/~batsakis/Interval-based#b_ov_m http://www.intelligence.tuc.gr/~batsakis/Interval-based#54	1
http://www.intelligence.tuc.gr/~batsakis/Interval-based#17 http://www.intelligence.tuc.gr/~batsakis/Interval-based#d http://www.intelligence.tuc.gr/~batsakis/Interval-based#55	1
http://www.intelligence.tuc.gr/~batsakis/Interval-based#17 http://www.intelligence.tuc.gr/~batsakis/Interval-based#di_oi_si http://www.intelligence.tuc.gr/~batsakis/Interval-based#56	1
http://www.intelligence.tuc.gr/~batsakis/Interval-based#17 http://www.intelligence.tuc.gr/~batsakis/Interval-based#d http://www.intelligence.tuc.gr/~batsakis/Interval-based#57	1
http://www.intelligence.tuc.gr/~batsakis/Interval-based#17 http://www.intelligence.tuc.gr/~batsakis/Interval-based#d http://www.intelligence.tuc.gr/~batsakis/Interval-based#58	1
http://www.intelligence.tuc.gr/~batsakis/Interval-based#17 http://www.intelligence.tuc.gr/~batsakis/Interval-based#ov http://www.intelligence.tuc.gr/~batsakis/Interval-based#59	1
http://www.intelligence.tuc.gr/~batsakis/Interval-based#17 http://www.intelligence.tuc.gr/~batsakis/Interval-based#d http://www.intelligence.tuc.gr/~batsakis/Interval-based#60	1
http://www.intelligence.tuc.gr/~batsakis/Interval-based#17 http://www.intelligence.tuc.gr/~batsakis/Interval-based#b http://www.intelligence.tuc.gr/~batsakis/Interval-based#61	1
http://www.intelligence.tuc.gr/~batsakis/Interval-based#17 http://www.intelligence.tuc.gr/~batsakis/Interval-based#d http://www.intelligence.tuc.gr/~batsakis/Interval-based#62	1
http://www.intelligence.tuc.gr/~batsakis/Interval-based#17 http://www.intelligence.tuc.gr/~batsakis/Interval-based#d_ov_s http://www.intelligence.tuc.gr/~batsakis/Interval-based#63	1
http://www.intelligence.tuc.gr/~batsakis/Interval-based#18 http://www.intelligence.tuc.gr/~batsakis/Interval-based#a_d_oi_mi_f http://www.intelligence.tuc.gr/~batsakis/Interval-based#0	1
http://www.intelligence.tuc.gr/~batsakis/Interval-based#18 http://www.intelligence.tuc.gr/~batsakis/Interval-based#a http://www.intelligence.tuc.gr/~batsakis/Interval-based#1	1
http://www.intelligence.tuc.gr/~batsakis/Interval-based#18 http://www.intelligence.tuc.gr/~batsakis/Interval-based#a_d_oi_mi_f http://www.intelligence.tuc.gr/~batsakis/Interval-based#2	1
http://www.intelligence.tuc.gr/~batsakis/Interval-based#18 http://www.intelligence.tuc.gr/~batsakis/Interval-based#a http://www.intelligence.tuc.gr/~batsakis/Interval-based#3	1
http://www.intelligence.tuc.gr/~batsakis/Interval-based#18 http://www.intelligence.tuc.gr/~batsakis/Interval-based#a_d_oi_mi_f http://www.intelligence.tuc.gr/~batsakis/Interval-based#4	1
http://www.intelligence.tuc.gr/~batsakis/Interval-based#18 http://www.intelligence.tuc.gr/~batsakis/Interval-based#a http://www.intelligence.tuc.gr/~batsakis/Interval-based#5	1
http://www.intelligence.tuc.gr/~batsakis/Interval-based#18 http://www.intelligence.tuc.gr/~batsakis/Interval-based#a_d_oi_mi_f http://www.intelligence.tuc.gr/~batsakis/Interval-based#6	1
http://www.intelligence.tuc.gr/~batsakis/Interval-based#18 http://www.intelligence.tuc.gr/~batsakis/Interval-based#a_d_oi_mi_f http://www.intelligence.tuc.gr/~batsakis/Interval-based#7	1
http://www.intelligence.tuc.gr/~batsakis/Interval-based#18 http://www.intelligence.tuc.gr/~batsakis/Interval-based#a http://www.intelligence.tuc.gr/~batsakis/Interval-based#8	1
http://www.intelligence.tuc.gr/~batsakis/Interval-based#18 http://www.intelligence.tuc.gr/~batsakis/Interval-based#a http://www.intelligence.tuc.gr/~batsakis/Interval-based#9	1
http://www.intelligence.tuc.gr/~batsakis/Interval-based#18 http://www.intelligence.tuc.gr/~batsakis/Interval-based#a http://www.intelligence.tuc.gr/~batsakis/Interval-based#10	1
http://www.intelligence.tuc.gr/~batsakis/Interval-based#18 http://www.intelligence.tuc.gr/~batsakis/Interval-based#a http://www.intelligence.tuc.gr/~batsakis/Interval-based#11	1
http://www.intelligence.tuc.gr/~batsakis/Interval-based#18 http://www.intelligence.tuc.gr/~batsakis/Interval-based#a http://www.intelligence.tuc.gr/~batsakis/Interval-based#12	1
http://www.intelligence.tuc.gr/~batsakis/Interval-based#18 http://www.intelligence.tuc.gr/~batsakis/Interval-based#a_d_oi_mi_f http://www.intelligence.tuc.gr/~batsakis/Interval-based#13	1
http://www.intelligence.tuc.gr/~batsakis/Interval-based#18 http://www.intelligence.tuc.gr/~batsakis/Interval-based#a http://www.intelligence.tuc.gr/~batsakis/Interval-based#14	1
http://www.intelligence.tuc.gr/~batsakis/Interval-based#18 http://www.intelligence.tuc.gr/~batsakis/Interval-based#a http://www.intelligence.tuc.gr/~batsakis/Interval-based#15	1
http://www.intelligence.tuc.gr/~batsakis/Interval-based#18 http://www.intelligence.tuc.gr/~batsakis/Interval-based#a http://www.intelligence.tuc.gr/~batsakis/Interval-based#16	1
http://www.intelligence.tuc.gr/~batsakis/Interval-based#18 http://www.intelligence.tuc.gr/~batsakis/Interval-based#a http://www.intelligence.tuc.gr/~batsakis/Interval-based#17	1
http://www.intelligence.tuc.gr/~batsakis/Interval-based#18 http://www.intelligence.tuc.gr/~batsakis/Interval-based#a http://www.intelligence.tuc.gr/~batsakis/Interval-based#19	1
http://www.intelligence.tuc.gr/~batsakis/Interval-based#18 http://www.intelligence.tuc.gr/~batsakis/Interval-based#a_d_oi_mi_f http://www.intelligence.tuc.gr/~batsakis/Interval-based#20	1
http://www.intelligence.tuc.gr/~batsakis/Interval-based#18 http://www.intelligence.tuc.gr/~batsakis/Interval-based#a http://www.intelligence.tuc.gr/~batsakis/Interval-based#21	1
http://www.intelligence.tuc.gr/~batsakis/Interval-based#18 http://www.intelligence.tuc.gr/~batsakis/Interval-based#a_d_oi_mi_f http://www.intelligence.tuc.gr/~batsakis/Interval-based#22	1
http://www.intelligence.tuc.gr/~batsakis/Interval-based#18 http://www.intelligence.tuc.gr/~batsakis/Interval-based#a_d_oi_mi_f http://www.intelligence.tuc.gr/~batsakis/Interval-based#23	1
http://www.intelligence.tuc.gr/~batsakis/Interval-based#18 http://www.intelligence.tuc.gr/~batsakis/Interval-based#a http://www.intelligence.tuc.gr/~batsakis/Interval-based#24	1
http://www.intelligence.tuc.gr/~batsakis/Interval-based#18 http://www.intelligence.tuc.gr/~batsakis/Interval-based#a http://www.intelligence.tuc.gr/~batsakis/Interval-based#25	1
http://www.intelligence.tuc.gr/~batsakis/Interval-based#18 http://www.intelligence.tuc.gr/~batsakis/Interval-based#a http://www.intelligence.tuc.gr/~batsakis/Interval-based#26	1
http://www.intelligence.tuc.gr/~batsakis/Interval-based#18 http://www.intelligence.tuc.gr/~batsakis/Interval-based#a_d_oi_mi_f http://www.intelligence.tuc.gr/~batsakis/Interval-based#27	1
http://www.intelligence.tuc.gr/~batsakis/Interval-based#18 http://www.intelligence.tuc.gr/~batsakis/Interval-based#a_d_oi_mi_f http://www.intelligence.tuc.gr/~batsakis/Interval-based#28	1
http://www.intelligence.tuc.gr/~batsakis/Interval-based#18 http://www.intelligence.tuc.gr/~batsakis/Interval-based#a http://www.intelligence.tuc.gr/~batsakis/Interval-based#29	1
http://www.intelligence.tuc.gr/~batsakis/Interval-based#18 http://www.intelligence.tuc.gr/~batsakis/Interval-based#a_d_oi_mi_f http://www.intelligence.tuc.gr/~batsakis/Interval-based#30	1
http://www.intelligence.tuc.gr/~batsakis/Interval-based#18 http://www.intelligence.tuc.gr/~batsakis/Interval-based#a http://www.intelligence.tuc.gr/~batsakis/Interval-based#31	1
http://www.intelligence.tuc.gr/~batsakis/Interval-based#18 http://www.intelligence.tuc.gr/~batsakis/Interval-based#a_d_oi_mi_f http://www.intelligence.tuc.gr/~batsakis/Interval-based#32	1
http://www.intelligence.tuc.gr/~batsakis/Interval-based#18 http://www.intelligence.tuc.gr/~batsakis/Interval-based#a http://www.intelligence.tuc.gr/~batsakis/Interval-based#34	1
http://www.intelligence.tuc.gr/~batsakis/Interval-based#18 http://www.intelligence.tuc.gr/~batsakis/Interval-based#a http://www.intelligence.tuc.gr/~batsakis/Interval-based#35	1
http://www.intelligence.tuc.gr/~batsakis/Interval-based#18 http://www.intelligence.tuc.gr/~batsakis/Interval-based#a http://www.intelligence.tuc.gr/~batsakis/Interval-based#36	1
http://www.intelligence.tuc.gr/~batsakis/Interval-based#18 http://www.intelligence.tuc.gr/~batsakis/Interval-based#a http://www.intelligence.tuc.gr/~batsakis/Interval-based#37	1
http://www.intelligence.tuc.gr/~batsakis/Interval-based#18 http://www.intelligence.tuc.gr/~batsakis/Interval-based#a_d_oi_mi_f http://www.intelligence.tuc.gr/~batsakis/Interval-based#38	1
http://www.intelligence.tuc.gr/~batsakis/Interval-based#18 http://www.intelligence.tuc.gr/~batsakis/Interval-based#a_d_oi_mi_f http://www.intelligence.tuc.gr/~batsakis/Interval-based#39	1
http://www.intelligence.tuc.gr/~batsakis/Interval-based#18 http://www.intelligence.tuc.gr/~batsakis/Interval-based#a http://www.intelligence.tuc.gr/~batsakis/Interval-based#40	1
http://www.intelligence.tuc.gr/~batsakis/Interval-based#18 http://www.intelligence.tuc.gr/~batsakis/Interval-based#a http://www.intelligence.tuc.gr/~batsakis/Interval-based#41	1
http://www.intelligence.tuc.gr/~batsakis/Interval-based#18 http://www.intelligence.tuc.gr/~batsakis/Interval-based#a_d_oi_mi_f http://www.intelligence.tuc.gr/~batsakis/Interval-based#42	1
http://www.intelligence.tuc.gr/~batsakis/Interval-based#18 http://www.intelligence.tuc.gr/~batsakis/Interval-based#a_d_oi_mi_f http://www.intelligence.tuc.gr/~batsakis/Interval-based#43	1
http://www.intelligence.tuc.gr/~batsakis/Interval-based#18 http://www.intelligence.tuc.gr/~batsakis/Interval-based#a http://www.intelligence.tuc.gr/~batsakis/Interval-based#44	1
http://www.intelligence.tuc.gr/~batsakis/Interval-based#18 http://www.intelligence.tuc.gr/~batsakis/Interval-based#a http://www.intelligence.tuc.gr/~batsakis/Interval-based#45	1
http://www.intelligence.tuc.gr/~batsakis/Interval-based#18 http://www.intelligence.tuc.gr/~batsakis/Interval-based#a http://www.intelligence.tuc.gr/~batsakis/Interval-based#46	1
http://www.intelligence.tuc.gr/~batsakis/Interval-based#18 http://www.intelligence.tuc.gr/~batsakis/Interval-based#a http://www.intelligence.tuc.gr/~batsakis/Interval-based#47	1
http://www.intelligence.tuc.gr/~batsakis/Interval-based#18 http://www.intelligence.tuc.gr/~batsakis/Interval-based#a http://www.intelligence.tuc.gr/~batsakis/Interval-based#48	1
http://www.intelligence.tuc.gr/~batsakis/Interval-based#18 http://www.intelligence.tuc.gr/~batsakis/Interval-based#a_d_oi_mi_f http://www.intelligence.tuc.gr/~batsakis/Interval-based#49	1
http://www.intelligence.tuc.gr/~batsakis/Interval-based#18 http://www.intelligence.tuc.gr/~batsakis/Interval-based#a http://www.intelligence.tuc.gr/~batsakis/Interval-based#50	1
http://www.intelligence.tuc.gr/~batsakis/Interval-based#18 http://www.intelligence.tuc.gr/~batsakis/Interval-based#a http://www.intelligence.tuc.gr/~batsakis/Interval-based#51	1
http://www.intelligence.tuc.gr/~batsakis/Interval-based#18 http://www.intelligence.tuc.gr/~batsakis/Interval-based#a http://www.intelligence.tuc.gr/~batsakis/Interval-based#52	1
http://www.intelligence.tuc.gr/~batsakis/Interval-based#18 http://www.intelligence.tuc.gr/~batsakis/Interval-based#a http://www.intelligence.tuc.gr/~batsakis/Interval-based#53	1
http://www.intelligence.tuc.gr/~batsakis/Interval-based#18 http://www.intelligence.tuc.gr/~batsakis/Interval-based#a_d_oi_mi_f http://www.intelligence.tuc.gr/~batsakis/Interval-based#54	1
http://www.intelligence.tuc.gr/~batsakis/Interval-based#18 http://www.intelligence.tuc.gr/~batsakis/Interval-based#a http://www.intelligence.tuc.gr/~batsakis/Interval-based#55	1
http://www.intelligence.tuc.gr/~batsakis/Interval-based#18 http://www.intelligence.tuc.gr/~batsakis/Interval-based#a http://www.intelligence.tuc.gr/~batsakis/Interval-based#56	1
http://www.intelligence.tuc.gr/~batsakis/Interval-based#18 http://www.intelligence.tuc.gr/~batsakis/Interval-based#a http://www.intelligence.tuc.gr/~batsakis/Interval-based#57	1
http://www.intelligence.tuc.gr/~batsakis/Interval-based#18 http://www.intelligence.tuc.gr/~batsakis/Interval-based#a http://www.intelligence.tuc.gr/~batsakis/Interval-based#58	1
http://www.intelligence.tuc.gr/~batsakis/Interval-based#18 http://www.intelligence.tuc.gr/~batsakis/Interval-based#a_d_oi_mi_f http://www.intelligence.tuc.gr/~batsakis/Interval-based#59	1
http://www.intelligence.tuc.gr/~batsakis/Interval-based#18 http://www.intelligence.tuc.gr/~batsakis/Interval-based#a http://www.intelligence.tuc.gr/~batsakis/Interval-based#60	1
http://www.intelligence.tuc.gr/~batsakis/Interval-based#18 http://www.intelligence.tuc.gr/~batsakis/Interval-based#a_d_oi_mi_f http://www.intelligence.tuc.gr/~batsakis/Interval-based#61	1
http://www.intelligence.tuc.gr/~batsakis/Interval-based#18 http://www.intelligence.tuc.gr/~batsakis/Interval-based#a_d_oi_mi_f http://www.intelligence.tuc.gr/~batsakis/Interval-based#62	1
http://www.intelligence.tuc.gr/~batsakis/Interval-based#18 http://www.intelligence.tuc.gr/~batsakis/Interval-based#a_d_oi_mi_f http://www.intelligence.tuc.gr/~batsakis/Interval-based#63	1
http://www.intelligence.tuc.gr/~batsakis/Interval-based#19 http://www.intelligence.tuc.gr/~batsakis/Interval-based#ov http://www.intelligence.tuc.gr/~batsakis/Interval-based#0	1
http://www.intelligence.tuc.gr/~batsakis/Interval-based#19 http://www.intelligence.tuc.gr/~batsakis/Interval-based#d http://www.intelligence.tuc.gr/~batsakis/Interval-based#1	1
http://www.intelligence.tuc.gr/~batsakis/Interval-based#19 http://www.intelligence.tuc.gr/~batsakis/Interval-based#b_ov_m http://www.intelligence.tuc.gr/~batsakis/Interval-based#2	1
http://www.intelligence.tuc.gr/~batsakis/Interval-based#19 http://www.intelligence.tuc.gr/~batsakis/Interval-based#d http://www.intelligence.tuc.gr/~batsakis/Interval-based#3	1
http://www.intelligence.tuc.gr/~batsakis/Interval-based#19 http://www.intelligence.tuc.gr/~batsakis/Interval-based#b http://www.intelligence.tuc.gr/~batsakis/Interval-based#4	1
http://www.intelligence.tuc.gr/~batsakis/Interval-based#19 http://www.intelligence.tuc.gr/~batsakis/Interval-based#a http://www.intelligence.tuc.gr/~batsakis/Interval-based#5	1
http://www.intelligence.tuc.gr/~batsakis/Interval-based#19 http://www.intelligence.tuc.gr/~batsakis/Interval-based#b_ov_m http://www.intelligence.tuc.gr/~batsakis/Interval-based#6	1
http://www.intelligence.tuc.gr/~batsakis/Interval-based#19 http://www.intelligence.tuc.gr/~batsakis/Interval-based#d http://www.intelligence.tuc.gr/~batsakis/Interval-based#7	1
http://www.intelligence.tuc.gr/~batsakis/Interval-based#19 http://www.intelligence.tuc.gr/~batsakis/Interval-based#di http://www.intelligence.tuc.gr/~batsakis/Interval-based#8	1
http://www.intelligence.tuc.gr/~batsakis/Interval-based#19 http://www.intelligence.tuc.gr/~batsakis/Interval-based#d http://www.intelligence.tuc.gr/~batsakis/Interval-based#9	1
http://www.intelligence.tuc.gr/~batsakis/Interval-based#19 http://www.intelligence.tuc.gr/~batsakis/Interval-based#d http://www.intelligence.tuc.gr/~batsakis/Interval-based#10	1
http://www.intelligence.tuc.gr/~batsakis/Interval-based#19 http://www.intelligence.tuc.gr/~batsakis/Interval-based#oi http://www.intelligence.tuc.gr/~batsakis/Interval-based#11	1
http://www.intelligence.tuc.gr/~batsakis/Interval-based#19 http://www.intelligence.tuc.gr/~batsakis/Interval-based#d http://www.intelligence.tuc.gr/~batsakis/Interval-based#12	1
http://www.intelligence.tuc.gr/~batsakis/Interval-based#19 http://www.intelligence.tuc.gr/~batsakis/Interval-based#m http://www.intelligence.tuc.gr/~batsakis/Interval-based#13	1
http://www.intelligence.tuc.gr/~batsakis/Interval-based#19 http://www.intelligence.tuc.gr/~batsakis/Interval-based#d_di_ov_oi_s_si_f_fi_eq http://www.intelligence.tuc.gr/~batsakis/Interval-based#14	1
http://www.intelligence.tuc.gr/~batsakis/Interval-based#19 http://www.intelligence.tuc.gr/~batsakis/Interval-based#d_oi_f http://www.intelligence.tuc.gr/~batsakis/Interval-based#15	1
http://www.intelligence.tuc.gr/~batsakis/Interval-based#19 http://www.intelligence.tuc.gr/~batsakis/Interval-based#a_oi_mi http://www.intelligence.tuc.gr/~batsakis/Interval-based#16	1
http://www.intelligence.tuc.gr/~batsakis/Interval-based#19 http://www.intelligence.tuc.gr/~batsakis/Interval-based#d_di_ov_oi_s_si_f_fi_eq http://www.intelligence.tuc.gr/~batsakis/Interval-based#17	1
http://www.intelligence.tuc.gr/~batsakis/Interval-based#19 http://www.intelligence.tuc.gr/~batsakis/Interval-based#b http://www.intelligence.tuc.gr/~batsakis/Interval-based#18	1
http://www.intelligence.tuc.gr/~batsakis/Interval-based#19 http://www.intelligence.tuc.gr/~batsakis/Interval-based#b http://www.intelligence.tuc.gr/~batsakis/Interval-based#20	1
http://www.intelligence.tuc.gr/~batsakis/Interval-based#19 http://www.intelligence.tuc.gr/~batsakis/Interval-based#d http://www.intelligence.tuc.gr/~batsakis/Interval-based#21	1
http://www.intelligence.tuc.gr/~batsakis/Interval-based#19 http://www.intelligence.tuc.gr/~batsakis/Interval-based#b_ov_m http://www.intelligence.tuc.gr/~batsakis/Interval-based#22	1
http://www.intelligence.tuc.gr/~batsakis/Interval-based#19 http://www.intelligence.tuc.gr/~batsakis/Interval-based#b http://www.intelligence.tuc.gr/~batsakis/Interval-based#23	1
http://www.intelligence.tuc.gr/~batsakis/Interval-based#19 http://www.intelligence.tuc.gr/~batsakis/Interval-based#d http://www.intelligence.tuc.gr/~batsakis/Interval-based#24	1
http://www.intelligence.tuc.gr/~batsakis/Interval-based#19 http://www.intelligence.tuc.gr/~batsakis/Interval-based#d http://www.intelligence.tuc.gr/~batsakis/Interval-based#25	1
http://www.intelligence.tuc.gr/~batsakis/Interval-based#19 http://www.intelligence.tuc.gr/~batsakis/Interval-based#a_oi_mi http://www.intelligence.tuc.gr/~batsakis/Interval-based#26	1
http://www.intelligence.tuc.gr/~batsakis/Interval-based#19 http://www.intelligence.tuc.gr/~batsakis/Interval-based#d http://www.intelligence.tuc.gr/~batsakis/Interval-based#27	1
http://www.intelligence.tuc.gr/~batsakis/Interval-based#19 http://www.intelligence.tuc.gr/~batsakis/Interval-based#ov http://www.intelligence.tuc.gr/~batsakis/Interval-based#28	1
http://www.intelligence.tuc.gr/~batsakis/Interval-based#19 http://www.intelligence.tuc.gr/~batsakis/Interval-based#d http://www.intelligence.tuc.gr/~batsakis/Interval-based#29	1
http://www.intelligence.tuc.gr/~batsakis/Interval-based#19 http://www.intelligence.tuc.gr/~batsakis/Interval-based#d_oi_f http://www.intelligence.tuc.gr/~batsakis/Interval-based#30	1
http://www.intelligence.tuc.gr/~batsakis/Interval-based#19 http://www.intelligence.tuc.gr/~batsakis/Interval-based#d http://www.intelligence.tuc.gr/~batsakis/Interval-based#31	1
http://www.intelligence.tuc.gr/~batsakis/Interval-based#19 http://www.intelligence.tuc.gr/~batsakis/Interval-based#d http://www.intelligence.tuc.gr/~batsakis/Interval-based#32	1
http://www.intelligence.tuc.gr/~batsakis/Interval-based#19 http://www.intelligence.tuc.gr/~batsakis/Interval-based#b http://www.intelligence.tuc.gr/~batsakis/Interval-based#33	1
http://www.intelligence.tuc.gr/~batsakis/Interval-based#19 http://www.intelligence.tuc.gr/~batsakis/Interval-based#d_oi_f http://www.intelligence.tuc.gr/~batsakis/Interval-based#34	1
http://www.intelligence.tuc.gr/~batsakis/Interval-based#19 http://www.intelligence.tuc.gr/~batsakis/Interval-based#d_ov_s http://www.intelligence.tuc.gr/~batsakis/Interval-based#35	1
http://www.intelligence.tuc.gr/~batsakis/Interval-based#19 http://www.intelligence.tuc.gr/~batsakis/Interval-based#d http://www.intelligence.tuc.gr/~batsakis/Interval-based#36	1
http://www.intelligence.tuc.gr/~batsakis/Interval-based#19 http://www.intelligence.tuc.gr/~batsakis/Interval-based#d http://www.intelligence.tuc.gr/~batsakis/Interval-based#37	1
http://www.intelligence.tuc.gr/~batsakis/Interval-based#19 http://www.intelligence.tuc.gr/~batsakis/Interval-based#d http://www.intelligence.tuc.gr/~batsakis/Interval-based#38	1
http://www.intelligence.tuc.gr/~batsakis/Interval-based#19 http://www.intelligence.tuc.gr/~batsakis/Interval-based#ov http://www.intelligence.tuc.gr/~batsakis/Interval-based#39	1
http://www.intelligence.tuc.gr/~batsakis/Interval-based#19 http://www.intelligence.tuc.gr/~batsakis/Interval-based#oi http://www.intelligence.tuc.gr/~batsakis/Interval-based#40	1
http://www.intelligence.tuc.gr/~batsakis/Interval-based#19 http://www.intelligence.tuc.gr/~batsakis/Interval-based#a http://www.intelligence.tuc.gr/~batsakis/Interval-based#41	1
http://www.intelligence.tuc.gr/~batsakis/Interval-based#19 http://www.intelligence.tuc.gr/~batsakis/Interval-based#b_ov_m http://www.intelligence.tuc.gr/~batsakis/Interval-based#42	1
http://www.intelligence.tuc.gr/~batsakis/Interval-based#19 http://www.intelligence.tuc.gr/~batsakis/Interval-based#d http://www.intelligence.tuc.gr/~batsakis/Interval-based#43	1
http://www.intelligence.tuc.gr/~batsakis/Interval-based#19 http://www.intelligence.tuc.gr/~batsakis/Interval-based#di http://www.intelligence.tuc.gr/~batsakis/Interval-based#44	1
http://www.intelligence.tuc.gr/~batsakis/Interval-based#19 http://www.intelligence.tuc.gr/~batsakis/Interval-based#oi http://www.intelligence.tuc.gr/~batsakis/Interval-based#45	1
http://www.intelligence.tuc.gr/~batsakis/Interval-based#19 http://www.intelligence.tuc.gr/~batsakis/Interval-based#d http://www.intelligence.tuc.gr/~batsakis/Interval-based#46	1
http://www.intelligence.tuc.gr/~batsakis/Interval-based#19 http://www.intelligence.tuc.gr/~batsakis/Interval-based#eq http://www.intelligence.tuc.gr/~batsakis/Interval-based#47	1
http://www.intelligence.tuc.gr/~batsakis/Interval-based#19 http://www.intelligence.tuc.gr/~batsakis/Interval-based#b http://www.intelligence.tuc.gr/~batsakis/Interval-based#48	1
http://www.intelligence.tuc.gr/~batsakis/Interval-based#19 http://www.intelligence.tuc.gr/~batsakis/Interval-based#b http://www.intelligence.tuc.gr/~batsakis/Interval-based#49	1
http://www.intelligence.tuc.gr/~batsakis/Interval-based#19 http://www.intelligence.tuc.gr/~batsakis/Interval-based#b http://www.intelligence.tuc.gr/~batsakis/Interval-based#50	1
http://www.intelligence.tuc.gr/~batsakis/Interval-based#19 http://www.intelligence.tuc.gr/~batsakis/Interval-based#oi http://www.intelligence.tuc.gr/~batsakis/Interval-based#51	1
http://www.intelligence.tuc.gr/~batsakis/Interval-based#19 http://www.intelligence.tuc.gr/~batsakis/Interval-based#d http://www.intelligence.tuc.gr/~batsakis/Interval-based#52	1
http://www.intelligence.tuc.gr/~batsakis/Interval-based#19 http://www.intelligence.tuc.gr/~batsakis/Interval-based#d_ov_s http://www.intelligence.tuc.gr/~batsakis/Interval-based#53	1
http://www.intelligence.tuc.gr/~batsakis/Interval-based#19 http://www.intelligence.tuc.gr/~batsakis/Interval-based#b http://www.intelligence.tuc.gr/~batsakis/Interval-based#54	1
http://www.intelligence.tuc.gr/~batsakis/Interval-based#19 http://www.intelligence.tuc.gr/~batsakis/Interval-based#d http://www.intelligence.tuc.gr/~batsakis/Interval-based#55	1
http://www.intelligence.tuc.gr/~batsakis/Interval-based#19 http://www.intelligence.tuc.gr/~batsakis/Interval-based#oi http://www.intelligence.tuc.gr/~batsakis/Interval-based#56	1
http://www.intelligence.tuc.gr/~batsakis/Interval-based#19 http://www.intelligence.tuc.gr/~batsakis/Interval-based#d http://www.intelligence.tuc.gr/~batsakis/Interval-based#57	1
http://www.intelligence.tuc.gr/~batsakis/Interval-based#19 http://www.intelligence.tuc.gr/~batsakis/Interval-based#d http://www.intelligence.tuc.gr/~batsakis/Interval-based#58	1
http://www.intelligence.tuc.gr/~batsakis/Interval-based#19 http://www.intelligence.tuc.gr/~batsakis/Interval-based#ov http://www.intelligence.tuc.gr/~batsakis/Interval-based#59	1
http://www.intelligence.tuc.gr/~batsakis/Interval-based#19 http://www.intelligence.tuc.gr/~batsakis/Interval-based#d http://www.intelligence.tuc.gr/~batsakis/Interval-based#60	1
http://www.intelligence.tuc.gr/~batsakis/Interval-based#19 http://www.intelligence.tuc.gr/~batsakis/Interval-based#b http://www.intelligence.tuc.gr/~batsakis/Interval-based#61	1
http://www.intelligence.tuc.gr/~batsakis/Interval-based#19 http://www.intelligence.tuc.gr/~batsakis/Interval-based#d http://www.intelligence.tuc.gr/~batsakis/Interval-based#62	1
http://www.intelligence.tuc.gr/~batsakis/Interval-based#19 http://www.intelligence.tuc.gr/~batsakis/Interval-based#d_ov_s http://www.intelligence.tuc.gr/~batsakis/Interval-based#63	1
http://www.intelligence.tuc.gr/~batsakis/Interval-based#20 http://www.intelligence.tuc.gr/~batsakis/Interval-based#d_oi_f http://www.intelligence.tuc.gr/~batsakis/Interval-based#0	1
http://www.intelligence.tuc.gr/~batsakis/Interval-based#20 http://www.intelligence.tuc.gr/~batsakis/Interval-based#a http://www.intelligence.tuc.gr/~batsakis/Interval-based#1	1
http://www.intelligence.tuc.gr/~batsakis/Interval-based#20 http://www.intelligence.tuc.gr/~batsakis/Interval-based#a_oi_mi http://www.intelligence.tuc.gr/~batsakis/Interval-based#2	1
http://www.intelligence.tuc.gr/~batsakis/Interval-based#20 http://www.intelligence.tuc.gr/~batsakis/Interval-based#a http://www.intelligence.tuc.gr/~batsakis/Interval-based#3	1
http://www.intelligence.tuc.gr/~batsakis/Interval-based#20 http://www.intelligence.tuc.gr/~batsakis/Interval-based#d_oi_f http://www.intelligence.tuc.gr/~batsakis/Interval-based#4	1
http://www.intelligence.tuc.gr/~batsakis/Interval-based#20 http://www.intelligence.tuc.gr/~batsakis/Interval-based#a http://www.intelligence.tuc.gr/~batsakis/Interval-based#5	1
http://www.intelligence.tuc.gr/~batsakis/Interval-based#20 http://www.intelligence.tuc.gr/~batsakis/Interval-based#oi http://www.intelligence.tuc.gr/~batsakis/Interval-based#6	1
http://www.intelligence.tuc.gr/~batsakis/Interval-based#20 http://www.intelligence.tuc.gr/~batsakis/Interval-based#a_oi_mi http://www.intelligence.tuc.gr/~batsakis/Interval-based#7	1
http://www.intelligence.tuc.gr/~batsakis/Interval-based#20 http://www.intelligence.tuc.gr/~batsakis/Interval-based#a http://www.intelligence.tuc.gr/~batsakis/Interval-based#8	1
http://www.intelligence.tuc.gr/~batsakis/Interval-based#20 http://www.intelligence.tuc.gr/~batsakis/Interval-based#a http://www.intelligence.tuc.gr/~batsakis/Interval-based#9	1
http://www.intelligence.tuc.gr/~batsakis/Interval-based#20 http://www.intelligence.tuc.gr/~batsakis/Interval-based#a http://www.intelligence.tuc.gr/~batsakis/Interval-based#10	1
http://www.intelligence.tuc.gr/~batsakis/Interval-based#20 http://www.intelligence.tuc.gr/~batsakis/Interval-based#a http://www.intelligence.tuc.gr/~batsakis/Interval-based#11	1
http://www.intelligence.tuc.gr/~batsakis/Interval-based#20 http://www.intelligence.tuc.gr/~batsakis/Interval-based#a http://www.intelligence.tuc.gr/~batsakis/Interval-based#12	1
http://www.intelligence.tuc.gr/~batsakis/Interval-based#20 http://www.intelligence.tuc.gr/~batsakis/Interval-based#d_oi_f http://www.intelligence.tuc.gr/~batsakis/Interval-based#13	1
http://www.intelligence.tuc.gr/~batsakis/Interval-based#20 http://www.intelligence.tuc.gr/~batsakis/Interval-based#a http://www.intelligence.tuc.gr/~batsakis/Interval-based#14	1
http://www.intelligence.tuc.gr/~batsakis/Interval-based#20 http://www.intelligence.tuc.gr/~batsakis/Interval-based#a http://www.intelligence.tuc.gr/~batsakis/Interval-based#15	1
http://www.intelligence.tuc.gr/~batsakis/Interval-based#20 http://www.intelligence.tuc.gr/~batsakis/Interval-based#a http://www.intelligence.tuc.gr/~batsakis/Interval-based#16	1
http://www.intelligence.tuc.gr/~batsakis/Interval-based#20 http://www.intelligence.tuc.gr/~batsakis/Interval-based#a http://www.intelligence.tuc.gr/~batsakis/Interval-based#17	1
http://www.intelligence.tuc.gr/~batsakis/Interval-based#20 http://www.intelligence.tuc.gr/~batsakis/Interval-based#b_di_ov_m_fi http://www.intelligence.tuc.gr/~batsakis/Interval-based#18	1
http://www.intelligence.tuc.gr/~batsakis/Interval-based#20 http://www.intelligence.tuc.gr/~batsakis/Interval-based#a http://www.intelligence.tuc.gr/~batsakis/Interval-based#19	1
http://www.intelligence.tuc.gr/~batsakis/Interval-based#20 http://www.intelligence.tuc.gr/~batsakis/Interval-based#a http://www.intelligence.tuc.gr/~batsakis/Interval-based#21	1
http://www.intelligence.tuc.gr/~batsakis/Interval-based#20 http://www.intelligence.tuc.gr/~batsakis/Interval-based#a_oi_mi http://www.intelligence.tuc.gr/~batsakis/Interval-based#22	1
http://www.intelligence.tuc.gr/~batsakis/Interval-based#20 http://www.intelligence.tuc.gr/~batsakis/Interval-based#d_oi_f http://www.intelligence.tuc.gr/~batsakis/Interval-based#23	1
http://www.intelligence.tuc.gr/~batsakis/Interval-based#20 http://www.intelligence.tuc.gr/~batsakis/Interval-based#a http://www.intelligence.tuc.gr/~batsakis/Interval-based#24	1
http://www.intelligence.tuc.gr/~batsakis/Interval-based#20 http://www.intelligence.tuc.gr/~batsakis/Interval-based#a http://www.intelligence.tuc.gr/~batsakis/Interval-based#25	1
http://www.intelligence.tuc.gr/~batsakis/Interval-based#20 http://www.intelligence.tuc.gr/~batsakis/Interval-based#a http://www.intelligence.tuc.gr/~batsakis/Interval-based#26	1
http://www.intelligence.tuc.gr/~batsakis/Interval-based#20 http://www.intelligence.tuc.gr/~batsakis/Interval-based#a_oi_mi http://www.intelligence.tuc.gr/~batsakis/Interval-based#27	1
http://www.intelligence.tuc.gr/~batsakis/Interval-based#20 http://www.intelligence.tuc.gr/~batsakis/Interval-based#d_oi_f http://www.intelligence.tuc.gr/~batsakis/Interval-based#28	1
http://www.intelligence.tuc.gr/~batsakis/Interval-based#20 http://www.intelligence.tuc.gr/~batsakis/Interval-based#a http://www.intelligence.tuc.gr/~batsakis/Interval-based#29	1
http://www.intelligence.tuc.gr/~batsakis/Interval-based#20 http://www.intelligence.tuc.gr/~batsakis/Interval-based#a_oi_mi http://www.intelligence.tuc.gr/~batsakis/Interval-based#30	1
http://www.intelligence.tuc.gr/~batsakis/Interval-based#20 http://www.intelligence.tuc.gr/~batsakis/Interval-based#a http://www.intelligence.tuc.gr/~batsakis/Interval-based#31	1
http://www.intelligence.tuc.gr/~batsakis/Interval-based#20 http://www.intelligence.tuc.gr/~batsakis/Interval-based#d_oi_f http://www.intelligence.tuc.gr/~batsakis/Interval-based#32	1
http://www.intelligence.tuc.gr/~batsakis/Interval-based#20 http://www.intelligence.tuc.gr/~batsakis/Interval-based#d_di_ov_oi_s_si_f_fi_eq http://www.intelligence.tuc.gr/~batsakis/Interval-based#33	1
http://www.intelligence.tuc.gr/~batsakis/Interval-based#20 http://www.intelligence.tuc.gr/~batsakis/Interval-based#a http://www.intelligence.tuc.gr/~batsakis/Interval-based#34	1
http://www.intelligence.tuc.gr/~batsakis/Interval-based#20 http://www.intelligence.tuc.gr/~batsakis/Interval-based#a http://www.intelligence.tuc.gr/~batsakis/Interval-based#35	1
http://www.intelligence.tuc.gr/~batsakis/Interval-based#20 http://www.intelligence.tuc.gr/~batsakis/Interval-based#a http://www.intelligence.tuc.gr/~batsakis/Interval-based#36	1
http://www.intelligence.tuc.gr/~batsakis/Interval-based#20 http://www.intelligence.tuc.gr/~batsakis/Interval-based#a http://www.intelligence.tuc.gr/~batsakis/Interval-based#37	1
http://www.intelligence.tuc.gr/~batsakis/Interval-based#20 http://www.intelligence.tuc.gr/~batsakis/Interval-based#oi http://www.intelligence.tuc.gr/~batsakis/Interval-based#38	1
http://www.intelligence.tuc.gr/~batsakis/Interval-based#20 http://www.intelligence.tuc.gr/~batsakis/Interval-based#d_oi_f http://www.intelligence.tuc.gr/~batsakis/Interval-based#39	1
http://www.intelligence.tuc.gr/~batsakis/Interval-based#20 http://www.intelligence.tuc.gr/~batsakis/Interval-based#a http://www.intelligence.tuc.gr/~batsakis/Interval-based#40	1
http://www.intelligence.tuc.gr/~batsakis/Interval-based#20 http://www.intelligence.tuc.gr/~batsakis/Interval-based#a http://www.intelligence.tuc.gr/~batsakis/Interval-based#41	1
http://www.intelligence.tuc.gr/~batsakis/Interval-based#20 http://www.intelligence.tuc.gr/~batsakis/Interval-based#a_d_oi_mi_f http://www.intelligence.tuc.gr/~batsakis/Interval-based#42	1
http://www.intelligence.tuc.gr/~batsakis/Interval-based#20 http://www.intelligence.tuc.gr/~batsakis/Interval-based#a_oi_mi http://www.intelligence.tuc.gr/~batsakis/Interval-based#43	1
http://www.intelligence.tuc.gr/~batsakis/Interval-based#20 http://www.intelligence.tuc.gr/~batsakis/Interval-based#a http://www.intelligence.tuc.gr/~batsakis/Interval-based#44	1
http://www.intelligence.tuc.gr/~batsakis/Interval-based#20 http://www.intelligence.tuc.gr/~batsakis/Interval-based#a http://www.intelligence.tuc.gr/~batsakis/Interval-based#45	1
http://www.intelligence.tuc.gr/~batsakis/Interval-based#20 http://www.intelligence.tuc.gr/~batsakis/Interval-based#a http://www.intelligence.tuc.gr/~batsakis/Interval-based#46	1
http://www.intelligence.tuc.gr/~batsakis/Interval-based#20 http://www.intelligence.tuc.gr/~batsakis/Interval-based#a http://www.intelligence.tuc.gr/~batsakis/Interval-based#47	1
http://www.intelligence.tuc.gr/~batsakis/Interval-based#20 http://www.intelligence.tuc.gr/~batsakis/Interval-based#a http://www.intelligence.tuc.gr/~batsakis/Interval-based#48	1
http://www.intelligence.tuc.gr/~batsakis/Interval-based#20 http://www.intelligence.tuc.gr/~batsakis/Interval-based#d_oi_f http://www.intelligence.tuc.gr/~batsakis/Interval-based#49	1
http://www.intelligence.tuc.gr/~batsakis/Interval-based#20 http://www.intelligence.tuc.gr/~batsakis/Interval-based#si http://www.intelligence.tuc.gr/~batsakis/Interval-based#50	1
http://www.intelligence.tuc.gr/~batsakis/Interval-based#20 http://www.intelligence.tuc.gr/~batsakis/Interval-based#a http://www.intelligence.tuc.gr/~batsakis/Interval-based#51	1
http://www.intelligence.tuc.gr/~batsakis/Interval-based#20 http://www.intelligence.tuc.gr/~batsakis/Interval-based#a http://www.intelligence.tuc.gr/~batsakis/Interval-based#52	1
http://www.intelligence.tuc.gr/~batsakis/Interval-based#20 http://www.intelligence.tuc.gr/~batsakis/Interval-based#a http://www.intelligence.tuc.gr/~batsakis/Interval-based#53	1
http://www.intelligence.tuc.gr/~batsakis/Interval-based#20 http://www.intelligence.tuc.gr/~batsakis/Interval-based#a_oi_mi http://www.intelligence.tuc.gr/~batsakis/Interval-based#54	1
http://www.intelligence.tuc.gr/~batsakis/Interval-based#20 http://www.intelligence.tuc.gr/~batsakis/Interval-based#a http://www.intelligence.tuc.gr/~batsakis/Interval-based#55	1
http://www.intelligence.tuc.gr/~batsakis/Interval-based#20 http://www.intelligence.tuc.gr/~batsakis/Interval-based#a http://www.intelligence.tuc.gr/~batsakis/Interval-based#56	1
http://www.intelligence.tuc.gr/~batsakis/Interval-based#20 http://www.intelligence.tuc.gr/~batsakis/Interval-based#a http://www.intelligence.tuc.gr/~batsakis/Interval-based#57	1
http://www.intelligence.tuc.gr/~batsakis/Interval-based#20 http://www.intelligence.tuc.gr/~batsakis/Interval-based#a http://www.intelligence.tuc.gr/~batsakis/Interval-based#58	1
http://www.intelligence.tuc.gr/~batsakis/Interval-based#20 http://www.intelligence.tuc.gr/~batsakis/Interval-based#a_oi_mi http://www.intelligence.tuc.gr/~batsakis/Interval-based#59	1
http://www.intelligence.tuc.gr/~batsakis/Interval-based#20 http://www.intelligence.tuc.gr/~batsakis/Interval-based#a http://www.intelligence.tuc.gr/~batsakis/Interval-based#60	1
http://www.intelligence.tuc.gr/~batsakis/Interval-based#20 http://www.intelligence.tuc.gr/~batsakis/Interval-based#a_oi_mi http://www.intelligence.tuc.gr/~batsakis/Interval-based#61	1
http://www.intelligence.tuc.gr/~batsakis/Interval-based#20 http://www.intelligence.tuc.gr/~batsakis/Interval-based#d_oi_f http://www.intelligence.tuc.gr/~batsakis/Interval-based#62	1
http://www.intelligence.tuc.gr/~batsakis/Interval-based#20 http://www.intelligence.tuc.gr/~batsakis/Interval-based#d_oi_f http://www.intelligence.tuc.gr/~batsakis/Interval-based#63	1
http://www.intelligence.tuc.gr/~batsakis/Interval-based#21 http://www.intelligence.tuc.gr/~batsakis/Interval-based#ov http://www.intelligence.tuc.gr/~batsakis/Interval-based#0	1
http://www.intelligence.tuc.gr/~batsakis/Interval-based#21 http://www.intelligence.tuc.gr/~batsakis/Interval-based#d http://www.intelligence.tuc.gr/~batsakis/Interval-based#1	1
http://www.intelligence.tuc.gr/~batsakis/Interval-based#21 http://www.intelligence.tuc.gr/~batsakis/Interval-based#ov http://www.intelligence.tuc.gr/~batsakis/Interval-based#2	1
http://www.intelligence.tuc.gr/~batsakis/Interval-based#21 http://www.intelligence.tuc.gr/~batsakis/Interval-based#di http://www.intelligence.tuc.gr/~batsakis/Interval-based#3	1
http://www.intelligence.tuc.gr/~batsakis/Interval-based#21 http://www.intelligence.tuc.gr/~batsakis/Interval-based#m http://www.intelligence.tuc.gr/~batsakis/Interval-based#4	1
http://www.intelligence.tuc.gr/~batsakis/Interval-based#21 http://www.intelligence.tuc.gr/~batsakis/Interval-based#di http://www.intelligence.tuc.gr/~batsakis/Interval-based#5	1
http://www.intelligence.tuc.gr/~batsakis/Interval-based#21 http://www.intelligence.tuc.gr/~batsakis/Interval-based#ov http://www.intelligence.tuc.gr/~batsakis/Interval-based#6	1
http://www.intelligence.tuc.gr/~batsakis/Interval-based#21 http://www.intelligence.tuc.gr/~batsakis/Interval-based#ov http://www.intelligence.tuc.gr/~batsakis/Interval-based#7	1
http://www.intelligence.tuc.gr/~batsakis/Interval-based#21 http://www.intelligence.tuc.gr/~batsakis/Interval-based#di http://www.intelligence.tuc.gr/~batsakis/Interval-based#8	1
http://www.intelligence.tuc.gr/~batsakis/Interval-based#21 http://www.intelligence.tuc.gr/~batsakis/Interval-based#fi http://www.intelligence.tuc.gr/~batsakis/Interval-based#9	1
http://www.intelligence.tuc.gr/~batsakis/Interval-based#21 http://www.intelligence.tuc.gr/~batsakis/Interval-based#di http://www.intelligence.tuc.gr/~batsakis/Interval-based#10	1
http://www.intelligence.tuc.gr/~batsakis/Interval-based#21 http://www.intelligence.tuc.gr/~batsakis/Interval-based#di http://www.intelligence.tuc.gr/~batsakis/Interval-based#11	1
http://www.intelligence.tuc.gr/~batsakis/Interval-based#21 http://www.intelligence.tuc.gr/~batsakis/Interval-based#oi http://www.intelligence.tuc.gr/~batsakis/Interval-based#12	1
http://www.intelligence.tuc.gr/~batsakis/Interval-based#21 http://www.intelligence.tuc.gr/~batsakis/Interval-based#ov http://www.intelligence.tuc.gr/~batsakis/Interval-based#13	1
http://www.intelligence.tuc.gr/~batsakis/Interval-based#21 http://www.intelligence.tuc.gr/~batsakis/Interval-based#di http://www.intelligence.tuc.gr/~batsakis/Interval-based#14	1
http://www.intelligence.tuc.gr/~batsakis/Interval-based#21 http://www.intelligence.tuc.gr/~batsakis/Interval-based#di http://www.intelligence.tuc.gr/~batsakis/Interval-based#15	1
http://www.intelligence.tuc.gr/~batsakis/Interval-based#21 http://www.intelligence.tuc.gr/~batsakis/Interval-based#si http://www.intelligence.tuc.gr/~batsakis/Interval-based#16	1
http://www.intelligence.tuc.gr/~batsakis/Interval-based#21 http://www.intelligence.tuc.gr/~batsakis/Interval-based#di http://www.intelligence.tuc.gr/~batsakis/Interval-based#17	1
http://www.intelligence.tuc.gr/~batsakis/Interval-based#21 http://www.intelligence.tuc.gr/~batsakis/Interval-based#b http://www.intelligence.tuc.gr/~batsakis/Interval-based#18	1
http://www.intelligence.tuc.gr/~batsakis/Interval-based#21 http://www.intelligence.tuc.gr/~batsakis/Interval-based#di http://www.intelligence.tuc.gr/~batsakis/Interval-based#19	1
http://www.intelligence.tuc.gr/~batsakis/Interval-based#21 http://www.intelligence.tuc.gr/~batsakis/Interval-based#b http://www.intelligence.tuc.gr/~batsakis/Interval-based#20	1
http://www.intelligence.tuc.gr/~batsakis/Interval-based#21 http://www.intelligence.tuc.gr/~batsakis/Interval-based#ov http://www.intelligence.tuc.gr/~batsakis/Interval-based#22	1
http://www.intelligence.tuc.gr/~batsakis/Interval-based#21 http://www.intelligence.tuc.gr/~batsakis/Interval-based#ov http://www.intelligence.tuc.gr/~batsakis/Interval-based#23	1
http://www.intelligence.tuc.gr/~batsakis/Interval-based#21 http://www.intelligence.tuc.gr/~batsakis/Interval-based#ov http://www.intelligence.tuc.gr/~batsakis/Interval-based#24	1
http://www.intelligence.tuc.gr/~batsakis/Interval-based#21 http://www.intelligence.tuc.gr/~batsakis/Interval-based#ov http://www.intelligence.tuc.gr/~batsakis/Interval-based#25	1
http://www.intelligence.tuc.gr/~batsakis/Interval-based#21 http://www.intelligence.tuc.gr/~batsakis/Interval-based#di http://www.intelligence.tuc.gr/~batsakis/Interval-based#26	1
http://www.intelligence.tuc.gr/~batsakis/Interval-based#21 http://www.intelligence.tuc.gr/~batsakis/Interval-based#ov http://www.intelligence.tuc.gr/~batsakis/Interval-based#27	1
http://www.intelligence.tuc.gr/~batsakis/Interval-based#21 http://www.intelligence.tuc.gr/~batsakis/Interval-based#ov http://www.intelligence.tuc.gr/~batsakis/Interval-based#28	1
http://www.intelligence.tuc.gr/~batsakis/Interval-based#21 http://www.intelligence.tuc.gr/~batsakis/Interval-based#oi http://www.intelligence.tuc.gr/~batsakis/Interval-based#29	1
http://www.intelligence.tuc.gr/~batsakis/Interval-based#21 http://www.intelligence.tuc.gr/~batsakis/Interval-based#d_di_ov_oi_s_si_f_fi_eq http://www.intelligence.tuc.gr/~batsakis/Interval-based#30	1
http://www.intelligence.tuc.gr/~batsakis/Interval-based#21 http://www.intelligence.tuc.gr/~batsakis/Interval-based#fi http://www.intelligence.tuc.gr/~batsakis/Interval-based#31	1
http://www.intelligence.tuc.gr/~batsakis/Interval-based#21 http://www.intelligence.tuc.gr/~batsakis/Interval-based#ov http://www.intelligence.tuc.gr/~batsakis/Interval-based#32	1
http://www.intelligence.tuc.gr/~batsakis/Interval-based#21 http://www.intelligence.tuc.gr/~batsakis/Interval-based#b http://www.intelligence.tuc.gr/~batsakis/Interval-based#33	1
http://www.intelligence.tuc.gr/~batsakis/Interval-based#21 http://www.intelligence.tuc.gr/~batsakis/Interval-based#di http://www.intelligence.tuc.gr/~batsakis/Interval-based#34	1
http://www.intelligence.tuc.gr/~batsakis/Interval-based#21 http://www.intelligence.tuc.gr/~batsakis/Interval-based#ov http://www.intelligence.tuc.gr/~batsakis/Interval-based#35	1
http://www.intelligence.tuc.gr/~batsakis/Interval-based#21 http://www.intelligence.tuc.gr/~batsakis/Interval-based#fi http://www.intelligence.tuc.gr/~batsakis/Interval-based#36	1
http://www.intelligence.tuc.gr/~batsakis/Interval-based#21 http://www.intelligence.tuc.gr/~batsakis/Interval-based#di http://www.intelligence.tuc.gr/~batsakis/Interval-based#37	1
http://www.intelligence.tuc.gr/~batsakis/Interval-based#21 http://www.intelligence.tuc.gr/~batsakis/Interval-based#d http://www.intelligence.tuc.gr/~batsakis/Interval-based#38	1
http://www.intelligence.tuc.gr/~batsakis/Interval-based#21 http://www.intelligence.tuc.gr/~batsakis/Interval-based#ov http://www.intelligence.tuc.gr/~batsakis/Interval-based#39	1
http://www.intelligence.tuc.gr/~batsakis/Interval-based#21 http://www.intelligence.tuc.gr/~batsakis/Interval-based#di http://www.intelligence.tuc.gr/~batsakis/Interval-based#40	1
http://www.intelligence.tuc.gr/~batsakis/Interval-based#21 http://www.intelligence.tuc.gr/~batsakis/Interval-based#di http://www.intelligence.tuc.gr/~batsakis/Interval-based#41	1
http://www.intelligence.tuc.gr/~batsakis/Interval-based#21 http://www.intelligence.tuc.gr/~batsakis/Interval-based#ov http://www.intelligence.tuc.gr/~batsakis/Interval-based#42	1
http://www.intelligence.tuc.gr/~batsakis/Interval-based#21 http://www.intelligence.tuc.gr/~batsakis/Interval-based#di_ov_fi http://www.intelligence.tuc.gr/~batsakis/Interval-based#43	1
http://www.intelligence.tuc.gr/~batsakis/Interval-based#21 http://www.intelligence.tuc.gr/~batsakis/Interval-based#di http://www.intelligence.tuc.gr/~batsakis/Interval-based#44	1
http://www.intelligence.tuc.gr/~batsakis/Interval-based#21 http://www.intelligence.tuc.gr/~batsakis/Interval-based#di http://www.intelligence.tuc.gr/~batsakis/Interval-based#45	1
http://www.intelligence.tuc.gr/~batsakis/Interval-based#21 http://www.intelligence.tuc.gr/~batsakis/Interval-based#di_oi_si http://www.intelligence.tuc.gr/~batsakis/Interval-based#46	1
http://www.intelligence.tuc.gr/~batsakis/Interval-based#21 http://www.intelligence.tuc.gr/~batsakis/Interval-based#di http://www.intelligence.tuc.gr/~batsakis/Interval-based#47	1
http://www.intelligence.tuc.gr/~batsakis/Interval-based#21 http://www.intelligence.tuc.gr/~batsakis/Interval-based#di http://www.intelligence.tuc.gr/~batsakis/Interval-based#48	1
http://www.intelligence.tuc.gr/~batsakis/Interval-based#21 http://www.intelligence.tuc.gr/~batsakis/Interval-based#b_ov_m http://www.intelligence.tuc.gr/~batsakis/Interval-based#49	1
http://www.intelligence.tuc.gr/~batsakis/Interval-based#21 http://www.intelligence.tuc.gr/~batsakis/Interval-based#b http://www.intelligence.tuc.gr/~batsakis/Interval-based#50	1
http://www.intelligence.tuc.gr/~batsakis/Interval-based#21 http://www.intelligence.tuc.gr/~batsakis/Interval-based#di http://www.intelligence.tuc.gr/~batsakis/Interval-based#51	1
http://www.intelligence.tuc.gr/~batsakis/Interval-based#21 http://www.intelligence.tuc.gr/~batsakis/Interval-based#di http://www.intelligence.tuc.gr/~batsakis/Interval-based#52	1
http://www.intelligence.tuc.gr/~batsakis/Interval-based#21 http://www.intelligence.tuc.gr/~batsakis/Interval-based#ov http://www.intelligence.tuc.gr/~batsakis/Interval-based#53	1
http://www.intelligence.tuc.gr/~batsakis/Interval-based#21 http://www.intelligence.tuc.gr/~batsakis/Interval-based#ov http://www.intelligence.tuc.gr/~batsakis/Interval-based#54	1
http://www.intelligence.tuc.gr/~batsakis/Interval-based#21 http://www.intelligence.tuc.gr/~batsakis/Interval-based#di http://www.intelligence.tuc.gr/~batsakis/Interval-based#55	1
http://www.intelligence.tuc.gr/~batsakis/Interval-based#21 http://www.intelligence.tuc.gr/~batsakis/Interval-based#di http://www.intelligence.tuc.gr/~batsakis/Interval-based#56	1
http://www.intelligence.tuc.gr/~batsakis/Interval-based#21 http://www.intelligence.tuc.gr/~batsakis/Interval-based#di http://www.intelligence.tuc.gr/~batsakis/Interval-based#57	1
http://www.intelligence.tuc.gr/~batsakis/Interval-based#21 http://www.intelligence.tuc.gr/~batsakis/Interval-based#oi http://www.intelligence.tuc.gr/~batsakis/Interval-based#58	1
http://www.intelligence.tuc.gr/~batsakis/Interval-based#21 http://www.intelligence.tuc.gr/~batsakis/Interval-based#ov http://www.intelligence.tuc.gr/~batsakis/Interval-based#59	1
http://www.intelligence.tuc.gr/~batsakis/Interval-based#21 http://www.intelligence.tuc.gr/~batsakis/Interval-based#di http://www.intelligence.tuc.gr/~batsakis/Interval-based#60	1
http://www.intelligence.tuc.gr/~batsakis/Interval-based#21 http://www.intelligence.tuc.gr/~batsakis/Interval-based#ov http://www.intelligence.tuc.gr/~batsakis/Interval-based#61	1
http://www.intelligence.tuc.gr/~batsakis/Interval-based#21 http://www.intelligence.tuc.gr/~batsakis/Interval-based#s http://www.intelligence.tuc.gr/~batsakis/Interval-based#62	1
http://www.intelligence.tuc.gr/~batsakis/Interval-based#21 http://www.intelligence.tuc.gr/~batsakis/Interval-based#ov http://www.intelligence.tuc.gr/~batsakis/Interval-based#63	1
http://www.intelligence.tuc.gr/~batsakis/Interval-based#22 http://www.intelligence.tuc.gr/~batsakis/Interval-based#d http://www.intelligence.tuc.gr/~batsakis/Interval-based#0	1
http://www.intelligence.tuc.gr/~batsakis/Interval-based#22 http://www.intelligence.tuc.gr/~batsakis/Interval-based#oi http://www.intelligence.tuc.gr/~batsakis/Interval-based#1	1
http://www.intelligence.tuc.gr/~batsakis/Interval-based#22 http://www.intelligence.tuc.gr/~batsakis/Interval-based#si http://www.intelligence.tuc.gr/~batsakis/Interval-based#2	1
http://www.intelligence.tuc.gr/~batsakis/Interval-based#22 http://www.intelligence.tuc.gr/~batsakis/Interval-based#oi http://www.intelligence.tuc.gr/~batsakis/Interval-based#3	1
http://www.intelligence.tuc.gr/~batsakis/Interval-based#22 http://www.intelligence.tuc.gr/~batsakis/Interval-based#ov http://www.intelligence.tuc.gr/~batsakis/Interval-based#4	1
http://www.intelligence.tuc.gr/~batsakis/Interval-based#22 http://www.intelligence.tuc.gr/~batsakis/Interval-based#a http://www.intelligence.tuc.gr/~batsakis/Interval-based#5	1
http://www.intelligence.tuc.gr/~batsakis/Interval-based#22 http://www.intelligence.tuc.gr/~batsakis/Interval-based#d_ov_s http://www.intelligence.tuc.gr/~batsakis/Interval-based#6	1
http://www.intelligence.tuc.gr/~batsakis/Interval-based#22 http://www.intelligence.tuc.gr/~batsakis/Interval-based#f http://www.intelligence.tuc.gr/~batsakis/Interval-based#7	1
http://www.intelligence.tuc.gr/~batsakis/Interval-based#22 http://www.intelligence.tuc.gr/~batsakis/Interval-based#a http://www.intelligence.tuc.gr/~batsakis/Interval-based#8	1
http://www.intelligence.tuc.gr/~batsakis/Interval-based#22 http://www.intelligence.tuc.gr/~batsakis/Interval-based#oi http://www.intelligence.tuc.gr/~batsakis/Interval-based#9	1
http://www.intelligence.tuc.gr/~batsakis/Interval-based#22 http://www.intelligence.tuc.gr/~batsakis/Interval-based#oi http://www.intelligence.tuc.gr/~batsakis/Interval-based#10	1
http://www.intelligence.tuc.gr/~batsakis/Interval-based#22 http://www.intelligence.tuc.gr/~batsakis/Interval-based#a http://www.intelligence.tuc.gr/~batsakis/Interval-based#11	1
http://www.intelligence.tuc.gr/~batsakis/Interval-based#22 http://www.intelligence.tuc.gr/~batsakis/Interval-based#oi http://www.intelligence.tuc.gr/~batsakis/Interval-based#12	1
http://www.intelligence.tuc.gr/~batsakis/Interval-based#22 http://www.intelligence.tuc.gr/~batsakis/Interval-based#d_ov_s http://www.intelligence.tuc.gr/~batsakis/Interval-based#13	1
http://www.intelligence.tuc.gr/~batsakis/Interval-based#22 http://www.intelligence.tuc.gr/~batsakis/Interval-based#oi http://www.intelligence.tuc.gr/~batsakis/Interval-based#14	1
http://www.intelligence.tuc.gr/~batsakis/Interval-based#22 http://www.intelligence.tuc.gr/~batsakis/Interval-based#oi http://www.intelligence.tuc.gr/~batsakis/Interval-based#15	1
http://www.intelligence.tuc.gr/~batsakis/Interval-based#22 http://www.intelligence.tuc.gr/~batsakis/Interval-based#a http://www.intelligence.tuc.gr/~batsakis/Interval-based#16	1
http://www.intelligence.tuc.gr/~batsakis/Interval-based#22 http://www.intelligence.tuc.gr/~batsakis/Interval-based#oi http://www.intelligence.tuc.gr/~batsakis/Interval-based#17	1
http://www.intelligence.tuc.gr/~batsakis/Interval-based#22 http://www.intelligence.tuc.gr/~batsakis/Interval-based#b_di_ov_m_fi http://www.intelligence.tuc.gr/~batsakis/Interval-based#18	1
http://www.intelligence.tuc.gr/~batsakis/Interval-based#22 http://www.intelligence.tuc.gr/~batsakis/Interval-based#a_oi_mi http://www.intelligence.tuc.gr/~batsakis/Interval-based#19	1
http://www.intelligence.tuc.gr/~batsakis/Interval-based#22 http://www.intelligence.tuc.gr/~batsakis/Interval-based#b_ov_m http://www.intelligence.tuc.gr/~batsakis/Interval-based#20	1
http://www.intelligence.tuc.gr/~batsakis/Interval-based#22 http://www.intelligence.tuc.gr/~batsakis/Interval-based#oi http://www.intelligence.tuc.gr/~batsakis/Interval-based#21	1
http://www.intelligence.tuc.gr/~batsakis/Interval-based#22 http://www.intelligence.tuc.gr/~batsakis/Interval-based#ov http://www.intelligence.tuc.gr/~batsakis/Interval-based#23	1
http://www.intelligence.tuc.gr/~batsakis/Interval-based#22 http://www.intelligence.tuc.gr/~batsakis/Interval-based#oi http://www.intelligence.tuc.gr/~batsakis/Interval-based#24	1
http://www.intelligence.tuc.gr/~batsakis/Interval-based#22 http://www.intelligence.tuc.gr/~batsakis/Interval-based#oi http://www.intelligence.tuc.gr/~batsakis/Interval-based#25	1
http://www.intelligence.tuc.gr/~batsakis/Interval-based#22 http://www.intelligence.tuc.gr/~batsakis/Interval-based#a http://www.intelligence.tuc.gr/~batsakis/Interval-based#26	1
http://www.intelligence.tuc.gr/~batsakis/Interval-based#22 http://www.intelligence.tuc.gr/~batsakis/Interval-based#d http://www.intelligence.tuc.gr/~batsakis/Interval-based#27	1
http://www.intelligence.tuc.gr/~batsakis/Interval-based#22 http://www.intelligence.tuc.gr/~batsakis/Interval-based#d http://www.intelligence.tuc.gr/~batsakis/Interval-based#28	1
http://www.intelligence.tuc.gr/~batsakis/Interval-based#22 http://www.intelligence.tuc.gr/~batsakis/Interval-based#oi http://www.intelligence.tuc.gr/~batsakis/Interval-based#29	1
http://www.intelligence.tuc.gr/~batsakis/Interval-based#22 http://www.intelligence.tuc.gr/~batsakis/Interval-based#a_oi_mi http://www.intelligence.tuc.gr/~batsakis/Interval-based#30	1
http://www.intelligence.tuc.gr/~batsakis/Interval-based#22 http://www.intelligence.tuc.gr/~batsakis/Interval-based#oi http://www.intelligence.tuc.gr/~batsakis/Interval-based#31	1
http://www.intelligence.tuc.gr/~batsakis/Interval-based#22 http://www.intelligence.tuc.gr/~batsakis/Interval-based#d http://www.intelligence.tuc.gr/~batsakis/Interval-based#32	1
http://www.intelligence.tuc.gr/~batsakis/Interval-based#22 http://www.intelligence.tuc.gr/~batsakis/Interval-based#ov http://www.intelligence.tuc.gr/~batsakis/Interval-based#33	1
http://www.intelligence.tuc.gr/~batsakis/Interval-based#22 http://www.intelligence.tuc.gr/~batsakis/Interval-based#oi http://www.intelligence.tuc.gr/~batsakis/Interval-based#34	1
http://www.intelligence.tuc.gr/~batsakis/Interval-based#22 http://www.intelligence.tuc.gr/~batsakis/Interval-based#oi http://www.intelligence.tuc.gr/~batsakis/Interval-based#35	1
http://www.intelligence.tuc.gr/~batsakis/Interval-based#22 http://www.intelligence.tuc.gr/~batsakis/Interval-based#oi http://www.intelligence.tuc.gr/~batsakis/Interval-based#36	1
http://www.intelligence.tuc.gr/~batsakis/Interval-based#22 http://www.intelligence.tuc.gr/~batsakis/Interval-based#oi http://www.intelligence.tuc.gr/~batsakis/Interval-based#37	1
http://www.intelligence.tuc.gr/~batsakis/Interval-based#22 http://www.intelligence.tuc.gr/~batsakis/Interval-based#d http://www.intelligence.tuc.gr/~batsakis/Interval-based#38	1
http://www.intelligence.tuc.gr/~batsakis/Interval-based#22 http://www.intelligence.tuc.gr/~batsakis/Interval-based#d http://www.intelligence.tuc.gr/~batsakis/Interval-based#39	1
http://www.intelligence.tuc.gr/~batsakis/Interval-based#22 http://www.intelligence.tuc.gr/~batsakis/Interval-based#a http://www.intelligence.tuc.gr/~batsakis/Interval-based#40	1
http://www.intelligence.tuc.gr/~batsakis/Interval-based#22 http://www.intelligence.tuc.gr/~batsakis/Interval-based#a http://www.intelligence.tuc.gr/~batsakis/Interval-based#41	1
http://www.intelligence.tuc.gr/~batsakis/Interval-based#22 http://www.intelligence.tuc.gr/~batsakis/Interval-based#d_ov_s http://www.intelligence.tuc.gr/~batsakis/Interval-based#42	1
http://www.intelligence.tuc.gr/~batsakis/Interval-based#22 http://www.intelligence.tuc.gr/~batsakis/Interval-based#oi http://www.intelligence.tuc.gr/~batsakis/Interval-based#43	1
http://www.intelligence.tuc.gr/~batsakis/Interval-based#22 http://www.intelligence.tuc.gr/~batsakis/Interval-based#a http://www.intelligence.tuc.gr/~batsakis/Interval-based#44	1
http://www.intelligence.tuc.gr/~batsakis/Interval-based#22 http://www.intelligence.tuc.gr/~batsakis/Interval-based#a http://www.intelligence.tuc.gr/~batsakis/Interval-based#45	1
http://www.intelligence.tuc.gr/~batsakis/Interval-based#22 http://www.intelligence.tuc.gr/~batsakis/Interval-based#oi http://www.intelligence.tuc.gr/~batsakis/Interval-based#46	1
http://www.intelligence.tuc.gr/~batsakis/Interval-based#22 http://www.intelligence.tuc.gr/~batsakis/Interval-based#a_oi_mi http://www.intelligence.tuc.gr/~batsakis/Interval-based#47	1
http://www.intelligence.tuc.gr/~batsakis/Interval-based#22 http://www.intelligence.tuc.gr/~batsakis/Interval-based#di http://www.intelligence.tuc.gr/~batsakis/Interval-based#48	1
http://www.intelligence.tuc.gr/~batsakis/Interval-based#22 http://www.intelligence.tuc.gr/~batsakis/Interval-based#ov http://www.intelligence.tuc.gr/~batsakis/Interval-based#49	1
http://www.intelligence.tuc.gr/~batsakis/Interval-based#22 http://www.intelligence.tuc.gr/~batsakis/Interval-based#b_di_ov_m_fi http://www.intelligence.tuc.gr/~batsakis/Interval-based#50	1
http://www.intelligence.tuc.gr/~batsakis/Interval-based#22 http://www.intelligence.tuc.gr/~batsakis/Interval-based#a http://www.intelligence.tuc.gr/~batsakis/Interval-based#51	1
http://www.intelligence.tuc.gr/~batsakis/Interval-based#22 http://www.intelligence.tuc.gr/~batsakis/Interval-based#oi http://www.intelligence.tuc.gr/~batsakis/Interval-based#52	1
http://www.intelligence.tuc.gr/~batsakis/Interval-based#22 http://www.intelligence.tuc.gr/~batsakis/Interval-based#oi http://www.intelligence.tuc.gr/~batsakis/Interval-based#53	1
http://www.intelligence.tuc.gr/~batsakis/Interval-based#22 http://www.intelligence.tuc.gr/~batsakis/Interval-based#di http://www.intelligence.tuc.gr/~batsakis/Interval-based#54	1
http://www.intelligence.tuc.gr/~batsakis/Interval-based#22 http://www.intelligence.tuc.gr/~batsakis/Interval-based#oi http://www.intelligence.tuc.gr/~batsakis/Interval-based#55	1
http://www.intelligence.tuc.gr/~batsakis/Interval-based#22 http://www.intelligence.tuc.gr/~batsakis/Interval-based#a http://www.intelligence.tuc.gr/~batsakis/Interval-based#56	1
http://www.intelligence.tuc.gr/~batsakis/Interval-based#22 http://www.intelligence.tuc.gr/~batsakis/Interval-based#oi http://www.intelligence.tuc.gr/~batsakis/Interval-based#57	1
http://www.intelligence.tuc.gr/~batsakis/Interval-based#22 http://www.intelligence.tuc.gr/~batsakis/Interval-based#oi http://www.intelligence.tuc.gr/~batsakis/Interval-based#58	1
http://www.intelligence.tuc.gr/~batsakis/Interval-based#22 http://www.intelligence.tuc.gr/~batsakis/Interval-based#oi http://www.intelligence.tuc.gr/~batsakis/Interval-based#59	1
http://www.intelligence.tuc.gr/~batsakis/Interval-based#22 http://www.intelligence.tuc.gr/~batsakis/Interval-based#oi http://www.intelligence.tuc.gr/~batsakis/Interval-based#60	1
http://www.intelligence.tuc.gr/~batsakis/Interval-based#22 http://www.intelligence.tuc.gr/~batsakis/Interval-based#ov http://www.intelligence.tuc.gr/~batsakis/Interval-based#61	1
http://www.intelligence.tuc.gr/~batsakis/Interval-based#22 http://www.intelligence.tuc.gr/~batsakis/Interval-based#d http://www.intelligence.tuc.gr/~batsakis/Interval-based#62	1
http://www.intelligence.tuc.gr/~batsakis/Interval-based#22 http://www.intelligence.tuc.gr/~batsakis/Interval-based#d http://www.intelligence.tuc.gr/~batsakis/Interval-based#63	1
http://www.intelligence.tuc.gr/~batsakis/Interval-based#23 http://www.intelligence.tuc.gr/~batsakis/Interval-based#d_oi_f http://www.intelligence.tuc.gr/~batsakis/Interval-based#0	1
http://www.intelligence.tuc.gr/~batsakis/Interval-based#23 http://www.intelligence.tuc.gr/~batsakis/Interval-based#oi http://www.intelligence.tuc.gr/~batsakis/Interval-based#1	1
http://www.intelligence.tuc.gr/~batsakis/Interval-based#23 http://www.intelligence.tuc.gr/~batsakis/Interval-based#oi http://www.intelligence.tuc.gr/~batsakis/Interval-based#2	1
http://www.intelligence.tuc.gr/~batsakis/Interval-based#23 http://www.intelligence.tuc.gr/~batsakis/Interval-based#a http://www.intelligence.tuc.gr/~batsakis/Interval-based#3	1
http://www.intelligence.tuc.gr/~batsakis/Interval-based#23 http://www.intelligence.tuc.gr/~batsakis/Interval-based#di_ov_fi http://www.intelligence.tuc.gr/~batsakis/Interval-based#4	1
http://www.intelligence.tuc.gr/~batsakis/Interval-based#23 http://www.intelligence.tuc.gr/~batsakis/Interval-based#a http://www.intelligence.tuc.gr/~batsakis/Interval-based#5	1
http://www.intelligence.tuc.gr/~batsakis/Interval-based#23 http://www.intelligence.tuc.gr/~batsakis/Interval-based#oi http://www.intelligence.tuc.gr/~batsakis/Interval-based#6	1
http://www.intelligence.tuc.gr/~batsakis/Interval-based#23 http://www.intelligence.tuc.gr/~batsakis/Interval-based#oi http://www.intelligence.tuc.gr/~batsakis/Interval-based#7	1
http://www.intelligence.tuc.gr/~batsakis/Interval-based#23 http://www.intelligence.tuc.gr/~batsakis/Interval-based#a http://www.intelligence.tuc.gr/~batsakis/Interval-based#8	1
http://www.intelligence.tuc.gr/~batsakis/Interval-based#23 http://www.intelligence.tuc.gr/~batsakis/Interval-based#oi http://www.intelligence.tuc.gr/~batsakis/Interval-based#9	1
http://www.intelligence.tuc.gr/~batsakis/Interval-based#23 http://www.intelligence.tuc.gr/~batsakis/Interval-based#a_oi_mi http://www.intelligence.tuc.gr/~batsakis/Interval-based#10	1
http://www.intelligence.tuc.gr/~batsakis/Interval-based#23 http://www.intelligence.tuc.gr/~batsakis/Interval-based#a http://www.intelligence.tuc.gr/~batsakis/Interval-based#11	1
http://www.intelligence.tuc.gr/~batsakis/Interval-based#23 http://www.intelligence.tuc.gr/~batsakis/Interval-based#a_oi_mi http://www.intelligence.tuc.gr/~batsakis/Interval-based#12	1
http://www.intelligence.tuc.gr/~batsakis/Interval-based#23 http://www.intelligence.tuc.gr/~batsakis/Interval-based#d_oi_f http://www.intelligence.tuc.gr/~batsakis/Interval-based#13	1
http://www.intelligence.tuc.gr/~batsakis/Interval-based#23 http://www.intelligence.tuc.gr/~batsakis/Interval-based#a http://www.intelligence.tuc.gr/~batsakis/Interval-based#14	1
http://www.intelligence.tuc.gr/~batsakis/Interval-based#23 http://www.intelligence.tuc.gr/~batsakis/Interval-based#a http://www.intelligence.tuc.gr/~batsakis/Interval-based#15	1
http://www.intelligence.tuc.gr/~batsakis/Interval-based#23 http://www.intelligence.tuc.gr/~batsakis/Interval-based#a http://www.intelligence.tuc.gr/~batsakis/Interval-based#16	1
http://www.intelligence.tuc.gr/~batsakis/Interval-based#23 http://www.intelligence.tuc.gr/~batsakis/Interval-based#a http://www.intelligence.tuc.gr/~batsakis/Interval-based#17	1
http://www.intelligence.tuc.gr/~batsakis/Interval-based#23 http://www.intelligence.tuc.gr/~batsakis/Interval-based#b_di_ov_m_fi http://www.intelligence.tuc.gr/~batsakis/Interval-based#18	1
http://www.intelligence.tuc.gr/~batsakis/Interval-based#23 http://www.intelligence.tuc.gr/~batsakis/Interval-based#a http://www.intelligence.tuc.gr/~batsakis/Interval-based#19	1
http://www.intelligence.tuc.gr/~batsakis/Interval-based#23 http://www.intelligence.tuc.gr/~batsakis/Interval-based#di_ov_fi http://www.intelligence.tuc.gr/~batsakis/Interval-based#20	1
http://www.intelligence.tuc.gr/~batsakis/Interval-based#23 http://www.intelligence.tuc.gr/~batsakis/Interval-based#oi http://www.intelligence.tuc.gr/~batsakis/Interval-based#21	1
http://www.intelligence.tuc.gr/~batsakis/Interval-based#23 http://www.intelligence.tuc.gr/~batsakis/Interval-based#oi http://www.intelligence.tuc.gr/~batsakis/Interval-based#22	1
http://www.intelligence.tuc.gr/~batsakis/Interval-based#23 http://www.intelligence.tuc.gr/~batsakis/Interval-based#oi http://www.intelligence.tuc.gr/~batsakis/Interval-based#24	1
http://www.intelligence.tuc.gr/~batsakis/Interval-based#23 http://www.intelligence.tuc.gr/~batsakis/Interval-based#oi http://www.intelligence.tuc.gr/~batsakis/Interval-based#25	1
http://www.intelligence.tuc.gr/~batsakis/Interval-based#23 http://www.intelligence.tuc.gr/~batsakis/Interval-based#a http://www.intelligence.tuc.gr/~batsakis/Interval-based#26	1
http://www.intelligence.tuc.gr/~batsakis/Interval-based#23 http://www.intelligence.tuc.gr/~batsakis/Interval-based#oi http://www.intelligence.tuc.gr/~batsakis/Interval-based#27	1
http://www.intelligence.tuc.gr/~batsakis/Interval-based#23 http://www.intelligence.tuc.gr/~batsakis/Interval-based#d_oi_f http://www.intelligence.tuc.gr/~batsakis/Interval-based#28	1
http://www.intelligence.tuc.gr/~batsakis/Interval-based#23 http://www.intelligence.tuc.gr/~batsakis/Interval-based#a_oi_mi http://www.intelligence.tuc.gr/~batsakis/Interval-based#29	1
http://www.intelligence.tuc.gr/~batsakis/Interval-based#23 http://www.intelligence.tuc.gr/~batsakis/Interval-based#a_oi_mi http://www.intelligence.tuc.gr/~batsakis/Interval-based#30	1
http://www.intelligence.tuc.gr/~batsakis/Interval-based#23 http://www.intelligence.tuc.gr/~batsakis/Interval-based#oi http://www.intelligence.tuc.gr/~batsakis/Interval-based#31	1
http://www.intelligence.tuc.gr/~batsakis/Interval-based#23 http://www.intelligence.tuc.gr/~batsakis/Interval-based#d_oi_f http://www.intelligence.tuc.gr/~batsakis/Interval-based#32	1
http://www.intelligence.tuc.gr/~batsakis/Interval-based#23 http://www.intelligence.tuc.gr/~batsakis/Interval-based#di_ov_fi http://www.intelligence.tuc.gr/~batsakis/Interval-based#33	1
http://www.intelligence.tuc.gr/~batsakis/Interval-based#23 http://www.intelligence.tuc.gr/~batsakis/Interval-based#a http://www.intelligence.tuc.gr/~batsakis/Interval-based#34	1
http://www.intelligence.tuc.gr/~batsakis/Interval-based#23 http://www.intelligence.tuc.gr/~batsakis/Interval-based#oi http://www.intelligence.tuc.gr/~batsakis/Interval-based#35	1
http://www.intelligence.tuc.gr/~batsakis/Interval-based#23 http://www.intelligence.tuc.gr/~batsakis/Interval-based#oi http://www.intelligence.tuc.gr/~batsakis/Interval-based#36	1
http://www.intelligence.tuc.gr/~batsakis/Interval-based#23 http://www.intelligence.tuc.gr/~batsakis/Interval-based#a http://www.intelligence.tuc.gr/~batsakis/Interval-based#37	1
http://www.intelligence.tuc.gr/~batsakis/Interval-based#23 http://www.intelligence.tuc.gr/~batsakis/Interval-based#oi http://www.intelligence.tuc.gr/~batsakis/Interval-based#38	1
http://www.intelligence.tuc.gr/~batsakis/Interval-based#23 http://www.intelligence.tuc.gr/~batsakis/Interval-based#d_oi_f http://www.intelligence.tuc.gr/~batsakis/Interval-based#39	1
http://www.intelligence.tuc.gr/~batsakis/Interval-based#23 http://www.intelligence.tuc.gr/~batsakis/Interval-based#a http://www.intelligence.tuc.gr/~batsakis/Interval-based#40	1
http://www.intelligence.tuc.gr/~batsakis/Interval-based#23 http://www.intelligence.tuc.gr/~batsakis/Interval-based#a http://www.intelligence.tuc.gr/~batsakis/Interval-based#41	1
http://www.intelligence.tuc.gr/~batsakis/Interval-based#23 http://www.intelligence.tuc.gr/~batsakis/Interval-based#d_di_ov_oi_s_si_f_fi_eq http://www.intelligence.tuc.gr/~batsakis/Interval-based#42	1
http://www.intelligence.tuc.gr/~batsakis/Interval-based#23 http://www.intelligence.tuc.gr/~batsakis/Interval-based#oi http://www.intelligence.tuc.gr/~batsakis/Interval-based#43	1
http://www.intelligence.tuc.gr/~batsakis/Interval-based#23 http://www.intelligence.tuc.gr/~batsakis/Interval-based#a http://www.intelligence.tuc.gr/~batsakis/Interval-based#44	1
http://www.intelligence.tuc.gr/~batsakis/Interval-based#23 http://www.intelligence.tuc.gr/~batsakis/Interval-based#a http://www.intelligence.tuc.gr/~batsakis/Interval-based#45	1
http://www.intelligence.tuc.gr/~batsakis/Interval-based#23 http://www.intelligence.tuc.gr/~batsakis/Interval-based#a http://www.intelligence.tuc.gr/~batsakis/Interval-based#46	1
http://www.intelligence.tuc.gr/~batsakis/Interval-based#23 http://www.intelligence.tuc.gr/~batsakis/Interval-based#a http://www.intelligence.tuc.gr/~batsakis/Interval-based#47	1
http://www.intelligence.tuc.gr/~batsakis/Interval-based#23 http://www.intelligence.tuc.gr/~batsakis/Interval-based#di http://www.intelligence.tuc.gr/~batsakis/Interval-based#48	1
http://www.intelligence.tuc.gr/~batsakis/Interval-based#23 http://www.intelligence.tuc.gr/~batsakis/Interval-based#d_di_ov_oi_s_si_f_fi_eq http://www.intelligence.tuc.gr/~batsakis/Interval-based#49	1
http://www.intelligence.tuc.gr/~batsakis/Interval-based#23 http://www.intelligence.tuc.gr/~batsakis/Interval-based#di_ov_fi http://www.intelligence.tuc.gr/~batsakis/Interval-based#50	1
http://www.intelligence.tuc.gr/~batsakis/Interval-based#23 http://www.intelligence.tuc.gr/~batsakis/Interval-based#a http://www.intelligence.tuc.gr/~batsakis/Interval-based#51	1
http://www.intelligence.tuc.gr/~batsakis/Interval-based#23 http://www.intelligence.tuc.gr/~batsakis/Interval-based#a_oi_mi http://www.intelligence.tuc.gr/~batsakis/Interval-based#52	1
http://www.intelligence.tuc.gr/~batsakis/Interval-based#23 http://www.intelligence.tuc.gr/~batsakis/Interval-based#oi http://www.intelligence.tuc.gr/~batsakis/Interval-based#53	1
http://www.intelligence.tuc.gr/~batsakis/Interval-based#23 http://www.intelligence.tuc.gr/~batsakis/Interval-based#oi http://www.intelligence.tuc.gr/~batsakis/Interval-based#54	1
http://www.intelligence.tuc.gr/~batsakis/Interval-based#23 http://www.intelligence.tuc.gr/~batsakis/Interval-based#a http://www.intelligence.tuc.gr/~batsakis/Interval-based#55	1
http://www.intelligence.tuc.gr/~batsakis/Interval-based#23 http://www.intelligence.tuc.gr/~batsakis/Interval-based#a http://www.intelligence.tuc.gr/~batsakis/Interval-based#56	1
http://www.intelligence.tuc.gr/~batsakis/Interval-based#23 http://www.intelligence.tuc.gr/~batsakis/Interval-based#a http://www.intelligence.tuc.gr/~batsakis/Interval-based#57	1
http://www.intelligence.tuc.gr/~batsakis/Interval-based#23 http://www.intelligence.tuc.gr/~batsakis/Interval-based#a_oi_mi http://www.intelligence.tuc.gr/~batsakis/Interval-based#58	1
http://www.intelligence.tuc.gr/~batsakis/Interval-based#23 http://www.intelligence.tuc.gr/~batsakis/Interval-based#oi http://www.intelligence.tuc.gr/~batsakis/Interval-based#59	1
http://www.intelligence.tuc.gr/~batsakis/Interval-based#23 http://www.intelligence.tuc.gr/~batsakis/Interval-based#mi http://www.intelligence.tuc.gr/~batsakis/Interval-based#60	1
http://www.intelligence.tuc.gr/~batsakis/Interval-based#23 http://www.intelligence.tuc.gr/~batsakis/Interval-based#di http://www.intelligence.tuc.gr/~batsakis/Interval-based#61	1
http://www.intelligence.tuc.gr/~batsakis/Interval-based#23 http://www.intelligence.tuc.gr/~batsakis/Interval-based#d_oi_f http://www.intelligence.tuc.gr/~batsakis/Interval-based#62	1
http://www.intelligence.tuc.gr/~batsakis/Interval-based#23 http://www.intelligence.tuc.gr/~batsakis/Interval-based#d_oi_f http://www.intelligence.tuc.gr/~batsakis/Interval-based#63	1
http://www.intelligence.tuc.gr/~batsakis/Interval-based#24 http://www.intelligence.tuc.gr/~batsakis/Interval-based#ov http://www.intelligence.tuc.gr/~batsakis/Interval-based#0	1
http://www.intelligence.tuc.gr/~batsakis/Interval-based#24 http://www.intelligence.tuc.gr/~batsakis/Interval-based#f http://www.intelligence.tuc.gr/~batsakis/Interval-based#1	1
http://www.intelligence.tuc.gr/~batsakis/Interval-based#24 http://www.intelligence.tuc.gr/~batsakis/Interval-based#ov http://www.intelligence.tuc.gr/~batsakis/Interval-based#2	1
http://www.intelligence.tuc.gr/~batsakis/Interval-based#24 http://www.intelligence.tuc.gr/~batsakis/Interval-based#oi http://www.intelligence.tuc.gr/~batsakis/Interval-based#3	1
http://www.intelligence.tuc.gr/~batsakis/Interval-based#24 http://www.intelligence.tuc.gr/~batsakis/Interval-based#ov http://www.intelligence.tuc.gr/~batsakis/Interval-based#4	1
http://www.intelligence.tuc.gr/~batsakis/Interval-based#24 http://www.intelligence.tuc.gr/~batsakis/Interval-based#a http://www.intelligence.tuc.gr/~batsakis/Interval-based#5	1
http://www.intelligence.tuc.gr/~batsakis/Interval-based#24 http://www.intelligence.tuc.gr/~batsakis/Interval-based#ov http://www.intelligence.tuc.gr/~batsakis/Interval-based#6	1
http://www.intelligence.tuc.gr/~batsakis/Interval-based#24 http://www.intelligence.tuc.gr/~batsakis/Interval-based#d http://www.intelligence.tuc.gr/~batsakis/Interval-based#7	1
http://www.intelligence.tuc.gr/~batsakis/Interval-based#24 http://www.intelligence.tuc.gr/~batsakis/Interval-based#di http://www.intelligence.tuc.gr/~batsakis/Interval-based#8	1
http://www.intelligence.tuc.gr/~batsakis/Interval-based#24 http://www.intelligence.tuc.gr/~batsakis/Interval-based#di http://www.intelligence.tuc.gr/~batsakis/Interval-based#9	1
http://www.intelligence.tuc.gr/~batsakis/Interval-based#24 http://www.intelligence.tuc.gr/~batsakis/Interval-based#oi http://www.intelligence.tuc.gr/~batsakis/Interval-based#10	1
http://www.intelligence.tuc.gr/~batsakis/Interval-based#24 http://www.intelligence.tuc.gr/~batsakis/Interval-based#oi http://www.intelligence.tuc.gr/~batsakis/Interval-based#11	1
http://www.intelligence.tuc.gr/~batsakis/Interval-based#24 http://www.intelligence.tuc.gr/~batsakis/Interval-based#oi http://www.intelligence.tuc.gr/~batsakis/Interval-based#12	1
http://www.intelligence.tuc.gr/~batsakis/Interval-based#24 http://www.intelligence.tuc.gr/~batsakis/Interval-based#ov http://www.intelligence.tuc.gr/~batsakis/Interval-based#13	1
http://www.intelligence.tuc.gr/~batsakis/Interval-based#24 http://www.intelligence.tuc.gr/~batsakis/Interval-based#di_oi_si http://www.intelligence.tuc.gr/~batsakis/Interval-based#14	1
http://www.intelligence.tuc.gr/~batsakis/Interval-based#24 http://www.intelligence.tuc.gr/~batsakis/Interval-based#oi http://www.intelligence.tuc.gr/~batsakis/Interval-based#15	1
http://www.intelligence.tuc.gr/~batsakis/Interval-based#24 http://www.intelligence.tuc.gr/~batsakis/Interval-based#a_oi_mi http://www.intelligence.tuc.gr/~batsakis/Interval-based#16	1
http://www.intelligence.tuc.gr/~batsakis/Interval-based#24 http://www.intelligence.tuc.gr/~batsakis/Interval-based#di_oi_si http://www.intelligence.tuc.gr/~batsakis/Interval-based#17	1
http://www.intelligence.tuc.gr/~batsakis/Interval-based#24 http://www.intelligence.tuc.gr/~batsakis/Interval-based#b http://www.intelligence.tuc.gr/~batsakis/Interval-based#18	1
http://www.intelligence.tuc.gr/~batsakis/Interval-based#24 http://www.intelligence.tuc.gr/~batsakis/Interval-based#di http://www.intelligence.tuc.gr/~batsakis/Interval-based#19	1
http://www.intelligence.tuc.gr/~batsakis/Interval-based#24 http://www.intelligence.tuc.gr/~batsakis/Interval-based#b http://www.intelligence.tuc.gr/~batsakis/Interval-based#20	1
http://www.intelligence.tuc.gr/~batsakis/Interval-based#24 http://www.intelligence.tuc.gr/~batsakis/Interval-based#oi http://www.intelligence.tuc.gr/~batsakis/Interval-based#21	1
http://www.intelligence.tuc.gr/~batsakis/Interval-based#24 http://www.intelligence.tuc.gr/~batsakis/Interval-based#ov http://www.intelligence.tuc.gr/~batsakis/Interval-based#22	1
http://www.intelligence.tuc.gr/~batsakis/Interval-based#24 http://www.intelligence.tuc.gr/~batsakis/Interval-based#ov http://www.intelligence.tuc.gr/~batsakis/Interval-based#23	1
http://www.intelligence.tuc.gr/~batsakis/Interval-based#24 http://www.intelligence.tuc.gr/~batsakis/Interval-based#oi http://www.intelligence.tuc.gr/~batsakis/Interval-based#25	1
http://www.intelligence.tuc.gr/~batsakis/Interval-based#24 http://www.intelligence.tuc.gr/~batsakis/Interval-based#a_oi_mi http://www.intelligence.tuc.gr/~batsakis/Interval-based#26	1
http://www.intelligence.tuc.gr/~batsakis/Interval-based#24 http://www.intelligence.tuc.gr/~batsakis/Interval-based#d http://www.intelligence.tuc.gr/~batsakis/Interval-based#27	1
http://www.intelligence.tuc.gr/~batsakis/Interval-based#24 http://www.intelligence.tuc.gr/~batsakis/Interval-based#ov http://www.intelligence.tuc.gr/~batsakis/Interval-based#28	1
http://www.intelligence.tuc.gr/~batsakis/Interval-based#24 http://www.intelligence.tuc.gr/~batsakis/Interval-based#oi http://www.intelligence.tuc.gr/~batsakis/Interval-based#29	1
http://www.intelligence.tuc.gr/~batsakis/Interval-based#24 http://www.intelligence.tuc.gr/~batsakis/Interval-based#d_oi_f http://www.intelligence.tuc.gr/~batsakis/Interval-based#30	1
http://www.intelligence.tuc.gr/~batsakis/Interval-based#24 http://www.intelligence.tuc.gr/~batsakis/Interval-based#di_oi_si http://www.intelligence.tuc.gr/~batsakis/Interval-based#31	1
http://www.intelligence.tuc.gr/~batsakis/Interval-based#24 http://www.intelligence.tuc.gr/~batsakis/Interval-based#d http://www.intelligence.tuc.gr/~batsakis/Interval-based#32	1
http://www.intelligence.tuc.gr/~batsakis/Interval-based#24 http://www.intelligence.tuc.gr/~batsakis/Interval-based#b http://www.intelligence.tuc.gr/~batsakis/Interval-based#33	1
http://www.intelligence.tuc.gr/~batsakis/Interval-based#24 http://www.intelligence.tuc.gr/~batsakis/Interval-based#oi http://www.intelligence.tuc.gr/~batsakis/Interval-based#34	1
http://www.intelligence.tuc.gr/~batsakis/Interval-based#24 http://www.intelligence.tuc.gr/~batsakis/Interval-based#fi http://www.intelligence.tuc.gr/~batsakis/Interval-based#35	1
http://www.intelligence.tuc.gr/~batsakis/Interval-based#24 http://www.intelligence.tuc.gr/~batsakis/Interval-based#oi http://www.intelligence.tuc.gr/~batsakis/Interval-based#36	1
http://www.intelligence.tuc.gr/~batsakis/Interval-based#24 http://www.intelligence.tuc.gr/~batsakis/Interval-based#oi http://www.intelligence.tuc.gr/~batsakis/Interval-based#37	1
http://www.intelligence.tuc.gr/~batsakis/Interval-based#24 http://www.intelligence.tuc.gr/~batsakis/Interval-based#d http://www.intelligence.tuc.gr/~batsakis/Interval-based#38	1
http://www.intelligence.tuc.gr/~batsakis/Interval-based#24 http://www.intelligence.tuc.gr/~batsakis/Interval-based#ov http://www.intelligence.tuc.gr/~batsakis/Interval-based#39	1
http://www.intelligence.tuc.gr/~batsakis/Interval-based#24 http://www.intelligence.tuc.gr/~batsakis/Interval-based#oi http://www.intelligence.tuc.gr/~batsakis/Interval-based#40	1
http://www.intelligence.tuc.gr/~batsakis/Interval-based#24 http://www.intelligence.tuc.gr/~batsakis/Interval-based#mi http://www.intelligence.tuc.gr/~batsakis/Interval-based#41	1
http://www.intelligence.tuc.gr/~batsakis/Interval-based#24 http://www.intelligence.tuc.gr/~batsakis/Interval-based#ov http://www.intelligence.tuc.gr/~batsakis/Interval-based#42	1
http://www.intelligence.tuc.gr/~batsakis/Interval-based#24 http://www.intelligence.tuc.gr/~batsakis/Interval-based#d_oi_f http://www.intelligence.tuc.gr/~batsakis/Interval-based#43	1
http://www.intelligence.tuc.gr/~batsakis/Interval-based#24 http://www.intelligence.tuc.gr/~batsakis/Interval-based#di http://www.intelligence.tuc.gr/~batsakis/Interval-based#44	1
http://www.intelligence.tuc.gr/~batsakis/Interval-based#24 http://www.intelligence.tuc.gr/~batsakis/Interval-based#oi http://www.intelligence.tuc.gr/~batsakis/Interval-based#45	1
http://www.intelligence.tuc.gr/~batsakis/Interval-based#24 http://www.intelligence.tuc.gr/~batsakis/Interval-based#oi http://www.intelligence.tuc.gr/~batsakis/Interval-based#46	1
http://www.intelligence.tuc.gr/~batsakis/Interval-based#24 http://www.intelligence.tuc.gr/~batsakis/Interval-based#di http://www.intelligence.tuc.gr/~batsakis/Interval-based#47	1
http://www.intelligence.tuc.gr/~batsakis/Interval-based#24 http://www.intelligence.tuc.gr/~batsakis/Interval-based#di http://www.intelligence.tuc.gr/~batsakis/Interval-based#48	1
http://www.intelligence.tuc.gr/~batsakis/Interval-based#24 http://www.intelligence.tuc.gr/~batsakis/Interval-based#ov http://www.intelligence.tuc.gr/~batsakis/Interval-based#49	1
http://www.intelligence.tuc.gr/~batsakis/Interval-based#24 http://www.intelligence.tuc.gr/~batsakis/Interval-based#b http://www.intelligence.tuc.gr/~batsakis/Interval-based#50	1
http://www.intelligence.tuc.gr/~batsakis/Interval-based#24 http://www.intelligence.tuc.gr/~batsakis/Interval-based#oi http://www.intelligence.tuc.gr/~batsakis/Interval-based#51	1
http://www.intelligence.tuc.gr/~batsakis/Interval-based#24 http://www.intelligence.tuc.gr/~batsakis/Interval-based#oi http://www.intelligence.tuc.gr/~batsakis/Interval-based#52	1
http://www.intelligence.tuc.gr/~batsakis/Interval-based#24 http://www.intelligence.tuc.gr/~batsakis/Interval-based#di http://www.intelligence.tuc.gr/~batsakis/Interval-based#53	1
http://www.intelligence.tuc.gr/~batsakis/Interval-based#24 http://www.intelligence.tuc.gr/~batsakis/Interval-based#ov http://www.intelligence.tuc.gr/~batsakis/Interval-based#54	1
http://www.intelligence.tuc.gr/~batsakis/Interval-based#24 http://www.intelligence.tuc.gr/~batsakis/Interval-based#oi http://www.intelligence.tuc.gr/~batsakis/Interval-based#55	1
http://www.intelligence.tuc.gr/~batsakis/Interval-based#24 http://www.intelligence.tuc.gr/~batsakis/Interval-based#oi http://www.intelligence.tuc.gr/~batsakis/Interval-based#56	1
http://www.intelligence.tuc.gr/~batsakis/Interval-based#24 http://www.intelligence.tuc.gr/~batsakis/Interval-based#oi http://www.intelligence.tuc.gr/~batsakis/Interval-based#57	1
http://www.intelligence.tuc.gr/~batsakis/Interval-based#24 http://www.intelligence.tuc.gr/~batsakis/Interval-based#oi http://www.intelligence.tuc.gr/~batsakis/Interval-based#58	1
http://www.intelligence.tuc.gr/~batsakis/Interval-based#24 http://www.intelligence.tuc.gr/~batsakis/Interval-based#ov http://www.intelligence.tuc.gr/~batsakis/Interval-based#59	1
http://www.intelligence.tuc.gr/~batsakis/Interval-based#24 http://www.intelligence.tuc.gr/~batsakis/Interval-based#oi http://www.intelligence.tuc.gr/~batsakis/Interval-based#60	1
http://www.intelligence.tuc.gr/~batsakis/Interval-based#24 http://www.intelligence.tuc.gr/~batsakis/Interval-based#ov http://www.intelligence.tuc.gr/~batsakis/Interval-based#61	1
http://www.intelligence.tuc.gr/~batsakis/Interval-based#24 http://www.intelligence.tuc.gr/~batsakis/Interval-based#d http://www.intelligence.tuc.gr/~batsakis/Interval-based#62	1
http://www.intelligence.tuc.gr/~batsakis/Interval-based#24 http://www.intelligence.tuc.gr/~batsakis/Interval-based#d_ov_s http://www.intelligence.tuc.gr/~batsakis/Interval-based#63	1
http://www.intelligence.tuc.gr/~batsakis/Interval-based#25 http://www.intelligence.tuc.gr/~batsakis/Interval-based#ov http://www.intelligence.tuc.gr/~batsakis/Interval-based#0	1
http://www.intelligence.tuc.gr/~batsakis/Interval-based#25 http://www.intelligence.tuc.gr/~batsakis/Interval-based#d http://www.intelligence.tuc.gr/~batsakis/Interval-based#1	1
http://www.intelligence.tuc.gr/~batsakis/Interval-based#25 http://www.intelligence.tuc.gr/~batsakis/Interval-based#ov http://www.intelligence.tuc.gr/~batsakis/Interval-based#2	1
http://www.intelligence.tuc.gr/~batsakis/Interval-based#25 http://www.intelligence.tuc.gr/~batsakis/Interval-based#di_oi_si http://www.intelligence.tuc.gr/~batsakis/Interval-based#3	1
http://www.intelligence.tuc.gr/~batsakis/Interval-based#25 http://www.intelligence.tuc.gr/~batsakis/Interval-based#ov http://www.intelligence.tuc.gr/~batsakis/Interval-based#4	1
http://www.intelligence.tuc.gr/~batsakis/Interval-based#25 http://www.intelligence.tuc.gr/~batsakis/Interval-based#a_oi_mi http://www.intelligence.tuc.gr/~batsakis/Interval-based#5	1
http://www.intelligence.tuc.gr/~batsakis/Interval-based#25 http://www.intelligence.tuc.gr/~batsakis/Interval-based#ov http://www.intelligence.tuc.gr/~batsakis/Interval-based#6	1
http://www.intelligence.tuc.gr/~batsakis/Interval-based#25 http://www.intelligence.tuc.gr/~batsakis/Interval-based#d http://www.intelligence.tuc.gr/~batsakis/Interval-based#7	1
http://www.intelligence.tuc.gr/~batsakis/Interval-based#25 http://www.intelligence.tuc.gr/~batsakis/Interval-based#di http://www.intelligence.tuc.gr/~batsakis/Interval-based#8	1
http://www.intelligence.tuc.gr/~batsakis/Interval-based#25 http://www.intelligence.tuc.gr/~batsakis/Interval-based#di http://www.intelligence.tuc.gr/~batsakis/Interval-based#9	1
http://www.intelligence.tuc.gr/~batsakis/Interval-based#25 http://www.intelligence.tuc.gr/~batsakis/Interval-based#oi http://www.intelligence.tuc.gr/~batsakis/Interval-based#10	1
http://www.intelligence.tuc.gr/~batsakis/Interval-based#25 http://www.intelligence.tuc.gr/~batsakis/Interval-based#oi http://www.intelligence.tuc.gr/~batsakis/Interval-based#11	1
http://www.intelligence.tuc.gr/~batsakis/Interval-based#25 http://www.intelligence.tuc.gr/~batsakis/Interval-based#oi http://www.intelligence.tuc.gr/~batsakis/Interval-based#12	1
http://www.intelligence.tuc.gr/~batsakis/Interval-based#25 http://www.intelligence.tuc.gr/~batsakis/Interval-based#ov http://www.intelligence.tuc.gr/~batsakis/Interval-based#13	1
http://www.intelligence.tuc.gr/~batsakis/Interval-based#25 http://www.intelligence.tuc.gr/~batsakis/Interval-based#di http://www.intelligence.tuc.gr/~batsakis/Interval-based#14	1
http://www.intelligence.tuc.gr/~batsakis/Interval-based#25 http://www.intelligence.tuc.gr/~batsakis/Interval-based#oi http://www.intelligence.tuc.gr/~batsakis/Interval-based#15	1
http://www.intelligence.tuc.gr/~batsakis/Interval-based#25 http://www.intelligence.tuc.gr/~batsakis/Interval-based#a_oi_mi http://www.intelligence.tuc.gr/~batsakis/Interval-based#16	1
http://www.intelligence.tuc.gr/~batsakis/Interval-based#25 http://www.intelligence.tuc.gr/~batsakis/Interval-based#di http://www.intelligence.tuc.gr/~batsakis/Interval-based#17	1
http://www.intelligence.tuc.gr/~batsakis/Interval-based#25 http://www.intelligence.tuc.gr/~batsakis/Interval-based#b http://www.intelligence.tuc.gr/~batsakis/Interval-based#18	1
http://www.intelligence.tuc.gr/~batsakis/Interval-based#25 http://www.intelligence.tuc.gr/~batsakis/Interval-based#di http://www.intelligence.tuc.gr/~batsakis/Interval-based#19	1
http://www.intelligence.tuc.gr/~batsakis/Interval-based#25 http://www.intelligence.tuc.gr/~batsakis/Interval-based#b http://www.intelligence.tuc.gr/~batsakis/Interval-based#20	1
http://www.intelligence.tuc.gr/~batsakis/Interval-based#25 http://www.intelligence.tuc.gr/~batsakis/Interval-based#oi http://www.intelligence.tuc.gr/~batsakis/Interval-based#21	1
http://www.intelligence.tuc.gr/~batsakis/Interval-based#25 http://www.intelligence.tuc.gr/~batsakis/Interval-based#ov http://www.intelligence.tuc.gr/~batsakis/Interval-based#22	1
http://www.intelligence.tuc.gr/~batsakis/Interval-based#25 http://www.intelligence.tuc.gr/~batsakis/Interval-based#ov http://www.intelligence.tuc.gr/~batsakis/Interval-based#23	1
http://www.intelligence.tuc.gr/~batsakis/Interval-based#25 http://www.intelligence.tuc.gr/~batsakis/Interval-based#ov http://www.intelligence.tuc.gr/~batsakis/Interval-based#24	1
http://www.intelligence.tuc.gr/~batsakis/Interval-based#25 http://www.intelligence.tuc.gr/~batsakis/Interval-based#oi http://www.intelligence.tuc.gr/~batsakis/Interval-based#26	1
http://www.intelligence.tuc.gr/~batsakis/Interval-based#25 http://www.intelligence.tuc.gr/~batsakis/Interval-based#d_ov_s http://www.intelligence.tuc.gr/~batsakis/Interval-based#27	1
http://www.intelligence.tuc.gr/~batsakis/Interval-based#25 http://www.intelligence.tuc.gr/~batsakis/Interval-based#ov http://www.intelligence.tuc.gr/~batsakis/Interval-based#28	1
http://www.intelligence.tuc.gr/~batsakis/Interval-based#25 http://www.intelligence.tuc.gr/~batsakis/Interval-based#oi http://www.intelligence.tuc.gr/~batsakis/Interval-based#29	1
http://www.intelligence.tuc.gr/~batsakis/Interval-based#25 http://www.intelligence.tuc.gr/~batsakis/Interval-based#d_oi_f http://www.intelligence.tuc.gr/~batsakis/Interval-based#30	1
http://www.intelligence.tuc.gr/~batsakis/Interval-based#25 http://www.intelligence.tuc.gr/~batsakis/Interval-based#di_oi_si http://www.intelligence.tuc.gr/~batsakis/Interval-based#31	1
http://www.intelligence.tuc.gr/~batsakis/Interval-based#25 http://www.intelligence.tuc.gr/~batsakis/Interval-based#d_ov_s http://www.intelligence.tuc.gr/~batsakis/Interval-based#32	1
http://www.intelligence.tuc.gr/~batsakis/Interval-based#25 http://www.intelligence.tuc.gr/~batsakis/Interval-based#b http://www.intelligence.tuc.gr/~batsakis/Interval-based#33	1
http://www.intelligence.tuc.gr/~batsakis/Interval-based#25 http://www.intelligence.tuc.gr/~batsakis/Interval-based#oi http://www.intelligence.tuc.gr/~batsakis/Interval-based#34	1
http://www.intelligence.tuc.gr/~batsakis/Interval-based#25 http://www.intelligence.tuc.gr/~batsakis/Interval-based#ov http://www.intelligence.tuc.gr/~batsakis/Interval-based#35	1
http://www.intelligence.tuc.gr/~batsakis/Interval-based#25 http://www.intelligence.tuc.gr/~batsakis/Interval-based#oi http://www.intelligence.tuc.gr/~batsakis/Interval-based#36	1
http://www.intelligence.tuc.gr/~batsakis/Interval-based#25 http://www.intelligence.tuc.gr/~batsakis/Interval-based#oi http://www.intelligence.tuc.gr/~batsakis/Interval-based#37	1
http://www.intelligence.tuc.gr/~batsakis/Interval-based#25 http://www.intelligence.tuc.gr/~batsakis/Interval-based#d http://www.intelligence.tuc.gr/~batsakis/Interval-based#38	1
http://www.intelligence.tuc.gr/~batsakis/Interval-based#25 http://www.intelligence.tuc.gr/~batsakis/Interval-based#ov http://www.intelligence.tuc.gr/~batsakis/Interval-based#39	1
http://www.intelligence.tuc.gr/~batsakis/Interval-based#25 http://www.intelligence.tuc.gr/~batsakis/Interval-based#di_oi_si http://www.intelligence.tuc.gr/~batsakis/Interval-based#40	1
http://www.intelligence.tuc.gr/~batsakis/Interval-based#25 http://www.intelligence.tuc.gr/~batsakis/Interval-based#di_oi_si http://www.intelligence.tuc.gr/~batsakis/Interval-based#41	1
http://www.intelligence.tuc.gr/~batsakis/Interval-based#25 http://www.intelligence.tuc.gr/~batsakis/Interval-based#ov http://www.intelligence.tuc.gr/~batsakis/Interval-based#42	1
http://www.intelligence.tuc.gr/~batsakis/Interval-based#25 http://www.intelligence.tuc.gr/~batsakis/Interval-based#d_oi_f http://www.intelligence.tuc.gr/~batsakis/Interval-based#43	1
http://www.intelligence.tuc.gr/~batsakis/Interval-based#25 http://www.intelligence.tuc.gr/~batsakis/Interval-based#di http://www.intelligence.tuc.gr/~batsakis/Interval-based#44	1
http://www.intelligence.tuc.gr/~batsakis/Interval-based#25 http://www.intelligence.tuc.gr/~batsakis/Interval-based#oi http://www.intelligence.tuc.gr/~batsakis/Interval-based#45	1
http://www.intelligence.tuc.gr/~batsakis/Interval-based#25 http://www.intelligence.tuc.gr/~batsakis/Interval-based#oi http://www.intelligence.tuc.gr/~batsakis/Interval-based#46	1
http://www.intelligence.tuc.gr/~batsakis/Interval-based#25 http://www.intelligence.tuc.gr/~batsakis/Interval-based#di http://www.intelligence.tuc.gr/~batsakis/Interval-based#47	1
http://www.intelligence.tuc.gr/~batsakis/Interval-based#25 http://www.intelligence.tuc.gr/~batsakis/Interval-based#di http://www.intelligence.tuc.gr/~batsakis/Interval-based#48	1
http://www.intelligence.tuc.gr/~batsakis/Interval-based#25 http://www.intelligence.tuc.gr/~batsakis/Interval-based#b_ov_m http://www.intelligence.tuc.gr/~batsakis/Interval-based#49	1
http://www.intelligence.tuc.gr/~batsakis/Interval-based#25 http://www.intelligence.tuc.gr/~batsakis/Interval-based#b http://www.intelligence.tuc.gr/~batsakis/Interval-based#50	1
http://www.intelligence.tuc.gr/~batsakis/Interval-based#25 http://www.intelligence.tuc.gr/~batsakis/Interval-based#oi http://www.intelligence.tuc.gr/~batsakis/Interval-based#51	1
http://www.intelligence.tuc.gr/~batsakis/Interval-based#25 http://www.intelligence.tuc.gr/~batsakis/Interval-based#oi http://www.intelligence.tuc.gr/~batsakis/Interval-based#52	1
http://www.intelligence.tuc.gr/~batsakis/Interval-based#25 http://www.intelligence.tuc.gr/~batsakis/Interval-based#di_ov_fi http://www.intelligence.tuc.gr/~batsakis/Interval-based#53	1
http://www.intelligence.tuc.gr/~batsakis/Interval-based#25 http://www.intelligence.tuc.gr/~batsakis/Interval-based#ov http://www.intelligence.tuc.gr/~batsakis/Interval-based#54	1
http://www.intelligence.tuc.gr/~batsakis/Interval-based#25 http://www.intelligence.tuc.gr/~batsakis/Interval-based#oi http://www.intelligence.tuc.gr/~batsakis/Interval-based#55	1
http://www.intelligence.tuc.gr/~batsakis/Interval-based#25 http://www.intelligence.tuc.gr/~batsakis/Interval-based#di_oi_si http://www.intelligence.tuc.gr/~batsakis/Interval-based#56	1
http://www.intelligence.tuc.gr/~batsakis/Interval-based#25 http://www.intelligence.tuc.gr/~batsakis/Interval-based#oi http://www.intelligence.tuc.gr/~batsakis/Interval-based#57	1
http://www.intelligence.tuc.gr/~batsakis/Interval-based#25 http://www.intelligence.tuc.gr/~batsakis/Interval-based#oi http://www.intelligence.tuc.gr/~batsakis/Interval-based#58	1
http://www.intelligence.tuc.gr/~batsakis/Interval-based#25 http://www.intelligence.tuc.gr/~batsakis/Interval-based#ov http://www.intelligence.tuc.gr/~batsakis/Interval-based#59	1
http://www.intelligence.tuc.gr/~batsakis/Interval-based#25 http://www.intelligence.tuc.gr/~batsakis/Interval-based#oi http://www.intelligence.tuc.gr/~batsakis/Interval-based#60	1
http://www.intelligence.tuc.gr/~batsakis/Interval-based#25 http://www.intelligence.tuc.gr/~batsakis/Interval-based#ov http://www.intelligence.tuc.gr/~batsakis/Interval-based#61	1
http://www.intelligence.tuc.gr/~batsakis/Interval-based#25 http://www.intelligence.tuc.gr/~batsakis/Interval-based#d http://www.intelligence.tuc.gr/~batsakis/Interval-based#62	1
http://www.intelligence.tuc.gr/~batsakis/Interval-based#25 http://www.intelligence.tuc.gr/~batsakis/Interval-based#d_ov_s http://www.intelligence.tuc.gr/~batsakis/Interval-based#63	1
http://www.intelligence.tuc.gr/~batsakis/Interval-based#26 http://www.intelligence.tuc.gr/~batsakis/Interval-based#b http://www.intelligence.tuc.gr/~batsakis/Interval-based#0	1
http://www.intelligence.tuc.gr/~batsakis/Interval-based#26 http://www.intelligence.tuc.gr/~batsakis/Interval-based#d http://www.intelligence.tuc.gr/~batsakis/Interval-based#1	1
http://www.intelligence.tuc.gr/~batsakis/Interval-based#26 http://www.intelligence.tuc.gr/~batsakis/Interval-based#b http://www.intelligence.tuc.gr/~batsakis/Interval-based#2	1
http://www.intelligence.tuc.gr/~batsakis/Interval-based#26 http://www.intelligence.tuc.gr/~batsakis/Interval-based#b_d_ov_m_s http://www.intelligence.tuc.gr/~batsakis/Interval-based#3	1
http://www.intelligence.tuc.gr/~batsakis/Interval-based#26 http://www.intelligence.tuc.gr/~batsakis/Interval-based#b http://www.intelligence.tuc.gr/~batsakis/Interval-based#4	1
http://www.intelligence.tuc.gr/~batsakis/Interval-based#26 http://www.intelligence.tuc.gr/~batsakis/Interval-based#d_oi_f http://www.intelligence.tuc.gr/~batsakis/Interval-based#5	1
http://www.intelligence.tuc.gr/~batsakis/Interval-based#26 http://www.intelligence.tuc.gr/~batsakis/Interval-based#b http://www.intelligence.tuc.gr/~batsakis/Interval-based#6	1
http://www.intelligence.tuc.gr/~batsakis/Interval-based#26 http://www.intelligence.tuc.gr/~batsakis/Interval-based#d http://www.intelligence.tuc.gr/~batsakis/Interval-based#7	1
http://www.intelligence.tuc.gr/~batsakis/Interval-based#26 http://www.intelligence.tuc.gr/~batsakis/Interval-based#b http://www.intelligence.tuc.gr/~batsakis/Interval-based#8	1
http://www.intelligence.tuc.gr/~batsakis/Interval-based#26 http://www.intelligence.tuc.gr/~batsakis/Interval-based#b_ov_m http://www.intelligence.tuc.gr/~batsakis/Interval-based#9	1
http://www.intelligence.tuc.gr/~batsakis/Interval-based#26 http://www.intelligence.tuc.gr/~batsakis/Interval-based#ov http://www.intelligence.tuc.gr/~batsakis/Interval-based#10	1
http://www.intelligence.tuc.gr/~batsakis/Interval-based#26 http://www.intelligence.tuc.gr/~batsakis/Interval-based#d_ov_s http://www.intelligence.tuc.gr/~batsakis/Interval-based#11	1
http://www.intelligence.tuc.gr/~batsakis/Interval-based#26 http://www.intelligence.tuc.gr/~batsakis/Interval-based#d http://www.intelligence.tuc.gr/~batsakis/Interval-based#12	1
http://www.intelligence.tuc.gr/~batsakis/Interval-based#26 http://www.intelligence.tuc.gr/~batsakis/Interval-based#b http://www.intelligence.tuc.gr/~batsakis/Interval-based#13	1
http://www.intelligence.tuc.gr/~batsakis/Interval-based#26 http://www.intelligence.tuc.gr/~batsakis/Interval-based#ov http://www.intelligence.tuc.gr/~batsakis/Interval-based#14	1
http://www.intelligence.tuc.gr/~batsakis/Interval-based#26 http://www.intelligence.tuc.gr/~batsakis/Interval-based#d http://www.intelligence.tuc.gr/~batsakis/Interval-based#15	1
http://www.intelligence.tuc.gr/~batsakis/Interval-based#26 http://www.intelligence.tuc.gr/~batsakis/Interval-based#d_oi_f http://www.intelligence.tuc.gr/~batsakis/Interval-based#16	1
http://www.intelligence.tuc.gr/~batsakis/Interval-based#26 http://www.intelligence.tuc.gr/~batsakis/Interval-based#ov http://www.intelligence.tuc.gr/~batsakis/Interval-based#17	1
http://www.intelligence.tuc.gr/~batsakis/Interval-based#26 http://www.intelligence.tuc.gr/~batsakis/Interval-based#b http://www.intelligence.tuc.gr/~batsakis/Interval-based#18	1
http://www.intelligence.tuc.gr/~batsakis/Interval-based#26 http://www.intelligence.tuc.gr/~batsakis/Interval-based#b_ov_m http://www.intelligence.tuc.gr/~batsakis/Interval-based#19	1
http://www.intelligence.tuc.gr/~batsakis/Interval-based#26 http://www.intelligence.tuc.gr/~batsakis/Interval-based#b http://www.intelligence.tuc.gr/~batsakis/Interval-based#20	1
http://www.intelligence.tuc.gr/~batsakis/Interval-based#26 http://www.intelligence.tuc.gr/~batsakis/Interval-based#d http://www.intelligence.tuc.gr/~batsakis/Interval-based#21	1
http://www.intelligence.tuc.gr/~batsakis/Interval-based#26 http://www.intelligence.tuc.gr/~batsakis/Interval-based#b http://www.intelligence.tuc.gr/~batsakis/Interval-based#22	1
http://www.intelligence.tuc.gr/~batsakis/Interval-based#26 http://www.intelligence.tuc.gr/~batsakis/Interval-based#b http://www.intelligence.tuc.gr/~batsakis/Interval-based#23	1
http://www.intelligence.tuc.gr/~batsakis/Interval-based#26 http://www.intelligence.tuc.gr/~batsakis/Interval-based#b_ov_m http://www.intelligence.tuc.gr/~batsakis/Interval-based#24	1
http://www.intelligence.tuc.gr/~batsakis/Interval-based#26 http://www.intelligence.tuc.gr/~batsakis/Interval-based#ov http://www.intelligence.tuc.gr/~batsakis/Interval-based#25	1
http://www.intelligence.tuc.gr/~batsakis/Interval-based#26 http://www.intelligence.tuc.gr/~batsakis/Interval-based#b_d_ov_m_s http://www.intelligence.tuc.gr/~batsakis/Interval-based#27	1
http://www.intelligence.tuc.gr/~batsakis/Interval-based#26 http://www.intelligence.tuc.gr/~batsakis/Interval-based#b http://www.intelligence.tuc.gr/~batsakis/Interval-based#28	1
http://www.intelligence.tuc.gr/~batsakis/Interval-based#26 http://www.intelligence.tuc.gr/~batsakis/Interval-based#d http://www.intelligence.tuc.gr/~batsakis/Interval-based#29	1
http://www.intelligence.tuc.gr/~batsakis/Interval-based#26 http://www.intelligence.tuc.gr/~batsakis/Interval-based#d_ov_s http://www.intelligence.tuc.gr/~batsakis/Interval-based#30	1
http://www.intelligence.tuc.gr/~batsakis/Interval-based#26 http://www.intelligence.tuc.gr/~batsakis/Interval-based#b_d_ov_m_s http://www.intelligence.tuc.gr/~batsakis/Interval-based#31	1
http://www.intelligence.tuc.gr/~batsakis/Interval-based#26 http://www.intelligence.tuc.gr/~batsakis/Interval-based#b_ov_m http://www.intelligence.tuc.gr/~batsakis/Interval-based#32	1
http://www.intelligence.tuc.gr/~batsakis/Interval-based#26 http://www.intelligence.tuc.gr/~batsakis/Interval-based#b http://www.intelligence.tuc.gr/~batsakis/Interval-based#33	1
http://www.intelligence.tuc.gr/~batsakis/Interval-based#26 http://www.intelligence.tuc.gr/~batsakis/Interval-based#d http://www.intelligence.tuc.gr/~batsakis/Interval-based#34	1
http://www.intelligence.tuc.gr/~batsakis/Interval-based#26 http://www.intelligence.tuc.gr/~batsakis/Interval-based#b http://www.intelligence.tuc.gr/~batsakis/Interval-based#35	1
http://www.intelligence.tuc.gr/~batsakis/Interval-based#26 http://www.intelligence.tuc.gr/~batsakis/Interval-based#ov http://www.intelligence.tuc.gr/~batsakis/Interval-based#36	1
http://www.intelligence.tuc.gr/~batsakis/Interval-based#26 http://www.intelligence.tuc.gr/~batsakis/Interval-based#ov http://www.intelligence.tuc.gr/~batsakis/Interval-based#37	1
http://www.intelligence.tuc.gr/~batsakis/Interval-based#26 http://www.intelligence.tuc.gr/~batsakis/Interval-based#d http://www.intelligence.tuc.gr/~batsakis/Interval-based#38	1
http://www.intelligence.tuc.gr/~batsakis/Interval-based#26 http://www.intelligence.tuc.gr/~batsakis/Interval-based#b http://www.intelligence.tuc.gr/~batsakis/Interval-based#39	1
http://www.intelligence.tuc.gr/~batsakis/Interval-based#26 http://www.intelligence.tuc.gr/~batsakis/Interval-based#b_d_di_ov_oi_m_s_si_f_fi_eq http://www.intelligence.tuc.gr/~batsakis/Interval-based#40	1
http://www.intelligence.tuc.gr/~batsakis/Interval-based#26 http://www.intelligence.tuc.gr/~batsakis/Interval-based#b_di_ov_m_fi http://www.intelligence.tuc.gr/~batsakis/Interval-based#41	1
http://www.intelligence.tuc.gr/~batsakis/Interval-based#26 http://www.intelligence.tuc.gr/~batsakis/Interval-based#b_ov_m http://www.intelligence.tuc.gr/~batsakis/Interval-based#42	1
http://www.intelligence.tuc.gr/~batsakis/Interval-based#26 http://www.intelligence.tuc.gr/~batsakis/Interval-based#d http://www.intelligence.tuc.gr/~batsakis/Interval-based#43	1
http://www.intelligence.tuc.gr/~batsakis/Interval-based#26 http://www.intelligence.tuc.gr/~batsakis/Interval-based#b_di_ov_m_fi http://www.intelligence.tuc.gr/~batsakis/Interval-based#44	1
http://www.intelligence.tuc.gr/~batsakis/Interval-based#26 http://www.intelligence.tuc.gr/~batsakis/Interval-based#ov http://www.intelligence.tuc.gr/~batsakis/Interval-based#45	1
http://www.intelligence.tuc.gr/~batsakis/Interval-based#26 http://www.intelligence.tuc.gr/~batsakis/Interval-based#d http://www.intelligence.tuc.gr/~batsakis/Interval-based#46	1
http://www.intelligence.tuc.gr/~batsakis/Interval-based#26 http://www.intelligence.tuc.gr/~batsakis/Interval-based#b_ov_m http://www.intelligence.tuc.gr/~batsakis/Interval-based#47	1
http://www.intelligence.tuc.gr/~batsakis/Interval-based#26 http://www.intelligence.tuc.gr/~batsakis/Interval-based#b http://www.intelligence.tuc.gr/~batsakis/Interval-based#48	1
http://www.intelligence.tuc.gr/~batsakis/Interval-based#26 http://www.intelligence.tuc.gr/~batsakis/Interval-based#b http://www.intelligence.tuc.gr/~batsakis/Interval-based#49	1
http://www.intelligence.tuc.gr/~batsakis/Interval-based#26 http://www.intelligence.tuc.gr/~batsakis/Interval-based#b http://www.intelligence.tuc.gr/~batsakis/Interval-based#50	1
http://www.intelligence.tuc.gr/~batsakis/Interval-based#26 http://www.intelligence.tuc.gr/~batsakis/Interval-based#d http://www.intelligence.tuc.gr/~batsakis/Interval-based#51	1
http://www.intelligence.tuc.gr/~batsakis/Interval-based#26 http://www.intelligence.tuc.gr/~batsakis/Interval-based#ov http://www.intelligence.tuc.gr/~batsakis/Interval-based#52	1
http://www.intelligence.tuc.gr/~batsakis/Interval-based#26 http://www.intelligence.tuc.gr/~batsakis/Interval-based#b_ov_m http://www.intelligence.tuc.gr/~batsakis/Interval-based#53	1
http://www.intelligence.tuc.gr/~batsakis/Interval-based#26 http://www.intelligence.tuc.gr/~batsakis/Interval-based#b http://www.intelligence.tuc.gr/~batsakis/Interval-based#54	1
http://www.intelligence.tuc.gr/~batsakis/Interval-based#26 http://www.intelligence.tuc.gr/~batsakis/Interval-based#ov http://www.intelligence.tuc.gr/~batsakis/Interval-based#55	1
http://www.intelligence.tuc.gr/~batsakis/Interval-based#26 http://www.intelligence.tuc.gr/~batsakis/Interval-based#b_d_di_ov_oi_m_s_si_f_fi_eq http://www.intelligence.tuc.gr/~batsakis/Interval-based#56	1
http://www.intelligence.tuc.gr/~batsakis/Interval-based#26 http://www.intelligence.tuc.gr/~batsakis/Interval-based#d http://www.intelligence.tuc.gr/~batsakis/Interval-based#57	1
http://www.intelligence.tuc.gr/~batsakis/Interval-based#26 http://www.intelligence.tuc.gr/~batsakis/Interval-based#d http://www.intelligence.tuc.gr/~batsakis/Interval-based#58	1
http://www.intelligence.tuc.gr/~batsakis/Interval-based#26 http://www.intelligence.tuc.gr/~batsakis/Interval-based#b http://www.intelligence.tuc.gr/~batsakis/Interval-based#59	1
http://www.intelligence.tuc.gr/~batsakis/Interval-based#26 http://www.intelligence.tuc.gr/~batsakis/Interval-based#d http://www.intelligence.tuc.gr/~batsakis/Interval-based#60	1
http://www.intelligence.tuc.gr/~batsakis/Interval-based#26 http://www.intelligence.tuc.gr/~batsakis/Interval-based#b http://www.intelligence.tuc.gr/~batsakis/Interval-based#61	1
http://www.intelligence.tuc.gr/~batsakis/Interval-based#26 http://www.intelligence.tuc.gr/~batsakis/Interval-based#d http://www.intelligence.tuc.gr/~batsakis/Interval-based#62	1
http://www.intelligence.tuc.gr/~batsakis/Interval-based#26 http://www.intelligence.tuc.gr/~batsakis/Interval-based#b_d_ov_m_s http://www.intelligence.tuc.gr/~batsakis/Interval-based#63	1
http://www.intelligence.tuc.gr/~batsakis/Interval-based#27 http://www.intelligence.tuc.gr/~batsakis/Interval-based#ov http://www.intelligence.tuc.gr/~batsakis/Interval-based#0	1
http://www.intelligence.tuc.gr/~batsakis/Interval-based#27 http://www.intelligence.tuc.gr/~batsakis/Interval-based#oi http://www.intelligence.tuc.gr/~batsakis/Interval-based#1	1
http://www.intelligence.tuc.gr/~batsakis/Interval-based#27 http://www.intelligence.tuc.gr/~batsakis/Interval-based#di http://www.intelligence.tuc.gr/~batsakis/Interval-based#2	1
http://www.intelligence.tuc.gr/~batsakis/Interval-based#27 http://www.intelligence.tuc.gr/~batsakis/Interval-based#di_oi_si http://www.intelligence.tuc.gr/~batsakis/Interval-based#3	1
http://www.intelligence.tuc.gr/~batsakis/Interval-based#27 http://www.intelligence.tuc.gr/~batsakis/Interval-based#di_ov_fi http://www.intelligence.tuc.gr/~batsakis/Interval-based#4	1
http://www.intelligence.tuc.gr/~batsakis/Interval-based#27 http://www.intelligence.tuc.gr/~batsakis/Interval-based#oi http://www.intelligence.tuc.gr/~batsakis/Interval-based#5	1
http://www.intelligence.tuc.gr/~batsakis/Interval-based#27 http://www.intelligence.tuc.gr/~batsakis/Interval-based#ov http://www.intelligence.tuc.gr/~batsakis/Interval-based#6	1
http://www.intelligence.tuc.gr/~batsakis/Interval-based#27 http://www.intelligence.tuc.gr/~batsakis/Interval-based#oi http://www.intelligence.tuc.gr/~batsakis/Interval-based#7	1
http://www.intelligence.tuc.gr/~batsakis/Interval-based#27 http://www.intelligence.tuc.gr/~batsakis/Interval-based#di http://www.intelligence.tuc.gr/~batsakis/Interval-based#8	1
http://www.intelligence.tuc.gr/~batsakis/Interval-based#27 http://www.intelligence.tuc.gr/~batsakis/Interval-based#di http://www.intelligence.tuc.gr/~batsakis/Interval-based#9	1
http://www.intelligence.tuc.gr/~batsakis/Interval-based#27 http://www.intelligence.tuc.gr/~batsakis/Interval-based#di_oi_si http://www.intelligence.tuc.gr/~batsakis/Interval-based#10	1
http://www.intelligence.tuc.gr/~batsakis/Interval-based#27 http://www.intelligence.tuc.gr/~batsakis/Interval-based#di_oi_si http://www.intelligence.tuc.gr/~batsakis/Interval-based#11	1
http://www.intelligence.tuc.gr/~batsakis/Interval-based#27 http://www.intelligence.tuc.gr/~batsakis/Interval-based#oi http://www.intelligence.tuc.gr/~batsakis/Interval-based#12	1
http://www.intelligence.tuc.gr/~batsakis/Interval-based#27 http://www.intelligence.tuc.gr/~batsakis/Interval-based#ov http://www.intelligence.tuc.gr/~batsakis/Interval-based#13	1
http://www.intelligence.tuc.gr/~batsakis/Interval-based#27 http://www.intelligence.tuc.gr/~batsakis/Interval-based#di_oi_si http://www.intelligence.tuc.gr/~batsakis/Interval-based#14	1
http://www.intelligence.tuc.gr/~batsakis/Interval-based#27 http://www.intelligence.tuc.gr/~batsakis/Interval-based#oi http://www.intelligence.tuc.gr/~batsakis/Interval-based#15	1
http://www.intelligence.tuc.gr/~batsakis/Interval-based#27 http://www.intelligence.tuc.gr/~batsakis/Interval-based#a_oi_mi http://www.intelligence.tuc.gr/~batsakis/Interval-based#16	1
http://www.intelligence.tuc.gr/~batsakis/Interval-based#27 http://www.intelligence.tuc.gr/~batsakis/Interval-based#di_oi_si http://www.intelligence.tuc.gr/~batsakis/Interval-based#17	1
http://www.intelligence.tuc.gr/~batsakis/Interval-based#27 http://www.intelligence.tuc.gr/~batsakis/Interval-based#b_di_ov_m_fi http://www.intelligence.tuc.gr/~batsakis/Interval-based#18	1
http://www.intelligence.tuc.gr/~batsakis/Interval-based#27 http://www.intelligence.tuc.gr/~batsakis/Interval-based#di http://www.intelligence.tuc.gr/~batsakis/Interval-based#19	1
http://www.intelligence.tuc.gr/~batsakis/Interval-based#27 http://www.intelligence.tuc.gr/~batsakis/Interval-based#b_ov_m http://www.intelligence.tuc.gr/~batsakis/Interval-based#20	1
http://www.intelligence.tuc.gr/~batsakis/Interval-based#27 http://www.intelligence.tuc.gr/~batsakis/Interval-based#oi http://www.intelligence.tuc.gr/~batsakis/Interval-based#21	1
http://www.intelligence.tuc.gr/~batsakis/Interval-based#27 http://www.intelligence.tuc.gr/~batsakis/Interval-based#di http://www.intelligence.tuc.gr/~batsakis/Interval-based#22	1
http://www.intelligence.tuc.gr/~batsakis/Interval-based#27 http://www.intelligence.tuc.gr/~batsakis/Interval-based#ov http://www.intelligence.tuc.gr/~batsakis/Interval-based#23	1
http://www.intelligence.tuc.gr/~batsakis/Interval-based#27 http://www.intelligence.tuc.gr/~batsakis/Interval-based#di http://www.intelligence.tuc.gr/~batsakis/Interval-based#24	1
http://www.intelligence.tuc.gr/~batsakis/Interval-based#27 http://www.intelligence.tuc.gr/~batsakis/Interval-based#di_oi_si http://www.intelligence.tuc.gr/~batsakis/Interval-based#25	1
http://www.intelligence.tuc.gr/~batsakis/Interval-based#27 http://www.intelligence.tuc.gr/~batsakis/Interval-based#a_di_oi_mi_si http://www.intelligence.tuc.gr/~batsakis/Interval-based#26	1
http://www.intelligence.tuc.gr/~batsakis/Interval-based#27 http://www.intelligence.tuc.gr/~batsakis/Interval-based#ov http://www.intelligence.tuc.gr/~batsakis/Interval-based#28	1
http://www.intelligence.tuc.gr/~batsakis/Interval-based#27 http://www.intelligence.tuc.gr/~batsakis/Interval-based#oi http://www.intelligence.tuc.gr/~batsakis/Interval-based#29	1
http://www.intelligence.tuc.gr/~batsakis/Interval-based#27 http://www.intelligence.tuc.gr/~batsakis/Interval-based#di_oi_si http://www.intelligence.tuc.gr/~batsakis/Interval-based#30	1
http://www.intelligence.tuc.gr/~batsakis/Interval-based#27 http://www.intelligence.tuc.gr/~batsakis/Interval-based#di_oi_si http://www.intelligence.tuc.gr/~batsakis/Interval-based#31	1
http://www.intelligence.tuc.gr/~batsakis/Interval-based#27 http://www.intelligence.tuc.gr/~batsakis/Interval-based#di_ov_fi http://www.intelligence.tuc.gr/~batsakis/Interval-based#32	1
http://www.intelligence.tuc.gr/~batsakis/Interval-based#27 http://www.intelligence.tuc.gr/~batsakis/Interval-based#ov http://www.intelligence.tuc.gr/~batsakis/Interval-based#33	1
http://www.intelligence.tuc.gr/~batsakis/Interval-based#27 http://www.intelligence.tuc.gr/~batsakis/Interval-based#oi http://www.intelligence.tuc.gr/~batsakis/Interval-based#34	1
http://www.intelligence.tuc.gr/~batsakis/Interval-based#27 http://www.intelligence.tuc.gr/~batsakis/Interval-based#di http://www.intelligence.tuc.gr/~batsakis/Interval-based#35	1
http://www.intelligence.tuc.gr/~batsakis/Interval-based#27 http://www.intelligence.tuc.gr/~batsakis/Interval-based#di_oi_si http://www.intelligence.tuc.gr/~batsakis/Interval-based#36	1
http://www.intelligence.tuc.gr/~batsakis/Interval-based#27 http://www.intelligence.tuc.gr/~batsakis/Interval-based#di_oi_si http://www.intelligence.tuc.gr/~batsakis/Interval-based#37	1
http://www.intelligence.tuc.gr/~batsakis/Interval-based#27 http://www.intelligence.tuc.gr/~batsakis/Interval-based#d http://www.intelligence.tuc.gr/~batsakis/Interval-based#38	1
http://www.intelligence.tuc.gr/~batsakis/Interval-based#27 http://www.intelligence.tuc.gr/~batsakis/Interval-based#di_ov_fi http://www.intelligence.tuc.gr/~batsakis/Interval-based#39	1
http://www.intelligence.tuc.gr/~batsakis/Interval-based#27 http://www.intelligence.tuc.gr/~batsakis/Interval-based#si http://www.intelligence.tuc.gr/~batsakis/Interval-based#40	1
http://www.intelligence.tuc.gr/~batsakis/Interval-based#27 http://www.intelligence.tuc.gr/~batsakis/Interval-based#di http://www.intelligence.tuc.gr/~batsakis/Interval-based#41	1
http://www.intelligence.tuc.gr/~batsakis/Interval-based#27 http://www.intelligence.tuc.gr/~batsakis/Interval-based#ov http://www.intelligence.tuc.gr/~batsakis/Interval-based#42	1
http://www.intelligence.tuc.gr/~batsakis/Interval-based#27 http://www.intelligence.tuc.gr/~batsakis/Interval-based#oi http://www.intelligence.tuc.gr/~batsakis/Interval-based#43	1
http://www.intelligence.tuc.gr/~batsakis/Interval-based#27 http://www.intelligence.tuc.gr/~batsakis/Interval-based#di http://www.intelligence.tuc.gr/~batsakis/Interval-based#44	1
http://www.intelligence.tuc.gr/~batsakis/Interval-based#27 http://www.intelligence.tuc.gr/~batsakis/Interval-based#di_oi_si http://www.intelligence.tuc.gr/~batsakis/Interval-based#45	1
http://www.intelligence.tuc.gr/~batsakis/Interval-based#27 http://www.intelligence.tuc.gr/~batsakis/Interval-based#oi http://www.intelligence.tuc.gr/~batsakis/Interval-based#46	1
http://www.intelligence.tuc.gr/~batsakis/Interval-based#27 http://www.intelligence.tuc.gr/~batsakis/Interval-based#di http://www.intelligence.tuc.gr/~batsakis/Interval-based#47	1
http://www.intelligence.tuc.gr/~batsakis/Interval-based#27 http://www.intelligence.tuc.gr/~batsakis/Interval-based#di http://www.intelligence.tuc.gr/~batsakis/Interval-based#48	1
http://www.intelligence.tuc.gr/~batsakis/Interval-based#27 http://www.intelligence.tuc.gr/~batsakis/Interval-based#ov http://www.intelligence.tuc.gr/~batsakis/Interval-based#49	1
http://www.intelligence.tuc.gr/~batsakis/Interval-based#27 http://www.intelligence.tuc.gr/~batsakis/Interval-based#b_di_ov_m_fi http://www.intelligence.tuc.gr/~batsakis/Interval-based#50	1
http://www.intelligence.tuc.gr/~batsakis/Interval-based#27 http://www.intelligence.tuc.gr/~batsakis/Interval-based#oi http://www.intelligence.tuc.gr/~batsakis/Interval-based#51	1
http://www.intelligence.tuc.gr/~batsakis/Interval-based#27 http://www.intelligence.tuc.gr/~batsakis/Interval-based#di_oi_si http://www.intelligence.tuc.gr/~batsakis/Interval-based#52	1
http://www.intelligence.tuc.gr/~batsakis/Interval-based#27 http://www.intelligence.tuc.gr/~batsakis/Interval-based#di http://www.intelligence.tuc.gr/~batsakis/Interval-based#53	1
http://www.intelligence.tuc.gr/~batsakis/Interval-based#27 http://www.intelligence.tuc.gr/~batsakis/Interval-based#di http://www.intelligence.tuc.gr/~batsakis/Interval-based#54	1
http://www.intelligence.tuc.gr/~batsakis/Interval-based#27 http://www.intelligence.tuc.gr/~batsakis/Interval-based#di_oi_si http://www.intelligence.tuc.gr/~batsakis/Interval-based#55	1
http://www.intelligence.tuc.gr/~batsakis/Interval-based#27 http://www.intelligence.tuc.gr/~batsakis/Interval-based#si http://www.intelligence.tuc.gr/~batsakis/Interval-based#56	1
http://www.intelligence.tuc.gr/~batsakis/Interval-based#27 http://www.intelligence.tuc.gr/~batsakis/Interval-based#oi http://www.intelligence.tuc.gr/~batsakis/Interval-based#57	1
http://www.intelligence.tuc.gr/~batsakis/Interval-based#27 http://www.intelligence.tuc.gr/~batsakis/Interval-based#oi http://www.intelligence.tuc.gr/~batsakis/Interval-based#58	1
http://www.intelligence.tuc.gr/~batsakis/Interval-based#27 http://www.intelligence.tuc.gr/~batsakis/Interval-based#di http://www.intelligence.tuc.gr/~batsakis/Interval-based#59	1
http://www.intelligence.tuc.gr/~batsakis/Interval-based#27 http://www.intelligence.tuc.gr/~batsakis/Interval-based#oi http://www.intelligence.tuc.gr/~batsakis/Interval-based#60	1
http://www.intelligence.tuc.gr/~batsakis/Interval-based#27 http://www.intelligence.tuc.gr/~batsakis/Interval-based#ov http://www.intelligence.tuc.gr/~batsakis/Interval-based#61	1
http://www.intelligence.tuc.gr/~batsakis/Interval-based#27 http://www.intelligence.tuc.gr/~batsakis/Interval-based#d http://www.intelligence.tuc.gr/~batsakis/Interval-based#62	1
http://www.intelligence.tuc.gr/~batsakis/Interval-based#27 http://www.intelligence.tuc.gr/~batsakis/Interval-based#d_ov_s http://www.intelligence.tuc.gr/~batsakis/Interval-based#63	1
http://www.intelligence.tuc.gr/~batsakis/Interval-based#28 http://www.intelligence.tuc.gr/~batsakis/Interval-based#f http://www.intelligence.tuc.gr/~batsakis/Interval-based#0	1
http://www.intelligence.tuc.gr/~batsakis/Interval-based#28 http://www.intelligence.tuc.gr/~batsakis/Interval-based#oi http://www.intelligence.tuc.gr/~batsakis/Interval-based#1	1
http://www.intelligence.tuc.gr/~batsakis/Interval-based#28 http://www.intelligence.tuc.gr/~batsakis/Interval-based#di http://www.intelligence.tuc.gr/~batsakis/Interval-based#2	1
http://www.intelligence.tuc.gr/~batsakis/Interval-based#28 http://www.intelligence.tuc.gr/~batsakis/Interval-based#oi http://www.intelligence.tuc.gr/~batsakis/Interval-based#3	1
http://www.intelligence.tuc.gr/~batsakis/Interval-based#28 http://www.intelligence.tuc.gr/~batsakis/Interval-based#di http://www.intelligence.tuc.gr/~batsakis/Interval-based#4	1
http://www.intelligence.tuc.gr/~batsakis/Interval-based#28 http://www.intelligence.tuc.gr/~batsakis/Interval-based#a http://www.intelligence.tuc.gr/~batsakis/Interval-based#5	1
http://www.intelligence.tuc.gr/~batsakis/Interval-based#28 http://www.intelligence.tuc.gr/~batsakis/Interval-based#di http://www.intelligence.tuc.gr/~batsakis/Interval-based#6	1
http://www.intelligence.tuc.gr/~batsakis/Interval-based#28 http://www.intelligence.tuc.gr/~batsakis/Interval-based#oi http://www.intelligence.tuc.gr/~batsakis/Interval-based#7	1
http://www.intelligence.tuc.gr/~batsakis/Interval-based#28 http://www.intelligence.tuc.gr/~batsakis/Interval-based#mi http://www.intelligence.tuc.gr/~batsakis/Interval-based#8	1
http://www.intelligence.tuc.gr/~batsakis/Interval-based#28 http://www.intelligence.tuc.gr/~batsakis/Interval-based#oi http://www.intelligence.tuc.gr/~batsakis/Interval-based#9	1
http://www.intelligence.tuc.gr/~batsakis/Interval-based#28 http://www.intelligence.tuc.gr/~batsakis/Interval-based#oi http://www.intelligence.tuc.gr/~batsakis/Interval-based#10	1
http://www.intelligence.tuc.gr/~batsakis/Interval-based#28 http://www.intelligence.tuc.gr/~batsakis/Interval-based#a http://www.intelligence.tuc.gr/~batsakis/Interval-based#11	1
http://www.intelligence.tuc.gr/~batsakis/Interval-based#28 http://www.intelligence.tuc.gr/~batsakis/Interval-based#oi http://www.intelligence.tuc.gr/~batsakis/Interval-based#12	1
http://www.intelligence.tuc.gr/~batsakis/Interval-based#28 http://www.intelligence.tuc.gr/~batsakis/Interval-based#fi http://www.intelligence.tuc.gr/~batsakis/Interval-based#13	1
http://www.intelligence.tuc.gr/~batsakis/Interval-based#28 http://www.intelligence.tuc.gr/~batsakis/Interval-based#oi http://www.intelligence.tuc.gr/~batsakis/Interval-based#14	1
http://www.intelligence.tuc.gr/~batsakis/Interval-based#28 http://www.intelligence.tuc.gr/~batsakis/Interval-based#oi http://www.intelligence.tuc.gr/~batsakis/Interval-based#15	1
http://www.intelligence.tuc.gr/~batsakis/Interval-based#28 http://www.intelligence.tuc.gr/~batsakis/Interval-based#a http://www.intelligence.tuc.gr/~batsakis/Interval-based#16	1
http://www.intelligence.tuc.gr/~batsakis/Interval-based#28 http://www.intelligence.tuc.gr/~batsakis/Interval-based#oi http://www.intelligence.tuc.gr/~batsakis/Interval-based#17	1
http://www.intelligence.tuc.gr/~batsakis/Interval-based#28 http://www.intelligence.tuc.gr/~batsakis/Interval-based#b_di_ov_m_fi http://www.intelligence.tuc.gr/~batsakis/Interval-based#18	1
http://www.intelligence.tuc.gr/~batsakis/Interval-based#28 http://www.intelligence.tuc.gr/~batsakis/Interval-based#oi http://www.intelligence.tuc.gr/~batsakis/Interval-based#19	1
http://www.intelligence.tuc.gr/~batsakis/Interval-based#28 http://www.intelligence.tuc.gr/~batsakis/Interval-based#di_ov_fi http://www.intelligence.tuc.gr/~batsakis/Interval-based#20	1
http://www.intelligence.tuc.gr/~batsakis/Interval-based#28 http://www.intelligence.tuc.gr/~batsakis/Interval-based#oi http://www.intelligence.tuc.gr/~batsakis/Interval-based#21	1
http://www.intelligence.tuc.gr/~batsakis/Interval-based#28 http://www.intelligence.tuc.gr/~batsakis/Interval-based#di http://www.intelligence.tuc.gr/~batsakis/Interval-based#22	1
http://www.intelligence.tuc.gr/~batsakis/Interval-based#28 http://www.intelligence.tuc.gr/~batsakis/Interval-based#di_ov_fi http://www.intelligence.tuc.gr/~batsakis/Interval-based#23	1
http://www.intelligence.tuc.gr/~batsakis/Interval-based#28 http://www.intelligence.tuc.gr/~batsakis/Interval-based#oi http://www.intelligence.tuc.gr/~batsakis/Interval-based#24	1
http://www.intelligence.tuc.gr/~batsakis/Interval-based#28 http://www.intelligence.tuc.gr/~batsakis/Interval-based#oi http://www.intelligence.tuc.gr/~batsakis/Interval-based#25	1
http://www.intelligence.tuc.gr/~batsakis/Interval-based#28 http://www.intelligence.tuc.gr/~batsakis/Interval-based#a http://www.intelligence.tuc.gr/~batsakis/Interval-based#26	1
http://www.intelligence.tuc.gr/~batsakis/Interval-based#28 http://www.intelligence.tuc.gr/~batsakis/Interval-based#oi http://www.intelligence.tuc.gr/~batsakis/Interval-based#27	1
http://www.intelligence.tuc.gr/~batsakis/Interval-based#28 http://www.intelligence.tuc.gr/~batsakis/Interval-based#oi http://www.intelligence.tuc.gr/~batsakis/Interval-based#29	1
http://www.intelligence.tuc.gr/~batsakis/Interval-based#28 http://www.intelligence.tuc.gr/~batsakis/Interval-based#a_oi_mi http://www.intelligence.tuc.gr/~batsakis/Interval-based#30	1
http://www.intelligence.tuc.gr/~batsakis/Interval-based#28 http://www.intelligence.tuc.gr/~batsakis/Interval-based#oi http://www.intelligence.tuc.gr/~batsakis/Interval-based#31	1
http://www.intelligence.tuc.gr/~batsakis/Interval-based#28 http://www.intelligence.tuc.gr/~batsakis/Interval-based#oi http://www.intelligence.tuc.gr/~batsakis/Interval-based#32	1
http://www.intelligence.tuc.gr/~batsakis/Interval-based#28 http://www.intelligence.tuc.gr/~batsakis/Interval-based#di_ov_fi http://www.intelligence.tuc.gr/~batsakis/Interval-based#33	1
http://www.intelligence.tuc.gr/~batsakis/Interval-based#28 http://www.intelligence.tuc.gr/~batsakis/Interval-based#oi http://www.intelligence.tuc.gr/~batsakis/Interval-based#34	1
http://www.intelligence.tuc.gr/~batsakis/Interval-based#28 http://www.intelligence.tuc.gr/~batsakis/Interval-based#oi http://www.intelligence.tuc.gr/~batsakis/Interval-based#35	1
http://www.intelligence.tuc.gr/~batsakis/Interval-based#28 http://www.intelligence.tuc.gr/~batsakis/Interval-based#oi http://www.intelligence.tuc.gr/~batsakis/Interval-based#36	1
http://www.intelligence.tuc.gr/~batsakis/Interval-based#28 http://www.intelligence.tuc.gr/~batsakis/Interval-based#oi http://www.intelligence.tuc.gr/~batsakis/Interval-based#37	1
http://www.intelligence.tuc.gr/~batsakis/Interval-based#28 http://www.intelligence.tuc.gr/~batsakis/Interval-based#oi http://www.intelligence.tuc.gr/~batsakis/Interval-based#38	1
http://www.intelligence.tuc.gr/~batsakis/Interval-based#28 http://www.intelligence.tuc.gr/~batsakis/Interval-based#si http://www.intelligence.tuc.gr/~batsakis/Interval-based#39	1
http://www.intelligence.tuc.gr/~batsakis/Interval-based#28 http://www.intelligence.tuc.gr/~batsakis/Interval-based#a http://www.intelligence.tuc.gr/~batsakis/Interval-based#40	1
http://www.intelligence.tuc.gr/~batsakis/Interval-based#28 http://www.intelligence.tuc.gr/~batsakis/Interval-based#a http://www.intelligence.tuc.gr/~batsakis/Interval-based#41	1
http://www.intelligence.tuc.gr/~batsakis/Interval-based#28 http://www.intelligence.tuc.gr/~batsakis/Interval-based#d_di_ov_oi_s_si_f_fi_eq http://www.intelligence.tuc.gr/~batsakis/Interval-based#42	1
http://www.intelligence.tuc.gr/~batsakis/Interval-based#28 http://www.intelligence.tuc.gr/~batsakis/Interval-based#oi http://www.intelligence.tuc.gr/~batsakis/Interval-based#43	1
http://www.intelligence.tuc.gr/~batsakis/Interval-based#28 http://www.intelligence.tuc.gr/~batsakis/Interval-based#a http://www.intelligence.tuc.gr/~batsakis/Interval-based#44	1
http://www.intelligence.tuc.gr/~batsakis/Interval-based#28 http://www.intelligence.tuc.gr/~batsakis/Interval-based#a http://www.intelligence.tuc.gr/~batsakis/Interval-based#45	1
http://www.intelligence.tuc.gr/~batsakis/Interval-based#28 http://www.intelligence.tuc.gr/~batsakis/Interval-based#oi http://www.intelligence.tuc.gr/~batsakis/Interval-based#46	1
http://www.intelligence.tuc.gr/~batsakis/Interval-based#28 http://www.intelligence.tuc.gr/~batsakis/Interval-based#oi http://www.intelligence.tuc.gr/~batsakis/Interval-based#47	1
http://www.intelligence.tuc.gr/~batsakis/Interval-based#28 http://www.intelligence.tuc.gr/~batsakis/Interval-based#di http://www.intelligence.tuc.gr/~batsakis/Interval-based#48	1
http://www.intelligence.tuc.gr/~batsakis/Interval-based#28 http://www.intelligence.tuc.gr/~batsakis/Interval-based#ov http://www.intelligence.tuc.gr/~batsakis/Interval-based#49	1
http://www.intelligence.tuc.gr/~batsakis/Interval-based#28 http://www.intelligence.tuc.gr/~batsakis/Interval-based#di http://www.intelligence.tuc.gr/~batsakis/Interval-based#50	1
http://www.intelligence.tuc.gr/~batsakis/Interval-based#28 http://www.intelligence.tuc.gr/~batsakis/Interval-based#a http://www.intelligence.tuc.gr/~batsakis/Interval-based#51	1
http://www.intelligence.tuc.gr/~batsakis/Interval-based#28 http://www.intelligence.tuc.gr/~batsakis/Interval-based#oi http://www.intelligence.tuc.gr/~batsakis/Interval-based#52	1
http://www.intelligence.tuc.gr/~batsakis/Interval-based#28 http://www.intelligence.tuc.gr/~batsakis/Interval-based#oi http://www.intelligence.tuc.gr/~batsakis/Interval-based#53	1
http://www.intelligence.tuc.gr/~batsakis/Interval-based#28 http://www.intelligence.tuc.gr/~batsakis/Interval-based#di http://www.intelligence.tuc.gr/~batsakis/Interval-based#54	1
http://www.intelligence.tuc.gr/~batsakis/Interval-based#28 http://www.intelligence.tuc.gr/~batsakis/Interval-based#oi http://www.intelligence.tuc.gr/~batsakis/Interval-based#55	1
http://www.intelligence.tuc.gr/~batsakis/Interval-based#28 http://www.intelligence.tuc.gr/~batsakis/Interval-based#a http://www.intelligence.tuc.gr/~batsakis/Interval-based#56	1
http://www.intelligence.tuc.gr/~batsakis/Interval-based#28 http://www.intelligence.tuc.gr/~batsakis/Interval-based#oi http://www.intelligence.tuc.gr/~batsakis/Interval-based#57	1
http://www.intelligence.tuc.gr/~batsakis/Interval-based#28 http://www.intelligence.tuc.gr/~batsakis/Interval-based#oi http://www.intelligence.tuc.gr/~batsakis/Interval-based#58	1
http://www.intelligence.tuc.gr/~batsakis/Interval-based#28 http://www.intelligence.tuc.gr/~batsakis/Interval-based#si http://www.intelligence.tuc.gr/~batsakis/Interval-based#59	1
http://www.intelligence.tuc.gr/~batsakis/Interval-based#28 http://www.intelligence.tuc.gr/~batsakis/Interval-based#oi http://www.intelligence.tuc.gr/~batsakis/Interval-based#60	1
http://www.intelligence.tuc.gr/~batsakis/Interval-based#28 http://www.intelligence.tuc.gr/~batsakis/Interval-based#di http://www.intelligence.tuc.gr/~batsakis/Interval-based#61	1
http://www.intelligence.tuc.gr/~batsakis/Interval-based#28 http://www.intelligence.tuc.gr/~batsakis/Interval-based#f http://www.intelligence.tuc.gr/~batsakis/Interval-based#62	1
http://www.intelligence.tuc.gr/~batsakis/Interval-based#28 http://www.intelligence.tuc.gr/~batsakis/Interval-based#d http://www.intelligence.tuc.gr/~batsakis/Interval-based#63	1
http://www.intelligence.tuc.gr/~batsakis/Interval-based#29 http://www.intelligence.tuc.gr/~batsakis/Interval-based#ov http://www.intelligence.tuc.gr/~batsakis/Interval-based#0	1
http://www.intelligence.tuc.gr/~batsakis/Interval-based#29 http://www.intelligence.tuc.gr/~batsakis/Interval-based#d http://www.intelligence.tuc.gr/~batsakis/Interval-based#1	1
http://www.intelligence.tuc.gr/~batsakis/Interval-based#29 http://www.intelligence.tuc.gr/~batsakis/Interval-based#ov http://www.intelligence.tuc.gr/~batsakis/Interval-based#2	1
http://www.intelligence.tuc.gr/~batsakis/Interval-based#29 http://www.intelligence.tuc.gr/~batsakis/Interval-based#di http://www.intelligence.tuc.gr/~batsakis/Interval-based#3	1
http://www.intelligence.tuc.gr/~batsakis/Interval-based#29 http://www.intelligence.tuc.gr/~batsakis/Interval-based#b http://www.intelligence.tuc.gr/~batsakis/Interval-based#4	1
http://www.intelligence.tuc.gr/~batsakis/Interval-based#29 http://www.intelligence.tuc.gr/~batsakis/Interval-based#di http://www.intelligence.tuc.gr/~batsakis/Interval-based#5	1
http://www.intelligence.tuc.gr/~batsakis/Interval-based#29 http://www.intelligence.tuc.gr/~batsakis/Interval-based#ov http://www.intelligence.tuc.gr/~batsakis/Interval-based#6	1
http://www.intelligence.tuc.gr/~batsakis/Interval-based#29 http://www.intelligence.tuc.gr/~batsakis/Interval-based#ov http://www.intelligence.tuc.gr/~batsakis/Interval-based#7	1
http://www.intelligence.tuc.gr/~batsakis/Interval-based#29 http://www.intelligence.tuc.gr/~batsakis/Interval-based#di http://www.intelligence.tuc.gr/~batsakis/Interval-based#8	1
http://www.intelligence.tuc.gr/~batsakis/Interval-based#29 http://www.intelligence.tuc.gr/~batsakis/Interval-based#ov http://www.intelligence.tuc.gr/~batsakis/Interval-based#9	1
http://www.intelligence.tuc.gr/~batsakis/Interval-based#29 http://www.intelligence.tuc.gr/~batsakis/Interval-based#fi http://www.intelligence.tuc.gr/~batsakis/Interval-based#10	1
http://www.intelligence.tuc.gr/~batsakis/Interval-based#29 http://www.intelligence.tuc.gr/~batsakis/Interval-based#di http://www.intelligence.tuc.gr/~batsakis/Interval-based#11	1
http://www.intelligence.tuc.gr/~batsakis/Interval-based#29 http://www.intelligence.tuc.gr/~batsakis/Interval-based#eq http://www.intelligence.tuc.gr/~batsakis/Interval-based#12	1
http://www.intelligence.tuc.gr/~batsakis/Interval-based#29 http://www.intelligence.tuc.gr/~batsakis/Interval-based#ov http://www.intelligence.tuc.gr/~batsakis/Interval-based#13	1
http://www.intelligence.tuc.gr/~batsakis/Interval-based#29 http://www.intelligence.tuc.gr/~batsakis/Interval-based#di http://www.intelligence.tuc.gr/~batsakis/Interval-based#14	1
http://www.intelligence.tuc.gr/~batsakis/Interval-based#29 http://www.intelligence.tuc.gr/~batsakis/Interval-based#di http://www.intelligence.tuc.gr/~batsakis/Interval-based#15	1
http://www.intelligence.tuc.gr/~batsakis/Interval-based#29 http://www.intelligence.tuc.gr/~batsakis/Interval-based#di http://www.intelligence.tuc.gr/~batsakis/Interval-based#16	1
http://www.intelligence.tuc.gr/~batsakis/Interval-based#29 http://www.intelligence.tuc.gr/~batsakis/Interval-based#di http://www.intelligence.tuc.gr/~batsakis/Interval-based#17	1
http://www.intelligence.tuc.gr/~batsakis/Interval-based#29 http://www.intelligence.tuc.gr/~batsakis/Interval-based#b http://www.intelligence.tuc.gr/~batsakis/Interval-based#18	1
http://www.intelligence.tuc.gr/~batsakis/Interval-based#29 http://www.intelligence.tuc.gr/~batsakis/Interval-based#di http://www.intelligence.tuc.gr/~batsakis/Interval-based#19	1
http://www.intelligence.tuc.gr/~batsakis/Interval-based#29 http://www.intelligence.tuc.gr/~batsakis/Interval-based#b http://www.intelligence.tuc.gr/~batsakis/Interval-based#20	1
http://www.intelligence.tuc.gr/~batsakis/Interval-based#29 http://www.intelligence.tuc.gr/~batsakis/Interval-based#ov http://www.intelligence.tuc.gr/~batsakis/Interval-based#21	1
http://www.intelligence.tuc.gr/~batsakis/Interval-based#29 http://www.intelligence.tuc.gr/~batsakis/Interval-based#ov http://www.intelligence.tuc.gr/~batsakis/Interval-based#22	1
http://www.intelligence.tuc.gr/~batsakis/Interval-based#29 http://www.intelligence.tuc.gr/~batsakis/Interval-based#b_ov_m http://www.intelligence.tuc.gr/~batsakis/Interval-based#23	1
http://www.intelligence.tuc.gr/~batsakis/Interval-based#29 http://www.intelligence.tuc.gr/~batsakis/Interval-based#ov http://www.intelligence.tuc.gr/~batsakis/Interval-based#24	1
http://www.intelligence.tuc.gr/~batsakis/Interval-based#29 http://www.intelligence.tuc.gr/~batsakis/Interval-based#ov http://www.intelligence.tuc.gr/~batsakis/Interval-based#25	1
http://www.intelligence.tuc.gr/~batsakis/Interval-based#29 http://www.intelligence.tuc.gr/~batsakis/Interval-based#di http://www.intelligence.tuc.gr/~batsakis/Interval-based#26	1
http://www.intelligence.tuc.gr/~batsakis/Interval-based#29 http://www.intelligence.tuc.gr/~batsakis/Interval-based#ov http://www.intelligence.tuc.gr/~batsakis/Interval-based#27	1
http://www.intelligence.tuc.gr/~batsakis/Interval-based#29 http://www.intelligence.tuc.gr/~batsakis/Interval-based#ov http://www.intelligence.tuc.gr/~batsakis/Interval-based#28	1
http://www.intelligence.tuc.gr/~batsakis/Interval-based#29 http://www.intelligence.tuc.gr/~batsakis/Interval-based#d_di_ov_oi_s_si_f_fi_eq http://www.intelligence.tuc.gr/~batsakis/Interval-based#30	1
http://www.intelligence.tuc.gr/~batsakis/Interval-based#29 http://www.intelligence.tuc.gr/~batsakis/Interval-based#ov http://www.intelligence.tuc.gr/~batsakis/Interval-based#31	1
http://www.intelligence.tuc.gr/~batsakis/Interval-based#29 http://www.intelligence.tuc.gr/~batsakis/Interval-based#ov http://www.intelligence.tuc.gr/~batsakis/Interval-based#32	1
http://www.intelligence.tuc.gr/~batsakis/Interval-based#29 http://www.intelligence.tuc.gr/~batsakis/Interval-based#b http://www.intelligence.tuc.gr/~batsakis/Interval-based#33	1
http://www.intelligence.tuc.gr/~batsakis/Interval-based#29 http://www.intelligence.tuc.gr/~batsakis/Interval-based#di http://www.intelligence.tuc.gr/~batsakis/Interval-based#34	1
http://www.intelligence.tuc.gr/~batsakis/Interval-based#29 http://www.intelligence.tuc.gr/~batsakis/Interval-based#ov http://www.intelligence.tuc.gr/~batsakis/Interval-based#35	1
http://www.intelligence.tuc.gr/~batsakis/Interval-based#29 http://www.intelligence.tuc.gr/~batsakis/Interval-based#ov http://www.intelligence.tuc.gr/~batsakis/Interval-based#36	1
http://www.intelligence.tuc.gr/~batsakis/Interval-based#29 http://www.intelligence.tuc.gr/~batsakis/Interval-based#di http://www.intelligence.tuc.gr/~batsakis/Interval-based#37	1
http://www.intelligence.tuc.gr/~batsakis/Interval-based#29 http://www.intelligence.tuc.gr/~batsakis/Interval-based#s http://www.intelligence.tuc.gr/~batsakis/Interval-based#38	1
http://www.intelligence.tuc.gr/~batsakis/Interval-based#29 http://www.intelligence.tuc.gr/~batsakis/Interval-based#ov http://www.intelligence.tuc.gr/~batsakis/Interval-based#39	1
http://www.intelligence.tuc.gr/~batsakis/Interval-based#29 http://www.intelligence.tuc.gr/~batsakis/Interval-based#di http://www.intelligence.tuc.gr/~batsakis/Interval-based#40	1
http://www.intelligence.tuc.gr/~batsakis/Interval-based#29 http://www.intelligence.tuc.gr/~batsakis/Interval-based#di http://www.intelligence.tuc.gr/~batsakis/Interval-based#41	1
http://www.intelligence.tuc.gr/~batsakis/Interval-based#29 http://www.intelligence.tuc.gr/~batsakis/Interval-based#b_ov_m http://www.intelligence.tuc.gr/~batsakis/Interval-based#42	1
http://www.intelligence.tuc.gr/~batsakis/Interval-based#29 http://www.intelligence.tuc.gr/~batsakis/Interval-based#di_ov_fi http://www.intelligence.tuc.gr/~batsakis/Interval-based#43	1
http://www.intelligence.tuc.gr/~batsakis/Interval-based#29 http://www.intelligence.tuc.gr/~batsakis/Interval-based#di http://www.intelligence.tuc.gr/~batsakis/Interval-based#44	1
http://www.intelligence.tuc.gr/~batsakis/Interval-based#29 http://www.intelligence.tuc.gr/~batsakis/Interval-based#di http://www.intelligence.tuc.gr/~batsakis/Interval-based#45	1
http://www.intelligence.tuc.gr/~batsakis/Interval-based#29 http://www.intelligence.tuc.gr/~batsakis/Interval-based#di_oi_si http://www.intelligence.tuc.gr/~batsakis/Interval-based#46	1
http://www.intelligence.tuc.gr/~batsakis/Interval-based#29 http://www.intelligence.tuc.gr/~batsakis/Interval-based#di http://www.intelligence.tuc.gr/~batsakis/Interval-based#47	1
http://www.intelligence.tuc.gr/~batsakis/Interval-based#29 http://www.intelligence.tuc.gr/~batsakis/Interval-based#b_ov_m http://www.intelligence.tuc.gr/~batsakis/Interval-based#48	1
http://www.intelligence.tuc.gr/~batsakis/Interval-based#29 http://www.intelligence.tuc.gr/~batsakis/Interval-based#b http://www.intelligence.tuc.gr/~batsakis/Interval-based#49	1
http://www.intelligence.tuc.gr/~batsakis/Interval-based#29 http://www.intelligence.tuc.gr/~batsakis/Interval-based#b http://www.intelligence.tuc.gr/~batsakis/Interval-based#50	1
http://www.intelligence.tuc.gr/~batsakis/Interval-based#29 http://www.intelligence.tuc.gr/~batsakis/Interval-based#di http://www.intelligence.tuc.gr/~batsakis/Interval-based#51	1
http://www.intelligence.tuc.gr/~batsakis/Interval-based#29 http://www.intelligence.tuc.gr/~batsakis/Interval-based#fi http://www.intelligence.tuc.gr/~batsakis/Interval-based#52	1
http://www.intelligence.tuc.gr/~batsakis/Interval-based#29 http://www.intelligence.tuc.gr/~batsakis/Interval-based#ov http://www.intelligence.tuc.gr/~batsakis/Interval-based#53	1
http://www.intelligence.tuc.gr/~batsakis/Interval-based#29 http://www.intelligence.tuc.gr/~batsakis/Interval-based#b_ov_m http://www.intelligence.tuc.gr/~batsakis/Interval-based#54	1
http://www.intelligence.tuc.gr/~batsakis/Interval-based#29 http://www.intelligence.tuc.gr/~batsakis/Interval-based#di http://www.intelligence.tuc.gr/~batsakis/Interval-based#55	1
http://www.intelligence.tuc.gr/~batsakis/Interval-based#29 http://www.intelligence.tuc.gr/~batsakis/Interval-based#di http://www.intelligence.tuc.gr/~batsakis/Interval-based#56	1
http://www.intelligence.tuc.gr/~batsakis/Interval-based#29 http://www.intelligence.tuc.gr/~batsakis/Interval-based#di http://www.intelligence.tuc.gr/~batsakis/Interval-based#57	1
http://www.intelligence.tuc.gr/~batsakis/Interval-based#29 http://www.intelligence.tuc.gr/~batsakis/Interval-based#eq http://www.intelligence.tuc.gr/~batsakis/Interval-based#58	1
http://www.intelligence.tuc.gr/~batsakis/Interval-based#29 http://www.intelligence.tuc.gr/~batsakis/Interval-based#ov http://www.intelligence.tuc.gr/~batsakis/Interval-based#59	1
http://www.intelligence.tuc.gr/~batsakis/Interval-based#29 http://www.intelligence.tuc.gr/~batsakis/Interval-based#di_ov_fi http://www.intelligence.tuc.gr/~batsakis/Interval-based#60	1
http://www.intelligence.tuc.gr/~batsakis/Interval-based#29 http://www.intelligence.tuc.gr/~batsakis/Interval-based#b_ov_m http://www.intelligence.tuc.gr/~batsakis/Interval-based#61	1
http://www.intelligence.tuc.gr/~batsakis/Interval-based#29 http://www.intelligence.tuc.gr/~batsakis/Interval-based#ov http://www.intelligence.tuc.gr/~batsakis/Interval-based#62	1
http://www.intelligence.tuc.gr/~batsakis/Interval-based#29 http://www.intelligence.tuc.gr/~batsakis/Interval-based#ov http://www.intelligence.tuc.gr/~batsakis/Interval-based#63	1
http://www.intelligence.tuc.gr/~batsakis/Interval-based#30 http://www.intelligence.tuc.gr/~batsakis/Interval-based#ov http://www.intelligence.tuc.gr/~batsakis/Interval-based#0	1
http://www.intelligence.tuc.gr/~batsakis/Interval-based#30 http://www.intelligence.tuc.gr/~batsakis/Interval-based#d_di_ov_oi_s_si_f_fi_eq http://www.intelligence.tuc.gr/~batsakis/Interval-based#1	1
http://www.intelligence.tuc.gr/~batsakis/Interval-based#30 http://www.intelligence.tuc.gr/~batsakis/Interval-based#b_ov_m http://www.intelligence.tuc.gr/~batsakis/Interval-based#2	1
http://www.intelligence.tuc.gr/~batsakis/Interval-based#30 http://www.intelligence.tuc.gr/~batsakis/Interval-based#d_di_ov_oi_s_si_f_fi_eq http://www.intelligence.tuc.gr/~batsakis/Interval-based#3	1
http://www.intelligence.tuc.gr/~batsakis/Interval-based#30 http://www.intelligence.tuc.gr/~batsakis/Interval-based#b_ov_m http://www.intelligence.tuc.gr/~batsakis/Interval-based#4	1
http://www.intelligence.tuc.gr/~batsakis/Interval-based#30 http://www.intelligence.tuc.gr/~batsakis/Interval-based#di_oi_si http://www.intelligence.tuc.gr/~batsakis/Interval-based#5	1
http://www.intelligence.tuc.gr/~batsakis/Interval-based#30 http://www.intelligence.tuc.gr/~batsakis/Interval-based#b_ov_m http://www.intelligence.tuc.gr/~batsakis/Interval-based#6	1
http://www.intelligence.tuc.gr/~batsakis/Interval-based#30 http://www.intelligence.tuc.gr/~batsakis/Interval-based#d_ov_s http://www.intelligence.tuc.gr/~batsakis/Interval-based#7	1
http://www.intelligence.tuc.gr/~batsakis/Interval-based#30 http://www.intelligence.tuc.gr/~batsakis/Interval-based#di_ov_fi http://www.intelligence.tuc.gr/~batsakis/Interval-based#8	1
http://www.intelligence.tuc.gr/~batsakis/Interval-based#30 http://www.intelligence.tuc.gr/~batsakis/Interval-based#di_ov_fi http://www.intelligence.tuc.gr/~batsakis/Interval-based#9	1
http://www.intelligence.tuc.gr/~batsakis/Interval-based#30 http://www.intelligence.tuc.gr/~batsakis/Interval-based#di_ov_fi http://www.intelligence.tuc.gr/~batsakis/Interval-based#10	1
http://www.intelligence.tuc.gr/~batsakis/Interval-based#30 http://www.intelligence.tuc.gr/~batsakis/Interval-based#di_oi_si http://www.intelligence.tuc.gr/~batsakis/Interval-based#11	1
http://www.intelligence.tuc.gr/~batsakis/Interval-based#30 http://www.intelligence.tuc.gr/~batsakis/Interval-based#d_di_ov_oi_s_si_f_fi_eq http://www.intelligence.tuc.gr/~batsakis/Interval-based#12	1
http://www.intelligence.tuc.gr/~batsakis/Interval-based#30 http://www.intelligence.tuc.gr/~batsakis/Interval-based#b_ov_m http://www.intelligence.tuc.gr/~batsakis/Interval-based#13	1
http://www.intelligence.tuc.gr/~batsakis/Interval-based#30 http://www.intelligence.tuc.gr/~batsakis/Interval-based#di_ov_fi http://www.intelligence.tuc.gr/~batsakis/Interval-based#14	1
http://www.intelligence.tuc.gr/~batsakis/Interval-based#30 http://www.intelligence.tuc.gr/~batsakis/Interval-based#d_di_ov_oi_s_si_f_fi_eq http://www.intelligence.tuc.gr/~batsakis/Interval-based#15	1
http://www.intelligence.tuc.gr/~batsakis/Interval-based#30 http://www.intelligence.tuc.gr/~batsakis/Interval-based#di_oi_si http://www.intelligence.tuc.gr/~batsakis/Interval-based#16	1
http://www.intelligence.tuc.gr/~batsakis/Interval-based#30 http://www.intelligence.tuc.gr/~batsakis/Interval-based#di_ov_fi http://www.intelligence.tuc.gr/~batsakis/Interval-based#17	1
http://www.intelligence.tuc.gr/~batsakis/Interval-based#30 http://www.intelligence.tuc.gr/~batsakis/Interval-based#b_di_ov_m_fi http://www.intelligence.tuc.gr/~batsakis/Interval-based#18	1
http://www.intelligence.tuc.gr/~batsakis/Interval-based#30 http://www.intelligence.tuc.gr/~batsakis/Interval-based#di_ov_fi http://www.intelligence.tuc.gr/~batsakis/Interval-based#19	1
http://www.intelligence.tuc.gr/~batsakis/Interval-based#30 http://www.intelligence.tuc.gr/~batsakis/Interval-based#b_ov_m http://www.intelligence.tuc.gr/~batsakis/Interval-based#20	1
http://www.intelligence.tuc.gr/~batsakis/Interval-based#30 http://www.intelligence.tuc.gr/~batsakis/Interval-based#d_di_ov_oi_s_si_f_fi_eq http://www.intelligence.tuc.gr/~batsakis/Interval-based#21	1
http://www.intelligence.tuc.gr/~batsakis/Interval-based#30 http://www.intelligence.tuc.gr/~batsakis/Interval-based#b_ov_m http://www.intelligence.tuc.gr/~batsakis/Interval-based#22	1
http://www.intelligence.tuc.gr/~batsakis/Interval-based#30 http://www.intelligence.tuc.gr/~batsakis/Interval-based#b_ov_m http://www.intelligence.tuc.gr/~batsakis/Interval-based#23	1
http://www.intelligence.tuc.gr/~batsakis/Interval-based#30 http://www.intelligence.tuc.gr/~batsakis/Interval-based#di_ov_fi http://www.intelligence.tuc.gr/~batsakis/Interval-based#24	1
http://www.intelligence.tuc.gr/~batsakis/Interval-based#30 http://www.intelligence.tuc.gr/~batsakis/Interval-based#di_ov_fi http://www.intelligence.tuc.gr/~batsakis/Interval-based#25	1
http://www.intelligence.tuc.gr/~batsakis/Interval-based#30 http://www.intelligence.tuc.gr/~batsakis/Interval-based#di_oi_si http://www.intelligence.tuc.gr/~batsakis/Interval-based#26	1
http://www.intelligence.tuc.gr/~batsakis/Interval-based#30 http://www.intelligence.tuc.gr/~batsakis/Interval-based#d_ov_s http://www.intelligence.tuc.gr/~batsakis/Interval-based#27	1
http://www.intelligence.tuc.gr/~batsakis/Interval-based#30 http://www.intelligence.tuc.gr/~batsakis/Interval-based#b_ov_m http://www.intelligence.tuc.gr/~batsakis/Interval-based#28	1
http://www.intelligence.tuc.gr/~batsakis/Interval-based#30 http://www.intelligence.tuc.gr/~batsakis/Interval-based#d_di_ov_oi_s_si_f_fi_eq http://www.intelligence.tuc.gr/~batsakis/Interval-based#29	1
http://www.intelligence.tuc.gr/~batsakis/Interval-based#30 http://www.intelligence.tuc.gr/~batsakis/Interval-based#d_di_ov_oi_s_si_f_fi_eq http://www.intelligence.tuc.gr/~batsakis/Interval-based#31	1
http://www.intelligence.tuc.gr/~batsakis/Interval-based#30 http://www.intelligence.tuc.gr/~batsakis/Interval-based#ov http://www.intelligence.tuc.gr/~batsakis/Interval-based#32	1
http://www.intelligence.tuc.gr/~batsakis/Interval-based#30 http://www.intelligence.tuc.gr/~batsakis/Interval-based#b http://www.intelligence.tuc.gr/~batsakis/Interval-based#33	1
http://www.intelligence.tuc.gr/~batsakis/Interval-based#30 http://www.intelligence.tuc.gr/~batsakis/Interval-based#d_di_ov_oi_s_si_f_fi_eq http://www.intelligence.tuc.gr/~batsakis/Interval-based#34	1
http://www.intelligence.tuc.gr/~batsakis/Interval-based#30 http://www.intelligence.tuc.gr/~batsakis/Interval-based#di_ov_fi http://www.intelligence.tuc.gr/~batsakis/Interval-based#35	1
http://www.intelligence.tuc.gr/~batsakis/Interval-based#30 http://www.intelligence.tuc.gr/~batsakis/Interval-based#di_ov_fi http://www.intelligence.tuc.gr/~batsakis/Interval-based#36	1
http://www.intelligence.tuc.gr/~batsakis/Interval-based#30 http://www.intelligence.tuc.gr/~batsakis/Interval-based#di_ov_fi http://www.intelligence.tuc.gr/~batsakis/Interval-based#37	1
http://www.intelligence.tuc.gr/~batsakis/Interval-based#30 http://www.intelligence.tuc.gr/~batsakis/Interval-based#d_ov_s http://www.intelligence.tuc.gr/~batsakis/Interval-based#38	1
http://www.intelligence.tuc.gr/~batsakis/Interval-based#30 http://www.intelligence.tuc.gr/~batsakis/Interval-based#b_ov_m http://www.intelligence.tuc.gr/~batsakis/Interval-based#39	1
http://www.intelligence.tuc.gr/~batsakis/Interval-based#30 http://www.intelligence.tuc.gr/~batsakis/Interval-based#di_oi_si http://www.intelligence.tuc.gr/~batsakis/Interval-based#40	1
http://www.intelligence.tuc.gr/~batsakis/Interval-based#30 http://www.intelligence.tuc.gr/~batsakis/Interval-based#di http://www.intelligence.tuc.gr/~batsakis/Interval-based#41	1
http://www.intelligence.tuc.gr/~batsakis/Interval-based#30 http://www.intelligence.tuc.gr/~batsakis/Interval-based#b_ov_m http://www.intelligence.tuc.gr/~batsakis/Interval-based#42	1
http://www.intelligence.tuc.gr/~batsakis/Interval-based#30 http://www.intelligence.tuc.gr/~batsakis/Interval-based#d_di_ov_oi_s_si_f_fi_eq http://www.intelligence.tuc.gr/~batsakis/Interval-based#43	1
http://www.intelligence.tuc.gr/~batsakis/Interval-based#30 http://www.intelligence.tuc.gr/~batsakis/Interval-based#di http://www.intelligence.tuc.gr/~batsakis/Interval-based#44	1
http://www.intelligence.tuc.gr/~batsakis/Interval-based#30 http://www.intelligence.tuc.gr/~batsakis/Interval-based#di http://www.intelligence.tuc.gr/~batsakis/Interval-based#45	1
http://www.intelligence.tuc.gr/~batsakis/Interval-based#30 http://www.intelligence.tuc.gr/~batsakis/Interval-based#d_di_ov_oi_s_si_f_fi_eq http://www.intelligence.tuc.gr/~batsakis/Interval-based#46	1
http://www.intelligence.tuc.gr/~batsakis/Interval-based#30 http://www.intelligence.tuc.gr/~batsakis/Interval-based#di_ov_fi http://www.intelligence.tuc.gr/~batsakis/Interval-based#47	1
http://www.intelligence.tuc.gr/~batsakis/Interval-based#30 http://www.intelligence.tuc.gr/~batsakis/Interval-based#b_di_ov_m_fi http://www.intelligence.tuc.gr/~batsakis/Interval-based#48	1
http://www.intelligence.tuc.gr/~batsakis/Interval-based#30 http://www.intelligence.tuc.gr/~batsakis/Interval-based#b_ov_m http://www.intelligence.tuc.gr/~batsakis/Interval-based#49	1
http://www.intelligence.tuc.gr/~batsakis/Interval-based#30 http://www.intelligence.tuc.gr/~batsakis/Interval-based#b_di_ov_m_fi http://www.intelligence.tuc.gr/~batsakis/Interval-based#50	1
http://www.intelligence.tuc.gr/~batsakis/Interval-based#30 http://www.intelligence.tuc.gr/~batsakis/Interval-based#di_oi_si http://www.intelligence.tuc.gr/~batsakis/Interval-based#51	1
http://www.intelligence.tuc.gr/~batsakis/Interval-based#30 http://www.intelligence.tuc.gr/~batsakis/Interval-based#di_ov_fi http://www.intelligence.tuc.gr/~batsakis/Interval-based#52	1
http://www.intelligence.tuc.gr/~batsakis/Interval-based#30 http://www.intelligence.tuc.gr/~batsakis/Interval-based#di_ov_fi http://www.intelligence.tuc.gr/~batsakis/Interval-based#53	1
http://www.intelligence.tuc.gr/~batsakis/Interval-based#30 http://www.intelligence.tuc.gr/~batsakis/Interval-based#b_ov_m http://www.intelligence.tuc.gr/~batsakis/Interval-based#54	1
http://www.intelligence.tuc.gr/~batsakis/Interval-based#30 http://www.intelligence.tuc.gr/~batsakis/Interval-based#di_ov_fi http://www.intelligence.tuc.gr/~batsakis/Interval-based#55	1
http://www.intelligence.tuc.gr/~batsakis/Interval-based#30 http://www.intelligence.tuc.gr/~batsakis/Interval-based#di_oi_si http://www.intelligence.tuc.gr/~batsakis/Interval-based#56	1
http://www.intelligence.tuc.gr/~batsakis/Interval-based#30 http://www.intelligence.tuc.gr/~batsakis/Interval-based#d_di_ov_oi_s_si_f_fi_eq http://www.intelligence.tuc.gr/~batsakis/Interval-based#57	1
http://www.intelligence.tuc.gr/~batsakis/Interval-based#30 http://www.intelligence.tuc.gr/~batsakis/Interval-based#d_di_ov_oi_s_si_f_fi_eq http://www.intelligence.tuc.gr/~batsakis/Interval-based#58	1
http://www.intelligence.tuc.gr/~batsakis/Interval-based#30 http://www.intelligence.tuc.gr/~batsakis/Interval-based#b_ov_m http://www.intelligence.tuc.gr/~batsakis/Interval-based#59	1
http://www.intelligence.tuc.gr/~batsakis/Interval-based#30 http://www.intelligence.tuc.gr/~batsakis/Interval-based#d_di_ov_oi_s_si_f_fi_eq http://www.intelligence.tuc.gr/~batsakis/Interval-based#60	1
http://www.intelligence.tuc.gr/~batsakis/Interval-based#30 http://www.intelligence.tuc.gr/~batsakis/Interval-based#b_ov_m http://www.intelligence.tuc.gr/~batsakis/Interval-based#61	1
http://www.intelligence.tuc.gr/~batsakis/Interval-based#30 http://www.intelligence.tuc.gr/~batsakis/Interval-based#d_ov_s http://www.intelligence.tuc.gr/~batsakis/Interval-based#62	1
http://www.intelligence.tuc.gr/~batsakis/Interval-based#30 http://www.intelligence.tuc.gr/~batsakis/Interval-based#ov http://www.intelligence.tuc.gr/~batsakis/Interval-based#63	1
http://www.intelligence.tuc.gr/~batsakis/Interval-based#31 http://www.intelligence.tuc.gr/~batsakis/Interval-based#ov http://www.intelligence.tuc.gr/~batsakis/Interval-based#0	1
http://www.intelligence.tuc.gr/~batsakis/Interval-based#31 http://www.intelligence.tuc.gr/~batsakis/Interval-based#d http://www.intelligence.tuc.gr/~batsakis/Interval-based#1	1
http://www.intelligence.tuc.gr/~batsakis/Interval-based#31 http://www.intelligence.tuc.gr/~batsakis/Interval-based#ov http://www.intelligence.tuc.gr/~batsakis/Interval-based#2	1
http://www.intelligence.tuc.gr/~batsakis/Interval-based#31 http://www.intelligence.tuc.gr/~batsakis/Interval-based#di_oi_si http://www.intelligence.tuc.gr/~batsakis/Interval-based#3	1
http://www.intelligence.tuc.gr/~batsakis/Interval-based#31 http://www.intelligence.tuc.gr/~batsakis/Interval-based#m http://www.intelligence.tuc.gr/~batsakis/Interval-based#4	1
http://www.intelligence.tuc.gr/~batsakis/Interval-based#31 http://www.intelligence.tuc.gr/~batsakis/Interval-based#a_oi_mi http://www.intelligence.tuc.gr/~batsakis/Interval-based#5	1
http://www.intelligence.tuc.gr/~batsakis/Interval-based#31 http://www.intelligence.tuc.gr/~batsakis/Interval-based#ov http://www.intelligence.tuc.gr/~batsakis/Interval-based#6	1
http://www.intelligence.tuc.gr/~batsakis/Interval-based#31 http://www.intelligence.tuc.gr/~batsakis/Interval-based#d http://www.intelligence.tuc.gr/~batsakis/Interval-based#7	1
http://www.intelligence.tuc.gr/~batsakis/Interval-based#31 http://www.intelligence.tuc.gr/~batsakis/Interval-based#di http://www.intelligence.tuc.gr/~batsakis/Interval-based#8	1
http://www.intelligence.tuc.gr/~batsakis/Interval-based#31 http://www.intelligence.tuc.gr/~batsakis/Interval-based#fi http://www.intelligence.tuc.gr/~batsakis/Interval-based#9	1
http://www.intelligence.tuc.gr/~batsakis/Interval-based#31 http://www.intelligence.tuc.gr/~batsakis/Interval-based#di_oi_si http://www.intelligence.tuc.gr/~batsakis/Interval-based#10	1
http://www.intelligence.tuc.gr/~batsakis/Interval-based#31 http://www.intelligence.tuc.gr/~batsakis/Interval-based#di_oi_si http://www.intelligence.tuc.gr/~batsakis/Interval-based#11	1
http://www.intelligence.tuc.gr/~batsakis/Interval-based#31 http://www.intelligence.tuc.gr/~batsakis/Interval-based#oi http://www.intelligence.tuc.gr/~batsakis/Interval-based#12	1
http://www.intelligence.tuc.gr/~batsakis/Interval-based#31 http://www.intelligence.tuc.gr/~batsakis/Interval-based#ov http://www.intelligence.tuc.gr/~batsakis/Interval-based#13	1
http://www.intelligence.tuc.gr/~batsakis/Interval-based#31 http://www.intelligence.tuc.gr/~batsakis/Interval-based#di_oi_si http://www.intelligence.tuc.gr/~batsakis/Interval-based#14	1
http://www.intelligence.tuc.gr/~batsakis/Interval-based#31 http://www.intelligence.tuc.gr/~batsakis/Interval-based#oi http://www.intelligence.tuc.gr/~batsakis/Interval-based#15	1
http://www.intelligence.tuc.gr/~batsakis/Interval-based#31 http://www.intelligence.tuc.gr/~batsakis/Interval-based#a_oi_mi http://www.intelligence.tuc.gr/~batsakis/Interval-based#16	1
http://www.intelligence.tuc.gr/~batsakis/Interval-based#31 http://www.intelligence.tuc.gr/~batsakis/Interval-based#di_oi_si http://www.intelligence.tuc.gr/~batsakis/Interval-based#17	1
http://www.intelligence.tuc.gr/~batsakis/Interval-based#31 http://www.intelligence.tuc.gr/~batsakis/Interval-based#b http://www.intelligence.tuc.gr/~batsakis/Interval-based#18	1
http://www.intelligence.tuc.gr/~batsakis/Interval-based#31 http://www.intelligence.tuc.gr/~batsakis/Interval-based#di http://www.intelligence.tuc.gr/~batsakis/Interval-based#19	1
http://www.intelligence.tuc.gr/~batsakis/Interval-based#31 http://www.intelligence.tuc.gr/~batsakis/Interval-based#b http://www.intelligence.tuc.gr/~batsakis/Interval-based#20	1
http://www.intelligence.tuc.gr/~batsakis/Interval-based#31 http://www.intelligence.tuc.gr/~batsakis/Interval-based#f http://www.intelligence.tuc.gr/~batsakis/Interval-based#21	1
http://www.intelligence.tuc.gr/~batsakis/Interval-based#31 http://www.intelligence.tuc.gr/~batsakis/Interval-based#ov http://www.intelligence.tuc.gr/~batsakis/Interval-based#22	1
http://www.intelligence.tuc.gr/~batsakis/Interval-based#31 http://www.intelligence.tuc.gr/~batsakis/Interval-based#ov http://www.intelligence.tuc.gr/~batsakis/Interval-based#23	1
http://www.intelligence.tuc.gr/~batsakis/Interval-based#31 http://www.intelligence.tuc.gr/~batsakis/Interval-based#d_ov_s http://www.intelligence.tuc.gr/~batsakis/Interval-based#24	1
http://www.intelligence.tuc.gr/~batsakis/Interval-based#31 http://www.intelligence.tuc.gr/~batsakis/Interval-based#d_ov_s http://www.intelligence.tuc.gr/~batsakis/Interval-based#25	1
http://www.intelligence.tuc.gr/~batsakis/Interval-based#31 http://www.intelligence.tuc.gr/~batsakis/Interval-based#a_di_oi_mi_si http://www.intelligence.tuc.gr/~batsakis/Interval-based#26	1
http://www.intelligence.tuc.gr/~batsakis/Interval-based#31 http://www.intelligence.tuc.gr/~batsakis/Interval-based#d_ov_s http://www.intelligence.tuc.gr/~batsakis/Interval-based#27	1
http://www.intelligence.tuc.gr/~batsakis/Interval-based#31 http://www.intelligence.tuc.gr/~batsakis/Interval-based#ov http://www.intelligence.tuc.gr/~batsakis/Interval-based#28	1
http://www.intelligence.tuc.gr/~batsakis/Interval-based#31 http://www.intelligence.tuc.gr/~batsakis/Interval-based#oi http://www.intelligence.tuc.gr/~batsakis/Interval-based#29	1
http://www.intelligence.tuc.gr/~batsakis/Interval-based#31 http://www.intelligence.tuc.gr/~batsakis/Interval-based#d_di_ov_oi_s_si_f_fi_eq http://www.intelligence.tuc.gr/~batsakis/Interval-based#30	1
http://www.intelligence.tuc.gr/~batsakis/Interval-based#31 http://www.intelligence.tuc.gr/~batsakis/Interval-based#d_ov_s http://www.intelligence.tuc.gr/~batsakis/Interval-based#32	1
http://www.intelligence.tuc.gr/~batsakis/Interval-based#31 http://www.intelligence.tuc.gr/~batsakis/Interval-based#b http://www.intelligence.tuc.gr/~batsakis/Interval-based#33	1
http://www.intelligence.tuc.gr/~batsakis/Interval-based#31 http://www.intelligence.tuc.gr/~batsakis/Interval-based#oi http://www.intelligence.tuc.gr/~batsakis/Interval-based#34	1
http://www.intelligence.tuc.gr/~batsakis/Interval-based#31 http://www.intelligence.tuc.gr/~batsakis/Interval-based#ov http://www.intelligence.tuc.gr/~batsakis/Interval-based#35	1
http://www.intelligence.tuc.gr/~batsakis/Interval-based#31 http://www.intelligence.tuc.gr/~batsakis/Interval-based#f_fi_eq http://www.intelligence.tuc.gr/~batsakis/Interval-based#36	1
http://www.intelligence.tuc.gr/~batsakis/Interval-based#31 http://www.intelligence.tuc.gr/~batsakis/Interval-based#di_oi_si http://www.intelligence.tuc.gr/~batsakis/Interval-based#37	1
http://www.intelligence.tuc.gr/~batsakis/Interval-based#31 http://www.intelligence.tuc.gr/~batsakis/Interval-based#d http://www.intelligence.tuc.gr/~batsakis/Interval-based#38	1
http://www.intelligence.tuc.gr/~batsakis/Interval-based#31 http://www.intelligence.tuc.gr/~batsakis/Interval-based#ov http://www.intelligence.tuc.gr/~batsakis/Interval-based#39	1
http://www.intelligence.tuc.gr/~batsakis/Interval-based#31 http://www.intelligence.tuc.gr/~batsakis/Interval-based#di_oi_si http://www.intelligence.tuc.gr/~batsakis/Interval-based#40	1
http://www.intelligence.tuc.gr/~batsakis/Interval-based#31 http://www.intelligence.tuc.gr/~batsakis/Interval-based#a_di_oi_mi_si http://www.intelligence.tuc.gr/~batsakis/Interval-based#41	1
http://www.intelligence.tuc.gr/~batsakis/Interval-based#31 http://www.intelligence.tuc.gr/~batsakis/Interval-based#ov http://www.intelligence.tuc.gr/~batsakis/Interval-based#42	1
http://www.intelligence.tuc.gr/~batsakis/Interval-based#31 http://www.intelligence.tuc.gr/~batsakis/Interval-based#d_oi_f http://www.intelligence.tuc.gr/~batsakis/Interval-based#43	1
http://www.intelligence.tuc.gr/~batsakis/Interval-based#31 http://www.intelligence.tuc.gr/~batsakis/Interval-based#di http://www.intelligence.tuc.gr/~batsakis/Interval-based#44	1
http://www.intelligence.tuc.gr/~batsakis/Interval-based#31 http://www.intelligence.tuc.gr/~batsakis/Interval-based#di_oi_si http://www.intelligence.tuc.gr/~batsakis/Interval-based#45	1
http://www.intelligence.tuc.gr/~batsakis/Interval-based#31 http://www.intelligence.tuc.gr/~batsakis/Interval-based#oi http://www.intelligence.tuc.gr/~batsakis/Interval-based#46	1
http://www.intelligence.tuc.gr/~batsakis/Interval-based#31 http://www.intelligence.tuc.gr/~batsakis/Interval-based#di http://www.intelligence.tuc.gr/~batsakis/Interval-based#47	1
http://www.intelligence.tuc.gr/~batsakis/Interval-based#31 http://www.intelligence.tuc.gr/~batsakis/Interval-based#di http://www.intelligence.tuc.gr/~batsakis/Interval-based#48	1
http://www.intelligence.tuc.gr/~batsakis/Interval-based#31 http://www.intelligence.tuc.gr/~batsakis/Interval-based#b_ov_m http://www.intelligence.tuc.gr/~batsakis/Interval-based#49	1
http://www.intelligence.tuc.gr/~batsakis/Interval-based#31 http://www.intelligence.tuc.gr/~batsakis/Interval-based#b http://www.intelligence.tuc.gr/~batsakis/Interval-based#50	1
http://www.intelligence.tuc.gr/~batsakis/Interval-based#31 http://www.intelligence.tuc.gr/~batsakis/Interval-based#oi http://www.intelligence.tuc.gr/~batsakis/Interval-based#51	1
http://www.intelligence.tuc.gr/~batsakis/Interval-based#31 http://www.intelligence.tuc.gr/~batsakis/Interval-based#di_oi_si http://www.intelligence.tuc.gr/~batsakis/Interval-based#52	1
http://www.intelligence.tuc.gr/~batsakis/Interval-based#31 http://www.intelligence.tuc.gr/~batsakis/Interval-based#ov http://www.intelligence.tuc.gr/~batsakis/Interval-based#53	1
http://www.intelligence.tuc.gr/~batsakis/Interval-based#31 http://www.intelligence.tuc.gr/~batsakis/Interval-based#ov http://www.intelligence.tuc.gr/~batsakis/Interval-based#54	1
http://www.intelligence.tuc.gr/~batsakis/Interval-based#31 http://www.intelligence.tuc.gr/~batsakis/Interval-based#di_oi_si http://www.intelligence.tuc.gr/~batsakis/Interval-based#55	1
http://www.intelligence.tuc.gr/~batsakis/Interval-based#31 http://www.intelligence.tuc.gr/~batsakis/Interval-based#di_oi_si http://www.intelligence.tuc.gr/~batsakis/Interval-based#56	1
http://www.intelligence.tuc.gr/~batsakis/Interval-based#31 http://www.intelligence.tuc.gr/~batsakis/Interval-based#oi http://www.intelligence.tuc.gr/~batsakis/Interval-based#57	1
http://www.intelligence.tuc.gr/~batsakis/Interval-based#31 http://www.intelligence.tuc.gr/~batsakis/Interval-based#oi http://www.intelligence.tuc.gr/~batsakis/Interval-based#58	1
http://www.intelligence.tuc.gr/~batsakis/Interval-based#31 http://www.intelligence.tuc.gr/~batsakis/Interval-based#ov http://www.intelligence.tuc.gr/~batsakis/Interval-based#59	1
http://www.intelligence.tuc.gr/~batsakis/Interval-based#31 http://www.intelligence.tuc.gr/~batsakis/Interval-based#oi http://www.intelligence.tuc.gr/~batsakis/Interval-based#60	1
http://www.intelligence.tuc.gr/~batsakis/Interval-based#31 http://www.intelligence.tuc.gr/~batsakis/Interval-based#ov http://www.intelligence.tuc.gr/~batsakis/Interval-based#61	1
http://www.intelligence.tuc.gr/~batsakis/Interval-based#31 http://www.intelligence.tuc.gr/~batsakis/Interval-based#d http://www.intelligence.tuc.gr/~batsakis/Interval-based#62	1
http://www.intelligence.tuc.gr/~batsakis/Interval-based#31 http://www.intelligence.tuc.gr/~batsakis/Interval-based#d_ov_s http://www.intelligence.tuc.gr/~batsakis/Interval-based#63	1
http://www.intelligence.tuc.gr/~batsakis/Interval-based#32 http://www.intelligence.tuc.gr/~batsakis/Interval-based#ov http://www.intelligence.tuc.gr/~batsakis/Interval-based#0	1
http://www.intelligence.tuc.gr/~batsakis/Interval-based#32 http://www.intelligence.tuc.gr/~batsakis/Interval-based#oi http://www.intelligence.tuc.gr/~batsakis/Interval-based#1	1
http://www.intelligence.tuc.gr/~batsakis/Interval-based#32 http://www.intelligence.tuc.gr/~batsakis/Interval-based#di http://www.intelligence.tuc.gr/~batsakis/Interval-based#2	1
http://www.intelligence.tuc.gr/~batsakis/Interval-based#32 http://www.intelligence.tuc.gr/~batsakis/Interval-based#oi http://www.intelligence.tuc.gr/~batsakis/Interval-based#3	1
http://www.intelligence.tuc.gr/~batsakis/Interval-based#32 http://www.intelligence.tuc.gr/~batsakis/Interval-based#di http://www.intelligence.tuc.gr/~batsakis/Interval-based#4	1
http://www.intelligence.tuc.gr/~batsakis/Interval-based#32 http://www.intelligence.tuc.gr/~batsakis/Interval-based#mi http://www.intelligence.tuc.gr/~batsakis/Interval-based#5	1
http://www.intelligence.tuc.gr/~batsakis/Interval-based#32 http://www.intelligence.tuc.gr/~batsakis/Interval-based#di_ov_fi http://www.intelligence.tuc.gr/~batsakis/Interval-based#6	1
http://www.intelligence.tuc.gr/~batsakis/Interval-based#32 http://www.intelligence.tuc.gr/~batsakis/Interval-based#oi http://www.intelligence.tuc.gr/~batsakis/Interval-based#7	1
http://www.intelligence.tuc.gr/~batsakis/Interval-based#32 http://www.intelligence.tuc.gr/~batsakis/Interval-based#di http://www.intelligence.tuc.gr/~batsakis/Interval-based#8	1
http://www.intelligence.tuc.gr/~batsakis/Interval-based#32 http://www.intelligence.tuc.gr/~batsakis/Interval-based#di http://www.intelligence.tuc.gr/~batsakis/Interval-based#9	1
http://www.intelligence.tuc.gr/~batsakis/Interval-based#32 http://www.intelligence.tuc.gr/~batsakis/Interval-based#di_oi_si http://www.intelligence.tuc.gr/~batsakis/Interval-based#10	1
http://www.intelligence.tuc.gr/~batsakis/Interval-based#32 http://www.intelligence.tuc.gr/~batsakis/Interval-based#oi http://www.intelligence.tuc.gr/~batsakis/Interval-based#11	1
http://www.intelligence.tuc.gr/~batsakis/Interval-based#32 http://www.intelligence.tuc.gr/~batsakis/Interval-based#oi http://www.intelligence.tuc.gr/~batsakis/Interval-based#12	1
http://www.intelligence.tuc.gr/~batsakis/Interval-based#32 http://www.intelligence.tuc.gr/~batsakis/Interval-based#ov http://www.intelligence.tuc.gr/~batsakis/Interval-based#13	1
http://www.intelligence.tuc.gr/~batsakis/Interval-based#32 http://www.intelligence.tuc.gr/~batsakis/Interval-based#di_oi_si http://www.intelligence.tuc.gr/~batsakis/Interval-based#14	1
http://www.intelligence.tuc.gr/~batsakis/Interval-based#32 http://www.intelligence.tuc.gr/~batsakis/Interval-based#oi http://www.intelligence.tuc.gr/~batsakis/Interval-based#15	1
http://www.intelligence.tuc.gr/~batsakis/Interval-based#32 http://www.intelligence.tuc.gr/~batsakis/Interval-based#a_oi_mi http://www.intelligence.tuc.gr/~batsakis/Interval-based#16	1
http://www.intelligence.tuc.gr/~batsakis/Interval-based#32 http://www.intelligence.tuc.gr/~batsakis/Interval-based#di_oi_si http://www.intelligence.tuc.gr/~batsakis/Interval-based#17	1
http://www.intelligence.tuc.gr/~batsakis/Interval-based#32 http://www.intelligence.tuc.gr/~batsakis/Interval-based#b_di_ov_m_fi http://www.intelligence.tuc.gr/~batsakis/Interval-based#18	1
http://www.intelligence.tuc.gr/~batsakis/Interval-based#32 http://www.intelligence.tuc.gr/~batsakis/Interval-based#di http://www.intelligence.tuc.gr/~batsakis/Interval-based#19	1
http://www.intelligence.tuc.gr/~batsakis/Interval-based#32 http://www.intelligence.tuc.gr/~batsakis/Interval-based#di_ov_fi http://www.intelligence.tuc.gr/~batsakis/Interval-based#20	1
http://www.intelligence.tuc.gr/~batsakis/Interval-based#32 http://www.intelligence.tuc.gr/~batsakis/Interval-based#oi http://www.intelligence.tuc.gr/~batsakis/Interval-based#21	1
http://www.intelligence.tuc.gr/~batsakis/Interval-based#32 http://www.intelligence.tuc.gr/~batsakis/Interval-based#di http://www.intelligence.tuc.gr/~batsakis/Interval-based#22	1
http://www.intelligence.tuc.gr/~batsakis/Interval-based#32 http://www.intelligence.tuc.gr/~batsakis/Interval-based#di_ov_fi http://www.intelligence.tuc.gr/~batsakis/Interval-based#23	1
http://www.intelligence.tuc.gr/~batsakis/Interval-based#32 http://www.intelligence.tuc.gr/~batsakis/Interval-based#di http://www.intelligence.tuc.gr/~batsakis/Interval-based#24	1
http://www.intelligence.tuc.gr/~batsakis/Interval-based#32 http://www.intelligence.tuc.gr/~batsakis/Interval-based#di_oi_si http://www.intelligence.tuc.gr/~batsakis/Interval-based#25	1
http://www.intelligence.tuc.gr/~batsakis/Interval-based#32 http://www.intelligence.tuc.gr/~batsakis/Interval-based#a_oi_mi http://www.intelligence.tuc.gr/~batsakis/Interval-based#26	1
http://www.intelligence.tuc.gr/~batsakis/Interval-based#32 http://www.intelligence.tuc.gr/~batsakis/Interval-based#d_oi_f http://www.intelligence.tuc.gr/~batsakis/Interval-based#27	1
http://www.intelligence.tuc.gr/~batsakis/Interval-based#32 http://www.intelligence.tuc.gr/~batsakis/Interval-based#ov http://www.intelligence.tuc.gr/~batsakis/Interval-based#28	1
http://www.intelligence.tuc.gr/~batsakis/Interval-based#32 http://www.intelligence.tuc.gr/~batsakis/Interval-based#oi http://www.intelligence.tuc.gr/~batsakis/Interval-based#29	1
http://www.intelligence.tuc.gr/~batsakis/Interval-based#32 http://www.intelligence.tuc.gr/~batsakis/Interval-based#oi http://www.intelligence.tuc.gr/~batsakis/Interval-based#30	1
http://www.intelligence.tuc.gr/~batsakis/Interval-based#32 http://www.intelligence.tuc.gr/~batsakis/Interval-based#di_oi_si http://www.intelligence.tuc.gr/~batsakis/Interval-based#31	1
http://www.intelligence.tuc.gr/~batsakis/Interval-based#32 http://www.intelligence.tuc.gr/~batsakis/Interval-based#di_ov_fi http://www.intelligence.tuc.gr/~batsakis/Interval-based#33	1
http://www.intelligence.tuc.gr/~batsakis/Interval-based#32 http://www.intelligence.tuc.gr/~batsakis/Interval-based#oi http://www.intelligence.tuc.gr/~batsakis/Interval-based#34	1
http://www.intelligence.tuc.gr/~batsakis/Interval-based#32 http://www.intelligence.tuc.gr/~batsakis/Interval-based#di http://www.intelligence.tuc.gr/~batsakis/Interval-based#35	1
http://www.intelligence.tuc.gr/~batsakis/Interval-based#32 http://www.intelligence.tuc.gr/~batsakis/Interval-based#oi http://www.intelligence.tuc.gr/~batsakis/Interval-based#36	1
http://www.intelligence.tuc.gr/~batsakis/Interval-based#32 http://www.intelligence.tuc.gr/~batsakis/Interval-based#di_oi_si http://www.intelligence.tuc.gr/~batsakis/Interval-based#37	1
http://www.intelligence.tuc.gr/~batsakis/Interval-based#32 http://www.intelligence.tuc.gr/~batsakis/Interval-based#d_oi_f http://www.intelligence.tuc.gr/~batsakis/Interval-based#38	1
http://www.intelligence.tuc.gr/~batsakis/Interval-based#32 http://www.intelligence.tuc.gr/~batsakis/Interval-based#di http://www.intelligence.tuc.gr/~batsakis/Interval-based#39	1
http://www.intelligence.tuc.gr/~batsakis/Interval-based#32 http://www.intelligence.tuc.gr/~batsakis/Interval-based#oi http://www.intelligence.tuc.gr/~batsakis/Interval-based#40	1
http://www.intelligence.tuc.gr/~batsakis/Interval-based#32 http://www.intelligence.tuc.gr/~batsakis/Interval-based#oi http://www.intelligence.tuc.gr/~batsakis/Interval-based#41	1
http://www.intelligence.tuc.gr/~batsakis/Interval-based#32 http://www.intelligence.tuc.gr/~batsakis/Interval-based#di_ov_fi http://www.intelligence.tuc.gr/~batsakis/Interval-based#42	1
http://www.intelligence.tuc.gr/~batsakis/Interval-based#32 http://www.intelligence.tuc.gr/~batsakis/Interval-based#oi http://www.intelligence.tuc.gr/~batsakis/Interval-based#43	1
http://www.intelligence.tuc.gr/~batsakis/Interval-based#32 http://www.intelligence.tuc.gr/~batsakis/Interval-based#di http://www.intelligence.tuc.gr/~batsakis/Interval-based#44	1
http://www.intelligence.tuc.gr/~batsakis/Interval-based#32 http://www.intelligence.tuc.gr/~batsakis/Interval-based#oi http://www.intelligence.tuc.gr/~batsakis/Interval-based#45	1
http://www.intelligence.tuc.gr/~batsakis/Interval-based#32 http://www.intelligence.tuc.gr/~batsakis/Interval-based#oi http://www.intelligence.tuc.gr/~batsakis/Interval-based#46	1
http://www.intelligence.tuc.gr/~batsakis/Interval-based#32 http://www.intelligence.tuc.gr/~batsakis/Interval-based#di http://www.intelligence.tuc.gr/~batsakis/Interval-based#47	1
http://www.intelligence.tuc.gr/~batsakis/Interval-based#32 http://www.intelligence.tuc.gr/~batsakis/Interval-based#di http://www.intelligence.tuc.gr/~batsakis/Interval-based#48	1
http://www.intelligence.tuc.gr/~batsakis/Interval-based#32 http://www.intelligence.tuc.gr/~batsakis/Interval-based#ov http://www.intelligence.tuc.gr/~batsakis/Interval-based#49	1
http://www.intelligence.tuc.gr/~batsakis/Interval-based#32 http://www.intelligence.tuc.gr/~batsakis/Interval-based#di http://www.intelligence.tuc.gr/~batsakis/Interval-based#50	1
http://www.intelligence.tuc.gr/~batsakis/Interval-based#32 http://www.intelligence.tuc.gr/~batsakis/Interval-based#oi http://www.intelligence.tuc.gr/~batsakis/Interval-based#51	1
http://www.intelligence.tuc.gr/~batsakis/Interval-based#32 http://www.intelligence.tuc.gr/~batsakis/Interval-based#di_oi_si http://www.intelligence.tuc.gr/~batsakis/Interval-based#52	1
http://www.intelligence.tuc.gr/~batsakis/Interval-based#32 http://www.intelligence.tuc.gr/~batsakis/Interval-based#di http://www.intelligence.tuc.gr/~batsakis/Interval-based#53	1
http://www.intelligence.tuc.gr/~batsakis/Interval-based#32 http://www.intelligence.tuc.gr/~batsakis/Interval-based#di http://www.intelligence.tuc.gr/~batsakis/Interval-based#54	1
http://www.intelligence.tuc.gr/~batsakis/Interval-based#32 http://www.intelligence.tuc.gr/~batsakis/Interval-based#oi http://www.intelligence.tuc.gr/~batsakis/Interval-based#55	1
http://www.intelligence.tuc.gr/~batsakis/Interval-based#32 http://www.intelligence.tuc.gr/~batsakis/Interval-based#oi http://www.intelligence.tuc.gr/~batsakis/Interval-based#56	1
http://www.intelligence.tuc.gr/~batsakis/Interval-based#32 http://www.intelligence.tuc.gr/~batsakis/Interval-based#oi http://www.intelligence.tuc.gr/~batsakis/Interval-based#57	1
http://www.intelligence.tuc.gr/~batsakis/Interval-based#32 http://www.intelligence.tuc.gr/~batsakis/Interval-based#oi http://www.intelligence.tuc.gr/~batsakis/Interval-based#58	1
http://www.intelligence.tuc.gr/~batsakis/Interval-based#32 http://www.intelligence.tuc.gr/~batsakis/Interval-based#di http://www.intelligence.tuc.gr/~batsakis/Interval-based#59	1
http://www.intelligence.tuc.gr/~batsakis/Interval-based#32 http://www.intelligence.tuc.gr/~batsakis/Interval-based#oi http://www.intelligence.tuc.gr/~batsakis/Interval-based#60	1
http://www.intelligence.tuc.gr/~batsakis/Interval-based#32 http://www.intelligence.tuc.gr/~batsakis/Interval-based#di_ov_fi http://www.intelligence.tuc.gr/~batsakis/Interval-based#61	1
http://www.intelligence.tuc.gr/~batsakis/Interval-based#32 http://www.intelligence.tuc.gr/~batsakis/Interval-based#d http://www.intelligence.tuc.gr/~batsakis/Interval-based#62	1
http://www.intelligence.tuc.gr/~batsakis/Interval-based#32 http://www.intelligence.tuc.gr/~batsakis/Interval-based#d_ov_s http://www.intelligence.tuc.gr/~batsakis/Interval-based#63	1
http://www.intelligence.tuc.gr/~batsakis/Interval-based#33 http://www.intelligence.tuc.gr/~batsakis/Interval-based#d_oi_f http://www.intelligence.tuc.gr/~batsakis/Interval-based#0	1
http://www.intelligence.tuc.gr/~batsakis/Interval-based#33 http://www.intelligence.tuc.gr/~batsakis/Interval-based#a http://www.intelligence.tuc.gr/~batsakis/Interval-based#1	1
http://www.intelligence.tuc.gr/~batsakis/Interval-based#33 http://www.intelligence.tuc.gr/~batsakis/Interval-based#oi http://www.intelligence.tuc.gr/~batsakis/Interval-based#2	1
http://www.intelligence.tuc.gr/~batsakis/Interval-based#33 http://www.intelligence.tuc.gr/~batsakis/Interval-based#a http://www.intelligence.tuc.gr/~batsakis/Interval-based#3	1
http://www.intelligence.tuc.gr/~batsakis/Interval-based#33 http://www.intelligence.tuc.gr/~batsakis/Interval-based#oi http://www.intelligence.tuc.gr/~batsakis/Interval-based#4	1
http://www.intelligence.tuc.gr/~batsakis/Interval-based#33 http://www.intelligence.tuc.gr/~batsakis/Interval-based#a http://www.intelligence.tuc.gr/~batsakis/Interval-based#5	1
http://www.intelligence.tuc.gr/~batsakis/Interval-based#33 http://www.intelligence.tuc.gr/~batsakis/Interval-based#oi http://www.intelligence.tuc.gr/~batsakis/Interval-based#6	1
http://www.intelligence.tuc.gr/~batsakis/Interval-based#33 http://www.intelligence.tuc.gr/~batsakis/Interval-based#oi http://www.intelligence.tuc.gr/~batsakis/Interval-based#7	1
http://www.intelligence.tuc.gr/~batsakis/Interval-based#33 http://www.intelligence.tuc.gr/~batsakis/Interval-based#a http://www.intelligence.tuc.gr/~batsakis/Interval-based#8	1
http://www.intelligence.tuc.gr/~batsakis/Interval-based#33 http://www.intelligence.tuc.gr/~batsakis/Interval-based#a http://www.intelligence.tuc.gr/~batsakis/Interval-based#9	1
http://www.intelligence.tuc.gr/~batsakis/Interval-based#33 http://www.intelligence.tuc.gr/~batsakis/Interval-based#a http://www.intelligence.tuc.gr/~batsakis/Interval-based#10	1
http://www.intelligence.tuc.gr/~batsakis/Interval-based#33 http://www.intelligence.tuc.gr/~batsakis/Interval-based#a http://www.intelligence.tuc.gr/~batsakis/Interval-based#11	1
http://www.intelligence.tuc.gr/~batsakis/Interval-based#33 http://www.intelligence.tuc.gr/~batsakis/Interval-based#a http://www.intelligence.tuc.gr/~batsakis/Interval-based#12	1
http://www.intelligence.tuc.gr/~batsakis/Interval-based#33 http://www.intelligence.tuc.gr/~batsakis/Interval-based#d_oi_f http://www.intelligence.tuc.gr/~batsakis/Interval-based#13	1
http://www.intelligence.tuc.gr/~batsakis/Interval-based#33 http://www.intelligence.tuc.gr/~batsakis/Interval-based#a http://www.intelligence.tuc.gr/~batsakis/Interval-based#14	1
http://www.intelligence.tuc.gr/~batsakis/Interval-based#33 http://www.intelligence.tuc.gr/~batsakis/Interval-based#a http://www.intelligence.tuc.gr/~batsakis/Interval-based#15	1
http://www.intelligence.tuc.gr/~batsakis/Interval-based#33 http://www.intelligence.tuc.gr/~batsakis/Interval-based#a http://www.intelligence.tuc.gr/~batsakis/Interval-based#16	1
http://www.intelligence.tuc.gr/~batsakis/Interval-based#33 http://www.intelligence.tuc.gr/~batsakis/Interval-based#a http://www.intelligence.tuc.gr/~batsakis/Interval-based#17	1
http://www.intelligence.tuc.gr/~batsakis/Interval-based#33 http://www.intelligence.tuc.gr/~batsakis/Interval-based#a http://www.intelligence.tuc.gr/~batsakis/Interval-based#19	1
http://www.intelligence.tuc.gr/~batsakis/Interval-based#33 http://www.intelligence.tuc.gr/~batsakis/Interval-based#d_di_ov_oi_s_si_f_fi_eq http://www.intelligence.tuc.gr/~batsakis/Interval-based#20	1
http://www.intelligence.tuc.gr/~batsakis/Interval-based#33 http://www.intelligence.tuc.gr/~batsakis/Interval-based#a http://www.intelligence.tuc.gr/~batsakis/Interval-based#21	1
http://www.intelligence.tuc.gr/~batsakis/Interval-based#33 http://www.intelligence.tuc.gr/~batsakis/Interval-based#oi http://www.intelligence.tuc.gr/~batsakis/Interval-based#22	1
http://www.intelligence.tuc.gr/~batsakis/Interval-based#33 http://www.intelligence.tuc.gr/~batsakis/Interval-based#d_oi_f http://www.intelligence.tuc.gr/~batsakis/Interval-based#23	1
http://www.intelligence.tuc.gr/~batsakis/Interval-based#33 http://www.intelligence.tuc.gr/~batsakis/Interval-based#a http://www.intelligence.tuc.gr/~batsakis/Interval-based#24	1
http://www.intelligence.tuc.gr/~batsakis/Interval-based#33 http://www.intelligence.tuc.gr/~batsakis/Interval-based#a http://www.intelligence.tuc.gr/~batsakis/Interval-based#25	1
http://www.intelligence.tuc.gr/~batsakis/Interval-based#33 http://www.intelligence.tuc.gr/~batsakis/Interval-based#a http://www.intelligence.tuc.gr/~batsakis/Interval-based#26	1
http://www.intelligence.tuc.gr/~batsakis/Interval-based#33 http://www.intelligence.tuc.gr/~batsakis/Interval-based#oi http://www.intelligence.tuc.gr/~batsakis/Interval-based#27	1
http://www.intelligence.tuc.gr/~batsakis/Interval-based#33 http://www.intelligence.tuc.gr/~batsakis/Interval-based#d_oi_f http://www.intelligence.tuc.gr/~batsakis/Interval-based#28	1
http://www.intelligence.tuc.gr/~batsakis/Interval-based#33 http://www.intelligence.tuc.gr/~batsakis/Interval-based#a http://www.intelligence.tuc.gr/~batsakis/Interval-based#29	1
http://www.intelligence.tuc.gr/~batsakis/Interval-based#33 http://www.intelligence.tuc.gr/~batsakis/Interval-based#a http://www.intelligence.tuc.gr/~batsakis/Interval-based#30	1
http://www.intelligence.tuc.gr/~batsakis/Interval-based#33 http://www.intelligence.tuc.gr/~batsakis/Interval-based#a http://www.intelligence.tuc.gr/~batsakis/Interval-based#31	1
http://www.intelligence.tuc.gr/~batsakis/Interval-based#33 http://www.intelligence.tuc.gr/~batsakis/Interval-based#d_oi_f http://www.intelligence.tuc.gr/~batsakis/Interval-based#32	1
http://www.intelligence.tuc.gr/~batsakis/Interval-based#33 http://www.intelligence.tuc.gr/~batsakis/Interval-based#a http://www.intelligence.tuc.gr/~batsakis/Interval-based#34	1
http://www.intelligence.tuc.gr/~batsakis/Interval-based#33 http://www.intelligence.tuc.gr/~batsakis/Interval-based#a http://www.intelligence.tuc.gr/~batsakis/Interval-based#35	1
http://www.intelligence.tuc.gr/~batsakis/Interval-based#33 http://www.intelligence.tuc.gr/~batsakis/Interval-based#a http://www.intelligence.tuc.gr/~batsakis/Interval-based#36	1
http://www.intelligence.tuc.gr/~batsakis/Interval-based#33 http://www.intelligence.tuc.gr/~batsakis/Interval-based#a http://www.intelligence.tuc.gr/~batsakis/Interval-based#37	1
http://www.intelligence.tuc.gr/~batsakis/Interval-based#33 http://www.intelligence.tuc.gr/~batsakis/Interval-based#oi http://www.intelligence.tuc.gr/~batsakis/Interval-based#38	1
http://www.intelligence.tuc.gr/~batsakis/Interval-based#33 http://www.intelligence.tuc.gr/~batsakis/Interval-based#oi http://www.intelligence.tuc.gr/~batsakis/Interval-based#39	1
http://www.intelligence.tuc.gr/~batsakis/Interval-based#33 http://www.intelligence.tuc.gr/~batsakis/Interval-based#a http://www.intelligence.tuc.gr/~batsakis/Interval-based#40	1
http://www.intelligence.tuc.gr/~batsakis/Interval-based#33 http://www.intelligence.tuc.gr/~batsakis/Interval-based#a http://www.intelligence.tuc.gr/~batsakis/Interval-based#41	1
http://www.intelligence.tuc.gr/~batsakis/Interval-based#33 http://www.intelligence.tuc.gr/~batsakis/Interval-based#d_oi_f http://www.intelligence.tuc.gr/~batsakis/Interval-based#42	1
http://www.intelligence.tuc.gr/~batsakis/Interval-based#33 http://www.intelligence.tuc.gr/~batsakis/Interval-based#a_oi_mi http://www.intelligence.tuc.gr/~batsakis/Interval-based#43	1
http://www.intelligence.tuc.gr/~batsakis/Interval-based#33 http://www.intelligence.tuc.gr/~batsakis/Interval-based#a http://www.intelligence.tuc.gr/~batsakis/Interval-based#44	1
http://www.intelligence.tuc.gr/~batsakis/Interval-based#33 http://www.intelligence.tuc.gr/~batsakis/Interval-based#a http://www.intelligence.tuc.gr/~batsakis/Interval-based#45	1
http://www.intelligence.tuc.gr/~batsakis/Interval-based#33 http://www.intelligence.tuc.gr/~batsakis/Interval-based#a http://www.intelligence.tuc.gr/~batsakis/Interval-based#46	1
http://www.intelligence.tuc.gr/~batsakis/Interval-based#33 http://www.intelligence.tuc.gr/~batsakis/Interval-based#a http://www.intelligence.tuc.gr/~batsakis/Interval-based#47	1
http://www.intelligence.tuc.gr/~batsakis/Interval-based#33 http://www.intelligence.tuc.gr/~batsakis/Interval-based#a http://www.intelligence.tuc.gr/~batsakis/Interval-based#48	1
http://www.intelligence.tuc.gr/~batsakis/Interval-based#33 http://www.intelligence.tuc.gr/~batsakis/Interval-based#d_oi_f http://www.intelligence.tuc.gr/~batsakis/Interval-based#49	1
http://www.intelligence.tuc.gr/~batsakis/Interval-based#33 http://www.intelligence.tuc.gr/~batsakis/Interval-based#a_di_oi_mi_si http://www.intelligence.tuc.gr/~batsakis/Interval-based#50	1
http://www.intelligence.tuc.gr/~batsakis/Interval-based#33 http://www.intelligence.tuc.gr/~batsakis/Interval-based#a http://www.intelligence.tuc.gr/~batsakis/Interval-based#51	1
http://www.intelligence.tuc.gr/~batsakis/Interval-based#33 http://www.intelligence.tuc.gr/~batsakis/Interval-based#a http://www.intelligence.tuc.gr/~batsakis/Interval-based#52	1
http://www.intelligence.tuc.gr/~batsakis/Interval-based#33 http://www.intelligence.tuc.gr/~batsakis/Interval-based#a http://www.intelligence.tuc.gr/~batsakis/Interval-based#53	1
http://www.intelligence.tuc.gr/~batsakis/Interval-based#33 http://www.intelligence.tuc.gr/~batsakis/Interval-based#oi http://www.intelligence.tuc.gr/~batsakis/Interval-based#54	1
http://www.intelligence.tuc.gr/~batsakis/Interval-based#33 http://www.intelligence.tuc.gr/~batsakis/Interval-based#a http://www.intelligence.tuc.gr/~batsakis/Interval-based#55	1
http://www.intelligence.tuc.gr/~batsakis/Interval-based#33 http://www.intelligence.tuc.gr/~batsakis/Interval-based#a http://www.intelligence.tuc.gr/~batsakis/Interval-based#56	1
http://www.intelligence.tuc.gr/~batsakis/Interval-based#33 http://www.intelligence.tuc.gr/~batsakis/Interval-based#a http://www.intelligence.tuc.gr/~batsakis/Interval-based#57	1
http://www.intelligence.tuc.gr/~batsakis/Interval-based#33 http://www.intelligence.tuc.gr/~batsakis/Interval-based#a http://www.intelligence.tuc.gr/~batsakis/Interval-based#58	1
http://www.intelligence.tuc.gr/~batsakis/Interval-based#33 http://www.intelligence.tuc.gr/~batsakis/Interval-based#mi http://www.intelligence.tuc.gr/~batsakis/Interval-based#59	1
http://www.intelligence.tuc.gr/~batsakis/Interval-based#33 http://www.intelligence.tuc.gr/~batsakis/Interval-based#a http://www.intelligence.tuc.gr/~batsakis/Interval-based#60	1
http://www.intelligence.tuc.gr/~batsakis/Interval-based#33 http://www.intelligence.tuc.gr/~batsakis/Interval-based#oi http://www.intelligence.tuc.gr/~batsakis/Interval-based#61	1
http://www.intelligence.tuc.gr/~batsakis/Interval-based#33 http://www.intelligence.tuc.gr/~batsakis/Interval-based#d_oi_f http://www.intelligence.tuc.gr/~batsakis/Interval-based#62	1
http://www.intelligence.tuc.gr/~batsakis/Interval-based#33 http://www.intelligence.tuc.gr/~batsakis/Interval-based#d_oi_f http://www.intelligence.tuc.gr/~batsakis/Interval-based#63	1
http://www.intelligence.tuc.gr/~batsakis/Interval-based#34 http://www.intelligence.tuc.gr/~batsakis/Interval-based#ov http://www.intelligence.tuc.gr/~batsakis/Interval-based#0	1
http://www.intelligence.tuc.gr/~batsakis/Interval-based#34 http://www.intelligence.tuc.gr/~batsakis/Interval-based#d http://www.intelligence.tuc.gr/~batsakis/Interval-based#1	1
http://www.intelligence.tuc.gr/~batsakis/Interval-based#34 http://www.intelligence.tuc.gr/~batsakis/Interval-based#ov http://www.intelligence.tuc.gr/~batsakis/Interval-based#2	1
http://www.intelligence.tuc.gr/~batsakis/Interval-based#34 http://www.intelligence.tuc.gr/~batsakis/Interval-based#ov http://www.intelligence.tuc.gr/~batsakis/Interval-based#3	1
http://www.intelligence.tuc.gr/~batsakis/Interval-based#34 http://www.intelligence.tuc.gr/~batsakis/Interval-based#b http://www.intelligence.tuc.gr/~batsakis/Interval-based#4	1
http://www.intelligence.tuc.gr/~batsakis/Interval-based#34 http://www.intelligence.tuc.gr/~batsakis/Interval-based#si http://www.intelligence.tuc.gr/~batsakis/Interval-based#5	1
http://www.intelligence.tuc.gr/~batsakis/Interval-based#34 http://www.intelligence.tuc.gr/~batsakis/Interval-based#ov http://www.intelligence.tuc.gr/~batsakis/Interval-based#6	1
http://www.intelligence.tuc.gr/~batsakis/Interval-based#34 http://www.intelligence.tuc.gr/~batsakis/Interval-based#s http://www.intelligence.tuc.gr/~batsakis/Interval-based#7	1
http://www.intelligence.tuc.gr/~batsakis/Interval-based#34 http://www.intelligence.tuc.gr/~batsakis/Interval-based#di http://www.intelligence.tuc.gr/~batsakis/Interval-based#8	1
http://www.intelligence.tuc.gr/~batsakis/Interval-based#34 http://www.intelligence.tuc.gr/~batsakis/Interval-based#ov http://www.intelligence.tuc.gr/~batsakis/Interval-based#9	1
http://www.intelligence.tuc.gr/~batsakis/Interval-based#34 http://www.intelligence.tuc.gr/~batsakis/Interval-based#ov http://www.intelligence.tuc.gr/~batsakis/Interval-based#10	1
http://www.intelligence.tuc.gr/~batsakis/Interval-based#34 http://www.intelligence.tuc.gr/~batsakis/Interval-based#di_oi_si http://www.intelligence.tuc.gr/~batsakis/Interval-based#11	1
http://www.intelligence.tuc.gr/~batsakis/Interval-based#34 http://www.intelligence.tuc.gr/~batsakis/Interval-based#d http://www.intelligence.tuc.gr/~batsakis/Interval-based#12	1
http://www.intelligence.tuc.gr/~batsakis/Interval-based#34 http://www.intelligence.tuc.gr/~batsakis/Interval-based#b_ov_m http://www.intelligence.tuc.gr/~batsakis/Interval-based#13	1
http://www.intelligence.tuc.gr/~batsakis/Interval-based#34 http://www.intelligence.tuc.gr/~batsakis/Interval-based#fi http://www.intelligence.tuc.gr/~batsakis/Interval-based#14	1
http://www.intelligence.tuc.gr/~batsakis/Interval-based#34 http://www.intelligence.tuc.gr/~batsakis/Interval-based#eq http://www.intelligence.tuc.gr/~batsakis/Interval-based#15	1
http://www.intelligence.tuc.gr/~batsakis/Interval-based#34 http://www.intelligence.tuc.gr/~batsakis/Interval-based#oi http://www.intelligence.tuc.gr/~batsakis/Interval-based#16	1
http://www.intelligence.tuc.gr/~batsakis/Interval-based#34 http://www.intelligence.tuc.gr/~batsakis/Interval-based#fi http://www.intelligence.tuc.gr/~batsakis/Interval-based#17	1
http://www.intelligence.tuc.gr/~batsakis/Interval-based#34 http://www.intelligence.tuc.gr/~batsakis/Interval-based#b http://www.intelligence.tuc.gr/~batsakis/Interval-based#18	1
http://www.intelligence.tuc.gr/~batsakis/Interval-based#34 http://www.intelligence.tuc.gr/~batsakis/Interval-based#di_ov_fi http://www.intelligence.tuc.gr/~batsakis/Interval-based#19	1
http://www.intelligence.tuc.gr/~batsakis/Interval-based#34 http://www.intelligence.tuc.gr/~batsakis/Interval-based#b http://www.intelligence.tuc.gr/~batsakis/Interval-based#20	1
http://www.intelligence.tuc.gr/~batsakis/Interval-based#34 http://www.intelligence.tuc.gr/~batsakis/Interval-based#d http://www.intelligence.tuc.gr/~batsakis/Interval-based#21	1
http://www.intelligence.tuc.gr/~batsakis/Interval-based#34 http://www.intelligence.tuc.gr/~batsakis/Interval-based#ov http://www.intelligence.tuc.gr/~batsakis/Interval-based#22	1
http://www.intelligence.tuc.gr/~batsakis/Interval-based#34 http://www.intelligence.tuc.gr/~batsakis/Interval-based#b http://www.intelligence.tuc.gr/~batsakis/Interval-based#23	1
http://www.intelligence.tuc.gr/~batsakis/Interval-based#34 http://www.intelligence.tuc.gr/~batsakis/Interval-based#ov http://www.intelligence.tuc.gr/~batsakis/Interval-based#24	1
http://www.intelligence.tuc.gr/~batsakis/Interval-based#34 http://www.intelligence.tuc.gr/~batsakis/Interval-based#ov http://www.intelligence.tuc.gr/~batsakis/Interval-based#25	1
http://www.intelligence.tuc.gr/~batsakis/Interval-based#34 http://www.intelligence.tuc.gr/~batsakis/Interval-based#di http://www.intelligence.tuc.gr/~batsakis/Interval-based#26	1
http://www.intelligence.tuc.gr/~batsakis/Interval-based#34 http://www.intelligence.tuc.gr/~batsakis/Interval-based#ov http://www.intelligence.tuc.gr/~batsakis/Interval-based#27	1
http://www.intelligence.tuc.gr/~batsakis/Interval-based#34 http://www.intelligence.tuc.gr/~batsakis/Interval-based#ov http://www.intelligence.tuc.gr/~batsakis/Interval-based#28	1
http://www.intelligence.tuc.gr/~batsakis/Interval-based#34 http://www.intelligence.tuc.gr/~batsakis/Interval-based#d http://www.intelligence.tuc.gr/~batsakis/Interval-based#29	1
http://www.intelligence.tuc.gr/~batsakis/Interval-based#34 http://www.intelligence.tuc.gr/~batsakis/Interval-based#d_di_ov_oi_s_si_f_fi_eq http://www.intelligence.tuc.gr/~batsakis/Interval-based#30	1
http://www.intelligence.tuc.gr/~batsakis/Interval-based#34 http://www.intelligence.tuc.gr/~batsakis/Interval-based#ov http://www.intelligence.tuc.gr/~batsakis/Interval-based#31	1
http://www.intelligence.tuc.gr/~batsakis/Interval-based#34 http://www.intelligence.tuc.gr/~batsakis/Interval-based#ov http://www.intelligence.tuc.gr/~batsakis/Interval-based#32	1
http://www.intelligence.tuc.gr/~batsakis/Interval-based#34 http://www.intelligence.tuc.gr/~batsakis/Interval-based#b http://www.intelligence.tuc.gr/~batsakis/Interval-based#33	1
http://www.intelligence.tuc.gr/~batsakis/Interval-based#34 http://www.intelligence.tuc.gr/~batsakis/Interval-based#ov http://www.intelligence.tuc.gr/~batsakis/Interval-based#35	1
http://www.intelligence.tuc.gr/~batsakis/Interval-based#34 http://www.intelligence.tuc.gr/~batsakis/Interval-based#ov http://www.intelligence.tuc.gr/~batsakis/Interval-based#36	1
http://www.intelligence.tuc.gr/~batsakis/Interval-based#34 http://www.intelligence.tuc.gr/~batsakis/Interval-based#ov http://www.intelligence.tuc.gr/~batsakis/Interval-based#37	1
http://www.intelligence.tuc.gr/~batsakis/Interval-based#34 http://www.intelligence.tuc.gr/~batsakis/Interval-based#d http://www.intelligence.tuc.gr/~batsakis/Interval-based#38	1
http://www.intelligence.tuc.gr/~batsakis/Interval-based#34 http://www.intelligence.tuc.gr/~batsakis/Interval-based#ov http://www.intelligence.tuc.gr/~batsakis/Interval-based#39	1
http://www.intelligence.tuc.gr/~batsakis/Interval-based#34 http://www.intelligence.tuc.gr/~batsakis/Interval-based#di http://www.intelligence.tuc.gr/~batsakis/Interval-based#40	1
http://www.intelligence.tuc.gr/~batsakis/Interval-based#34 http://www.intelligence.tuc.gr/~batsakis/Interval-based#di http://www.intelligence.tuc.gr/~batsakis/Interval-based#41	1
http://www.intelligence.tuc.gr/~batsakis/Interval-based#34 http://www.intelligence.tuc.gr/~batsakis/Interval-based#b_ov_m http://www.intelligence.tuc.gr/~batsakis/Interval-based#42	1
http://www.intelligence.tuc.gr/~batsakis/Interval-based#34 http://www.intelligence.tuc.gr/~batsakis/Interval-based#s http://www.intelligence.tuc.gr/~batsakis/Interval-based#43	1
http://www.intelligence.tuc.gr/~batsakis/Interval-based#34 http://www.intelligence.tuc.gr/~batsakis/Interval-based#di http://www.intelligence.tuc.gr/~batsakis/Interval-based#44	1
http://www.intelligence.tuc.gr/~batsakis/Interval-based#34 http://www.intelligence.tuc.gr/~batsakis/Interval-based#di http://www.intelligence.tuc.gr/~batsakis/Interval-based#45	1
http://www.intelligence.tuc.gr/~batsakis/Interval-based#34 http://www.intelligence.tuc.gr/~batsakis/Interval-based#d http://www.intelligence.tuc.gr/~batsakis/Interval-based#46	1
http://www.intelligence.tuc.gr/~batsakis/Interval-based#34 http://www.intelligence.tuc.gr/~batsakis/Interval-based#di_ov_fi http://www.intelligence.tuc.gr/~batsakis/Interval-based#47	1
http://www.intelligence.tuc.gr/~batsakis/Interval-based#34 http://www.intelligence.tuc.gr/~batsakis/Interval-based#b http://www.intelligence.tuc.gr/~batsakis/Interval-based#48	1
http://www.intelligence.tuc.gr/~batsakis/Interval-based#34 http://www.intelligence.tuc.gr/~batsakis/Interval-based#b http://www.intelligence.tuc.gr/~batsakis/Interval-based#49	1
http://www.intelligence.tuc.gr/~batsakis/Interval-based#34 http://www.intelligence.tuc.gr/~batsakis/Interval-based#b http://www.intelligence.tuc.gr/~batsakis/Interval-based#50	1
http://www.intelligence.tuc.gr/~batsakis/Interval-based#34 http://www.intelligence.tuc.gr/~batsakis/Interval-based#si http://www.intelligence.tuc.gr/~batsakis/Interval-based#51	1
http://www.intelligence.tuc.gr/~batsakis/Interval-based#34 http://www.intelligence.tuc.gr/~batsakis/Interval-based#ov http://www.intelligence.tuc.gr/~batsakis/Interval-based#52	1
http://www.intelligence.tuc.gr/~batsakis/Interval-based#34 http://www.intelligence.tuc.gr/~batsakis/Interval-based#ov http://www.intelligence.tuc.gr/~batsakis/Interval-based#53	1
http://www.intelligence.tuc.gr/~batsakis/Interval-based#34 http://www.intelligence.tuc.gr/~batsakis/Interval-based#b_ov_m http://www.intelligence.tuc.gr/~batsakis/Interval-based#54	1
http://www.intelligence.tuc.gr/~batsakis/Interval-based#34 http://www.intelligence.tuc.gr/~batsakis/Interval-based#ov http://www.intelligence.tuc.gr/~batsakis/Interval-based#55	1
http://www.intelligence.tuc.gr/~batsakis/Interval-based#34 http://www.intelligence.tuc.gr/~batsakis/Interval-based#di http://www.intelligence.tuc.gr/~batsakis/Interval-based#56	1
http://www.intelligence.tuc.gr/~batsakis/Interval-based#34 http://www.intelligence.tuc.gr/~batsakis/Interval-based#s http://www.intelligence.tuc.gr/~batsakis/Interval-based#57	1
http://www.intelligence.tuc.gr/~batsakis/Interval-based#34 http://www.intelligence.tuc.gr/~batsakis/Interval-based#d http://www.intelligence.tuc.gr/~batsakis/Interval-based#58	1
http://www.intelligence.tuc.gr/~batsakis/Interval-based#34 http://www.intelligence.tuc.gr/~batsakis/Interval-based#ov http://www.intelligence.tuc.gr/~batsakis/Interval-based#59	1
http://www.intelligence.tuc.gr/~batsakis/Interval-based#34 http://www.intelligence.tuc.gr/~batsakis/Interval-based#s http://www.intelligence.tuc.gr/~batsakis/Interval-based#60	1
http://www.intelligence.tuc.gr/~batsakis/Interval-based#34 http://www.intelligence.tuc.gr/~batsakis/Interval-based#b http://www.intelligence.tuc.gr/~batsakis/Interval-based#61	1
http://www.intelligence.tuc.gr/~batsakis/Interval-based#34 http://www.intelligence.tuc.gr/~batsakis/Interval-based#d http://www.intelligence.tuc.gr/~batsakis/Interval-based#62	1
http://www.intelligence.tuc.gr/~batsakis/Interval-based#34 http://www.intelligence.tuc.gr/~batsakis/Interval-based#ov http://www.intelligence.tuc.gr/~batsakis/Interval-based#63	1
http://www.intelligence.tuc.gr/~batsakis/Interval-based#35 http://www.intelligence.tuc.gr/~batsakis/Interval-based#ov http://www.intelligence.tuc.gr/~batsakis/Interval-based#0	1
http://www.intelligence.tuc.gr/~batsakis/Interval-based#35 http://www.intelligence.tuc.gr/~batsakis/Interval-based#f http://www.intelligence.tuc.gr/~batsakis/Interval-based#1	1
http://www.intelligence.tuc.gr/~batsakis/Interval-based#35 http://www.intelligence.tuc.gr/~batsakis/Interval-based#ov http://www.intelligence.tuc.gr/~batsakis/Interval-based#2	1
http://www.intelligence.tuc.gr/~batsakis/Interval-based#35 http://www.intelligence.tuc.gr/~batsakis/Interval-based#oi http://www.intelligence.tuc.gr/~batsakis/Interval-based#3	1
http://www.intelligence.tuc.gr/~batsakis/Interval-based#35 http://www.intelligence.tuc.gr/~batsakis/Interval-based#ov http://www.intelligence.tuc.gr/~batsakis/Interval-based#4	1
http://www.intelligence.tuc.gr/~batsakis/Interval-based#35 http://www.intelligence.tuc.gr/~batsakis/Interval-based#a http://www.intelligence.tuc.gr/~batsakis/Interval-based#5	1
http://www.intelligence.tuc.gr/~batsakis/Interval-based#35 http://www.intelligence.tuc.gr/~batsakis/Interval-based#ov http://www.intelligence.tuc.gr/~batsakis/Interval-based#6	1
http://www.intelligence.tuc.gr/~batsakis/Interval-based#35 http://www.intelligence.tuc.gr/~batsakis/Interval-based#d http://www.intelligence.tuc.gr/~batsakis/Interval-based#7	1
http://www.intelligence.tuc.gr/~batsakis/Interval-based#35 http://www.intelligence.tuc.gr/~batsakis/Interval-based#di http://www.intelligence.tuc.gr/~batsakis/Interval-based#8	1
http://www.intelligence.tuc.gr/~batsakis/Interval-based#35 http://www.intelligence.tuc.gr/~batsakis/Interval-based#oi http://www.intelligence.tuc.gr/~batsakis/Interval-based#9	1
http://www.intelligence.tuc.gr/~batsakis/Interval-based#35 http://www.intelligence.tuc.gr/~batsakis/Interval-based#oi http://www.intelligence.tuc.gr/~batsakis/Interval-based#10	1
http://www.intelligence.tuc.gr/~batsakis/Interval-based#35 http://www.intelligence.tuc.gr/~batsakis/Interval-based#oi http://www.intelligence.tuc.gr/~batsakis/Interval-based#11	1
http://www.intelligence.tuc.gr/~batsakis/Interval-based#35 http://www.intelligence.tuc.gr/~batsakis/Interval-based#oi http://www.intelligence.tuc.gr/~batsakis/Interval-based#12	1
http://www.intelligence.tuc.gr/~batsakis/Interval-based#35 http://www.intelligence.tuc.gr/~batsakis/Interval-based#ov http://www.intelligence.tuc.gr/~batsakis/Interval-based#13	1
http://www.intelligence.tuc.gr/~batsakis/Interval-based#35 http://www.intelligence.tuc.gr/~batsakis/Interval-based#oi http://www.intelligence.tuc.gr/~batsakis/Interval-based#14	1
http://www.intelligence.tuc.gr/~batsakis/Interval-based#35 http://www.intelligence.tuc.gr/~batsakis/Interval-based#oi http://www.intelligence.tuc.gr/~batsakis/Interval-based#15	1
http://www.intelligence.tuc.gr/~batsakis/Interval-based#35 http://www.intelligence.tuc.gr/~batsakis/Interval-based#a_oi_mi http://www.intelligence.tuc.gr/~batsakis/Interval-based#16	1
http://www.intelligence.tuc.gr/~batsakis/Interval-based#35 http://www.intelligence.tuc.gr/~batsakis/Interval-based#oi http://www.intelligence.tuc.gr/~batsakis/Interval-based#17	1
http://www.intelligence.tuc.gr/~batsakis/Interval-based#35 http://www.intelligence.tuc.gr/~batsakis/Interval-based#b http://www.intelligence.tuc.gr/~batsakis/Interval-based#18	1
http://www.intelligence.tuc.gr/~batsakis/Interval-based#35 http://www.intelligence.tuc.gr/~batsakis/Interval-based#di_oi_si http://www.intelligence.tuc.gr/~batsakis/Interval-based#19	1
http://www.intelligence.tuc.gr/~batsakis/Interval-based#35 http://www.intelligence.tuc.gr/~batsakis/Interval-based#b http://www.intelligence.tuc.gr/~batsakis/Interval-based#20	1
http://www.intelligence.tuc.gr/~batsakis/Interval-based#35 http://www.intelligence.tuc.gr/~batsakis/Interval-based#oi http://www.intelligence.tuc.gr/~batsakis/Interval-based#21	1
http://www.intelligence.tuc.gr/~batsakis/Interval-based#35 http://www.intelligence.tuc.gr/~batsakis/Interval-based#ov http://www.intelligence.tuc.gr/~batsakis/Interval-based#22	1
http://www.intelligence.tuc.gr/~batsakis/Interval-based#35 http://www.intelligence.tuc.gr/~batsakis/Interval-based#ov http://www.intelligence.tuc.gr/~batsakis/Interval-based#23	1
http://www.intelligence.tuc.gr/~batsakis/Interval-based#35 http://www.intelligence.tuc.gr/~batsakis/Interval-based#f http://www.intelligence.tuc.gr/~batsakis/Interval-based#24	1
http://www.intelligence.tuc.gr/~batsakis/Interval-based#35 http://www.intelligence.tuc.gr/~batsakis/Interval-based#oi http://www.intelligence.tuc.gr/~batsakis/Interval-based#25	1
http://www.intelligence.tuc.gr/~batsakis/Interval-based#35 http://www.intelligence.tuc.gr/~batsakis/Interval-based#a http://www.intelligence.tuc.gr/~batsakis/Interval-based#26	1
http://www.intelligence.tuc.gr/~batsakis/Interval-based#35 http://www.intelligence.tuc.gr/~batsakis/Interval-based#d http://www.intelligence.tuc.gr/~batsakis/Interval-based#27	1
http://www.intelligence.tuc.gr/~batsakis/Interval-based#35 http://www.intelligence.tuc.gr/~batsakis/Interval-based#ov http://www.intelligence.tuc.gr/~batsakis/Interval-based#28	1
http://www.intelligence.tuc.gr/~batsakis/Interval-based#35 http://www.intelligence.tuc.gr/~batsakis/Interval-based#oi http://www.intelligence.tuc.gr/~batsakis/Interval-based#29	1
http://www.intelligence.tuc.gr/~batsakis/Interval-based#35 http://www.intelligence.tuc.gr/~batsakis/Interval-based#d_oi_f http://www.intelligence.tuc.gr/~batsakis/Interval-based#30	1
http://www.intelligence.tuc.gr/~batsakis/Interval-based#35 http://www.intelligence.tuc.gr/~batsakis/Interval-based#oi http://www.intelligence.tuc.gr/~batsakis/Interval-based#31	1
http://www.intelligence.tuc.gr/~batsakis/Interval-based#35 http://www.intelligence.tuc.gr/~batsakis/Interval-based#d http://www.intelligence.tuc.gr/~batsakis/Interval-based#32	1
http://www.intelligence.tuc.gr/~batsakis/Interval-based#35 http://www.intelligence.tuc.gr/~batsakis/Interval-based#b http://www.intelligence.tuc.gr/~batsakis/Interval-based#33	1
http://www.intelligence.tuc.gr/~batsakis/Interval-based#35 http://www.intelligence.tuc.gr/~batsakis/Interval-based#oi http://www.intelligence.tuc.gr/~batsakis/Interval-based#34	1
http://www.intelligence.tuc.gr/~batsakis/Interval-based#35 http://www.intelligence.tuc.gr/~batsakis/Interval-based#oi http://www.intelligence.tuc.gr/~batsakis/Interval-based#36	1
http://www.intelligence.tuc.gr/~batsakis/Interval-based#35 http://www.intelligence.tuc.gr/~batsakis/Interval-based#oi http://www.intelligence.tuc.gr/~batsakis/Interval-based#37	1
http://www.intelligence.tuc.gr/~batsakis/Interval-based#35 http://www.intelligence.tuc.gr/~batsakis/Interval-based#d http://www.intelligence.tuc.gr/~batsakis/Interval-based#38	1
http://www.intelligence.tuc.gr/~batsakis/Interval-based#35 http://www.intelligence.tuc.gr/~batsakis/Interval-based#ov http://www.intelligence.tuc.gr/~batsakis/Interval-based#39	1
http://www.intelligence.tuc.gr/~batsakis/Interval-based#35 http://www.intelligence.tuc.gr/~batsakis/Interval-based#a_oi_mi http://www.intelligence.tuc.gr/~batsakis/Interval-based#40	1
http://www.intelligence.tuc.gr/~batsakis/Interval-based#35 http://www.intelligence.tuc.gr/~batsakis/Interval-based#a http://www.intelligence.tuc.gr/~batsakis/Interval-based#41	1
http://www.intelligence.tuc.gr/~batsakis/Interval-based#35 http://www.intelligence.tuc.gr/~batsakis/Interval-based#d_ov_s http://www.intelligence.tuc.gr/~batsakis/Interval-based#42	1
http://www.intelligence.tuc.gr/~batsakis/Interval-based#35 http://www.intelligence.tuc.gr/~batsakis/Interval-based#d_oi_f http://www.intelligence.tuc.gr/~batsakis/Interval-based#43	1
http://www.intelligence.tuc.gr/~batsakis/Interval-based#35 http://www.intelligence.tuc.gr/~batsakis/Interval-based#a_di_oi_mi_si http://www.intelligence.tuc.gr/~batsakis/Interval-based#44	1
http://www.intelligence.tuc.gr/~batsakis/Interval-based#35 http://www.intelligence.tuc.gr/~batsakis/Interval-based#oi http://www.intelligence.tuc.gr/~batsakis/Interval-based#45	1
http://www.intelligence.tuc.gr/~batsakis/Interval-based#35 http://www.intelligence.tuc.gr/~batsakis/Interval-based#oi http://www.intelligence.tuc.gr/~batsakis/Interval-based#46	1
http://www.intelligence.tuc.gr/~batsakis/Interval-based#35 http://www.intelligence.tuc.gr/~batsakis/Interval-based#di_oi_si http://www.intelligence.tuc.gr/~batsakis/Interval-based#47	1
http://www.intelligence.tuc.gr/~batsakis/Interval-based#35 http://www.intelligence.tuc.gr/~batsakis/Interval-based#di http://www.intelligence.tuc.gr/~batsakis/Interval-based#48	1
http://www.intelligence.tuc.gr/~batsakis/Interval-based#35 http://www.intelligence.tuc.gr/~batsakis/Interval-based#ov http://www.intelligence.tuc.gr/~batsakis/Interval-based#49	1
http://www.intelligence.tuc.gr/~batsakis/Interval-based#35 http://www.intelligence.tuc.gr/~batsakis/Interval-based#b http://www.intelligence.tuc.gr/~batsakis/Interval-based#50	1
http://www.intelligence.tuc.gr/~batsakis/Interval-based#35 http://www.intelligence.tuc.gr/~batsakis/Interval-based#oi http://www.intelligence.tuc.gr/~batsakis/Interval-based#51	1
http://www.intelligence.tuc.gr/~batsakis/Interval-based#35 http://www.intelligence.tuc.gr/~batsakis/Interval-based#oi http://www.intelligence.tuc.gr/~batsakis/Interval-based#52	1
http://www.intelligence.tuc.gr/~batsakis/Interval-based#35 http://www.intelligence.tuc.gr/~batsakis/Interval-based#oi http://www.intelligence.tuc.gr/~batsakis/Interval-based#53	1
http://www.intelligence.tuc.gr/~batsakis/Interval-based#35 http://www.intelligence.tuc.gr/~batsakis/Interval-based#ov http://www.intelligence.tuc.gr/~batsakis/Interval-based#54	1
http://www.intelligence.tuc.gr/~batsakis/Interval-based#35 http://www.intelligence.tuc.gr/~batsakis/Interval-based#oi http://www.intelligence.tuc.gr/~batsakis/Interval-based#55	1
http://www.intelligence.tuc.gr/~batsakis/Interval-based#35 http://www.intelligence.tuc.gr/~batsakis/Interval-based#a_oi_mi http://www.intelligence.tuc.gr/~batsakis/Interval-based#56	1
http://www.intelligence.tuc.gr/~batsakis/Interval-based#35 http://www.intelligence.tuc.gr/~batsakis/Interval-based#oi http://www.intelligence.tuc.gr/~batsakis/Interval-based#57	1
http://www.intelligence.tuc.gr/~batsakis/Interval-based#35 http://www.intelligence.tuc.gr/~batsakis/Interval-based#oi http://www.intelligence.tuc.gr/~batsakis/Interval-based#58	1
http://www.intelligence.tuc.gr/~batsakis/Interval-based#35 http://www.intelligence.tuc.gr/~batsakis/Interval-based#ov http://www.intelligence.tuc.gr/~batsakis/Interval-based#59	1
http://www.intelligence.tuc.gr/~batsakis/Interval-based#35 http://www.intelligence.tuc.gr/~batsakis/Interval-based#oi http://www.intelligence.tuc.gr/~batsakis/Interval-based#60	1
http://www.intelligence.tuc.gr/~batsakis/Interval-based#35 http://www.intelligence.tuc.gr/~batsakis/Interval-based#ov http://www.intelligence.tuc.gr/~batsakis/Interval-based#61	1
http://www.intelligence.tuc.gr/~batsakis/Interval-based#35 http://www.intelligence.tuc.gr/~batsakis/Interval-based#d http://www.intelligence.tuc.gr/~batsakis/Interval-based#62	1
http://www.intelligence.tuc.gr/~batsakis/Interval-based#35 http://www.intelligence.tuc.gr/~batsakis/Interval-based#d_ov_s http://www.intelligence.tuc.gr/~batsakis/Interval-based#63	1
http://www.intelligence.tuc.gr/~batsakis/Interval-based#36 http://www.intelligence.tuc.gr/~batsakis/Interval-based#ov http://www.intelligence.tuc.gr/~batsakis/Interval-based#0	1
http://www.intelligence.tuc.gr/~batsakis/Interval-based#36 http://www.intelligence.tuc.gr/~batsakis/Interval-based#d http://www.intelligence.tuc.gr/~batsakis/Interval-based#1	1
http://www.intelligence.tuc.gr/~batsakis/Interval-based#36 http://www.intelligence.tuc.gr/~batsakis/Interval-based#ov http://www.intelligence.tuc.gr/~batsakis/Interval-based#2	1
http://www.intelligence.tuc.gr/~batsakis/Interval-based#36 http://www.intelligence.tuc.gr/~batsakis/Interval-based#di_oi_si http://www.intelligence.tuc.gr/~batsakis/Interval-based#3	1
http://www.intelligence.tuc.gr/~batsakis/Interval-based#36 http://www.intelligence.tuc.gr/~batsakis/Interval-based#m http://www.intelligence.tuc.gr/~batsakis/Interval-based#4	1
http://www.intelligence.tuc.gr/~batsakis/Interval-based#36 http://www.intelligence.tuc.gr/~batsakis/Interval-based#oi http://www.intelligence.tuc.gr/~batsakis/Interval-based#5	1
http://www.intelligence.tuc.gr/~batsakis/Interval-based#36 http://www.intelligence.tuc.gr/~batsakis/Interval-based#ov http://www.intelligence.tuc.gr/~batsakis/Interval-based#6	1
http://www.intelligence.tuc.gr/~batsakis/Interval-based#36 http://www.intelligence.tuc.gr/~batsakis/Interval-based#d http://www.intelligence.tuc.gr/~batsakis/Interval-based#7	1
http://www.intelligence.tuc.gr/~batsakis/Interval-based#36 http://www.intelligence.tuc.gr/~batsakis/Interval-based#di http://www.intelligence.tuc.gr/~batsakis/Interval-based#8	1
http://www.intelligence.tuc.gr/~batsakis/Interval-based#36 http://www.intelligence.tuc.gr/~batsakis/Interval-based#fi http://www.intelligence.tuc.gr/~batsakis/Interval-based#9	1
http://www.intelligence.tuc.gr/~batsakis/Interval-based#36 http://www.intelligence.tuc.gr/~batsakis/Interval-based#di http://www.intelligence.tuc.gr/~batsakis/Interval-based#10	1
http://www.intelligence.tuc.gr/~batsakis/Interval-based#36 http://www.intelligence.tuc.gr/~batsakis/Interval-based#oi http://www.intelligence.tuc.gr/~batsakis/Interval-based#11	1
http://www.intelligence.tuc.gr/~batsakis/Interval-based#36 http://www.intelligence.tuc.gr/~batsakis/Interval-based#oi http://www.intelligence.tuc.gr/~batsakis/Interval-based#12	1
http://www.intelligence.tuc.gr/~batsakis/Interval-based#36 http://www.intelligence.tuc.gr/~batsakis/Interval-based#ov http://www.intelligence.tuc.gr/~batsakis/Interval-based#13	1
http://www.intelligence.tuc.gr/~batsakis/Interval-based#36 http://www.intelligence.tuc.gr/~batsakis/Interval-based#di http://www.intelligence.tuc.gr/~batsakis/Interval-based#14	1
http://www.intelligence.tuc.gr/~batsakis/Interval-based#36 http://www.intelligence.tuc.gr/~batsakis/Interval-based#oi http://www.intelligence.tuc.gr/~batsakis/Interval-based#15	1
http://www.intelligence.tuc.gr/~batsakis/Interval-based#36 http://www.intelligence.tuc.gr/~batsakis/Interval-based#oi http://www.intelligence.tuc.gr/~batsakis/Interval-based#16	1
http://www.intelligence.tuc.gr/~batsakis/Interval-based#36 http://www.intelligence.tuc.gr/~batsakis/Interval-based#di http://www.intelligence.tuc.gr/~batsakis/Interval-based#17	1
http://www.intelligence.tuc.gr/~batsakis/Interval-based#36 http://www.intelligence.tuc.gr/~batsakis/Interval-based#b http://www.intelligence.tuc.gr/~batsakis/Interval-based#18	1
http://www.intelligence.tuc.gr/~batsakis/Interval-based#36 http://www.intelligence.tuc.gr/~batsakis/Interval-based#di http://www.intelligence.tuc.gr/~batsakis/Interval-based#19	1
http://www.intelligence.tuc.gr/~batsakis/Interval-based#36 http://www.intelligence.tuc.gr/~batsakis/Interval-based#b http://www.intelligence.tuc.gr/~batsakis/Interval-based#20	1
http://www.intelligence.tuc.gr/~batsakis/Interval-based#36 http://www.intelligence.tuc.gr/~batsakis/Interval-based#f http://www.intelligence.tuc.gr/~batsakis/Interval-based#21	1
http://www.intelligence.tuc.gr/~batsakis/Interval-based#36 http://www.intelligence.tuc.gr/~batsakis/Interval-based#ov http://www.intelligence.tuc.gr/~batsakis/Interval-based#22	1
http://www.intelligence.tuc.gr/~batsakis/Interval-based#36 http://www.intelligence.tuc.gr/~batsakis/Interval-based#ov http://www.intelligence.tuc.gr/~batsakis/Interval-based#23	1
http://www.intelligence.tuc.gr/~batsakis/Interval-based#36 http://www.intelligence.tuc.gr/~batsakis/Interval-based#ov http://www.intelligence.tuc.gr/~batsakis/Interval-based#24	1
http://www.intelligence.tuc.gr/~batsakis/Interval-based#36 http://www.intelligence.tuc.gr/~batsakis/Interval-based#ov http://www.intelligence.tuc.gr/~batsakis/Interval-based#25	1
http://www.intelligence.tuc.gr/~batsakis/Interval-based#36 http://www.intelligence.tuc.gr/~batsakis/Interval-based#oi http://www.intelligence.tuc.gr/~batsakis/Interval-based#26	1
http://www.intelligence.tuc.gr/~batsakis/Interval-based#36 http://www.intelligence.tuc.gr/~batsakis/Interval-based#d_ov_s http://www.intelligence.tuc.gr/~batsakis/Interval-based#27	1
http://www.intelligence.tuc.gr/~batsakis/Interval-based#36 http://www.intelligence.tuc.gr/~batsakis/Interval-based#ov http://www.intelligence.tuc.gr/~batsakis/Interval-based#28	1
http://www.intelligence.tuc.gr/~batsakis/Interval-based#36 http://www.intelligence.tuc.gr/~batsakis/Interval-based#oi http://www.intelligence.tuc.gr/~batsakis/Interval-based#29	1
http://www.intelligence.tuc.gr/~batsakis/Interval-based#36 http://www.intelligence.tuc.gr/~batsakis/Interval-based#d_oi_f http://www.intelligence.tuc.gr/~batsakis/Interval-based#30	1
http://www.intelligence.tuc.gr/~batsakis/Interval-based#36 http://www.intelligence.tuc.gr/~batsakis/Interval-based#f_fi_eq http://www.intelligence.tuc.gr/~batsakis/Interval-based#31	1
http://www.intelligence.tuc.gr/~batsakis/Interval-based#36 http://www.intelligence.tuc.gr/~batsakis/Interval-based#ov http://www.intelligence.tuc.gr/~batsakis/Interval-based#32	1
http://www.intelligence.tuc.gr/~batsakis/Interval-based#36 http://www.intelligence.tuc.gr/~batsakis/Interval-based#b http://www.intelligence.tuc.gr/~batsakis/Interval-based#33	1
http://www.intelligence.tuc.gr/~batsakis/Interval-based#36 http://www.intelligence.tuc.gr/~batsakis/Interval-based#oi http://www.intelligence.tuc.gr/~batsakis/Interval-based#34	1
http://www.intelligence.tuc.gr/~batsakis/Interval-based#36 http://www.intelligence.tuc.gr/~batsakis/Interval-based#ov http://www.intelligence.tuc.gr/~batsakis/Interval-based#35	1
http://www.intelligence.tuc.gr/~batsakis/Interval-based#36 http://www.intelligence.tuc.gr/~batsakis/Interval-based#di http://www.intelligence.tuc.gr/~batsakis/Interval-based#37	1
http://www.intelligence.tuc.gr/~batsakis/Interval-based#36 http://www.intelligence.tuc.gr/~batsakis/Interval-based#d http://www.intelligence.tuc.gr/~batsakis/Interval-based#38	1
http://www.intelligence.tuc.gr/~batsakis/Interval-based#36 http://www.intelligence.tuc.gr/~batsakis/Interval-based#ov http://www.intelligence.tuc.gr/~batsakis/Interval-based#39	1
http://www.intelligence.tuc.gr/~batsakis/Interval-based#36 http://www.intelligence.tuc.gr/~batsakis/Interval-based#di_oi_si http://www.intelligence.tuc.gr/~batsakis/Interval-based#40	1
http://www.intelligence.tuc.gr/~batsakis/Interval-based#36 http://www.intelligence.tuc.gr/~batsakis/Interval-based#di http://www.intelligence.tuc.gr/~batsakis/Interval-based#41	1
http://www.intelligence.tuc.gr/~batsakis/Interval-based#36 http://www.intelligence.tuc.gr/~batsakis/Interval-based#ov http://www.intelligence.tuc.gr/~batsakis/Interval-based#42	1
http://www.intelligence.tuc.gr/~batsakis/Interval-based#36 http://www.intelligence.tuc.gr/~batsakis/Interval-based#d_oi_f http://www.intelligence.tuc.gr/~batsakis/Interval-based#43	1
http://www.intelligence.tuc.gr/~batsakis/Interval-based#36 http://www.intelligence.tuc.gr/~batsakis/Interval-based#di http://www.intelligence.tuc.gr/~batsakis/Interval-based#44	1
http://www.intelligence.tuc.gr/~batsakis/Interval-based#36 http://www.intelligence.tuc.gr/~batsakis/Interval-based#si http://www.intelligence.tuc.gr/~batsakis/Interval-based#45	1
http://www.intelligence.tuc.gr/~batsakis/Interval-based#36 http://www.intelligence.tuc.gr/~batsakis/Interval-based#oi http://www.intelligence.tuc.gr/~batsakis/Interval-based#46	1
http://www.intelligence.tuc.gr/~batsakis/Interval-based#36 http://www.intelligence.tuc.gr/~batsakis/Interval-based#di http://www.intelligence.tuc.gr/~batsakis/Interval-based#47	1
http://www.intelligence.tuc.gr/~batsakis/Interval-based#36 http://www.intelligence.tuc.gr/~batsakis/Interval-based#di http://www.intelligence.tuc.gr/~batsakis/Interval-based#48	1
http://www.intelligence.tuc.gr/~batsakis/Interval-based#36 http://www.intelligence.tuc.gr/~batsakis/Interval-based#b_ov_m http://www.intelligence.tuc.gr/~batsakis/Interval-based#49	1
http://www.intelligence.tuc.gr/~batsakis/Interval-based#36 http://www.intelligence.tuc.gr/~batsakis/Interval-based#b http://www.intelligence.tuc.gr/~batsakis/Interval-based#50	1
http://www.intelligence.tuc.gr/~batsakis/Interval-based#36 http://www.intelligence.tuc.gr/~batsakis/Interval-based#oi http://www.intelligence.tuc.gr/~batsakis/Interval-based#51	1
http://www.intelligence.tuc.gr/~batsakis/Interval-based#36 http://www.intelligence.tuc.gr/~batsakis/Interval-based#di http://www.intelligence.tuc.gr/~batsakis/Interval-based#52	1
http://www.intelligence.tuc.gr/~batsakis/Interval-based#36 http://www.intelligence.tuc.gr/~batsakis/Interval-based#ov http://www.intelligence.tuc.gr/~batsakis/Interval-based#53	1
http://www.intelligence.tuc.gr/~batsakis/Interval-based#36 http://www.intelligence.tuc.gr/~batsakis/Interval-based#ov http://www.intelligence.tuc.gr/~batsakis/Interval-based#54	1
http://www.intelligence.tuc.gr/~batsakis/Interval-based#36 http://www.intelligence.tuc.gr/~batsakis/Interval-based#si http://www.intelligence.tuc.gr/~batsakis/Interval-based#55	1
http://www.intelligence.tuc.gr/~batsakis/Interval-based#36 http://www.intelligence.tuc.gr/~batsakis/Interval-based#di_oi_si http://www.intelligence.tuc.gr/~batsakis/Interval-based#56	1
http://www.intelligence.tuc.gr/~batsakis/Interval-based#36 http://www.intelligence.tuc.gr/~batsakis/Interval-based#oi http://www.intelligence.tuc.gr/~batsakis/Interval-based#57	1
http://www.intelligence.tuc.gr/~batsakis/Interval-based#36 http://www.intelligence.tuc.gr/~batsakis/Interval-based#oi http://www.intelligence.tuc.gr/~batsakis/Interval-based#58	1
http://www.intelligence.tuc.gr/~batsakis/Interval-based#36 http://www.intelligence.tuc.gr/~batsakis/Interval-based#ov http://www.intelligence.tuc.gr/~batsakis/Interval-based#59	1
http://www.intelligence.tuc.gr/~batsakis/Interval-based#36 http://www.intelligence.tuc.gr/~batsakis/Interval-based#oi http://www.intelligence.tuc.gr/~batsakis/Interval-based#60	1
http://www.intelligence.tuc.gr/~batsakis/Interval-based#36 http://www.intelligence.tuc.gr/~batsakis/Interval-based#ov http://www.intelligence.tuc.gr/~batsakis/Interval-based#61	1
http://www.intelligence.tuc.gr/~batsakis/Interval-based#36 http://www.intelligence.tuc.gr/~batsakis/Interval-based#d http://www.intelligence.tuc.gr/~batsakis/Interval-based#62	1
http://www.intelligence.tuc.gr/~batsakis/Interval-based#36 http://www.intelligence.tuc.gr/~batsakis/Interval-based#d_ov_s http://www.intelligence.tuc.gr/~batsakis/Interval-based#63	1
http://www.intelligence.tuc.gr/~batsakis/Interval-based#37 http://www.intelligence.tuc.gr/~batsakis/Interval-based#ov http://www.intelligence.tuc.gr/~batsakis/Interval-based#0	1
http://www.intelligence.tuc.gr/~batsakis/Interval-based#37 http://www.intelligence.tuc.gr/~batsakis/Interval-based#d http://www.intelligence.tuc.gr/~batsakis/Interval-based#1	1
http://www.intelligence.tuc.gr/~batsakis/Interval-based#37 http://www.intelligence.tuc.gr/~batsakis/Interval-based#ov http://www.intelligence.tuc.gr/~batsakis/Interval-based#2	1
http://www.intelligence.tuc.gr/~batsakis/Interval-based#37 http://www.intelligence.tuc.gr/~batsakis/Interval-based#f_fi_eq http://www.intelligence.tuc.gr/~batsakis/Interval-based#3	1
http://www.intelligence.tuc.gr/~batsakis/Interval-based#37 http://www.intelligence.tuc.gr/~batsakis/Interval-based#b http://www.intelligence.tuc.gr/~batsakis/Interval-based#4	1
http://www.intelligence.tuc.gr/~batsakis/Interval-based#37 http://www.intelligence.tuc.gr/~batsakis/Interval-based#a_oi_mi http://www.intelligence.tuc.gr/~batsakis/Interval-based#5	1
http://www.intelligence.tuc.gr/~batsakis/Interval-based#37 http://www.intelligence.tuc.gr/~batsakis/Interval-based#ov http://www.intelligence.tuc.gr/~batsakis/Interval-based#6	1
http://www.intelligence.tuc.gr/~batsakis/Interval-based#37 http://www.intelligence.tuc.gr/~batsakis/Interval-based#d http://www.intelligence.tuc.gr/~batsakis/Interval-based#7	1
http://www.intelligence.tuc.gr/~batsakis/Interval-based#37 http://www.intelligence.tuc.gr/~batsakis/Interval-based#di http://www.intelligence.tuc.gr/~batsakis/Interval-based#8	1
http://www.intelligence.tuc.gr/~batsakis/Interval-based#37 http://www.intelligence.tuc.gr/~batsakis/Interval-based#ov http://www.intelligence.tuc.gr/~batsakis/Interval-based#9	1
http://www.intelligence.tuc.gr/~batsakis/Interval-based#37 http://www.intelligence.tuc.gr/~batsakis/Interval-based#s http://www.intelligence.tuc.gr/~batsakis/Interval-based#10	1
http://www.intelligence.tuc.gr/~batsakis/Interval-based#37 http://www.intelligence.tuc.gr/~batsakis/Interval-based#oi http://www.intelligence.tuc.gr/~batsakis/Interval-based#11	1
http://www.intelligence.tuc.gr/~batsakis/Interval-based#37 http://www.intelligence.tuc.gr/~batsakis/Interval-based#d http://www.intelligence.tuc.gr/~batsakis/Interval-based#12	1
http://www.intelligence.tuc.gr/~batsakis/Interval-based#37 http://www.intelligence.tuc.gr/~batsakis/Interval-based#ov http://www.intelligence.tuc.gr/~batsakis/Interval-based#13	1
http://www.intelligence.tuc.gr/~batsakis/Interval-based#37 http://www.intelligence.tuc.gr/~batsakis/Interval-based#di http://www.intelligence.tuc.gr/~batsakis/Interval-based#14	1
http://www.intelligence.tuc.gr/~batsakis/Interval-based#37 http://www.intelligence.tuc.gr/~batsakis/Interval-based#oi http://www.intelligence.tuc.gr/~batsakis/Interval-based#15	1
http://www.intelligence.tuc.gr/~batsakis/Interval-based#37 http://www.intelligence.tuc.gr/~batsakis/Interval-based#oi http://www.intelligence.tuc.gr/~batsakis/Interval-based#16	1
http://www.intelligence.tuc.gr/~batsakis/Interval-based#37 http://www.intelligence.tuc.gr/~batsakis/Interval-based#di http://www.intelligence.tuc.gr/~batsakis/Interval-based#17	1
http://www.intelligence.tuc.gr/~batsakis/Interval-based#37 http://www.intelligence.tuc.gr/~batsakis/Interval-based#b http://www.intelligence.tuc.gr/~batsakis/Interval-based#18	1
http://www.intelligence.tuc.gr/~batsakis/Interval-based#37 http://www.intelligence.tuc.gr/~batsakis/Interval-based#di http://www.intelligence.tuc.gr/~batsakis/Interval-based#19	1
http://www.intelligence.tuc.gr/~batsakis/Interval-based#37 http://www.intelligence.tuc.gr/~batsakis/Interval-based#b http://www.intelligence.tuc.gr/~batsakis/Interval-based#20	1
http://www.intelligence.tuc.gr/~batsakis/Interval-based#37 http://www.intelligence.tuc.gr/~batsakis/Interval-based#d http://www.intelligence.tuc.gr/~batsakis/Interval-based#21	1
http://www.intelligence.tuc.gr/~batsakis/Interval-based#37 http://www.intelligence.tuc.gr/~batsakis/Interval-based#ov http://www.intelligence.tuc.gr/~batsakis/Interval-based#22	1
http://www.intelligence.tuc.gr/~batsakis/Interval-based#37 http://www.intelligence.tuc.gr/~batsakis/Interval-based#b http://www.intelligence.tuc.gr/~batsakis/Interval-based#23	1
http://www.intelligence.tuc.gr/~batsakis/Interval-based#37 http://www.intelligence.tuc.gr/~batsakis/Interval-based#ov http://www.intelligence.tuc.gr/~batsakis/Interval-based#24	1
http://www.intelligence.tuc.gr/~batsakis/Interval-based#37 http://www.intelligence.tuc.gr/~batsakis/Interval-based#ov http://www.intelligence.tuc.gr/~batsakis/Interval-based#25	1
http://www.intelligence.tuc.gr/~batsakis/Interval-based#37 http://www.intelligence.tuc.gr/~batsakis/Interval-based#oi http://www.intelligence.tuc.gr/~batsakis/Interval-based#26	1
http://www.intelligence.tuc.gr/~batsakis/Interval-based#37 http://www.intelligence.tuc.gr/~batsakis/Interval-based#d_ov_s http://www.intelligence.tuc.gr/~batsakis/Interval-based#27	1
http://www.intelligence.tuc.gr/~batsakis/Interval-based#37 http://www.intelligence.tuc.gr/~batsakis/Interval-based#ov http://www.intelligence.tuc.gr/~batsakis/Interval-based#28	1
http://www.intelligence.tuc.gr/~batsakis/Interval-based#37 http://www.intelligence.tuc.gr/~batsakis/Interval-based#d http://www.intelligence.tuc.gr/~batsakis/Interval-based#29	1
http://www.intelligence.tuc.gr/~batsakis/Interval-based#37 http://www.intelligence.tuc.gr/~batsakis/Interval-based#d_oi_f http://www.intelligence.tuc.gr/~batsakis/Interval-based#30	1
http://www.intelligence.tuc.gr/~batsakis/Interval-based#37 http://www.intelligence.tuc.gr/~batsakis/Interval-based#d_ov_s http://www.intelligence.tuc.gr/~batsakis/Interval-based#31	1
http://www.intelligence.tuc.gr/~batsakis/Interval-based#37 http://www.intelligence.tuc.gr/~batsakis/Interval-based#d_ov_s http://www.intelligence.tuc.gr/~batsakis/Interval-based#32	1
http://www.intelligence.tuc.gr/~batsakis/Interval-based#37 http://www.intelligence.tuc.gr/~batsakis/Interval-based#b http://www.intelligence.tuc.gr/~batsakis/Interval-based#33	1
http://www.intelligence.tuc.gr/~batsakis/Interval-based#37 http://www.intelligence.tuc.gr/~batsakis/Interval-based#oi http://www.intelligence.tuc.gr/~batsakis/Interval-based#34	1
http://www.intelligence.tuc.gr/~batsakis/Interval-based#37 http://www.intelligence.tuc.gr/~batsakis/Interval-based#ov http://www.intelligence.tuc.gr/~batsakis/Interval-based#35	1
http://www.intelligence.tuc.gr/~batsakis/Interval-based#37 http://www.intelligence.tuc.gr/~batsakis/Interval-based#d http://www.intelligence.tuc.gr/~batsakis/Interval-based#36	1
http://www.intelligence.tuc.gr/~batsakis/Interval-based#37 http://www.intelligence.tuc.gr/~batsakis/Interval-based#d http://www.intelligence.tuc.gr/~batsakis/Interval-based#38	1
http://www.intelligence.tuc.gr/~batsakis/Interval-based#37 http://www.intelligence.tuc.gr/~batsakis/Interval-based#ov http://www.intelligence.tuc.gr/~batsakis/Interval-based#39	1
http://www.intelligence.tuc.gr/~batsakis/Interval-based#37 http://www.intelligence.tuc.gr/~batsakis/Interval-based#di_oi_si http://www.intelligence.tuc.gr/~batsakis/Interval-based#40	1
http://www.intelligence.tuc.gr/~batsakis/Interval-based#37 http://www.intelligence.tuc.gr/~batsakis/Interval-based#di_oi_si http://www.intelligence.tuc.gr/~batsakis/Interval-based#41	1
http://www.intelligence.tuc.gr/~batsakis/Interval-based#37 http://www.intelligence.tuc.gr/~batsakis/Interval-based#b_ov_m http://www.intelligence.tuc.gr/~batsakis/Interval-based#42	1
http://www.intelligence.tuc.gr/~batsakis/Interval-based#37 http://www.intelligence.tuc.gr/~batsakis/Interval-based#d http://www.intelligence.tuc.gr/~batsakis/Interval-based#43	1
http://www.intelligence.tuc.gr/~batsakis/Interval-based#37 http://www.intelligence.tuc.gr/~batsakis/Interval-based#di http://www.intelligence.tuc.gr/~batsakis/Interval-based#44	1
http://www.intelligence.tuc.gr/~batsakis/Interval-based#37 http://www.intelligence.tuc.gr/~batsakis/Interval-based#oi http://www.intelligence.tuc.gr/~batsakis/Interval-based#45	1
http://www.intelligence.tuc.gr/~batsakis/Interval-based#37 http://www.intelligence.tuc.gr/~batsakis/Interval-based#f http://www.intelligence.tuc.gr/~batsakis/Interval-based#46	1
http://www.intelligence.tuc.gr/~batsakis/Interval-based#37 http://www.intelligence.tuc.gr/~batsakis/Interval-based#di http://www.intelligence.tuc.gr/~batsakis/Interval-based#47	1
http://www.intelligence.tuc.gr/~batsakis/Interval-based#37 http://www.intelligence.tuc.gr/~batsakis/Interval-based#b http://www.intelligence.tuc.gr/~batsakis/Interval-based#48	1
http://www.intelligence.tuc.gr/~batsakis/Interval-based#37 http://www.intelligence.tuc.gr/~batsakis/Interval-based#b http://www.intelligence.tuc.gr/~batsakis/Interval-based#49	1
http://www.intelligence.tuc.gr/~batsakis/Interval-based#37 http://www.intelligence.tuc.gr/~batsakis/Interval-based#b http://www.intelligence.tuc.gr/~batsakis/Interval-based#50	1
http://www.intelligence.tuc.gr/~batsakis/Interval-based#37 http://www.intelligence.tuc.gr/~batsakis/Interval-based#oi http://www.intelligence.tuc.gr/~batsakis/Interval-based#51	1
http://www.intelligence.tuc.gr/~batsakis/Interval-based#37 http://www.intelligence.tuc.gr/~batsakis/Interval-based#s http://www.intelligence.tuc.gr/~batsakis/Interval-based#52	1
http://www.intelligence.tuc.gr/~batsakis/Interval-based#37 http://www.intelligence.tuc.gr/~batsakis/Interval-based#ov http://www.intelligence.tuc.gr/~batsakis/Interval-based#53	1
http://www.intelligence.tuc.gr/~batsakis/Interval-based#37 http://www.intelligence.tuc.gr/~batsakis/Interval-based#b_ov_m http://www.intelligence.tuc.gr/~batsakis/Interval-based#54	1
http://www.intelligence.tuc.gr/~batsakis/Interval-based#37 http://www.intelligence.tuc.gr/~batsakis/Interval-based#f http://www.intelligence.tuc.gr/~batsakis/Interval-based#55	1
http://www.intelligence.tuc.gr/~batsakis/Interval-based#37 http://www.intelligence.tuc.gr/~batsakis/Interval-based#di_oi_si http://www.intelligence.tuc.gr/~batsakis/Interval-based#56	1
http://www.intelligence.tuc.gr/~batsakis/Interval-based#37 http://www.intelligence.tuc.gr/~batsakis/Interval-based#f http://www.intelligence.tuc.gr/~batsakis/Interval-based#57	1
http://www.intelligence.tuc.gr/~batsakis/Interval-based#37 http://www.intelligence.tuc.gr/~batsakis/Interval-based#d http://www.intelligence.tuc.gr/~batsakis/Interval-based#58	1
http://www.intelligence.tuc.gr/~batsakis/Interval-based#37 http://www.intelligence.tuc.gr/~batsakis/Interval-based#ov http://www.intelligence.tuc.gr/~batsakis/Interval-based#59	1
http://www.intelligence.tuc.gr/~batsakis/Interval-based#37 http://www.intelligence.tuc.gr/~batsakis/Interval-based#d http://www.intelligence.tuc.gr/~batsakis/Interval-based#60	1
http://www.intelligence.tuc.gr/~batsakis/Interval-based#37 http://www.intelligence.tuc.gr/~batsakis/Interval-based#b http://www.intelligence.tuc.gr/~batsakis/Interval-based#61	1
http://www.intelligence.tuc.gr/~batsakis/Interval-based#37 http://www.intelligence.tuc.gr/~batsakis/Interval-based#d http://www.intelligence.tuc.gr/~batsakis/Interval-based#62	1
http://www.intelligence.tuc.gr/~batsakis/Interval-based#37 http://www.intelligence.tuc.gr/~batsakis/Interval-based#d_ov_s http://www.intelligence.tuc.gr/~batsakis/Interval-based#63	1
http://www.intelligence.tuc.gr/~batsakis/Interval-based#38 http://www.intelligence.tuc.gr/~batsakis/Interval-based#ov http://www.intelligence.tuc.gr/~batsakis/Interval-based#0	1
http://www.intelligence.tuc.gr/~batsakis/Interval-based#38 http://www.intelligence.tuc.gr/~batsakis/Interval-based#oi http://www.intelligence.tuc.gr/~batsakis/Interval-based#1	1
http://www.intelligence.tuc.gr/~batsakis/Interval-based#38 http://www.intelligence.tuc.gr/~batsakis/Interval-based#di http://www.intelligence.tuc.gr/~batsakis/Interval-based#2	1
http://www.intelligence.tuc.gr/~batsakis/Interval-based#38 http://www.intelligence.tuc.gr/~batsakis/Interval-based#di http://www.intelligence.tuc.gr/~batsakis/Interval-based#3	1
http://www.intelligence.tuc.gr/~batsakis/Interval-based#38 http://www.intelligence.tuc.gr/~batsakis/Interval-based#di_ov_fi http://www.intelligence.tuc.gr/~batsakis/Interval-based#4	1
http://www.intelligence.tuc.gr/~batsakis/Interval-based#38 http://www.intelligence.tuc.gr/~batsakis/Interval-based#di http://www.intelligence.tuc.gr/~batsakis/Interval-based#5	1
http://www.intelligence.tuc.gr/~batsakis/Interval-based#38 http://www.intelligence.tuc.gr/~batsakis/Interval-based#fi http://www.intelligence.tuc.gr/~batsakis/Interval-based#6	1
http://www.intelligence.tuc.gr/~batsakis/Interval-based#38 http://www.intelligence.tuc.gr/~batsakis/Interval-based#di http://www.intelligence.tuc.gr/~batsakis/Interval-based#7	1
http://www.intelligence.tuc.gr/~batsakis/Interval-based#38 http://www.intelligence.tuc.gr/~batsakis/Interval-based#di http://www.intelligence.tuc.gr/~batsakis/Interval-based#8	1
http://www.intelligence.tuc.gr/~batsakis/Interval-based#38 http://www.intelligence.tuc.gr/~batsakis/Interval-based#di http://www.intelligence.tuc.gr/~batsakis/Interval-based#9	1
http://www.intelligence.tuc.gr/~batsakis/Interval-based#38 http://www.intelligence.tuc.gr/~batsakis/Interval-based#di http://www.intelligence.tuc.gr/~batsakis/Interval-based#10	1
http://www.intelligence.tuc.gr/~batsakis/Interval-based#38 http://www.intelligence.tuc.gr/~batsakis/Interval-based#di http://www.intelligence.tuc.gr/~batsakis/Interval-based#11	1
http://www.intelligence.tuc.gr/~batsakis/Interval-based#38 http://www.intelligence.tuc.gr/~batsakis/Interval-based#si http://www.intelligence.tuc.gr/~batsakis/Interval-based#12	1
http://www.intelligence.tuc.gr/~batsakis/Interval-based#38 http://www.intelligence.tuc.gr/~batsakis/Interval-based#ov http://www.intelligence.tuc.gr/~batsakis/Interval-based#13	1
http://www.intelligence.tuc.gr/~batsakis/Interval-based#38 http://www.intelligence.tuc.gr/~batsakis/Interval-based#di http://www.intelligence.tuc.gr/~batsakis/Interval-based#14	1
http://www.intelligence.tuc.gr/~batsakis/Interval-based#38 http://www.intelligence.tuc.gr/~batsakis/Interval-based#di http://www.intelligence.tuc.gr/~batsakis/Interval-based#15	1
http://www.intelligence.tuc.gr/~batsakis/Interval-based#38 http://www.intelligence.tuc.gr/~batsakis/Interval-based#di http://www.intelligence.tuc.gr/~batsakis/Interval-based#16	1
http://www.intelligence.tuc.gr/~batsakis/Interval-based#38 http://www.intelligence.tuc.gr/~batsakis/Interval-based#di http://www.intelligence.tuc.gr/~batsakis/Interval-based#17	1
http://www.intelligence.tuc.gr/~batsakis/Interval-based#38 http://www.intelligence.tuc.gr/~batsakis/Interval-based#b_di_ov_m_fi http://www.intelligence.tuc.gr/~batsakis/Interval-based#18	1
http://www.intelligence.tuc.gr/~batsakis/Interval-based#38 http://www.intelligence.tuc.gr/~batsakis/Interval-based#di http://www.intelligence.tuc.gr/~batsakis/Interval-based#19	1
http://www.intelligence.tuc.gr/~batsakis/Interval-based#38 http://www.intelligence.tuc.gr/~batsakis/Interval-based#ov http://www.intelligence.tuc.gr/~batsakis/Interval-based#20	1
http://www.intelligence.tuc.gr/~batsakis/Interval-based#38 http://www.intelligence.tuc.gr/~batsakis/Interval-based#di http://www.intelligence.tuc.gr/~batsakis/Interval-based#21	1
http://www.intelligence.tuc.gr/~batsakis/Interval-based#38 http://www.intelligence.tuc.gr/~batsakis/Interval-based#di http://www.intelligence.tuc.gr/~batsakis/Interval-based#22	1
http://www.intelligence.tuc.gr/~batsakis/Interval-based#38 http://www.intelligence.tuc.gr/~batsakis/Interval-based#ov http://www.intelligence.tuc.gr/~batsakis/Interval-based#23	1
http://www.intelligence.tuc.gr/~batsakis/Interval-based#38 http://www.intelligence.tuc.gr/~batsakis/Interval-based#di http://www.intelligence.tuc.gr/~batsakis/Interval-based#24	1
http://www.intelligence.tuc.gr/~batsakis/Interval-based#38 http://www.intelligence.tuc.gr/~batsakis/Interval-based#di http://www.intelligence.tuc.gr/~batsakis/Interval-based#25	1
http://www.intelligence.tuc.gr/~batsakis/Interval-based#38 http://www.intelligence.tuc.gr/~batsakis/Interval-based#di http://www.intelligence.tuc.gr/~batsakis/Interval-based#26	1
http://www.intelligence.tuc.gr/~batsakis/Interval-based#38 http://www.intelligence.tuc.gr/~batsakis/Interval-based#di http://www.intelligence.tuc.gr/~batsakis/Interval-based#27	1
http://www.intelligence.tuc.gr/~batsakis/Interval-based#38 http://www.intelligence.tuc.gr/~batsakis/Interval-based#ov http://www.intelligence.tuc.gr/~batsakis/Interval-based#28	1
http://www.intelligence.tuc.gr/~batsakis/Interval-based#38 http://www.intelligence.tuc.gr/~batsakis/Interval-based#si http://www.intelligence.tuc.gr/~batsakis/Interval-based#29	1
http://www.intelligence.tuc.gr/~batsakis/Interval-based#38 http://www.intelligence.tuc.gr/~batsakis/Interval-based#di_oi_si http://www.intelligence.tuc.gr/~batsakis/Interval-based#30	1
http://www.intelligence.tuc.gr/~batsakis/Interval-based#38 http://www.intelligence.tuc.gr/~batsakis/Interval-based#di http://www.intelligence.tuc.gr/~batsakis/Interval-based#31	1
http://www.intelligence.tuc.gr/~batsakis/Interval-based#38 http://www.intelligence.tuc.gr/~batsakis/Interval-based#di_ov_fi http://www.intelligence.tuc.gr/~batsakis/Interval-based#32	1
http://www.intelligence.tuc.gr/~batsakis/Interval-based#38 http://www.intelligence.tuc.gr/~batsakis/Interval-based#ov http://www.intelligence.tuc.gr/~batsakis/Interval-based#33	1
http://www.intelligence.tuc.gr/~batsakis/Interval-based#38 http://www.intelligence.tuc.gr/~batsakis/Interval-based#di http://www.intelligence.tuc.gr/~batsakis/Interval-based#34	1
http://www.intelligence.tuc.gr/~batsakis/Interval-based#38 http://www.intelligence.tuc.gr/~batsakis/Interval-based#di http://www.intelligence.tuc.gr/~batsakis/Interval-based#35	1
http://www.intelligence.tuc.gr/~batsakis/Interval-based#38 http://www.intelligence.tuc.gr/~batsakis/Interval-based#di http://www.intelligence.tuc.gr/~batsakis/Interval-based#36	1
http://www.intelligence.tuc.gr/~batsakis/Interval-based#38 http://www.intelligence.tuc.gr/~batsakis/Interval-based#di http://www.intelligence.tuc.gr/~batsakis/Interval-based#37	1
http://www.intelligence.tuc.gr/~batsakis/Interval-based#38 http://www.intelligence.tuc.gr/~batsakis/Interval-based#di_ov_fi http://www.intelligence.tuc.gr/~batsakis/Interval-based#39	1
http://www.intelligence.tuc.gr/~batsakis/Interval-based#38 http://www.intelligence.tuc.gr/~batsakis/Interval-based#di http://www.intelligence.tuc.gr/~batsakis/Interval-based#40	1
http://www.intelligence.tuc.gr/~batsakis/Interval-based#38 http://www.intelligence.tuc.gr/~batsakis/Interval-based#di http://www.intelligence.tuc.gr/~batsakis/Interval-based#41	1
http://www.intelligence.tuc.gr/~batsakis/Interval-based#38 http://www.intelligence.tuc.gr/~batsakis/Interval-based#di_ov_fi http://www.intelligence.tuc.gr/~batsakis/Interval-based#42	1
http://www.intelligence.tuc.gr/~batsakis/Interval-based#38 http://www.intelligence.tuc.gr/~batsakis/Interval-based#di http://www.intelligence.tuc.gr/~batsakis/Interval-based#43	1
http://www.intelligence.tuc.gr/~batsakis/Interval-based#38 http://www.intelligence.tuc.gr/~batsakis/Interval-based#di http://www.intelligence.tuc.gr/~batsakis/Interval-based#44	1
http://www.intelligence.tuc.gr/~batsakis/Interval-based#38 http://www.intelligence.tuc.gr/~batsakis/Interval-based#di http://www.intelligence.tuc.gr/~batsakis/Interval-based#45	1
http://www.intelligence.tuc.gr/~batsakis/Interval-based#38 http://www.intelligence.tuc.gr/~batsakis/Interval-based#di_oi_si http://www.intelligence.tuc.gr/~batsakis/Interval-based#46	1
http://www.intelligence.tuc.gr/~batsakis/Interval-based#38 http://www.intelligence.tuc.gr/~batsakis/Interval-based#di http://www.intelligence.tuc.gr/~batsakis/Interval-based#47	1
http://www.intelligence.tuc.gr/~batsakis/Interval-based#38 http://www.intelligence.tuc.gr/~batsakis/Interval-based#di http://www.intelligence.tuc.gr/~batsakis/Interval-based#48	1
http://www.intelligence.tuc.gr/~batsakis/Interval-based#38 http://www.intelligence.tuc.gr/~batsakis/Interval-based#ov http://www.intelligence.tuc.gr/~batsakis/Interval-based#49	1
http://www.intelligence.tuc.gr/~batsakis/Interval-based#38 http://www.intelligence.tuc.gr/~batsakis/Interval-based#di_ov_fi http://www.intelligence.tuc.gr/~batsakis/Interval-based#50	1
http://www.intelligence.tuc.gr/~batsakis/Interval-based#38 http://www.intelligence.tuc.gr/~batsakis/Interval-based#di http://www.intelligence.tuc.gr/~batsakis/Interval-based#51	1
http://www.intelligence.tuc.gr/~batsakis/Interval-based#38 http://www.intelligence.tuc.gr/~batsakis/Interval-based#di http://www.intelligence.tuc.gr/~batsakis/Interval-based#52	1
http://www.intelligence.tuc.gr/~batsakis/Interval-based#38 http://www.intelligence.tuc.gr/~batsakis/Interval-based#di http://www.intelligence.tuc.gr/~batsakis/Interval-based#53	1
http://www.intelligence.tuc.gr/~batsakis/Interval-based#38 http://www.intelligence.tuc.gr/~batsakis/Interval-based#di http://www.intelligence.tuc.gr/~batsakis/Interval-based#54	1
http://www.intelligence.tuc.gr/~batsakis/Interval-based#38 http://www.intelligence.tuc.gr/~batsakis/Interval-based#di http://www.intelligence.tuc.gr/~batsakis/Interval-based#55	1
http://www.intelligence.tuc.gr/~batsakis/Interval-based#38 http://www.intelligence.tuc.gr/~batsakis/Interval-based#di http://www.intelligence.tuc.gr/~batsakis/Interval-based#56	1
http://www.intelligence.tuc.gr/~batsakis/Interval-based#38 http://www.intelligence.tuc.gr/~batsakis/Interval-based#di http://www.intelligence.tuc.gr/~batsakis/Interval-based#57	1
http://www.intelligence.tuc.gr/~batsakis/Interval-based#38 http://www.intelligence.tuc.gr/~batsakis/Interval-based#si http://www.intelligence.tuc.gr/~batsakis/Interval-based#58	1
http://www.intelligence.tuc.gr/~batsakis/Interval-based#38 http://www.intelligence.tuc.gr/~batsakis/Interval-based#di http://www.intelligence.tuc.gr/~batsakis/Interval-based#59	1
http://www.intelligence.tuc.gr/~batsakis/Interval-based#38 http://www.intelligence.tuc.gr/~batsakis/Interval-based#di http://www.intelligence.tuc.gr/~batsakis/Interval-based#60	1
http://www.intelligence.tuc.gr/~batsakis/Interval-based#38 http://www.intelligence.tuc.gr/~batsakis/Interval-based#di http://www.intelligence.tuc.gr/~batsakis/Interval-based#61	1
http://www.intelligence.tuc.gr/~batsakis/Interval-based#38 http://www.intelligence.tuc.gr/~batsakis/Interval-based#ov http://www.intelligence.tuc.gr/~batsakis/Interval-based#62	1
http://www.intelligence.tuc.gr/~batsakis/Interval-based#38 http://www.intelligence.tuc.gr/~batsakis/Interval-based#ov http://www.intelligence.tuc.gr/~batsakis/Interval-based#63	1
http://www.intelligence.tuc.gr/~batsakis/Interval-based#39 http://www.intelligence.tuc.gr/~batsakis/Interval-based#d http://www.intelligence.tuc.gr/~batsakis/Interval-based#0	1
http://www.intelligence.tuc.gr/~batsakis/Interval-based#39 http://www.intelligence.tuc.gr/~batsakis/Interval-based#oi http://www.intelligence.tuc.gr/~batsakis/Interval-based#1	1
http://www.intelligence.tuc.gr/~batsakis/Interval-based#39 http://www.intelligence.tuc.gr/~batsakis/Interval-based#di http://www.intelligence.tuc.gr/~batsakis/Interval-based#2	1
http://www.intelligence.tuc.gr/~batsakis/Interval-based#39 http://www.intelligence.tuc.gr/~batsakis/Interval-based#oi http://www.intelligence.tuc.gr/~batsakis/Interval-based#3	1
http://www.intelligence.tuc.gr/~batsakis/Interval-based#39 http://www.intelligence.tuc.gr/~batsakis/Interval-based#fi http://www.intelligence.tuc.gr/~batsakis/Interval-based#4	1
http://www.intelligence.tuc.gr/~batsakis/Interval-based#39 http://www.intelligence.tuc.gr/~batsakis/Interval-based#a http://www.intelligence.tuc.gr/~batsakis/Interval-based#5	1
http://www.intelligence.tuc.gr/~batsakis/Interval-based#39 http://www.intelligence.tuc.gr/~batsakis/Interval-based#di_ov_fi http://www.intelligence.tuc.gr/~batsakis/Interval-based#6	1
http://www.intelligence.tuc.gr/~batsakis/Interval-based#39 http://www.intelligence.tuc.gr/~batsakis/Interval-based#oi http://www.intelligence.tuc.gr/~batsakis/Interval-based#7	1
http://www.intelligence.tuc.gr/~batsakis/Interval-based#39 http://www.intelligence.tuc.gr/~batsakis/Interval-based#mi http://www.intelligence.tuc.gr/~batsakis/Interval-based#8	1
http://www.intelligence.tuc.gr/~batsakis/Interval-based#39 http://www.intelligence.tuc.gr/~batsakis/Interval-based#oi http://www.intelligence.tuc.gr/~batsakis/Interval-based#9	1
http://www.intelligence.tuc.gr/~batsakis/Interval-based#39 http://www.intelligence.tuc.gr/~batsakis/Interval-based#oi http://www.intelligence.tuc.gr/~batsakis/Interval-based#10	1
http://www.intelligence.tuc.gr/~batsakis/Interval-based#39 http://www.intelligence.tuc.gr/~batsakis/Interval-based#a http://www.intelligence.tuc.gr/~batsakis/Interval-based#11	1
http://www.intelligence.tuc.gr/~batsakis/Interval-based#39 http://www.intelligence.tuc.gr/~batsakis/Interval-based#oi http://www.intelligence.tuc.gr/~batsakis/Interval-based#12	1
http://www.intelligence.tuc.gr/~batsakis/Interval-based#39 http://www.intelligence.tuc.gr/~batsakis/Interval-based#ov http://www.intelligence.tuc.gr/~batsakis/Interval-based#13	1
http://www.intelligence.tuc.gr/~batsakis/Interval-based#39 http://www.intelligence.tuc.gr/~batsakis/Interval-based#oi http://www.intelligence.tuc.gr/~batsakis/Interval-based#14	1
http://www.intelligence.tuc.gr/~batsakis/Interval-based#39 http://www.intelligence.tuc.gr/~batsakis/Interval-based#oi http://www.intelligence.tuc.gr/~batsakis/Interval-based#15	1
http://www.intelligence.tuc.gr/~batsakis/Interval-based#39 http://www.intelligence.tuc.gr/~batsakis/Interval-based#a http://www.intelligence.tuc.gr/~batsakis/Interval-based#16	1
http://www.intelligence.tuc.gr/~batsakis/Interval-based#39 http://www.intelligence.tuc.gr/~batsakis/Interval-based#oi http://www.intelligence.tuc.gr/~batsakis/Interval-based#17	1
http://www.intelligence.tuc.gr/~batsakis/Interval-based#39 http://www.intelligence.tuc.gr/~batsakis/Interval-based#b_di_ov_m_fi http://www.intelligence.tuc.gr/~batsakis/Interval-based#18	1
http://www.intelligence.tuc.gr/~batsakis/Interval-based#39 http://www.intelligence.tuc.gr/~batsakis/Interval-based#oi http://www.intelligence.tuc.gr/~batsakis/Interval-based#19	1
http://www.intelligence.tuc.gr/~batsakis/Interval-based#39 http://www.intelligence.tuc.gr/~batsakis/Interval-based#di_ov_fi http://www.intelligence.tuc.gr/~batsakis/Interval-based#20	1
http://www.intelligence.tuc.gr/~batsakis/Interval-based#39 http://www.intelligence.tuc.gr/~batsakis/Interval-based#oi http://www.intelligence.tuc.gr/~batsakis/Interval-based#21	1
http://www.intelligence.tuc.gr/~batsakis/Interval-based#39 http://www.intelligence.tuc.gr/~batsakis/Interval-based#di http://www.intelligence.tuc.gr/~batsakis/Interval-based#22	1
http://www.intelligence.tuc.gr/~batsakis/Interval-based#39 http://www.intelligence.tuc.gr/~batsakis/Interval-based#di_ov_fi http://www.intelligence.tuc.gr/~batsakis/Interval-based#23	1
http://www.intelligence.tuc.gr/~batsakis/Interval-based#39 http://www.intelligence.tuc.gr/~batsakis/Interval-based#oi http://www.intelligence.tuc.gr/~batsakis/Interval-based#24	1
http://www.intelligence.tuc.gr/~batsakis/Interval-based#39 http://www.intelligence.tuc.gr/~batsakis/Interval-based#oi http://www.intelligence.tuc.gr/~batsakis/Interval-based#25	1
http://www.intelligence.tuc.gr/~batsakis/Interval-based#39 http://www.intelligence.tuc.gr/~batsakis/Interval-based#a http://www.intelligence.tuc.gr/~batsakis/Interval-based#26	1
http://www.intelligence.tuc.gr/~batsakis/Interval-based#39 http://www.intelligence.tuc.gr/~batsakis/Interval-based#d_oi_f http://www.intelligence.tuc.gr/~batsakis/Interval-based#27	1
http://www.intelligence.tuc.gr/~batsakis/Interval-based#39 http://www.intelligence.tuc.gr/~batsakis/Interval-based#s http://www.intelligence.tuc.gr/~batsakis/Interval-based#28	1
http://www.intelligence.tuc.gr/~batsakis/Interval-based#39 http://www.intelligence.tuc.gr/~batsakis/Interval-based#oi http://www.intelligence.tuc.gr/~batsakis/Interval-based#29	1
http://www.intelligence.tuc.gr/~batsakis/Interval-based#39 http://www.intelligence.tuc.gr/~batsakis/Interval-based#a_oi_mi http://www.intelligence.tuc.gr/~batsakis/Interval-based#30	1
http://www.intelligence.tuc.gr/~batsakis/Interval-based#39 http://www.intelligence.tuc.gr/~batsakis/Interval-based#oi http://www.intelligence.tuc.gr/~batsakis/Interval-based#31	1
http://www.intelligence.tuc.gr/~batsakis/Interval-based#39 http://www.intelligence.tuc.gr/~batsakis/Interval-based#d http://www.intelligence.tuc.gr/~batsakis/Interval-based#32	1
http://www.intelligence.tuc.gr/~batsakis/Interval-based#39 http://www.intelligence.tuc.gr/~batsakis/Interval-based#ov http://www.intelligence.tuc.gr/~batsakis/Interval-based#33	1
http://www.intelligence.tuc.gr/~batsakis/Interval-based#39 http://www.intelligence.tuc.gr/~batsakis/Interval-based#oi http://www.intelligence.tuc.gr/~batsakis/Interval-based#34	1
http://www.intelligence.tuc.gr/~batsakis/Interval-based#39 http://www.intelligence.tuc.gr/~batsakis/Interval-based#oi http://www.intelligence.tuc.gr/~batsakis/Interval-based#35	1
http://www.intelligence.tuc.gr/~batsakis/Interval-based#39 http://www.intelligence.tuc.gr/~batsakis/Interval-based#oi http://www.intelligence.tuc.gr/~batsakis/Interval-based#36	1
http://www.intelligence.tuc.gr/~batsakis/Interval-based#39 http://www.intelligence.tuc.gr/~batsakis/Interval-based#oi http://www.intelligence.tuc.gr/~batsakis/Interval-based#37	1
http://www.intelligence.tuc.gr/~batsakis/Interval-based#39 http://www.intelligence.tuc.gr/~batsakis/Interval-based#d_oi_f http://www.intelligence.tuc.gr/~batsakis/Interval-based#38	1
http://www.intelligence.tuc.gr/~batsakis/Interval-based#39 http://www.intelligence.tuc.gr/~batsakis/Interval-based#a http://www.intelligence.tuc.gr/~batsakis/Interval-based#40	1
http://www.intelligence.tuc.gr/~batsakis/Interval-based#39 http://www.intelligence.tuc.gr/~batsakis/Interval-based#a http://www.intelligence.tuc.gr/~batsakis/Interval-based#41	1
http://www.intelligence.tuc.gr/~batsakis/Interval-based#39 http://www.intelligence.tuc.gr/~batsakis/Interval-based#d_di_ov_oi_s_si_f_fi_eq http://www.intelligence.tuc.gr/~batsakis/Interval-based#42	1
http://www.intelligence.tuc.gr/~batsakis/Interval-based#39 http://www.intelligence.tuc.gr/~batsakis/Interval-based#oi http://www.intelligence.tuc.gr/~batsakis/Interval-based#43	1
http://www.intelligence.tuc.gr/~batsakis/Interval-based#39 http://www.intelligence.tuc.gr/~batsakis/Interval-based#a http://www.intelligence.tuc.gr/~batsakis/Interval-based#44	1
http://www.intelligence.tuc.gr/~batsakis/Interval-based#39 http://www.intelligence.tuc.gr/~batsakis/Interval-based#a http://www.intelligence.tuc.gr/~batsakis/Interval-based#45	1
http://www.intelligence.tuc.gr/~batsakis/Interval-based#39 http://www.intelligence.tuc.gr/~batsakis/Interval-based#oi http://www.intelligence.tuc.gr/~batsakis/Interval-based#46	1
http://www.intelligence.tuc.gr/~batsakis/Interval-based#39 http://www.intelligence.tuc.gr/~batsakis/Interval-based#oi http://www.intelligence.tuc.gr/~batsakis/Interval-based#47	1
http://www.intelligence.tuc.gr/~batsakis/Interval-based#39 http://www.intelligence.tuc.gr/~batsakis/Interval-based#di http://www.intelligence.tuc.gr/~batsakis/Interval-based#48	1
http://www.intelligence.tuc.gr/~batsakis/Interval-based#39 http://www.intelligence.tuc.gr/~batsakis/Interval-based#ov http://www.intelligence.tuc.gr/~batsakis/Interval-based#49	1
http://www.intelligence.tuc.gr/~batsakis/Interval-based#39 http://www.intelligence.tuc.gr/~batsakis/Interval-based#di http://www.intelligence.tuc.gr/~batsakis/Interval-based#50	1
http://www.intelligence.tuc.gr/~batsakis/Interval-based#39 http://www.intelligence.tuc.gr/~batsakis/Interval-based#a http://www.intelligence.tuc.gr/~batsakis/Interval-based#51	1
http://www.intelligence.tuc.gr/~batsakis/Interval-based#39 http://www.intelligence.tuc.gr/~batsakis/Interval-based#oi http://www.intelligence.tuc.gr/~batsakis/Interval-based#52	1
http://www.intelligence.tuc.gr/~batsakis/Interval-based#39 http://www.intelligence.tuc.gr/~batsakis/Interval-based#oi http://www.intelligence.tuc.gr/~batsakis/Interval-based#53	1
http://www.intelligence.tuc.gr/~batsakis/Interval-based#39 http://www.intelligence.tuc.gr/~batsakis/Interval-based#di http://www.intelligence.tuc.gr/~batsakis/Interval-based#54	1
http://www.intelligence.tuc.gr/~batsakis/Interval-based#39 http://www.intelligence.tuc.gr/~batsakis/Interval-based#oi http://www.intelligence.tuc.gr/~batsakis/Interval-based#55	1
http://www.intelligence.tuc.gr/~batsakis/Interval-based#39 http://www.intelligence.tuc.gr/~batsakis/Interval-based#a http://www.intelligence.tuc.gr/~batsakis/Interval-based#56	1
http://www.intelligence.tuc.gr/~batsakis/Interval-based#39 http://www.intelligence.tuc.gr/~batsakis/Interval-based#oi http://www.intelligence.tuc.gr/~batsakis/Interval-based#57	1
http://www.intelligence.tuc.gr/~batsakis/Interval-based#39 http://www.intelligence.tuc.gr/~batsakis/Interval-based#oi http://www.intelligence.tuc.gr/~batsakis/Interval-based#58	1
http://www.intelligence.tuc.gr/~batsakis/Interval-based#39 http://www.intelligence.tuc.gr/~batsakis/Interval-based#si http://www.intelligence.tuc.gr/~batsakis/Interval-based#59	1
http://www.intelligence.tuc.gr/~batsakis/Interval-based#39 http://www.intelligence.tuc.gr/~batsakis/Interval-based#oi http://www.intelligence.tuc.gr/~batsakis/Interval-based#60	1
http://www.intelligence.tuc.gr/~batsakis/Interval-based#39 http://www.intelligence.tuc.gr/~batsakis/Interval-based#di_ov_fi http://www.intelligence.tuc.gr/~batsakis/Interval-based#61	1
http://www.intelligence.tuc.gr/~batsakis/Interval-based#39 http://www.intelligence.tuc.gr/~batsakis/Interval-based#d http://www.intelligence.tuc.gr/~batsakis/Interval-based#62	1
http://www.intelligence.tuc.gr/~batsakis/Interval-based#39 http://www.intelligence.tuc.gr/~batsakis/Interval-based#d http://www.intelligence.tuc.gr/~batsakis/Interval-based#63	1
http://www.intelligence.tuc.gr/~batsakis/Interval-based#40 http://www.intelligence.tuc.gr/~batsakis/Interval-based#b http://www.intelligence.tuc.gr/~batsakis/Interval-based#0	1
http://www.intelligence.tuc.gr/~batsakis/Interval-based#40 http://www.intelligence.tuc.gr/~batsakis/Interval-based#d http://www.intelligence.tuc.gr/~batsakis/Interval-based#1	1
http://www.intelligence.tuc.gr/~batsakis/Interval-based#40 http://www.intelligence.tuc.gr/~batsakis/Interval-based#b http://www.intelligence.tuc.gr/~batsakis/Interval-based#2	1
http://www.intelligence.tuc.gr/~batsakis/Interval-based#40 http://www.intelligence.tuc.gr/~batsakis/Interval-based#d_ov_s http://www.intelligence.tuc.gr/~batsakis/Interval-based#3	1
http://www.intelligence.tuc.gr/~batsakis/Interval-based#40 http://www.intelligence.tuc.gr/~batsakis/Interval-based#b http://www.intelligence.tuc.gr/~batsakis/Interval-based#4	1
http://www.intelligence.tuc.gr/~batsakis/Interval-based#40 http://www.intelligence.tuc.gr/~batsakis/Interval-based#oi http://www.intelligence.tuc.gr/~batsakis/Interval-based#5	1
http://www.intelligence.tuc.gr/~batsakis/Interval-based#40 http://www.intelligence.tuc.gr/~batsakis/Interval-based#b http://www.intelligence.tuc.gr/~batsakis/Interval-based#6	1
http://www.intelligence.tuc.gr/~batsakis/Interval-based#40 http://www.intelligence.tuc.gr/~batsakis/Interval-based#d http://www.intelligence.tuc.gr/~batsakis/Interval-based#7	1
http://www.intelligence.tuc.gr/~batsakis/Interval-based#40 http://www.intelligence.tuc.gr/~batsakis/Interval-based#b http://www.intelligence.tuc.gr/~batsakis/Interval-based#8	1
http://www.intelligence.tuc.gr/~batsakis/Interval-based#40 http://www.intelligence.tuc.gr/~batsakis/Interval-based#ov http://www.intelligence.tuc.gr/~batsakis/Interval-based#9	1
http://www.intelligence.tuc.gr/~batsakis/Interval-based#40 http://www.intelligence.tuc.gr/~batsakis/Interval-based#d_ov_s http://www.intelligence.tuc.gr/~batsakis/Interval-based#10	1
http://www.intelligence.tuc.gr/~batsakis/Interval-based#40 http://www.intelligence.tuc.gr/~batsakis/Interval-based#d_ov_s http://www.intelligence.tuc.gr/~batsakis/Interval-based#11	1
http://www.intelligence.tuc.gr/~batsakis/Interval-based#40 http://www.intelligence.tuc.gr/~batsakis/Interval-based#d http://www.intelligence.tuc.gr/~batsakis/Interval-based#12	1
http://www.intelligence.tuc.gr/~batsakis/Interval-based#40 http://www.intelligence.tuc.gr/~batsakis/Interval-based#b http://www.intelligence.tuc.gr/~batsakis/Interval-based#13	1
http://www.intelligence.tuc.gr/~batsakis/Interval-based#40 http://www.intelligence.tuc.gr/~batsakis/Interval-based#d_ov_s http://www.intelligence.tuc.gr/~batsakis/Interval-based#14	1
http://www.intelligence.tuc.gr/~batsakis/Interval-based#40 http://www.intelligence.tuc.gr/~batsakis/Interval-based#d http://www.intelligence.tuc.gr/~batsakis/Interval-based#15	1
http://www.intelligence.tuc.gr/~batsakis/Interval-based#40 http://www.intelligence.tuc.gr/~batsakis/Interval-based#a_d_oi_mi_f http://www.intelligence.tuc.gr/~batsakis/Interval-based#16	1
http://www.intelligence.tuc.gr/~batsakis/Interval-based#40 http://www.intelligence.tuc.gr/~batsakis/Interval-based#d_ov_s http://www.intelligence.tuc.gr/~batsakis/Interval-based#17	1
http://www.intelligence.tuc.gr/~batsakis/Interval-based#40 http://www.intelligence.tuc.gr/~batsakis/Interval-based#b http://www.intelligence.tuc.gr/~batsakis/Interval-based#18	1
http://www.intelligence.tuc.gr/~batsakis/Interval-based#40 http://www.intelligence.tuc.gr/~batsakis/Interval-based#ov http://www.intelligence.tuc.gr/~batsakis/Interval-based#19	1
http://www.intelligence.tuc.gr/~batsakis/Interval-based#40 http://www.intelligence.tuc.gr/~batsakis/Interval-based#b http://www.intelligence.tuc.gr/~batsakis/Interval-based#20	1
http://www.intelligence.tuc.gr/~batsakis/Interval-based#40 http://www.intelligence.tuc.gr/~batsakis/Interval-based#d http://www.intelligence.tuc.gr/~batsakis/Interval-based#21	1
http://www.intelligence.tuc.gr/~batsakis/Interval-based#40 http://www.intelligence.tuc.gr/~batsakis/Interval-based#b http://www.intelligence.tuc.gr/~batsakis/Interval-based#22	1
http://www.intelligence.tuc.gr/~batsakis/Interval-based#40 http://www.intelligence.tuc.gr/~batsakis/Interval-based#b http://www.intelligence.tuc.gr/~batsakis/Interval-based#23	1
http://www.intelligence.tuc.gr/~batsakis/Interval-based#40 http://www.intelligence.tuc.gr/~batsakis/Interval-based#ov http://www.intelligence.tuc.gr/~batsakis/Interval-based#24	1
http://www.intelligence.tuc.gr/~batsakis/Interval-based#40 http://www.intelligence.tuc.gr/~batsakis/Interval-based#d_ov_s http://www.intelligence.tuc.gr/~batsakis/Interval-based#25	1
http://www.intelligence.tuc.gr/~batsakis/Interval-based#40 http://www.intelligence.tuc.gr/~batsakis/Interval-based#a_d_di_ov_oi_mi_s_si_f_fi_eq http://www.intelligence.tuc.gr/~batsakis/Interval-based#26	1
http://www.intelligence.tuc.gr/~batsakis/Interval-based#40 http://www.intelligence.tuc.gr/~batsakis/Interval-based#s http://www.intelligence.tuc.gr/~batsakis/Interval-based#27	1
http://www.intelligence.tuc.gr/~batsakis/Interval-based#40 http://www.intelligence.tuc.gr/~batsakis/Interval-based#b http://www.intelligence.tuc.gr/~batsakis/Interval-based#28	1
http://www.intelligence.tuc.gr/~batsakis/Interval-based#40 http://www.intelligence.tuc.gr/~batsakis/Interval-based#d http://www.intelligence.tuc.gr/~batsakis/Interval-based#29	1
http://www.intelligence.tuc.gr/~batsakis/Interval-based#40 http://www.intelligence.tuc.gr/~batsakis/Interval-based#d_ov_s http://www.intelligence.tuc.gr/~batsakis/Interval-based#30	1
http://www.intelligence.tuc.gr/~batsakis/Interval-based#40 http://www.intelligence.tuc.gr/~batsakis/Interval-based#d_ov_s http://www.intelligence.tuc.gr/~batsakis/Interval-based#31	1
http://www.intelligence.tuc.gr/~batsakis/Interval-based#40 http://www.intelligence.tuc.gr/~batsakis/Interval-based#ov http://www.intelligence.tuc.gr/~batsakis/Interval-based#32	1
http://www.intelligence.tuc.gr/~batsakis/Interval-based#40 http://www.intelligence.tuc.gr/~batsakis/Interval-based#b http://www.intelligence.tuc.gr/~batsakis/Interval-based#33	1
http://www.intelligence.tuc.gr/~batsakis/Interval-based#40 http://www.intelligence.tuc.gr/~batsakis/Interval-based#d http://www.intelligence.tuc.gr/~batsakis/Interval-based#34	1
http://www.intelligence.tuc.gr/~batsakis/Interval-based#40 http://www.intelligence.tuc.gr/~batsakis/Interval-based#b_ov_m http://www.intelligence.tuc.gr/~batsakis/Interval-based#35	1
http://www.intelligence.tuc.gr/~batsakis/Interval-based#40 http://www.intelligence.tuc.gr/~batsakis/Interval-based#d_ov_s http://www.intelligence.tuc.gr/~batsakis/Interval-based#36	1
http://www.intelligence.tuc.gr/~batsakis/Interval-based#40 http://www.intelligence.tuc.gr/~batsakis/Interval-based#d_ov_s http://www.intelligence.tuc.gr/~batsakis/Interval-based#37	1
http://www.intelligence.tuc.gr/~batsakis/Interval-based#40 http://www.intelligence.tuc.gr/~batsakis/Interval-based#d http://www.intelligence.tuc.gr/~batsakis/Interval-based#38	1
http://www.intelligence.tuc.gr/~batsakis/Interval-based#40 http://www.intelligence.tuc.gr/~batsakis/Interval-based#b http://www.intelligence.tuc.gr/~batsakis/Interval-based#39	1
http://www.intelligence.tuc.gr/~batsakis/Interval-based#40 http://www.intelligence.tuc.gr/~batsakis/Interval-based#di http://www.intelligence.tuc.gr/~batsakis/Interval-based#41	1
http://www.intelligence.tuc.gr/~batsakis/Interval-based#40 http://www.intelligence.tuc.gr/~batsakis/Interval-based#b http://www.intelligence.tuc.gr/~batsakis/Interval-based#42	1
http://www.intelligence.tuc.gr/~batsakis/Interval-based#40 http://www.intelligence.tuc.gr/~batsakis/Interval-based#d http://www.intelligence.tuc.gr/~batsakis/Interval-based#43	1
http://www.intelligence.tuc.gr/~batsakis/Interval-based#40 http://www.intelligence.tuc.gr/~batsakis/Interval-based#m http://www.intelligence.tuc.gr/~batsakis/Interval-based#44	1
http://www.intelligence.tuc.gr/~batsakis/Interval-based#40 http://www.intelligence.tuc.gr/~batsakis/Interval-based#d_ov_s http://www.intelligence.tuc.gr/~batsakis/Interval-based#45	1
http://www.intelligence.tuc.gr/~batsakis/Interval-based#40 http://www.intelligence.tuc.gr/~batsakis/Interval-based#d http://www.intelligence.tuc.gr/~batsakis/Interval-based#46	1
http://www.intelligence.tuc.gr/~batsakis/Interval-based#40 http://www.intelligence.tuc.gr/~batsakis/Interval-based#ov http://www.intelligence.tuc.gr/~batsakis/Interval-based#47	1
http://www.intelligence.tuc.gr/~batsakis/Interval-based#40 http://www.intelligence.tuc.gr/~batsakis/Interval-based#b http://www.intelligence.tuc.gr/~batsakis/Interval-based#48	1
http://www.intelligence.tuc.gr/~batsakis/Interval-based#40 http://www.intelligence.tuc.gr/~batsakis/Interval-based#b http://www.intelligence.tuc.gr/~batsakis/Interval-based#49	1
http://www.intelligence.tuc.gr/~batsakis/Interval-based#40 http://www.intelligence.tuc.gr/~batsakis/Interval-based#b http://www.intelligence.tuc.gr/~batsakis/Interval-based#50	1
http://www.intelligence.tuc.gr/~batsakis/Interval-based#40 http://www.intelligence.tuc.gr/~batsakis/Interval-based#d http://www.intelligence.tuc.gr/~batsakis/Interval-based#51	1
http://www.intelligence.tuc.gr/~batsakis/Interval-based#40 http://www.intelligence.tuc.gr/~batsakis/Interval-based#d_ov_s http://www.intelligence.tuc.gr/~batsakis/Interval-based#52	1
http://www.intelligence.tuc.gr/~batsakis/Interval-based#40 http://www.intelligence.tuc.gr/~batsakis/Interval-based#ov http://www.intelligence.tuc.gr/~batsakis/Interval-based#53	1
http://www.intelligence.tuc.gr/~batsakis/Interval-based#40 http://www.intelligence.tuc.gr/~batsakis/Interval-based#b http://www.intelligence.tuc.gr/~batsakis/Interval-based#54	1
http://www.intelligence.tuc.gr/~batsakis/Interval-based#40 http://www.intelligence.tuc.gr/~batsakis/Interval-based#d_ov_s http://www.intelligence.tuc.gr/~batsakis/Interval-based#55	1
http://www.intelligence.tuc.gr/~batsakis/Interval-based#40 http://www.intelligence.tuc.gr/~batsakis/Interval-based#eq http://www.intelligence.tuc.gr/~batsakis/Interval-based#56	1
http://www.intelligence.tuc.gr/~batsakis/Interval-based#40 http://www.intelligence.tuc.gr/~batsakis/Interval-based#d http://www.intelligence.tuc.gr/~batsakis/Interval-based#57	1
http://www.intelligence.tuc.gr/~batsakis/Interval-based#40 http://www.intelligence.tuc.gr/~batsakis/Interval-based#d http://www.intelligence.tuc.gr/~batsakis/Interval-based#58	1
http://www.intelligence.tuc.gr/~batsakis/Interval-based#40 http://www.intelligence.tuc.gr/~batsakis/Interval-based#b http://www.intelligence.tuc.gr/~batsakis/Interval-based#59	1
http://www.intelligence.tuc.gr/~batsakis/Interval-based#40 http://www.intelligence.tuc.gr/~batsakis/Interval-based#d http://www.intelligence.tuc.gr/~batsakis/Interval-based#60	1
http://www.intelligence.tuc.gr/~batsakis/Interval-based#40 http://www.intelligence.tuc.gr/~batsakis/Interval-based#b http://www.intelligence.tuc.gr/~batsakis/Interval-based#61	1
http://www.intelligence.tuc.gr/~batsakis/Interval-based#40 http://www.intelligence.tuc.gr/~batsakis/Interval-based#d http://www.intelligence.tuc.gr/~batsakis/Interval-based#62	1
http://www.intelligence.tuc.gr/~batsakis/Interval-based#40 http://www.intelligence.tuc.gr/~batsakis/Interval-based#b_d_ov_m_s http://www.intelligence.tuc.gr/~batsakis/Interval-based#63	1
http://www.intelligence.tuc.gr/~batsakis/Interval-based#41 http://www.intelligence.tuc.gr/~batsakis/Interval-based#b http://www.intelligence.tuc.gr/~batsakis/Interval-based#0	1
http://www.intelligence.tuc.gr/~batsakis/Interval-based#41 http://www.intelligence.tuc.gr/~batsakis/Interval-based#d http://www.intelligence.tuc.gr/~batsakis/Interval-based#1	1
http://www.intelligence.tuc.gr/~batsakis/Interval-based#41 http://www.intelligence.tuc.gr/~batsakis/Interval-based#b http://www.intelligence.tuc.gr/~batsakis/Interval-based#2	1
http://www.intelligence.tuc.gr/~batsakis/Interval-based#41 http://www.intelligence.tuc.gr/~batsakis/Interval-based#d http://www.intelligence.tuc.gr/~batsakis/Interval-based#3	1
http://www.intelligence.tuc.gr/~batsakis/Interval-based#41 http://www.intelligence.tuc.gr/~batsakis/Interval-based#b http://www.intelligence.tuc.gr/~batsakis/Interval-based#4	1
http://www.intelligence.tuc.gr/~batsakis/Interval-based#41 http://www.intelligence.tuc.gr/~batsakis/Interval-based#oi http://www.intelligence.tuc.gr/~batsakis/Interval-based#5	1
http://www.intelligence.tuc.gr/~batsakis/Interval-based#41 http://www.intelligence.tuc.gr/~batsakis/Interval-based#b http://www.intelligence.tuc.gr/~batsakis/Interval-based#6	1
http://www.intelligence.tuc.gr/~batsakis/Interval-based#41 http://www.intelligence.tuc.gr/~batsakis/Interval-based#d http://www.intelligence.tuc.gr/~batsakis/Interval-based#7	1
http://www.intelligence.tuc.gr/~batsakis/Interval-based#41 http://www.intelligence.tuc.gr/~batsakis/Interval-based#b http://www.intelligence.tuc.gr/~batsakis/Interval-based#8	1
http://www.intelligence.tuc.gr/~batsakis/Interval-based#41 http://www.intelligence.tuc.gr/~batsakis/Interval-based#b http://www.intelligence.tuc.gr/~batsakis/Interval-based#9	1
http://www.intelligence.tuc.gr/~batsakis/Interval-based#41 http://www.intelligence.tuc.gr/~batsakis/Interval-based#d_ov_s http://www.intelligence.tuc.gr/~batsakis/Interval-based#10	1
http://www.intelligence.tuc.gr/~batsakis/Interval-based#41 http://www.intelligence.tuc.gr/~batsakis/Interval-based#d http://www.intelligence.tuc.gr/~batsakis/Interval-based#11	1
http://www.intelligence.tuc.gr/~batsakis/Interval-based#41 http://www.intelligence.tuc.gr/~batsakis/Interval-based#d http://www.intelligence.tuc.gr/~batsakis/Interval-based#12	1
http://www.intelligence.tuc.gr/~batsakis/Interval-based#41 http://www.intelligence.tuc.gr/~batsakis/Interval-based#b http://www.intelligence.tuc.gr/~batsakis/Interval-based#13	1
http://www.intelligence.tuc.gr/~batsakis/Interval-based#41 http://www.intelligence.tuc.gr/~batsakis/Interval-based#b_d_ov_m_s http://www.intelligence.tuc.gr/~batsakis/Interval-based#14	1
http://www.intelligence.tuc.gr/~batsakis/Interval-based#41 http://www.intelligence.tuc.gr/~batsakis/Interval-based#d http://www.intelligence.tuc.gr/~batsakis/Interval-based#15	1
http://www.intelligence.tuc.gr/~batsakis/Interval-based#41 http://www.intelligence.tuc.gr/~batsakis/Interval-based#a_d_oi_mi_f http://www.intelligence.tuc.gr/~batsakis/Interval-based#16	1
http://www.intelligence.tuc.gr/~batsakis/Interval-based#41 http://www.intelligence.tuc.gr/~batsakis/Interval-based#b_d_ov_m_s http://www.intelligence.tuc.gr/~batsakis/Interval-based#17	1
http://www.intelligence.tuc.gr/~batsakis/Interval-based#41 http://www.intelligence.tuc.gr/~batsakis/Interval-based#b http://www.intelligence.tuc.gr/~batsakis/Interval-based#18	1
http://www.intelligence.tuc.gr/~batsakis/Interval-based#41 http://www.intelligence.tuc.gr/~batsakis/Interval-based#b http://www.intelligence.tuc.gr/~batsakis/Interval-based#19	1
http://www.intelligence.tuc.gr/~batsakis/Interval-based#41 http://www.intelligence.tuc.gr/~batsakis/Interval-based#b http://www.intelligence.tuc.gr/~batsakis/Interval-based#20	1
http://www.intelligence.tuc.gr/~batsakis/Interval-based#41 http://www.intelligence.tuc.gr/~batsakis/Interval-based#d http://www.intelligence.tuc.gr/~batsakis/Interval-based#21	1
http://www.intelligence.tuc.gr/~batsakis/Interval-based#41 http://www.intelligence.tuc.gr/~batsakis/Interval-based#b http://www.intelligence.tuc.gr/~batsakis/Interval-based#22	1
http://www.intelligence.tuc.gr/~batsakis/Interval-based#41 http://www.intelligence.tuc.gr/~batsakis/Interval-based#b http://www.intelligence.tuc.gr/~batsakis/Interval-based#23	1
http://www.intelligence.tuc.gr/~batsakis/Interval-based#41 http://www.intelligence.tuc.gr/~batsakis/Interval-based#m http://www.intelligence.tuc.gr/~batsakis/Interval-based#24	1
http://www.intelligence.tuc.gr/~batsakis/Interval-based#41 http://www.intelligence.tuc.gr/~batsakis/Interval-based#d_ov_s http://www.intelligence.tuc.gr/~batsakis/Interval-based#25	1
http://www.intelligence.tuc.gr/~batsakis/Interval-based#41 http://www.intelligence.tuc.gr/~batsakis/Interval-based#a_d_oi_mi_f http://www.intelligence.tuc.gr/~batsakis/Interval-based#26	1
http://www.intelligence.tuc.gr/~batsakis/Interval-based#41 http://www.intelligence.tuc.gr/~batsakis/Interval-based#d http://www.intelligence.tuc.gr/~batsakis/Interval-based#27	1
http://www.intelligence.tuc.gr/~batsakis/Interval-based#41 http://www.intelligence.tuc.gr/~batsakis/Interval-based#b http://www.intelligence.tuc.gr/~batsakis/Interval-based#28	1
http://www.intelligence.tuc.gr/~batsakis/Interval-based#41 http://www.intelligence.tuc.gr/~batsakis/Interval-based#d http://www.intelligence.tuc.gr/~batsakis/Interval-based#29	1
http://www.intelligence.tuc.gr/~batsakis/Interval-based#41 http://www.intelligence.tuc.gr/~batsakis/Interval-based#d http://www.intelligence.tuc.gr/~batsakis/Interval-based#30	1
http://www.intelligence.tuc.gr/~batsakis/Interval-based#41 http://www.intelligence.tuc.gr/~batsakis/Interval-based#b_d_ov_m_s http://www.intelligence.tuc.gr/~batsakis/Interval-based#31	1
http://www.intelligence.tuc.gr/~batsakis/Interval-based#41 http://www.intelligence.tuc.gr/~batsakis/Interval-based#ov http://www.intelligence.tuc.gr/~batsakis/Interval-based#32	1
http://www.intelligence.tuc.gr/~batsakis/Interval-based#41 http://www.intelligence.tuc.gr/~batsakis/Interval-based#b http://www.intelligence.tuc.gr/~batsakis/Interval-based#33	1
http://www.intelligence.tuc.gr/~batsakis/Interval-based#41 http://www.intelligence.tuc.gr/~batsakis/Interval-based#d http://www.intelligence.tuc.gr/~batsakis/Interval-based#34	1
http://www.intelligence.tuc.gr/~batsakis/Interval-based#41 http://www.intelligence.tuc.gr/~batsakis/Interval-based#b http://www.intelligence.tuc.gr/~batsakis/Interval-based#35	1
http://www.intelligence.tuc.gr/~batsakis/Interval-based#41 http://www.intelligence.tuc.gr/~batsakis/Interval-based#d http://www.intelligence.tuc.gr/~batsakis/Interval-based#36	1
http://www.intelligence.tuc.gr/~batsakis/Interval-based#41 http://www.intelligence.tuc.gr/~batsakis/Interval-based#d_ov_s http://www.intelligence.tuc.gr/~batsakis/Interval-based#37	1
http://www.intelligence.tuc.gr/~batsakis/Interval-based#41 http://www.intelligence.tuc.gr/~batsakis/Interval-based#d http://www.intelligence.tuc.gr/~batsakis/Interval-based#38	1
http://www.intelligence.tuc.gr/~batsakis/Interval-based#41 http://www.intelligence.tuc.gr/~batsakis/Interval-based#b http://www.intelligence.tuc.gr/~batsakis/Interval-based#39	1
http://www.intelligence.tuc.gr/~batsakis/Interval-based#41 http://www.intelligence.tuc.gr/~batsakis/Interval-based#d http://www.intelligence.tuc.gr/~batsakis/Interval-based#40	1
http://www.intelligence.tuc.gr/~batsakis/Interval-based#41 http://www.intelligence.tuc.gr/~batsakis/Interval-based#b http://www.intelligence.tuc.gr/~batsakis/Interval-based#42	1
http://www.intelligence.tuc.gr/~batsakis/Interval-based#41 http://www.intelligence.tuc.gr/~batsakis/Interval-based#d http://www.intelligence.tuc.gr/~batsakis/Interval-based#43	1
http://www.intelligence.tuc.gr/~batsakis/Interval-based#41 http://www.intelligence.tuc.gr/~batsakis/Interval-based#b http://www.intelligence.tuc.gr/~batsakis/Interval-based#44	1
http://www.intelligence.tuc.gr/~batsakis/Interval-based#41 http://www.intelligence.tuc.gr/~batsakis/Interval-based#d http://www.intelligence.tuc.gr/~batsakis/Interval-based#45	1
http://www.intelligence.tuc.gr/~batsakis/Interval-based#41 http://www.intelligence.tuc.gr/~batsakis/Interval-based#d http://www.intelligence.tuc.gr/~batsakis/Interval-based#46	1
http://www.intelligence.tuc.gr/~batsakis/Interval-based#41 http://www.intelligence.tuc.gr/~batsakis/Interval-based#b http://www.intelligence.tuc.gr/~batsakis/Interval-based#47	1
http://www.intelligence.tuc.gr/~batsakis/Interval-based#41 http://www.intelligence.tuc.gr/~batsakis/Interval-based#b http://www.intelligence.tuc.gr/~batsakis/Interval-based#48	1
http://www.intelligence.tuc.gr/~batsakis/Interval-based#41 http://www.intelligence.tuc.gr/~batsakis/Interval-based#b http://www.intelligence.tuc.gr/~batsakis/Interval-based#49	1
http://www.intelligence.tuc.gr/~batsakis/Interval-based#41 http://www.intelligence.tuc.gr/~batsakis/Interval-based#b http://www.intelligence.tuc.gr/~batsakis/Interval-based#50	1
http://www.intelligence.tuc.gr/~batsakis/Interval-based#41 http://www.intelligence.tuc.gr/~batsakis/Interval-based#d http://www.intelligence.tuc.gr/~batsakis/Interval-based#51	1
http://www.intelligence.tuc.gr/~batsakis/Interval-based#41 http://www.intelligence.tuc.gr/~batsakis/Interval-based#d_ov_s http://www.intelligence.tuc.gr/~batsakis/Interval-based#52	1
http://www.intelligence.tuc.gr/~batsakis/Interval-based#41 http://www.intelligence.tuc.gr/~batsakis/Interval-based#b http://www.intelligence.tuc.gr/~batsakis/Interval-based#53	1
http://www.intelligence.tuc.gr/~batsakis/Interval-based#41 http://www.intelligence.tuc.gr/~batsakis/Interval-based#b http://www.intelligence.tuc.gr/~batsakis/Interval-based#54	1
http://www.intelligence.tuc.gr/~batsakis/Interval-based#41 http://www.intelligence.tuc.gr/~batsakis/Interval-based#d http://www.intelligence.tuc.gr/~batsakis/Interval-based#55	1
http://www.intelligence.tuc.gr/~batsakis/Interval-based#41 http://www.intelligence.tuc.gr/~batsakis/Interval-based#d http://www.intelligence.tuc.gr/~batsakis/Interval-based#56	1
http://www.intelligence.tuc.gr/~batsakis/Interval-based#41 http://www.intelligence.tuc.gr/~batsakis/Interval-based#d http://www.intelligence.tuc.gr/~batsakis/Interval-based#57	1
http://www.intelligence.tuc.gr/~batsakis/Interval-based#41 http://www.intelligence.tuc.gr/~batsakis/Interval-based#d http://www.intelligence.tuc.gr/~batsakis/Interval-based#58	1
http://www.intelligence.tuc.gr/~batsakis/Interval-based#41 http://www.intelligence.tuc.gr/~batsakis/Interval-based#b http://www.intelligence.tuc.gr/~batsakis/Interval-based#59	1
http://www.intelligence.tuc.gr/~batsakis/Interval-based#41 http://www.intelligence.tuc.gr/~batsakis/Interval-based#d http://www.intelligence.tuc.gr/~batsakis/Interval-based#60	1
http://www.intelligence.tuc.gr/~batsakis/Interval-based#41 http://www.intelligence.tuc.gr/~batsakis/Interval-based#b http://www.intelligence.tuc.gr/~batsakis/Interval-based#61	1
http://www.intelligence.tuc.gr/~batsakis/Interval-based#41 http://www.intelligence.tuc.gr/~batsakis/Interval-based#d http://www.intelligence.tuc.gr/~batsakis/Interval-based#62	1
http://www.intelligence.tuc.gr/~batsakis/Interval-based#41 http://www.intelligence.tuc.gr/~batsakis/Interval-based#b_d_ov_m_s http://www.intelligence.tuc.gr/~batsakis/Interval-based#63	1
http://www.intelligence.tuc.gr/~batsakis/Interval-based#42 http://www.intelligence.tuc.gr/~batsakis/Interval-based#d_di_ov_oi_s_si_f_fi_eq http://www.intelligence.tuc.gr/~batsakis/Interval-based#0	1
http://www.intelligence.tuc.gr/~batsakis/Interval-based#42 http://www.intelligence.tuc.gr/~batsakis/Interval-based#oi http://www.intelligence.tuc.gr/~batsakis/Interval-based#1	1
http://www.intelligence.tuc.gr/~batsakis/Interval-based#42 http://www.intelligence.tuc.gr/~batsakis/Interval-based#di_oi_si http://www.intelligence.tuc.gr/~batsakis/Interval-based#2	1
http://www.intelligence.tuc.gr/~batsakis/Interval-based#42 http://www.intelligence.tuc.gr/~batsakis/Interval-based#a_oi_mi http://www.intelligence.tuc.gr/~batsakis/Interval-based#3	1
http://www.intelligence.tuc.gr/~batsakis/Interval-based#42 http://www.intelligence.tuc.gr/~batsakis/Interval-based#di_ov_fi http://www.intelligence.tuc.gr/~batsakis/Interval-based#4	1
http://www.intelligence.tuc.gr/~batsakis/Interval-based#42 http://www.intelligence.tuc.gr/~batsakis/Interval-based#a http://www.intelligence.tuc.gr/~batsakis/Interval-based#5	1
http://www.intelligence.tuc.gr/~batsakis/Interval-based#42 http://www.intelligence.tuc.gr/~batsakis/Interval-based#d_di_ov_oi_s_si_f_fi_eq http://www.intelligence.tuc.gr/~batsakis/Interval-based#6	1
http://www.intelligence.tuc.gr/~batsakis/Interval-based#42 http://www.intelligence.tuc.gr/~batsakis/Interval-based#oi http://www.intelligence.tuc.gr/~batsakis/Interval-based#7	1
http://www.intelligence.tuc.gr/~batsakis/Interval-based#42 http://www.intelligence.tuc.gr/~batsakis/Interval-based#a_di_oi_mi_si http://www.intelligence.tuc.gr/~batsakis/Interval-based#8	1
http://www.intelligence.tuc.gr/~batsakis/Interval-based#42 http://www.intelligence.tuc.gr/~batsakis/Interval-based#oi http://www.intelligence.tuc.gr/~batsakis/Interval-based#9	1
http://www.intelligence.tuc.gr/~batsakis/Interval-based#42 http://www.intelligence.tuc.gr/~batsakis/Interval-based#a_oi_mi http://www.intelligence.tuc.gr/~batsakis/Interval-based#10	1
http://www.intelligence.tuc.gr/~batsakis/Interval-based#42 http://www.intelligence.tuc.gr/~batsakis/Interval-based#a_oi_mi http://www.intelligence.tuc.gr/~batsakis/Interval-based#11	1
http://www.intelligence.tuc.gr/~batsakis/Interval-based#42 http://www.intelligence.tuc.gr/~batsakis/Interval-based#a_oi_mi http://www.intelligence.tuc.gr/~batsakis/Interval-based#12	1
http://www.intelligence.tuc.gr/~batsakis/Interval-based#42 http://www.intelligence.tuc.gr/~batsakis/Interval-based#d_di_ov_oi_s_si_f_fi_eq http://www.intelligence.tuc.gr/~batsakis/Interval-based#13	1
http://www.intelligence.tuc.gr/~batsakis/Interval-based#42 http://www.intelligence.tuc.gr/~batsakis/Interval-based#a_oi_mi http://www.intelligence.tuc.gr/~batsakis/Interval-based#14	1
http://www.intelligence.tuc.gr/~batsakis/Interval-based#42 http://www.intelligence.tuc.gr/~batsakis/Interval-based#a_oi_mi http://www.intelligence.tuc.gr/~batsakis/Interval-based#15	1
http://www.intelligence.tuc.gr/~batsakis/Interval-based#42 http://www.intelligence.tuc.gr/~batsakis/Interval-based#a_oi_mi http://www.intelligence.tuc.gr/~batsakis/Interval-based#16	1
http://www.intelligence.tuc.gr/~batsakis/Interval-based#42 http://www.intelligence.tuc.gr/~batsakis/Interval-based#a_oi_mi http://www.intelligence.tuc.gr/~batsakis/Interval-based#17	1
http://www.intelligence.tuc.gr/~batsakis/Interval-based#42 http://www.intelligence.tuc.gr/~batsakis/Interval-based#b_di_ov_m_fi http://www.intelligence.tuc.gr/~batsakis/Interval-based#18	1
http://www.intelligence.tuc.gr/~batsakis/Interval-based#42 http://www.intelligence.tuc.gr/~batsakis/Interval-based#a_oi_mi http://www.intelligence.tuc.gr/~batsakis/Interval-based#19	1
http://www.intelligence.tuc.gr/~batsakis/Interval-based#42 http://www.intelligence.tuc.gr/~batsakis/Interval-based#b_di_ov_m_fi http://www.intelligence.tuc.gr/~batsakis/Interval-based#20	1
http://www.intelligence.tuc.gr/~batsakis/Interval-based#42 http://www.intelligence.tuc.gr/~batsakis/Interval-based#oi http://www.intelligence.tuc.gr/~batsakis/Interval-based#21	1
http://www.intelligence.tuc.gr/~batsakis/Interval-based#42 http://www.intelligence.tuc.gr/~batsakis/Interval-based#di_oi_si http://www.intelligence.tuc.gr/~batsakis/Interval-based#22	1
http://www.intelligence.tuc.gr/~batsakis/Interval-based#42 http://www.intelligence.tuc.gr/~batsakis/Interval-based#d_di_ov_oi_s_si_f_fi_eq http://www.intelligence.tuc.gr/~batsakis/Interval-based#23	1
http://www.intelligence.tuc.gr/~batsakis/Interval-based#42 http://www.intelligence.tuc.gr/~batsakis/Interval-based#oi http://www.intelligence.tuc.gr/~batsakis/Interval-based#24	1
http://www.intelligence.tuc.gr/~batsakis/Interval-based#42 http://www.intelligence.tuc.gr/~batsakis/Interval-based#oi http://www.intelligence.tuc.gr/~batsakis/Interval-based#25	1
http://www.intelligence.tuc.gr/~batsakis/Interval-based#42 http://www.intelligence.tuc.gr/~batsakis/Interval-based#a_oi_mi http://www.intelligence.tuc.gr/~batsakis/Interval-based#26	1
http://www.intelligence.tuc.gr/~batsakis/Interval-based#42 http://www.intelligence.tuc.gr/~batsakis/Interval-based#oi http://www.intelligence.tuc.gr/~batsakis/Interval-based#27	1
http://www.intelligence.tuc.gr/~batsakis/Interval-based#42 http://www.intelligence.tuc.gr/~batsakis/Interval-based#d_di_ov_oi_s_si_f_fi_eq http://www.intelligence.tuc.gr/~batsakis/Interval-based#28	1
http://www.intelligence.tuc.gr/~batsakis/Interval-based#42 http://www.intelligence.tuc.gr/~batsakis/Interval-based#a_oi_mi http://www.intelligence.tuc.gr/~batsakis/Interval-based#29	1
http://www.intelligence.tuc.gr/~batsakis/Interval-based#42 http://www.intelligence.tuc.gr/~batsakis/Interval-based#a_oi_mi http://www.intelligence.tuc.gr/~batsakis/Interval-based#30	1
http://www.intelligence.tuc.gr/~batsakis/Interval-based#42 http://www.intelligence.tuc.gr/~batsakis/Interval-based#oi http://www.intelligence.tuc.gr/~batsakis/Interval-based#31	1
http://www.intelligence.tuc.gr/~batsakis/Interval-based#42 http://www.intelligence.tuc.gr/~batsakis/Interval-based#d_oi_f http://www.intelligence.tuc.gr/~batsakis/Interval-based#32	1
http://www.intelligence.tuc.gr/~batsakis/Interval-based#42 http://www.intelligence.tuc.gr/~batsakis/Interval-based#di_ov_fi http://www.intelligence.tuc.gr/~batsakis/Interval-based#33	1
http://www.intelligence.tuc.gr/~batsakis/Interval-based#42 http://www.intelligence.tuc.gr/~batsakis/Interval-based#a_oi_mi http://www.intelligence.tuc.gr/~batsakis/Interval-based#34	1
http://www.intelligence.tuc.gr/~batsakis/Interval-based#42 http://www.intelligence.tuc.gr/~batsakis/Interval-based#di_oi_si http://www.intelligence.tuc.gr/~batsakis/Interval-based#35	1
http://www.intelligence.tuc.gr/~batsakis/Interval-based#42 http://www.intelligence.tuc.gr/~batsakis/Interval-based#oi http://www.intelligence.tuc.gr/~batsakis/Interval-based#36	1
http://www.intelligence.tuc.gr/~batsakis/Interval-based#42 http://www.intelligence.tuc.gr/~batsakis/Interval-based#a_oi_mi http://www.intelligence.tuc.gr/~batsakis/Interval-based#37	1
http://www.intelligence.tuc.gr/~batsakis/Interval-based#42 http://www.intelligence.tuc.gr/~batsakis/Interval-based#d_oi_f http://www.intelligence.tuc.gr/~batsakis/Interval-based#38	1
http://www.intelligence.tuc.gr/~batsakis/Interval-based#42 http://www.intelligence.tuc.gr/~batsakis/Interval-based#d_di_ov_oi_s_si_f_fi_eq http://www.intelligence.tuc.gr/~batsakis/Interval-based#39	1
http://www.intelligence.tuc.gr/~batsakis/Interval-based#42 http://www.intelligence.tuc.gr/~batsakis/Interval-based#a http://www.intelligence.tuc.gr/~batsakis/Interval-based#40	1
http://www.intelligence.tuc.gr/~batsakis/Interval-based#42 http://www.intelligence.tuc.gr/~batsakis/Interval-based#a http://www.intelligence.tuc.gr/~batsakis/Interval-based#41	1
http://www.intelligence.tuc.gr/~batsakis/Interval-based#42 http://www.intelligence.tuc.gr/~batsakis/Interval-based#a_oi_mi http://www.intelligence.tuc.gr/~batsakis/Interval-based#43	1
http://www.intelligence.tuc.gr/~batsakis/Interval-based#42 http://www.intelligence.tuc.gr/~batsakis/Interval-based#a_oi_mi http://www.intelligence.tuc.gr/~batsakis/Interval-based#44	1
http://www.intelligence.tuc.gr/~batsakis/Interval-based#42 http://www.intelligence.tuc.gr/~batsakis/Interval-based#a_oi_mi http://www.intelligence.tuc.gr/~batsakis/Interval-based#45	1
http://www.intelligence.tuc.gr/~batsakis/Interval-based#42 http://www.intelligence.tuc.gr/~batsakis/Interval-based#a_oi_mi http://www.intelligence.tuc.gr/~batsakis/Interval-based#46	1
http://www.intelligence.tuc.gr/~batsakis/Interval-based#42 http://www.intelligence.tuc.gr/~batsakis/Interval-based#a_oi_mi http://www.intelligence.tuc.gr/~batsakis/Interval-based#47	1
http://www.intelligence.tuc.gr/~batsakis/Interval-based#42 http://www.intelligence.tuc.gr/~batsakis/Interval-based#a_di_oi_mi_si http://www.intelligence.tuc.gr/~batsakis/Interval-based#48	1
http://www.intelligence.tuc.gr/~batsakis/Interval-based#42 http://www.intelligence.tuc.gr/~batsakis/Interval-based#d_di_ov_oi_s_si_f_fi_eq http://www.intelligence.tuc.gr/~batsakis/Interval-based#49	1
http://www.intelligence.tuc.gr/~batsakis/Interval-based#42 http://www.intelligence.tuc.gr/~batsakis/Interval-based#b_di_ov_m_fi http://www.intelligence.tuc.gr/~batsakis/Interval-based#50	1
http://www.intelligence.tuc.gr/~batsakis/Interval-based#42 http://www.intelligence.tuc.gr/~batsakis/Interval-based#a_oi_mi http://www.intelligence.tuc.gr/~batsakis/Interval-based#51	1
http://www.intelligence.tuc.gr/~batsakis/Interval-based#42 http://www.intelligence.tuc.gr/~batsakis/Interval-based#a_oi_mi http://www.intelligence.tuc.gr/~batsakis/Interval-based#52	1
http://www.intelligence.tuc.gr/~batsakis/Interval-based#42 http://www.intelligence.tuc.gr/~batsakis/Interval-based#oi http://www.intelligence.tuc.gr/~batsakis/Interval-based#53	1
http://www.intelligence.tuc.gr/~batsakis/Interval-based#42 http://www.intelligence.tuc.gr/~batsakis/Interval-based#di_oi_si http://www.intelligence.tuc.gr/~batsakis/Interval-based#54	1
http://www.intelligence.tuc.gr/~batsakis/Interval-based#42 http://www.intelligence.tuc.gr/~batsakis/Interval-based#a_oi_mi http://www.intelligence.tuc.gr/~batsakis/Interval-based#55	1
http://www.intelligence.tuc.gr/~batsakis/Interval-based#42 http://www.intelligence.tuc.gr/~batsakis/Interval-based#a http://www.intelligence.tuc.gr/~batsakis/Interval-based#56	1
http://www.intelligence.tuc.gr/~batsakis/Interval-based#42 http://www.intelligence.tuc.gr/~batsakis/Interval-based#a_oi_mi http://www.intelligence.tuc.gr/~batsakis/Interval-based#57	1
http://www.intelligence.tuc.gr/~batsakis/Interval-based#42 http://www.intelligence.tuc.gr/~batsakis/Interval-based#a_oi_mi http://www.intelligence.tuc.gr/~batsakis/Interval-based#58	1
http://www.intelligence.tuc.gr/~batsakis/Interval-based#42 http://www.intelligence.tuc.gr/~batsakis/Interval-based#di_oi_si http://www.intelligence.tuc.gr/~batsakis/Interval-based#59	1
http://www.intelligence.tuc.gr/~batsakis/Interval-based#42 http://www.intelligence.tuc.gr/~batsakis/Interval-based#a_oi_mi http://www.intelligence.tuc.gr/~batsakis/Interval-based#60	1
http://www.intelligence.tuc.gr/~batsakis/Interval-based#42 http://www.intelligence.tuc.gr/~batsakis/Interval-based#d_di_ov_oi_s_si_f_fi_eq http://www.intelligence.tuc.gr/~batsakis/Interval-based#61	1
http://www.intelligence.tuc.gr/~batsakis/Interval-based#42 http://www.intelligence.tuc.gr/~batsakis/Interval-based#d_oi_f http://www.intelligence.tuc.gr/~batsakis/Interval-based#62	1
http://www.intelligence.tuc.gr/~batsakis/Interval-based#42 http://www.intelligence.tuc.gr/~batsakis/Interval-based#d_di_ov_oi_s_si_f_fi_eq http://www.intelligence.tuc.gr/~batsakis/Interval-based#63	1
http://www.intelligence.tuc.gr/~batsakis/Interval-based#43 http://www.intelligence.tuc.gr/~batsakis/Interval-based#ov http://www.intelligence.tuc.gr/~batsakis/Interval-based#0	1
http://www.intelligence.tuc.gr/~batsakis/Interval-based#43 http://www.intelligence.tuc.gr/~batsakis/Interval-based#d_oi_f http://www.intelligence.tuc.gr/~batsakis/Interval-based#1	1
http://www.intelligence.tuc.gr/~batsakis/Interval-based#43 http://www.intelligence.tuc.gr/~batsakis/Interval-based#di_ov_fi http://www.intelligence.tuc.gr/~batsakis/Interval-based#2	1
http://www.intelligence.tuc.gr/~batsakis/Interval-based#43 http://www.intelligence.tuc.gr/~batsakis/Interval-based#di http://www.intelligence.tuc.gr/~batsakis/Interval-based#3	1
http://www.intelligence.tuc.gr/~batsakis/Interval-based#43 http://www.intelligence.tuc.gr/~batsakis/Interval-based#b_ov_m http://www.intelligence.tuc.gr/~batsakis/Interval-based#4	1
http://www.intelligence.tuc.gr/~batsakis/Interval-based#43 http://www.intelligence.tuc.gr/~batsakis/Interval-based#si http://www.intelligence.tuc.gr/~batsakis/Interval-based#5	1
http://www.intelligence.tuc.gr/~batsakis/Interval-based#43 http://www.intelligence.tuc.gr/~batsakis/Interval-based#ov http://www.intelligence.tuc.gr/~batsakis/Interval-based#6	1
http://www.intelligence.tuc.gr/~batsakis/Interval-based#43 http://www.intelligence.tuc.gr/~batsakis/Interval-based#s http://www.intelligence.tuc.gr/~batsakis/Interval-based#7	1
http://www.intelligence.tuc.gr/~batsakis/Interval-based#43 http://www.intelligence.tuc.gr/~batsakis/Interval-based#di http://www.intelligence.tuc.gr/~batsakis/Interval-based#8	1
http://www.intelligence.tuc.gr/~batsakis/Interval-based#43 http://www.intelligence.tuc.gr/~batsakis/Interval-based#di_ov_fi http://www.intelligence.tuc.gr/~batsakis/Interval-based#9	1
http://www.intelligence.tuc.gr/~batsakis/Interval-based#43 http://www.intelligence.tuc.gr/~batsakis/Interval-based#di_ov_fi http://www.intelligence.tuc.gr/~batsakis/Interval-based#10	1
http://www.intelligence.tuc.gr/~batsakis/Interval-based#43 http://www.intelligence.tuc.gr/~batsakis/Interval-based#di_oi_si http://www.intelligence.tuc.gr/~batsakis/Interval-based#11	1
http://www.intelligence.tuc.gr/~batsakis/Interval-based#43 http://www.intelligence.tuc.gr/~batsakis/Interval-based#d_oi_f http://www.intelligence.tuc.gr/~batsakis/Interval-based#12	1
http://www.intelligence.tuc.gr/~batsakis/Interval-based#43 http://www.intelligence.tuc.gr/~batsakis/Interval-based#ov http://www.intelligence.tuc.gr/~batsakis/Interval-based#13	1
http://www.intelligence.tuc.gr/~batsakis/Interval-based#43 http://www.intelligence.tuc.gr/~batsakis/Interval-based#di http://www.intelligence.tuc.gr/~batsakis/Interval-based#14	1
http://www.intelligence.tuc.gr/~batsakis/Interval-based#43 http://www.intelligence.tuc.gr/~batsakis/Interval-based#si http://www.intelligence.tuc.gr/~batsakis/Interval-based#15	1
http://www.intelligence.tuc.gr/~batsakis/Interval-based#43 http://www.intelligence.tuc.gr/~batsakis/Interval-based#oi http://www.intelligence.tuc.gr/~batsakis/Interval-based#16	1
http://www.intelligence.tuc.gr/~batsakis/Interval-based#43 http://www.intelligence.tuc.gr/~batsakis/Interval-based#di http://www.intelligence.tuc.gr/~batsakis/Interval-based#17	1
http://www.intelligence.tuc.gr/~batsakis/Interval-based#43 http://www.intelligence.tuc.gr/~batsakis/Interval-based#b_di_ov_m_fi http://www.intelligence.tuc.gr/~batsakis/Interval-based#18	1
http://www.intelligence.tuc.gr/~batsakis/Interval-based#43 http://www.intelligence.tuc.gr/~batsakis/Interval-based#di http://www.intelligence.tuc.gr/~batsakis/Interval-based#19	1
http://www.intelligence.tuc.gr/~batsakis/Interval-based#43 http://www.intelligence.tuc.gr/~batsakis/Interval-based#b_ov_m http://www.intelligence.tuc.gr/~batsakis/Interval-based#20	1
http://www.intelligence.tuc.gr/~batsakis/Interval-based#43 http://www.intelligence.tuc.gr/~batsakis/Interval-based#d_oi_f http://www.intelligence.tuc.gr/~batsakis/Interval-based#21	1
http://www.intelligence.tuc.gr/~batsakis/Interval-based#43 http://www.intelligence.tuc.gr/~batsakis/Interval-based#ov http://www.intelligence.tuc.gr/~batsakis/Interval-based#22	1
http://www.intelligence.tuc.gr/~batsakis/Interval-based#43 http://www.intelligence.tuc.gr/~batsakis/Interval-based#ov http://www.intelligence.tuc.gr/~batsakis/Interval-based#23	1
http://www.intelligence.tuc.gr/~batsakis/Interval-based#43 http://www.intelligence.tuc.gr/~batsakis/Interval-based#di_ov_fi http://www.intelligence.tuc.gr/~batsakis/Interval-based#24	1
http://www.intelligence.tuc.gr/~batsakis/Interval-based#43 http://www.intelligence.tuc.gr/~batsakis/Interval-based#di_ov_fi http://www.intelligence.tuc.gr/~batsakis/Interval-based#25	1
http://www.intelligence.tuc.gr/~batsakis/Interval-based#43 http://www.intelligence.tuc.gr/~batsakis/Interval-based#di http://www.intelligence.tuc.gr/~batsakis/Interval-based#26	1
http://www.intelligence.tuc.gr/~batsakis/Interval-based#43 http://www.intelligence.tuc.gr/~batsakis/Interval-based#ov http://www.intelligence.tuc.gr/~batsakis/Interval-based#27	1
http://www.intelligence.tuc.gr/~batsakis/Interval-based#43 http://www.intelligence.tuc.gr/~batsakis/Interval-based#ov http://www.intelligence.tuc.gr/~batsakis/Interval-based#28	1
http://www.intelligence.tuc.gr/~batsakis/Interval-based#43 http://www.intelligence.tuc.gr/~batsakis/Interval-based#d_oi_f http://www.intelligence.tuc.gr/~batsakis/Interval-based#29	1
http://www.intelligence.tuc.gr/~batsakis/Interval-based#43 http://www.intelligence.tuc.gr/~batsakis/Interval-based#d_di_ov_oi_s_si_f_fi_eq http://www.intelligence.tuc.gr/~batsakis/Interval-based#30	1
http://www.intelligence.tuc.gr/~batsakis/Interval-based#43 http://www.intelligence.tuc.gr/~batsakis/Interval-based#di_ov_fi http://www.intelligence.tuc.gr/~batsakis/Interval-based#31	1
http://www.intelligence.tuc.gr/~batsakis/Interval-based#43 http://www.intelligence.tuc.gr/~batsakis/Interval-based#ov http://www.intelligence.tuc.gr/~batsakis/Interval-based#32	1
http://www.intelligence.tuc.gr/~batsakis/Interval-based#43 http://www.intelligence.tuc.gr/~batsakis/Interval-based#b_ov_m http://www.intelligence.tuc.gr/~batsakis/Interval-based#33	1
http://www.intelligence.tuc.gr/~batsakis/Interval-based#43 http://www.intelligence.tuc.gr/~batsakis/Interval-based#si http://www.intelligence.tuc.gr/~batsakis/Interval-based#34	1
http://www.intelligence.tuc.gr/~batsakis/Interval-based#43 http://www.intelligence.tuc.gr/~batsakis/Interval-based#di_ov_fi http://www.intelligence.tuc.gr/~batsakis/Interval-based#35	1
http://www.intelligence.tuc.gr/~batsakis/Interval-based#43 http://www.intelligence.tuc.gr/~batsakis/Interval-based#di_ov_fi http://www.intelligence.tuc.gr/~batsakis/Interval-based#36	1
http://www.intelligence.tuc.gr/~batsakis/Interval-based#43 http://www.intelligence.tuc.gr/~batsakis/Interval-based#di http://www.intelligence.tuc.gr/~batsakis/Interval-based#37	1
http://www.intelligence.tuc.gr/~batsakis/Interval-based#43 http://www.intelligence.tuc.gr/~batsakis/Interval-based#d http://www.intelligence.tuc.gr/~batsakis/Interval-based#38	1
http://www.intelligence.tuc.gr/~batsakis/Interval-based#43 http://www.intelligence.tuc.gr/~batsakis/Interval-based#ov http://www.intelligence.tuc.gr/~batsakis/Interval-based#39	1
http://www.intelligence.tuc.gr/~batsakis/Interval-based#43 http://www.intelligence.tuc.gr/~batsakis/Interval-based#di http://www.intelligence.tuc.gr/~batsakis/Interval-based#40	1
http://www.intelligence.tuc.gr/~batsakis/Interval-based#43 http://www.intelligence.tuc.gr/~batsakis/Interval-based#di http://www.intelligence.tuc.gr/~batsakis/Interval-based#41	1
http://www.intelligence.tuc.gr/~batsakis/Interval-based#43 http://www.intelligence.tuc.gr/~batsakis/Interval-based#b_ov_m http://www.intelligence.tuc.gr/~batsakis/Interval-based#42	1
http://www.intelligence.tuc.gr/~batsakis/Interval-based#43 http://www.intelligence.tuc.gr/~batsakis/Interval-based#di http://www.intelligence.tuc.gr/~batsakis/Interval-based#44	1
http://www.intelligence.tuc.gr/~batsakis/Interval-based#43 http://www.intelligence.tuc.gr/~batsakis/Interval-based#di http://www.intelligence.tuc.gr/~batsakis/Interval-based#45	1
http://www.intelligence.tuc.gr/~batsakis/Interval-based#43 http://www.intelligence.tuc.gr/~batsakis/Interval-based#oi http://www.intelligence.tuc.gr/~batsakis/Interval-based#46	1
http://www.intelligence.tuc.gr/~batsakis/Interval-based#43 http://www.intelligence.tuc.gr/~batsakis/Interval-based#di http://www.intelligence.tuc.gr/~batsakis/Interval-based#47	1
http://www.intelligence.tuc.gr/~batsakis/Interval-based#43 http://www.intelligence.tuc.gr/~batsakis/Interval-based#b_di_ov_m_fi http://www.intelligence.tuc.gr/~batsakis/Interval-based#48	1
http://www.intelligence.tuc.gr/~batsakis/Interval-based#43 http://www.intelligence.tuc.gr/~batsakis/Interval-based#b_ov_m http://www.intelligence.tuc.gr/~batsakis/Interval-based#49	1
http://www.intelligence.tuc.gr/~batsakis/Interval-based#43 http://www.intelligence.tuc.gr/~batsakis/Interval-based#b_di_ov_m_fi http://www.intelligence.tuc.gr/~batsakis/Interval-based#50	1
http://www.intelligence.tuc.gr/~batsakis/Interval-based#43 http://www.intelligence.tuc.gr/~batsakis/Interval-based#si http://www.intelligence.tuc.gr/~batsakis/Interval-based#51	1
http://www.intelligence.tuc.gr/~batsakis/Interval-based#43 http://www.intelligence.tuc.gr/~batsakis/Interval-based#di_ov_fi http://www.intelligence.tuc.gr/~batsakis/Interval-based#52	1
http://www.intelligence.tuc.gr/~batsakis/Interval-based#43 http://www.intelligence.tuc.gr/~batsakis/Interval-based#di_ov_fi http://www.intelligence.tuc.gr/~batsakis/Interval-based#53	1
http://www.intelligence.tuc.gr/~batsakis/Interval-based#43 http://www.intelligence.tuc.gr/~batsakis/Interval-based#di_ov_fi http://www.intelligence.tuc.gr/~batsakis/Interval-based#54	1
http://www.intelligence.tuc.gr/~batsakis/Interval-based#43 http://www.intelligence.tuc.gr/~batsakis/Interval-based#di http://www.intelligence.tuc.gr/~batsakis/Interval-based#55	1
http://www.intelligence.tuc.gr/~batsakis/Interval-based#43 http://www.intelligence.tuc.gr/~batsakis/Interval-based#di http://www.intelligence.tuc.gr/~batsakis/Interval-based#56	1
http://www.intelligence.tuc.gr/~batsakis/Interval-based#43 http://www.intelligence.tuc.gr/~batsakis/Interval-based#si http://www.intelligence.tuc.gr/~batsakis/Interval-based#57	1
http://www.intelligence.tuc.gr/~batsakis/Interval-based#43 http://www.intelligence.tuc.gr/~batsakis/Interval-based#d_oi_f http://www.intelligence.tuc.gr/~batsakis/Interval-based#58	1
http://www.intelligence.tuc.gr/~batsakis/Interval-based#43 http://www.intelligence.tuc.gr/~batsakis/Interval-based#di_ov_fi http://www.intelligence.tuc.gr/~batsakis/Interval-based#59	1
http://www.intelligence.tuc.gr/~batsakis/Interval-based#43 http://www.intelligence.tuc.gr/~batsakis/Interval-based#si http://www.intelligence.tuc.gr/~batsakis/Interval-based#60	1
http://www.intelligence.tuc.gr/~batsakis/Interval-based#43 http://www.intelligence.tuc.gr/~batsakis/Interval-based#b_ov_m http://www.intelligence.tuc.gr/~batsakis/Interval-based#61	1
http://www.intelligence.tuc.gr/~batsakis/Interval-based#43 http://www.intelligence.tuc.gr/~batsakis/Interval-based#d http://www.intelligence.tuc.gr/~batsakis/Interval-based#62	1
http://www.intelligence.tuc.gr/~batsakis/Interval-based#43 http://www.intelligence.tuc.gr/~batsakis/Interval-based#ov http://www.intelligence.tuc.gr/~batsakis/Interval-based#63	1
http://www.intelligence.tuc.gr/~batsakis/Interval-based#44 http://www.intelligence.tuc.gr/~batsakis/Interval-based#b http://www.intelligence.tuc.gr/~batsakis/Interval-based#0	1
http://www.intelligence.tuc.gr/~batsakis/Interval-based#44 http://www.intelligence.tuc.gr/~batsakis/Interval-based#d http://www.intelligence.tuc.gr/~batsakis/Interval-based#1	1
http://www.intelligence.tuc.gr/~batsakis/Interval-based#44 http://www.intelligence.tuc.gr/~batsakis/Interval-based#b http://www.intelligence.tuc.gr/~batsakis/Interval-based#2	1
http://www.intelligence.tuc.gr/~batsakis/Interval-based#44 http://www.intelligence.tuc.gr/~batsakis/Interval-based#d http://www.intelligence.tuc.gr/~batsakis/Interval-based#3	1
http://www.intelligence.tuc.gr/~batsakis/Interval-based#44 http://www.intelligence.tuc.gr/~batsakis/Interval-based#b http://www.intelligence.tuc.gr/~batsakis/Interval-based#4	1
http://www.intelligence.tuc.gr/~batsakis/Interval-based#44 http://www.intelligence.tuc.gr/~batsakis/Interval-based#a http://www.intelligence.tuc.gr/~batsakis/Interval-based#5	1
http://www.intelligence.tuc.gr/~batsakis/Interval-based#44 http://www.intelligence.tuc.gr/~batsakis/Interval-based#b http://www.intelligence.tuc.gr/~batsakis/Interval-based#6	1
http://www.intelligence.tuc.gr/~batsakis/Interval-based#44 http://www.intelligence.tuc.gr/~batsakis/Interval-based#d http://www.intelligence.tuc.gr/~batsakis/Interval-based#7	1
http://www.intelligence.tuc.gr/~batsakis/Interval-based#44 http://www.intelligence.tuc.gr/~batsakis/Interval-based#b http://www.intelligence.tuc.gr/~batsakis/Interval-based#8	1
http://www.intelligence.tuc.gr/~batsakis/Interval-based#44 http://www.intelligence.tuc.gr/~batsakis/Interval-based#d http://www.intelligence.tuc.gr/~batsakis/Interval-based#9	1
http://www.intelligence.tuc.gr/~batsakis/Interval-based#44 http://www.intelligence.tuc.gr/~batsakis/Interval-based#d http://www.intelligence.tuc.gr/~batsakis/Interval-based#10	1
http://www.intelligence.tuc.gr/~batsakis/Interval-based#44 http://www.intelligence.tuc.gr/~batsakis/Interval-based#d http://www.intelligence.tuc.gr/~batsakis/Interval-based#11	1
http://www.intelligence.tuc.gr/~batsakis/Interval-based#44 http://www.intelligence.tuc.gr/~batsakis/Interval-based#d http://www.intelligence.tuc.gr/~batsakis/Interval-based#12	1
http://www.intelligence.tuc.gr/~batsakis/Interval-based#44 http://www.intelligence.tuc.gr/~batsakis/Interval-based#b http://www.intelligence.tuc.gr/~batsakis/Interval-based#13	1
http://www.intelligence.tuc.gr/~batsakis/Interval-based#44 http://www.intelligence.tuc.gr/~batsakis/Interval-based#d http://www.intelligence.tuc.gr/~batsakis/Interval-based#14	1
http://www.intelligence.tuc.gr/~batsakis/Interval-based#44 http://www.intelligence.tuc.gr/~batsakis/Interval-based#d http://www.intelligence.tuc.gr/~batsakis/Interval-based#15	1
http://www.intelligence.tuc.gr/~batsakis/Interval-based#44 http://www.intelligence.tuc.gr/~batsakis/Interval-based#a_d_oi_mi_f http://www.intelligence.tuc.gr/~batsakis/Interval-based#16	1
http://www.intelligence.tuc.gr/~batsakis/Interval-based#44 http://www.intelligence.tuc.gr/~batsakis/Interval-based#d http://www.intelligence.tuc.gr/~batsakis/Interval-based#17	1
http://www.intelligence.tuc.gr/~batsakis/Interval-based#44 http://www.intelligence.tuc.gr/~batsakis/Interval-based#b http://www.intelligence.tuc.gr/~batsakis/Interval-based#18	1
http://www.intelligence.tuc.gr/~batsakis/Interval-based#44 http://www.intelligence.tuc.gr/~batsakis/Interval-based#d http://www.intelligence.tuc.gr/~batsakis/Interval-based#19	1
http://www.intelligence.tuc.gr/~batsakis/Interval-based#44 http://www.intelligence.tuc.gr/~batsakis/Interval-based#b http://www.intelligence.tuc.gr/~batsakis/Interval-based#20	1
http://www.intelligence.tuc.gr/~batsakis/Interval-based#44 http://www.intelligence.tuc.gr/~batsakis/Interval-based#d http://www.intelligence.tuc.gr/~batsakis/Interval-based#21	1
http://www.intelligence.tuc.gr/~batsakis/Interval-based#44 http://www.intelligence.tuc.gr/~batsakis/Interval-based#b http://www.intelligence.tuc.gr/~batsakis/Interval-based#22	1
http://www.intelligence.tuc.gr/~batsakis/Interval-based#44 http://www.intelligence.tuc.gr/~batsakis/Interval-based#b http://www.intelligence.tuc.gr/~batsakis/Interval-based#23	1
http://www.intelligence.tuc.gr/~batsakis/Interval-based#44 http://www.intelligence.tuc.gr/~batsakis/Interval-based#d http://www.intelligence.tuc.gr/~batsakis/Interval-based#24	1
http://www.intelligence.tuc.gr/~batsakis/Interval-based#44 http://www.intelligence.tuc.gr/~batsakis/Interval-based#d http://www.intelligence.tuc.gr/~batsakis/Interval-based#25	1
http://www.intelligence.tuc.gr/~batsakis/Interval-based#44 http://www.intelligence.tuc.gr/~batsakis/Interval-based#a_d_oi_mi_f http://www.intelligence.tuc.gr/~batsakis/Interval-based#26	1
http://www.intelligence.tuc.gr/~batsakis/Interval-based#44 http://www.intelligence.tuc.gr/~batsakis/Interval-based#d http://www.intelligence.tuc.gr/~batsakis/Interval-based#27	1
http://www.intelligence.tuc.gr/~batsakis/Interval-based#44 http://www.intelligence.tuc.gr/~batsakis/Interval-based#b http://www.intelligence.tuc.gr/~batsakis/Interval-based#28	1
http://www.intelligence.tuc.gr/~batsakis/Interval-based#44 http://www.intelligence.tuc.gr/~batsakis/Interval-based#d http://www.intelligence.tuc.gr/~batsakis/Interval-based#29	1
http://www.intelligence.tuc.gr/~batsakis/Interval-based#44 http://www.intelligence.tuc.gr/~batsakis/Interval-based#d http://www.intelligence.tuc.gr/~batsakis/Interval-based#30	1
http://www.intelligence.tuc.gr/~batsakis/Interval-based#44 http://www.intelligence.tuc.gr/~batsakis/Interval-based#d http://www.intelligence.tuc.gr/~batsakis/Interval-based#31	1
http://www.intelligence.tuc.gr/~batsakis/Interval-based#44 http://www.intelligence.tuc.gr/~batsakis/Interval-based#d http://www.intelligence.tuc.gr/~batsakis/Interval-based#32	1
http://www.intelligence.tuc.gr/~batsakis/Interval-based#44 http://www.intelligence.tuc.gr/~batsakis/Interval-based#b http://www.intelligence.tuc.gr/~batsakis/Interval-based#33	1
http://www.intelligence.tuc.gr/~batsakis/Interval-based#44 http://www.intelligence.tuc.gr/~batsakis/Interval-based#d http://www.intelligence.tuc.gr/~batsakis/Interval-based#34	1
http://www.intelligence.tuc.gr/~batsakis/Interval-based#44 http://www.intelligence.tuc.gr/~batsakis/Interval-based#b_d_ov_m_s http://www.intelligence.tuc.gr/~batsakis/Interval-based#35	1
http://www.intelligence.tuc.gr/~batsakis/Interval-based#44 http://www.intelligence.tuc.gr/~batsakis/Interval-based#d http://www.intelligence.tuc.gr/~batsakis/Interval-based#36	1
http://www.intelligence.tuc.gr/~batsakis/Interval-based#44 http://www.intelligence.tuc.gr/~batsakis/Interval-based#d http://www.intelligence.tuc.gr/~batsakis/Interval-based#37	1
http://www.intelligence.tuc.gr/~batsakis/Interval-based#44 http://www.intelligence.tuc.gr/~batsakis/Interval-based#d http://www.intelligence.tuc.gr/~batsakis/Interval-based#38	1
http://www.intelligence.tuc.gr/~batsakis/Interval-based#44 http://www.intelligence.tuc.gr/~batsakis/Interval-based#b http://www.intelligence.tuc.gr/~batsakis/Interval-based#39	1
http://www.intelligence.tuc.gr/~batsakis/Interval-based#44 http://www.intelligence.tuc.gr/~batsakis/Interval-based#mi http://www.intelligence.tuc.gr/~batsakis/Interval-based#40	1
http://www.intelligence.tuc.gr/~batsakis/Interval-based#44 http://www.intelligence.tuc.gr/~batsakis/Interval-based#a http://www.intelligence.tuc.gr/~batsakis/Interval-based#41	1
http://www.intelligence.tuc.gr/~batsakis/Interval-based#44 http://www.intelligence.tuc.gr/~batsakis/Interval-based#b_ov_m http://www.intelligence.tuc.gr/~batsakis/Interval-based#42	1
http://www.intelligence.tuc.gr/~batsakis/Interval-based#44 http://www.intelligence.tuc.gr/~batsakis/Interval-based#d http://www.intelligence.tuc.gr/~batsakis/Interval-based#43	1
http://www.intelligence.tuc.gr/~batsakis/Interval-based#44 http://www.intelligence.tuc.gr/~batsakis/Interval-based#d http://www.intelligence.tuc.gr/~batsakis/Interval-based#45	1
http://www.intelligence.tuc.gr/~batsakis/Interval-based#44 http://www.intelligence.tuc.gr/~batsakis/Interval-based#d http://www.intelligence.tuc.gr/~batsakis/Interval-based#46	1
http://www.intelligence.tuc.gr/~batsakis/Interval-based#44 http://www.intelligence.tuc.gr/~batsakis/Interval-based#d http://www.intelligence.tuc.gr/~batsakis/Interval-based#47	1
http://www.intelligence.tuc.gr/~batsakis/Interval-based#44 http://www.intelligence.tuc.gr/~batsakis/Interval-based#b http://www.intelligence.tuc.gr/~batsakis/Interval-based#48	1
http://www.intelligence.tuc.gr/~batsakis/Interval-based#44 http://www.intelligence.tuc.gr/~batsakis/Interval-based#b http://www.intelligence.tuc.gr/~batsakis/Interval-based#49	1
http://www.intelligence.tuc.gr/~batsakis/Interval-based#44 http://www.intelligence.tuc.gr/~batsakis/Interval-based#b http://www.intelligence.tuc.gr/~batsakis/Interval-based#50	1
http://www.intelligence.tuc.gr/~batsakis/Interval-based#44 http://www.intelligence.tuc.gr/~batsakis/Interval-based#d http://www.intelligence.tuc.gr/~batsakis/Interval-based#51	1
http://www.intelligence.tuc.gr/~batsakis/Interval-based#44 http://www.intelligence.tuc.gr/~batsakis/Interval-based#d http://www.intelligence.tuc.gr/~batsakis/Interval-based#52	1
http://www.intelligence.tuc.gr/~batsakis/Interval-based#44 http://www.intelligence.tuc.gr/~batsakis/Interval-based#d http://www.intelligence.tuc.gr/~batsakis/Interval-based#53	1
http://www.intelligence.tuc.gr/~batsakis/Interval-based#44 http://www.intelligence.tuc.gr/~batsakis/Interval-based#b http://www.intelligence.tuc.gr/~batsakis/Interval-based#54	1
http://www.intelligence.tuc.gr/~batsakis/Interval-based#44 http://www.intelligence.tuc.gr/~batsakis/Interval-based#d http://www.intelligence.tuc.gr/~batsakis/Interval-based#55	1
http://www.intelligence.tuc.gr/~batsakis/Interval-based#44 http://www.intelligence.tuc.gr/~batsakis/Interval-based#mi http://www.intelligence.tuc.gr/~batsakis/Interval-based#56	1
http://www.intelligence.tuc.gr/~batsakis/Interval-based#44 http://www.intelligence.tuc.gr/~batsakis/Interval-based#d http://www.intelligence.tuc.gr/~batsakis/Interval-based#57	1
http://www.intelligence.tuc.gr/~batsakis/Interval-based#44 http://www.intelligence.tuc.gr/~batsakis/Interval-based#d http://www.intelligence.tuc.gr/~batsakis/Interval-based#58	1
http://www.intelligence.tuc.gr/~batsakis/Interval-based#44 http://www.intelligence.tuc.gr/~batsakis/Interval-based#b http://www.intelligence.tuc.gr/~batsakis/Interval-based#59	1
http://www.intelligence.tuc.gr/~batsakis/Interval-based#44 http://www.intelligence.tuc.gr/~batsakis/Interval-based#d http://www.intelligence.tuc.gr/~batsakis/Interval-based#60	1
http://www.intelligence.tuc.gr/~batsakis/Interval-based#44 http://www.intelligence.tuc.gr/~batsakis/Interval-based#b http://www.intelligence.tuc.gr/~batsakis/Interval-based#61	1
http://www.intelligence.tuc.gr/~batsakis/Interval-based#44 http://www.intelligence.tuc.gr/~batsakis/Interval-based#d http://www.intelligence.tuc.gr/~batsakis/Interval-based#62	1
http://www.intelligence.tuc.gr/~batsakis/Interval-based#44 http://www.intelligence.tuc.gr/~batsakis/Interval-based#b_d_ov_m_s http://www.intelligence.tuc.gr/~batsakis/Interval-based#63	1
http://www.intelligence.tuc.gr/~batsakis/Interval-based#45 http://www.intelligence.tuc.gr/~batsakis/Interval-based#m http://www.intelligence.tuc.gr/~batsakis/Interval-based#0	1
http://www.intelligence.tuc.gr/~batsakis/Interval-based#45 http://www.intelligence.tuc.gr/~batsakis/Interval-based#d http://www.intelligence.tuc.gr/~batsakis/Interval-based#1	1
http://www.intelligence.tuc.gr/~batsakis/Interval-based#45 http://www.intelligence.tuc.gr/~batsakis/Interval-based#b http://www.intelligence.tuc.gr/~batsakis/Interval-based#2	1
http://www.intelligence.tuc.gr/~batsakis/Interval-based#45 http://www.intelligence.tuc.gr/~batsakis/Interval-based#d_ov_s http://www.intelligence.tuc.gr/~batsakis/Interval-based#3	1
http://www.intelligence.tuc.gr/~batsakis/Interval-based#45 http://www.intelligence.tuc.gr/~batsakis/Interval-based#b http://www.intelligence.tuc.gr/~batsakis/Interval-based#4	1
http://www.intelligence.tuc.gr/~batsakis/Interval-based#45 http://www.intelligence.tuc.gr/~batsakis/Interval-based#oi http://www.intelligence.tuc.gr/~batsakis/Interval-based#5	1
http://www.intelligence.tuc.gr/~batsakis/Interval-based#45 http://www.intelligence.tuc.gr/~batsakis/Interval-based#b http://www.intelligence.tuc.gr/~batsakis/Interval-based#6	1
http://www.intelligence.tuc.gr/~batsakis/Interval-based#45 http://www.intelligence.tuc.gr/~batsakis/Interval-based#d http://www.intelligence.tuc.gr/~batsakis/Interval-based#7	1
http://www.intelligence.tuc.gr/~batsakis/Interval-based#45 http://www.intelligence.tuc.gr/~batsakis/Interval-based#m http://www.intelligence.tuc.gr/~batsakis/Interval-based#8	1
http://www.intelligence.tuc.gr/~batsakis/Interval-based#45 http://www.intelligence.tuc.gr/~batsakis/Interval-based#ov http://www.intelligence.tuc.gr/~batsakis/Interval-based#9	1
http://www.intelligence.tuc.gr/~batsakis/Interval-based#45 http://www.intelligence.tuc.gr/~batsakis/Interval-based#ov http://www.intelligence.tuc.gr/~batsakis/Interval-based#10	1
http://www.intelligence.tuc.gr/~batsakis/Interval-based#45 http://www.intelligence.tuc.gr/~batsakis/Interval-based#f http://www.intelligence.tuc.gr/~batsakis/Interval-based#11	1
http://www.intelligence.tuc.gr/~batsakis/Interval-based#45 http://www.intelligence.tuc.gr/~batsakis/Interval-based#d http://www.intelligence.tuc.gr/~batsakis/Interval-based#12	1
http://www.intelligence.tuc.gr/~batsakis/Interval-based#45 http://www.intelligence.tuc.gr/~batsakis/Interval-based#b http://www.intelligence.tuc.gr/~batsakis/Interval-based#13	1
http://www.intelligence.tuc.gr/~batsakis/Interval-based#45 http://www.intelligence.tuc.gr/~batsakis/Interval-based#ov http://www.intelligence.tuc.gr/~batsakis/Interval-based#14	1
http://www.intelligence.tuc.gr/~batsakis/Interval-based#45 http://www.intelligence.tuc.gr/~batsakis/Interval-based#d http://www.intelligence.tuc.gr/~batsakis/Interval-based#15	1
http://www.intelligence.tuc.gr/~batsakis/Interval-based#45 http://www.intelligence.tuc.gr/~batsakis/Interval-based#oi http://www.intelligence.tuc.gr/~batsakis/Interval-based#16	1
http://www.intelligence.tuc.gr/~batsakis/Interval-based#45 http://www.intelligence.tuc.gr/~batsakis/Interval-based#ov http://www.intelligence.tuc.gr/~batsakis/Interval-based#17	1
http://www.intelligence.tuc.gr/~batsakis/Interval-based#45 http://www.intelligence.tuc.gr/~batsakis/Interval-based#b http://www.intelligence.tuc.gr/~batsakis/Interval-based#18	1
http://www.intelligence.tuc.gr/~batsakis/Interval-based#45 http://www.intelligence.tuc.gr/~batsakis/Interval-based#ov http://www.intelligence.tuc.gr/~batsakis/Interval-based#19	1
http://www.intelligence.tuc.gr/~batsakis/Interval-based#45 http://www.intelligence.tuc.gr/~batsakis/Interval-based#b http://www.intelligence.tuc.gr/~batsakis/Interval-based#20	1
http://www.intelligence.tuc.gr/~batsakis/Interval-based#45 http://www.intelligence.tuc.gr/~batsakis/Interval-based#d http://www.intelligence.tuc.gr/~batsakis/Interval-based#21	1
http://www.intelligence.tuc.gr/~batsakis/Interval-based#45 http://www.intelligence.tuc.gr/~batsakis/Interval-based#b http://www.intelligence.tuc.gr/~batsakis/Interval-based#22	1
http://www.intelligence.tuc.gr/~batsakis/Interval-based#45 http://www.intelligence.tuc.gr/~batsakis/Interval-based#b http://www.intelligence.tuc.gr/~batsakis/Interval-based#23	1
http://www.intelligence.tuc.gr/~batsakis/Interval-based#45 http://www.intelligence.tuc.gr/~batsakis/Interval-based#ov http://www.intelligence.tuc.gr/~batsakis/Interval-based#24	1
http://www.intelligence.tuc.gr/~batsakis/Interval-based#45 http://www.intelligence.tuc.gr/~batsakis/Interval-based#ov http://www.intelligence.tuc.gr/~batsakis/Interval-based#25	1
http://www.intelligence.tuc.gr/~batsakis/Interval-based#45 http://www.intelligence.tuc.gr/~batsakis/Interval-based#oi http://www.intelligence.tuc.gr/~batsakis/Interval-based#26	1
http://www.intelligence.tuc.gr/~batsakis/Interval-based#45 http://www.intelligence.tuc.gr/~batsakis/Interval-based#d_ov_s http://www.intelligence.tuc.gr/~batsakis/Interval-based#27	1
http://www.intelligence.tuc.gr/~batsakis/Interval-based#45 http://www.intelligence.tuc.gr/~batsakis/Interval-based#b http://www.intelligence.tuc.gr/~batsakis/Interval-based#28	1
http://www.intelligence.tuc.gr/~batsakis/Interval-based#45 http://www.intelligence.tuc.gr/~batsakis/Interval-based#d http://www.intelligence.tuc.gr/~batsakis/Interval-based#29	1
http://www.intelligence.tuc.gr/~batsakis/Interval-based#45 http://www.intelligence.tuc.gr/~batsakis/Interval-based#d http://www.intelligence.tuc.gr/~batsakis/Interval-based#30	1
http://www.intelligence.tuc.gr/~batsakis/Interval-based#45 http://www.intelligence.tuc.gr/~batsakis/Interval-based#d_ov_s http://www.intelligence.tuc.gr/~batsakis/Interval-based#31	1
http://www.intelligence.tuc.gr/~batsakis/Interval-based#45 http://www.intelligence.tuc.gr/~batsakis/Interval-based#ov http://www.intelligence.tuc.gr/~batsakis/Interval-based#32	1
http://www.intelligence.tuc.gr/~batsakis/Interval-based#45 http://www.intelligence.tuc.gr/~batsakis/Interval-based#b http://www.intelligence.tuc.gr/~batsakis/Interval-based#33	1
http://www.intelligence.tuc.gr/~batsakis/Interval-based#45 http://www.intelligence.tuc.gr/~batsakis/Interval-based#d http://www.intelligence.tuc.gr/~batsakis/Interval-based#34	1
http://www.intelligence.tuc.gr/~batsakis/Interval-based#45 http://www.intelligence.tuc.gr/~batsakis/Interval-based#ov http://www.intelligence.tuc.gr/~batsakis/Interval-based#35	1
http://www.intelligence.tuc.gr/~batsakis/Interval-based#45 http://www.intelligence.tuc.gr/~batsakis/Interval-based#s http://www.intelligence.tuc.gr/~batsakis/Interval-based#36	1
http://www.intelligence.tuc.gr/~batsakis/Interval-based#45 http://www.intelligence.tuc.gr/~batsakis/Interval-based#ov http://www.intelligence.tuc.gr/~batsakis/Interval-based#37	1
http://www.intelligence.tuc.gr/~batsakis/Interval-based#45 http://www.intelligence.tuc.gr/~batsakis/Interval-based#d http://www.intelligence.tuc.gr/~batsakis/Interval-based#38	1
http://www.intelligence.tuc.gr/~batsakis/Interval-based#45 http://www.intelligence.tuc.gr/~batsakis/Interval-based#b http://www.intelligence.tuc.gr/~batsakis/Interval-based#39	1
http://www.intelligence.tuc.gr/~batsakis/Interval-based#45 http://www.intelligence.tuc.gr/~batsakis/Interval-based#di_oi_si http://www.intelligence.tuc.gr/~batsakis/Interval-based#40	1
http://www.intelligence.tuc.gr/~batsakis/Interval-based#45 http://www.intelligence.tuc.gr/~batsakis/Interval-based#di http://www.intelligence.tuc.gr/~batsakis/Interval-based#41	1
http://www.intelligence.tuc.gr/~batsakis/Interval-based#45 http://www.intelligence.tuc.gr/~batsakis/Interval-based#b_ov_m http://www.intelligence.tuc.gr/~batsakis/Interval-based#42	1
http://www.intelligence.tuc.gr/~batsakis/Interval-based#45 http://www.intelligence.tuc.gr/~batsakis/Interval-based#d http://www.intelligence.tuc.gr/~batsakis/Interval-based#43	1
http://www.intelligence.tuc.gr/~batsakis/Interval-based#45 http://www.intelligence.tuc.gr/~batsakis/Interval-based#di http://www.intelligence.tuc.gr/~batsakis/Interval-based#44	1
http://www.intelligence.tuc.gr/~batsakis/Interval-based#45 http://www.intelligence.tuc.gr/~batsakis/Interval-based#d http://www.intelligence.tuc.gr/~batsakis/Interval-based#46	1
http://www.intelligence.tuc.gr/~batsakis/Interval-based#45 http://www.intelligence.tuc.gr/~batsakis/Interval-based#ov http://www.intelligence.tuc.gr/~batsakis/Interval-based#47	1
http://www.intelligence.tuc.gr/~batsakis/Interval-based#45 http://www.intelligence.tuc.gr/~batsakis/Interval-based#b http://www.intelligence.tuc.gr/~batsakis/Interval-based#48	1
http://www.intelligence.tuc.gr/~batsakis/Interval-based#45 http://www.intelligence.tuc.gr/~batsakis/Interval-based#b http://www.intelligence.tuc.gr/~batsakis/Interval-based#49	1
http://www.intelligence.tuc.gr/~batsakis/Interval-based#45 http://www.intelligence.tuc.gr/~batsakis/Interval-based#b http://www.intelligence.tuc.gr/~batsakis/Interval-based#50	1
http://www.intelligence.tuc.gr/~batsakis/Interval-based#45 http://www.intelligence.tuc.gr/~batsakis/Interval-based#f http://www.intelligence.tuc.gr/~batsakis/Interval-based#51	1
http://www.intelligence.tuc.gr/~batsakis/Interval-based#45 http://www.intelligence.tuc.gr/~batsakis/Interval-based#ov http://www.intelligence.tuc.gr/~batsakis/Interval-based#52	1
http://www.intelligence.tuc.gr/~batsakis/Interval-based#45 http://www.intelligence.tuc.gr/~batsakis/Interval-based#ov http://www.intelligence.tuc.gr/~batsakis/Interval-based#53	1
http://www.intelligence.tuc.gr/~batsakis/Interval-based#45 http://www.intelligence.tuc.gr/~batsakis/Interval-based#b http://www.intelligence.tuc.gr/~batsakis/Interval-based#54	1
http://www.intelligence.tuc.gr/~batsakis/Interval-based#45 http://www.intelligence.tuc.gr/~batsakis/Interval-based#s http://www.intelligence.tuc.gr/~batsakis/Interval-based#55	1
http://www.intelligence.tuc.gr/~batsakis/Interval-based#45 http://www.intelligence.tuc.gr/~batsakis/Interval-based#di_oi_si http://www.intelligence.tuc.gr/~batsakis/Interval-based#56	1
http://www.intelligence.tuc.gr/~batsakis/Interval-based#45 http://www.intelligence.tuc.gr/~batsakis/Interval-based#d http://www.intelligence.tuc.gr/~batsakis/Interval-based#57	1
http://www.intelligence.tuc.gr/~batsakis/Interval-based#45 http://www.intelligence.tuc.gr/~batsakis/Interval-based#d http://www.intelligence.tuc.gr/~batsakis/Interval-based#58	1
http://www.intelligence.tuc.gr/~batsakis/Interval-based#45 http://www.intelligence.tuc.gr/~batsakis/Interval-based#b http://www.intelligence.tuc.gr/~batsakis/Interval-based#59	1
http://www.intelligence.tuc.gr/~batsakis/Interval-based#45 http://www.intelligence.tuc.gr/~batsakis/Interval-based#d http://www.intelligence.tuc.gr/~batsakis/Interval-based#60	1
http://www.intelligence.tuc.gr/~batsakis/Interval-based#45 http://www.intelligence.tuc.gr/~batsakis/Interval-based#b http://www.intelligence.tuc.gr/~batsakis/Interval-based#61	1
http://www.intelligence.tuc.gr/~batsakis/Interval-based#45 http://www.intelligence.tuc.gr/~batsakis/Interval-based#d http://www.intelligence.tuc.gr/~batsakis/Interval-based#62	1
http://www.intelligence.tuc.gr/~batsakis/Interval-based#45 http://www.intelligence.tuc.gr/~batsakis/Interval-based#d_ov_s http://www.intelligence.tuc.gr/~batsakis/Interval-based#63	1
http://www.intelligence.tuc.gr/~batsakis/Interval-based#46 http://www.intelligence.tuc.gr/~batsakis/Interval-based#ov http://www.intelligence.tuc.gr/~batsakis/Interval-based#0	1
http://www.intelligence.tuc.gr/~batsakis/Interval-based#46 http://www.intelligence.tuc.gr/~batsakis/Interval-based#d_ov_s http://www.intelligence.tuc.gr/~batsakis/Interval-based#1	1
http://www.intelligence.tuc.gr/~batsakis/Interval-based#46 http://www.intelligence.tuc.gr/~batsakis/Interval-based#ov http://www.intelligence.tuc.gr/~batsakis/Interval-based#2	1
http://www.intelligence.tuc.gr/~batsakis/Interval-based#46 http://www.intelligence.tuc.gr/~batsakis/Interval-based#fi http://www.intelligence.tuc.gr/~batsakis/Interval-based#3	1
http://www.intelligence.tuc.gr/~batsakis/Interval-based#46 http://www.intelligence.tuc.gr/~batsakis/Interval-based#b http://www.intelligence.tuc.gr/~batsakis/Interval-based#4	1
http://www.intelligence.tuc.gr/~batsakis/Interval-based#46 http://www.intelligence.tuc.gr/~batsakis/Interval-based#di http://www.intelligence.tuc.gr/~batsakis/Interval-based#5	1
http://www.intelligence.tuc.gr/~batsakis/Interval-based#46 http://www.intelligence.tuc.gr/~batsakis/Interval-based#ov http://www.intelligence.tuc.gr/~batsakis/Interval-based#6	1
http://www.intelligence.tuc.gr/~batsakis/Interval-based#46 http://www.intelligence.tuc.gr/~batsakis/Interval-based#ov http://www.intelligence.tuc.gr/~batsakis/Interval-based#7	1
http://www.intelligence.tuc.gr/~batsakis/Interval-based#46 http://www.intelligence.tuc.gr/~batsakis/Interval-based#di http://www.intelligence.tuc.gr/~batsakis/Interval-based#8	1
http://www.intelligence.tuc.gr/~batsakis/Interval-based#46 http://www.intelligence.tuc.gr/~batsakis/Interval-based#ov http://www.intelligence.tuc.gr/~batsakis/Interval-based#9	1
http://www.intelligence.tuc.gr/~batsakis/Interval-based#46 http://www.intelligence.tuc.gr/~batsakis/Interval-based#ov http://www.intelligence.tuc.gr/~batsakis/Interval-based#10	1
http://www.intelligence.tuc.gr/~batsakis/Interval-based#46 http://www.intelligence.tuc.gr/~batsakis/Interval-based#di_oi_si http://www.intelligence.tuc.gr/~batsakis/Interval-based#11	1
http://www.intelligence.tuc.gr/~batsakis/Interval-based#46 http://www.intelligence.tuc.gr/~batsakis/Interval-based#d_ov_s http://www.intelligence.tuc.gr/~batsakis/Interval-based#12	1
http://www.intelligence.tuc.gr/~batsakis/Interval-based#46 http://www.intelligence.tuc.gr/~batsakis/Interval-based#ov http://www.intelligence.tuc.gr/~batsakis/Interval-based#13	1
http://www.intelligence.tuc.gr/~batsakis/Interval-based#46 http://www.intelligence.tuc.gr/~batsakis/Interval-based#di http://www.intelligence.tuc.gr/~batsakis/Interval-based#14	1
http://www.intelligence.tuc.gr/~batsakis/Interval-based#46 http://www.intelligence.tuc.gr/~batsakis/Interval-based#di http://www.intelligence.tuc.gr/~batsakis/Interval-based#15	1
http://www.intelligence.tuc.gr/~batsakis/Interval-based#46 http://www.intelligence.tuc.gr/~batsakis/Interval-based#di_oi_si http://www.intelligence.tuc.gr/~batsakis/Interval-based#16	1
http://www.intelligence.tuc.gr/~batsakis/Interval-based#46 http://www.intelligence.tuc.gr/~batsakis/Interval-based#di http://www.intelligence.tuc.gr/~batsakis/Interval-based#17	1
http://www.intelligence.tuc.gr/~batsakis/Interval-based#46 http://www.intelligence.tuc.gr/~batsakis/Interval-based#b http://www.intelligence.tuc.gr/~batsakis/Interval-based#18	1
http://www.intelligence.tuc.gr/~batsakis/Interval-based#46 http://www.intelligence.tuc.gr/~batsakis/Interval-based#di http://www.intelligence.tuc.gr/~batsakis/Interval-based#19	1
http://www.intelligence.tuc.gr/~batsakis/Interval-based#46 http://www.intelligence.tuc.gr/~batsakis/Interval-based#b http://www.intelligence.tuc.gr/~batsakis/Interval-based#20	1
http://www.intelligence.tuc.gr/~batsakis/Interval-based#46 http://www.intelligence.tuc.gr/~batsakis/Interval-based#d_ov_s http://www.intelligence.tuc.gr/~batsakis/Interval-based#21	1
http://www.intelligence.tuc.gr/~batsakis/Interval-based#46 http://www.intelligence.tuc.gr/~batsakis/Interval-based#ov http://www.intelligence.tuc.gr/~batsakis/Interval-based#22	1
http://www.intelligence.tuc.gr/~batsakis/Interval-based#46 http://www.intelligence.tuc.gr/~batsakis/Interval-based#b http://www.intelligence.tuc.gr/~batsakis/Interval-based#23	1
http://www.intelligence.tuc.gr/~batsakis/Interval-based#46 http://www.intelligence.tuc.gr/~batsakis/Interval-based#ov http://www.intelligence.tuc.gr/~batsakis/Interval-based#24	1
http://www.intelligence.tuc.gr/~batsakis/Interval-based#46 http://www.intelligence.tuc.gr/~batsakis/Interval-based#ov http://www.intelligence.tuc.gr/~batsakis/Interval-based#25	1
http://www.intelligence.tuc.gr/~batsakis/Interval-based#46 http://www.intelligence.tuc.gr/~batsakis/Interval-based#di http://www.intelligence.tuc.gr/~batsakis/Interval-based#26	1
http://www.intelligence.tuc.gr/~batsakis/Interval-based#46 http://www.intelligence.tuc.gr/~batsakis/Interval-based#ov http://www.intelligence.tuc.gr/~batsakis/Interval-based#27	1
http://www.intelligence.tuc.gr/~batsakis/Interval-based#46 http://www.intelligence.tuc.gr/~batsakis/Interval-based#ov http://www.intelligence.tuc.gr/~batsakis/Interval-based#28	1
http://www.intelligence.tuc.gr/~batsakis/Interval-based#46 http://www.intelligence.tuc.gr/~batsakis/Interval-based#d_ov_s http://www.intelligence.tuc.gr/~batsakis/Interval-based#29	1
http://www.intelligence.tuc.gr/~batsakis/Interval-based#46 http://www.intelligence.tuc.gr/~batsakis/Interval-based#d_di_ov_oi_s_si_f_fi_eq http://www.intelligence.tuc.gr/~batsakis/Interval-based#30	1
http://www.intelligence.tuc.gr/~batsakis/Interval-based#46 http://www.intelligence.tuc.gr/~batsakis/Interval-based#ov http://www.intelligence.tuc.gr/~batsakis/Interval-based#31	1
http://www.intelligence.tuc.gr/~batsakis/Interval-based#46 http://www.intelligence.tuc.gr/~batsakis/Interval-based#ov http://www.intelligence.tuc.gr/~batsakis/Interval-based#32	1
http://www.intelligence.tuc.gr/~batsakis/Interval-based#46 http://www.intelligence.tuc.gr/~batsakis/Interval-based#b http://www.intelligence.tuc.gr/~batsakis/Interval-based#33	1
http://www.intelligence.tuc.gr/~batsakis/Interval-based#46 http://www.intelligence.tuc.gr/~batsakis/Interval-based#di http://www.intelligence.tuc.gr/~batsakis/Interval-based#34	1
http://www.intelligence.tuc.gr/~batsakis/Interval-based#46 http://www.intelligence.tuc.gr/~batsakis/Interval-based#ov http://www.intelligence.tuc.gr/~batsakis/Interval-based#35	1
http://www.intelligence.tuc.gr/~batsakis/Interval-based#46 http://www.intelligence.tuc.gr/~batsakis/Interval-based#ov http://www.intelligence.tuc.gr/~batsakis/Interval-based#36	1
http://www.intelligence.tuc.gr/~batsakis/Interval-based#46 http://www.intelligence.tuc.gr/~batsakis/Interval-based#fi http://www.intelligence.tuc.gr/~batsakis/Interval-based#37	1
http://www.intelligence.tuc.gr/~batsakis/Interval-based#46 http://www.intelligence.tuc.gr/~batsakis/Interval-based#d_ov_s http://www.intelligence.tuc.gr/~batsakis/Interval-based#38	1
http://www.intelligence.tuc.gr/~batsakis/Interval-based#46 http://www.intelligence.tuc.gr/~batsakis/Interval-based#ov http://www.intelligence.tuc.gr/~batsakis/Interval-based#39	1
http://www.intelligence.tuc.gr/~batsakis/Interval-based#46 http://www.intelligence.tuc.gr/~batsakis/Interval-based#di http://www.intelligence.tuc.gr/~batsakis/Interval-based#40	1
http://www.intelligence.tuc.gr/~batsakis/Interval-based#46 http://www.intelligence.tuc.gr/~batsakis/Interval-based#di http://www.intelligence.tuc.gr/~batsakis/Interval-based#41	1
http://www.intelligence.tuc.gr/~batsakis/Interval-based#46 http://www.intelligence.tuc.gr/~batsakis/Interval-based#b_ov_m http://www.intelligence.tuc.gr/~batsakis/Interval-based#42	1
http://www.intelligence.tuc.gr/~batsakis/Interval-based#46 http://www.intelligence.tuc.gr/~batsakis/Interval-based#ov http://www.intelligence.tuc.gr/~batsakis/Interval-based#43	1
http://www.intelligence.tuc.gr/~batsakis/Interval-based#46 http://www.intelligence.tuc.gr/~batsakis/Interval-based#di http://www.intelligence.tuc.gr/~batsakis/Interval-based#44	1
http://www.intelligence.tuc.gr/~batsakis/Interval-based#46 http://www.intelligence.tuc.gr/~batsakis/Interval-based#di http://www.intelligence.tuc.gr/~batsakis/Interval-based#45	1
http://www.intelligence.tuc.gr/~batsakis/Interval-based#46 http://www.intelligence.tuc.gr/~batsakis/Interval-based#di http://www.intelligence.tuc.gr/~batsakis/Interval-based#47	1
http://www.intelligence.tuc.gr/~batsakis/Interval-based#46 http://www.intelligence.tuc.gr/~batsakis/Interval-based#b http://www.intelligence.tuc.gr/~batsakis/Interval-based#48	1
http://www.intelligence.tuc.gr/~batsakis/Interval-based#46 http://www.intelligence.tuc.gr/~batsakis/Interval-based#b http://www.intelligence.tuc.gr/~batsakis/Interval-based#49	1
http://www.intelligence.tuc.gr/~batsakis/Interval-based#46 http://www.intelligence.tuc.gr/~batsakis/Interval-based#b http://www.intelligence.tuc.gr/~batsakis/Interval-based#50	1
http://www.intelligence.tuc.gr/~batsakis/Interval-based#46 http://www.intelligence.tuc.gr/~batsakis/Interval-based#di http://www.intelligence.tuc.gr/~batsakis/Interval-based#51	1
http://www.intelligence.tuc.gr/~batsakis/Interval-based#46 http://www.intelligence.tuc.gr/~batsakis/Interval-based#ov http://www.intelligence.tuc.gr/~batsakis/Interval-based#52	1
http://www.intelligence.tuc.gr/~batsakis/Interval-based#46 http://www.intelligence.tuc.gr/~batsakis/Interval-based#ov http://www.intelligence.tuc.gr/~batsakis/Interval-based#53	1
http://www.intelligence.tuc.gr/~batsakis/Interval-based#46 http://www.intelligence.tuc.gr/~batsakis/Interval-based#b_ov_m http://www.intelligence.tuc.gr/~batsakis/Interval-based#54	1
http://www.intelligence.tuc.gr/~batsakis/Interval-based#46 http://www.intelligence.tuc.gr/~batsakis/Interval-based#fi http://www.intelligence.tuc.gr/~batsakis/Interval-based#55	1
http://www.intelligence.tuc.gr/~batsakis/Interval-based#46 http://www.intelligence.tuc.gr/~batsakis/Interval-based#di http://www.intelligence.tuc.gr/~batsakis/Interval-based#56	1
http://www.intelligence.tuc.gr/~batsakis/Interval-based#46 http://www.intelligence.tuc.gr/~batsakis/Interval-based#fi http://www.intelligence.tuc.gr/~batsakis/Interval-based#57	1
http://www.intelligence.tuc.gr/~batsakis/Interval-based#46 http://www.intelligence.tuc.gr/~batsakis/Interval-based#d_ov_s http://www.intelligence.tuc.gr/~batsakis/Interval-based#58	1
http://www.intelligence.tuc.gr/~batsakis/Interval-based#46 http://www.intelligence.tuc.gr/~batsakis/Interval-based#ov http://www.intelligence.tuc.gr/~batsakis/Interval-based#59	1
http://www.intelligence.tuc.gr/~batsakis/Interval-based#46 http://www.intelligence.tuc.gr/~batsakis/Interval-based#ov http://www.intelligence.tuc.gr/~batsakis/Interval-based#60	1
http://www.intelligence.tuc.gr/~batsakis/Interval-based#46 http://www.intelligence.tuc.gr/~batsakis/Interval-based#b http://www.intelligence.tuc.gr/~batsakis/Interval-based#61	1
http://www.intelligence.tuc.gr/~batsakis/Interval-based#46 http://www.intelligence.tuc.gr/~batsakis/Interval-based#d_ov_s http://www.intelligence.tuc.gr/~batsakis/Interval-based#62	1
http://www.intelligence.tuc.gr/~batsakis/Interval-based#46 http://www.intelligence.tuc.gr/~batsakis/Interval-based#ov http://www.intelligence.tuc.gr/~batsakis/Interval-based#63	1
http://www.intelligence.tuc.gr/~batsakis/Interval-based#47 http://www.intelligence.tuc.gr/~batsakis/Interval-based#ov http://www.intelligence.tuc.gr/~batsakis/Interval-based#0	1
http://www.intelligence.tuc.gr/~batsakis/Interval-based#47 http://www.intelligence.tuc.gr/~batsakis/Interval-based#d http://www.intelligence.tuc.gr/~batsakis/Interval-based#1	1
http://www.intelligence.tuc.gr/~batsakis/Interval-based#47 http://www.intelligence.tuc.gr/~batsakis/Interval-based#b_ov_m http://www.intelligence.tuc.gr/~batsakis/Interval-based#2	1
http://www.intelligence.tuc.gr/~batsakis/Interval-based#47 http://www.intelligence.tuc.gr/~batsakis/Interval-based#d http://www.intelligence.tuc.gr/~batsakis/Interval-based#3	1
http://www.intelligence.tuc.gr/~batsakis/Interval-based#47 http://www.intelligence.tuc.gr/~batsakis/Interval-based#b http://www.intelligence.tuc.gr/~batsakis/Interval-based#4	1
http://www.intelligence.tuc.gr/~batsakis/Interval-based#47 http://www.intelligence.tuc.gr/~batsakis/Interval-based#a http://www.intelligence.tuc.gr/~batsakis/Interval-based#5	1
http://www.intelligence.tuc.gr/~batsakis/Interval-based#47 http://www.intelligence.tuc.gr/~batsakis/Interval-based#b_ov_m http://www.intelligence.tuc.gr/~batsakis/Interval-based#6	1
http://www.intelligence.tuc.gr/~batsakis/Interval-based#47 http://www.intelligence.tuc.gr/~batsakis/Interval-based#d http://www.intelligence.tuc.gr/~batsakis/Interval-based#7	1
http://www.intelligence.tuc.gr/~batsakis/Interval-based#47 http://www.intelligence.tuc.gr/~batsakis/Interval-based#di http://www.intelligence.tuc.gr/~batsakis/Interval-based#8	1
http://www.intelligence.tuc.gr/~batsakis/Interval-based#47 http://www.intelligence.tuc.gr/~batsakis/Interval-based#d http://www.intelligence.tuc.gr/~batsakis/Interval-based#9	1
http://www.intelligence.tuc.gr/~batsakis/Interval-based#47 http://www.intelligence.tuc.gr/~batsakis/Interval-based#d http://www.intelligence.tuc.gr/~batsakis/Interval-based#10	1
http://www.intelligence.tuc.gr/~batsakis/Interval-based#47 http://www.intelligence.tuc.gr/~batsakis/Interval-based#oi http://www.intelligence.tuc.gr/~batsakis/Interval-based#11	1
http://www.intelligence.tuc.gr/~batsakis/Interval-based#47 http://www.intelligence.tuc.gr/~batsakis/Interval-based#d http://www.intelligence.tuc.gr/~batsakis/Interval-based#12	1
http://www.intelligence.tuc.gr/~batsakis/Interval-based#47 http://www.intelligence.tuc.gr/~batsakis/Interval-based#m http://www.intelligence.tuc.gr/~batsakis/Interval-based#13	1
http://www.intelligence.tuc.gr/~batsakis/Interval-based#47 http://www.intelligence.tuc.gr/~batsakis/Interval-based#d_di_ov_oi_s_si_f_fi_eq http://www.intelligence.tuc.gr/~batsakis/Interval-based#14	1
http://www.intelligence.tuc.gr/~batsakis/Interval-based#47 http://www.intelligence.tuc.gr/~batsakis/Interval-based#d_oi_f http://www.intelligence.tuc.gr/~batsakis/Interval-based#15	1
http://www.intelligence.tuc.gr/~batsakis/Interval-based#47 http://www.intelligence.tuc.gr/~batsakis/Interval-based#a_oi_mi http://www.intelligence.tuc.gr/~batsakis/Interval-based#16	1
http://www.intelligence.tuc.gr/~batsakis/Interval-based#47 http://www.intelligence.tuc.gr/~batsakis/Interval-based#d_di_ov_oi_s_si_f_fi_eq http://www.intelligence.tuc.gr/~batsakis/Interval-based#17	1
http://www.intelligence.tuc.gr/~batsakis/Interval-based#47 http://www.intelligence.tuc.gr/~batsakis/Interval-based#b http://www.intelligence.tuc.gr/~batsakis/Interval-based#18	1
http://www.intelligence.tuc.gr/~batsakis/Interval-based#47 http://www.intelligence.tuc.gr/~batsakis/Interval-based#eq http://www.intelligence.tuc.gr/~batsakis/Interval-based#19	1
http://www.intelligence.tuc.gr/~batsakis/Interval-based#47 http://www.intelligence.tuc.gr/~batsakis/Interval-based#b http://www.intelligence.tuc.gr/~batsakis/Interval-based#20	1
http://www.intelligence.tuc.gr/~batsakis/Interval-based#47 http://www.intelligence.tuc.gr/~batsakis/Interval-based#d http://www.intelligence.tuc.gr/~batsakis/Interval-based#21	1
http://www.intelligence.tuc.gr/~batsakis/Interval-based#47 http://www.intelligence.tuc.gr/~batsakis/Interval-based#b_ov_m http://www.intelligence.tuc.gr/~batsakis/Interval-based#22	1
http://www.intelligence.tuc.gr/~batsakis/Interval-based#47 http://www.intelligence.tuc.gr/~batsakis/Interval-based#b http://www.intelligence.tuc.gr/~batsakis/Interval-based#23	1
http://www.intelligence.tuc.gr/~batsakis/Interval-based#47 http://www.intelligence.tuc.gr/~batsakis/Interval-based#d http://www.intelligence.tuc.gr/~batsakis/Interval-based#24	1
http://www.intelligence.tuc.gr/~batsakis/Interval-based#47 http://www.intelligence.tuc.gr/~batsakis/Interval-based#d http://www.intelligence.tuc.gr/~batsakis/Interval-based#25	1
http://www.intelligence.tuc.gr/~batsakis/Interval-based#47 http://www.intelligence.tuc.gr/~batsakis/Interval-based#a_oi_mi http://www.intelligence.tuc.gr/~batsakis/Interval-based#26	1
http://www.intelligence.tuc.gr/~batsakis/Interval-based#47 http://www.intelligence.tuc.gr/~batsakis/Interval-based#d http://www.intelligence.tuc.gr/~batsakis/Interval-based#27	1
http://www.intelligence.tuc.gr/~batsakis/Interval-based#47 http://www.intelligence.tuc.gr/~batsakis/Interval-based#ov http://www.intelligence.tuc.gr/~batsakis/Interval-based#28	1
http://www.intelligence.tuc.gr/~batsakis/Interval-based#47 http://www.intelligence.tuc.gr/~batsakis/Interval-based#d http://www.intelligence.tuc.gr/~batsakis/Interval-based#29	1
http://www.intelligence.tuc.gr/~batsakis/Interval-based#47 http://www.intelligence.tuc.gr/~batsakis/Interval-based#d_oi_f http://www.intelligence.tuc.gr/~batsakis/Interval-based#30	1
http://www.intelligence.tuc.gr/~batsakis/Interval-based#47 http://www.intelligence.tuc.gr/~batsakis/Interval-based#d http://www.intelligence.tuc.gr/~batsakis/Interval-based#31	1
http://www.intelligence.tuc.gr/~batsakis/Interval-based#47 http://www.intelligence.tuc.gr/~batsakis/Interval-based#d http://www.intelligence.tuc.gr/~batsakis/Interval-based#32	1
http://www.intelligence.tuc.gr/~batsakis/Interval-based#47 http://www.intelligence.tuc.gr/~batsakis/Interval-based#b http://www.intelligence.tuc.gr/~batsakis/Interval-based#33	1
http://www.intelligence.tuc.gr/~batsakis/Interval-based#47 http://www.intelligence.tuc.gr/~batsakis/Interval-based#d_oi_f http://www.intelligence.tuc.gr/~batsakis/Interval-based#34	1
http://www.intelligence.tuc.gr/~batsakis/Interval-based#47 http://www.intelligence.tuc.gr/~batsakis/Interval-based#d_ov_s http://www.intelligence.tuc.gr/~batsakis/Interval-based#35	1
http://www.intelligence.tuc.gr/~batsakis/Interval-based#47 http://www.intelligence.tuc.gr/~batsakis/Interval-based#d http://www.intelligence.tuc.gr/~batsakis/Interval-based#36	1
http://www.intelligence.tuc.gr/~batsakis/Interval-based#47 http://www.intelligence.tuc.gr/~batsakis/Interval-based#d http://www.intelligence.tuc.gr/~batsakis/Interval-based#37	1
http://www.intelligence.tuc.gr/~batsakis/Interval-based#47 http://www.intelligence.tuc.gr/~batsakis/Interval-based#d http://www.intelligence.tuc.gr/~batsakis/Interval-based#38	1
http://www.intelligence.tuc.gr/~batsakis/Interval-based#47 http://www.intelligence.tuc.gr/~batsakis/Interval-based#ov http://www.intelligence.tuc.gr/~batsakis/Interval-based#39	1
http://www.intelligence.tuc.gr/~batsakis/Interval-based#47 http://www.intelligence.tuc.gr/~batsakis/Interval-based#oi http://www.intelligence.tuc.gr/~batsakis/Interval-based#40	1
http://www.intelligence.tuc.gr/~batsakis/Interval-based#47 http://www.intelligence.tuc.gr/~batsakis/Interval-based#a http://www.intelligence.tuc.gr/~batsakis/Interval-based#41	1
http://www.intelligence.tuc.gr/~batsakis/Interval-based#47 http://www.intelligence.tuc.gr/~batsakis/Interval-based#b_ov_m http://www.intelligence.tuc.gr/~batsakis/Interval-based#42	1
http://www.intelligence.tuc.gr/~batsakis/Interval-based#47 http://www.intelligence.tuc.gr/~batsakis/Interval-based#d http://www.intelligence.tuc.gr/~batsakis/Interval-based#43	1
http://www.intelligence.tuc.gr/~batsakis/Interval-based#47 http://www.intelligence.tuc.gr/~batsakis/Interval-based#di http://www.intelligence.tuc.gr/~batsakis/Interval-based#44	1
http://www.intelligence.tuc.gr/~batsakis/Interval-based#47 http://www.intelligence.tuc.gr/~batsakis/Interval-based#oi http://www.intelligence.tuc.gr/~batsakis/Interval-based#45	1
http://www.intelligence.tuc.gr/~batsakis/Interval-based#47 http://www.intelligence.tuc.gr/~batsakis/Interval-based#d http://www.intelligence.tuc.gr/~batsakis/Interval-based#46	1
http://www.intelligence.tuc.gr/~batsakis/Interval-based#47 http://www.intelligence.tuc.gr/~batsakis/Interval-based#b http://www.intelligence.tuc.gr/~batsakis/Interval-based#48	1
http://www.intelligence.tuc.gr/~batsakis/Interval-based#47 http://www.intelligence.tuc.gr/~batsakis/Interval-based#b http://www.intelligence.tuc.gr/~batsakis/Interval-based#49	1
http://www.intelligence.tuc.gr/~batsakis/Interval-based#47 http://www.intelligence.tuc.gr/~batsakis/Interval-based#b http://www.intelligence.tuc.gr/~batsakis/Interval-based#50	1
http://www.intelligence.tuc.gr/~batsakis/Interval-based#47 http://www.intelligence.tuc.gr/~batsakis/Interval-based#oi http://www.intelligence.tuc.gr/~batsakis/Interval-based#51	1
http://www.intelligence.tuc.gr/~batsakis/Interval-based#47 http://www.intelligence.tuc.gr/~batsakis/Interval-based#d http://www.intelligence.tuc.gr/~batsakis/Interval-based#52	1
http://www.intelligence.tuc.gr/~batsakis/Interval-based#47 http://www.intelligence.tuc.gr/~batsakis/Interval-based#d_ov_s http://www.intelligence.tuc.gr/~batsakis/Interval-based#53	1
http://www.intelligence.tuc.gr/~batsakis/Interval-based#47 http://www.intelligence.tuc.gr/~batsakis/Interval-based#b http://www.intelligence.tuc.gr/~batsakis/Interval-based#54	1
http://www.intelligence.tuc.gr/~batsakis/Interval-based#47 http://www.intelligence.tuc.gr/~batsakis/Interval-based#d http://www.intelligence.tuc.gr/~batsakis/Interval-based#55	1
http://www.intelligence.tuc.gr/~batsakis/Interval-based#47 http://www.intelligence.tuc.gr/~batsakis/Interval-based#oi http://www.intelligence.tuc.gr/~batsakis/Interval-based#56	1
http://www.intelligence.tuc.gr/~batsakis/Interval-based#47 http://www.intelligence.tuc.gr/~batsakis/Interval-based#d http://www.intelligence.tuc.gr/~batsakis/Interval-based#57	1
http://www.intelligence.tuc.gr/~batsakis/Interval-based#47 http://www.intelligence.tuc.gr/~batsakis/Interval-based#d http://www.intelligence.tuc.gr/~batsakis/Interval-based#58	1
http://www.intelligence.tuc.gr/~batsakis/Interval-based#47 http://www.intelligence.tuc.gr/~batsakis/Interval-based#ov http://www.intelligence.tuc.gr/~batsakis/Interval-based#59	1
http://www.intelligence.tuc.gr/~batsakis/Interval-based#47 http://www.intelligence.tuc.gr/~batsakis/Interval-based#d http://www.intelligence.tuc.gr/~batsakis/Interval-based#60	1
http://www.intelligence.tuc.gr/~batsakis/Interval-based#47 http://www.intelligence.tuc.gr/~batsakis/Interval-based#b http://www.intelligence.tuc.gr/~batsakis/Interval-based#61	1
http://www.intelligence.tuc.gr/~batsakis/Interval-based#47 http://www.intelligence.tuc.gr/~batsakis/Interval-based#d http://www.intelligence.tuc.gr/~batsakis/Interval-based#62	1
http://www.intelligence.tuc.gr/~batsakis/Interval-based#47 http://www.intelligence.tuc.gr/~batsakis/Interval-based#d_ov_s http://www.intelligence.tuc.gr/~batsakis/Interval-based#63	1
http://www.intelligence.tuc.gr/~batsakis/Interval-based#48 http://www.intelligence.tuc.gr/~batsakis/Interval-based#d http://www.intelligence.tuc.gr/~batsakis/Interval-based#0	1
http://www.intelligence.tuc.gr/~batsakis/Interval-based#48 http://www.intelligence.tuc.gr/~batsakis/Interval-based#d http://www.intelligence.tuc.gr/~batsakis/Interval-based#1	1
http://www.intelligence.tuc.gr/~batsakis/Interval-based#48 http://www.intelligence.tuc.gr/~batsakis/Interval-based#d http://www.intelligence.tuc.gr/~batsakis/Interval-based#2	1
http://www.intelligence.tuc.gr/~batsakis/Interval-based#48 http://www.intelligence.tuc.gr/~batsakis/Interval-based#a http://www.intelligence.tuc.gr/~batsakis/Interval-based#3	1
http://www.intelligence.tuc.gr/~batsakis/Interval-based#48 http://www.intelligence.tuc.gr/~batsakis/Interval-based#b http://www.intelligence.tuc.gr/~batsakis/Interval-based#4	1
http://www.intelligence.tuc.gr/~batsakis/Interval-based#48 http://www.intelligence.tuc.gr/~batsakis/Interval-based#a http://www.intelligence.tuc.gr/~batsakis/Interval-based#5	1
http://www.intelligence.tuc.gr/~batsakis/Interval-based#48 http://www.intelligence.tuc.gr/~batsakis/Interval-based#d http://www.intelligence.tuc.gr/~batsakis/Interval-based#6	1
http://www.intelligence.tuc.gr/~batsakis/Interval-based#48 http://www.intelligence.tuc.gr/~batsakis/Interval-based#d http://www.intelligence.tuc.gr/~batsakis/Interval-based#7	1
http://www.intelligence.tuc.gr/~batsakis/Interval-based#48 http://www.intelligence.tuc.gr/~batsakis/Interval-based#a http://www.intelligence.tuc.gr/~batsakis/Interval-based#8	1
http://www.intelligence.tuc.gr/~batsakis/Interval-based#48 http://www.intelligence.tuc.gr/~batsakis/Interval-based#d http://www.intelligence.tuc.gr/~batsakis/Interval-based#9	1
http://www.intelligence.tuc.gr/~batsakis/Interval-based#48 http://www.intelligence.tuc.gr/~batsakis/Interval-based#a_oi_mi http://www.intelligence.tuc.gr/~batsakis/Interval-based#10	1
http://www.intelligence.tuc.gr/~batsakis/Interval-based#48 http://www.intelligence.tuc.gr/~batsakis/Interval-based#a http://www.intelligence.tuc.gr/~batsakis/Interval-based#11	1
http://www.intelligence.tuc.gr/~batsakis/Interval-based#48 http://www.intelligence.tuc.gr/~batsakis/Interval-based#a_oi_mi http://www.intelligence.tuc.gr/~batsakis/Interval-based#12	1
http://www.intelligence.tuc.gr/~batsakis/Interval-based#48 http://www.intelligence.tuc.gr/~batsakis/Interval-based#d http://www.intelligence.tuc.gr/~batsakis/Interval-based#13	1
http://www.intelligence.tuc.gr/~batsakis/Interval-based#48 http://www.intelligence.tuc.gr/~batsakis/Interval-based#a http://www.intelligence.tuc.gr/~batsakis/Interval-based#14	1
http://www.intelligence.tuc.gr/~batsakis/Interval-based#48 http://www.intelligence.tuc.gr/~batsakis/Interval-based#a http://www.intelligence.tuc.gr/~batsakis/Interval-based#15	1
http://www.intelligence.tuc.gr/~batsakis/Interval-based#48 http://www.intelligence.tuc.gr/~batsakis/Interval-based#a http://www.intelligence.tuc.gr/~batsakis/Interval-based#16	1
http://www.intelligence.tuc.gr/~batsakis/Interval-based#48 http://www.intelligence.tuc.gr/~batsakis/Interval-based#a http://www.intelligence.tuc.gr/~batsakis/Interval-based#17	1
http://www.intelligence.tuc.gr/~batsakis/Interval-based#48 http://www.intelligence.tuc.gr/~batsakis/Interval-based#b http://www.intelligence.tuc.gr/~batsakis/Interval-based#18	1
http://www.intelligence.tuc.gr/~batsakis/Interval-based#48 http://www.intelligence.tuc.gr/~batsakis/Interval-based#a http://www.intelligence.tuc.gr/~batsakis/Interval-based#19	1
http://www.intelligence.tuc.gr/~batsakis/Interval-based#48 http://www.intelligence.tuc.gr/~batsakis/Interval-based#b http://www.intelligence.tuc.gr/~batsakis/Interval-based#20	1
http://www.intelligence.tuc.gr/~batsakis/Interval-based#48 http://www.intelligence.tuc.gr/~batsakis/Interval-based#d http://www.intelligence.tuc.gr/~batsakis/Interval-based#21	1
http://www.intelligence.tuc.gr/~batsakis/Interval-based#48 http://www.intelligence.tuc.gr/~batsakis/Interval-based#d http://www.intelligence.tuc.gr/~batsakis/Interval-based#22	1
http://www.intelligence.tuc.gr/~batsakis/Interval-based#48 http://www.intelligence.tuc.gr/~batsakis/Interval-based#d http://www.intelligence.tuc.gr/~batsakis/Interval-based#23	1
http://www.intelligence.tuc.gr/~batsakis/Interval-based#48 http://www.intelligence.tuc.gr/~batsakis/Interval-based#d http://www.intelligence.tuc.gr/~batsakis/Interval-based#24	1
http://www.intelligence.tuc.gr/~batsakis/Interval-based#48 http://www.intelligence.tuc.gr/~batsakis/Interval-based#d http://www.intelligence.tuc.gr/~batsakis/Interval-based#25	1
http://www.intelligence.tuc.gr/~batsakis/Interval-based#48 http://www.intelligence.tuc.gr/~batsakis/Interval-based#a http://www.intelligence.tuc.gr/~batsakis/Interval-based#26	1
http://www.intelligence.tuc.gr/~batsakis/Interval-based#48 http://www.intelligence.tuc.gr/~batsakis/Interval-based#d http://www.intelligence.tuc.gr/~batsakis/Interval-based#27	1
http://www.intelligence.tuc.gr/~batsakis/Interval-based#48 http://www.intelligence.tuc.gr/~batsakis/Interval-based#d http://www.intelligence.tuc.gr/~batsakis/Interval-based#28	1
http://www.intelligence.tuc.gr/~batsakis/Interval-based#48 http://www.intelligence.tuc.gr/~batsakis/Interval-based#a_oi_mi http://www.intelligence.tuc.gr/~batsakis/Interval-based#29	1
http://www.intelligence.tuc.gr/~batsakis/Interval-based#48 http://www.intelligence.tuc.gr/~batsakis/Interval-based#a_d_oi_mi_f http://www.intelligence.tuc.gr/~batsakis/Interval-based#30	1
http://www.intelligence.tuc.gr/~batsakis/Interval-based#48 http://www.intelligence.tuc.gr/~batsakis/Interval-based#d http://www.intelligence.tuc.gr/~batsakis/Interval-based#31	1
http://www.intelligence.tuc.gr/~batsakis/Interval-based#48 http://www.intelligence.tuc.gr/~batsakis/Interval-based#d http://www.intelligence.tuc.gr/~batsakis/Interval-based#32	1
http://www.intelligence.tuc.gr/~batsakis/Interval-based#48 http://www.intelligence.tuc.gr/~batsakis/Interval-based#b http://www.intelligence.tuc.gr/~batsakis/Interval-based#33	1
http://www.intelligence.tuc.gr/~batsakis/Interval-based#48 http://www.intelligence.tuc.gr/~batsakis/Interval-based#a http://www.intelligence.tuc.gr/~batsakis/Interval-based#34	1
http://www.intelligence.tuc.gr/~batsakis/Interval-based#48 http://www.intelligence.tuc.gr/~batsakis/Interval-based#d http://www.intelligence.tuc.gr/~batsakis/Interval-based#35	1
http://www.intelligence.tuc.gr/~batsakis/Interval-based#48 http://www.intelligence.tuc.gr/~batsakis/Interval-based#d http://www.intelligence.tuc.gr/~batsakis/Interval-based#36	1
http://www.intelligence.tuc.gr/~batsakis/Interval-based#48 http://www.intelligence.tuc.gr/~batsakis/Interval-based#a http://www.intelligence.tuc.gr/~batsakis/Interval-based#37	1
http://www.intelligence.tuc.gr/~batsakis/Interval-based#48 http://www.intelligence.tuc.gr/~batsakis/Interval-based#d http://www.intelligence.tuc.gr/~batsakis/Interval-based#38	1
http://www.intelligence.tuc.gr/~batsakis/Interval-based#48 http://www.intelligence.tuc.gr/~batsakis/Interval-based#d http://www.intelligence.tuc.gr/~batsakis/Interval-based#39	1
http://www.intelligence.tuc.gr/~batsakis/Interval-based#48 http://www.intelligence.tuc.gr/~batsakis/Interval-based#a http://www.intelligence.tuc.gr/~batsakis/Interval-based#40	1
http://www.intelligence.tuc.gr/~batsakis/Interval-based#48 http://www.intelligence.tuc.gr/~batsakis/Interval-based#a http://www.intelligence.tuc.gr/~batsakis/Interval-based#41	1
http://www.intelligence.tuc.gr/~batsakis/Interval-based#48 http://www.intelligence.tuc.gr/~batsakis/Interval-based#b_d_ov_m_s http://www.intelligence.tuc.gr/~batsakis/Interval-based#42	1
http://www.intelligence.tuc.gr/~batsakis/Interval-based#48 http://www.intelligence.tuc.gr/~batsakis/Interval-based#a_d_oi_mi_f http://www.intelligence.tuc.gr/~batsakis/Interval-based#43	1
http://www.intelligence.tuc.gr/~batsakis/Interval-based#48 http://www.intelligence.tuc.gr/~batsakis/Interval-based#a http://www.intelligence.tuc.gr/~batsakis/Interval-based#44	1
http://www.intelligence.tuc.gr/~batsakis/Interval-based#48 http://www.intelligence.tuc.gr/~batsakis/Interval-based#a http://www.intelligence.tuc.gr/~batsakis/Interval-based#45	1
http://www.intelligence.tuc.gr/~batsakis/Interval-based#48 http://www.intelligence.tuc.gr/~batsakis/Interval-based#a http://www.intelligence.tuc.gr/~batsakis/Interval-based#46	1
http://www.intelligence.tuc.gr/~batsakis/Interval-based#48 http://www.intelligence.tuc.gr/~batsakis/Interval-based#a http://www.intelligence.tuc.gr/~batsakis/Interval-based#47	1
http://www.intelligence.tuc.gr/~batsakis/Interval-based#48 http://www.intelligence.tuc.gr/~batsakis/Interval-based#b_d_ov_m_s http://www.intelligence.tuc.gr/~batsakis/Interval-based#49	1
http://www.intelligence.tuc.gr/~batsakis/Interval-based#48 http://www.intelligence.tuc.gr/~batsakis/Interval-based#b http://www.intelligence.tuc.gr/~batsakis/Interval-based#50	1
http://www.intelligence.tuc.gr/~batsakis/Interval-based#48 http://www.intelligence.tuc.gr/~batsakis/Interval-based#a http://www.intelligence.tuc.gr/~batsakis/Interval-based#51	1
http://www.intelligence.tuc.gr/~batsakis/Interval-based#48 http://www.intelligence.tuc.gr/~batsakis/Interval-based#a_oi_mi http://www.intelligence.tuc.gr/~batsakis/Interval-based#52	1
http://www.intelligence.tuc.gr/~batsakis/Interval-based#48 http://www.intelligence.tuc.gr/~batsakis/Interval-based#d http://www.intelligence.tuc.gr/~batsakis/Interval-based#53	1
http://www.intelligence.tuc.gr/~batsakis/Interval-based#48 http://www.intelligence.tuc.gr/~batsakis/Interval-based#d http://www.intelligence.tuc.gr/~batsakis/Interval-based#54	1
http://www.intelligence.tuc.gr/~batsakis/Interval-based#48 http://www.intelligence.tuc.gr/~batsakis/Interval-based#a http://www.intelligence.tuc.gr/~batsakis/Interval-based#55	1
http://www.intelligence.tuc.gr/~batsakis/Interval-based#48 http://www.intelligence.tuc.gr/~batsakis/Interval-based#a http://www.intelligence.tuc.gr/~batsakis/Interval-based#56	1
http://www.intelligence.tuc.gr/~batsakis/Interval-based#48 http://www.intelligence.tuc.gr/~batsakis/Interval-based#a http://www.intelligence.tuc.gr/~batsakis/Interval-based#57	1
http://www.intelligence.tuc.gr/~batsakis/Interval-based#48 http://www.intelligence.tuc.gr/~batsakis/Interval-based#a_oi_mi http://www.intelligence.tuc.gr/~batsakis/Interval-based#58	1
http://www.intelligence.tuc.gr/~batsakis/Interval-based#48 http://www.intelligence.tuc.gr/~batsakis/Interval-based#d http://www.intelligence.tuc.gr/~batsakis/Interval-based#59	1
http://www.intelligence.tuc.gr/~batsakis/Interval-based#48 http://www.intelligence.tuc.gr/~batsakis/Interval-based#a http://www.intelligence.tuc.gr/~batsakis/Interval-based#60	1
http://www.intelligence.tuc.gr/~batsakis/Interval-based#48 http://www.intelligence.tuc.gr/~batsakis/Interval-based#ov http://www.intelligence.tuc.gr/~batsakis/Interval-based#61	1
http://www.intelligence.tuc.gr/~batsakis/Interval-based#48 http://www.intelligence.tuc.gr/~batsakis/Interval-based#d http://www.intelligence.tuc.gr/~batsakis/Interval-based#62	1
http://www.intelligence.tuc.gr/~batsakis/Interval-based#48 http://www.intelligence.tuc.gr/~batsakis/Interval-based#d http://www.intelligence.tuc.gr/~batsakis/Interval-based#63	1
http://www.intelligence.tuc.gr/~batsakis/Interval-based#49 http://www.intelligence.tuc.gr/~batsakis/Interval-based#oi http://www.intelligence.tuc.gr/~batsakis/Interval-based#0	1
http://www.intelligence.tuc.gr/~batsakis/Interval-based#49 http://www.intelligence.tuc.gr/~batsakis/Interval-based#oi http://www.intelligence.tuc.gr/~batsakis/Interval-based#1	1
http://www.intelligence.tuc.gr/~batsakis/Interval-based#49 http://www.intelligence.tuc.gr/~batsakis/Interval-based#oi http://www.intelligence.tuc.gr/~batsakis/Interval-based#2	1
http://www.intelligence.tuc.gr/~batsakis/Interval-based#49 http://www.intelligence.tuc.gr/~batsakis/Interval-based#a http://www.intelligence.tuc.gr/~batsakis/Interval-based#3	1
http://www.intelligence.tuc.gr/~batsakis/Interval-based#49 http://www.intelligence.tuc.gr/~batsakis/Interval-based#di_oi_si http://www.intelligence.tuc.gr/~batsakis/Interval-based#4	1
http://www.intelligence.tuc.gr/~batsakis/Interval-based#49 http://www.intelligence.tuc.gr/~batsakis/Interval-based#a http://www.intelligence.tuc.gr/~batsakis/Interval-based#5	1
http://www.intelligence.tuc.gr/~batsakis/Interval-based#49 http://www.intelligence.tuc.gr/~batsakis/Interval-based#oi http://www.intelligence.tuc.gr/~batsakis/Interval-based#6	1
http://www.intelligence.tuc.gr/~batsakis/Interval-based#49 http://www.intelligence.tuc.gr/~batsakis/Interval-based#oi http://www.intelligence.tuc.gr/~batsakis/Interval-based#7	1
http://www.intelligence.tuc.gr/~batsakis/Interval-based#49 http://www.intelligence.tuc.gr/~batsakis/Interval-based#a http://www.intelligence.tuc.gr/~batsakis/Interval-based#8	1
http://www.intelligence.tuc.gr/~batsakis/Interval-based#49 http://www.intelligence.tuc.gr/~batsakis/Interval-based#a_oi_mi http://www.intelligence.tuc.gr/~batsakis/Interval-based#9	1
http://www.intelligence.tuc.gr/~batsakis/Interval-based#49 http://www.intelligence.tuc.gr/~batsakis/Interval-based#a http://www.intelligence.tuc.gr/~batsakis/Interval-based#10	1
http://www.intelligence.tuc.gr/~batsakis/Interval-based#49 http://www.intelligence.tuc.gr/~batsakis/Interval-based#a http://www.intelligence.tuc.gr/~batsakis/Interval-based#11	1
http://www.intelligence.tuc.gr/~batsakis/Interval-based#49 http://www.intelligence.tuc.gr/~batsakis/Interval-based#a http://www.intelligence.tuc.gr/~batsakis/Interval-based#12	1
http://www.intelligence.tuc.gr/~batsakis/Interval-based#49 http://www.intelligence.tuc.gr/~batsakis/Interval-based#oi http://www.intelligence.tuc.gr/~batsakis/Interval-based#13	1
http://www.intelligence.tuc.gr/~batsakis/Interval-based#49 http://www.intelligence.tuc.gr/~batsakis/Interval-based#a http://www.intelligence.tuc.gr/~batsakis/Interval-based#14	1
http://www.intelligence.tuc.gr/~batsakis/Interval-based#49 http://www.intelligence.tuc.gr/~batsakis/Interval-based#a http://www.intelligence.tuc.gr/~batsakis/Interval-based#15	1
http://www.intelligence.tuc.gr/~batsakis/Interval-based#49 http://www.intelligence.tuc.gr/~batsakis/Interval-based#a http://www.intelligence.tuc.gr/~batsakis/Interval-based#16	1
http://www.intelligence.tuc.gr/~batsakis/Interval-based#49 http://www.intelligence.tuc.gr/~batsakis/Interval-based#a http://www.intelligence.tuc.gr/~batsakis/Interval-based#17	1
http://www.intelligence.tuc.gr/~batsakis/Interval-based#49 http://www.intelligence.tuc.gr/~batsakis/Interval-based#b_di_ov_m_fi http://www.intelligence.tuc.gr/~batsakis/Interval-based#18	1
http://www.intelligence.tuc.gr/~batsakis/Interval-based#49 http://www.intelligence.tuc.gr/~batsakis/Interval-based#a http://www.intelligence.tuc.gr/~batsakis/Interval-based#19	1
http://www.intelligence.tuc.gr/~batsakis/Interval-based#49 http://www.intelligence.tuc.gr/~batsakis/Interval-based#di_ov_fi http://www.intelligence.tuc.gr/~batsakis/Interval-based#20	1
http://www.intelligence.tuc.gr/~batsakis/Interval-based#49 http://www.intelligence.tuc.gr/~batsakis/Interval-based#a_oi_mi http://www.intelligence.tuc.gr/~batsakis/Interval-based#21	1
http://www.intelligence.tuc.gr/~batsakis/Interval-based#49 http://www.intelligence.tuc.gr/~batsakis/Interval-based#oi http://www.intelligence.tuc.gr/~batsakis/Interval-based#22	1
http://www.intelligence.tuc.gr/~batsakis/Interval-based#49 http://www.intelligence.tuc.gr/~batsakis/Interval-based#d_di_ov_oi_s_si_f_fi_eq http://www.intelligence.tuc.gr/~batsakis/Interval-based#23	1
http://www.intelligence.tuc.gr/~batsakis/Interval-based#49 http://www.intelligence.tuc.gr/~batsakis/Interval-based#oi http://www.intelligence.tuc.gr/~batsakis/Interval-based#24	1
http://www.intelligence.tuc.gr/~batsakis/Interval-based#49 http://www.intelligence.tuc.gr/~batsakis/Interval-based#a_oi_mi http://www.intelligence.tuc.gr/~batsakis/Interval-based#25	1
http://www.intelligence.tuc.gr/~batsakis/Interval-based#49 http://www.intelligence.tuc.gr/~batsakis/Interval-based#a http://www.intelligence.tuc.gr/~batsakis/Interval-based#26	1
http://www.intelligence.tuc.gr/~batsakis/Interval-based#49 http://www.intelligence.tuc.gr/~batsakis/Interval-based#oi http://www.intelligence.tuc.gr/~batsakis/Interval-based#27	1
http://www.intelligence.tuc.gr/~batsakis/Interval-based#49 http://www.intelligence.tuc.gr/~batsakis/Interval-based#oi http://www.intelligence.tuc.gr/~batsakis/Interval-based#28	1
http://www.intelligence.tuc.gr/~batsakis/Interval-based#49 http://www.intelligence.tuc.gr/~batsakis/Interval-based#a http://www.intelligence.tuc.gr/~batsakis/Interval-based#29	1
http://www.intelligence.tuc.gr/~batsakis/Interval-based#49 http://www.intelligence.tuc.gr/~batsakis/Interval-based#a_oi_mi http://www.intelligence.tuc.gr/~batsakis/Interval-based#30	1
http://www.intelligence.tuc.gr/~batsakis/Interval-based#49 http://www.intelligence.tuc.gr/~batsakis/Interval-based#a_oi_mi http://www.intelligence.tuc.gr/~batsakis/Interval-based#31	1
http://www.intelligence.tuc.gr/~batsakis/Interval-based#49 http://www.intelligence.tuc.gr/~batsakis/Interval-based#oi http://www.intelligence.tuc.gr/~batsakis/Interval-based#32	1
http://www.intelligence.tuc.gr/~batsakis/Interval-based#49 http://www.intelligence.tuc.gr/~batsakis/Interval-based#di_ov_fi http://www.intelligence.tuc.gr/~batsakis/Interval-based#33	1
http://www.intelligence.tuc.gr/~batsakis/Interval-based#49 http://www.intelligence.tuc.gr/~batsakis/Interval-based#a http://www.intelligence.tuc.gr/~batsakis/Interval-based#34	1
http://www.intelligence.tuc.gr/~batsakis/Interval-based#49 http://www.intelligence.tuc.gr/~batsakis/Interval-based#oi http://www.intelligence.tuc.gr/~batsakis/Interval-based#35	1
http://www.intelligence.tuc.gr/~batsakis/Interval-based#49 http://www.intelligence.tuc.gr/~batsakis/Interval-based#a_oi_mi http://www.intelligence.tuc.gr/~batsakis/Interval-based#36	1
http://www.intelligence.tuc.gr/~batsakis/Interval-based#49 http://www.intelligence.tuc.gr/~batsakis/Interval-based#a http://www.intelligence.tuc.gr/~batsakis/Interval-based#37	1
http://www.intelligence.tuc.gr/~batsakis/Interval-based#49 http://www.intelligence.tuc.gr/~batsakis/Interval-based#oi http://www.intelligence.tuc.gr/~batsakis/Interval-based#38	1
http://www.intelligence.tuc.gr/~batsakis/Interval-based#49 http://www.intelligence.tuc.gr/~batsakis/Interval-based#oi http://www.intelligence.tuc.gr/~batsakis/Interval-based#39	1
http://www.intelligence.tuc.gr/~batsakis/Interval-based#49 http://www.intelligence.tuc.gr/~batsakis/Interval-based#a http://www.intelligence.tuc.gr/~batsakis/Interval-based#40	1
http://www.intelligence.tuc.gr/~batsakis/Interval-based#49 http://www.intelligence.tuc.gr/~batsakis/Interval-based#a http://www.intelligence.tuc.gr/~batsakis/Interval-based#41	1
http://www.intelligence.tuc.gr/~batsakis/Interval-based#49 http://www.intelligence.tuc.gr/~batsakis/Interval-based#d_di_ov_oi_s_si_f_fi_eq http://www.intelligence.tuc.gr/~batsakis/Interval-based#42	1
http://www.intelligence.tuc.gr/~batsakis/Interval-based#49 http://www.intelligence.tuc.gr/~batsakis/Interval-based#a_oi_mi http://www.intelligence.tuc.gr/~batsakis/Interval-based#43	1
http://www.intelligence.tuc.gr/~batsakis/Interval-based#49 http://www.intelligence.tuc.gr/~batsakis/Interval-based#a http://www.intelligence.tuc.gr/~batsakis/Interval-based#44	1
http://www.intelligence.tuc.gr/~batsakis/Interval-based#49 http://www.intelligence.tuc.gr/~batsakis/Interval-based#a http://www.intelligence.tuc.gr/~batsakis/Interval-based#45	1
http://www.intelligence.tuc.gr/~batsakis/Interval-based#49 http://www.intelligence.tuc.gr/~batsakis/Interval-based#a http://www.intelligence.tuc.gr/~batsakis/Interval-based#46	1
http://www.intelligence.tuc.gr/~batsakis/Interval-based#49 http://www.intelligence.tuc.gr/~batsakis/Interval-based#a http://www.intelligence.tuc.gr/~batsakis/Interval-based#47	1
http://www.intelligence.tuc.gr/~batsakis/Interval-based#49 http://www.intelligence.tuc.gr/~batsakis/Interval-based#a_di_oi_mi_si http://www.intelligence.tuc.gr/~batsakis/Interval-based#48	1
http://www.intelligence.tuc.gr/~batsakis/Interval-based#49 http://www.intelligence.tuc.gr/~batsakis/Interval-based#di http://www.intelligence.tuc.gr/~batsakis/Interval-based#50	1
http://www.intelligence.tuc.gr/~batsakis/Interval-based#49 http://www.intelligence.tuc.gr/~batsakis/Interval-based#a http://www.intelligence.tuc.gr/~batsakis/Interval-based#51	1
http://www.intelligence.tuc.gr/~batsakis/Interval-based#49 http://www.intelligence.tuc.gr/~batsakis/Interval-based#a http://www.intelligence.tuc.gr/~batsakis/Interval-based#52	1
http://www.intelligence.tuc.gr/~batsakis/Interval-based#49 http://www.intelligence.tuc.gr/~batsakis/Interval-based#a_oi_mi http://www.intelligence.tuc.gr/~batsakis/Interval-based#53	1
http://www.intelligence.tuc.gr/~batsakis/Interval-based#49 http://www.intelligence.tuc.gr/~batsakis/Interval-based#di_oi_si http://www.intelligence.tuc.gr/~batsakis/Interval-based#54	1
http://www.intelligence.tuc.gr/~batsakis/Interval-based#49 http://www.intelligence.tuc.gr/~batsakis/Interval-based#a http://www.intelligence.tuc.gr/~batsakis/Interval-based#55	1
http://www.intelligence.tuc.gr/~batsakis/Interval-based#49 http://www.intelligence.tuc.gr/~batsakis/Interval-based#a http://www.intelligence.tuc.gr/~batsakis/Interval-based#56	1
http://www.intelligence.tuc.gr/~batsakis/Interval-based#49 http://www.intelligence.tuc.gr/~batsakis/Interval-based#a http://www.intelligence.tuc.gr/~batsakis/Interval-based#57	1
http://www.intelligence.tuc.gr/~batsakis/Interval-based#49 http://www.intelligence.tuc.gr/~batsakis/Interval-based#a http://www.intelligence.tuc.gr/~batsakis/Interval-based#58	1
http://www.intelligence.tuc.gr/~batsakis/Interval-based#49 http://www.intelligence.tuc.gr/~batsakis/Interval-based#oi http://www.intelligence.tuc.gr/~batsakis/Interval-based#59	1
http://www.intelligence.tuc.gr/~batsakis/Interval-based#49 http://www.intelligence.tuc.gr/~batsakis/Interval-based#a_oi_mi http://www.intelligence.tuc.gr/~batsakis/Interval-based#60	1
http://www.intelligence.tuc.gr/~batsakis/Interval-based#49 http://www.intelligence.tuc.gr/~batsakis/Interval-based#di_oi_si http://www.intelligence.tuc.gr/~batsakis/Interval-based#61	1
http://www.intelligence.tuc.gr/~batsakis/Interval-based#49 http://www.intelligence.tuc.gr/~batsakis/Interval-based#oi http://www.intelligence.tuc.gr/~batsakis/Interval-based#62	1
http://www.intelligence.tuc.gr/~batsakis/Interval-based#49 http://www.intelligence.tuc.gr/~batsakis/Interval-based#oi http://www.intelligence.tuc.gr/~batsakis/Interval-based#63	1
http://www.intelligence.tuc.gr/~batsakis/Interval-based#50 http://www.intelligence.tuc.gr/~batsakis/Interval-based#d http://www.intelligence.tuc.gr/~batsakis/Interval-based#0	1
http://www.intelligence.tuc.gr/~batsakis/Interval-based#50 http://www.intelligence.tuc.gr/~batsakis/Interval-based#a http://www.intelligence.tuc.gr/~batsakis/Interval-based#1	1
http://www.intelligence.tuc.gr/~batsakis/Interval-based#50 http://www.intelligence.tuc.gr/~batsakis/Interval-based#a_d_oi_mi_f http://www.intelligence.tuc.gr/~batsakis/Interval-based#2	1
http://www.intelligence.tuc.gr/~batsakis/Interval-based#50 http://www.intelligence.tuc.gr/~batsakis/Interval-based#a http://www.intelligence.tuc.gr/~batsakis/Interval-based#3	1
http://www.intelligence.tuc.gr/~batsakis/Interval-based#50 http://www.intelligence.tuc.gr/~batsakis/Interval-based#d http://www.intelligence.tuc.gr/~batsakis/Interval-based#4	1
http://www.intelligence.tuc.gr/~batsakis/Interval-based#50 http://www.intelligence.tuc.gr/~batsakis/Interval-based#a http://www.intelligence.tuc.gr/~batsakis/Interval-based#5	1
http://www.intelligence.tuc.gr/~batsakis/Interval-based#50 http://www.intelligence.tuc.gr/~batsakis/Interval-based#d_oi_f http://www.intelligence.tuc.gr/~batsakis/Interval-based#6	1
http://www.intelligence.tuc.gr/~batsakis/Interval-based#50 http://www.intelligence.tuc.gr/~batsakis/Interval-based#a_d_oi_mi_f http://www.intelligence.tuc.gr/~batsakis/Interval-based#7	1
http://www.intelligence.tuc.gr/~batsakis/Interval-based#50 http://www.intelligence.tuc.gr/~batsakis/Interval-based#a http://www.intelligence.tuc.gr/~batsakis/Interval-based#8	1
http://www.intelligence.tuc.gr/~batsakis/Interval-based#50 http://www.intelligence.tuc.gr/~batsakis/Interval-based#a http://www.intelligence.tuc.gr/~batsakis/Interval-based#9	1
http://www.intelligence.tuc.gr/~batsakis/Interval-based#50 http://www.intelligence.tuc.gr/~batsakis/Interval-based#a http://www.intelligence.tuc.gr/~batsakis/Interval-based#10	1
http://www.intelligence.tuc.gr/~batsakis/Interval-based#50 http://www.intelligence.tuc.gr/~batsakis/Interval-based#a http://www.intelligence.tuc.gr/~batsakis/Interval-based#11	1
http://www.intelligence.tuc.gr/~batsakis/Interval-based#50 http://www.intelligence.tuc.gr/~batsakis/Interval-based#a http://www.intelligence.tuc.gr/~batsakis/Interval-based#12	1
http://www.intelligence.tuc.gr/~batsakis/Interval-based#50 http://www.intelligence.tuc.gr/~batsakis/Interval-based#d http://www.intelligence.tuc.gr/~batsakis/Interval-based#13	1
http://www.intelligence.tuc.gr/~batsakis/Interval-based#50 http://www.intelligence.tuc.gr/~batsakis/Interval-based#a http://www.intelligence.tuc.gr/~batsakis/Interval-based#14	1
http://www.intelligence.tuc.gr/~batsakis/Interval-based#50 http://www.intelligence.tuc.gr/~batsakis/Interval-based#a http://www.intelligence.tuc.gr/~batsakis/Interval-based#15	1
http://www.intelligence.tuc.gr/~batsakis/Interval-based#50 http://www.intelligence.tuc.gr/~batsakis/Interval-based#a http://www.intelligence.tuc.gr/~batsakis/Interval-based#16	1
http://www.intelligence.tuc.gr/~batsakis/Interval-based#50 http://www.intelligence.tuc.gr/~batsakis/Interval-based#a http://www.intelligence.tuc.gr/~batsakis/Interval-based#17	1
http://www.intelligence.tuc.gr/~batsakis/Interval-based#50 http://www.intelligence.tuc.gr/~batsakis/Interval-based#b http://www.intelligence.tuc.gr/~batsakis/Interval-based#18	1
http://www.intelligence.tuc.gr/~batsakis/Interval-based#50 http://www.intelligence.tuc.gr/~batsakis/Interval-based#a http://www.intelligence.tuc.gr/~batsakis/Interval-based#19	1
http://www.intelligence.tuc.gr/~batsakis/Interval-based#50 http://www.intelligence.tuc.gr/~batsakis/Interval-based#s http://www.intelligence.tuc.gr/~batsakis/Interval-based#20	1
http://www.intelligence.tuc.gr/~batsakis/Interval-based#50 http://www.intelligence.tuc.gr/~batsakis/Interval-based#a http://www.intelligence.tuc.gr/~batsakis/Interval-based#21	1
http://www.intelligence.tuc.gr/~batsakis/Interval-based#50 http://www.intelligence.tuc.gr/~batsakis/Interval-based#a_d_oi_mi_f http://www.intelligence.tuc.gr/~batsakis/Interval-based#22	1
http://www.intelligence.tuc.gr/~batsakis/Interval-based#50 http://www.intelligence.tuc.gr/~batsakis/Interval-based#d_oi_f http://www.intelligence.tuc.gr/~batsakis/Interval-based#23	1
http://www.intelligence.tuc.gr/~batsakis/Interval-based#50 http://www.intelligence.tuc.gr/~batsakis/Interval-based#a http://www.intelligence.tuc.gr/~batsakis/Interval-based#24	1
http://www.intelligence.tuc.gr/~batsakis/Interval-based#50 http://www.intelligence.tuc.gr/~batsakis/Interval-based#a http://www.intelligence.tuc.gr/~batsakis/Interval-based#25	1
http://www.intelligence.tuc.gr/~batsakis/Interval-based#50 http://www.intelligence.tuc.gr/~batsakis/Interval-based#a http://www.intelligence.tuc.gr/~batsakis/Interval-based#26	1
http://www.intelligence.tuc.gr/~batsakis/Interval-based#50 http://www.intelligence.tuc.gr/~batsakis/Interval-based#a_d_oi_mi_f http://www.intelligence.tuc.gr/~batsakis/Interval-based#27	1
http://www.intelligence.tuc.gr/~batsakis/Interval-based#50 http://www.intelligence.tuc.gr/~batsakis/Interval-based#d http://www.intelligence.tuc.gr/~batsakis/Interval-based#28	1
http://www.intelligence.tuc.gr/~batsakis/Interval-based#50 http://www.intelligence.tuc.gr/~batsakis/Interval-based#a http://www.intelligence.tuc.gr/~batsakis/Interval-based#29	1
http://www.intelligence.tuc.gr/~batsakis/Interval-based#50 http://www.intelligence.tuc.gr/~batsakis/Interval-based#a_d_oi_mi_f http://www.intelligence.tuc.gr/~batsakis/Interval-based#30	1
http://www.intelligence.tuc.gr/~batsakis/Interval-based#50 http://www.intelligence.tuc.gr/~batsakis/Interval-based#a http://www.intelligence.tuc.gr/~batsakis/Interval-based#31	1
http://www.intelligence.tuc.gr/~batsakis/Interval-based#50 http://www.intelligence.tuc.gr/~batsakis/Interval-based#d http://www.intelligence.tuc.gr/~batsakis/Interval-based#32	1
http://www.intelligence.tuc.gr/~batsakis/Interval-based#50 http://www.intelligence.tuc.gr/~batsakis/Interval-based#b_d_ov_m_s http://www.intelligence.tuc.gr/~batsakis/Interval-based#33	1
http://www.intelligence.tuc.gr/~batsakis/Interval-based#50 http://www.intelligence.tuc.gr/~batsakis/Interval-based#a http://www.intelligence.tuc.gr/~batsakis/Interval-based#34	1
http://www.intelligence.tuc.gr/~batsakis/Interval-based#50 http://www.intelligence.tuc.gr/~batsakis/Interval-based#a http://www.intelligence.tuc.gr/~batsakis/Interval-based#35	1
http://www.intelligence.tuc.gr/~batsakis/Interval-based#50 http://www.intelligence.tuc.gr/~batsakis/Interval-based#a http://www.intelligence.tuc.gr/~batsakis/Interval-based#36	1
http://www.intelligence.tuc.gr/~batsakis/Interval-based#50 http://www.intelligence.tuc.gr/~batsakis/Interval-based#a http://www.intelligence.tuc.gr/~batsakis/Interval-based#37	1
http://www.intelligence.tuc.gr/~batsakis/Interval-based#50 http://www.intelligence.tuc.gr/~batsakis/Interval-based#d_oi_f http://www.intelligence.tuc.gr/~batsakis/Interval-based#38	1
http://www.intelligence.tuc.gr/~batsakis/Interval-based#50 http://www.intelligence.tuc.gr/~batsakis/Interval-based#d http://www.intelligence.tuc.gr/~batsakis/Interval-based#39	1
http://www.intelligence.tuc.gr/~batsakis/Interval-based#50 http://www.intelligence.tuc.gr/~batsakis/Interval-based#a http://www.intelligence.tuc.gr/~batsakis/Interval-based#40	1
http://www.intelligence.tuc.gr/~batsakis/Interval-based#50 http://www.intelligence.tuc.gr/~batsakis/Interval-based#a http://www.intelligence.tuc.gr/~batsakis/Interval-based#41	1
http://www.intelligence.tuc.gr/~batsakis/Interval-based#50 http://www.intelligence.tuc.gr/~batsakis/Interval-based#a_d_oi_mi_f http://www.intelligence.tuc.gr/~batsakis/Interval-based#42	1
http://www.intelligence.tuc.gr/~batsakis/Interval-based#50 http://www.intelligence.tuc.gr/~batsakis/Interval-based#a_d_oi_mi_f http://www.intelligence.tuc.gr/~batsakis/Interval-based#43	1
http://www.intelligence.tuc.gr/~batsakis/Interval-based#50 http://www.intelligence.tuc.gr/~batsakis/Interval-based#a http://www.intelligence.tuc.gr/~batsakis/Interval-based#44	1
http://www.intelligence.tuc.gr/~batsakis/Interval-based#50 http://www.intelligence.tuc.gr/~batsakis/Interval-based#a http://www.intelligence.tuc.gr/~batsakis/Interval-based#45	1
http://www.intelligence.tuc.gr/~batsakis/Interval-based#50 http://www.intelligence.tuc.gr/~batsakis/Interval-based#a http://www.intelligence.tuc.gr/~batsakis/Interval-based#46	1
http://www.intelligence.tuc.gr/~batsakis/Interval-based#50 http://www.intelligence.tuc.gr/~batsakis/Interval-based#a http://www.intelligence.tuc.gr/~batsakis/Interval-based#47	1
http://www.intelligence.tuc.gr/~batsakis/Interval-based#50 http://www.intelligence.tuc.gr/~batsakis/Interval-based#a http://www.intelligence.tuc.gr/~batsakis/Interval-based#48	1
http://www.intelligence.tuc.gr/~batsakis/Interval-based#50 http://www.intelligence.tuc.gr/~batsakis/Interval-based#d http://www.intelligence.tuc.gr/~batsakis/Interval-based#49	1
http://www.intelligence.tuc.gr/~batsakis/Interval-based#50 http://www.intelligence.tuc.gr/~batsakis/Interval-based#a http://www.intelligence.tuc.gr/~batsakis/Interval-based#51	1
http://www.intelligence.tuc.gr/~batsakis/Interval-based#50 http://www.intelligence.tuc.gr/~batsakis/Interval-based#a http://www.intelligence.tuc.gr/~batsakis/Interval-based#52	1
http://www.intelligence.tuc.gr/~batsakis/Interval-based#50 http://www.intelligence.tuc.gr/~batsakis/Interval-based#a http://www.intelligence.tuc.gr/~batsakis/Interval-based#53	1
http://www.intelligence.tuc.gr/~batsakis/Interval-based#50 http://www.intelligence.tuc.gr/~batsakis/Interval-based#a_d_oi_mi_f http://www.intelligence.tuc.gr/~batsakis/Interval-based#54	1
http://www.intelligence.tuc.gr/~batsakis/Interval-based#50 http://www.intelligence.tuc.gr/~batsakis/Interval-based#a http://www.intelligence.tuc.gr/~batsakis/Interval-based#55	1
http://www.intelligence.tuc.gr/~batsakis/Interval-based#50 http://www.intelligence.tuc.gr/~batsakis/Interval-based#a http://www.intelligence.tuc.gr/~batsakis/Interval-based#56	1
http://www.intelligence.tuc.gr/~batsakis/Interval-based#50 http://www.intelligence.tuc.gr/~batsakis/Interval-based#a http://www.intelligence.tuc.gr/~batsakis/Interval-based#57	1
http://www.intelligence.tuc.gr/~batsakis/Interval-based#50 http://www.intelligence.tuc.gr/~batsakis/Interval-based#a http://www.intelligence.tuc.gr/~batsakis/Interval-based#58	1
http://www.intelligence.tuc.gr/~batsakis/Interval-based#50 http://www.intelligence.tuc.gr/~batsakis/Interval-based#a_d_oi_mi_f http://www.intelligence.tuc.gr/~batsakis/Interval-based#59	1
http://www.intelligence.tuc.gr/~batsakis/Interval-based#50 http://www.intelligence.tuc.gr/~batsakis/Interval-based#a http://www.intelligence.tuc.gr/~batsakis/Interval-based#60	1
http://www.intelligence.tuc.gr/~batsakis/Interval-based#50 http://www.intelligence.tuc.gr/~batsakis/Interval-based#a_d_oi_mi_f http://www.intelligence.tuc.gr/~batsakis/Interval-based#61	1
http://www.intelligence.tuc.gr/~batsakis/Interval-based#50 http://www.intelligence.tuc.gr/~batsakis/Interval-based#d http://www.intelligence.tuc.gr/~batsakis/Interval-based#62	1
http://www.intelligence.tuc.gr/~batsakis/Interval-based#50 http://www.intelligence.tuc.gr/~batsakis/Interval-based#d http://www.intelligence.tuc.gr/~batsakis/Interval-based#63	1
http://www.intelligence.tuc.gr/~batsakis/Interval-based#51 http://www.intelligence.tuc.gr/~batsakis/Interval-based#m http://www.intelligence.tuc.gr/~batsakis/Interval-based#0	1
http://www.intelligence.tuc.gr/~batsakis/Interval-based#51 http://www.intelligence.tuc.gr/~batsakis/Interval-based#d http://www.intelligence.tuc.gr/~batsakis/Interval-based#1	1
http://www.intelligence.tuc.gr/~batsakis/Interval-based#51 http://www.intelligence.tuc.gr/~batsakis/Interval-based#b http://www.intelligence.tuc.gr/~batsakis/Interval-based#2	1
http://www.intelligence.tuc.gr/~batsakis/Interval-based#51 http://www.intelligence.tuc.gr/~batsakis/Interval-based#ov http://www.intelligence.tuc.gr/~batsakis/Interval-based#3	1
http://www.intelligence.tuc.gr/~batsakis/Interval-based#51 http://www.intelligence.tuc.gr/~batsakis/Interval-based#b http://www.intelligence.tuc.gr/~batsakis/Interval-based#4	1
http://www.intelligence.tuc.gr/~batsakis/Interval-based#51 http://www.intelligence.tuc.gr/~batsakis/Interval-based#si http://www.intelligence.tuc.gr/~batsakis/Interval-based#5	1
http://www.intelligence.tuc.gr/~batsakis/Interval-based#51 http://www.intelligence.tuc.gr/~batsakis/Interval-based#b http://www.intelligence.tuc.gr/~batsakis/Interval-based#6	1
http://www.intelligence.tuc.gr/~batsakis/Interval-based#51 http://www.intelligence.tuc.gr/~batsakis/Interval-based#s http://www.intelligence.tuc.gr/~batsakis/Interval-based#7	1
http://www.intelligence.tuc.gr/~batsakis/Interval-based#51 http://www.intelligence.tuc.gr/~batsakis/Interval-based#m http://www.intelligence.tuc.gr/~batsakis/Interval-based#8	1
http://www.intelligence.tuc.gr/~batsakis/Interval-based#51 http://www.intelligence.tuc.gr/~batsakis/Interval-based#ov http://www.intelligence.tuc.gr/~batsakis/Interval-based#9	1
http://www.intelligence.tuc.gr/~batsakis/Interval-based#51 http://www.intelligence.tuc.gr/~batsakis/Interval-based#ov http://www.intelligence.tuc.gr/~batsakis/Interval-based#10	1
http://www.intelligence.tuc.gr/~batsakis/Interval-based#51 http://www.intelligence.tuc.gr/~batsakis/Interval-based#f_fi_eq http://www.intelligence.tuc.gr/~batsakis/Interval-based#11	1
http://www.intelligence.tuc.gr/~batsakis/Interval-based#51 http://www.intelligence.tuc.gr/~batsakis/Interval-based#d http://www.intelligence.tuc.gr/~batsakis/Interval-based#12	1
http://www.intelligence.tuc.gr/~batsakis/Interval-based#51 http://www.intelligence.tuc.gr/~batsakis/Interval-based#b http://www.intelligence.tuc.gr/~batsakis/Interval-based#13	1
http://www.intelligence.tuc.gr/~batsakis/Interval-based#51 http://www.intelligence.tuc.gr/~batsakis/Interval-based#ov http://www.intelligence.tuc.gr/~batsakis/Interval-based#14	1
http://www.intelligence.tuc.gr/~batsakis/Interval-based#51 http://www.intelligence.tuc.gr/~batsakis/Interval-based#s http://www.intelligence.tuc.gr/~batsakis/Interval-based#15	1
http://www.intelligence.tuc.gr/~batsakis/Interval-based#51 http://www.intelligence.tuc.gr/~batsakis/Interval-based#oi http://www.intelligence.tuc.gr/~batsakis/Interval-based#16	1
http://www.intelligence.tuc.gr/~batsakis/Interval-based#51 http://www.intelligence.tuc.gr/~batsakis/Interval-based#ov http://www.intelligence.tuc.gr/~batsakis/Interval-based#17	1
http://www.intelligence.tuc.gr/~batsakis/Interval-based#51 http://www.intelligence.tuc.gr/~batsakis/Interval-based#b http://www.intelligence.tuc.gr/~batsakis/Interval-based#18	1
http://www.intelligence.tuc.gr/~batsakis/Interval-based#51 http://www.intelligence.tuc.gr/~batsakis/Interval-based#ov http://www.intelligence.tuc.gr/~batsakis/Interval-based#19	1
http://www.intelligence.tuc.gr/~batsakis/Interval-based#51 http://www.intelligence.tuc.gr/~batsakis/Interval-based#b http://www.intelligence.tuc.gr/~batsakis/Interval-based#20	1
http://www.intelligence.tuc.gr/~batsakis/Interval-based#51 http://www.intelligence.tuc.gr/~batsakis/Interval-based#d http://www.intelligence.tuc.gr/~batsakis/Interval-based#21	1
http://www.intelligence.tuc.gr/~batsakis/Interval-based#51 http://www.intelligence.tuc.gr/~batsakis/Interval-based#b http://www.intelligence.tuc.gr/~batsakis/Interval-based#22	1
http://www.intelligence.tuc.gr/~batsakis/Interval-based#51 http://www.intelligence.tuc.gr/~batsakis/Interval-based#b http://www.intelligence.tuc.gr/~batsakis/Interval-based#23	1
http://www.intelligence.tuc.gr/~batsakis/Interval-based#51 http://www.intelligence.tuc.gr/~batsakis/Interval-based#ov http://www.intelligence.tuc.gr/~batsakis/Interval-based#24	1
http://www.intelligence.tuc.gr/~batsakis/Interval-based#51 http://www.intelligence.tuc.gr/~batsakis/Interval-based#ov http://www.intelligence.tuc.gr/~batsakis/Interval-based#25	1
http://www.intelligence.tuc.gr/~batsakis/Interval-based#51 http://www.intelligence.tuc.gr/~batsakis/Interval-based#di http://www.intelligence.tuc.gr/~batsakis/Interval-based#26	1
http://www.intelligence.tuc.gr/~batsakis/Interval-based#51 http://www.intelligence.tuc.gr/~batsakis/Interval-based#ov http://www.intelligence.tuc.gr/~batsakis/Interval-based#27	1
http://www.intelligence.tuc.gr/~batsakis/Interval-based#51 http://www.intelligence.tuc.gr/~batsakis/Interval-based#b http://www.intelligence.tuc.gr/~batsakis/Interval-based#28	1
http://www.intelligence.tuc.gr/~batsakis/Interval-based#51 http://www.intelligence.tuc.gr/~batsakis/Interval-based#d http://www.intelligence.tuc.gr/~batsakis/Interval-based#29	1
http://www.intelligence.tuc.gr/~batsakis/Interval-based#51 http://www.intelligence.tuc.gr/~batsakis/Interval-based#d_ov_s http://www.intelligence.tuc.gr/~batsakis/Interval-based#30	1
http://www.intelligence.tuc.gr/~batsakis/Interval-based#51 http://www.intelligence.tuc.gr/~batsakis/Interval-based#ov http://www.intelligence.tuc.gr/~batsakis/Interval-based#31	1
http://www.intelligence.tuc.gr/~batsakis/Interval-based#51 http://www.intelligence.tuc.gr/~batsakis/Interval-based#ov http://www.intelligence.tuc.gr/~batsakis/Interval-based#32	1
http://www.intelligence.tuc.gr/~batsakis/Interval-based#51 http://www.intelligence.tuc.gr/~batsakis/Interval-based#b http://www.intelligence.tuc.gr/~batsakis/Interval-based#33	1
http://www.intelligence.tuc.gr/~batsakis/Interval-based#51 http://www.intelligence.tuc.gr/~batsakis/Interval-based#s http://www.intelligence.tuc.gr/~batsakis/Interval-based#34	1
http://www.intelligence.tuc.gr/~batsakis/Interval-based#51 http://www.intelligence.tuc.gr/~batsakis/Interval-based#ov http://www.intelligence.tuc.gr/~batsakis/Interval-based#35	1
http://www.intelligence.tuc.gr/~batsakis/Interval-based#51 http://www.intelligence.tuc.gr/~batsakis/Interval-based#ov http://www.intelligence.tuc.gr/~batsakis/Interval-based#36	1
http://www.intelligence.tuc.gr/~batsakis/Interval-based#51 http://www.intelligence.tuc.gr/~batsakis/Interval-based#ov http://www.intelligence.tuc.gr/~batsakis/Interval-based#37	1
http://www.intelligence.tuc.gr/~batsakis/Interval-based#51 http://www.intelligence.tuc.gr/~batsakis/Interval-based#d http://www.intelligence.tuc.gr/~batsakis/Interval-based#38	1
http://www.intelligence.tuc.gr/~batsakis/Interval-based#51 http://www.intelligence.tuc.gr/~batsakis/Interval-based#b http://www.intelligence.tuc.gr/~batsakis/Interval-based#39	1
http://www.intelligence.tuc.gr/~batsakis/Interval-based#51 http://www.intelligence.tuc.gr/~batsakis/Interval-based#di http://www.intelligence.tuc.gr/~batsakis/Interval-based#40	1
http://www.intelligence.tuc.gr/~batsakis/Interval-based#51 http://www.intelligence.tuc.gr/~batsakis/Interval-based#di http://www.intelligence.tuc.gr/~batsakis/Interval-based#41	1
http://www.intelligence.tuc.gr/~batsakis/Interval-based#51 http://www.intelligence.tuc.gr/~batsakis/Interval-based#b_ov_m http://www.intelligence.tuc.gr/~batsakis/Interval-based#42	1
http://www.intelligence.tuc.gr/~batsakis/Interval-based#51 http://www.intelligence.tuc.gr/~batsakis/Interval-based#s http://www.intelligence.tuc.gr/~batsakis/Interval-based#43	1
http://www.intelligence.tuc.gr/~batsakis/Interval-based#51 http://www.intelligence.tuc.gr/~batsakis/Interval-based#di http://www.intelligence.tuc.gr/~batsakis/Interval-based#44	1
http://www.intelligence.tuc.gr/~batsakis/Interval-based#51 http://www.intelligence.tuc.gr/~batsakis/Interval-based#fi http://www.intelligence.tuc.gr/~batsakis/Interval-based#45	1
http://www.intelligence.tuc.gr/~batsakis/Interval-based#51 http://www.intelligence.tuc.gr/~batsakis/Interval-based#d http://www.intelligence.tuc.gr/~batsakis/Interval-based#46	1
http://www.intelligence.tuc.gr/~batsakis/Interval-based#51 http://www.intelligence.tuc.gr/~batsakis/Interval-based#ov http://www.intelligence.tuc.gr/~batsakis/Interval-based#47	1
http://www.intelligence.tuc.gr/~batsakis/Interval-based#51 http://www.intelligence.tuc.gr/~batsakis/Interval-based#b http://www.intelligence.tuc.gr/~batsakis/Interval-based#48	1
http://www.intelligence.tuc.gr/~batsakis/Interval-based#51 http://www.intelligence.tuc.gr/~batsakis/Interval-based#b http://www.intelligence.tuc.gr/~batsakis/Interval-based#49	1
http://www.intelligence.tuc.gr/~batsakis/Interval-based#51 http://www.intelligence.tuc.gr/~batsakis/Interval-based#b http://www.intelligence.tuc.gr/~batsakis/Interval-based#50	1
http://www.intelligence.tuc.gr/~batsakis/Interval-based#51 http://www.intelligence.tuc.gr/~batsakis/Interval-based#ov http://www.intelligence.tuc.gr/~batsakis/Interval-based#52	1
http://www.intelligence.tuc.gr/~batsakis/Interval-based#51 http://www.intelligence.tuc.gr/~batsakis/Interval-based#ov http://www.intelligence.tuc.gr/~batsakis/Interval-based#53	1
http://www.intelligence.tuc.gr/~batsakis/Interval-based#51 http://www.intelligence.tuc.gr/~batsakis/Interval-based#b http://www.intelligence.tuc.gr/~batsakis/Interval-based#54	1
http://www.intelligence.tuc.gr/~batsakis/Interval-based#51 http://www.intelligence.tuc.gr/~batsakis/Interval-based#ov http://www.intelligence.tuc.gr/~batsakis/Interval-based#55	1
http://www.intelligence.tuc.gr/~batsakis/Interval-based#51 http://www.intelligence.tuc.gr/~batsakis/Interval-based#di http://www.intelligence.tuc.gr/~batsakis/Interval-based#56	1
http://www.intelligence.tuc.gr/~batsakis/Interval-based#51 http://www.intelligence.tuc.gr/~batsakis/Interval-based#s http://www.intelligence.tuc.gr/~batsakis/Interval-based#57	1
http://www.intelligence.tuc.gr/~batsakis/Interval-based#51 http://www.intelligence.tuc.gr/~batsakis/Interval-based#d http://www.intelligence.tuc.gr/~batsakis/Interval-based#58	1
http://www.intelligence.tuc.gr/~batsakis/Interval-based#51 http://www.intelligence.tuc.gr/~batsakis/Interval-based#b http://www.intelligence.tuc.gr/~batsakis/Interval-based#59	1
http://www.intelligence.tuc.gr/~batsakis/Interval-based#51 http://www.intelligence.tuc.gr/~batsakis/Interval-based#s http://www.intelligence.tuc.gr/~batsakis/Interval-based#60	1
http://www.intelligence.tuc.gr/~batsakis/Interval-based#51 http://www.intelligence.tuc.gr/~batsakis/Interval-based#b http://www.intelligence.tuc.gr/~batsakis/Interval-based#61	1
http://www.intelligence.tuc.gr/~batsakis/Interval-based#51 http://www.intelligence.tuc.gr/~batsakis/Interval-based#d http://www.intelligence.tuc.gr/~batsakis/Interval-based#62	1
http://www.intelligence.tuc.gr/~batsakis/Interval-based#51 http://www.intelligence.tuc.gr/~batsakis/Interval-based#ov http://www.intelligence.tuc.gr/~batsakis/Interval-based#63	1
http://www.intelligence.tuc.gr/~batsakis/Interval-based#52 http://www.intelligence.tuc.gr/~batsakis/Interval-based#ov http://www.intelligence.tuc.gr/~batsakis/Interval-based#0	1
http://www.intelligence.tuc.gr/~batsakis/Interval-based#52 http://www.intelligence.tuc.gr/~batsakis/Interval-based#d http://www.intelligence.tuc.gr/~batsakis/Interval-based#1	1
http://www.intelligence.tuc.gr/~batsakis/Interval-based#52 http://www.intelligence.tuc.gr/~batsakis/Interval-based#ov http://www.intelligence.tuc.gr/~batsakis/Interval-based#2	1
http://www.intelligence.tuc.gr/~batsakis/Interval-based#52 http://www.intelligence.tuc.gr/~batsakis/Interval-based#di_oi_si http://www.intelligence.tuc.gr/~batsakis/Interval-based#3	1
http://www.intelligence.tuc.gr/~batsakis/Interval-based#52 http://www.intelligence.tuc.gr/~batsakis/Interval-based#b http://www.intelligence.tuc.gr/~batsakis/Interval-based#4	1
http://www.intelligence.tuc.gr/~batsakis/Interval-based#52 http://www.intelligence.tuc.gr/~batsakis/Interval-based#a_oi_mi http://www.intelligence.tuc.gr/~batsakis/Interval-based#5	1
http://www.intelligence.tuc.gr/~batsakis/Interval-based#52 http://www.intelligence.tuc.gr/~batsakis/Interval-based#ov http://www.intelligence.tuc.gr/~batsakis/Interval-based#6	1
http://www.intelligence.tuc.gr/~batsakis/Interval-based#52 http://www.intelligence.tuc.gr/~batsakis/Interval-based#d http://www.intelligence.tuc.gr/~batsakis/Interval-based#7	1
http://www.intelligence.tuc.gr/~batsakis/Interval-based#52 http://www.intelligence.tuc.gr/~batsakis/Interval-based#di http://www.intelligence.tuc.gr/~batsakis/Interval-based#8	1
http://www.intelligence.tuc.gr/~batsakis/Interval-based#52 http://www.intelligence.tuc.gr/~batsakis/Interval-based#ov http://www.intelligence.tuc.gr/~batsakis/Interval-based#9	1
http://www.intelligence.tuc.gr/~batsakis/Interval-based#52 http://www.intelligence.tuc.gr/~batsakis/Interval-based#eq http://www.intelligence.tuc.gr/~batsakis/Interval-based#10	1
http://www.intelligence.tuc.gr/~batsakis/Interval-based#52 http://www.intelligence.tuc.gr/~batsakis/Interval-based#oi http://www.intelligence.tuc.gr/~batsakis/Interval-based#11	1
http://www.intelligence.tuc.gr/~batsakis/Interval-based#52 http://www.intelligence.tuc.gr/~batsakis/Interval-based#f http://www.intelligence.tuc.gr/~batsakis/Interval-based#12	1
http://www.intelligence.tuc.gr/~batsakis/Interval-based#52 http://www.intelligence.tuc.gr/~batsakis/Interval-based#ov http://www.intelligence.tuc.gr/~batsakis/Interval-based#13	1
http://www.intelligence.tuc.gr/~batsakis/Interval-based#52 http://www.intelligence.tuc.gr/~batsakis/Interval-based#di http://www.intelligence.tuc.gr/~batsakis/Interval-based#14	1
http://www.intelligence.tuc.gr/~batsakis/Interval-based#52 http://www.intelligence.tuc.gr/~batsakis/Interval-based#oi http://www.intelligence.tuc.gr/~batsakis/Interval-based#15	1
http://www.intelligence.tuc.gr/~batsakis/Interval-based#52 http://www.intelligence.tuc.gr/~batsakis/Interval-based#oi http://www.intelligence.tuc.gr/~batsakis/Interval-based#16	1
http://www.intelligence.tuc.gr/~batsakis/Interval-based#52 http://www.intelligence.tuc.gr/~batsakis/Interval-based#di http://www.intelligence.tuc.gr/~batsakis/Interval-based#17	1
http://www.intelligence.tuc.gr/~batsakis/Interval-based#52 http://www.intelligence.tuc.gr/~batsakis/Interval-based#b http://www.intelligence.tuc.gr/~batsakis/Interval-based#18	1
http://www.intelligence.tuc.gr/~batsakis/Interval-based#52 http://www.intelligence.tuc.gr/~batsakis/Interval-based#di http://www.intelligence.tuc.gr/~batsakis/Interval-based#19	1
http://www.intelligence.tuc.gr/~batsakis/Interval-based#52 http://www.intelligence.tuc.gr/~batsakis/Interval-based#b http://www.intelligence.tuc.gr/~batsakis/Interval-based#20	1
http://www.intelligence.tuc.gr/~batsakis/Interval-based#52 http://www.intelligence.tuc.gr/~batsakis/Interval-based#d http://www.intelligence.tuc.gr/~batsakis/Interval-based#21	1
http://www.intelligence.tuc.gr/~batsakis/Interval-based#52 http://www.intelligence.tuc.gr/~batsakis/Interval-based#ov http://www.intelligence.tuc.gr/~batsakis/Interval-based#22	1
http://www.intelligence.tuc.gr/~batsakis/Interval-based#52 http://www.intelligence.tuc.gr/~batsakis/Interval-based#b_ov_m http://www.intelligence.tuc.gr/~batsakis/Interval-based#23	1
http://www.intelligence.tuc.gr/~batsakis/Interval-based#52 http://www.intelligence.tuc.gr/~batsakis/Interval-based#ov http://www.intelligence.tuc.gr/~batsakis/Interval-based#24	1
http://www.intelligence.tuc.gr/~batsakis/Interval-based#52 http://www.intelligence.tuc.gr/~batsakis/Interval-based#ov http://www.intelligence.tuc.gr/~batsakis/Interval-based#25	1
http://www.intelligence.tuc.gr/~batsakis/Interval-based#52 http://www.intelligence.tuc.gr/~batsakis/Interval-based#oi http://www.intelligence.tuc.gr/~batsakis/Interval-based#26	1
http://www.intelligence.tuc.gr/~batsakis/Interval-based#52 http://www.intelligence.tuc.gr/~batsakis/Interval-based#d_ov_s http://www.intelligence.tuc.gr/~batsakis/Interval-based#27	1
http://www.intelligence.tuc.gr/~batsakis/Interval-based#52 http://www.intelligence.tuc.gr/~batsakis/Interval-based#ov http://www.intelligence.tuc.gr/~batsakis/Interval-based#28	1
http://www.intelligence.tuc.gr/~batsakis/Interval-based#52 http://www.intelligence.tuc.gr/~batsakis/Interval-based#f http://www.intelligence.tuc.gr/~batsakis/Interval-based#29	1
http://www.intelligence.tuc.gr/~batsakis/Interval-based#52 http://www.intelligence.tuc.gr/~batsakis/Interval-based#d_oi_f http://www.intelligence.tuc.gr/~batsakis/Interval-based#30	1
http://www.intelligence.tuc.gr/~batsakis/Interval-based#52 http://www.intelligence.tuc.gr/~batsakis/Interval-based#d_ov_s http://www.intelligence.tuc.gr/~batsakis/Interval-based#31	1
http://www.intelligence.tuc.gr/~batsakis/Interval-based#52 http://www.intelligence.tuc.gr/~batsakis/Interval-based#d_ov_s http://www.intelligence.tuc.gr/~batsakis/Interval-based#32	1
http://www.intelligence.tuc.gr/~batsakis/Interval-based#52 http://www.intelligence.tuc.gr/~batsakis/Interval-based#b http://www.intelligence.tuc.gr/~batsakis/Interval-based#33	1
http://www.intelligence.tuc.gr/~batsakis/Interval-based#52 http://www.intelligence.tuc.gr/~batsakis/Interval-based#oi http://www.intelligence.tuc.gr/~batsakis/Interval-based#34	1
http://www.intelligence.tuc.gr/~batsakis/Interval-based#52 http://www.intelligence.tuc.gr/~batsakis/Interval-based#ov http://www.intelligence.tuc.gr/~batsakis/Interval-based#35	1
http://www.intelligence.tuc.gr/~batsakis/Interval-based#52 http://www.intelligence.tuc.gr/~batsakis/Interval-based#d http://www.intelligence.tuc.gr/~batsakis/Interval-based#36	1
http://www.intelligence.tuc.gr/~batsakis/Interval-based#52 http://www.intelligence.tuc.gr/~batsakis/Interval-based#si http://www.intelligence.tuc.gr/~batsakis/Interval-based#37	1
http://www.intelligence.tuc.gr/~batsakis/Interval-based#52 http://www.intelligence.tuc.gr/~batsakis/Interval-based#d http://www.intelligence.tuc.gr/~batsakis/Interval-based#38	1
http://www.intelligence.tuc.gr/~batsakis/Interval-based#52 http://www.intelligence.tuc.gr/~batsakis/Interval-based#ov http://www.intelligence.tuc.gr/~batsakis/Interval-based#39	1
http://www.intelligence.tuc.gr/~batsakis/Interval-based#52 http://www.intelligence.tuc.gr/~batsakis/Interval-based#di_oi_si http://www.intelligence.tuc.gr/~batsakis/Interval-based#40	1
http://www.intelligence.tuc.gr/~batsakis/Interval-based#52 http://www.intelligence.tuc.gr/~batsakis/Interval-based#di_oi_si http://www.intelligence.tuc.gr/~batsakis/Interval-based#41	1
http://www.intelligence.tuc.gr/~batsakis/Interval-based#52 http://www.intelligence.tuc.gr/~batsakis/Interval-based#b_ov_m http://www.intelligence.tuc.gr/~batsakis/Interval-based#42	1
http://www.intelligence.tuc.gr/~batsakis/Interval-based#52 http://www.intelligence.tuc.gr/~batsakis/Interval-based#d_oi_f http://www.intelligence.tuc.gr/~batsakis/Interval-based#43	1
http://www.intelligence.tuc.gr/~batsakis/Interval-based#52 http://www.intelligence.tuc.gr/~batsakis/Interval-based#di http://www.intelligence.tuc.gr/~batsakis/Interval-based#44	1
http://www.intelligence.tuc.gr/~batsakis/Interval-based#52 http://www.intelligence.tuc.gr/~batsakis/Interval-based#oi http://www.intelligence.tuc.gr/~batsakis/Interval-based#45	1
http://www.intelligence.tuc.gr/~batsakis/Interval-based#52 http://www.intelligence.tuc.gr/~batsakis/Interval-based#oi http://www.intelligence.tuc.gr/~batsakis/Interval-based#46	1
http://www.intelligence.tuc.gr/~batsakis/Interval-based#52 http://www.intelligence.tuc.gr/~batsakis/Interval-based#di http://www.intelligence.tuc.gr/~batsakis/Interval-based#47	1
http://www.intelligence.tuc.gr/~batsakis/Interval-based#52 http://www.intelligence.tuc.gr/~batsakis/Interval-based#b_ov_m http://www.intelligence.tuc.gr/~batsakis/Interval-based#48	1
http://www.intelligence.tuc.gr/~batsakis/Interval-based#52 http://www.intelligence.tuc.gr/~batsakis/Interval-based#b http://www.intelligence.tuc.gr/~batsakis/Interval-based#49	1
http://www.intelligence.tuc.gr/~batsakis/Interval-based#52 http://www.intelligence.tuc.gr/~batsakis/Interval-based#b http://www.intelligence.tuc.gr/~batsakis/Interval-based#50	1
http://www.intelligence.tuc.gr/~batsakis/Interval-based#52 http://www.intelligence.tuc.gr/~batsakis/Interval-based#oi http://www.intelligence.tuc.gr/~batsakis/Interval-based#51	1
http://www.intelligence.tuc.gr/~batsakis/Interval-based#52 http://www.intelligence.tuc.gr/~batsakis/Interval-based#ov http://www.intelligence.tuc.gr/~batsakis/Interval-based#53	1
http://www.intelligence.tuc.gr/~batsakis/Interval-based#52 http://www.intelligence.tuc.gr/~batsakis/Interval-based#b_ov_m http://www.intelligence.tuc.gr/~batsakis/Interval-based#54	1
http://www.intelligence.tuc.gr/~batsakis/Interval-based#52 http://www.intelligence.tuc.gr/~batsakis/Interval-based#oi http://www.intelligence.tuc.gr/~batsakis/Interval-based#55	1
http://www.intelligence.tuc.gr/~batsakis/Interval-based#52 http://www.intelligence.tuc.gr/~batsakis/Interval-based#di_oi_si http://www.intelligence.tuc.gr/~batsakis/Interval-based#56	1
http://www.intelligence.tuc.gr/~batsakis/Interval-based#52 http://www.intelligence.tuc.gr/~batsakis/Interval-based#oi http://www.intelligence.tuc.gr/~batsakis/Interval-based#57	1
http://www.intelligence.tuc.gr/~batsakis/Interval-based#52 http://www.intelligence.tuc.gr/~batsakis/Interval-based#f http://www.intelligence.tuc.gr/~batsakis/Interval-based#58	1
http://www.intelligence.tuc.gr/~batsakis/Interval-based#52 http://www.intelligence.tuc.gr/~batsakis/Interval-based#ov http://www.intelligence.tuc.gr/~batsakis/Interval-based#59	1
http://www.intelligence.tuc.gr/~batsakis/Interval-based#52 http://www.intelligence.tuc.gr/~batsakis/Interval-based#d_oi_f http://www.intelligence.tuc.gr/~batsakis/Interval-based#60	1
http://www.intelligence.tuc.gr/~batsakis/Interval-based#52 http://www.intelligence.tuc.gr/~batsakis/Interval-based#b_ov_m http://www.intelligence.tuc.gr/~batsakis/Interval-based#61	1
http://www.intelligence.tuc.gr/~batsakis/Interval-based#52 http://www.intelligence.tuc.gr/~batsakis/Interval-based#d http://www.intelligence.tuc.gr/~batsakis/Interval-based#62	1
http://www.intelligence.tuc.gr/~batsakis/Interval-based#52 http://www.intelligence.tuc.gr/~batsakis/Interval-based#d_ov_s http://www.intelligence.tuc.gr/~batsakis/Interval-based#63	1
http://www.intelligence.tuc.gr/~batsakis/Interval-based#53 http://www.intelligence.tuc.gr/~batsakis/Interval-based#ov http://www.intelligence.tuc.gr/~batsakis/Interval-based#0	1
http://www.intelligence.tuc.gr/~batsakis/Interval-based#53 http://www.intelligence.tuc.gr/~batsakis/Interval-based#d http://www.intelligence.tuc.gr/~batsakis/Interval-based#1	1
http://www.intelligence.tuc.gr/~batsakis/Interval-based#53 http://www.intelligence.tuc.gr/~batsakis/Interval-based#ov http://www.intelligence.tuc.gr/~batsakis/Interval-based#2	1
http://www.intelligence.tuc.gr/~batsakis/Interval-based#53 http://www.intelligence.tuc.gr/~batsakis/Interval-based#oi http://www.intelligence.tuc.gr/~batsakis/Interval-based#3	1
http://www.intelligence.tuc.gr/~batsakis/Interval-based#53 http://www.intelligence.tuc.gr/~batsakis/Interval-based#ov http://www.intelligence.tuc.gr/~batsakis/Interval-based#4	1
http://www.intelligence.tuc.gr/~batsakis/Interval-based#53 http://www.intelligence.tuc.gr/~batsakis/Interval-based#a http://www.intelligence.tuc.gr/~batsakis/Interval-based#5	1
http://www.intelligence.tuc.gr/~batsakis/Interval-based#53 http://www.intelligence.tuc.gr/~batsakis/Interval-based#ov http://www.intelligence.tuc.gr/~batsakis/Interval-based#6	1
http://www.intelligence.tuc.gr/~batsakis/Interval-based#53 http://www.intelligence.tuc.gr/~batsakis/Interval-based#d http://www.intelligence.tuc.gr/~batsakis/Interval-based#7	1
http://www.intelligence.tuc.gr/~batsakis/Interval-based#53 http://www.intelligence.tuc.gr/~batsakis/Interval-based#di http://www.intelligence.tuc.gr/~batsakis/Interval-based#8	1
http://www.intelligence.tuc.gr/~batsakis/Interval-based#53 http://www.intelligence.tuc.gr/~batsakis/Interval-based#oi http://www.intelligence.tuc.gr/~batsakis/Interval-based#9	1
http://www.intelligence.tuc.gr/~batsakis/Interval-based#53 http://www.intelligence.tuc.gr/~batsakis/Interval-based#oi http://www.intelligence.tuc.gr/~batsakis/Interval-based#10	1
http://www.intelligence.tuc.gr/~batsakis/Interval-based#53 http://www.intelligence.tuc.gr/~batsakis/Interval-based#oi http://www.intelligence.tuc.gr/~batsakis/Interval-based#11	1
http://www.intelligence.tuc.gr/~batsakis/Interval-based#53 http://www.intelligence.tuc.gr/~batsakis/Interval-based#oi http://www.intelligence.tuc.gr/~batsakis/Interval-based#12	1
http://www.intelligence.tuc.gr/~batsakis/Interval-based#53 http://www.intelligence.tuc.gr/~batsakis/Interval-based#ov http://www.intelligence.tuc.gr/~batsakis/Interval-based#13	1
http://www.intelligence.tuc.gr/~batsakis/Interval-based#53 http://www.intelligence.tuc.gr/~batsakis/Interval-based#di_oi_si http://www.intelligence.tuc.gr/~batsakis/Interval-based#14	1
http://www.intelligence.tuc.gr/~batsakis/Interval-based#53 http://www.intelligence.tuc.gr/~batsakis/Interval-based#oi http://www.intelligence.tuc.gr/~batsakis/Interval-based#15	1
http://www.intelligence.tuc.gr/~batsakis/Interval-based#53 http://www.intelligence.tuc.gr/~batsakis/Interval-based#a_oi_mi http://www.intelligence.tuc.gr/~batsakis/Interval-based#16	1
http://www.intelligence.tuc.gr/~batsakis/Interval-based#53 http://www.intelligence.tuc.gr/~batsakis/Interval-based#di_oi_si http://www.intelligence.tuc.gr/~batsakis/Interval-based#17	1
http://www.intelligence.tuc.gr/~batsakis/Interval-based#53 http://www.intelligence.tuc.gr/~batsakis/Interval-based#b http://www.intelligence.tuc.gr/~batsakis/Interval-based#18	1
http://www.intelligence.tuc.gr/~batsakis/Interval-based#53 http://www.intelligence.tuc.gr/~batsakis/Interval-based#di_oi_si http://www.intelligence.tuc.gr/~batsakis/Interval-based#19	1
http://www.intelligence.tuc.gr/~batsakis/Interval-based#53 http://www.intelligence.tuc.gr/~batsakis/Interval-based#b http://www.intelligence.tuc.gr/~batsakis/Interval-based#20	1
http://www.intelligence.tuc.gr/~batsakis/Interval-based#53 http://www.intelligence.tuc.gr/~batsakis/Interval-based#oi http://www.intelligence.tuc.gr/~batsakis/Interval-based#21	1
http://www.intelligence.tuc.gr/~batsakis/Interval-based#53 http://www.intelligence.tuc.gr/~batsakis/Interval-based#ov http://www.intelligence.tuc.gr/~batsakis/Interval-based#22	1
http://www.intelligence.tuc.gr/~batsakis/Interval-based#53 http://www.intelligence.tuc.gr/~batsakis/Interval-based#ov http://www.intelligence.tuc.gr/~batsakis/Interval-based#23	1
http://www.intelligence.tuc.gr/~batsakis/Interval-based#53 http://www.intelligence.tuc.gr/~batsakis/Interval-based#d http://www.intelligence.tuc.gr/~batsakis/Interval-based#24	1
http://www.intelligence.tuc.gr/~batsakis/Interval-based#53 http://www.intelligence.tuc.gr/~batsakis/Interval-based#d_oi_f http://www.intelligence.tuc.gr/~batsakis/Interval-based#25	1
http://www.intelligence.tuc.gr/~batsakis/Interval-based#53 http://www.intelligence.tuc.gr/~batsakis/Interval-based#a_oi_mi http://www.intelligence.tuc.gr/~batsakis/Interval-based#26	1
http://www.intelligence.tuc.gr/~batsakis/Interval-based#53 http://www.intelligence.tuc.gr/~batsakis/Interval-based#d http://www.intelligence.tuc.gr/~batsakis/Interval-based#27	1
http://www.intelligence.tuc.gr/~batsakis/Interval-based#53 http://www.intelligence.tuc.gr/~batsakis/Interval-based#ov http://www.intelligence.tuc.gr/~batsakis/Interval-based#28	1
http://www.intelligence.tuc.gr/~batsakis/Interval-based#53 http://www.intelligence.tuc.gr/~batsakis/Interval-based#oi http://www.intelligence.tuc.gr/~batsakis/Interval-based#29	1
http://www.intelligence.tuc.gr/~batsakis/Interval-based#53 http://www.intelligence.tuc.gr/~batsakis/Interval-based#d_oi_f http://www.intelligence.tuc.gr/~batsakis/Interval-based#30	1
http://www.intelligence.tuc.gr/~batsakis/Interval-based#53 http://www.intelligence.tuc.gr/~batsakis/Interval-based#oi http://www.intelligence.tuc.gr/~batsakis/Interval-based#31	1
http://www.intelligence.tuc.gr/~batsakis/Interval-based#53 http://www.intelligence.tuc.gr/~batsakis/Interval-based#d http://www.intelligence.tuc.gr/~batsakis/Interval-based#32	1
http://www.intelligence.tuc.gr/~batsakis/Interval-based#53 http://www.intelligence.tuc.gr/~batsakis/Interval-based#b http://www.intelligence.tuc.gr/~batsakis/Interval-based#33	1
http://www.intelligence.tuc.gr/~batsakis/Interval-based#53 http://www.intelligence.tuc.gr/~batsakis/Interval-based#oi http://www.intelligence.tuc.gr/~batsakis/Interval-based#34	1
http://www.intelligence.tuc.gr/~batsakis/Interval-based#53 http://www.intelligence.tuc.gr/~batsakis/Interval-based#ov http://www.intelligence.tuc.gr/~batsakis/Interval-based#35	1
http://www.intelligence.tuc.gr/~batsakis/Interval-based#53 http://www.intelligence.tuc.gr/~batsakis/Interval-based#oi http://www.intelligence.tuc.gr/~batsakis/Interval-based#36	1
http://www.intelligence.tuc.gr/~batsakis/Interval-based#53 http://www.intelligence.tuc.gr/~batsakis/Interval-based#oi http://www.intelligence.tuc.gr/~batsakis/Interval-based#37	1
http://www.intelligence.tuc.gr/~batsakis/Interval-based#53 http://www.intelligence.tuc.gr/~batsakis/Interval-based#d http://www.intelligence.tuc.gr/~batsakis/Interval-based#38	1
http://www.intelligence.tuc.gr/~batsakis/Interval-based#53 http://www.intelligence.tuc.gr/~batsakis/Interval-based#ov http://www.intelligence.tuc.gr/~batsakis/Interval-based#39	1
http://www.intelligence.tuc.gr/~batsakis/Interval-based#53 http://www.intelligence.tuc.gr/~batsakis/Interval-based#oi http://www.intelligence.tuc.gr/~batsakis/Interval-based#40	1
http://www.intelligence.tuc.gr/~batsakis/Interval-based#53 http://www.intelligence.tuc.gr/~batsakis/Interval-based#a http://www.intelligence.tuc.gr/~batsakis/Interval-based#41	1
http://www.intelligence.tuc.gr/~batsakis/Interval-based#53 http://www.intelligence.tuc.gr/~batsakis/Interval-based#ov http://www.intelligence.tuc.gr/~batsakis/Interval-based#42	1
http://www.intelligence.tuc.gr/~batsakis/Interval-based#53 http://www.intelligence.tuc.gr/~batsakis/Interval-based#d_oi_f http://www.intelligence.tuc.gr/~batsakis/Interval-based#43	1
http://www.intelligence.tuc.gr/~batsakis/Interval-based#53 http://www.intelligence.tuc.gr/~batsakis/Interval-based#di http://www.intelligence.tuc.gr/~batsakis/Interval-based#44	1
http://www.intelligence.tuc.gr/~batsakis/Interval-based#53 http://www.intelligence.tuc.gr/~batsakis/Interval-based#oi http://www.intelligence.tuc.gr/~batsakis/Interval-based#45	1
http://www.intelligence.tuc.gr/~batsakis/Interval-based#53 http://www.intelligence.tuc.gr/~batsakis/Interval-based#oi http://www.intelligence.tuc.gr/~batsakis/Interval-based#46	1
http://www.intelligence.tuc.gr/~batsakis/Interval-based#53 http://www.intelligence.tuc.gr/~batsakis/Interval-based#di_oi_si http://www.intelligence.tuc.gr/~batsakis/Interval-based#47	1
http://www.intelligence.tuc.gr/~batsakis/Interval-based#53 http://www.intelligence.tuc.gr/~batsakis/Interval-based#di http://www.intelligence.tuc.gr/~batsakis/Interval-based#48	1
http://www.intelligence.tuc.gr/~batsakis/Interval-based#53 http://www.intelligence.tuc.gr/~batsakis/Interval-based#b_ov_m http://www.intelligence.tuc.gr/~batsakis/Interval-based#49	1
http://www.intelligence.tuc.gr/~batsakis/Interval-based#53 http://www.intelligence.tuc.gr/~batsakis/Interval-based#b http://www.intelligence.tuc.gr/~batsakis/Interval-based#50	1
http://www.intelligence.tuc.gr/~batsakis/Interval-based#53 http://www.intelligence.tuc.gr/~batsakis/Interval-based#oi http://www.intelligence.tuc.gr/~batsakis/Interval-based#51	1
http://www.intelligence.tuc.gr/~batsakis/Interval-based#53 http://www.intelligence.tuc.gr/~batsakis/Interval-based#oi http://www.intelligence.tuc.gr/~batsakis/Interval-based#52	1
http://www.intelligence.tuc.gr/~batsakis/Interval-based#53 http://www.intelligence.tuc.gr/~batsakis/Interval-based#ov http://www.intelligence.tuc.gr/~batsakis/Interval-based#54	1
http://www.intelligence.tuc.gr/~batsakis/Interval-based#53 http://www.intelligence.tuc.gr/~batsakis/Interval-based#oi http://www.intelligence.tuc.gr/~batsakis/Interval-based#55	1
http://www.intelligence.tuc.gr/~batsakis/Interval-based#53 http://www.intelligence.tuc.gr/~batsakis/Interval-based#oi http://www.intelligence.tuc.gr/~batsakis/Interval-based#56	1
http://www.intelligence.tuc.gr/~batsakis/Interval-based#53 http://www.intelligence.tuc.gr/~batsakis/Interval-based#oi http://www.intelligence.tuc.gr/~batsakis/Interval-based#57	1
http://www.intelligence.tuc.gr/~batsakis/Interval-based#53 http://www.intelligence.tuc.gr/~batsakis/Interval-based#oi http://www.intelligence.tuc.gr/~batsakis/Interval-based#58	1
http://www.intelligence.tuc.gr/~batsakis/Interval-based#53 http://www.intelligence.tuc.gr/~batsakis/Interval-based#ov http://www.intelligence.tuc.gr/~batsakis/Interval-based#59	1
http://www.intelligence.tuc.gr/~batsakis/Interval-based#53 http://www.intelligence.tuc.gr/~batsakis/Interval-based#oi http://www.intelligence.tuc.gr/~batsakis/Interval-based#60	1
http://www.intelligence.tuc.gr/~batsakis/Interval-based#53 http://www.intelligence.tuc.gr/~batsakis/Interval-based#ov http://www.intelligence.tuc.gr/~batsakis/Interval-based#61	1
http://www.intelligence.tuc.gr/~batsakis/Interval-based#53 http://www.intelligence.tuc.gr/~batsakis/Interval-based#d http://www.intelligence.tuc.gr/~batsakis/Interval-based#62	1
http://www.intelligence.tuc.gr/~batsakis/Interval-based#53 http://www.intelligence.tuc.gr/~batsakis/Interval-based#d_ov_s http://www.intelligence.tuc.gr/~batsakis/Interval-based#63	1
http://www.intelligence.tuc.gr/~batsakis/Interval-based#54 http://www.intelligence.tuc.gr/~batsakis/Interval-based#d http://www.intelligence.tuc.gr/~batsakis/Interval-based#0	1
http://www.intelligence.tuc.gr/~batsakis/Interval-based#54 http://www.intelligence.tuc.gr/~batsakis/Interval-based#oi http://www.intelligence.tuc.gr/~batsakis/Interval-based#1	1
http://www.intelligence.tuc.gr/~batsakis/Interval-based#54 http://www.intelligence.tuc.gr/~batsakis/Interval-based#d http://www.intelligence.tuc.gr/~batsakis/Interval-based#2	1
http://www.intelligence.tuc.gr/~batsakis/Interval-based#54 http://www.intelligence.tuc.gr/~batsakis/Interval-based#a_oi_mi http://www.intelligence.tuc.gr/~batsakis/Interval-based#3	1
http://www.intelligence.tuc.gr/~batsakis/Interval-based#54 http://www.intelligence.tuc.gr/~batsakis/Interval-based#ov http://www.intelligence.tuc.gr/~batsakis/Interval-based#4	1
http://www.intelligence.tuc.gr/~batsakis/Interval-based#54 http://www.intelligence.tuc.gr/~batsakis/Interval-based#a http://www.intelligence.tuc.gr/~batsakis/Interval-based#5	1
http://www.intelligence.tuc.gr/~batsakis/Interval-based#54 http://www.intelligence.tuc.gr/~batsakis/Interval-based#d http://www.intelligence.tuc.gr/~batsakis/Interval-based#6	1
http://www.intelligence.tuc.gr/~batsakis/Interval-based#54 http://www.intelligence.tuc.gr/~batsakis/Interval-based#d http://www.intelligence.tuc.gr/~batsakis/Interval-based#7	1
http://www.intelligence.tuc.gr/~batsakis/Interval-based#54 http://www.intelligence.tuc.gr/~batsakis/Interval-based#a http://www.intelligence.tuc.gr/~batsakis/Interval-based#8	1
http://www.intelligence.tuc.gr/~batsakis/Interval-based#54 http://www.intelligence.tuc.gr/~batsakis/Interval-based#oi http://www.intelligence.tuc.gr/~batsakis/Interval-based#9	1
http://www.intelligence.tuc.gr/~batsakis/Interval-based#54 http://www.intelligence.tuc.gr/~batsakis/Interval-based#a_oi_mi http://www.intelligence.tuc.gr/~batsakis/Interval-based#10	1
http://www.intelligence.tuc.gr/~batsakis/Interval-based#54 http://www.intelligence.tuc.gr/~batsakis/Interval-based#a http://www.intelligence.tuc.gr/~batsakis/Interval-based#11	1
http://www.intelligence.tuc.gr/~batsakis/Interval-based#54 http://www.intelligence.tuc.gr/~batsakis/Interval-based#a_oi_mi http://www.intelligence.tuc.gr/~batsakis/Interval-based#12	1
http://www.intelligence.tuc.gr/~batsakis/Interval-based#54 http://www.intelligence.tuc.gr/~batsakis/Interval-based#d http://www.intelligence.tuc.gr/~batsakis/Interval-based#13	1
http://www.intelligence.tuc.gr/~batsakis/Interval-based#54 http://www.intelligence.tuc.gr/~batsakis/Interval-based#a_oi_mi http://www.intelligence.tuc.gr/~batsakis/Interval-based#14	1
http://www.intelligence.tuc.gr/~batsakis/Interval-based#54 http://www.intelligence.tuc.gr/~batsakis/Interval-based#a_oi_mi http://www.intelligence.tuc.gr/~batsakis/Interval-based#15	1
http://www.intelligence.tuc.gr/~batsakis/Interval-based#54 http://www.intelligence.tuc.gr/~batsakis/Interval-based#a http://www.intelligence.tuc.gr/~batsakis/Interval-based#16	1
http://www.intelligence.tuc.gr/~batsakis/Interval-based#54 http://www.intelligence.tuc.gr/~batsakis/Interval-based#a_oi_mi http://www.intelligence.tuc.gr/~batsakis/Interval-based#17	1
http://www.intelligence.tuc.gr/~batsakis/Interval-based#54 http://www.intelligence.tuc.gr/~batsakis/Interval-based#b_di_ov_m_fi http://www.intelligence.tuc.gr/~batsakis/Interval-based#18	1
http://www.intelligence.tuc.gr/~batsakis/Interval-based#54 http://www.intelligence.tuc.gr/~batsakis/Interval-based#a http://www.intelligence.tuc.gr/~batsakis/Interval-based#19	1
http://www.intelligence.tuc.gr/~batsakis/Interval-based#54 http://www.intelligence.tuc.gr/~batsakis/Interval-based#b_ov_m http://www.intelligence.tuc.gr/~batsakis/Interval-based#20	1
http://www.intelligence.tuc.gr/~batsakis/Interval-based#54 http://www.intelligence.tuc.gr/~batsakis/Interval-based#oi http://www.intelligence.tuc.gr/~batsakis/Interval-based#21	1
http://www.intelligence.tuc.gr/~batsakis/Interval-based#54 http://www.intelligence.tuc.gr/~batsakis/Interval-based#d http://www.intelligence.tuc.gr/~batsakis/Interval-based#22	1
http://www.intelligence.tuc.gr/~batsakis/Interval-based#54 http://www.intelligence.tuc.gr/~batsakis/Interval-based#ov http://www.intelligence.tuc.gr/~batsakis/Interval-based#23	1
http://www.intelligence.tuc.gr/~batsakis/Interval-based#54 http://www.intelligence.tuc.gr/~batsakis/Interval-based#oi http://www.intelligence.tuc.gr/~batsakis/Interval-based#24	1
http://www.intelligence.tuc.gr/~batsakis/Interval-based#54 http://www.intelligence.tuc.gr/~batsakis/Interval-based#oi http://www.intelligence.tuc.gr/~batsakis/Interval-based#25	1
http://www.intelligence.tuc.gr/~batsakis/Interval-based#54 http://www.intelligence.tuc.gr/~batsakis/Interval-based#a http://www.intelligence.tuc.gr/~batsakis/Interval-based#26	1
http://www.intelligence.tuc.gr/~batsakis/Interval-based#54 http://www.intelligence.tuc.gr/~batsakis/Interval-based#d http://www.intelligence.tuc.gr/~batsakis/Interval-based#27	1
http://www.intelligence.tuc.gr/~batsakis/Interval-based#54 http://www.intelligence.tuc.gr/~batsakis/Interval-based#d http://www.intelligence.tuc.gr/~batsakis/Interval-based#28	1
http://www.intelligence.tuc.gr/~batsakis/Interval-based#54 http://www.intelligence.tuc.gr/~batsakis/Interval-based#a_oi_mi http://www.intelligence.tuc.gr/~batsakis/Interval-based#29	1
http://www.intelligence.tuc.gr/~batsakis/Interval-based#54 http://www.intelligence.tuc.gr/~batsakis/Interval-based#a_oi_mi http://www.intelligence.tuc.gr/~batsakis/Interval-based#30	1
http://www.intelligence.tuc.gr/~batsakis/Interval-based#54 http://www.intelligence.tuc.gr/~batsakis/Interval-based#oi http://www.intelligence.tuc.gr/~batsakis/Interval-based#31	1
http://www.intelligence.tuc.gr/~batsakis/Interval-based#54 http://www.intelligence.tuc.gr/~batsakis/Interval-based#d http://www.intelligence.tuc.gr/~batsakis/Interval-based#32	1
http://www.intelligence.tuc.gr/~batsakis/Interval-based#54 http://www.intelligence.tuc.gr/~batsakis/Interval-based#ov http://www.intelligence.tuc.gr/~batsakis/Interval-based#33	1
http://www.intelligence.tuc.gr/~batsakis/Interval-based#54 http://www.intelligence.tuc.gr/~batsakis/Interval-based#a_oi_mi http://www.intelligence.tuc.gr/~batsakis/Interval-based#34	1
http://www.intelligence.tuc.gr/~batsakis/Interval-based#54 http://www.intelligence.tuc.gr/~batsakis/Interval-based#oi http://www.intelligence.tuc.gr/~batsakis/Interval-based#35	1
http://www.intelligence.tuc.gr/~batsakis/Interval-based#54 http://www.intelligence.tuc.gr/~batsakis/Interval-based#oi http://www.intelligence.tuc.gr/~batsakis/Interval-based#36	1
http://www.intelligence.tuc.gr/~batsakis/Interval-based#54 http://www.intelligence.tuc.gr/~batsakis/Interval-based#a_oi_mi http://www.intelligence.tuc.gr/~batsakis/Interval-based#37	1
http://www.intelligence.tuc.gr/~batsakis/Interval-based#54 http://www.intelligence.tuc.gr/~batsakis/Interval-based#d http://www.intelligence.tuc.gr/~batsakis/Interval-based#38	1
http://www.intelligence.tuc.gr/~batsakis/Interval-based#54 http://www.intelligence.tuc.gr/~batsakis/Interval-based#d http://www.intelligence.tuc.gr/~batsakis/Interval-based#39	1
http://www.intelligence.tuc.gr/~batsakis/Interval-based#54 http://www.intelligence.tuc.gr/~batsakis/Interval-based#a http://www.intelligence.tuc.gr/~batsakis/Interval-based#40	1
http://www.intelligence.tuc.gr/~batsakis/Interval-based#54 http://www.intelligence.tuc.gr/~batsakis/Interval-based#a http://www.intelligence.tuc.gr/~batsakis/Interval-based#41	1
http://www.intelligence.tuc.gr/~batsakis/Interval-based#54 http://www.intelligence.tuc.gr/~batsakis/Interval-based#d_ov_s http://www.intelligence.tuc.gr/~batsakis/Interval-based#42	1
http://www.intelligence.tuc.gr/~batsakis/Interval-based#54 http://www.intelligence.tuc.gr/~batsakis/Interval-based#d_oi_f http://www.intelligence.tuc.gr/~batsakis/Interval-based#43	1
http://www.intelligence.tuc.gr/~batsakis/Interval-based#54 http://www.intelligence.tuc.gr/~batsakis/Interval-based#a http://www.intelligence.tuc.gr/~batsakis/Interval-based#44	1
http://www.intelligence.tuc.gr/~batsakis/Interval-based#54 http://www.intelligence.tuc.gr/~batsakis/Interval-based#a http://www.intelligence.tuc.gr/~batsakis/Interval-based#45	1
http://www.intelligence.tuc.gr/~batsakis/Interval-based#54 http://www.intelligence.tuc.gr/~batsakis/Interval-based#a_oi_mi http://www.intelligence.tuc.gr/~batsakis/Interval-based#46	1
http://www.intelligence.tuc.gr/~batsakis/Interval-based#54 http://www.intelligence.tuc.gr/~batsakis/Interval-based#a http://www.intelligence.tuc.gr/~batsakis/Interval-based#47	1
http://www.intelligence.tuc.gr/~batsakis/Interval-based#54 http://www.intelligence.tuc.gr/~batsakis/Interval-based#di http://www.intelligence.tuc.gr/~batsakis/Interval-based#48	1
http://www.intelligence.tuc.gr/~batsakis/Interval-based#54 http://www.intelligence.tuc.gr/~batsakis/Interval-based#d_ov_s http://www.intelligence.tuc.gr/~batsakis/Interval-based#49	1
http://www.intelligence.tuc.gr/~batsakis/Interval-based#54 http://www.intelligence.tuc.gr/~batsakis/Interval-based#b_di_ov_m_fi http://www.intelligence.tuc.gr/~batsakis/Interval-based#50	1
http://www.intelligence.tuc.gr/~batsakis/Interval-based#54 http://www.intelligence.tuc.gr/~batsakis/Interval-based#a http://www.intelligence.tuc.gr/~batsakis/Interval-based#51	1
http://www.intelligence.tuc.gr/~batsakis/Interval-based#54 http://www.intelligence.tuc.gr/~batsakis/Interval-based#a_oi_mi http://www.intelligence.tuc.gr/~batsakis/Interval-based#52	1
http://www.intelligence.tuc.gr/~batsakis/Interval-based#54 http://www.intelligence.tuc.gr/~batsakis/Interval-based#oi http://www.intelligence.tuc.gr/~batsakis/Interval-based#53	1
http://www.intelligence.tuc.gr/~batsakis/Interval-based#54 http://www.intelligence.tuc.gr/~batsakis/Interval-based#a_oi_mi http://www.intelligence.tuc.gr/~batsakis/Interval-based#55	1
http://www.intelligence.tuc.gr/~batsakis/Interval-based#54 http://www.intelligence.tuc.gr/~batsakis/Interval-based#a http://www.intelligence.tuc.gr/~batsakis/Interval-based#56	1
http://www.intelligence.tuc.gr/~batsakis/Interval-based#54 http://www.intelligence.tuc.gr/~batsakis/Interval-based#a_oi_mi http://www.intelligence.tuc.gr/~batsakis/Interval-based#57	1
http://www.intelligence.tuc.gr/~batsakis/Interval-based#54 http://www.intelligence.tuc.gr/~batsakis/Interval-based#a_oi_mi http://www.intelligence.tuc.gr/~batsakis/Interval-based#58	1
http://www.intelligence.tuc.gr/~batsakis/Interval-based#54 http://www.intelligence.tuc.gr/~batsakis/Interval-based#oi http://www.intelligence.tuc.gr/~batsakis/Interval-based#59	1
http://www.intelligence.tuc.gr/~batsakis/Interval-based#54 http://www.intelligence.tuc.gr/~batsakis/Interval-based#oi http://www.intelligence.tuc.gr/~batsakis/Interval-based#60	1
http://www.intelligence.tuc.gr/~batsakis/Interval-based#54 http://www.intelligence.tuc.gr/~batsakis/Interval-based#ov http://www.intelligence.tuc.gr/~batsakis/Interval-based#61	1
http://www.intelligence.tuc.gr/~batsakis/Interval-based#54 http://www.intelligence.tuc.gr/~batsakis/Interval-based#d http://www.intelligence.tuc.gr/~batsakis/Interval-based#62	1
http://www.intelligence.tuc.gr/~batsakis/Interval-based#54 http://www.intelligence.tuc.gr/~batsakis/Interval-based#d http://www.intelligence.tuc.gr/~batsakis/Interval-based#63	1
http://www.intelligence.tuc.gr/~batsakis/Interval-based#55 http://www.intelligence.tuc.gr/~batsakis/Interval-based#ov http://www.intelligence.tuc.gr/~batsakis/Interval-based#0	1
http://www.intelligence.tuc.gr/~batsakis/Interval-based#55 http://www.intelligence.tuc.gr/~batsakis/Interval-based#d http://www.intelligence.tuc.gr/~batsakis/Interval-based#1	1
http://www.intelligence.tuc.gr/~batsakis/Interval-based#55 http://www.intelligence.tuc.gr/~batsakis/Interval-based#ov http://www.intelligence.tuc.gr/~batsakis/Interval-based#2	1
http://www.intelligence.tuc.gr/~batsakis/Interval-based#55 http://www.intelligence.tuc.gr/~batsakis/Interval-based#f_fi_eq http://www.intelligence.tuc.gr/~batsakis/Interval-based#3	1
http://www.intelligence.tuc.gr/~batsakis/Interval-based#55 http://www.intelligence.tuc.gr/~batsakis/Interval-based#b http://www.intelligence.tuc.gr/~batsakis/Interval-based#4	1
http://www.intelligence.tuc.gr/~batsakis/Interval-based#55 http://www.intelligence.tuc.gr/~batsakis/Interval-based#oi http://www.intelligence.tuc.gr/~batsakis/Interval-based#5	1
http://www.intelligence.tuc.gr/~batsakis/Interval-based#55 http://www.intelligence.tuc.gr/~batsakis/Interval-based#ov http://www.intelligence.tuc.gr/~batsakis/Interval-based#6	1
http://www.intelligence.tuc.gr/~batsakis/Interval-based#55 http://www.intelligence.tuc.gr/~batsakis/Interval-based#d http://www.intelligence.tuc.gr/~batsakis/Interval-based#7	1
http://www.intelligence.tuc.gr/~batsakis/Interval-based#55 http://www.intelligence.tuc.gr/~batsakis/Interval-based#di http://www.intelligence.tuc.gr/~batsakis/Interval-based#8	1
http://www.intelligence.tuc.gr/~batsakis/Interval-based#55 http://www.intelligence.tuc.gr/~batsakis/Interval-based#ov http://www.intelligence.tuc.gr/~batsakis/Interval-based#9	1
http://www.intelligence.tuc.gr/~batsakis/Interval-based#55 http://www.intelligence.tuc.gr/~batsakis/Interval-based#ov http://www.intelligence.tuc.gr/~batsakis/Interval-based#10	1
http://www.intelligence.tuc.gr/~batsakis/Interval-based#55 http://www.intelligence.tuc.gr/~batsakis/Interval-based#oi http://www.intelligence.tuc.gr/~batsakis/Interval-based#11	1
http://www.intelligence.tuc.gr/~batsakis/Interval-based#55 http://www.intelligence.tuc.gr/~batsakis/Interval-based#d http://www.intelligence.tuc.gr/~batsakis/Interval-based#12	1
http://www.intelligence.tuc.gr/~batsakis/Interval-based#55 http://www.intelligence.tuc.gr/~batsakis/Interval-based#ov http://www.intelligence.tuc.gr/~batsakis/Interval-based#13	1
http://www.intelligence.tuc.gr/~batsakis/Interval-based#55 http://www.intelligence.tuc.gr/~batsakis/Interval-based#di http://www.intelligence.tuc.gr/~batsakis/Interval-based#14	1
http://www.intelligence.tuc.gr/~batsakis/Interval-based#55 http://www.intelligence.tuc.gr/~batsakis/Interval-based#oi http://www.intelligence.tuc.gr/~batsakis/Interval-based#15	1
http://www.intelligence.tuc.gr/~batsakis/Interval-based#55 http://www.intelligence.tuc.gr/~batsakis/Interval-based#oi http://www.intelligence.tuc.gr/~batsakis/Interval-based#16	1
http://www.intelligence.tuc.gr/~batsakis/Interval-based#55 http://www.intelligence.tuc.gr/~batsakis/Interval-based#di http://www.intelligence.tuc.gr/~batsakis/Interval-based#17	1
http://www.intelligence.tuc.gr/~batsakis/Interval-based#55 http://www.intelligence.tuc.gr/~batsakis/Interval-based#b http://www.intelligence.tuc.gr/~batsakis/Interval-based#18	1
http://www.intelligence.tuc.gr/~batsakis/Interval-based#55 http://www.intelligence.tuc.gr/~batsakis/Interval-based#di http://www.intelligence.tuc.gr/~batsakis/Interval-based#19	1
http://www.intelligence.tuc.gr/~batsakis/Interval-based#55 http://www.intelligence.tuc.gr/~batsakis/Interval-based#b http://www.intelligence.tuc.gr/~batsakis/Interval-based#20	1
http://www.intelligence.tuc.gr/~batsakis/Interval-based#55 http://www.intelligence.tuc.gr/~batsakis/Interval-based#d http://www.intelligence.tuc.gr/~batsakis/Interval-based#21	1
http://www.intelligence.tuc.gr/~batsakis/Interval-based#55 http://www.intelligence.tuc.gr/~batsakis/Interval-based#ov http://www.intelligence.tuc.gr/~batsakis/Interval-based#22	1
http://www.intelligence.tuc.gr/~batsakis/Interval-based#55 http://www.intelligence.tuc.gr/~batsakis/Interval-based#b http://www.intelligence.tuc.gr/~batsakis/Interval-based#23	1
http://www.intelligence.tuc.gr/~batsakis/Interval-based#55 http://www.intelligence.tuc.gr/~batsakis/Interval-based#ov http://www.intelligence.tuc.gr/~batsakis/Interval-based#24	1
http://www.intelligence.tuc.gr/~batsakis/Interval-based#55 http://www.intelligence.tuc.gr/~batsakis/Interval-based#ov http://www.intelligence.tuc.gr/~batsakis/Interval-based#25	1
http://www.intelligence.tuc.gr/~batsakis/Interval-based#55 http://www.intelligence.tuc.gr/~batsakis/Interval-based#oi http://www.intelligence.tuc.gr/~batsakis/Interval-based#26	1
http://www.intelligence.tuc.gr/~batsakis/Interval-based#55 http://www.intelligence.tuc.gr/~batsakis/Interval-based#d_ov_s http://www.intelligence.tuc.gr/~batsakis/Interval-based#27	1
http://www.intelligence.tuc.gr/~batsakis/Interval-based#55 http://www.intelligence.tuc.gr/~batsakis/Interval-based#ov http://www.intelligence.tuc.gr/~batsakis/Interval-based#28	1
http://www.intelligence.tuc.gr/~batsakis/Interval-based#55 http://www.intelligence.tuc.gr/~batsakis/Interval-based#d http://www.intelligence.tuc.gr/~batsakis/Interval-based#29	1
http://www.intelligence.tuc.gr/~batsakis/Interval-based#55 http://www.intelligence.tuc.gr/~batsakis/Interval-based#d_oi_f http://www.intelligence.tuc.gr/~batsakis/Interval-based#30	1
http://www.intelligence.tuc.gr/~batsakis/Interval-based#55 http://www.intelligence.tuc.gr/~batsakis/Interval-based#d_ov_s http://www.intelligence.tuc.gr/~batsakis/Interval-based#31	1
http://www.intelligence.tuc.gr/~batsakis/Interval-based#55 http://www.intelligence.tuc.gr/~batsakis/Interval-based#ov http://www.intelligence.tuc.gr/~batsakis/Interval-based#32	1
http://www.intelligence.tuc.gr/~batsakis/Interval-based#55 http://www.intelligence.tuc.gr/~batsakis/Interval-based#b http://www.intelligence.tuc.gr/~batsakis/Interval-based#33	1
http://www.intelligence.tuc.gr/~batsakis/Interval-based#55 http://www.intelligence.tuc.gr/~batsakis/Interval-based#oi http://www.intelligence.tuc.gr/~batsakis/Interval-based#34	1
http://www.intelligence.tuc.gr/~batsakis/Interval-based#55 http://www.intelligence.tuc.gr/~batsakis/Interval-based#ov http://www.intelligence.tuc.gr/~batsakis/Interval-based#35	1
http://www.intelligence.tuc.gr/~batsakis/Interval-based#55 http://www.intelligence.tuc.gr/~batsakis/Interval-based#s http://www.intelligence.tuc.gr/~batsakis/Interval-based#36	1
http://www.intelligence.tuc.gr/~batsakis/Interval-based#55 http://www.intelligence.tuc.gr/~batsakis/Interval-based#fi http://www.intelligence.tuc.gr/~batsakis/Interval-based#37	1
http://www.intelligence.tuc.gr/~batsakis/Interval-based#55 http://www.intelligence.tuc.gr/~batsakis/Interval-based#d http://www.intelligence.tuc.gr/~batsakis/Interval-based#38	1
http://www.intelligence.tuc.gr/~batsakis/Interval-based#55 http://www.intelligence.tuc.gr/~batsakis/Interval-based#ov http://www.intelligence.tuc.gr/~batsakis/Interval-based#39	1
http://www.intelligence.tuc.gr/~batsakis/Interval-based#55 http://www.intelligence.tuc.gr/~batsakis/Interval-based#di_oi_si http://www.intelligence.tuc.gr/~batsakis/Interval-based#40	1
http://www.intelligence.tuc.gr/~batsakis/Interval-based#55 http://www.intelligence.tuc.gr/~batsakis/Interval-based#di http://www.intelligence.tuc.gr/~batsakis/Interval-based#41	1
http://www.intelligence.tuc.gr/~batsakis/Interval-based#55 http://www.intelligence.tuc.gr/~batsakis/Interval-based#b_ov_m http://www.intelligence.tuc.gr/~batsakis/Interval-based#42	1
http://www.intelligence.tuc.gr/~batsakis/Interval-based#55 http://www.intelligence.tuc.gr/~batsakis/Interval-based#d http://www.intelligence.tuc.gr/~batsakis/Interval-based#43	1
http://www.intelligence.tuc.gr/~batsakis/Interval-based#55 http://www.intelligence.tuc.gr/~batsakis/Interval-based#di http://www.intelligence.tuc.gr/~batsakis/Interval-based#44	1
http://www.intelligence.tuc.gr/~batsakis/Interval-based#55 http://www.intelligence.tuc.gr/~batsakis/Interval-based#si http://www.intelligence.tuc.gr/~batsakis/Interval-based#45	1
http://www.intelligence.tuc.gr/~batsakis/Interval-based#55 http://www.intelligence.tuc.gr/~batsakis/Interval-based#f http://www.intelligence.tuc.gr/~batsakis/Interval-based#46	1
http://www.intelligence.tuc.gr/~batsakis/Interval-based#55 http://www.intelligence.tuc.gr/~batsakis/Interval-based#di http://www.intelligence.tuc.gr/~batsakis/Interval-based#47	1
http://www.intelligence.tuc.gr/~batsakis/Interval-based#55 http://www.intelligence.tuc.gr/~batsakis/Interval-based#b http://www.intelligence.tuc.gr/~batsakis/Interval-based#48	1
http://www.intelligence.tuc.gr/~batsakis/Interval-based#55 http://www.intelligence.tuc.gr/~batsakis/Interval-based#b http://www.intelligence.tuc.gr/~batsakis/Interval-based#49	1
http://www.intelligence.tuc.gr/~batsakis/Interval-based#55 http://www.intelligence.tuc.gr/~batsakis/Interval-based#b http://www.intelligence.tuc.gr/~batsakis/Interval-based#50	1
http://www.intelligence.tuc.gr/~batsakis/Interval-based#55 http://www.intelligence.tuc.gr/~batsakis/Interval-based#oi http://www.intelligence.tuc.gr/~batsakis/Interval-based#51	1
http://www.intelligence.tuc.gr/~batsakis/Interval-based#55 http://www.intelligence.tuc.gr/~batsakis/Interval-based#ov http://www.intelligence.tuc.gr/~batsakis/Interval-based#52	1
http://www.intelligence.tuc.gr/~batsakis/Interval-based#55 http://www.intelligence.tuc.gr/~batsakis/Interval-based#ov http://www.intelligence.tuc.gr/~batsakis/Interval-based#53	1
http://www.intelligence.tuc.gr/~batsakis/Interval-based#55 http://www.intelligence.tuc.gr/~batsakis/Interval-based#b_ov_m http://www.intelligence.tuc.gr/~batsakis/Interval-based#54	1
http://www.intelligence.tuc.gr/~batsakis/Interval-based#55 http://www.intelligence.tuc.gr/~batsakis/Interval-based#di_oi_si http://www.intelligence.tuc.gr/~batsakis/Interval-based#56	1
http://www.intelligence.tuc.gr/~batsakis/Interval-based#55 http://www.intelligence.tuc.gr/~batsakis/Interval-based#f http://www.intelligence.tuc.gr/~batsakis/Interval-based#57	1
http://www.intelligence.tuc.gr/~batsakis/Interval-based#55 http://www.intelligence.tuc.gr/~batsakis/Interval-based#d http://www.intelligence.tuc.gr/~batsakis/Interval-based#58	1
http://www.intelligence.tuc.gr/~batsakis/Interval-based#55 http://www.intelligence.tuc.gr/~batsakis/Interval-based#ov http://www.intelligence.tuc.gr/~batsakis/Interval-based#59	1
http://www.intelligence.tuc.gr/~batsakis/Interval-based#55 http://www.intelligence.tuc.gr/~batsakis/Interval-based#d http://www.intelligence.tuc.gr/~batsakis/Interval-based#60	1
http://www.intelligence.tuc.gr/~batsakis/Interval-based#55 http://www.intelligence.tuc.gr/~batsakis/Interval-based#b http://www.intelligence.tuc.gr/~batsakis/Interval-based#61	1
http://www.intelligence.tuc.gr/~batsakis/Interval-based#55 http://www.intelligence.tuc.gr/~batsakis/Interval-based#d http://www.intelligence.tuc.gr/~batsakis/Interval-based#62	1
http://www.intelligence.tuc.gr/~batsakis/Interval-based#55 http://www.intelligence.tuc.gr/~batsakis/Interval-based#d_ov_s http://www.intelligence.tuc.gr/~batsakis/Interval-based#63	1
http://www.intelligence.tuc.gr/~batsakis/Interval-based#56 http://www.intelligence.tuc.gr/~batsakis/Interval-based#b http://www.intelligence.tuc.gr/~batsakis/Interval-based#0	1
http://www.intelligence.tuc.gr/~batsakis/Interval-based#56 http://www.intelligence.tuc.gr/~batsakis/Interval-based#d http://www.intelligence.tuc.gr/~batsakis/Interval-based#1	1
http://www.intelligence.tuc.gr/~batsakis/Interval-based#56 http://www.intelligence.tuc.gr/~batsakis/Interval-based#b http://www.intelligence.tuc.gr/~batsakis/Interval-based#2	1
http://www.intelligence.tuc.gr/~batsakis/Interval-based#56 http://www.intelligence.tuc.gr/~batsakis/Interval-based#d_ov_s http://www.intelligence.tuc.gr/~batsakis/Interval-based#3	1
http://www.intelligence.tuc.gr/~batsakis/Interval-based#56 http://www.intelligence.tuc.gr/~batsakis/Interval-based#b http://www.intelligence.tuc.gr/~batsakis/Interval-based#4	1
http://www.intelligence.tuc.gr/~batsakis/Interval-based#56 http://www.intelligence.tuc.gr/~batsakis/Interval-based#oi http://www.intelligence.tuc.gr/~batsakis/Interval-based#5	1
http://www.intelligence.tuc.gr/~batsakis/Interval-based#56 http://www.intelligence.tuc.gr/~batsakis/Interval-based#b http://www.intelligence.tuc.gr/~batsakis/Interval-based#6	1
http://www.intelligence.tuc.gr/~batsakis/Interval-based#56 http://www.intelligence.tuc.gr/~batsakis/Interval-based#d http://www.intelligence.tuc.gr/~batsakis/Interval-based#7	1
http://www.intelligence.tuc.gr/~batsakis/Interval-based#56 http://www.intelligence.tuc.gr/~batsakis/Interval-based#b http://www.intelligence.tuc.gr/~batsakis/Interval-based#8	1
http://www.intelligence.tuc.gr/~batsakis/Interval-based#56 http://www.intelligence.tuc.gr/~batsakis/Interval-based#ov http://www.intelligence.tuc.gr/~batsakis/Interval-based#9	1
http://www.intelligence.tuc.gr/~batsakis/Interval-based#56 http://www.intelligence.tuc.gr/~batsakis/Interval-based#d_ov_s http://www.intelligence.tuc.gr/~batsakis/Interval-based#10	1
http://www.intelligence.tuc.gr/~batsakis/Interval-based#56 http://www.intelligence.tuc.gr/~batsakis/Interval-based#d_ov_s http://www.intelligence.tuc.gr/~batsakis/Interval-based#11	1
http://www.intelligence.tuc.gr/~batsakis/Interval-based#56 http://www.intelligence.tuc.gr/~batsakis/Interval-based#d http://www.intelligence.tuc.gr/~batsakis/Interval-based#12	1
http://www.intelligence.tuc.gr/~batsakis/Interval-based#56 http://www.intelligence.tuc.gr/~batsakis/Interval-based#b http://www.intelligence.tuc.gr/~batsakis/Interval-based#13	1
http://www.intelligence.tuc.gr/~batsakis/Interval-based#56 http://www.intelligence.tuc.gr/~batsakis/Interval-based#d_ov_s http://www.intelligence.tuc.gr/~batsakis/Interval-based#14	1
http://www.intelligence.tuc.gr/~batsakis/Interval-based#56 http://www.intelligence.tuc.gr/~batsakis/Interval-based#d http://www.intelligence.tuc.gr/~batsakis/Interval-based#15	1
http://www.intelligence.tuc.gr/~batsakis/Interval-based#56 http://www.intelligence.tuc.gr/~batsakis/Interval-based#a_d_oi_mi_f http://www.intelligence.tuc.gr/~batsakis/Interval-based#16	1
http://www.intelligence.tuc.gr/~batsakis/Interval-based#56 http://www.intelligence.tuc.gr/~batsakis/Interval-based#d_ov_s http://www.intelligence.tuc.gr/~batsakis/Interval-based#17	1
http://www.intelligence.tuc.gr/~batsakis/Interval-based#56 http://www.intelligence.tuc.gr/~batsakis/Interval-based#b http://www.intelligence.tuc.gr/~batsakis/Interval-based#18	1
http://www.intelligence.tuc.gr/~batsakis/Interval-based#56 http://www.intelligence.tuc.gr/~batsakis/Interval-based#ov http://www.intelligence.tuc.gr/~batsakis/Interval-based#19	1
http://www.intelligence.tuc.gr/~batsakis/Interval-based#56 http://www.intelligence.tuc.gr/~batsakis/Interval-based#b http://www.intelligence.tuc.gr/~batsakis/Interval-based#20	1
http://www.intelligence.tuc.gr/~batsakis/Interval-based#56 http://www.intelligence.tuc.gr/~batsakis/Interval-based#d http://www.intelligence.tuc.gr/~batsakis/Interval-based#21	1
http://www.intelligence.tuc.gr/~batsakis/Interval-based#56 http://www.intelligence.tuc.gr/~batsakis/Interval-based#b http://www.intelligence.tuc.gr/~batsakis/Interval-based#22	1
http://www.intelligence.tuc.gr/~batsakis/Interval-based#56 http://www.intelligence.tuc.gr/~batsakis/Interval-based#b http://www.intelligence.tuc.gr/~batsakis/Interval-based#23	1
http://www.intelligence.tuc.gr/~batsakis/Interval-based#56 http://www.intelligence.tuc.gr/~batsakis/Interval-based#ov http://www.intelligence.tuc.gr/~batsakis/Interval-based#24	1
http://www.intelligence.tuc.gr/~batsakis/Interval-based#56 http://www.intelligence.tuc.gr/~batsakis/Interval-based#d_ov_s http://www.intelligence.tuc.gr/~batsakis/Interval-based#25	1
http://www.intelligence.tuc.gr/~batsakis/Interval-based#56 http://www.intelligence.tuc.gr/~batsakis/Interval-based#a_d_di_ov_oi_mi_s_si_f_fi_eq http://www.intelligence.tuc.gr/~batsakis/Interval-based#26	1
http://www.intelligence.tuc.gr/~batsakis/Interval-based#56 http://www.intelligence.tuc.gr/~batsakis/Interval-based#s http://www.intelligence.tuc.gr/~batsakis/Interval-based#27	1
http://www.intelligence.tuc.gr/~batsakis/Interval-based#56 http://www.intelligence.tuc.gr/~batsakis/Interval-based#b http://www.intelligence.tuc.gr/~batsakis/Interval-based#28	1
http://www.intelligence.tuc.gr/~batsakis/Interval-based#56 http://www.intelligence.tuc.gr/~batsakis/Interval-based#d http://www.intelligence.tuc.gr/~batsakis/Interval-based#29	1
http://www.intelligence.tuc.gr/~batsakis/Interval-based#56 http://www.intelligence.tuc.gr/~batsakis/Interval-based#d_ov_s http://www.intelligence.tuc.gr/~batsakis/Interval-based#30	1
http://www.intelligence.tuc.gr/~batsakis/Interval-based#56 http://www.intelligence.tuc.gr/~batsakis/Interval-based#d_ov_s http://www.intelligence.tuc.gr/~batsakis/Interval-based#31	1
http://www.intelligence.tuc.gr/~batsakis/Interval-based#56 http://www.intelligence.tuc.gr/~batsakis/Interval-based#ov http://www.intelligence.tuc.gr/~batsakis/Interval-based#32	1
http://www.intelligence.tuc.gr/~batsakis/Interval-based#56 http://www.intelligence.tuc.gr/~batsakis/Interval-based#b http://www.intelligence.tuc.gr/~batsakis/Interval-based#33	1
http://www.intelligence.tuc.gr/~batsakis/Interval-based#56 http://www.intelligence.tuc.gr/~batsakis/Interval-based#d http://www.intelligence.tuc.gr/~batsakis/Interval-based#34	1
http://www.intelligence.tuc.gr/~batsakis/Interval-based#56 http://www.intelligence.tuc.gr/~batsakis/Interval-based#b_ov_m http://www.intelligence.tuc.gr/~batsakis/Interval-based#35	1
http://www.intelligence.tuc.gr/~batsakis/Interval-based#56 http://www.intelligence.tuc.gr/~batsakis/Interval-based#d_ov_s http://www.intelligence.tuc.gr/~batsakis/Interval-based#36	1
http://www.intelligence.tuc.gr/~batsakis/Interval-based#56 http://www.intelligence.tuc.gr/~batsakis/Interval-based#d_ov_s http://www.intelligence.tuc.gr/~batsakis/Interval-based#37	1
http://www.intelligence.tuc.gr/~batsakis/Interval-based#56 http://www.intelligence.tuc.gr/~batsakis/Interval-based#d http://www.intelligence.tuc.gr/~batsakis/Interval-based#38	1
http://www.intelligence.tuc.gr/~batsakis/Interval-based#56 http://www.intelligence.tuc.gr/~batsakis/Interval-based#b http://www.intelligence.tuc.gr/~batsakis/Interval-based#39	1
http://www.intelligence.tuc.gr/~batsakis/Interval-based#56 http://www.intelligence.tuc.gr/~batsakis/Interval-based#eq http://www.intelligence.tuc.gr/~batsakis/Interval-based#40	1
http://www.intelligence.tuc.gr/~batsakis/Interval-based#56 http://www.intelligence.tuc.gr/~batsakis/Interval-based#di http://www.intelligence.tuc.gr/~batsakis/Interval-based#41	1
http://www.intelligence.tuc.gr/~batsakis/Interval-based#56 http://www.intelligence.tuc.gr/~batsakis/Interval-based#b http://www.intelligence.tuc.gr/~batsakis/Interval-based#42	1
http://www.intelligence.tuc.gr/~batsakis/Interval-based#56 http://www.intelligence.tuc.gr/~batsakis/Interval-based#d http://www.intelligence.tuc.gr/~batsakis/Interval-based#43	1
http://www.intelligence.tuc.gr/~batsakis/Interval-based#56 http://www.intelligence.tuc.gr/~batsakis/Interval-based#m http://www.intelligence.tuc.gr/~batsakis/Interval-based#44	1
http://www.intelligence.tuc.gr/~batsakis/Interval-based#56 http://www.intelligence.tuc.gr/~batsakis/Interval-based#d_ov_s http://www.intelligence.tuc.gr/~batsakis/Interval-based#45	1
http://www.intelligence.tuc.gr/~batsakis/Interval-based#56 http://www.intelligence.tuc.gr/~batsakis/Interval-based#d http://www.intelligence.tuc.gr/~batsakis/Interval-based#46	1
http://www.intelligence.tuc.gr/~batsakis/Interval-based#56 http://www.intelligence.tuc.gr/~batsakis/Interval-based#ov http://www.intelligence.tuc.gr/~batsakis/Interval-based#47	1
http://www.intelligence.tuc.gr/~batsakis/Interval-based#56 http://www.intelligence.tuc.gr/~batsakis/Interval-based#b http://www.intelligence.tuc.gr/~batsakis/Interval-based#48	1
http://www.intelligence.tuc.gr/~batsakis/Interval-based#56 http://www.intelligence.tuc.gr/~batsakis/Interval-based#b http://www.intelligence.tuc.gr/~batsakis/Interval-based#49	1
http://www.intelligence.tuc.gr/~batsakis/Interval-based#56 http://www.intelligence.tuc.gr/~batsakis/Interval-based#b http://www.intelligence.tuc.gr/~batsakis/Interval-based#50	1
http://www.intelligence.tuc.gr/~batsakis/Interval-based#56 http://www.intelligence.tuc.gr/~batsakis/Interval-based#d http://www.intelligence.tuc.gr/~batsakis/Interval-based#51	1
http://www.intelligence.tuc.gr/~batsakis/Interval-based#56 http://www.intelligence.tuc.gr/~batsakis/Interval-based#d_ov_s http://www.intelligence.tuc.gr/~batsakis/Interval-based#52	1
http://www.intelligence.tuc.gr/~batsakis/Interval-based#56 http://www.intelligence.tuc.gr/~batsakis/Interval-based#ov http://www.intelligence.tuc.gr/~batsakis/Interval-based#53	1
http://www.intelligence.tuc.gr/~batsakis/Interval-based#56 http://www.intelligence.tuc.gr/~batsakis/Interval-based#b http://www.intelligence.tuc.gr/~batsakis/Interval-based#54	1
http://www.intelligence.tuc.gr/~batsakis/Interval-based#56 http://www.intelligence.tuc.gr/~batsakis/Interval-based#d_ov_s http://www.intelligence.tuc.gr/~batsakis/Interval-based#55	1
http://www.intelligence.tuc.gr/~batsakis/Interval-based#56 http://www.intelligence.tuc.gr/~batsakis/Interval-based#d http://www.intelligence.tuc.gr/~batsakis/Interval-based#57	1
http://www.intelligence.tuc.gr/~batsakis/Interval-based#56 http://www.intelligence.tuc.gr/~batsakis/Interval-based#d http://www.intelligence.tuc.gr/~batsakis/Interval-based#58	1
http://www.intelligence.tuc.gr/~batsakis/Interval-based#56 http://www.intelligence.tuc.gr/~batsakis/Interval-based#b http://www.intelligence.tuc.gr/~batsakis/Interval-based#59	1
http://www.intelligence.tuc.gr/~batsakis/Interval-based#56 http://www.intelligence.tuc.gr/~batsakis/Interval-based#d http://www.intelligence.tuc.gr/~batsakis/Interval-based#60	1
http://www.intelligence.tuc.gr/~batsakis/Interval-based#56 http://www.intelligence.tuc.gr/~batsakis/Interval-based#b http://www.intelligence.tuc.gr/~batsakis/Interval-based#61	1
http://www.intelligence.tuc.gr/~batsakis/Interval-based#56 http://www.intelligence.tuc.gr/~batsakis/Interval-based#d http://www.intelligence.tuc.gr/~batsakis/Interval-based#62	1
http://www.intelligence.tuc.gr/~batsakis/Interval-based#56 http://www.intelligence.tuc.gr/~batsakis/Interval-based#b_d_ov_m_s http://www.intelligence.tuc.gr/~batsakis/Interval-based#63	1
http://www.intelligence.tuc.gr/~batsakis/Interval-based#57 http://www.intelligence.tuc.gr/~batsakis/Interval-based#ov http://www.intelligence.tuc.gr/~batsakis/Interval-based#0	1
http://www.intelligence.tuc.gr/~batsakis/Interval-based#57 http://www.intelligence.tuc.gr/~batsakis/Interval-based#d http://www.intelligence.tuc.gr/~batsakis/Interval-based#1	1
http://www.intelligence.tuc.gr/~batsakis/Interval-based#57 http://www.intelligence.tuc.gr/~batsakis/Interval-based#ov http://www.intelligence.tuc.gr/~batsakis/Interval-based#2	1
http://www.intelligence.tuc.gr/~batsakis/Interval-based#57 http://www.intelligence.tuc.gr/~batsakis/Interval-based#fi http://www.intelligence.tuc.gr/~batsakis/Interval-based#3	1
http://www.intelligence.tuc.gr/~batsakis/Interval-based#57 http://www.intelligence.tuc.gr/~batsakis/Interval-based#b http://www.intelligence.tuc.gr/~batsakis/Interval-based#4	1
http://www.intelligence.tuc.gr/~batsakis/Interval-based#57 http://www.intelligence.tuc.gr/~batsakis/Interval-based#si http://www.intelligence.tuc.gr/~batsakis/Interval-based#5	1
http://www.intelligence.tuc.gr/~batsakis/Interval-based#57 http://www.intelligence.tuc.gr/~batsakis/Interval-based#ov http://www.intelligence.tuc.gr/~batsakis/Interval-based#6	1
http://www.intelligence.tuc.gr/~batsakis/Interval-based#57 http://www.intelligence.tuc.gr/~batsakis/Interval-based#s http://www.intelligence.tuc.gr/~batsakis/Interval-based#7	1
http://www.intelligence.tuc.gr/~batsakis/Interval-based#57 http://www.intelligence.tuc.gr/~batsakis/Interval-based#di http://www.intelligence.tuc.gr/~batsakis/Interval-based#8	1
http://www.intelligence.tuc.gr/~batsakis/Interval-based#57 http://www.intelligence.tuc.gr/~batsakis/Interval-based#ov http://www.intelligence.tuc.gr/~batsakis/Interval-based#9	1
http://www.intelligence.tuc.gr/~batsakis/Interval-based#57 http://www.intelligence.tuc.gr/~batsakis/Interval-based#ov http://www.intelligence.tuc.gr/~batsakis/Interval-based#10	1
http://www.intelligence.tuc.gr/~batsakis/Interval-based#57 http://www.intelligence.tuc.gr/~batsakis/Interval-based#di_oi_si http://www.intelligence.tuc.gr/~batsakis/Interval-based#11	1
http://www.intelligence.tuc.gr/~batsakis/Interval-based#57 http://www.intelligence.tuc.gr/~batsakis/Interval-based#d http://www.intelligence.tuc.gr/~batsakis/Interval-based#12	1
http://www.intelligence.tuc.gr/~batsakis/Interval-based#57 http://www.intelligence.tuc.gr/~batsakis/Interval-based#ov http://www.intelligence.tuc.gr/~batsakis/Interval-based#13	1
http://www.intelligence.tuc.gr/~batsakis/Interval-based#57 http://www.intelligence.tuc.gr/~batsakis/Interval-based#di http://www.intelligence.tuc.gr/~batsakis/Interval-based#14	1
http://www.intelligence.tuc.gr/~batsakis/Interval-based#57 http://www.intelligence.tuc.gr/~batsakis/Interval-based#si http://www.intelligence.tuc.gr/~batsakis/Interval-based#15	1
http://www.intelligence.tuc.gr/~batsakis/Interval-based#57 http://www.intelligence.tuc.gr/~batsakis/Interval-based#oi http://www.intelligence.tuc.gr/~batsakis/Interval-based#16	1
http://www.intelligence.tuc.gr/~batsakis/Interval-based#57 http://www.intelligence.tuc.gr/~batsakis/Interval-based#di http://www.intelligence.tuc.gr/~batsakis/Interval-based#17	1
http://www.intelligence.tuc.gr/~batsakis/Interval-based#57 http://www.intelligence.tuc.gr/~batsakis/Interval-based#b http://www.intelligence.tuc.gr/~batsakis/Interval-based#18	1
http://www.intelligence.tuc.gr/~batsakis/Interval-based#57 http://www.intelligence.tuc.gr/~batsakis/Interval-based#di http://www.intelligence.tuc.gr/~batsakis/Interval-based#19	1
http://www.intelligence.tuc.gr/~batsakis/Interval-based#57 http://www.intelligence.tuc.gr/~batsakis/Interval-based#b http://www.intelligence.tuc.gr/~batsakis/Interval-based#20	1
http://www.intelligence.tuc.gr/~batsakis/Interval-based#57 http://www.intelligence.tuc.gr/~batsakis/Interval-based#d http://www.intelligence.tuc.gr/~batsakis/Interval-based#21	1
http://www.intelligence.tuc.gr/~batsakis/Interval-based#57 http://www.intelligence.tuc.gr/~batsakis/Interval-based#ov http://www.intelligence.tuc.gr/~batsakis/Interval-based#22	1
http://www.intelligence.tuc.gr/~batsakis/Interval-based#57 http://www.intelligence.tuc.gr/~batsakis/Interval-based#b http://www.intelligence.tuc.gr/~batsakis/Interval-based#23	1
http://www.intelligence.tuc.gr/~batsakis/Interval-based#57 http://www.intelligence.tuc.gr/~batsakis/Interval-based#ov http://www.intelligence.tuc.gr/~batsakis/Interval-based#24	1
http://www.intelligence.tuc.gr/~batsakis/Interval-based#57 http://www.intelligence.tuc.gr/~batsakis/Interval-based#ov http://www.intelligence.tuc.gr/~batsakis/Interval-based#25	1
http://www.intelligence.tuc.gr/~batsakis/Interval-based#57 http://www.intelligence.tuc.gr/~batsakis/Interval-based#di http://www.intelligence.tuc.gr/~batsakis/Interval-based#26	1
http://www.intelligence.tuc.gr/~batsakis/Interval-based#57 http://www.intelligence.tuc.gr/~batsakis/Interval-based#ov http://www.intelligence.tuc.gr/~batsakis/Interval-based#27	1
http://www.intelligence.tuc.gr/~batsakis/Interval-based#57 http://www.intelligence.tuc.gr/~batsakis/Interval-based#ov http://www.intelligence.tuc.gr/~batsakis/Interval-based#28	1
http://www.intelligence.tuc.gr/~batsakis/Interval-based#57 http://www.intelligence.tuc.gr/~batsakis/Interval-based#d http://www.intelligence.tuc.gr/~batsakis/Interval-based#29	1
http://www.intelligence.tuc.gr/~batsakis/Interval-based#57 http://www.intelligence.tuc.gr/~batsakis/Interval-based#d_di_ov_oi_s_si_f_fi_eq http://www.intelligence.tuc.gr/~batsakis/Interval-based#30	1
http://www.intelligence.tuc.gr/~batsakis/Interval-based#57 http://www.intelligence.tuc.gr/~batsakis/Interval-based#ov http://www.intelligence.tuc.gr/~batsakis/Interval-based#31	1
http://www.intelligence.tuc.gr/~batsakis/Interval-based#57 http://www.intelligence.tuc.gr/~batsakis/Interval-based#ov http://www.intelligence.tuc.gr/~batsakis/Interval-based#32	1
http://www.intelligence.tuc.gr/~batsakis/Interval-based#57 http://www.intelligence.tuc.gr/~batsakis/Interval-based#b http://www.intelligence.tuc.gr/~batsakis/Interval-based#33	1
http://www.intelligence.tuc.gr/~batsakis/Interval-based#57 http://www.intelligence.tuc.gr/~batsakis/Interval-based#si http://www.intelligence.tuc.gr/~batsakis/Interval-based#34	1
http://www.intelligence.tuc.gr/~batsakis/Interval-based#57 http://www.intelligence.tuc.gr/~batsakis/Interval-based#ov http://www.intelligence.tuc.gr/~batsakis/Interval-based#35	1
http://www.intelligence.tuc.gr/~batsakis/Interval-based#57 http://www.intelligence.tuc.gr/~batsakis/Interval-based#ov http://www.intelligence.tuc.gr/~batsakis/Interval-based#36	1
http://www.intelligence.tuc.gr/~batsakis/Interval-based#57 http://www.intelligence.tuc.gr/~batsakis/Interval-based#fi http://www.intelligence.tuc.gr/~batsakis/Interval-based#37	1
http://www.intelligence.tuc.gr/~batsakis/Interval-based#57 http://www.intelligence.tuc.gr/~batsakis/Interval-based#d http://www.intelligence.tuc.gr/~batsakis/Interval-based#38	1
http://www.intelligence.tuc.gr/~batsakis/Interval-based#57 http://www.intelligence.tuc.gr/~batsakis/Interval-based#ov http://www.intelligence.tuc.gr/~batsakis/Interval-based#39	1
http://www.intelligence.tuc.gr/~batsakis/Interval-based#57 http://www.intelligence.tuc.gr/~batsakis/Interval-based#di http://www.intelligence.tuc.gr/~batsakis/Interval-based#40	1
http://www.intelligence.tuc.gr/~batsakis/Interval-based#57 http://www.intelligence.tuc.gr/~batsakis/Interval-based#di http://www.intelligence.tuc.gr/~batsakis/Interval-based#41	1
http://www.intelligence.tuc.gr/~batsakis/Interval-based#57 http://www.intelligence.tuc.gr/~batsakis/Interval-based#b_ov_m http://www.intelligence.tuc.gr/~batsakis/Interval-based#42	1
http://www.intelligence.tuc.gr/~batsakis/Interval-based#57 http://www.intelligence.tuc.gr/~batsakis/Interval-based#s http://www.intelligence.tuc.gr/~batsakis/Interval-based#43	1
http://www.intelligence.tuc.gr/~batsakis/Interval-based#57 http://www.intelligence.tuc.gr/~batsakis/Interval-based#di http://www.intelligence.tuc.gr/~batsakis/Interval-based#44	1
http://www.intelligence.tuc.gr/~batsakis/Interval-based#57 http://www.intelligence.tuc.gr/~batsakis/Interval-based#di http://www.intelligence.tuc.gr/~batsakis/Interval-based#45	1
http://www.intelligence.tuc.gr/~batsakis/Interval-based#57 http://www.intelligence.tuc.gr/~batsakis/Interval-based#f http://www.intelligence.tuc.gr/~batsakis/Interval-based#46	1
http://www.intelligence.tuc.gr/~batsakis/Interval-based#57 http://www.intelligence.tuc.gr/~batsakis/Interval-based#di http://www.intelligence.tuc.gr/~batsakis/Interval-based#47	1
http://www.intelligence.tuc.gr/~batsakis/Interval-based#57 http://www.intelligence.tuc.gr/~batsakis/Interval-based#b http://www.intelligence.tuc.gr/~batsakis/Interval-based#48	1
http://www.intelligence.tuc.gr/~batsakis/Interval-based#57 http://www.intelligence.tuc.gr/~batsakis/Interval-based#b http://www.intelligence.tuc.gr/~batsakis/Interval-based#49	1
http://www.intelligence.tuc.gr/~batsakis/Interval-based#57 http://www.intelligence.tuc.gr/~batsakis/Interval-based#b http://www.intelligence.tuc.gr/~batsakis/Interval-based#50	1
http://www.intelligence.tuc.gr/~batsakis/Interval-based#57 http://www.intelligence.tuc.gr/~batsakis/Interval-based#si http://www.intelligence.tuc.gr/~batsakis/Interval-based#51	1
http://www.intelligence.tuc.gr/~batsakis/Interval-based#57 http://www.intelligence.tuc.gr/~batsakis/Interval-based#ov http://www.intelligence.tuc.gr/~batsakis/Interval-based#52	1
http://www.intelligence.tuc.gr/~batsakis/Interval-based#57 http://www.intelligence.tuc.gr/~batsakis/Interval-based#ov http://www.intelligence.tuc.gr/~batsakis/Interval-based#53	1
http://www.intelligence.tuc.gr/~batsakis/Interval-based#57 http://www.intelligence.tuc.gr/~batsakis/Interval-based#b_ov_m http://www.intelligence.tuc.gr/~batsakis/Interval-based#54	1
http://www.intelligence.tuc.gr/~batsakis/Interval-based#57 http://www.intelligence.tuc.gr/~batsakis/Interval-based#fi http://www.intelligence.tuc.gr/~batsakis/Interval-based#55	1
http://www.intelligence.tuc.gr/~batsakis/Interval-based#57 http://www.intelligence.tuc.gr/~batsakis/Interval-based#di http://www.intelligence.tuc.gr/~batsakis/Interval-based#56	1
http://www.intelligence.tuc.gr/~batsakis/Interval-based#57 http://www.intelligence.tuc.gr/~batsakis/Interval-based#d http://www.intelligence.tuc.gr/~batsakis/Interval-based#58	1
http://www.intelligence.tuc.gr/~batsakis/Interval-based#57 http://www.intelligence.tuc.gr/~batsakis/Interval-based#ov http://www.intelligence.tuc.gr/~batsakis/Interval-based#59	1
http://www.intelligence.tuc.gr/~batsakis/Interval-based#57 http://www.intelligence.tuc.gr/~batsakis/Interval-based#s http://www.intelligence.tuc.gr/~batsakis/Interval-based#60	1
http://www.intelligence.tuc.gr/~batsakis/Interval-based#57 http://www.intelligence.tuc.gr/~batsakis/Interval-based#b http://www.intelligence.tuc.gr/~batsakis/Interval-based#61	1
http://www.intelligence.tuc.gr/~batsakis/Interval-based#57 http://www.intelligence.tuc.gr/~batsakis/Interval-based#d http://www.intelligence.tuc.gr/~batsakis/Interval-based#62	1
http://www.intelligence.tuc.gr/~batsakis/Interval-based#57 http://www.intelligence.tuc.gr/~batsakis/Interval-based#ov http://www.intelligence.tuc.gr/~batsakis/Interval-based#63	1
http://www.intelligence.tuc.gr/~batsakis/Interval-based#58 http://www.intelligence.tuc.gr/~batsakis/Interval-based#ov http://www.intelligence.tuc.gr/~batsakis/Interval-based#0	1
http://www.intelligence.tuc.gr/~batsakis/Interval-based#58 http://www.intelligence.tuc.gr/~batsakis/Interval-based#d http://www.intelligence.tuc.gr/~batsakis/Interval-based#1	1
http://www.intelligence.tuc.gr/~batsakis/Interval-based#58 http://www.intelligence.tuc.gr/~batsakis/Interval-based#ov http://www.intelligence.tuc.gr/~batsakis/Interval-based#2	1
http://www.intelligence.tuc.gr/~batsakis/Interval-based#58 http://www.intelligence.tuc.gr/~batsakis/Interval-based#di http://www.intelligence.tuc.gr/~batsakis/Interval-based#3	1
http://www.intelligence.tuc.gr/~batsakis/Interval-based#58 http://www.intelligence.tuc.gr/~batsakis/Interval-based#b http://www.intelligence.tuc.gr/~batsakis/Interval-based#4	1
http://www.intelligence.tuc.gr/~batsakis/Interval-based#58 http://www.intelligence.tuc.gr/~batsakis/Interval-based#di http://www.intelligence.tuc.gr/~batsakis/Interval-based#5	1
http://www.intelligence.tuc.gr/~batsakis/Interval-based#58 http://www.intelligence.tuc.gr/~batsakis/Interval-based#ov http://www.intelligence.tuc.gr/~batsakis/Interval-based#6	1
http://www.intelligence.tuc.gr/~batsakis/Interval-based#58 http://www.intelligence.tuc.gr/~batsakis/Interval-based#ov http://www.intelligence.tuc.gr/~batsakis/Interval-based#7	1
http://www.intelligence.tuc.gr/~batsakis/Interval-based#58 http://www.intelligence.tuc.gr/~batsakis/Interval-based#di http://www.intelligence.tuc.gr/~batsakis/Interval-based#8	1
http://www.intelligence.tuc.gr/~batsakis/Interval-based#58 http://www.intelligence.tuc.gr/~batsakis/Interval-based#ov http://www.intelligence.tuc.gr/~batsakis/Interval-based#9	1
http://www.intelligence.tuc.gr/~batsakis/Interval-based#58 http://www.intelligence.tuc.gr/~batsakis/Interval-based#fi http://www.intelligence.tuc.gr/~batsakis/Interval-based#10	1
http://www.intelligence.tuc.gr/~batsakis/Interval-based#58 http://www.intelligence.tuc.gr/~batsakis/Interval-based#di http://www.intelligence.tuc.gr/~batsakis/Interval-based#11	1
http://www.intelligence.tuc.gr/~batsakis/Interval-based#58 http://www.intelligence.tuc.gr/~batsakis/Interval-based#eq http://www.intelligence.tuc.gr/~batsakis/Interval-based#12	1
http://www.intelligence.tuc.gr/~batsakis/Interval-based#58 http://www.intelligence.tuc.gr/~batsakis/Interval-based#ov http://www.intelligence.tuc.gr/~batsakis/Interval-based#13	1
http://www.intelligence.tuc.gr/~batsakis/Interval-based#58 http://www.intelligence.tuc.gr/~batsakis/Interval-based#di http://www.intelligence.tuc.gr/~batsakis/Interval-based#14	1
http://www.intelligence.tuc.gr/~batsakis/Interval-based#58 http://www.intelligence.tuc.gr/~batsakis/Interval-based#di http://www.intelligence.tuc.gr/~batsakis/Interval-based#15	1
http://www.intelligence.tuc.gr/~batsakis/Interval-based#58 http://www.intelligence.tuc.gr/~batsakis/Interval-based#di http://www.intelligence.tuc.gr/~batsakis/Interval-based#16	1
http://www.intelligence.tuc.gr/~batsakis/Interval-based#58 http://www.intelligence.tuc.gr/~batsakis/Interval-based#di http://www.intelligence.tuc.gr/~batsakis/Interval-based#17	1
http://www.intelligence.tuc.gr/~batsakis/Interval-based#58 http://www.intelligence.tuc.gr/~batsakis/Interval-based#b http://www.intelligence.tuc.gr/~batsakis/Interval-based#18	1
http://www.intelligence.tuc.gr/~batsakis/Interval-based#58 http://www.intelligence.tuc.gr/~batsakis/Interval-based#di http://www.intelligence.tuc.gr/~batsakis/Interval-based#19	1
http://www.intelligence.tuc.gr/~batsakis/Interval-based#58 http://www.intelligence.tuc.gr/~batsakis/Interval-based#b http://www.intelligence.tuc.gr/~batsakis/Interval-based#20	1
http://www.intelligence.tuc.gr/~batsakis/Interval-based#58 http://www.intelligence.tuc.gr/~batsakis/Interval-based#ov http://www.intelligence.tuc.gr/~batsakis/Interval-based#21	1
http://www.intelligence.tuc.gr/~batsakis/Interval-based#58 http://www.intelligence.tuc.gr/~batsakis/Interval-based#ov http://www.intelligence.tuc.gr/~batsakis/Interval-based#22	1
http://www.intelligence.tuc.gr/~batsakis/Interval-based#58 http://www.intelligence.tuc.gr/~batsakis/Interval-based#b_ov_m http://www.intelligence.tuc.gr/~batsakis/Interval-based#23	1
http://www.intelligence.tuc.gr/~batsakis/Interval-based#58 http://www.intelligence.tuc.gr/~batsakis/Interval-based#ov http://www.intelligence.tuc.gr/~batsakis/Interval-based#24	1
http://www.intelligence.tuc.gr/~batsakis/Interval-based#58 http://www.intelligence.tuc.gr/~batsakis/Interval-based#ov http://www.intelligence.tuc.gr/~batsakis/Interval-based#25	1
http://www.intelligence.tuc.gr/~batsakis/Interval-based#58 http://www.intelligence.tuc.gr/~batsakis/Interval-based#di http://www.intelligence.tuc.gr/~batsakis/Interval-based#26	1
http://www.intelligence.tuc.gr/~batsakis/Interval-based#58 http://www.intelligence.tuc.gr/~batsakis/Interval-based#ov http://www.intelligence.tuc.gr/~batsakis/Interval-based#27	1
http://www.intelligence.tuc.gr/~batsakis/Interval-based#58 http://www.intelligence.tuc.gr/~batsakis/Interval-based#ov http://www.intelligence.tuc.gr/~batsakis/Interval-based#28	1
http://www.intelligence.tuc.gr/~batsakis/Interval-based#58 http://www.intelligence.tuc.gr/~batsakis/Interval-based#eq http://www.intelligence.tuc.gr/~batsakis/Interval-based#29	1
http://www.intelligence.tuc.gr/~batsakis/Interval-based#58 http://www.intelligence.tuc.gr/~batsakis/Interval-based#d_di_ov_oi_s_si_f_fi_eq http://www.intelligence.tuc.gr/~batsakis/Interval-based#30	1
http://www.intelligence.tuc.gr/~batsakis/Interval-based#58 http://www.intelligence.tuc.gr/~batsakis/Interval-based#ov http://www.intelligence.tuc.gr/~batsakis/Interval-based#31	1
http://www.intelligence.tuc.gr/~batsakis/Interval-based#58 http://www.intelligence.tuc.gr/~batsakis/Interval-based#ov http://www.intelligence.tuc.gr/~batsakis/Interval-based#32	1
http://www.intelligence.tuc.gr/~batsakis/Interval-based#58 http://www.intelligence.tuc.gr/~batsakis/Interval-based#b http://www.intelligence.tuc.gr/~batsakis/Interval-based#33	1
http://www.intelligence.tuc.gr/~batsakis/Interval-based#58 http://www.intelligence.tuc.gr/~batsakis/Interval-based#di http://www.intelligence.tuc.gr/~batsakis/Interval-based#34	1
http://www.intelligence.tuc.gr/~batsakis/Interval-based#58 http://www.intelligence.tuc.gr/~batsakis/Interval-based#ov http://www.intelligence.tuc.gr/~batsakis/Interval-based#35	1
http://www.intelligence.tuc.gr/~batsakis/Interval-based#58 http://www.intelligence.tuc.gr/~batsakis/Interval-based#ov http://www.intelligence.tuc.gr/~batsakis/Interval-based#36	1
http://www.intelligence.tuc.gr/~batsakis/Interval-based#58 http://www.intelligence.tuc.gr/~batsakis/Interval-based#di http://www.intelligence.tuc.gr/~batsakis/Interval-based#37	1
http://www.intelligence.tuc.gr/~batsakis/Interval-based#58 http://www.intelligence.tuc.gr/~batsakis/Interval-based#s http://www.intelligence.tuc.gr/~batsakis/Interval-based#38	1
http://www.intelligence.tuc.gr/~batsakis/Interval-based#58 http://www.intelligence.tuc.gr/~batsakis/Interval-based#ov http://www.intelligence.tuc.gr/~batsakis/Interval-based#39	1
http://www.intelligence.tuc.gr/~batsakis/Interval-based#58 http://www.intelligence.tuc.gr/~batsakis/Interval-based#di http://www.intelligence.tuc.gr/~batsakis/Interval-based#40	1
http://www.intelligence.tuc.gr/~batsakis/Interval-based#58 http://www.intelligence.tuc.gr/~batsakis/Interval-based#di http://www.intelligence.tuc.gr/~batsakis/Interval-based#41	1
http://www.intelligence.tuc.gr/~batsakis/Interval-based#58 http://www.intelligence.tuc.gr/~batsakis/Interval-based#b_ov_m http://www.intelligence.tuc.gr/~batsakis/Interval-based#42	1
http://www.intelligence.tuc.gr/~batsakis/Interval-based#58 http://www.intelligence.tuc.gr/~batsakis/Interval-based#di_ov_fi http://www.intelligence.tuc.gr/~batsakis/Interval-based#43	1
http://www.intelligence.tuc.gr/~batsakis/Interval-based#58 http://www.intelligence.tuc.gr/~batsakis/Interval-based#di http://www.intelligence.tuc.gr/~batsakis/Interval-based#44	1
http://www.intelligence.tuc.gr/~batsakis/Interval-based#58 http://www.intelligence.tuc.gr/~batsakis/Interval-based#di http://www.intelligence.tuc.gr/~batsakis/Interval-based#45	1
http://www.intelligence.tuc.gr/~batsakis/Interval-based#58 http://www.intelligence.tuc.gr/~batsakis/Interval-based#di_oi_si http://www.intelligence.tuc.gr/~batsakis/Interval-based#46	1
http://www.intelligence.tuc.gr/~batsakis/Interval-based#58 http://www.intelligence.tuc.gr/~batsakis/Interval-based#di http://www.intelligence.tuc.gr/~batsakis/Interval-based#47	1
http://www.intelligence.tuc.gr/~batsakis/Interval-based#58 http://www.intelligence.tuc.gr/~batsakis/Interval-based#b_ov_m http://www.intelligence.tuc.gr/~batsakis/Interval-based#48	1
http://www.intelligence.tuc.gr/~batsakis/Interval-based#58 http://www.intelligence.tuc.gr/~batsakis/Interval-based#b http://www.intelligence.tuc.gr/~batsakis/Interval-based#49	1
http://www.intelligence.tuc.gr/~batsakis/Interval-based#58 http://www.intelligence.tuc.gr/~batsakis/Interval-based#b http://www.intelligence.tuc.gr/~batsakis/Interval-based#50	1
http://www.intelligence.tuc.gr/~batsakis/Interval-based#58 http://www.intelligence.tuc.gr/~batsakis/Interval-based#di http://www.intelligence.tuc.gr/~batsakis/Interval-based#51	1
http://www.intelligence.tuc.gr/~batsakis/Interval-based#58 http://www.intelligence.tuc.gr/~batsakis/Interval-based#fi http://www.intelligence.tuc.gr/~batsakis/Interval-based#52	1
http://www.intelligence.tuc.gr/~batsakis/Interval-based#58 http://www.intelligence.tuc.gr/~batsakis/Interval-based#ov http://www.intelligence.tuc.gr/~batsakis/Interval-based#53	1
http://www.intelligence.tuc.gr/~batsakis/Interval-based#58 http://www.intelligence.tuc.gr/~batsakis/Interval-based#b_ov_m http://www.intelligence.tuc.gr/~batsakis/Interval-based#54	1
http://www.intelligence.tuc.gr/~batsakis/Interval-based#58 http://www.intelligence.tuc.gr/~batsakis/Interval-based#di http://www.intelligence.tuc.gr/~batsakis/Interval-based#55	1
http://www.intelligence.tuc.gr/~batsakis/Interval-based#58 http://www.intelligence.tuc.gr/~batsakis/Interval-based#di http://www.intelligence.tuc.gr/~batsakis/Interval-based#56	1
http://www.intelligence.tuc.gr/~batsakis/Interval-based#58 http://www.intelligence.tuc.gr/~batsakis/Interval-based#di http://www.intelligence.tuc.gr/~batsakis/Interval-based#57	1
http://www.intelligence.tuc.gr/~batsakis/Interval-based#58 http://www.intelligence.tuc.gr/~batsakis/Interval-based#ov http://www.intelligence.tuc.gr/~batsakis/Interval-based#59	1
http://www.intelligence.tuc.gr/~batsakis/Interval-based#58 http://www.intelligence.tuc.gr/~batsakis/Interval-based#di_ov_fi http://www.intelligence.tuc.gr/~batsakis/Interval-based#60	1
http://www.intelligence.tuc.gr/~batsakis/Interval-based#58 http://www.intelligence.tuc.gr/~batsakis/Interval-based#b_ov_m http://www.intelligence.tuc.gr/~batsakis/Interval-based#61	1
http://www.intelligence.tuc.gr/~batsakis/Interval-based#58 http://www.intelligence.tuc.gr/~batsakis/Interval-based#ov http://www.intelligence.tuc.gr/~batsakis/Interval-based#62	1
http://www.intelligence.tuc.gr/~batsakis/Interval-based#58 http://www.intelligence.tuc.gr/~batsakis/Interval-based#ov http://www.intelligence.tuc.gr/~batsakis/Interval-based#63	1
http://www.intelligence.tuc.gr/~batsakis/Interval-based#59 http://www.intelligence.tuc.gr/~batsakis/Interval-based#d http://www.intelligence.tuc.gr/~batsakis/Interval-based#0	1
http://www.intelligence.tuc.gr/~batsakis/Interval-based#59 http://www.intelligence.tuc.gr/~batsakis/Interval-based#oi http://www.intelligence.tuc.gr/~batsakis/Interval-based#1	1
http://www.intelligence.tuc.gr/~batsakis/Interval-based#59 http://www.intelligence.tuc.gr/~batsakis/Interval-based#ov http://www.intelligence.tuc.gr/~batsakis/Interval-based#2	1
http://www.intelligence.tuc.gr/~batsakis/Interval-based#59 http://www.intelligence.tuc.gr/~batsakis/Interval-based#oi http://www.intelligence.tuc.gr/~batsakis/Interval-based#3	1
http://www.intelligence.tuc.gr/~batsakis/Interval-based#59 http://www.intelligence.tuc.gr/~batsakis/Interval-based#ov http://www.intelligence.tuc.gr/~batsakis/Interval-based#4	1
http://www.intelligence.tuc.gr/~batsakis/Interval-based#59 http://www.intelligence.tuc.gr/~batsakis/Interval-based#a http://www.intelligence.tuc.gr/~batsakis/Interval-based#5	1
http://www.intelligence.tuc.gr/~batsakis/Interval-based#59 http://www.intelligence.tuc.gr/~batsakis/Interval-based#ov http://www.intelligence.tuc.gr/~batsakis/Interval-based#6	1
http://www.intelligence.tuc.gr/~batsakis/Interval-based#59 http://www.intelligence.tuc.gr/~batsakis/Interval-based#d http://www.intelligence.tuc.gr/~batsakis/Interval-based#7	1
http://www.intelligence.tuc.gr/~batsakis/Interval-based#59 http://www.intelligence.tuc.gr/~batsakis/Interval-based#mi http://www.intelligence.tuc.gr/~batsakis/Interval-based#8	1
http://www.intelligence.tuc.gr/~batsakis/Interval-based#59 http://www.intelligence.tuc.gr/~batsakis/Interval-based#oi http://www.intelligence.tuc.gr/~batsakis/Interval-based#9	1
http://www.intelligence.tuc.gr/~batsakis/Interval-based#59 http://www.intelligence.tuc.gr/~batsakis/Interval-based#oi http://www.intelligence.tuc.gr/~batsakis/Interval-based#10	1
http://www.intelligence.tuc.gr/~batsakis/Interval-based#59 http://www.intelligence.tuc.gr/~batsakis/Interval-based#a http://www.intelligence.tuc.gr/~batsakis/Interval-based#11	1
http://www.intelligence.tuc.gr/~batsakis/Interval-based#59 http://www.intelligence.tuc.gr/~batsakis/Interval-based#oi http://www.intelligence.tuc.gr/~batsakis/Interval-based#12	1
http://www.intelligence.tuc.gr/~batsakis/Interval-based#59 http://www.intelligence.tuc.gr/~batsakis/Interval-based#ov http://www.intelligence.tuc.gr/~batsakis/Interval-based#13	1
http://www.intelligence.tuc.gr/~batsakis/Interval-based#59 http://www.intelligence.tuc.gr/~batsakis/Interval-based#oi http://www.intelligence.tuc.gr/~batsakis/Interval-based#14	1
http://www.intelligence.tuc.gr/~batsakis/Interval-based#59 http://www.intelligence.tuc.gr/~batsakis/Interval-based#oi http://www.intelligence.tuc.gr/~batsakis/Interval-based#15	1
http://www.intelligence.tuc.gr/~batsakis/Interval-based#59 http://www.intelligence.tuc.gr/~batsakis/Interval-based#a http://www.intelligence.tuc.gr/~batsakis/Interval-based#16	1
http://www.intelligence.tuc.gr/~batsakis/Interval-based#59 http://www.intelligence.tuc.gr/~batsakis/Interval-based#oi http://www.intelligence.tuc.gr/~batsakis/Interval-based#17	1
http://www.intelligence.tuc.gr/~batsakis/Interval-based#59 http://www.intelligence.tuc.gr/~batsakis/Interval-based#b_di_ov_m_fi http://www.intelligence.tuc.gr/~batsakis/Interval-based#18	1
http://www.intelligence.tuc.gr/~batsakis/Interval-based#59 http://www.intelligence.tuc.gr/~batsakis/Interval-based#oi http://www.intelligence.tuc.gr/~batsakis/Interval-based#19	1
http://www.intelligence.tuc.gr/~batsakis/Interval-based#59 http://www.intelligence.tuc.gr/~batsakis/Interval-based#b_ov_m http://www.intelligence.tuc.gr/~batsakis/Interval-based#20	1
http://www.intelligence.tuc.gr/~batsakis/Interval-based#59 http://www.intelligence.tuc.gr/~batsakis/Interval-based#oi http://www.intelligence.tuc.gr/~batsakis/Interval-based#21	1
http://www.intelligence.tuc.gr/~batsakis/Interval-based#59 http://www.intelligence.tuc.gr/~batsakis/Interval-based#ov http://www.intelligence.tuc.gr/~batsakis/Interval-based#22	1
http://www.intelligence.tuc.gr/~batsakis/Interval-based#59 http://www.intelligence.tuc.gr/~batsakis/Interval-based#ov http://www.intelligence.tuc.gr/~batsakis/Interval-based#23	1
http://www.intelligence.tuc.gr/~batsakis/Interval-based#59 http://www.intelligence.tuc.gr/~batsakis/Interval-based#oi http://www.intelligence.tuc.gr/~batsakis/Interval-based#24	1
http://www.intelligence.tuc.gr/~batsakis/Interval-based#59 http://www.intelligence.tuc.gr/~batsakis/Interval-based#oi http://www.intelligence.tuc.gr/~batsakis/Interval-based#25	1
http://www.intelligence.tuc.gr/~batsakis/Interval-based#59 http://www.intelligence.tuc.gr/~batsakis/Interval-based#a http://www.intelligence.tuc.gr/~batsakis/Interval-based#26	1
http://www.intelligence.tuc.gr/~batsakis/Interval-based#59 http://www.intelligence.tuc.gr/~batsakis/Interval-based#d http://www.intelligence.tuc.gr/~batsakis/Interval-based#27	1
http://www.intelligence.tuc.gr/~batsakis/Interval-based#59 http://www.intelligence.tuc.gr/~batsakis/Interval-based#s http://www.intelligence.tuc.gr/~batsakis/Interval-based#28	1
http://www.intelligence.tuc.gr/~batsakis/Interval-based#59 http://www.intelligence.tuc.gr/~batsakis/Interval-based#oi http://www.intelligence.tuc.gr/~batsakis/Interval-based#29	1
http://www.intelligence.tuc.gr/~batsakis/Interval-based#59 http://www.intelligence.tuc.gr/~batsakis/Interval-based#a_oi_mi http://www.intelligence.tuc.gr/~batsakis/Interval-based#30	1
http://www.intelligence.tuc.gr/~batsakis/Interval-based#59 http://www.intelligence.tuc.gr/~batsakis/Interval-based#oi http://www.intelligence.tuc.gr/~batsakis/Interval-based#31	1
http://www.intelligence.tuc.gr/~batsakis/Interval-based#59 http://www.intelligence.tuc.gr/~batsakis/Interval-based#d http://www.intelligence.tuc.gr/~batsakis/Interval-based#32	1
http://www.intelligence.tuc.gr/~batsakis/Interval-based#59 http://www.intelligence.tuc.gr/~batsakis/Interval-based#m http://www.intelligence.tuc.gr/~batsakis/Interval-based#33	1
http://www.intelligence.tuc.gr/~batsakis/Interval-based#59 http://www.intelligence.tuc.gr/~batsakis/Interval-based#oi http://www.intelligence.tuc.gr/~batsakis/Interval-based#34	1
http://www.intelligence.tuc.gr/~batsakis/Interval-based#59 http://www.intelligence.tuc.gr/~batsakis/Interval-based#oi http://www.intelligence.tuc.gr/~batsakis/Interval-based#35	1
http://www.intelligence.tuc.gr/~batsakis/Interval-based#59 http://www.intelligence.tuc.gr/~batsakis/Interval-based#oi http://www.intelligence.tuc.gr/~batsakis/Interval-based#36	1
http://www.intelligence.tuc.gr/~batsakis/Interval-based#59 http://www.intelligence.tuc.gr/~batsakis/Interval-based#oi http://www.intelligence.tuc.gr/~batsakis/Interval-based#37	1
http://www.intelligence.tuc.gr/~batsakis/Interval-based#59 http://www.intelligence.tuc.gr/~batsakis/Interval-based#d http://www.intelligence.tuc.gr/~batsakis/Interval-based#38	1
http://www.intelligence.tuc.gr/~batsakis/Interval-based#59 http://www.intelligence.tuc.gr/~batsakis/Interval-based#s http://www.intelligence.tuc.gr/~batsakis/Interval-based#39	1
http://www.intelligence.tuc.gr/~batsakis/Interval-based#59 http://www.intelligence.tuc.gr/~batsakis/Interval-based#a http://www.intelligence.tuc.gr/~batsakis/Interval-based#40	1
http://www.intelligence.tuc.gr/~batsakis/Interval-based#59 http://www.intelligence.tuc.gr/~batsakis/Interval-based#a http://www.intelligence.tuc.gr/~batsakis/Interval-based#41	1
http://www.intelligence.tuc.gr/~batsakis/Interval-based#59 http://www.intelligence.tuc.gr/~batsakis/Interval-based#d_ov_s http://www.intelligence.tuc.gr/~batsakis/Interval-based#42	1
http://www.intelligence.tuc.gr/~batsakis/Interval-based#59 http://www.intelligence.tuc.gr/~batsakis/Interval-based#d_oi_f http://www.intelligence.tuc.gr/~batsakis/Interval-based#43	1
http://www.intelligence.tuc.gr/~batsakis/Interval-based#59 http://www.intelligence.tuc.gr/~batsakis/Interval-based#a http://www.intelligence.tuc.gr/~batsakis/Interval-based#44	1
http://www.intelligence.tuc.gr/~batsakis/Interval-based#59 http://www.intelligence.tuc.gr/~batsakis/Interval-based#a http://www.intelligence.tuc.gr/~batsakis/Interval-based#45	1
http://www.intelligence.tuc.gr/~batsakis/Interval-based#59 http://www.intelligence.tuc.gr/~batsakis/Interval-based#oi http://www.intelligence.tuc.gr/~batsakis/Interval-based#46	1
http://www.intelligence.tuc.gr/~batsakis/Interval-based#59 http://www.intelligence.tuc.gr/~batsakis/Interval-based#oi http://www.intelligence.tuc.gr/~batsakis/Interval-based#47	1
http://www.intelligence.tuc.gr/~batsakis/Interval-based#59 http://www.intelligence.tuc.gr/~batsakis/Interval-based#di http://www.intelligence.tuc.gr/~batsakis/Interval-based#48	1
http://www.intelligence.tuc.gr/~batsakis/Interval-based#59 http://www.intelligence.tuc.gr/~batsakis/Interval-based#ov http://www.intelligence.tuc.gr/~batsakis/Interval-based#49	1
http://www.intelligence.tuc.gr/~batsakis/Interval-based#59 http://www.intelligence.tuc.gr/~batsakis/Interval-based#b_di_ov_m_fi http://www.intelligence.tuc.gr/~batsakis/Interval-based#50	1
http://www.intelligence.tuc.gr/~batsakis/Interval-based#59 http://www.intelligence.tuc.gr/~batsakis/Interval-based#a http://www.intelligence.tuc.gr/~batsakis/Interval-based#51	1
http://www.intelligence.tuc.gr/~batsakis/Interval-based#59 http://www.intelligence.tuc.gr/~batsakis/Interval-based#oi http://www.intelligence.tuc.gr/~batsakis/Interval-based#52	1
http://www.intelligence.tuc.gr/~batsakis/Interval-based#59 http://www.intelligence.tuc.gr/~batsakis/Interval-based#oi http://www.intelligence.tuc.gr/~batsakis/Interval-based#53	1
http://www.intelligence.tuc.gr/~batsakis/Interval-based#59 http://www.intelligence.tuc.gr/~batsakis/Interval-based#ov http://www.intelligence.tuc.gr/~batsakis/Interval-based#54	1
http://www.intelligence.tuc.gr/~batsakis/Interval-based#59 http://www.intelligence.tuc.gr/~batsakis/Interval-based#oi http://www.intelligence.tuc.gr/~batsakis/Interval-based#55	1
http://www.intelligence.tuc.gr/~batsakis/Interval-based#59 http://www.intelligence.tuc.gr/~batsakis/Interval-based#a http://www.intelligence.tuc.gr/~batsakis/Interval-based#56	1
http://www.intelligence.tuc.gr/~batsakis/Interval-based#59 http://www.intelligence.tuc.gr/~batsakis/Interval-based#oi http://www.intelligence.tuc.gr/~batsakis/Interval-based#57	1
http://www.intelligence.tuc.gr/~batsakis/Interval-based#59 http://www.intelligence.tuc.gr/~batsakis/Interval-based#oi http://www.intelligence.tuc.gr/~batsakis/Interval-based#58	1
http://www.intelligence.tuc.gr/~batsakis/Interval-based#59 http://www.intelligence.tuc.gr/~batsakis/Interval-based#oi http://www.intelligence.tuc.gr/~batsakis/Interval-based#60	1
http://www.intelligence.tuc.gr/~batsakis/Interval-based#59 http://www.intelligence.tuc.gr/~batsakis/Interval-based#ov http://www.intelligence.tuc.gr/~batsakis/Interval-based#61	1
http://www.intelligence.tuc.gr/~batsakis/Interval-based#59 http://www.intelligence.tuc.gr/~batsakis/Interval-based#d http://www.intelligence.tuc.gr/~batsakis/Interval-based#62	1
http://www.intelligence.tuc.gr/~batsakis/Interval-based#59 http://www.intelligence.tuc.gr/~batsakis/Interval-based#d http://www.intelligence.tuc.gr/~batsakis/Interval-based#63	1
http://www.intelligence.tuc.gr/~batsakis/Interval-based#60 http://www.intelligence.tuc.gr/~batsakis/Interval-based#ov http://www.intelligence.tuc.gr/~batsakis/Interval-based#0	1
http://www.intelligence.tuc.gr/~batsakis/Interval-based#60 http://www.intelligence.tuc.gr/~batsakis/Interval-based#d http://www.intelligence.tuc.gr/~batsakis/Interval-based#1	1
http://www.intelligence.tuc.gr/~batsakis/Interval-based#60 http://www.intelligence.tuc.gr/~batsakis/Interval-based#ov http://www.intelligence.tuc.gr/~batsakis/Interval-based#2	1
http://www.intelligence.tuc.gr/~batsakis/Interval-based#60 http://www.intelligence.tuc.gr/~batsakis/Interval-based#di http://www.intelligence.tuc.gr/~batsakis/Interval-based#3	1
http://www.intelligence.tuc.gr/~batsakis/Interval-based#60 http://www.intelligence.tuc.gr/~batsakis/Interval-based#b http://www.intelligence.tuc.gr/~batsakis/Interval-based#4	1
http://www.intelligence.tuc.gr/~batsakis/Interval-based#60 http://www.intelligence.tuc.gr/~batsakis/Interval-based#si http://www.intelligence.tuc.gr/~batsakis/Interval-based#5	1
http://www.intelligence.tuc.gr/~batsakis/Interval-based#60 http://www.intelligence.tuc.gr/~batsakis/Interval-based#ov http://www.intelligence.tuc.gr/~batsakis/Interval-based#6	1
http://www.intelligence.tuc.gr/~batsakis/Interval-based#60 http://www.intelligence.tuc.gr/~batsakis/Interval-based#s http://www.intelligence.tuc.gr/~batsakis/Interval-based#7	1
http://www.intelligence.tuc.gr/~batsakis/Interval-based#60 http://www.intelligence.tuc.gr/~batsakis/Interval-based#di http://www.intelligence.tuc.gr/~batsakis/Interval-based#8	1
http://www.intelligence.tuc.gr/~batsakis/Interval-based#60 http://www.intelligence.tuc.gr/~batsakis/Interval-based#ov http://www.intelligence.tuc.gr/~batsakis/Interval-based#9	1
http://www.intelligence.tuc.gr/~batsakis/Interval-based#60 http://www.intelligence.tuc.gr/~batsakis/Interval-based#di_ov_fi http://www.intelligence.tuc.gr/~batsakis/Interval-based#10	1
http://www.intelligence.tuc.gr/~batsakis/Interval-based#60 http://www.intelligence.tuc.gr/~batsakis/Interval-based#di_oi_si http://www.intelligence.tuc.gr/~batsakis/Interval-based#11	1
http://www.intelligence.tuc.gr/~batsakis/Interval-based#60 http://www.intelligence.tuc.gr/~batsakis/Interval-based#d_oi_f http://www.intelligence.tuc.gr/~batsakis/Interval-based#12	1
http://www.intelligence.tuc.gr/~batsakis/Interval-based#60 http://www.intelligence.tuc.gr/~batsakis/Interval-based#ov http://www.intelligence.tuc.gr/~batsakis/Interval-based#13	1
http://www.intelligence.tuc.gr/~batsakis/Interval-based#60 http://www.intelligence.tuc.gr/~batsakis/Interval-based#di http://www.intelligence.tuc.gr/~batsakis/Interval-based#14	1
http://www.intelligence.tuc.gr/~batsakis/Interval-based#60 http://www.intelligence.tuc.gr/~batsakis/Interval-based#si http://www.intelligence.tuc.gr/~batsakis/Interval-based#15	1
http://www.intelligence.tuc.gr/~batsakis/Interval-based#60 http://www.intelligence.tuc.gr/~batsakis/Interval-based#oi http://www.intelligence.tuc.gr/~batsakis/Interval-based#16	1
http://www.intelligence.tuc.gr/~batsakis/Interval-based#60 http://www.intelligence.tuc.gr/~batsakis/Interval-based#di http://www.intelligence.tuc.gr/~batsakis/Interval-based#17	1
http://www.intelligence.tuc.gr/~batsakis/Interval-based#60 http://www.intelligence.tuc.gr/~batsakis/Interval-based#b http://www.intelligence.tuc.gr/~batsakis/Interval-based#18	1
http://www.intelligence.tuc.gr/~batsakis/Interval-based#60 http://www.intelligence.tuc.gr/~batsakis/Interval-based#di http://www.intelligence.tuc.gr/~batsakis/Interval-based#19	1
http://www.intelligence.tuc.gr/~batsakis/Interval-based#60 http://www.intelligence.tuc.gr/~batsakis/Interval-based#b http://www.intelligence.tuc.gr/~batsakis/Interval-based#20	1
http://www.intelligence.tuc.gr/~batsakis/Interval-based#60 http://www.intelligence.tuc.gr/~batsakis/Interval-based#d http://www.intelligence.tuc.gr/~batsakis/Interval-based#21	1
http://www.intelligence.tuc.gr/~batsakis/Interval-based#60 http://www.intelligence.tuc.gr/~batsakis/Interval-based#ov http://www.intelligence.tuc.gr/~batsakis/Interval-based#22	1
http://www.intelligence.tuc.gr/~batsakis/Interval-based#60 http://www.intelligence.tuc.gr/~batsakis/Interval-based#m http://www.intelligence.tuc.gr/~batsakis/Interval-based#23	1
http://www.intelligence.tuc.gr/~batsakis/Interval-based#60 http://www.intelligence.tuc.gr/~batsakis/Interval-based#ov http://www.intelligence.tuc.gr/~batsakis/Interval-based#24	1
http://www.intelligence.tuc.gr/~batsakis/Interval-based#60 http://www.intelligence.tuc.gr/~batsakis/Interval-based#ov http://www.intelligence.tuc.gr/~batsakis/Interval-based#25	1
http://www.intelligence.tuc.gr/~batsakis/Interval-based#60 http://www.intelligence.tuc.gr/~batsakis/Interval-based#di http://www.intelligence.tuc.gr/~batsakis/Interval-based#26	1
http://www.intelligence.tuc.gr/~batsakis/Interval-based#60 http://www.intelligence.tuc.gr/~batsakis/Interval-based#ov http://www.intelligence.tuc.gr/~batsakis/Interval-based#27	1
http://www.intelligence.tuc.gr/~batsakis/Interval-based#60 http://www.intelligence.tuc.gr/~batsakis/Interval-based#ov http://www.intelligence.tuc.gr/~batsakis/Interval-based#28	1
http://www.intelligence.tuc.gr/~batsakis/Interval-based#60 http://www.intelligence.tuc.gr/~batsakis/Interval-based#d_oi_f http://www.intelligence.tuc.gr/~batsakis/Interval-based#29	1
http://www.intelligence.tuc.gr/~batsakis/Interval-based#60 http://www.intelligence.tuc.gr/~batsakis/Interval-based#d_di_ov_oi_s_si_f_fi_eq http://www.intelligence.tuc.gr/~batsakis/Interval-based#30	1
http://www.intelligence.tuc.gr/~batsakis/Interval-based#60 http://www.intelligence.tuc.gr/~batsakis/Interval-based#ov http://www.intelligence.tuc.gr/~batsakis/Interval-based#31	1
http://www.intelligence.tuc.gr/~batsakis/Interval-based#60 http://www.intelligence.tuc.gr/~batsakis/Interval-based#ov http://www.intelligence.tuc.gr/~batsakis/Interval-based#32	1
http://www.intelligence.tuc.gr/~batsakis/Interval-based#60 http://www.intelligence.tuc.gr/~batsakis/Interval-based#b http://www.intelligence.tuc.gr/~batsakis/Interval-based#33	1
http://www.intelligence.tuc.gr/~batsakis/Interval-based#60 http://www.intelligence.tuc.gr/~batsakis/Interval-based#si http://www.intelligence.tuc.gr/~batsakis/Interval-based#34	1
http://www.intelligence.tuc.gr/~batsakis/Interval-based#60 http://www.intelligence.tuc.gr/~batsakis/Interval-based#ov http://www.intelligence.tuc.gr/~batsakis/Interval-based#35	1
http://www.intelligence.tuc.gr/~batsakis/Interval-based#60 http://www.intelligence.tuc.gr/~batsakis/Interval-based#ov http://www.intelligence.tuc.gr/~batsakis/Interval-based#36	1
http://www.intelligence.tuc.gr/~batsakis/Interval-based#60 http://www.intelligence.tuc.gr/~batsakis/Interval-based#di http://www.intelligence.tuc.gr/~batsakis/Interval-based#37	1
http://www.intelligence.tuc.gr/~batsakis/Interval-based#60 http://www.intelligence.tuc.gr/~batsakis/Interval-based#d http://www.intelligence.tuc.gr/~batsakis/Interval-based#38	1
http://www.intelligence.tuc.gr/~batsakis/Interval-based#60 http://www.intelligence.tuc.gr/~batsakis/Interval-based#ov http://www.intelligence.tuc.gr/~batsakis/Interval-based#39	1
http://www.intelligence.tuc.gr/~batsakis/Interval-based#60 http://www.intelligence.tuc.gr/~batsakis/Interval-based#di http://www.intelligence.tuc.gr/~batsakis/Interval-based#40	1
http://www.intelligence.tuc.gr/~batsakis/Interval-based#60 http://www.intelligence.tuc.gr/~batsakis/Interval-based#di http://www.intelligence.tuc.gr/~batsakis/Interval-based#41	1
http://www.intelligence.tuc.gr/~batsakis/Interval-based#60 http://www.intelligence.tuc.gr/~batsakis/Interval-based#b_ov_m http://www.intelligence.tuc.gr/~batsakis/Interval-based#42	1
http://www.intelligence.tuc.gr/~batsakis/Interval-based#60 http://www.intelligence.tuc.gr/~batsakis/Interval-based#s http://www.intelligence.tuc.gr/~batsakis/Interval-based#43	1
http://www.intelligence.tuc.gr/~batsakis/Interval-based#60 http://www.intelligence.tuc.gr/~batsakis/Interval-based#di http://www.intelligence.tuc.gr/~batsakis/Interval-based#44	1
http://www.intelligence.tuc.gr/~batsakis/Interval-based#60 http://www.intelligence.tuc.gr/~batsakis/Interval-based#di http://www.intelligence.tuc.gr/~batsakis/Interval-based#45	1
http://www.intelligence.tuc.gr/~batsakis/Interval-based#60 http://www.intelligence.tuc.gr/~batsakis/Interval-based#oi http://www.intelligence.tuc.gr/~batsakis/Interval-based#46	1
http://www.intelligence.tuc.gr/~batsakis/Interval-based#60 http://www.intelligence.tuc.gr/~batsakis/Interval-based#di http://www.intelligence.tuc.gr/~batsakis/Interval-based#47	1
http://www.intelligence.tuc.gr/~batsakis/Interval-based#60 http://www.intelligence.tuc.gr/~batsakis/Interval-based#b http://www.intelligence.tuc.gr/~batsakis/Interval-based#48	1
http://www.intelligence.tuc.gr/~batsakis/Interval-based#60 http://www.intelligence.tuc.gr/~batsakis/Interval-based#b_ov_m http://www.intelligence.tuc.gr/~batsakis/Interval-based#49	1
http://www.intelligence.tuc.gr/~batsakis/Interval-based#60 http://www.intelligence.tuc.gr/~batsakis/Interval-based#b http://www.intelligence.tuc.gr/~batsakis/Interval-based#50	1
http://www.intelligence.tuc.gr/~batsakis/Interval-based#60 http://www.intelligence.tuc.gr/~batsakis/Interval-based#si http://www.intelligence.tuc.gr/~batsakis/Interval-based#51	1
http://www.intelligence.tuc.gr/~batsakis/Interval-based#60 http://www.intelligence.tuc.gr/~batsakis/Interval-based#di_ov_fi http://www.intelligence.tuc.gr/~batsakis/Interval-based#52	1
http://www.intelligence.tuc.gr/~batsakis/Interval-based#60 http://www.intelligence.tuc.gr/~batsakis/Interval-based#ov http://www.intelligence.tuc.gr/~batsakis/Interval-based#53	1
http://www.intelligence.tuc.gr/~batsakis/Interval-based#60 http://www.intelligence.tuc.gr/~batsakis/Interval-based#ov http://www.intelligence.tuc.gr/~batsakis/Interval-based#54	1
http://www.intelligence.tuc.gr/~batsakis/Interval-based#60 http://www.intelligence.tuc.gr/~batsakis/Interval-based#di http://www.intelligence.tuc.gr/~batsakis/Interval-based#55	1
http://www.intelligence.tuc.gr/~batsakis/Interval-based#60 http://www.intelligence.tuc.gr/~batsakis/Interval-based#di http://www.intelligence.tuc.gr/~batsakis/Interval-based#56	1
http://www.intelligence.tuc.gr/~batsakis/Interval-based#60 http://www.intelligence.tuc.gr/~batsakis/Interval-based#si http://www.intelligence.tuc.gr/~batsakis/Interval-based#57	1
http://www.intelligence.tuc.gr/~batsakis/Interval-based#60 http://www.intelligence.tuc.gr/~batsakis/Interval-based#d_oi_f http://www.intelligence.tuc.gr/~batsakis/Interval-based#58	1
http://www.intelligence.tuc.gr/~batsakis/Interval-based#60 http://www.intelligence.tuc.gr/~batsakis/Interval-based#ov http://www.intelligence.tuc.gr/~batsakis/Interval-based#59	1
http://www.intelligence.tuc.gr/~batsakis/Interval-based#60 http://www.intelligence.tuc.gr/~batsakis/Interval-based#b http://www.intelligence.tuc.gr/~batsakis/Interval-based#61	1
http://www.intelligence.tuc.gr/~batsakis/Interval-based#60 http://www.intelligence.tuc.gr/~batsakis/Interval-based#d http://www.intelligence.tuc.gr/~batsakis/Interval-based#62	1
http://www.intelligence.tuc.gr/~batsakis/Interval-based#60 http://www.intelligence.tuc.gr/~batsakis/Interval-based#ov http://www.intelligence.tuc.gr/~batsakis/Interval-based#63	1
http://www.intelligence.tuc.gr/~batsakis/Interval-based#61 http://www.intelligence.tuc.gr/~batsakis/Interval-based#d http://www.intelligence.tuc.gr/~batsakis/Interval-based#0	1
http://www.intelligence.tuc.gr/~batsakis/Interval-based#61 http://www.intelligence.tuc.gr/~batsakis/Interval-based#oi http://www.intelligence.tuc.gr/~batsakis/Interval-based#1	1
http://www.intelligence.tuc.gr/~batsakis/Interval-based#61 http://www.intelligence.tuc.gr/~batsakis/Interval-based#oi http://www.intelligence.tuc.gr/~batsakis/Interval-based#2	1
http://www.intelligence.tuc.gr/~batsakis/Interval-based#61 http://www.intelligence.tuc.gr/~batsakis/Interval-based#a http://www.intelligence.tuc.gr/~batsakis/Interval-based#3	1
http://www.intelligence.tuc.gr/~batsakis/Interval-based#61 http://www.intelligence.tuc.gr/~batsakis/Interval-based#di_ov_fi http://www.intelligence.tuc.gr/~batsakis/Interval-based#4	1
http://www.intelligence.tuc.gr/~batsakis/Interval-based#61 http://www.intelligence.tuc.gr/~batsakis/Interval-based#a http://www.intelligence.tuc.gr/~batsakis/Interval-based#5	1
http://www.intelligence.tuc.gr/~batsakis/Interval-based#61 http://www.intelligence.tuc.gr/~batsakis/Interval-based#d http://www.intelligence.tuc.gr/~batsakis/Interval-based#6	1
http://www.intelligence.tuc.gr/~batsakis/Interval-based#61 http://www.intelligence.tuc.gr/~batsakis/Interval-based#oi http://www.intelligence.tuc.gr/~batsakis/Interval-based#7	1
http://www.intelligence.tuc.gr/~batsakis/Interval-based#61 http://www.intelligence.tuc.gr/~batsakis/Interval-based#a http://www.intelligence.tuc.gr/~batsakis/Interval-based#8	1
http://www.intelligence.tuc.gr/~batsakis/Interval-based#61 http://www.intelligence.tuc.gr/~batsakis/Interval-based#oi http://www.intelligence.tuc.gr/~batsakis/Interval-based#9	1
http://www.intelligence.tuc.gr/~batsakis/Interval-based#61 http://www.intelligence.tuc.gr/~batsakis/Interval-based#a_oi_mi http://www.intelligence.tuc.gr/~batsakis/Interval-based#10	1
http://www.intelligence.tuc.gr/~batsakis/Interval-based#61 http://www.intelligence.tuc.gr/~batsakis/Interval-based#a http://www.intelligence.tuc.gr/~batsakis/Interval-based#11	1
http://www.intelligence.tuc.gr/~batsakis/Interval-based#61 http://www.intelligence.tuc.gr/~batsakis/Interval-based#a_oi_mi http://www.intelligence.tuc.gr/~batsakis/Interval-based#12	1
http://www.intelligence.tuc.gr/~batsakis/Interval-based#61 http://www.intelligence.tuc.gr/~batsakis/Interval-based#d http://www.intelligence.tuc.gr/~batsakis/Interval-based#13	1
http://www.intelligence.tuc.gr/~batsakis/Interval-based#61 http://www.intelligence.tuc.gr/~batsakis/Interval-based#a http://www.intelligence.tuc.gr/~batsakis/Interval-based#14	1
http://www.intelligence.tuc.gr/~batsakis/Interval-based#61 http://www.intelligence.tuc.gr/~batsakis/Interval-based#a http://www.intelligence.tuc.gr/~batsakis/Interval-based#15	1
http://www.intelligence.tuc.gr/~batsakis/Interval-based#61 http://www.intelligence.tuc.gr/~batsakis/Interval-based#a http://www.intelligence.tuc.gr/~batsakis/Interval-based#16	1
http://www.intelligence.tuc.gr/~batsakis/Interval-based#61 http://www.intelligence.tuc.gr/~batsakis/Interval-based#a http://www.intelligence.tuc.gr/~batsakis/Interval-based#17	1
http://www.intelligence.tuc.gr/~batsakis/Interval-based#61 http://www.intelligence.tuc.gr/~batsakis/Interval-based#b_di_ov_m_fi http://www.intelligence.tuc.gr/~batsakis/Interval-based#18	1
http://www.intelligence.tuc.gr/~batsakis/Interval-based#61 http://www.intelligence.tuc.gr/~batsakis/Interval-based#a http://www.intelligence.tuc.gr/~batsakis/Interval-based#19	1
http://www.intelligence.tuc.gr/~batsakis/Interval-based#61 http://www.intelligence.tuc.gr/~batsakis/Interval-based#b_ov_m http://www.intelligence.tuc.gr/~batsakis/Interval-based#20	1
http://www.intelligence.tuc.gr/~batsakis/Interval-based#61 http://www.intelligence.tuc.gr/~batsakis/Interval-based#oi http://www.intelligence.tuc.gr/~batsakis/Interval-based#21	1
http://www.intelligence.tuc.gr/~batsakis/Interval-based#61 http://www.intelligence.tuc.gr/~batsakis/Interval-based#oi http://www.intelligence.tuc.gr/~batsakis/Interval-based#22	1
http://www.intelligence.tuc.gr/~batsakis/Interval-based#61 http://www.intelligence.tuc.gr/~batsakis/Interval-based#d http://www.intelligence.tuc.gr/~batsakis/Interval-based#23	1
http://www.intelligence.tuc.gr/~batsakis/Interval-based#61 http://www.intelligence.tuc.gr/~batsakis/Interval-based#oi http://www.intelligence.tuc.gr/~batsakis/Interval-based#24	1
http://www.intelligence.tuc.gr/~batsakis/Interval-based#61 http://www.intelligence.tuc.gr/~batsakis/Interval-based#oi http://www.intelligence.tuc.gr/~batsakis/Interval-based#25	1
http://www.intelligence.tuc.gr/~batsakis/Interval-based#61 http://www.intelligence.tuc.gr/~batsakis/Interval-based#a http://www.intelligence.tuc.gr/~batsakis/Interval-based#26	1
http://www.intelligence.tuc.gr/~batsakis/Interval-based#61 http://www.intelligence.tuc.gr/~batsakis/Interval-based#oi http://www.intelligence.tuc.gr/~batsakis/Interval-based#27	1
http://www.intelligence.tuc.gr/~batsakis/Interval-based#61 http://www.intelligence.tuc.gr/~batsakis/Interval-based#d http://www.intelligence.tuc.gr/~batsakis/Interval-based#28	1
http://www.intelligence.tuc.gr/~batsakis/Interval-based#61 http://www.intelligence.tuc.gr/~batsakis/Interval-based#a_oi_mi http://www.intelligence.tuc.gr/~batsakis/Interval-based#29	1
http://www.intelligence.tuc.gr/~batsakis/Interval-based#61 http://www.intelligence.tuc.gr/~batsakis/Interval-based#a_oi_mi http://www.intelligence.tuc.gr/~batsakis/Interval-based#30	1
http://www.intelligence.tuc.gr/~batsakis/Interval-based#61 http://www.intelligence.tuc.gr/~batsakis/Interval-based#oi http://www.intelligence.tuc.gr/~batsakis/Interval-based#31	1
http://www.intelligence.tuc.gr/~batsakis/Interval-based#61 http://www.intelligence.tuc.gr/~batsakis/Interval-based#d_oi_f http://www.intelligence.tuc.gr/~batsakis/Interval-based#32	1
http://www.intelligence.tuc.gr/~batsakis/Interval-based#61 http://www.intelligence.tuc.gr/~batsakis/Interval-based#ov http://www.intelligence.tuc.gr/~batsakis/Interval-based#33	1
http://www.intelligence.tuc.gr/~batsakis/Interval-based#61 http://www.intelligence.tuc.gr/~batsakis/Interval-based#a http://www.intelligence.tuc.gr/~batsakis/Interval-based#34	1
http://www.intelligence.tuc.gr/~batsakis/Interval-based#61 http://www.intelligence.tuc.gr/~batsakis/Interval-based#oi http://www.intelligence.tuc.gr/~batsakis/Interval-based#35	1
http://www.intelligence.tuc.gr/~batsakis/Interval-based#61 http://www.intelligence.tuc.gr/~batsakis/Interval-based#oi http://www.intelligence.tuc.gr/~batsakis/Interval-based#36	1
http://www.intelligence.tuc.gr/~batsakis/Interval-based#61 http://www.intelligence.tuc.gr/~batsakis/Interval-based#a http://www.intelligence.tuc.gr/~batsakis/Interval-based#37	1
http://www.intelligence.tuc.gr/~batsakis/Interval-based#61 http://www.intelligence.tuc.gr/~batsakis/Interval-based#d http://www.intelligence.tuc.gr/~batsakis/Interval-based#38	1
http://www.intelligence.tuc.gr/~batsakis/Interval-based#61 http://www.intelligence.tuc.gr/~batsakis/Interval-based#d_oi_f http://www.intelligence.tuc.gr/~batsakis/Interval-based#39	1
http://www.intelligence.tuc.gr/~batsakis/Interval-based#61 http://www.intelligence.tuc.gr/~batsakis/Interval-based#a http://www.intelligence.tuc.gr/~batsakis/Interval-based#40	1
http://www.intelligence.tuc.gr/~batsakis/Interval-based#61 http://www.intelligence.tuc.gr/~batsakis/Interval-based#a http://www.intelligence.tuc.gr/~batsakis/Interval-based#41	1
http://www.intelligence.tuc.gr/~batsakis/Interval-based#61 http://www.intelligence.tuc.gr/~batsakis/Interval-based#d_di_ov_oi_s_si_f_fi_eq http://www.intelligence.tuc.gr/~batsakis/Interval-based#42	1
http://www.intelligence.tuc.gr/~batsakis/Interval-based#61 http://www.intelligence.tuc.gr/~batsakis/Interval-based#a_oi_mi http://www.intelligence.tuc.gr/~batsakis/Interval-based#43	1
http://www.intelligence.tuc.gr/~batsakis/Interval-based#61 http://www.intelligence.tuc.gr/~batsakis/Interval-based#a http://www.intelligence.tuc.gr/~batsakis/Interval-based#44	1
http://www.intelligence.tuc.gr/~batsakis/Interval-based#61 http://www.intelligence.tuc.gr/~batsakis/Interval-based#a http://www.intelligence.tuc.gr/~batsakis/Interval-based#45	1
http://www.intelligence.tuc.gr/~batsakis/Interval-based#61 http://www.intelligence.tuc.gr/~batsakis/Interval-based#a http://www.intelligence.tuc.gr/~batsakis/Interval-based#46	1
http://www.intelligence.tuc.gr/~batsakis/Interval-based#61 http://www.intelligence.tuc.gr/~batsakis/Interval-based#a http://www.intelligence.tuc.gr/~batsakis/Interval-based#47	1
http://www.intelligence.tuc.gr/~batsakis/Interval-based#61 http://www.intelligence.tuc.gr/~batsakis/Interval-based#oi http://www.intelligence.tuc.gr/~batsakis/Interval-based#48	1
http://www.intelligence.tuc.gr/~batsakis/Interval-based#61 http://www.intelligence.tuc.gr/~batsakis/Interval-based#d_ov_s http://www.intelligence.tuc.gr/~batsakis/Interval-based#49	1
http://www.intelligence.tuc.gr/~batsakis/Interval-based#61 http://www.intelligence.tuc.gr/~batsakis/Interval-based#b_di_ov_m_fi http://www.intelligence.tuc.gr/~batsakis/Interval-based#50	1
http://www.intelligence.tuc.gr/~batsakis/Interval-based#61 http://www.intelligence.tuc.gr/~batsakis/Interval-based#a http://www.intelligence.tuc.gr/~batsakis/Interval-based#51	1
http://www.intelligence.tuc.gr/~batsakis/Interval-based#61 http://www.intelligence.tuc.gr/~batsakis/Interval-based#a_oi_mi http://www.intelligence.tuc.gr/~batsakis/Interval-based#52	1
http://www.intelligence.tuc.gr/~batsakis/Interval-based#61 http://www.intelligence.tuc.gr/~batsakis/Interval-based#oi http://www.intelligence.tuc.gr/~batsakis/Interval-based#53	1
http://www.intelligence.tuc.gr/~batsakis/Interval-based#61 http://www.intelligence.tuc.gr/~batsakis/Interval-based#oi http://www.intelligence.tuc.gr/~batsakis/Interval-based#54	1
http://www.intelligence.tuc.gr/~batsakis/Interval-based#61 http://www.intelligence.tuc.gr/~batsakis/Interval-based#a http://www.intelligence.tuc.gr/~batsakis/Interval-based#55	1
http://www.intelligence.tuc.gr/~batsakis/Interval-based#61 http://www.intelligence.tuc.gr/~batsakis/Interval-based#a http://www.intelligence.tuc.gr/~batsakis/Interval-based#56	1
http://www.intelligence.tuc.gr/~batsakis/Interval-based#61 http://www.intelligence.tuc.gr/~batsakis/Interval-based#a http://www.intelligence.tuc.gr/~batsakis/Interval-based#57	1
http://www.intelligence.tuc.gr/~batsakis/Interval-based#61 http://www.intelligence.tuc.gr/~batsakis/Interval-based#a_oi_mi http://www.intelligence.tuc.gr/~batsakis/Interval-based#58	1
http://www.intelligence.tuc.gr/~batsakis/Interval-based#61 http://www.intelligence.tuc.gr/~batsakis/Interval-based#oi http://www.intelligence.tuc.gr/~batsakis/Interval-based#59	1
http://www.intelligence.tuc.gr/~batsakis/Interval-based#61 http://www.intelligence.tuc.gr/~batsakis/Interval-based#a http://www.intelligence.tuc.gr/~batsakis/Interval-based#60	1
http://www.intelligence.tuc.gr/~batsakis/Interval-based#61 http://www.intelligence.tuc.gr/~batsakis/Interval-based#d http://www.intelligence.tuc.gr/~batsakis/Interval-based#62	1
http://www.intelligence.tuc.gr/~batsakis/Interval-based#61 http://www.intelligence.tuc.gr/~batsakis/Interval-based#d http://www.intelligence.tuc.gr/~batsakis/Interval-based#63	1
http://www.intelligence.tuc.gr/~batsakis/Interval-based#62 http://www.intelligence.tuc.gr/~batsakis/Interval-based#fi http://www.intelligence.tuc.gr/~batsakis/Interval-based#0	1
http://www.intelligence.tuc.gr/~batsakis/Interval-based#62 http://www.intelligence.tuc.gr/~batsakis/Interval-based#oi http://www.intelligence.tuc.gr/~batsakis/Interval-based#1	1
http://www.intelligence.tuc.gr/~batsakis/Interval-based#62 http://www.intelligence.tuc.gr/~batsakis/Interval-based#di http://www.intelligence.tuc.gr/~batsakis/Interval-based#2	1
http://www.intelligence.tuc.gr/~batsakis/Interval-based#62 http://www.intelligence.tuc.gr/~batsakis/Interval-based#di http://www.intelligence.tuc.gr/~batsakis/Interval-based#3	1
http://www.intelligence.tuc.gr/~batsakis/Interval-based#62 http://www.intelligence.tuc.gr/~batsakis/Interval-based#di http://www.intelligence.tuc.gr/~batsakis/Interval-based#4	1
http://www.intelligence.tuc.gr/~batsakis/Interval-based#62 http://www.intelligence.tuc.gr/~batsakis/Interval-based#di http://www.intelligence.tuc.gr/~batsakis/Interval-based#5	1
http://www.intelligence.tuc.gr/~batsakis/Interval-based#62 http://www.intelligence.tuc.gr/~batsakis/Interval-based#di http://www.intelligence.tuc.gr/~batsakis/Interval-based#6	1
http://www.intelligence.tuc.gr/~batsakis/Interval-based#62 http://www.intelligence.tuc.gr/~batsakis/Interval-based#di http://www.intelligence.tuc.gr/~batsakis/Interval-based#7	1
http://www.intelligence.tuc.gr/~batsakis/Interval-based#62 http://www.intelligence.tuc.gr/~batsakis/Interval-based#di http://www.intelligence.tuc.gr/~batsakis/Interval-based#8	1
http://www.intelligence.tuc.gr/~batsakis/Interval-based#62 http://www.intelligence.tuc.gr/~batsakis/Interval-based#di http://www.intelligence.tuc.gr/~batsakis/Interval-based#9	1
http://www.intelligence.tuc.gr/~batsakis/Interval-based#62 http://www.intelligence.tuc.gr/~batsakis/Interval-based#di http://www.intelligence.tuc.gr/~batsakis/Interval-based#10	1
http://www.intelligence.tuc.gr/~batsakis/Interval-based#62 http://www.intelligence.tuc.gr/~batsakis/Interval-based#di http://www.intelligence.tuc.gr/~batsakis/Interval-based#11	1
http://www.intelligence.tuc.gr/~batsakis/Interval-based#62 http://www.intelligence.tuc.gr/~batsakis/Interval-based#oi http://www.intelligence.tuc.gr/~batsakis/Interval-based#12	1
http://www.intelligence.tuc.gr/~batsakis/Interval-based#62 http://www.intelligence.tuc.gr/~batsakis/Interval-based#fi http://www.intelligence.tuc.gr/~batsakis/Interval-based#13	1
http://www.intelligence.tuc.gr/~batsakis/Interval-based#62 http://www.intelligence.tuc.gr/~batsakis/Interval-based#di http://www.intelligence.tuc.gr/~batsakis/Interval-based#14	1
http://www.intelligence.tuc.gr/~batsakis/Interval-based#62 http://www.intelligence.tuc.gr/~batsakis/Interval-based#di http://www.intelligence.tuc.gr/~batsakis/Interval-based#15	1
http://www.intelligence.tuc.gr/~batsakis/Interval-based#62 http://www.intelligence.tuc.gr/~batsakis/Interval-based#si http://www.intelligence.tuc.gr/~batsakis/Interval-based#16	1
http://www.intelligence.tuc.gr/~batsakis/Interval-based#62 http://www.intelligence.tuc.gr/~batsakis/Interval-based#di http://www.intelligence.tuc.gr/~batsakis/Interval-based#17	1
http://www.intelligence.tuc.gr/~batsakis/Interval-based#62 http://www.intelligence.tuc.gr/~batsakis/Interval-based#b_di_ov_m_fi http://www.intelligence.tuc.gr/~batsakis/Interval-based#18	1
http://www.intelligence.tuc.gr/~batsakis/Interval-based#62 http://www.intelligence.tuc.gr/~batsakis/Interval-based#di http://www.intelligence.tuc.gr/~batsakis/Interval-based#19	1
http://www.intelligence.tuc.gr/~batsakis/Interval-based#62 http://www.intelligence.tuc.gr/~batsakis/Interval-based#di_ov_fi http://www.intelligence.tuc.gr/~batsakis/Interval-based#20	1
http://www.intelligence.tuc.gr/~batsakis/Interval-based#62 http://www.intelligence.tuc.gr/~batsakis/Interval-based#si http://www.intelligence.tuc.gr/~batsakis/Interval-based#21	1
http://www.intelligence.tuc.gr/~batsakis/Interval-based#62 http://www.intelligence.tuc.gr/~batsakis/Interval-based#di http://www.intelligence.tuc.gr/~batsakis/Interval-based#22	1
http://www.intelligence.tuc.gr/~batsakis/Interval-based#62 http://www.intelligence.tuc.gr/~batsakis/Interval-based#di_ov_fi http://www.intelligence.tuc.gr/~batsakis/Interval-based#23	1
http://www.intelligence.tuc.gr/~batsakis/Interval-based#62 http://www.intelligence.tuc.gr/~batsakis/Interval-based#di http://www.intelligence.tuc.gr/~batsakis/Interval-based#24	1
http://www.intelligence.tuc.gr/~batsakis/Interval-based#62 http://www.intelligence.tuc.gr/~batsakis/Interval-based#di http://www.intelligence.tuc.gr/~batsakis/Interval-based#25	1
http://www.intelligence.tuc.gr/~batsakis/Interval-based#62 http://www.intelligence.tuc.gr/~batsakis/Interval-based#di http://www.intelligence.tuc.gr/~batsakis/Interval-based#26	1
http://www.intelligence.tuc.gr/~batsakis/Interval-based#62 http://www.intelligence.tuc.gr/~batsakis/Interval-based#di http://www.intelligence.tuc.gr/~batsakis/Interval-based#27	1
http://www.intelligence.tuc.gr/~batsakis/Interval-based#62 http://www.intelligence.tuc.gr/~batsakis/Interval-based#fi http://www.intelligence.tuc.gr/~batsakis/Interval-based#28	1
http://www.intelligence.tuc.gr/~batsakis/Interval-based#62 http://www.intelligence.tuc.gr/~batsakis/Interval-based#oi http://www.intelligence.tuc.gr/~batsakis/Interval-based#29	1
http://www.intelligence.tuc.gr/~batsakis/Interval-based#62 http://www.intelligence.tuc.gr/~batsakis/Interval-based#di_oi_si http://www.intelligence.tuc.gr/~batsakis/Interval-based#30	1
http://www.intelligence.tuc.gr/~batsakis/Interval-based#62 http://www.intelligence.tuc.gr/~batsakis/Interval-based#di http://www.intelligence.tuc.gr/~batsakis/Interval-based#31	1
http://www.intelligence.tuc.gr/~batsakis/Interval-based#62 http://www.intelligence.tuc.gr/~batsakis/Interval-based#di http://www.intelligence.tuc.gr/~batsakis/Interval-based#32	1
http://www.intelligence.tuc.gr/~batsakis/Interval-based#62 http://www.intelligence.tuc.gr/~batsakis/Interval-based#di_ov_fi http://www.intelligence.tuc.gr/~batsakis/Interval-based#33	1
http://www.intelligence.tuc.gr/~batsakis/Interval-based#62 http://www.intelligence.tuc.gr/~batsakis/Interval-based#di http://www.intelligence.tuc.gr/~batsakis/Interval-based#34	1
http://www.intelligence.tuc.gr/~batsakis/Interval-based#62 http://www.intelligence.tuc.gr/~batsakis/Interval-based#di http://www.intelligence.tuc.gr/~batsakis/Interval-based#35	1
http://www.intelligence.tuc.gr/~batsakis/Interval-based#62 http://www.intelligence.tuc.gr/~batsakis/Interval-based#di http://www.intelligence.tuc.gr/~batsakis/Interval-based#36	1
http://www.intelligence.tuc.gr/~batsakis/Interval-based#62 http://www.intelligence.tuc.gr/~batsakis/Interval-based#di http://www.intelligence.tuc.gr/~batsakis/Interval-based#37	1
http://www.intelligence.tuc.gr/~batsakis/Interval-based#62 http://www.intelligence.tuc.gr/~batsakis/Interval-based#oi http://www.intelligence.tuc.gr/~batsakis/Interval-based#38	1
http://www.intelligence.tuc.gr/~batsakis/Interval-based#62 http://www.intelligence.tuc.gr/~batsakis/Interval-based#di http://www.intelligence.tuc.gr/~batsakis/Interval-based#39	1
http://www.intelligence.tuc.gr/~batsakis/Interval-based#62 http://www.intelligence.tuc.gr/~batsakis/Interval-based#di http://www.intelligence.tuc.gr/~batsakis/Interval-based#40	1
http://www.intelligence.tuc.gr/~batsakis/Interval-based#62 http://www.intelligence.tuc.gr/~batsakis/Interval-based#di http://www.intelligence.tuc.gr/~batsakis/Interval-based#41	1
http://www.intelligence.tuc.gr/~batsakis/Interval-based#62 http://www.intelligence.tuc.gr/~batsakis/Interval-based#di_ov_fi http://www.intelligence.tuc.gr/~batsakis/Interval-based#42	1
http://www.intelligence.tuc.gr/~batsakis/Interval-based#62 http://www.intelligence.tuc.gr/~batsakis/Interval-based#di http://www.intelligence.tuc.gr/~batsakis/Interval-based#43	1
http://www.intelligence.tuc.gr/~batsakis/Interval-based#62 http://www.intelligence.tuc.gr/~batsakis/Interval-based#di http://www.intelligence.tuc.gr/~batsakis/Interval-based#44	1
http://www.intelligence.tuc.gr/~batsakis/Interval-based#62 http://www.intelligence.tuc.gr/~batsakis/Interval-based#di http://www.intelligence.tuc.gr/~batsakis/Interval-based#45	1
http://www.intelligence.tuc.gr/~batsakis/Interval-based#62 http://www.intelligence.tuc.gr/~batsakis/Interval-based#di_oi_si http://www.intelligence.tuc.gr/~batsakis/Interval-based#46	1
http://www.intelligence.tuc.gr/~batsakis/Interval-based#62 http://www.intelligence.tuc.gr/~batsakis/Interval-based#di http://www.intelligence.tuc.gr/~batsakis/Interval-based#47	1
http://www.intelligence.tuc.gr/~batsakis/Interval-based#62 http://www.intelligence.tuc.gr/~batsakis/Interval-based#di http://www.intelligence.tuc.gr/~batsakis/Interval-based#48	1
http://www.intelligence.tuc.gr/~batsakis/Interval-based#62 http://www.intelligence.tuc.gr/~batsakis/Interval-based#ov http://www.intelligence.tuc.gr/~batsakis/Interval-based#49	1
http://www.intelligence.tuc.gr/~batsakis/Interval-based#62 http://www.intelligence.tuc.gr/~batsakis/Interval-based#di http://www.intelligence.tuc.gr/~batsakis/Interval-based#50	1
http://www.intelligence.tuc.gr/~batsakis/Interval-based#62 http://www.intelligence.tuc.gr/~batsakis/Interval-based#di http://www.intelligence.tuc.gr/~batsakis/Interval-based#51	1
http://www.intelligence.tuc.gr/~batsakis/Interval-based#62 http://www.intelligence.tuc.gr/~batsakis/Interval-based#di http://www.intelligence.tuc.gr/~batsakis/Interval-based#52	1
http://www.intelligence.tuc.gr/~batsakis/Interval-based#62 http://www.intelligence.tuc.gr/~batsakis/Interval-based#di http://www.intelligence.tuc.gr/~batsakis/Interval-based#53	1
http://www.intelligence.tuc.gr/~batsakis/Interval-based#62 http://www.intelligence.tuc.gr/~batsakis/Interval-based#di http://www.intelligence.tuc.gr/~batsakis/Interval-based#54	1
http://www.intelligence.tuc.gr/~batsakis/Interval-based#62 http://www.intelligence.tuc.gr/~batsakis/Interval-based#di http://www.intelligence.tuc.gr/~batsakis/Interval-based#55	1
http://www.intelligence.tuc.gr/~batsakis/Interval-based#62 http://www.intelligence.tuc.gr/~batsakis/Interval-based#di http://www.intelligence.tuc.gr/~batsakis/Interval-based#56	1
http://www.intelligence.tuc.gr/~batsakis/Interval-based#62 http://www.intelligence.tuc.gr/~batsakis/Interval-based#di http://www.intelligence.tuc.gr/~batsakis/Interval-based#57	1
http://www.intelligence.tuc.gr/~batsakis/Interval-based#62 http://www.intelligence.tuc.gr/~batsakis/Interval-based#oi http://www.intelligence.tuc.gr/~batsakis/Interval-based#58	1
http://www.intelligence.tuc.gr/~batsakis/Interval-based#62 http://www.intelligence.tuc.gr/~batsakis/Interval-based#di http://www.intelligence.tuc.gr/~batsakis/Interval-based#59	1
http://www.intelligence.tuc.gr/~batsakis/Interval-based#62 http://www.intelligence.tuc.gr/~batsakis/Interval-based#di http://www.intelligence.tuc.gr/~batsakis/Interval-based#60	1
http://www.intelligence.tuc.gr/~batsakis/Interval-based#62 http://www.intelligence.tuc.gr/~batsakis/Interval-based#di http://www.intelligence.tuc.gr/~batsakis/Interval-based#61	1
http://www.intelligence.tuc.gr/~batsakis/Interval-based#62 http://www.intelligence.tuc.gr/~batsakis/Interval-based#ov http://www.intelligence.tuc.gr/~batsakis/Interval-based#63	1
http://www.intelligence.tuc.gr/~batsakis/Interval-based#63 http://www.intelligence.tuc.gr/~batsakis/Interval-based#di http://www.intelligence.tuc.gr/~batsakis/Interval-based#0	1
http://www.intelligence.tuc.gr/~batsakis/Interval-based#63 http://www.intelligence.tuc.gr/~batsakis/Interval-based#oi http://www.intelligence.tuc.gr/~batsakis/Interval-based#1	1
http://www.intelligence.tuc.gr/~batsakis/Interval-based#63 http://www.intelligence.tuc.gr/~batsakis/Interval-based#di http://www.intelligence.tuc.gr/~batsakis/Interval-based#2	1
http://www.intelligence.tuc.gr/~batsakis/Interval-based#63 http://www.intelligence.tuc.gr/~batsakis/Interval-based#di_oi_si http://www.intelligence.tuc.gr/~batsakis/Interval-based#3	1
http://www.intelligence.tuc.gr/~batsakis/Interval-based#63 http://www.intelligence.tuc.gr/~batsakis/Interval-based#di http://www.intelligence.tuc.gr/~batsakis/Interval-based#4	1
http://www.intelligence.tuc.gr/~batsakis/Interval-based#63 http://www.intelligence.tuc.gr/~batsakis/Interval-based#a_oi_mi http://www.intelligence.tuc.gr/~batsakis/Interval-based#5	1
http://www.intelligence.tuc.gr/~batsakis/Interval-based#63 http://www.intelligence.tuc.gr/~batsakis/Interval-based#di http://www.intelligence.tuc.gr/~batsakis/Interval-based#6	1
http://www.intelligence.tuc.gr/~batsakis/Interval-based#63 http://www.intelligence.tuc.gr/~batsakis/Interval-based#oi http://www.intelligence.tuc.gr/~batsakis/Interval-based#7	1
http://www.intelligence.tuc.gr/~batsakis/Interval-based#63 http://www.intelligence.tuc.gr/~batsakis/Interval-based#di http://www.intelligence.tuc.gr/~batsakis/Interval-based#8	1
http://www.intelligence.tuc.gr/~batsakis/Interval-based#63 http://www.intelligence.tuc.gr/~batsakis/Interval-based#di_oi_si http://www.intelligence.tuc.gr/~batsakis/Interval-based#9	1
http://www.intelligence.tuc.gr/~batsakis/Interval-based#63 http://www.intelligence.tuc.gr/~batsakis/Interval-based#di_oi_si http://www.intelligence.tuc.gr/~batsakis/Interval-based#10	1
http://www.intelligence.tuc.gr/~batsakis/Interval-based#63 http://www.intelligence.tuc.gr/~batsakis/Interval-based#di_oi_si http://www.intelligence.tuc.gr/~batsakis/Interval-based#11	1
http://www.intelligence.tuc.gr/~batsakis/Interval-based#63 http://www.intelligence.tuc.gr/~batsakis/Interval-based#oi http://www.intelligence.tuc.gr/~batsakis/Interval-based#12	1
http://www.intelligence.tuc.gr/~batsakis/Interval-based#63 http://www.intelligence.tuc.gr/~batsakis/Interval-based#di http://www.intelligence.tuc.gr/~batsakis/Interval-based#13	1
http://www.intelligence.tuc.gr/~batsakis/Interval-based#63 http://www.intelligence.tuc.gr/~batsakis/Interval-based#di_oi_si http://www.intelligence.tuc.gr/~batsakis/Interval-based#14	1
http://www.intelligence.tuc.gr/~batsakis/Interval-based#63 http://www.intelligence.tuc.gr/~batsakis/Interval-based#oi http://www.intelligence.tuc.gr/~batsakis/Interval-based#15	1
http://www.intelligence.tuc.gr/~batsakis/Interval-based#63 http://www.intelligence.tuc.gr/~batsakis/Interval-based#oi http://www.intelligence.tuc.gr/~batsakis/Interval-based#16	1
http://www.intelligence.tuc.gr/~batsakis/Interval-based#63 http://www.intelligence.tuc.gr/~batsakis/Interval-based#di_oi_si http://www.intelligence.tuc.gr/~batsakis/Interval-based#17	1
http://www.intelligence.tuc.gr/~batsakis/Interval-based#63 http://www.intelligence.tuc.gr/~batsakis/Interval-based#b_di_ov_m_fi http://www.intelligence.tuc.gr/~batsakis/Interval-based#18	1
http://www.intelligence.tuc.gr/~batsakis/Interval-based#63 http://www.intelligence.tuc.gr/~batsakis/Interval-based#di_oi_si http://www.intelligence.tuc.gr/~batsakis/Interval-based#19	1
http://www.intelligence.tuc.gr/~batsakis/Interval-based#63 http://www.intelligence.tuc.gr/~batsakis/Interval-based#di_ov_fi http://www.intelligence.tuc.gr/~batsakis/Interval-based#20	1
http://www.intelligence.tuc.gr/~batsakis/Interval-based#63 http://www.intelligence.tuc.gr/~batsakis/Interval-based#oi http://www.intelligence.tuc.gr/~batsakis/Interval-based#21	1
http://www.intelligence.tuc.gr/~batsakis/Interval-based#63 http://www.intelligence.tuc.gr/~batsakis/Interval-based#di http://www.intelligence.tuc.gr/~batsakis/Interval-based#22	1
http://www.intelligence.tuc.gr/~batsakis/Interval-based#63 http://www.intelligence.tuc.gr/~batsakis/Interval-based#di_ov_fi http://www.intelligence.tuc.gr/~batsakis/Interval-based#23	1
http://www.intelligence.tuc.gr/~batsakis/Interval-based#63 http://www.intelligence.tuc.gr/~batsakis/Interval-based#di_oi_si http://www.intelligence.tuc.gr/~batsakis/Interval-based#24	1
http://www.intelligence.tuc.gr/~batsakis/Interval-based#63 http://www.intelligence.tuc.gr/~batsakis/Interval-based#di_oi_si http://www.intelligence.tuc.gr/~batsakis/Interval-based#25	1
http://www.intelligence.tuc.gr/~batsakis/Interval-based#63 http://www.intelligence.tuc.gr/~batsakis/Interval-based#a_di_oi_mi_si http://www.intelligence.tuc.gr/~batsakis/Interval-based#26	1
http://www.intelligence.tuc.gr/~batsakis/Interval-based#63 http://www.intelligence.tuc.gr/~batsakis/Interval-based#di_oi_si http://www.intelligence.tuc.gr/~batsakis/Interval-based#27	1
http://www.intelligence.tuc.gr/~batsakis/Interval-based#63 http://www.intelligence.tuc.gr/~batsakis/Interval-based#di http://www.intelligence.tuc.gr/~batsakis/Interval-based#28	1
http://www.intelligence.tuc.gr/~batsakis/Interval-based#63 http://www.intelligence.tuc.gr/~batsakis/Interval-based#oi http://www.intelligence.tuc.gr/~batsakis/Interval-based#29	1
http://www.intelligence.tuc.gr/~batsakis/Interval-based#63 http://www.intelligence.tuc.gr/~batsakis/Interval-based#oi http://www.intelligence.tuc.gr/~batsakis/Interval-based#30	1
http://www.intelligence.tuc.gr/~batsakis/Interval-based#63 http://www.intelligence.tuc.gr/~batsakis/Interval-based#di_oi_si http://www.intelligence.tuc.gr/~batsakis/Interval-based#31	1
http://www.intelligence.tuc.gr/~batsakis/Interval-based#63 http://www.intelligence.tuc.gr/~batsakis/Interval-based#di_oi_si http://www.intelligence.tuc.gr/~batsakis/Interval-based#32	1
http://www.intelligence.tuc.gr/~batsakis/Interval-based#63 http://www.intelligence.tuc.gr/~batsakis/Interval-based#di_ov_fi http://www.intelligence.tuc.gr/~batsakis/Interval-based#33	1
http://www.intelligence.tuc.gr/~batsakis/Interval-based#63 http://www.intelligence.tuc.gr/~batsakis/Interval-based#oi http://www.intelligence.tuc.gr/~batsakis/Interval-based#34	1
http://www.intelligence.tuc.gr/~batsakis/Interval-based#63 http://www.intelligence.tuc.gr/~batsakis/Interval-based#di_oi_si http://www.intelligence.tuc.gr/~batsakis/Interval-based#35	1
http://www.intelligence.tuc.gr/~batsakis/Interval-based#63 http://www.intelligence.tuc.gr/~batsakis/Interval-based#di_oi_si http://www.intelligence.tuc.gr/~batsakis/Interval-based#36	1
http://www.intelligence.tuc.gr/~batsakis/Interval-based#63 http://www.intelligence.tuc.gr/~batsakis/Interval-based#di_oi_si http://www.intelligence.tuc.gr/~batsakis/Interval-based#37	1
http://www.intelligence.tuc.gr/~batsakis/Interval-based#63 http://www.intelligence.tuc.gr/~batsakis/Interval-based#oi http://www.intelligence.tuc.gr/~batsakis/Interval-based#38	1
http://www.intelligence.tuc.gr/~batsakis/Interval-based#63 http://www.intelligence.tuc.gr/~batsakis/Interval-based#di http://www.intelligence.tuc.gr/~batsakis/Interval-based#39	1
http://www.intelligence.tuc.gr/~batsakis/Interval-based#63 http://www.intelligence.tuc.gr/~batsakis/Interval-based#a_di_oi_mi_si http://www.intelligence.tuc.gr/~batsakis/Interval-based#40	1
http://www.intelligence.tuc.gr/~batsakis/Interval-based#63 http://www.intelligence.tuc.gr/~batsakis/Interval-based#a_di_oi_mi_si http://www.intelligence.tuc.gr/~batsakis/Interval-based#41	1
http://www.intelligence.tuc.gr/~batsakis/Interval-based#63 http://www.intelligence.tuc.gr/~batsakis/Interval-based#d_di_ov_oi_s_si_f_fi_eq http://www.intelligence.tuc.gr/~batsakis/Interval-based#42	1
http://www.intelligence.tuc.gr/~batsakis/Interval-based#63 http://www.intelligence.tuc.gr/~batsakis/Interval-based#oi http://www.intelligence.tuc.gr/~batsakis/Interval-based#43	1
http://www.intelligence.tuc.gr/~batsakis/Interval-based#63 http://www.intelligence.tuc.gr/~batsakis/Interval-based#a_di_oi_mi_si http://www.intelligence.tuc.gr/~batsakis/Interval-based#44	1
http://www.intelligence.tuc.gr/~batsakis/Interval-based#63 http://www.intelligence.tuc.gr/~batsakis/Interval-based#di_oi_si http://www.intelligence.tuc.gr/~batsakis/Interval-based#45	1
http://www.intelligence.tuc.gr/~batsakis/Interval-based#63 http://www.intelligence.tuc.gr/~batsakis/Interval-based#oi http://www.intelligence.tuc.gr/~batsakis/Interval-based#46	1
http://www.intelligence.tuc.gr/~batsakis/Interval-based#63 http://www.intelligence.tuc.gr/~batsakis/Interval-based#di_oi_si http://www.intelligence.tuc.gr/~batsakis/Interval-based#47	1
http://www.intelligence.tuc.gr/~batsakis/Interval-based#63 http://www.intelligence.tuc.gr/~batsakis/Interval-based#di http://www.intelligence.tuc.gr/~batsakis/Interval-based#48	1
http://www.intelligence.tuc.gr/~batsakis/Interval-based#63 http://www.intelligence.tuc.gr/~batsakis/Interval-based#ov http://www.intelligence.tuc.gr/~batsakis/Interval-based#49	1
http://www.intelligence.tuc.gr/~batsakis/Interval-based#63 http://www.intelligence.tuc.gr/~batsakis/Interval-based#di http://www.intelligence.tuc.gr/~batsakis/Interval-based#50	1
http://www.intelligence.tuc.gr/~batsakis/Interval-based#63 http://www.intelligence.tuc.gr/~batsakis/Interval-based#oi http://www.intelligence.tuc.gr/~batsakis/Interval-based#51	1
http://www.intelligence.tuc.gr/~batsakis/Interval-based#63 http://www.intelligence.tuc.gr/~batsakis/Interval-based#di_oi_si http://www.intelligence.tuc.gr/~batsakis/Interval-based#52	1
http://www.intelligence.tuc.gr/~batsakis/Interval-based#63 http://www.intelligence.tuc.gr/~batsakis/Interval-based#di_oi_si http://www.intelligence.tuc.gr/~batsakis/Interval-based#53	1
http://www.intelligence.tuc.gr/~batsakis/Interval-based#63 http://www.intelligence.tuc.gr/~batsakis/Interval-based#di http://www.intelligence.tuc.gr/~batsakis/Interval-based#54	1
http://www.intelligence.tuc.gr/~batsakis/Interval-based#63 http://www.intelligence.tuc.gr/~batsakis/Interval-based#di_oi_si http://www.intelligence.tuc.gr/~batsakis/Interval-based#55	1
http://www.intelligence.tuc.gr/~batsakis/Interval-based#63 http://www.intelligence.tuc.gr/~batsakis/Interval-based#a_di_oi_mi_si http://www.intelligence.tuc.gr/~batsakis/Interval-based#56	1
http://www.intelligence.tuc.gr/~batsakis/Interval-based#63 http://www.intelligence.tuc.gr/~batsakis/Interval-based#oi http://www.intelligence.tuc.gr/~batsakis/Interval-based#57	1
http://www.intelligence.tuc.gr/~batsakis/Interval-based#63 http://www.intelligence.tuc.gr/~batsakis/Interval-based#oi http://www.intelligence.tuc.gr/~batsakis/Interval-based#58	1
http://www.intelligence.tuc.gr/~batsakis/Interval-based#63 http://www.intelligence.tuc.gr/~batsakis/Interval-based#di http://www.intelligence.tuc.gr/~batsakis/Interval-based#59	1
http://www.intelligence.tuc.gr/~batsakis/Interval-based#63 http://www.intelligence.tuc.gr/~batsakis/Interval-based#oi http://www.intelligence.tuc.gr/~batsakis/Interval-based#60	1
http://www.intelligence.tuc.gr/~batsakis/Interval-based#63 http://www.intelligence.tuc.gr/~batsakis/Interval-based#di http://www.intelligence.tuc.gr/~batsakis/Interval-based#61	1
http://www.intelligence.tuc.gr/~batsakis/Interval-based#63 http://www.intelligence.tuc.gr/~batsakis/Interval-based#oi http://www.intelligence.tuc.gr/~batsakis/Interval-based#62	1
