http://ex.org/variable#0 http://www.ibm.com/timex#d http://ex.org/variable#1	1
http://ex.org/variable#0 http://www.ibm.com/timex#d http://ex.org/variable#2	1
http://ex.org/variable#0 http://www.ibm.com/timex#d http://ex.org/variable#3	1
http://ex.org/variable#0 http://www.ibm.com/timex#o_d_s http://ex.org/variable#4	1
http://ex.org/variable#0 http://www.ibm.com/timex#d http://ex.org/variable#5	1
http://ex.org/variable#0 http://www.ibm.com/timex#bi http://ex.org/variable#6	1
http://ex.org/variable#0 http://www.ibm.com/timex#d http://ex.org/variable#7	1
http://ex.org/variable#0 http://www.ibm.com/timex#d http://ex.org/variable#8	1
http://ex.org/variable#0 http://www.ibm.com/timex#d http://ex.org/variable#9	1
http://ex.org/variable#0 http://www.ibm.com/timex#d http://ex.org/variable#10	1
http://ex.org/variable#0 http://www.ibm.com/timex#d http://ex.org/variable#11	1
http://ex.org/variable#0 http://www.ibm.com/timex#bi http://ex.org/variable#12	1
http://ex.org/variable#0 http://www.ibm.com/timex#d http://ex.org/variable#13	1
http://ex.org/variable#0 http://www.ibm.com/timex#d http://ex.org/variable#14	1
http://ex.org/variable#0 http://www.ibm.com/timex#d http://ex.org/variable#15	1
http://ex.org/variable#0 http://www.ibm.com/timex#bi http://ex.org/variable#16	1
http://ex.org/variable#0 http://www.ibm.com/timex#d http://ex.org/variable#17	1
http://ex.org/variable#0 http://www.ibm.com/timex#d http://ex.org/variable#18	1
http://ex.org/variable#0 http://www.ibm.com/timex#bi http://ex.org/variable#19	1
http://ex.org/variable#0 http://www.ibm.com/timex#bi http://ex.org/variable#20	1
http://ex.org/variable#0 http://www.ibm.com/timex#d http://ex.org/variable#21	1
http://ex.org/variable#0 http://www.ibm.com/timex#mi_oi http://ex.org/variable#22	1
http://ex.org/variable#0 http://www.ibm.com/timex#bi http://ex.org/variable#23	1
http://ex.org/variable#0 http://www.ibm.com/timex#o_d_s http://ex.org/variable#24	1
http://ex.org/variable#0 http://www.ibm.com/timex#bi http://ex.org/variable#25	1
http://ex.org/variable#0 http://www.ibm.com/timex#d http://ex.org/variable#26	1
http://ex.org/variable#0 http://www.ibm.com/timex#d http://ex.org/variable#27	1
http://ex.org/variable#0 http://www.ibm.com/timex#d http://ex.org/variable#28	1
http://ex.org/variable#0 http://www.ibm.com/timex#bi_mi_oi_d_f http://ex.org/variable#29	1
http://ex.org/variable#0 http://www.ibm.com/timex#bi http://ex.org/variable#30	1
http://ex.org/variable#0 http://www.ibm.com/timex#bi_mi_oi_di_si http://ex.org/variable#31	1
http://ex.org/variable#0 http://www.ibm.com/timex#d http://ex.org/variable#32	1
http://ex.org/variable#0 http://www.ibm.com/timex#d http://ex.org/variable#33	1
http://ex.org/variable#0 http://www.ibm.com/timex#d http://ex.org/variable#34	1
http://ex.org/variable#0 http://www.ibm.com/timex#bi_oi http://ex.org/variable#35	1
http://ex.org/variable#0 http://www.ibm.com/timex#d http://ex.org/variable#36	1
http://ex.org/variable#0 http://www.ibm.com/timex#bi http://ex.org/variable#37	1
http://ex.org/variable#0 http://www.ibm.com/timex#bi_mi_oi http://ex.org/variable#38	1
http://ex.org/variable#0 http://www.ibm.com/timex#d http://ex.org/variable#39	1
http://ex.org/variable#0 http://www.ibm.com/timex#o_d_s http://ex.org/variable#40	1
http://ex.org/variable#0 http://www.ibm.com/timex#o_d_s http://ex.org/variable#41	1
http://ex.org/variable#0 http://www.ibm.com/timex#d http://ex.org/variable#42	1
http://ex.org/variable#0 http://www.ibm.com/timex#d http://ex.org/variable#43	1
http://ex.org/variable#0 http://www.ibm.com/timex#bi_mi_oi_d_f http://ex.org/variable#44	1
http://ex.org/variable#0 http://www.ibm.com/timex#d http://ex.org/variable#45	1
http://ex.org/variable#0 http://www.ibm.com/timex#d http://ex.org/variable#46	1
http://ex.org/variable#0 http://www.ibm.com/timex#d http://ex.org/variable#47	1
http://ex.org/variable#0 http://www.ibm.com/timex#d http://ex.org/variable#48	1
http://ex.org/variable#0 http://www.ibm.com/timex#d http://ex.org/variable#49	1
http://ex.org/variable#0 http://www.ibm.com/timex#bi http://ex.org/variable#50	1
http://ex.org/variable#0 http://www.ibm.com/timex#d http://ex.org/variable#51	1
http://ex.org/variable#0 http://www.ibm.com/timex#f http://ex.org/variable#52	1
http://ex.org/variable#0 http://www.ibm.com/timex#d http://ex.org/variable#53	1
http://ex.org/variable#0 http://www.ibm.com/timex#d http://ex.org/variable#54	1
http://ex.org/variable#0 http://www.ibm.com/timex#d http://ex.org/variable#55	1
http://ex.org/variable#0 http://www.ibm.com/timex#d http://ex.org/variable#56	1
http://ex.org/variable#0 http://www.ibm.com/timex#d http://ex.org/variable#57	1
http://ex.org/variable#0 http://www.ibm.com/timex#b http://ex.org/variable#58	1
http://ex.org/variable#0 http://www.ibm.com/timex#d http://ex.org/variable#59	1
http://ex.org/variable#0 http://www.ibm.com/timex#d http://ex.org/variable#60	1
http://ex.org/variable#0 http://www.ibm.com/timex#bi http://ex.org/variable#61	1
http://ex.org/variable#0 http://www.ibm.com/timex#d http://ex.org/variable#62	1
http://ex.org/variable#0 http://www.ibm.com/timex#bi http://ex.org/variable#63	1
http://ex.org/variable#0 http://www.ibm.com/timex#d http://ex.org/variable#64	1
http://ex.org/variable#0 http://www.ibm.com/timex#d http://ex.org/variable#65	1
http://ex.org/variable#0 http://www.ibm.com/timex#d http://ex.org/variable#66	1
http://ex.org/variable#0 http://www.ibm.com/timex#bi_mi_oi_d_f http://ex.org/variable#67	1
http://ex.org/variable#0 http://www.ibm.com/timex#d http://ex.org/variable#68	1
http://ex.org/variable#0 http://www.ibm.com/timex#bi http://ex.org/variable#69	1
http://ex.org/variable#0 http://www.ibm.com/timex#d http://ex.org/variable#70	1
http://ex.org/variable#0 http://www.ibm.com/timex#d http://ex.org/variable#71	1
http://ex.org/variable#0 http://www.ibm.com/timex#d http://ex.org/variable#72	1
http://ex.org/variable#0 http://www.ibm.com/timex#d http://ex.org/variable#73	1
http://ex.org/variable#0 http://www.ibm.com/timex#d http://ex.org/variable#74	1
http://ex.org/variable#0 http://www.ibm.com/timex#d_f http://ex.org/variable#75	1
http://ex.org/variable#0 http://www.ibm.com/timex#b_m_o_d_s http://ex.org/variable#76	1
http://ex.org/variable#0 http://www.ibm.com/timex#bi http://ex.org/variable#77	1
http://ex.org/variable#0 http://www.ibm.com/timex#oi http://ex.org/variable#78	1
http://ex.org/variable#0 http://www.ibm.com/timex#d http://ex.org/variable#79	1
http://ex.org/variable#0 http://www.ibm.com/timex#o_d_s http://ex.org/variable#80	1
http://ex.org/variable#0 http://www.ibm.com/timex#bi http://ex.org/variable#81	1
http://ex.org/variable#0 http://www.ibm.com/timex#d http://ex.org/variable#82	1
http://ex.org/variable#0 http://www.ibm.com/timex#d http://ex.org/variable#83	1
http://ex.org/variable#0 http://www.ibm.com/timex#d http://ex.org/variable#84	1
http://ex.org/variable#0 http://www.ibm.com/timex#bi http://ex.org/variable#85	1
http://ex.org/variable#0 http://www.ibm.com/timex#bi_mi_oi_d_f http://ex.org/variable#86	1
http://ex.org/variable#0 http://www.ibm.com/timex#bi_oi http://ex.org/variable#87	1
http://ex.org/variable#0 http://www.ibm.com/timex#d http://ex.org/variable#88	1
http://ex.org/variable#0 http://www.ibm.com/timex#d http://ex.org/variable#89	1
http://ex.org/variable#1 http://www.ibm.com/timex#di http://ex.org/variable#0	1
http://ex.org/variable#1 http://www.ibm.com/timex#o http://ex.org/variable#2	1
http://ex.org/variable#1 http://www.ibm.com/timex#d http://ex.org/variable#3	1
http://ex.org/variable#1 http://www.ibm.com/timex#o_di http://ex.org/variable#4	1
http://ex.org/variable#1 http://www.ibm.com/timex#d http://ex.org/variable#5	1
http://ex.org/variable#1 http://www.ibm.com/timex#di http://ex.org/variable#6	1
http://ex.org/variable#1 http://www.ibm.com/timex#oi http://ex.org/variable#7	1
http://ex.org/variable#1 http://www.ibm.com/timex#d http://ex.org/variable#8	1
http://ex.org/variable#1 http://www.ibm.com/timex#oi http://ex.org/variable#9	1
http://ex.org/variable#1 http://www.ibm.com/timex#d http://ex.org/variable#10	1
http://ex.org/variable#1 http://www.ibm.com/timex#o http://ex.org/variable#11	1
http://ex.org/variable#1 http://www.ibm.com/timex#bi_mi_oi http://ex.org/variable#12	1
http://ex.org/variable#1 http://www.ibm.com/timex#d http://ex.org/variable#13	1
http://ex.org/variable#1 http://www.ibm.com/timex#o http://ex.org/variable#14	1
http://ex.org/variable#1 http://www.ibm.com/timex#d http://ex.org/variable#15	1
http://ex.org/variable#1 http://www.ibm.com/timex#oi http://ex.org/variable#16	1
http://ex.org/variable#1 http://www.ibm.com/timex#d http://ex.org/variable#17	1
http://ex.org/variable#1 http://www.ibm.com/timex#d http://ex.org/variable#18	1
http://ex.org/variable#1 http://www.ibm.com/timex#oi http://ex.org/variable#19	1
http://ex.org/variable#1 http://www.ibm.com/timex#oi http://ex.org/variable#20	1
http://ex.org/variable#1 http://www.ibm.com/timex#oi_d_f http://ex.org/variable#21	1
http://ex.org/variable#1 http://www.ibm.com/timex#di http://ex.org/variable#22	1
http://ex.org/variable#1 http://www.ibm.com/timex#oi http://ex.org/variable#23	1
http://ex.org/variable#1 http://www.ibm.com/timex#o http://ex.org/variable#24	1
http://ex.org/variable#1 http://www.ibm.com/timex#oi http://ex.org/variable#25	1
http://ex.org/variable#1 http://www.ibm.com/timex#d http://ex.org/variable#26	1
http://ex.org/variable#1 http://www.ibm.com/timex#d http://ex.org/variable#27	1
http://ex.org/variable#1 http://www.ibm.com/timex#d http://ex.org/variable#28	1
http://ex.org/variable#1 http://www.ibm.com/timex#oi http://ex.org/variable#29	1
http://ex.org/variable#1 http://www.ibm.com/timex#oi http://ex.org/variable#30	1
http://ex.org/variable#1 http://www.ibm.com/timex#di http://ex.org/variable#31	1
http://ex.org/variable#1 http://www.ibm.com/timex#oi http://ex.org/variable#32	1
http://ex.org/variable#1 http://www.ibm.com/timex#o http://ex.org/variable#33	1
http://ex.org/variable#1 http://www.ibm.com/timex#d http://ex.org/variable#34	1
http://ex.org/variable#1 http://www.ibm.com/timex#oi http://ex.org/variable#35	1
http://ex.org/variable#1 http://www.ibm.com/timex#d http://ex.org/variable#36	1
http://ex.org/variable#1 http://www.ibm.com/timex#di http://ex.org/variable#37	1
http://ex.org/variable#1 http://www.ibm.com/timex#oi http://ex.org/variable#38	1
http://ex.org/variable#1 http://www.ibm.com/timex#oi http://ex.org/variable#39	1
http://ex.org/variable#1 http://www.ibm.com/timex#fi http://ex.org/variable#40	1
http://ex.org/variable#1 http://www.ibm.com/timex#o http://ex.org/variable#41	1
http://ex.org/variable#1 http://www.ibm.com/timex#d http://ex.org/variable#42	1
http://ex.org/variable#1 http://www.ibm.com/timex#d http://ex.org/variable#43	1
http://ex.org/variable#1 http://www.ibm.com/timex#oi http://ex.org/variable#44	1
http://ex.org/variable#1 http://www.ibm.com/timex#oi http://ex.org/variable#45	1
http://ex.org/variable#1 http://www.ibm.com/timex#o_di_fi http://ex.org/variable#46	1
http://ex.org/variable#1 http://www.ibm.com/timex#di http://ex.org/variable#47	1
http://ex.org/variable#1 http://www.ibm.com/timex#d http://ex.org/variable#48	1
http://ex.org/variable#1 http://www.ibm.com/timex#f http://ex.org/variable#49	1
http://ex.org/variable#1 http://www.ibm.com/timex#oi http://ex.org/variable#50	1
http://ex.org/variable#1 http://www.ibm.com/timex#d http://ex.org/variable#51	1
http://ex.org/variable#1 http://www.ibm.com/timex#oi http://ex.org/variable#52	1
http://ex.org/variable#1 http://www.ibm.com/timex#o http://ex.org/variable#53	1
http://ex.org/variable#1 http://www.ibm.com/timex#oi_d http://ex.org/variable#54	1
http://ex.org/variable#1 http://www.ibm.com/timex#oi http://ex.org/variable#55	1
http://ex.org/variable#1 http://www.ibm.com/timex#oi_d_f http://ex.org/variable#56	1
http://ex.org/variable#1 http://www.ibm.com/timex#oi http://ex.org/variable#57	1
http://ex.org/variable#1 http://www.ibm.com/timex#b http://ex.org/variable#58	1
http://ex.org/variable#1 http://www.ibm.com/timex#di_fi http://ex.org/variable#59	1
http://ex.org/variable#1 http://www.ibm.com/timex#d http://ex.org/variable#60	1
http://ex.org/variable#1 http://www.ibm.com/timex#oi http://ex.org/variable#61	1
http://ex.org/variable#1 http://www.ibm.com/timex#o_d_s http://ex.org/variable#62	1
http://ex.org/variable#1 http://www.ibm.com/timex#oi_si http://ex.org/variable#63	1
http://ex.org/variable#1 http://www.ibm.com/timex#d http://ex.org/variable#64	1
http://ex.org/variable#1 http://www.ibm.com/timex#d http://ex.org/variable#65	1
http://ex.org/variable#1 http://www.ibm.com/timex#d http://ex.org/variable#66	1
http://ex.org/variable#1 http://www.ibm.com/timex#oi http://ex.org/variable#67	1
http://ex.org/variable#1 http://www.ibm.com/timex#o http://ex.org/variable#68	1
http://ex.org/variable#1 http://www.ibm.com/timex#oi http://ex.org/variable#69	1
http://ex.org/variable#1 http://www.ibm.com/timex#oi http://ex.org/variable#70	1
http://ex.org/variable#1 http://www.ibm.com/timex#oi http://ex.org/variable#71	1
http://ex.org/variable#1 http://www.ibm.com/timex#oi http://ex.org/variable#72	1
http://ex.org/variable#1 http://www.ibm.com/timex#f http://ex.org/variable#73	1
http://ex.org/variable#1 http://www.ibm.com/timex#d http://ex.org/variable#74	1
http://ex.org/variable#1 http://www.ibm.com/timex#oi http://ex.org/variable#75	1
http://ex.org/variable#1 http://www.ibm.com/timex#o http://ex.org/variable#76	1
http://ex.org/variable#1 http://www.ibm.com/timex#si http://ex.org/variable#77	1
http://ex.org/variable#1 http://www.ibm.com/timex#oi http://ex.org/variable#78	1
http://ex.org/variable#1 http://www.ibm.com/timex#f http://ex.org/variable#79	1
http://ex.org/variable#1 http://www.ibm.com/timex#o http://ex.org/variable#80	1
http://ex.org/variable#1 http://www.ibm.com/timex#oi http://ex.org/variable#81	1
http://ex.org/variable#1 http://www.ibm.com/timex#oi_f http://ex.org/variable#82	1
http://ex.org/variable#1 http://www.ibm.com/timex#d http://ex.org/variable#83	1
http://ex.org/variable#1 http://www.ibm.com/timex#o_d_s http://ex.org/variable#84	1
http://ex.org/variable#1 http://www.ibm.com/timex#oi http://ex.org/variable#85	1
http://ex.org/variable#1 http://www.ibm.com/timex#oi http://ex.org/variable#86	1
http://ex.org/variable#1 http://www.ibm.com/timex#oi http://ex.org/variable#87	1
http://ex.org/variable#1 http://www.ibm.com/timex#o_d_s http://ex.org/variable#88	1
http://ex.org/variable#1 http://www.ibm.com/timex#o http://ex.org/variable#89	1
http://ex.org/variable#2 http://www.ibm.com/timex#di http://ex.org/variable#0	1
http://ex.org/variable#2 http://www.ibm.com/timex#oi http://ex.org/variable#1	1
http://ex.org/variable#2 http://www.ibm.com/timex#d http://ex.org/variable#3	1
http://ex.org/variable#2 http://www.ibm.com/timex#oi_di_si http://ex.org/variable#4	1
http://ex.org/variable#2 http://www.ibm.com/timex#d http://ex.org/variable#5	1
http://ex.org/variable#2 http://www.ibm.com/timex#oi_si http://ex.org/variable#6	1
http://ex.org/variable#2 http://www.ibm.com/timex#oi http://ex.org/variable#7	1
http://ex.org/variable#2 http://www.ibm.com/timex#oi http://ex.org/variable#8	1
http://ex.org/variable#2 http://www.ibm.com/timex#oi http://ex.org/variable#9	1
http://ex.org/variable#2 http://www.ibm.com/timex#oi http://ex.org/variable#10	1
http://ex.org/variable#2 http://www.ibm.com/timex#oi_si http://ex.org/variable#11	1
http://ex.org/variable#2 http://www.ibm.com/timex#bi http://ex.org/variable#12	1
http://ex.org/variable#2 http://www.ibm.com/timex#d_f http://ex.org/variable#13	1
http://ex.org/variable#2 http://www.ibm.com/timex#oi http://ex.org/variable#14	1
http://ex.org/variable#2 http://www.ibm.com/timex#oi http://ex.org/variable#15	1
http://ex.org/variable#2 http://www.ibm.com/timex#oi http://ex.org/variable#16	1
http://ex.org/variable#2 http://www.ibm.com/timex#d http://ex.org/variable#17	1
http://ex.org/variable#2 http://www.ibm.com/timex#d http://ex.org/variable#18	1
http://ex.org/variable#2 http://www.ibm.com/timex#bi_mi http://ex.org/variable#19	1
http://ex.org/variable#2 http://www.ibm.com/timex#bi http://ex.org/variable#20	1
http://ex.org/variable#2 http://www.ibm.com/timex#oi http://ex.org/variable#21	1
http://ex.org/variable#2 http://www.ibm.com/timex#di http://ex.org/variable#22	1
http://ex.org/variable#2 http://www.ibm.com/timex#oi http://ex.org/variable#23	1
http://ex.org/variable#2 http://www.ibm.com/timex#di http://ex.org/variable#24	1
http://ex.org/variable#2 http://www.ibm.com/timex#bi_mi_oi http://ex.org/variable#25	1
http://ex.org/variable#2 http://www.ibm.com/timex#oi_d http://ex.org/variable#26	1
http://ex.org/variable#2 http://www.ibm.com/timex#oi http://ex.org/variable#27	1
http://ex.org/variable#2 http://www.ibm.com/timex#oi_d_f http://ex.org/variable#28	1
http://ex.org/variable#2 http://www.ibm.com/timex#oi http://ex.org/variable#29	1
http://ex.org/variable#2 http://www.ibm.com/timex#bi_mi_oi http://ex.org/variable#30	1
http://ex.org/variable#2 http://www.ibm.com/timex#di http://ex.org/variable#31	1
http://ex.org/variable#2 http://www.ibm.com/timex#oi http://ex.org/variable#32	1
http://ex.org/variable#2 http://www.ibm.com/timex#oi_di_si http://ex.org/variable#33	1
http://ex.org/variable#2 http://www.ibm.com/timex#oi http://ex.org/variable#34	1
http://ex.org/variable#2 http://www.ibm.com/timex#oi http://ex.org/variable#35	1
http://ex.org/variable#2 http://www.ibm.com/timex#oi http://ex.org/variable#36	1
http://ex.org/variable#2 http://www.ibm.com/timex#oi_di_si http://ex.org/variable#37	1
http://ex.org/variable#2 http://www.ibm.com/timex#oi http://ex.org/variable#38	1
http://ex.org/variable#2 http://www.ibm.com/timex#oi http://ex.org/variable#39	1
http://ex.org/variable#2 http://www.ibm.com/timex#di http://ex.org/variable#40	1
http://ex.org/variable#2 http://www.ibm.com/timex#di http://ex.org/variable#41	1
http://ex.org/variable#2 http://www.ibm.com/timex#oi http://ex.org/variable#42	1
http://ex.org/variable#2 http://www.ibm.com/timex#oi_d http://ex.org/variable#43	1
http://ex.org/variable#2 http://www.ibm.com/timex#bi_mi_oi http://ex.org/variable#44	1
http://ex.org/variable#2 http://www.ibm.com/timex#oi http://ex.org/variable#45	1
http://ex.org/variable#2 http://www.ibm.com/timex#oi_si http://ex.org/variable#46	1
http://ex.org/variable#2 http://www.ibm.com/timex#oi_di_si http://ex.org/variable#47	1
http://ex.org/variable#2 http://www.ibm.com/timex#oi http://ex.org/variable#48	1
http://ex.org/variable#2 http://www.ibm.com/timex#oi http://ex.org/variable#49	1
http://ex.org/variable#2 http://www.ibm.com/timex#bi_mi_oi http://ex.org/variable#50	1
http://ex.org/variable#2 http://www.ibm.com/timex#oi http://ex.org/variable#51	1
http://ex.org/variable#2 http://www.ibm.com/timex#oi http://ex.org/variable#52	1
http://ex.org/variable#2 http://www.ibm.com/timex#eq_o_oi_d_di_s_si_f_fi http://ex.org/variable#53	1
http://ex.org/variable#2 http://www.ibm.com/timex#oi http://ex.org/variable#54	1
http://ex.org/variable#2 http://www.ibm.com/timex#oi http://ex.org/variable#55	1
http://ex.org/variable#2 http://www.ibm.com/timex#oi http://ex.org/variable#56	1
http://ex.org/variable#2 http://www.ibm.com/timex#oi http://ex.org/variable#57	1
http://ex.org/variable#2 http://www.ibm.com/timex#o_fi http://ex.org/variable#58	1
http://ex.org/variable#2 http://www.ibm.com/timex#di http://ex.org/variable#59	1
http://ex.org/variable#2 http://www.ibm.com/timex#d http://ex.org/variable#60	1
http://ex.org/variable#2 http://www.ibm.com/timex#oi http://ex.org/variable#61	1
http://ex.org/variable#2 http://www.ibm.com/timex#d http://ex.org/variable#62	1
http://ex.org/variable#2 http://www.ibm.com/timex#bi_mi_oi http://ex.org/variable#63	1
http://ex.org/variable#2 http://www.ibm.com/timex#oi_d_f http://ex.org/variable#64	1
http://ex.org/variable#2 http://www.ibm.com/timex#oi http://ex.org/variable#65	1
http://ex.org/variable#2 http://www.ibm.com/timex#oi http://ex.org/variable#66	1
http://ex.org/variable#2 http://www.ibm.com/timex#oi http://ex.org/variable#67	1
http://ex.org/variable#2 http://www.ibm.com/timex#oi_si http://ex.org/variable#68	1
http://ex.org/variable#2 http://www.ibm.com/timex#bi_mi_oi http://ex.org/variable#69	1
http://ex.org/variable#2 http://www.ibm.com/timex#oi http://ex.org/variable#70	1
http://ex.org/variable#2 http://www.ibm.com/timex#oi http://ex.org/variable#71	1
http://ex.org/variable#2 http://www.ibm.com/timex#oi http://ex.org/variable#72	1
http://ex.org/variable#2 http://www.ibm.com/timex#oi http://ex.org/variable#73	1
http://ex.org/variable#2 http://www.ibm.com/timex#oi_d_f http://ex.org/variable#74	1
http://ex.org/variable#2 http://www.ibm.com/timex#oi http://ex.org/variable#75	1
http://ex.org/variable#2 http://www.ibm.com/timex#o_di_fi http://ex.org/variable#76	1
http://ex.org/variable#2 http://www.ibm.com/timex#bi_mi_oi http://ex.org/variable#77	1
http://ex.org/variable#2 http://www.ibm.com/timex#oi http://ex.org/variable#78	1
http://ex.org/variable#2 http://www.ibm.com/timex#oi http://ex.org/variable#79	1
http://ex.org/variable#2 http://www.ibm.com/timex#o http://ex.org/variable#80	1
http://ex.org/variable#2 http://www.ibm.com/timex#oi http://ex.org/variable#81	1
http://ex.org/variable#2 http://www.ibm.com/timex#oi http://ex.org/variable#82	1
http://ex.org/variable#2 http://www.ibm.com/timex#oi_d_f http://ex.org/variable#83	1
http://ex.org/variable#2 http://www.ibm.com/timex#eq_o_oi_d_di_s_si_f_fi http://ex.org/variable#84	1
http://ex.org/variable#2 http://www.ibm.com/timex#oi http://ex.org/variable#85	1
http://ex.org/variable#2 http://www.ibm.com/timex#oi http://ex.org/variable#86	1
http://ex.org/variable#2 http://www.ibm.com/timex#oi http://ex.org/variable#87	1
http://ex.org/variable#2 http://www.ibm.com/timex#oi_di_si http://ex.org/variable#88	1
http://ex.org/variable#2 http://www.ibm.com/timex#o_di_fi http://ex.org/variable#89	1
http://ex.org/variable#3 http://www.ibm.com/timex#di http://ex.org/variable#0	1
http://ex.org/variable#3 http://www.ibm.com/timex#di http://ex.org/variable#1	1
http://ex.org/variable#3 http://www.ibm.com/timex#di http://ex.org/variable#2	1
http://ex.org/variable#3 http://www.ibm.com/timex#di http://ex.org/variable#4	1
http://ex.org/variable#3 http://www.ibm.com/timex#d http://ex.org/variable#5	1
http://ex.org/variable#3 http://www.ibm.com/timex#di http://ex.org/variable#6	1
http://ex.org/variable#3 http://www.ibm.com/timex#di http://ex.org/variable#7	1
http://ex.org/variable#3 http://www.ibm.com/timex#oi http://ex.org/variable#8	1
http://ex.org/variable#3 http://www.ibm.com/timex#oi http://ex.org/variable#9	1
http://ex.org/variable#3 http://www.ibm.com/timex#oi http://ex.org/variable#10	1
http://ex.org/variable#3 http://www.ibm.com/timex#di http://ex.org/variable#11	1
http://ex.org/variable#3 http://www.ibm.com/timex#oi http://ex.org/variable#12	1
http://ex.org/variable#3 http://www.ibm.com/timex#oi http://ex.org/variable#13	1
http://ex.org/variable#3 http://www.ibm.com/timex#di http://ex.org/variable#14	1
http://ex.org/variable#3 http://www.ibm.com/timex#di http://ex.org/variable#15	1
http://ex.org/variable#3 http://www.ibm.com/timex#oi http://ex.org/variable#16	1
http://ex.org/variable#3 http://www.ibm.com/timex#o_fi http://ex.org/variable#17	1
http://ex.org/variable#3 http://www.ibm.com/timex#oi_d_f http://ex.org/variable#18	1
http://ex.org/variable#3 http://www.ibm.com/timex#oi http://ex.org/variable#19	1
http://ex.org/variable#3 http://www.ibm.com/timex#oi http://ex.org/variable#20	1
http://ex.org/variable#3 http://www.ibm.com/timex#oi http://ex.org/variable#21	1
http://ex.org/variable#3 http://www.ibm.com/timex#di http://ex.org/variable#22	1
http://ex.org/variable#3 http://www.ibm.com/timex#oi http://ex.org/variable#23	1
http://ex.org/variable#3 http://www.ibm.com/timex#di http://ex.org/variable#24	1
http://ex.org/variable#3 http://www.ibm.com/timex#si http://ex.org/variable#25	1
http://ex.org/variable#3 http://www.ibm.com/timex#oi http://ex.org/variable#26	1
http://ex.org/variable#3 http://www.ibm.com/timex#oi http://ex.org/variable#27	1
http://ex.org/variable#3 http://www.ibm.com/timex#oi_d_f http://ex.org/variable#28	1
http://ex.org/variable#3 http://www.ibm.com/timex#di http://ex.org/variable#29	1
http://ex.org/variable#3 http://www.ibm.com/timex#oi http://ex.org/variable#30	1
http://ex.org/variable#3 http://www.ibm.com/timex#di http://ex.org/variable#31	1
http://ex.org/variable#3 http://www.ibm.com/timex#oi http://ex.org/variable#32	1
http://ex.org/variable#3 http://www.ibm.com/timex#di http://ex.org/variable#33	1
http://ex.org/variable#3 http://www.ibm.com/timex#di http://ex.org/variable#34	1
http://ex.org/variable#3 http://www.ibm.com/timex#si http://ex.org/variable#35	1
http://ex.org/variable#3 http://www.ibm.com/timex#oi_di_si http://ex.org/variable#36	1
http://ex.org/variable#3 http://www.ibm.com/timex#di http://ex.org/variable#37	1
http://ex.org/variable#3 http://www.ibm.com/timex#oi http://ex.org/variable#38	1
http://ex.org/variable#3 http://www.ibm.com/timex#oi http://ex.org/variable#39	1
http://ex.org/variable#3 http://www.ibm.com/timex#di http://ex.org/variable#40	1
http://ex.org/variable#3 http://www.ibm.com/timex#di http://ex.org/variable#41	1
http://ex.org/variable#3 http://www.ibm.com/timex#oi http://ex.org/variable#42	1
http://ex.org/variable#3 http://www.ibm.com/timex#oi http://ex.org/variable#43	1
http://ex.org/variable#3 http://www.ibm.com/timex#di http://ex.org/variable#44	1
http://ex.org/variable#3 http://www.ibm.com/timex#oi http://ex.org/variable#45	1
http://ex.org/variable#3 http://www.ibm.com/timex#di http://ex.org/variable#46	1
http://ex.org/variable#3 http://www.ibm.com/timex#di http://ex.org/variable#47	1
http://ex.org/variable#3 http://www.ibm.com/timex#di http://ex.org/variable#48	1
http://ex.org/variable#3 http://www.ibm.com/timex#oi http://ex.org/variable#49	1
http://ex.org/variable#3 http://www.ibm.com/timex#di http://ex.org/variable#50	1
http://ex.org/variable#3 http://www.ibm.com/timex#oi http://ex.org/variable#51	1
http://ex.org/variable#3 http://www.ibm.com/timex#oi http://ex.org/variable#52	1
http://ex.org/variable#3 http://www.ibm.com/timex#di http://ex.org/variable#53	1
http://ex.org/variable#3 http://www.ibm.com/timex#oi http://ex.org/variable#54	1
http://ex.org/variable#3 http://www.ibm.com/timex#oi http://ex.org/variable#55	1
http://ex.org/variable#3 http://www.ibm.com/timex#di http://ex.org/variable#56	1
http://ex.org/variable#3 http://www.ibm.com/timex#oi http://ex.org/variable#57	1
http://ex.org/variable#3 http://www.ibm.com/timex#di http://ex.org/variable#58	1
http://ex.org/variable#3 http://www.ibm.com/timex#di http://ex.org/variable#59	1
http://ex.org/variable#3 http://www.ibm.com/timex#oi_d_f http://ex.org/variable#60	1
http://ex.org/variable#3 http://www.ibm.com/timex#oi http://ex.org/variable#61	1
http://ex.org/variable#3 http://www.ibm.com/timex#o http://ex.org/variable#62	1
http://ex.org/variable#3 http://www.ibm.com/timex#di http://ex.org/variable#63	1
http://ex.org/variable#3 http://www.ibm.com/timex#di http://ex.org/variable#64	1
http://ex.org/variable#3 http://www.ibm.com/timex#di http://ex.org/variable#65	1
http://ex.org/variable#3 http://www.ibm.com/timex#oi http://ex.org/variable#66	1
http://ex.org/variable#3 http://www.ibm.com/timex#oi http://ex.org/variable#67	1
http://ex.org/variable#3 http://www.ibm.com/timex#di http://ex.org/variable#68	1
http://ex.org/variable#3 http://www.ibm.com/timex#oi http://ex.org/variable#69	1
http://ex.org/variable#3 http://www.ibm.com/timex#oi http://ex.org/variable#70	1
http://ex.org/variable#3 http://www.ibm.com/timex#oi http://ex.org/variable#71	1
http://ex.org/variable#3 http://www.ibm.com/timex#di_si http://ex.org/variable#72	1
http://ex.org/variable#3 http://www.ibm.com/timex#oi http://ex.org/variable#73	1
http://ex.org/variable#3 http://www.ibm.com/timex#oi http://ex.org/variable#74	1
http://ex.org/variable#3 http://www.ibm.com/timex#di http://ex.org/variable#75	1
http://ex.org/variable#3 http://www.ibm.com/timex#di http://ex.org/variable#76	1
http://ex.org/variable#3 http://www.ibm.com/timex#di http://ex.org/variable#77	1
http://ex.org/variable#3 http://www.ibm.com/timex#oi http://ex.org/variable#78	1
http://ex.org/variable#3 http://www.ibm.com/timex#oi http://ex.org/variable#79	1
http://ex.org/variable#3 http://www.ibm.com/timex#o http://ex.org/variable#80	1
http://ex.org/variable#3 http://www.ibm.com/timex#oi http://ex.org/variable#81	1
http://ex.org/variable#3 http://www.ibm.com/timex#oi http://ex.org/variable#82	1
http://ex.org/variable#3 http://www.ibm.com/timex#di http://ex.org/variable#83	1
http://ex.org/variable#3 http://www.ibm.com/timex#di http://ex.org/variable#84	1
http://ex.org/variable#3 http://www.ibm.com/timex#si http://ex.org/variable#85	1
http://ex.org/variable#3 http://www.ibm.com/timex#oi http://ex.org/variable#86	1
http://ex.org/variable#3 http://www.ibm.com/timex#si http://ex.org/variable#87	1
http://ex.org/variable#3 http://www.ibm.com/timex#oi_di_si http://ex.org/variable#88	1
http://ex.org/variable#3 http://www.ibm.com/timex#o_di_fi http://ex.org/variable#89	1
http://ex.org/variable#4 http://www.ibm.com/timex#oi_di_si http://ex.org/variable#0	1
http://ex.org/variable#4 http://www.ibm.com/timex#oi_d http://ex.org/variable#1	1
http://ex.org/variable#4 http://www.ibm.com/timex#o_d_s http://ex.org/variable#2	1
http://ex.org/variable#4 http://www.ibm.com/timex#d http://ex.org/variable#3	1
http://ex.org/variable#4 http://www.ibm.com/timex#d http://ex.org/variable#5	1
http://ex.org/variable#4 http://www.ibm.com/timex#bi_mi_oi http://ex.org/variable#6	1
http://ex.org/variable#4 http://www.ibm.com/timex#oi http://ex.org/variable#7	1
http://ex.org/variable#4 http://www.ibm.com/timex#d http://ex.org/variable#8	1
http://ex.org/variable#4 http://www.ibm.com/timex#oi_d_f http://ex.org/variable#9	1
http://ex.org/variable#4 http://www.ibm.com/timex#d http://ex.org/variable#10	1
http://ex.org/variable#4 http://www.ibm.com/timex#d http://ex.org/variable#11	1
http://ex.org/variable#4 http://www.ibm.com/timex#bi http://ex.org/variable#12	1
http://ex.org/variable#4 http://www.ibm.com/timex#d http://ex.org/variable#13	1
http://ex.org/variable#4 http://www.ibm.com/timex#d http://ex.org/variable#14	1
http://ex.org/variable#4 http://www.ibm.com/timex#d http://ex.org/variable#15	1
http://ex.org/variable#4 http://www.ibm.com/timex#bi_mi_oi http://ex.org/variable#16	1
http://ex.org/variable#4 http://www.ibm.com/timex#d http://ex.org/variable#17	1
http://ex.org/variable#4 http://www.ibm.com/timex#d http://ex.org/variable#18	1
http://ex.org/variable#4 http://www.ibm.com/timex#bi http://ex.org/variable#19	1
http://ex.org/variable#4 http://www.ibm.com/timex#bi http://ex.org/variable#20	1
http://ex.org/variable#4 http://www.ibm.com/timex#oi_d_f http://ex.org/variable#21	1
http://ex.org/variable#4 http://www.ibm.com/timex#oi_di_si http://ex.org/variable#22	1
http://ex.org/variable#4 http://www.ibm.com/timex#bi_mi_oi http://ex.org/variable#23	1
http://ex.org/variable#4 http://www.ibm.com/timex#o_d_s http://ex.org/variable#24	1
http://ex.org/variable#4 http://www.ibm.com/timex#bi_mi http://ex.org/variable#25	1
http://ex.org/variable#4 http://www.ibm.com/timex#d http://ex.org/variable#26	1
http://ex.org/variable#4 http://www.ibm.com/timex#d http://ex.org/variable#27	1
http://ex.org/variable#4 http://www.ibm.com/timex#d http://ex.org/variable#28	1
http://ex.org/variable#4 http://www.ibm.com/timex#bi_mi_oi_d_f http://ex.org/variable#29	1
http://ex.org/variable#4 http://www.ibm.com/timex#bi_mi_oi http://ex.org/variable#30	1
http://ex.org/variable#4 http://www.ibm.com/timex#di http://ex.org/variable#31	1
http://ex.org/variable#4 http://www.ibm.com/timex#oi_d_f http://ex.org/variable#32	1
http://ex.org/variable#4 http://www.ibm.com/timex#o_d_s http://ex.org/variable#33	1
http://ex.org/variable#4 http://www.ibm.com/timex#d http://ex.org/variable#34	1
http://ex.org/variable#4 http://www.ibm.com/timex#oi http://ex.org/variable#35	1
http://ex.org/variable#4 http://www.ibm.com/timex#d http://ex.org/variable#36	1
http://ex.org/variable#4 http://www.ibm.com/timex#bi_oi_si http://ex.org/variable#37	1
http://ex.org/variable#4 http://www.ibm.com/timex#oi http://ex.org/variable#38	1
http://ex.org/variable#4 http://www.ibm.com/timex#oi http://ex.org/variable#39	1
http://ex.org/variable#4 http://www.ibm.com/timex#o_oi_d_di_s_si http://ex.org/variable#40	1
http://ex.org/variable#4 http://www.ibm.com/timex#o http://ex.org/variable#41	1
http://ex.org/variable#4 http://www.ibm.com/timex#d http://ex.org/variable#42	1
http://ex.org/variable#4 http://www.ibm.com/timex#d http://ex.org/variable#43	1
http://ex.org/variable#4 http://www.ibm.com/timex#bi_mi_oi http://ex.org/variable#44	1
http://ex.org/variable#4 http://www.ibm.com/timex#oi_d_f http://ex.org/variable#45	1
http://ex.org/variable#4 http://www.ibm.com/timex#d http://ex.org/variable#46	1
http://ex.org/variable#4 http://www.ibm.com/timex#eq_oi_d_s_si_f http://ex.org/variable#47	1
http://ex.org/variable#4 http://www.ibm.com/timex#d http://ex.org/variable#48	1
http://ex.org/variable#4 http://www.ibm.com/timex#oi_d http://ex.org/variable#49	1
http://ex.org/variable#4 http://www.ibm.com/timex#bi_mi http://ex.org/variable#50	1
http://ex.org/variable#4 http://www.ibm.com/timex#d http://ex.org/variable#51	1
http://ex.org/variable#4 http://www.ibm.com/timex#oi http://ex.org/variable#52	1
http://ex.org/variable#4 http://www.ibm.com/timex#d http://ex.org/variable#53	1
http://ex.org/variable#4 http://www.ibm.com/timex#oi_d_f http://ex.org/variable#54	1
http://ex.org/variable#4 http://www.ibm.com/timex#oi_d_f http://ex.org/variable#55	1
http://ex.org/variable#4 http://www.ibm.com/timex#oi_d_f http://ex.org/variable#56	1
http://ex.org/variable#4 http://www.ibm.com/timex#oi http://ex.org/variable#57	1
http://ex.org/variable#4 http://www.ibm.com/timex#b http://ex.org/variable#58	1
http://ex.org/variable#4 http://www.ibm.com/timex#o_oi_d_di_s_si http://ex.org/variable#59	1
http://ex.org/variable#4 http://www.ibm.com/timex#d http://ex.org/variable#60	1
http://ex.org/variable#4 http://www.ibm.com/timex#bi_oi http://ex.org/variable#61	1
http://ex.org/variable#4 http://www.ibm.com/timex#d http://ex.org/variable#62	1
http://ex.org/variable#4 http://www.ibm.com/timex#bi_mi_oi http://ex.org/variable#63	1
http://ex.org/variable#4 http://www.ibm.com/timex#d http://ex.org/variable#64	1
http://ex.org/variable#4 http://www.ibm.com/timex#d http://ex.org/variable#65	1
http://ex.org/variable#4 http://www.ibm.com/timex#d http://ex.org/variable#66	1
http://ex.org/variable#4 http://www.ibm.com/timex#oi http://ex.org/variable#67	1
http://ex.org/variable#4 http://www.ibm.com/timex#d http://ex.org/variable#68	1
http://ex.org/variable#4 http://www.ibm.com/timex#bi_mi_oi http://ex.org/variable#69	1
http://ex.org/variable#4 http://www.ibm.com/timex#oi_d_f http://ex.org/variable#70	1
http://ex.org/variable#4 http://www.ibm.com/timex#oi_d_f http://ex.org/variable#71	1
http://ex.org/variable#4 http://www.ibm.com/timex#oi http://ex.org/variable#72	1
http://ex.org/variable#4 http://www.ibm.com/timex#oi_d http://ex.org/variable#73	1
http://ex.org/variable#4 http://www.ibm.com/timex#d http://ex.org/variable#74	1
http://ex.org/variable#4 http://www.ibm.com/timex#oi http://ex.org/variable#75	1
http://ex.org/variable#4 http://www.ibm.com/timex#b_m_o_d_s http://ex.org/variable#76	1
http://ex.org/variable#4 http://www.ibm.com/timex#bi_mi http://ex.org/variable#77	1
http://ex.org/variable#4 http://www.ibm.com/timex#oi http://ex.org/variable#78	1
http://ex.org/variable#4 http://www.ibm.com/timex#oi_d http://ex.org/variable#79	1
http://ex.org/variable#4 http://www.ibm.com/timex#o_d_s http://ex.org/variable#80	1
http://ex.org/variable#4 http://www.ibm.com/timex#bi_oi http://ex.org/variable#81	1
http://ex.org/variable#4 http://www.ibm.com/timex#oi_d http://ex.org/variable#82	1
http://ex.org/variable#4 http://www.ibm.com/timex#d http://ex.org/variable#83	1
http://ex.org/variable#4 http://www.ibm.com/timex#d http://ex.org/variable#84	1
http://ex.org/variable#4 http://www.ibm.com/timex#bi_mi_oi http://ex.org/variable#85	1
http://ex.org/variable#4 http://www.ibm.com/timex#oi http://ex.org/variable#86	1
http://ex.org/variable#4 http://www.ibm.com/timex#oi http://ex.org/variable#87	1
http://ex.org/variable#4 http://www.ibm.com/timex#o_d_s http://ex.org/variable#88	1
http://ex.org/variable#4 http://www.ibm.com/timex#o_d_s http://ex.org/variable#89	1
http://ex.org/variable#5 http://www.ibm.com/timex#di http://ex.org/variable#0	1
http://ex.org/variable#5 http://www.ibm.com/timex#di http://ex.org/variable#1	1
http://ex.org/variable#5 http://www.ibm.com/timex#di http://ex.org/variable#2	1
http://ex.org/variable#5 http://www.ibm.com/timex#di http://ex.org/variable#3	1
http://ex.org/variable#5 http://www.ibm.com/timex#di http://ex.org/variable#4	1
http://ex.org/variable#5 http://www.ibm.com/timex#di http://ex.org/variable#6	1
http://ex.org/variable#5 http://www.ibm.com/timex#di http://ex.org/variable#7	1
http://ex.org/variable#5 http://www.ibm.com/timex#oi http://ex.org/variable#8	1
http://ex.org/variable#5 http://www.ibm.com/timex#oi http://ex.org/variable#9	1
http://ex.org/variable#5 http://www.ibm.com/timex#oi http://ex.org/variable#10	1
http://ex.org/variable#5 http://www.ibm.com/timex#di http://ex.org/variable#11	1
http://ex.org/variable#5 http://www.ibm.com/timex#oi_di http://ex.org/variable#12	1
http://ex.org/variable#5 http://www.ibm.com/timex#oi http://ex.org/variable#13	1
http://ex.org/variable#5 http://www.ibm.com/timex#di http://ex.org/variable#14	1
http://ex.org/variable#5 http://www.ibm.com/timex#di http://ex.org/variable#15	1
http://ex.org/variable#5 http://www.ibm.com/timex#di http://ex.org/variable#16	1
http://ex.org/variable#5 http://www.ibm.com/timex#di http://ex.org/variable#17	1
http://ex.org/variable#5 http://www.ibm.com/timex#oi http://ex.org/variable#18	1
http://ex.org/variable#5 http://www.ibm.com/timex#di_si http://ex.org/variable#19	1
http://ex.org/variable#5 http://www.ibm.com/timex#oi_di http://ex.org/variable#20	1
http://ex.org/variable#5 http://www.ibm.com/timex#oi_di_si http://ex.org/variable#21	1
http://ex.org/variable#5 http://www.ibm.com/timex#di http://ex.org/variable#22	1
http://ex.org/variable#5 http://www.ibm.com/timex#oi http://ex.org/variable#23	1
http://ex.org/variable#5 http://www.ibm.com/timex#di http://ex.org/variable#24	1
http://ex.org/variable#5 http://www.ibm.com/timex#di http://ex.org/variable#25	1
http://ex.org/variable#5 http://www.ibm.com/timex#oi http://ex.org/variable#26	1
http://ex.org/variable#5 http://www.ibm.com/timex#di http://ex.org/variable#27	1
http://ex.org/variable#5 http://www.ibm.com/timex#oi_d_f http://ex.org/variable#28	1
http://ex.org/variable#5 http://www.ibm.com/timex#di http://ex.org/variable#29	1
http://ex.org/variable#5 http://www.ibm.com/timex#di http://ex.org/variable#30	1
http://ex.org/variable#5 http://www.ibm.com/timex#di http://ex.org/variable#31	1
http://ex.org/variable#5 http://www.ibm.com/timex#oi http://ex.org/variable#32	1
http://ex.org/variable#5 http://www.ibm.com/timex#di http://ex.org/variable#33	1
http://ex.org/variable#5 http://www.ibm.com/timex#di http://ex.org/variable#34	1
http://ex.org/variable#5 http://www.ibm.com/timex#di http://ex.org/variable#35	1
http://ex.org/variable#5 http://www.ibm.com/timex#di http://ex.org/variable#36	1
http://ex.org/variable#5 http://www.ibm.com/timex#di http://ex.org/variable#37	1
http://ex.org/variable#5 http://www.ibm.com/timex#di http://ex.org/variable#38	1
http://ex.org/variable#5 http://www.ibm.com/timex#oi_di_si http://ex.org/variable#39	1
http://ex.org/variable#5 http://www.ibm.com/timex#di http://ex.org/variable#40	1
http://ex.org/variable#5 http://www.ibm.com/timex#di http://ex.org/variable#41	1
http://ex.org/variable#5 http://www.ibm.com/timex#oi http://ex.org/variable#42	1
http://ex.org/variable#5 http://www.ibm.com/timex#oi http://ex.org/variable#43	1
http://ex.org/variable#5 http://www.ibm.com/timex#di http://ex.org/variable#44	1
http://ex.org/variable#5 http://www.ibm.com/timex#oi http://ex.org/variable#45	1
http://ex.org/variable#5 http://www.ibm.com/timex#di http://ex.org/variable#46	1
http://ex.org/variable#5 http://www.ibm.com/timex#di http://ex.org/variable#47	1
http://ex.org/variable#5 http://www.ibm.com/timex#di http://ex.org/variable#48	1
http://ex.org/variable#5 http://www.ibm.com/timex#oi http://ex.org/variable#49	1
http://ex.org/variable#5 http://www.ibm.com/timex#di http://ex.org/variable#50	1
http://ex.org/variable#5 http://www.ibm.com/timex#oi_di http://ex.org/variable#51	1
http://ex.org/variable#5 http://www.ibm.com/timex#oi http://ex.org/variable#52	1
http://ex.org/variable#5 http://www.ibm.com/timex#di http://ex.org/variable#53	1
http://ex.org/variable#5 http://www.ibm.com/timex#oi http://ex.org/variable#54	1
http://ex.org/variable#5 http://www.ibm.com/timex#oi_di_si http://ex.org/variable#55	1
http://ex.org/variable#5 http://www.ibm.com/timex#di http://ex.org/variable#56	1
http://ex.org/variable#5 http://www.ibm.com/timex#di http://ex.org/variable#57	1
http://ex.org/variable#5 http://www.ibm.com/timex#di http://ex.org/variable#58	1
http://ex.org/variable#5 http://www.ibm.com/timex#di http://ex.org/variable#59	1
http://ex.org/variable#5 http://www.ibm.com/timex#oi http://ex.org/variable#60	1
http://ex.org/variable#5 http://www.ibm.com/timex#di http://ex.org/variable#61	1
http://ex.org/variable#5 http://www.ibm.com/timex#di http://ex.org/variable#62	1
http://ex.org/variable#5 http://www.ibm.com/timex#di http://ex.org/variable#63	1
http://ex.org/variable#5 http://www.ibm.com/timex#di http://ex.org/variable#64	1
http://ex.org/variable#5 http://www.ibm.com/timex#di http://ex.org/variable#65	1
http://ex.org/variable#5 http://www.ibm.com/timex#di http://ex.org/variable#66	1
http://ex.org/variable#5 http://www.ibm.com/timex#oi http://ex.org/variable#67	1
http://ex.org/variable#5 http://www.ibm.com/timex#di http://ex.org/variable#68	1
http://ex.org/variable#5 http://www.ibm.com/timex#oi http://ex.org/variable#69	1
http://ex.org/variable#5 http://www.ibm.com/timex#di_si http://ex.org/variable#70	1
http://ex.org/variable#5 http://www.ibm.com/timex#oi http://ex.org/variable#71	1
http://ex.org/variable#5 http://www.ibm.com/timex#di http://ex.org/variable#72	1
http://ex.org/variable#5 http://www.ibm.com/timex#di http://ex.org/variable#73	1
http://ex.org/variable#5 http://www.ibm.com/timex#di http://ex.org/variable#74	1
http://ex.org/variable#5 http://www.ibm.com/timex#di http://ex.org/variable#75	1
http://ex.org/variable#5 http://www.ibm.com/timex#di http://ex.org/variable#76	1
http://ex.org/variable#5 http://www.ibm.com/timex#di http://ex.org/variable#77	1
http://ex.org/variable#5 http://www.ibm.com/timex#oi http://ex.org/variable#78	1
http://ex.org/variable#5 http://www.ibm.com/timex#oi http://ex.org/variable#79	1
http://ex.org/variable#5 http://www.ibm.com/timex#o_fi http://ex.org/variable#80	1
http://ex.org/variable#5 http://www.ibm.com/timex#oi http://ex.org/variable#81	1
http://ex.org/variable#5 http://www.ibm.com/timex#oi_di_si http://ex.org/variable#82	1
http://ex.org/variable#5 http://www.ibm.com/timex#di http://ex.org/variable#83	1
http://ex.org/variable#5 http://www.ibm.com/timex#di http://ex.org/variable#84	1
http://ex.org/variable#5 http://www.ibm.com/timex#di http://ex.org/variable#85	1
http://ex.org/variable#5 http://www.ibm.com/timex#oi http://ex.org/variable#86	1
http://ex.org/variable#5 http://www.ibm.com/timex#di http://ex.org/variable#87	1
http://ex.org/variable#5 http://www.ibm.com/timex#di_si http://ex.org/variable#88	1
http://ex.org/variable#5 http://www.ibm.com/timex#di http://ex.org/variable#89	1
http://ex.org/variable#6 http://www.ibm.com/timex#b http://ex.org/variable#0	1
http://ex.org/variable#6 http://www.ibm.com/timex#d http://ex.org/variable#1	1
http://ex.org/variable#6 http://www.ibm.com/timex#o_s http://ex.org/variable#2	1
http://ex.org/variable#6 http://www.ibm.com/timex#d http://ex.org/variable#3	1
http://ex.org/variable#6 http://www.ibm.com/timex#b_m_o http://ex.org/variable#4	1
http://ex.org/variable#6 http://www.ibm.com/timex#d http://ex.org/variable#5	1
http://ex.org/variable#6 http://www.ibm.com/timex#d http://ex.org/variable#7	1
http://ex.org/variable#6 http://www.ibm.com/timex#d http://ex.org/variable#8	1
http://ex.org/variable#6 http://www.ibm.com/timex#d http://ex.org/variable#9	1
http://ex.org/variable#6 http://www.ibm.com/timex#d http://ex.org/variable#10	1
http://ex.org/variable#6 http://www.ibm.com/timex#o_s http://ex.org/variable#11	1
http://ex.org/variable#6 http://www.ibm.com/timex#bi http://ex.org/variable#12	1
http://ex.org/variable#6 http://www.ibm.com/timex#d http://ex.org/variable#13	1
http://ex.org/variable#6 http://www.ibm.com/timex#d http://ex.org/variable#14	1
http://ex.org/variable#6 http://www.ibm.com/timex#d http://ex.org/variable#15	1
http://ex.org/variable#6 http://www.ibm.com/timex#f http://ex.org/variable#16	1
http://ex.org/variable#6 http://www.ibm.com/timex#d http://ex.org/variable#17	1
http://ex.org/variable#6 http://www.ibm.com/timex#d http://ex.org/variable#18	1
http://ex.org/variable#6 http://www.ibm.com/timex#bi_mi_oi http://ex.org/variable#19	1
http://ex.org/variable#6 http://www.ibm.com/timex#bi http://ex.org/variable#20	1
http://ex.org/variable#6 http://www.ibm.com/timex#d http://ex.org/variable#21	1
http://ex.org/variable#6 http://www.ibm.com/timex#m http://ex.org/variable#22	1
http://ex.org/variable#6 http://www.ibm.com/timex#oi http://ex.org/variable#23	1
http://ex.org/variable#6 http://www.ibm.com/timex#b http://ex.org/variable#24	1
http://ex.org/variable#6 http://www.ibm.com/timex#oi http://ex.org/variable#25	1
http://ex.org/variable#6 http://www.ibm.com/timex#d http://ex.org/variable#26	1
http://ex.org/variable#6 http://www.ibm.com/timex#d http://ex.org/variable#27	1
http://ex.org/variable#6 http://www.ibm.com/timex#d http://ex.org/variable#28	1
http://ex.org/variable#6 http://www.ibm.com/timex#d http://ex.org/variable#29	1
http://ex.org/variable#6 http://www.ibm.com/timex#oi http://ex.org/variable#30	1
http://ex.org/variable#6 http://www.ibm.com/timex#b http://ex.org/variable#31	1
http://ex.org/variable#6 http://www.ibm.com/timex#d http://ex.org/variable#32	1
http://ex.org/variable#6 http://www.ibm.com/timex#o_d_s http://ex.org/variable#33	1
http://ex.org/variable#6 http://www.ibm.com/timex#d http://ex.org/variable#34	1
http://ex.org/variable#6 http://www.ibm.com/timex#d http://ex.org/variable#35	1
http://ex.org/variable#6 http://www.ibm.com/timex#d http://ex.org/variable#36	1
http://ex.org/variable#6 http://www.ibm.com/timex#di http://ex.org/variable#37	1
http://ex.org/variable#6 http://www.ibm.com/timex#d http://ex.org/variable#38	1
http://ex.org/variable#6 http://www.ibm.com/timex#d http://ex.org/variable#39	1
http://ex.org/variable#6 http://www.ibm.com/timex#b http://ex.org/variable#40	1
http://ex.org/variable#6 http://www.ibm.com/timex#b http://ex.org/variable#41	1
http://ex.org/variable#6 http://www.ibm.com/timex#d http://ex.org/variable#42	1
http://ex.org/variable#6 http://www.ibm.com/timex#d http://ex.org/variable#43	1
http://ex.org/variable#6 http://www.ibm.com/timex#oi_d_f http://ex.org/variable#44	1
http://ex.org/variable#6 http://www.ibm.com/timex#d http://ex.org/variable#45	1
http://ex.org/variable#6 http://www.ibm.com/timex#o_d_s http://ex.org/variable#46	1
http://ex.org/variable#6 http://www.ibm.com/timex#o_s http://ex.org/variable#47	1
http://ex.org/variable#6 http://www.ibm.com/timex#d http://ex.org/variable#48	1
http://ex.org/variable#6 http://www.ibm.com/timex#d http://ex.org/variable#49	1
http://ex.org/variable#6 http://www.ibm.com/timex#mi_oi http://ex.org/variable#50	1
http://ex.org/variable#6 http://www.ibm.com/timex#d http://ex.org/variable#51	1
http://ex.org/variable#6 http://www.ibm.com/timex#d http://ex.org/variable#52	1
http://ex.org/variable#6 http://www.ibm.com/timex#o http://ex.org/variable#53	1
http://ex.org/variable#6 http://www.ibm.com/timex#d http://ex.org/variable#54	1
http://ex.org/variable#6 http://www.ibm.com/timex#d http://ex.org/variable#55	1
http://ex.org/variable#6 http://www.ibm.com/timex#d http://ex.org/variable#56	1
http://ex.org/variable#6 http://www.ibm.com/timex#d http://ex.org/variable#57	1
http://ex.org/variable#6 http://www.ibm.com/timex#b http://ex.org/variable#58	1
http://ex.org/variable#6 http://www.ibm.com/timex#b_m http://ex.org/variable#59	1
http://ex.org/variable#6 http://www.ibm.com/timex#d http://ex.org/variable#60	1
http://ex.org/variable#6 http://www.ibm.com/timex#oi http://ex.org/variable#61	1
http://ex.org/variable#6 http://www.ibm.com/timex#d http://ex.org/variable#62	1
http://ex.org/variable#6 http://www.ibm.com/timex#mi_oi http://ex.org/variable#63	1
http://ex.org/variable#6 http://www.ibm.com/timex#d http://ex.org/variable#64	1
http://ex.org/variable#6 http://www.ibm.com/timex#d http://ex.org/variable#65	1
http://ex.org/variable#6 http://www.ibm.com/timex#d http://ex.org/variable#66	1
http://ex.org/variable#6 http://www.ibm.com/timex#d http://ex.org/variable#67	1
http://ex.org/variable#6 http://www.ibm.com/timex#o_s http://ex.org/variable#68	1
http://ex.org/variable#6 http://www.ibm.com/timex#oi http://ex.org/variable#69	1
http://ex.org/variable#6 http://www.ibm.com/timex#d http://ex.org/variable#70	1
http://ex.org/variable#6 http://www.ibm.com/timex#d http://ex.org/variable#71	1
http://ex.org/variable#6 http://www.ibm.com/timex#d http://ex.org/variable#72	1
http://ex.org/variable#6 http://www.ibm.com/timex#d http://ex.org/variable#73	1
http://ex.org/variable#6 http://www.ibm.com/timex#d http://ex.org/variable#74	1
http://ex.org/variable#6 http://www.ibm.com/timex#d http://ex.org/variable#75	1
http://ex.org/variable#6 http://www.ibm.com/timex#b http://ex.org/variable#76	1
http://ex.org/variable#6 http://www.ibm.com/timex#oi http://ex.org/variable#77	1
http://ex.org/variable#6 http://www.ibm.com/timex#d http://ex.org/variable#78	1
http://ex.org/variable#6 http://www.ibm.com/timex#d http://ex.org/variable#79	1
http://ex.org/variable#6 http://www.ibm.com/timex#b http://ex.org/variable#80	1
http://ex.org/variable#6 http://www.ibm.com/timex#oi http://ex.org/variable#81	1
http://ex.org/variable#6 http://www.ibm.com/timex#d http://ex.org/variable#82	1
http://ex.org/variable#6 http://www.ibm.com/timex#d http://ex.org/variable#83	1
http://ex.org/variable#6 http://www.ibm.com/timex#o_d_s http://ex.org/variable#84	1
http://ex.org/variable#6 http://www.ibm.com/timex#f http://ex.org/variable#85	1
http://ex.org/variable#6 http://www.ibm.com/timex#d http://ex.org/variable#86	1
http://ex.org/variable#6 http://www.ibm.com/timex#d http://ex.org/variable#87	1
http://ex.org/variable#6 http://www.ibm.com/timex#o_d_s http://ex.org/variable#88	1
http://ex.org/variable#6 http://www.ibm.com/timex#o http://ex.org/variable#89	1
http://ex.org/variable#7 http://www.ibm.com/timex#di http://ex.org/variable#0	1
http://ex.org/variable#7 http://www.ibm.com/timex#o http://ex.org/variable#1	1
http://ex.org/variable#7 http://www.ibm.com/timex#o http://ex.org/variable#2	1
http://ex.org/variable#7 http://www.ibm.com/timex#d http://ex.org/variable#3	1
http://ex.org/variable#7 http://www.ibm.com/timex#o http://ex.org/variable#4	1
http://ex.org/variable#7 http://www.ibm.com/timex#d http://ex.org/variable#5	1
http://ex.org/variable#7 http://www.ibm.com/timex#di http://ex.org/variable#6	1
http://ex.org/variable#7 http://www.ibm.com/timex#d http://ex.org/variable#8	1
http://ex.org/variable#7 http://www.ibm.com/timex#d http://ex.org/variable#9	1
http://ex.org/variable#7 http://www.ibm.com/timex#d http://ex.org/variable#10	1
http://ex.org/variable#7 http://www.ibm.com/timex#o http://ex.org/variable#11	1
http://ex.org/variable#7 http://www.ibm.com/timex#bi_mi_oi http://ex.org/variable#12	1
http://ex.org/variable#7 http://www.ibm.com/timex#d http://ex.org/variable#13	1
http://ex.org/variable#7 http://www.ibm.com/timex#o http://ex.org/variable#14	1
http://ex.org/variable#7 http://www.ibm.com/timex#o_d_s http://ex.org/variable#15	1
http://ex.org/variable#7 http://www.ibm.com/timex#oi http://ex.org/variable#16	1
http://ex.org/variable#7 http://www.ibm.com/timex#o_d_s http://ex.org/variable#17	1
http://ex.org/variable#7 http://www.ibm.com/timex#d http://ex.org/variable#18	1
http://ex.org/variable#7 http://www.ibm.com/timex#oi http://ex.org/variable#19	1
http://ex.org/variable#7 http://www.ibm.com/timex#oi http://ex.org/variable#20	1
http://ex.org/variable#7 http://www.ibm.com/timex#d http://ex.org/variable#21	1
http://ex.org/variable#7 http://www.ibm.com/timex#di http://ex.org/variable#22	1
http://ex.org/variable#7 http://www.ibm.com/timex#oi http://ex.org/variable#23	1
http://ex.org/variable#7 http://www.ibm.com/timex#o http://ex.org/variable#24	1
http://ex.org/variable#7 http://www.ibm.com/timex#oi http://ex.org/variable#25	1
http://ex.org/variable#7 http://www.ibm.com/timex#d http://ex.org/variable#26	1
http://ex.org/variable#7 http://www.ibm.com/timex#d http://ex.org/variable#27	1
http://ex.org/variable#7 http://www.ibm.com/timex#d http://ex.org/variable#28	1
http://ex.org/variable#7 http://www.ibm.com/timex#eq_o_oi_d_di_s_si_f_fi http://ex.org/variable#29	1
http://ex.org/variable#7 http://www.ibm.com/timex#oi http://ex.org/variable#30	1
http://ex.org/variable#7 http://www.ibm.com/timex#di http://ex.org/variable#31	1
http://ex.org/variable#7 http://www.ibm.com/timex#d http://ex.org/variable#32	1
http://ex.org/variable#7 http://www.ibm.com/timex#o http://ex.org/variable#33	1
http://ex.org/variable#7 http://www.ibm.com/timex#o http://ex.org/variable#34	1
http://ex.org/variable#7 http://www.ibm.com/timex#oi http://ex.org/variable#35	1
http://ex.org/variable#7 http://www.ibm.com/timex#o_d_s http://ex.org/variable#36	1
http://ex.org/variable#7 http://www.ibm.com/timex#di http://ex.org/variable#37	1
http://ex.org/variable#7 http://www.ibm.com/timex#oi http://ex.org/variable#38	1
http://ex.org/variable#7 http://www.ibm.com/timex#f http://ex.org/variable#39	1
http://ex.org/variable#7 http://www.ibm.com/timex#o http://ex.org/variable#40	1
http://ex.org/variable#7 http://www.ibm.com/timex#o http://ex.org/variable#41	1
http://ex.org/variable#7 http://www.ibm.com/timex#d http://ex.org/variable#42	1
http://ex.org/variable#7 http://www.ibm.com/timex#d http://ex.org/variable#43	1
http://ex.org/variable#7 http://www.ibm.com/timex#o_di_fi http://ex.org/variable#44	1
http://ex.org/variable#7 http://www.ibm.com/timex#d http://ex.org/variable#45	1
http://ex.org/variable#7 http://www.ibm.com/timex#o http://ex.org/variable#46	1
http://ex.org/variable#7 http://www.ibm.com/timex#o http://ex.org/variable#47	1
http://ex.org/variable#7 http://www.ibm.com/timex#o_d_s http://ex.org/variable#48	1
http://ex.org/variable#7 http://www.ibm.com/timex#d http://ex.org/variable#49	1
http://ex.org/variable#7 http://www.ibm.com/timex#oi_di_si http://ex.org/variable#50	1
http://ex.org/variable#7 http://www.ibm.com/timex#d http://ex.org/variable#51	1
http://ex.org/variable#7 http://www.ibm.com/timex#oi http://ex.org/variable#52	1
http://ex.org/variable#7 http://www.ibm.com/timex#o http://ex.org/variable#53	1
http://ex.org/variable#7 http://www.ibm.com/timex#d http://ex.org/variable#54	1
http://ex.org/variable#7 http://www.ibm.com/timex#d http://ex.org/variable#55	1
http://ex.org/variable#7 http://www.ibm.com/timex#o_d_s http://ex.org/variable#56	1
http://ex.org/variable#7 http://www.ibm.com/timex#d_f http://ex.org/variable#57	1
http://ex.org/variable#7 http://www.ibm.com/timex#b http://ex.org/variable#58	1
http://ex.org/variable#7 http://www.ibm.com/timex#o http://ex.org/variable#59	1
http://ex.org/variable#7 http://www.ibm.com/timex#d http://ex.org/variable#60	1
http://ex.org/variable#7 http://www.ibm.com/timex#oi http://ex.org/variable#61	1
http://ex.org/variable#7 http://www.ibm.com/timex#o_d_s http://ex.org/variable#62	1
http://ex.org/variable#7 http://www.ibm.com/timex#di http://ex.org/variable#63	1
http://ex.org/variable#7 http://www.ibm.com/timex#o http://ex.org/variable#64	1
http://ex.org/variable#7 http://www.ibm.com/timex#o http://ex.org/variable#65	1
http://ex.org/variable#7 http://www.ibm.com/timex#d http://ex.org/variable#66	1
http://ex.org/variable#7 http://www.ibm.com/timex#oi_d_f http://ex.org/variable#67	1
http://ex.org/variable#7 http://www.ibm.com/timex#o http://ex.org/variable#68	1
http://ex.org/variable#7 http://www.ibm.com/timex#oi http://ex.org/variable#69	1
http://ex.org/variable#7 http://www.ibm.com/timex#d http://ex.org/variable#70	1
http://ex.org/variable#7 http://www.ibm.com/timex#d http://ex.org/variable#71	1
http://ex.org/variable#7 http://www.ibm.com/timex#eq_o_d_s_f_fi http://ex.org/variable#72	1
http://ex.org/variable#7 http://www.ibm.com/timex#d http://ex.org/variable#73	1
http://ex.org/variable#7 http://www.ibm.com/timex#d http://ex.org/variable#74	1
http://ex.org/variable#7 http://www.ibm.com/timex#eq_o_oi_d_di_s_si_f_fi http://ex.org/variable#75	1
http://ex.org/variable#7 http://www.ibm.com/timex#b_m_o http://ex.org/variable#76	1
http://ex.org/variable#7 http://www.ibm.com/timex#di http://ex.org/variable#77	1
http://ex.org/variable#7 http://www.ibm.com/timex#oi http://ex.org/variable#78	1
http://ex.org/variable#7 http://www.ibm.com/timex#d http://ex.org/variable#79	1
http://ex.org/variable#7 http://www.ibm.com/timex#o http://ex.org/variable#80	1
http://ex.org/variable#7 http://www.ibm.com/timex#oi http://ex.org/variable#81	1
http://ex.org/variable#7 http://www.ibm.com/timex#d http://ex.org/variable#82	1
http://ex.org/variable#7 http://www.ibm.com/timex#o_d_s http://ex.org/variable#83	1
http://ex.org/variable#7 http://www.ibm.com/timex#o_d_s http://ex.org/variable#84	1
http://ex.org/variable#7 http://www.ibm.com/timex#oi http://ex.org/variable#85	1
http://ex.org/variable#7 http://www.ibm.com/timex#oi_f http://ex.org/variable#86	1
http://ex.org/variable#7 http://www.ibm.com/timex#oi http://ex.org/variable#87	1
http://ex.org/variable#7 http://www.ibm.com/timex#o_d_s http://ex.org/variable#88	1
http://ex.org/variable#7 http://www.ibm.com/timex#o http://ex.org/variable#89	1
http://ex.org/variable#8 http://www.ibm.com/timex#di http://ex.org/variable#0	1
http://ex.org/variable#8 http://www.ibm.com/timex#di http://ex.org/variable#1	1
http://ex.org/variable#8 http://www.ibm.com/timex#o http://ex.org/variable#2	1
http://ex.org/variable#8 http://www.ibm.com/timex#o http://ex.org/variable#3	1
http://ex.org/variable#8 http://www.ibm.com/timex#di http://ex.org/variable#4	1
http://ex.org/variable#8 http://www.ibm.com/timex#o http://ex.org/variable#5	1
http://ex.org/variable#8 http://www.ibm.com/timex#di http://ex.org/variable#6	1
http://ex.org/variable#8 http://www.ibm.com/timex#di http://ex.org/variable#7	1
http://ex.org/variable#8 http://www.ibm.com/timex#oi_di http://ex.org/variable#9	1
http://ex.org/variable#8 http://www.ibm.com/timex#oi_di http://ex.org/variable#10	1
http://ex.org/variable#8 http://www.ibm.com/timex#di http://ex.org/variable#11	1
http://ex.org/variable#8 http://www.ibm.com/timex#di http://ex.org/variable#12	1
http://ex.org/variable#8 http://www.ibm.com/timex#d http://ex.org/variable#13	1
http://ex.org/variable#8 http://www.ibm.com/timex#di http://ex.org/variable#14	1
http://ex.org/variable#8 http://www.ibm.com/timex#di http://ex.org/variable#15	1
http://ex.org/variable#8 http://www.ibm.com/timex#di http://ex.org/variable#16	1
http://ex.org/variable#8 http://www.ibm.com/timex#o http://ex.org/variable#17	1
http://ex.org/variable#8 http://www.ibm.com/timex#d http://ex.org/variable#18	1
http://ex.org/variable#8 http://www.ibm.com/timex#di http://ex.org/variable#19	1
http://ex.org/variable#8 http://www.ibm.com/timex#di http://ex.org/variable#20	1
http://ex.org/variable#8 http://www.ibm.com/timex#di http://ex.org/variable#21	1
http://ex.org/variable#8 http://www.ibm.com/timex#di http://ex.org/variable#22	1
http://ex.org/variable#8 http://www.ibm.com/timex#di http://ex.org/variable#23	1
http://ex.org/variable#8 http://www.ibm.com/timex#di http://ex.org/variable#24	1
http://ex.org/variable#8 http://www.ibm.com/timex#di http://ex.org/variable#25	1
http://ex.org/variable#8 http://www.ibm.com/timex#o_di_fi http://ex.org/variable#26	1
http://ex.org/variable#8 http://www.ibm.com/timex#di http://ex.org/variable#27	1
http://ex.org/variable#8 http://www.ibm.com/timex#eq_oi_d_s_si_f http://ex.org/variable#28	1
http://ex.org/variable#8 http://www.ibm.com/timex#di http://ex.org/variable#29	1
http://ex.org/variable#8 http://www.ibm.com/timex#di http://ex.org/variable#30	1
http://ex.org/variable#8 http://www.ibm.com/timex#di http://ex.org/variable#31	1
http://ex.org/variable#8 http://www.ibm.com/timex#oi http://ex.org/variable#32	1
http://ex.org/variable#8 http://www.ibm.com/timex#di http://ex.org/variable#33	1
http://ex.org/variable#8 http://www.ibm.com/timex#o http://ex.org/variable#34	1
http://ex.org/variable#8 http://www.ibm.com/timex#di http://ex.org/variable#35	1
http://ex.org/variable#8 http://www.ibm.com/timex#di http://ex.org/variable#36	1
http://ex.org/variable#8 http://www.ibm.com/timex#di http://ex.org/variable#37	1
http://ex.org/variable#8 http://www.ibm.com/timex#di http://ex.org/variable#38	1
http://ex.org/variable#8 http://www.ibm.com/timex#di http://ex.org/variable#39	1
http://ex.org/variable#8 http://www.ibm.com/timex#di http://ex.org/variable#40	1
http://ex.org/variable#8 http://www.ibm.com/timex#di http://ex.org/variable#41	1
http://ex.org/variable#8 http://www.ibm.com/timex#oi_si http://ex.org/variable#42	1
http://ex.org/variable#8 http://www.ibm.com/timex#o_di_fi http://ex.org/variable#43	1
http://ex.org/variable#8 http://www.ibm.com/timex#di http://ex.org/variable#44	1
http://ex.org/variable#8 http://www.ibm.com/timex#di http://ex.org/variable#45	1
http://ex.org/variable#8 http://www.ibm.com/timex#di http://ex.org/variable#46	1
http://ex.org/variable#8 http://www.ibm.com/timex#di http://ex.org/variable#47	1
http://ex.org/variable#8 http://www.ibm.com/timex#di http://ex.org/variable#48	1
http://ex.org/variable#8 http://www.ibm.com/timex#oi_di_si http://ex.org/variable#49	1
http://ex.org/variable#8 http://www.ibm.com/timex#di http://ex.org/variable#50	1
http://ex.org/variable#8 http://www.ibm.com/timex#di http://ex.org/variable#51	1
http://ex.org/variable#8 http://www.ibm.com/timex#di http://ex.org/variable#52	1
http://ex.org/variable#8 http://www.ibm.com/timex#o http://ex.org/variable#53	1
http://ex.org/variable#8 http://www.ibm.com/timex#di http://ex.org/variable#54	1
http://ex.org/variable#8 http://www.ibm.com/timex#di http://ex.org/variable#55	1
http://ex.org/variable#8 http://www.ibm.com/timex#di http://ex.org/variable#56	1
http://ex.org/variable#8 http://www.ibm.com/timex#di http://ex.org/variable#57	1
http://ex.org/variable#8 http://www.ibm.com/timex#o http://ex.org/variable#58	1
http://ex.org/variable#8 http://www.ibm.com/timex#di http://ex.org/variable#59	1
http://ex.org/variable#8 http://www.ibm.com/timex#d http://ex.org/variable#60	1
http://ex.org/variable#8 http://www.ibm.com/timex#di http://ex.org/variable#61	1
http://ex.org/variable#8 http://www.ibm.com/timex#o http://ex.org/variable#62	1
http://ex.org/variable#8 http://www.ibm.com/timex#di http://ex.org/variable#63	1
http://ex.org/variable#8 http://www.ibm.com/timex#o_di_fi http://ex.org/variable#64	1
http://ex.org/variable#8 http://www.ibm.com/timex#di http://ex.org/variable#65	1
http://ex.org/variable#8 http://www.ibm.com/timex#di http://ex.org/variable#66	1
http://ex.org/variable#8 http://www.ibm.com/timex#oi_si http://ex.org/variable#67	1
http://ex.org/variable#8 http://www.ibm.com/timex#di http://ex.org/variable#68	1
http://ex.org/variable#8 http://www.ibm.com/timex#oi_si http://ex.org/variable#69	1
http://ex.org/variable#8 http://www.ibm.com/timex#di http://ex.org/variable#70	1
http://ex.org/variable#8 http://www.ibm.com/timex#di http://ex.org/variable#71	1
http://ex.org/variable#8 http://www.ibm.com/timex#di http://ex.org/variable#72	1
http://ex.org/variable#8 http://www.ibm.com/timex#di http://ex.org/variable#73	1
http://ex.org/variable#8 http://www.ibm.com/timex#o_di_fi http://ex.org/variable#74	1
http://ex.org/variable#8 http://www.ibm.com/timex#di http://ex.org/variable#75	1
http://ex.org/variable#8 http://www.ibm.com/timex#o http://ex.org/variable#76	1
http://ex.org/variable#8 http://www.ibm.com/timex#di http://ex.org/variable#77	1
http://ex.org/variable#8 http://www.ibm.com/timex#di http://ex.org/variable#78	1
http://ex.org/variable#8 http://www.ibm.com/timex#di http://ex.org/variable#79	1
http://ex.org/variable#8 http://www.ibm.com/timex#o http://ex.org/variable#80	1
http://ex.org/variable#8 http://www.ibm.com/timex#oi http://ex.org/variable#81	1
http://ex.org/variable#8 http://www.ibm.com/timex#oi_di_si http://ex.org/variable#82	1
http://ex.org/variable#8 http://www.ibm.com/timex#o http://ex.org/variable#83	1
http://ex.org/variable#8 http://www.ibm.com/timex#o_di_fi http://ex.org/variable#84	1
http://ex.org/variable#8 http://www.ibm.com/timex#di http://ex.org/variable#85	1
http://ex.org/variable#8 http://www.ibm.com/timex#oi http://ex.org/variable#86	1
http://ex.org/variable#8 http://www.ibm.com/timex#di http://ex.org/variable#87	1
http://ex.org/variable#8 http://www.ibm.com/timex#di http://ex.org/variable#88	1
http://ex.org/variable#8 http://www.ibm.com/timex#o http://ex.org/variable#89	1
http://ex.org/variable#9 http://www.ibm.com/timex#di http://ex.org/variable#0	1
http://ex.org/variable#9 http://www.ibm.com/timex#o http://ex.org/variable#1	1
http://ex.org/variable#9 http://www.ibm.com/timex#o http://ex.org/variable#2	1
http://ex.org/variable#9 http://www.ibm.com/timex#o http://ex.org/variable#3	1
http://ex.org/variable#9 http://www.ibm.com/timex#o_di_fi http://ex.org/variable#4	1
http://ex.org/variable#9 http://www.ibm.com/timex#o http://ex.org/variable#5	1
http://ex.org/variable#9 http://www.ibm.com/timex#di http://ex.org/variable#6	1
http://ex.org/variable#9 http://www.ibm.com/timex#di http://ex.org/variable#7	1
http://ex.org/variable#9 http://www.ibm.com/timex#o_d http://ex.org/variable#8	1
http://ex.org/variable#9 http://www.ibm.com/timex#o_d_s http://ex.org/variable#10	1
http://ex.org/variable#9 http://www.ibm.com/timex#o http://ex.org/variable#11	1
http://ex.org/variable#9 http://www.ibm.com/timex#di http://ex.org/variable#12	1
http://ex.org/variable#9 http://www.ibm.com/timex#o_d http://ex.org/variable#13	1
http://ex.org/variable#9 http://www.ibm.com/timex#o http://ex.org/variable#14	1
http://ex.org/variable#9 http://www.ibm.com/timex#o http://ex.org/variable#15	1
http://ex.org/variable#9 http://www.ibm.com/timex#di http://ex.org/variable#16	1
http://ex.org/variable#9 http://www.ibm.com/timex#o http://ex.org/variable#17	1
http://ex.org/variable#9 http://www.ibm.com/timex#o_d http://ex.org/variable#18	1
http://ex.org/variable#9 http://www.ibm.com/timex#di http://ex.org/variable#19	1
http://ex.org/variable#9 http://www.ibm.com/timex#di http://ex.org/variable#20	1
http://ex.org/variable#9 http://www.ibm.com/timex#o_di http://ex.org/variable#21	1
http://ex.org/variable#9 http://www.ibm.com/timex#di http://ex.org/variable#22	1
http://ex.org/variable#9 http://www.ibm.com/timex#di http://ex.org/variable#23	1
http://ex.org/variable#9 http://www.ibm.com/timex#o http://ex.org/variable#24	1
http://ex.org/variable#9 http://www.ibm.com/timex#di http://ex.org/variable#25	1
http://ex.org/variable#9 http://www.ibm.com/timex#o http://ex.org/variable#26	1
http://ex.org/variable#9 http://www.ibm.com/timex#o http://ex.org/variable#27	1
http://ex.org/variable#9 http://www.ibm.com/timex#o_d_s http://ex.org/variable#28	1
http://ex.org/variable#9 http://www.ibm.com/timex#di http://ex.org/variable#29	1
http://ex.org/variable#9 http://www.ibm.com/timex#di http://ex.org/variable#30	1
http://ex.org/variable#9 http://www.ibm.com/timex#di http://ex.org/variable#31	1
http://ex.org/variable#9 http://www.ibm.com/timex#f_fi http://ex.org/variable#32	1
http://ex.org/variable#9 http://www.ibm.com/timex#o http://ex.org/variable#33	1
http://ex.org/variable#9 http://www.ibm.com/timex#o http://ex.org/variable#34	1
http://ex.org/variable#9 http://www.ibm.com/timex#di http://ex.org/variable#35	1
http://ex.org/variable#9 http://www.ibm.com/timex#o http://ex.org/variable#36	1
http://ex.org/variable#9 http://www.ibm.com/timex#di http://ex.org/variable#37	1
http://ex.org/variable#9 http://www.ibm.com/timex#di http://ex.org/variable#38	1
http://ex.org/variable#9 http://www.ibm.com/timex#di http://ex.org/variable#39	1
http://ex.org/variable#9 http://www.ibm.com/timex#o http://ex.org/variable#40	1
http://ex.org/variable#9 http://www.ibm.com/timex#o http://ex.org/variable#41	1
http://ex.org/variable#9 http://www.ibm.com/timex#o_d_s http://ex.org/variable#42	1
http://ex.org/variable#9 http://www.ibm.com/timex#o http://ex.org/variable#43	1
http://ex.org/variable#9 http://www.ibm.com/timex#di http://ex.org/variable#44	1
http://ex.org/variable#9 http://www.ibm.com/timex#eq_fi http://ex.org/variable#45	1
http://ex.org/variable#9 http://www.ibm.com/timex#o http://ex.org/variable#46	1
http://ex.org/variable#9 http://www.ibm.com/timex#di http://ex.org/variable#47	1
http://ex.org/variable#9 http://www.ibm.com/timex#o http://ex.org/variable#48	1
http://ex.org/variable#9 http://www.ibm.com/timex#o_d_s http://ex.org/variable#49	1
http://ex.org/variable#9 http://www.ibm.com/timex#di http://ex.org/variable#50	1
http://ex.org/variable#9 http://www.ibm.com/timex#o http://ex.org/variable#51	1
http://ex.org/variable#9 http://www.ibm.com/timex#di_si http://ex.org/variable#52	1
http://ex.org/variable#9 http://www.ibm.com/timex#o http://ex.org/variable#53	1
http://ex.org/variable#9 http://www.ibm.com/timex#o_di_fi http://ex.org/variable#54	1
http://ex.org/variable#9 http://www.ibm.com/timex#di http://ex.org/variable#55	1
http://ex.org/variable#9 http://www.ibm.com/timex#o_di_fi http://ex.org/variable#56	1
http://ex.org/variable#9 http://www.ibm.com/timex#di http://ex.org/variable#57	1
http://ex.org/variable#9 http://www.ibm.com/timex#b http://ex.org/variable#58	1
http://ex.org/variable#9 http://www.ibm.com/timex#o http://ex.org/variable#59	1
http://ex.org/variable#9 http://www.ibm.com/timex#o_d_s http://ex.org/variable#60	1
http://ex.org/variable#9 http://www.ibm.com/timex#di http://ex.org/variable#61	1
http://ex.org/variable#9 http://www.ibm.com/timex#o http://ex.org/variable#62	1
http://ex.org/variable#9 http://www.ibm.com/timex#di http://ex.org/variable#63	1
http://ex.org/variable#9 http://www.ibm.com/timex#o http://ex.org/variable#64	1
http://ex.org/variable#9 http://www.ibm.com/timex#o http://ex.org/variable#65	1
http://ex.org/variable#9 http://www.ibm.com/timex#o http://ex.org/variable#66	1
http://ex.org/variable#9 http://www.ibm.com/timex#oi_di_si http://ex.org/variable#67	1
http://ex.org/variable#9 http://www.ibm.com/timex#o http://ex.org/variable#68	1
http://ex.org/variable#9 http://www.ibm.com/timex#oi_di_si http://ex.org/variable#69	1
http://ex.org/variable#9 http://www.ibm.com/timex#di http://ex.org/variable#70	1
http://ex.org/variable#9 http://www.ibm.com/timex#eq_f_fi http://ex.org/variable#71	1
http://ex.org/variable#9 http://www.ibm.com/timex#di http://ex.org/variable#72	1
http://ex.org/variable#9 http://www.ibm.com/timex#o http://ex.org/variable#73	1
http://ex.org/variable#9 http://www.ibm.com/timex#o http://ex.org/variable#74	1
http://ex.org/variable#9 http://www.ibm.com/timex#di http://ex.org/variable#75	1
http://ex.org/variable#9 http://www.ibm.com/timex#o http://ex.org/variable#76	1
http://ex.org/variable#9 http://www.ibm.com/timex#di http://ex.org/variable#77	1
http://ex.org/variable#9 http://www.ibm.com/timex#di http://ex.org/variable#78	1
http://ex.org/variable#9 http://www.ibm.com/timex#o http://ex.org/variable#79	1
http://ex.org/variable#9 http://www.ibm.com/timex#o http://ex.org/variable#80	1
http://ex.org/variable#9 http://www.ibm.com/timex#oi_di_si http://ex.org/variable#81	1
http://ex.org/variable#9 http://www.ibm.com/timex#o_d_s http://ex.org/variable#82	1
http://ex.org/variable#9 http://www.ibm.com/timex#o http://ex.org/variable#83	1
http://ex.org/variable#9 http://www.ibm.com/timex#o http://ex.org/variable#84	1
http://ex.org/variable#9 http://www.ibm.com/timex#di http://ex.org/variable#85	1
http://ex.org/variable#9 http://www.ibm.com/timex#oi_di_si http://ex.org/variable#86	1
http://ex.org/variable#9 http://www.ibm.com/timex#di http://ex.org/variable#87	1
http://ex.org/variable#9 http://www.ibm.com/timex#o http://ex.org/variable#88	1
http://ex.org/variable#9 http://www.ibm.com/timex#o http://ex.org/variable#89	1
http://ex.org/variable#10 http://www.ibm.com/timex#di http://ex.org/variable#0	1
http://ex.org/variable#10 http://www.ibm.com/timex#di http://ex.org/variable#1	1
http://ex.org/variable#10 http://www.ibm.com/timex#o http://ex.org/variable#2	1
http://ex.org/variable#10 http://www.ibm.com/timex#o http://ex.org/variable#3	1
http://ex.org/variable#10 http://www.ibm.com/timex#di http://ex.org/variable#4	1
http://ex.org/variable#10 http://www.ibm.com/timex#o http://ex.org/variable#5	1
http://ex.org/variable#10 http://www.ibm.com/timex#di http://ex.org/variable#6	1
http://ex.org/variable#10 http://www.ibm.com/timex#di http://ex.org/variable#7	1
http://ex.org/variable#10 http://www.ibm.com/timex#o_d http://ex.org/variable#8	1
http://ex.org/variable#10 http://www.ibm.com/timex#oi_di_si http://ex.org/variable#9	1
http://ex.org/variable#10 http://www.ibm.com/timex#o http://ex.org/variable#11	1
http://ex.org/variable#10 http://www.ibm.com/timex#di http://ex.org/variable#12	1
http://ex.org/variable#10 http://www.ibm.com/timex#o_d_s http://ex.org/variable#13	1
http://ex.org/variable#10 http://www.ibm.com/timex#o http://ex.org/variable#14	1
http://ex.org/variable#10 http://www.ibm.com/timex#o http://ex.org/variable#15	1
http://ex.org/variable#10 http://www.ibm.com/timex#di http://ex.org/variable#16	1
http://ex.org/variable#10 http://www.ibm.com/timex#o http://ex.org/variable#17	1
http://ex.org/variable#10 http://www.ibm.com/timex#o_d_s http://ex.org/variable#18	1
http://ex.org/variable#10 http://www.ibm.com/timex#di http://ex.org/variable#19	1
http://ex.org/variable#10 http://www.ibm.com/timex#di http://ex.org/variable#20	1
http://ex.org/variable#10 http://www.ibm.com/timex#o_di_fi http://ex.org/variable#21	1
http://ex.org/variable#10 http://www.ibm.com/timex#di http://ex.org/variable#22	1
http://ex.org/variable#10 http://www.ibm.com/timex#di http://ex.org/variable#23	1
http://ex.org/variable#10 http://www.ibm.com/timex#fi http://ex.org/variable#24	1
http://ex.org/variable#10 http://www.ibm.com/timex#di http://ex.org/variable#25	1
http://ex.org/variable#10 http://www.ibm.com/timex#o http://ex.org/variable#26	1
http://ex.org/variable#10 http://www.ibm.com/timex#o http://ex.org/variable#27	1
http://ex.org/variable#10 http://www.ibm.com/timex#o_d http://ex.org/variable#28	1
http://ex.org/variable#10 http://www.ibm.com/timex#di http://ex.org/variable#29	1
http://ex.org/variable#10 http://www.ibm.com/timex#di http://ex.org/variable#30	1
http://ex.org/variable#10 http://www.ibm.com/timex#di http://ex.org/variable#31	1
http://ex.org/variable#10 http://www.ibm.com/timex#oi_di_si http://ex.org/variable#32	1
http://ex.org/variable#10 http://www.ibm.com/timex#o http://ex.org/variable#33	1
http://ex.org/variable#10 http://www.ibm.com/timex#o http://ex.org/variable#34	1
http://ex.org/variable#10 http://www.ibm.com/timex#di http://ex.org/variable#35	1
http://ex.org/variable#10 http://www.ibm.com/timex#o http://ex.org/variable#36	1
http://ex.org/variable#10 http://www.ibm.com/timex#di http://ex.org/variable#37	1
http://ex.org/variable#10 http://www.ibm.com/timex#di http://ex.org/variable#38	1
http://ex.org/variable#10 http://www.ibm.com/timex#di http://ex.org/variable#39	1
http://ex.org/variable#10 http://www.ibm.com/timex#di http://ex.org/variable#40	1
http://ex.org/variable#10 http://www.ibm.com/timex#o http://ex.org/variable#41	1
http://ex.org/variable#10 http://www.ibm.com/timex#o_d_s http://ex.org/variable#42	1
http://ex.org/variable#10 http://www.ibm.com/timex#o http://ex.org/variable#43	1
http://ex.org/variable#10 http://www.ibm.com/timex#di http://ex.org/variable#44	1
http://ex.org/variable#10 http://www.ibm.com/timex#di http://ex.org/variable#45	1
http://ex.org/variable#10 http://www.ibm.com/timex#di http://ex.org/variable#46	1
http://ex.org/variable#10 http://www.ibm.com/timex#di http://ex.org/variable#47	1
http://ex.org/variable#10 http://www.ibm.com/timex#o http://ex.org/variable#48	1
http://ex.org/variable#10 http://www.ibm.com/timex#oi_di_si http://ex.org/variable#49	1
http://ex.org/variable#10 http://www.ibm.com/timex#di http://ex.org/variable#50	1
http://ex.org/variable#10 http://www.ibm.com/timex#o http://ex.org/variable#51	1
http://ex.org/variable#10 http://www.ibm.com/timex#di http://ex.org/variable#52	1
http://ex.org/variable#10 http://www.ibm.com/timex#o http://ex.org/variable#53	1
http://ex.org/variable#10 http://www.ibm.com/timex#o_di_fi http://ex.org/variable#54	1
http://ex.org/variable#10 http://www.ibm.com/timex#di http://ex.org/variable#55	1
http://ex.org/variable#10 http://www.ibm.com/timex#di_fi http://ex.org/variable#56	1
http://ex.org/variable#10 http://www.ibm.com/timex#di http://ex.org/variable#57	1
http://ex.org/variable#10 http://www.ibm.com/timex#b http://ex.org/variable#58	1
http://ex.org/variable#10 http://www.ibm.com/timex#di http://ex.org/variable#59	1
http://ex.org/variable#10 http://www.ibm.com/timex#o_d_s http://ex.org/variable#60	1
http://ex.org/variable#10 http://www.ibm.com/timex#di http://ex.org/variable#61	1
http://ex.org/variable#10 http://www.ibm.com/timex#o http://ex.org/variable#62	1
http://ex.org/variable#10 http://www.ibm.com/timex#di http://ex.org/variable#63	1
http://ex.org/variable#10 http://www.ibm.com/timex#o http://ex.org/variable#64	1
http://ex.org/variable#10 http://www.ibm.com/timex#o http://ex.org/variable#65	1
http://ex.org/variable#10 http://www.ibm.com/timex#o http://ex.org/variable#66	1
http://ex.org/variable#10 http://www.ibm.com/timex#oi_di_si http://ex.org/variable#67	1
http://ex.org/variable#10 http://www.ibm.com/timex#o http://ex.org/variable#68	1
http://ex.org/variable#10 http://www.ibm.com/timex#oi_di_si http://ex.org/variable#69	1
http://ex.org/variable#10 http://www.ibm.com/timex#di http://ex.org/variable#70	1
http://ex.org/variable#10 http://www.ibm.com/timex#oi_di_si http://ex.org/variable#71	1
http://ex.org/variable#10 http://www.ibm.com/timex#di http://ex.org/variable#72	1
http://ex.org/variable#10 http://www.ibm.com/timex#di http://ex.org/variable#73	1
http://ex.org/variable#10 http://www.ibm.com/timex#o http://ex.org/variable#74	1
http://ex.org/variable#10 http://www.ibm.com/timex#di http://ex.org/variable#75	1
http://ex.org/variable#10 http://www.ibm.com/timex#o http://ex.org/variable#76	1
http://ex.org/variable#10 http://www.ibm.com/timex#di http://ex.org/variable#77	1
http://ex.org/variable#10 http://www.ibm.com/timex#di http://ex.org/variable#78	1
http://ex.org/variable#10 http://www.ibm.com/timex#di http://ex.org/variable#79	1
http://ex.org/variable#10 http://www.ibm.com/timex#o http://ex.org/variable#80	1
http://ex.org/variable#10 http://www.ibm.com/timex#oi_di_si http://ex.org/variable#81	1
http://ex.org/variable#10 http://www.ibm.com/timex#oi_di_si http://ex.org/variable#82	1
http://ex.org/variable#10 http://www.ibm.com/timex#o http://ex.org/variable#83	1
http://ex.org/variable#10 http://www.ibm.com/timex#o http://ex.org/variable#84	1
http://ex.org/variable#10 http://www.ibm.com/timex#di http://ex.org/variable#85	1
http://ex.org/variable#10 http://www.ibm.com/timex#oi_di_si http://ex.org/variable#86	1
http://ex.org/variable#10 http://www.ibm.com/timex#di http://ex.org/variable#87	1
http://ex.org/variable#10 http://www.ibm.com/timex#o http://ex.org/variable#88	1
http://ex.org/variable#10 http://www.ibm.com/timex#o http://ex.org/variable#89	1
http://ex.org/variable#11 http://www.ibm.com/timex#di http://ex.org/variable#0	1
http://ex.org/variable#11 http://www.ibm.com/timex#oi http://ex.org/variable#1	1
http://ex.org/variable#11 http://www.ibm.com/timex#o_s http://ex.org/variable#2	1
http://ex.org/variable#11 http://www.ibm.com/timex#d http://ex.org/variable#3	1
http://ex.org/variable#11 http://www.ibm.com/timex#di http://ex.org/variable#4	1
http://ex.org/variable#11 http://www.ibm.com/timex#d http://ex.org/variable#5	1
http://ex.org/variable#11 http://www.ibm.com/timex#oi_si http://ex.org/variable#6	1
http://ex.org/variable#11 http://www.ibm.com/timex#oi http://ex.org/variable#7	1
http://ex.org/variable#11 http://www.ibm.com/timex#d http://ex.org/variable#8	1
http://ex.org/variable#11 http://www.ibm.com/timex#oi http://ex.org/variable#9	1
http://ex.org/variable#11 http://www.ibm.com/timex#oi http://ex.org/variable#10	1
http://ex.org/variable#11 http://www.ibm.com/timex#bi http://ex.org/variable#12	1
http://ex.org/variable#11 http://www.ibm.com/timex#d http://ex.org/variable#13	1
http://ex.org/variable#11 http://www.ibm.com/timex#d http://ex.org/variable#14	1
http://ex.org/variable#11 http://www.ibm.com/timex#oi_d_f http://ex.org/variable#15	1
http://ex.org/variable#11 http://www.ibm.com/timex#oi http://ex.org/variable#16	1
http://ex.org/variable#11 http://www.ibm.com/timex#d http://ex.org/variable#17	1
http://ex.org/variable#11 http://www.ibm.com/timex#d http://ex.org/variable#18	1
http://ex.org/variable#11 http://www.ibm.com/timex#bi_mi_oi http://ex.org/variable#19	1
http://ex.org/variable#11 http://www.ibm.com/timex#bi http://ex.org/variable#20	1
http://ex.org/variable#11 http://www.ibm.com/timex#oi_d_f http://ex.org/variable#21	1
http://ex.org/variable#11 http://www.ibm.com/timex#di http://ex.org/variable#22	1
http://ex.org/variable#11 http://www.ibm.com/timex#oi http://ex.org/variable#23	1
http://ex.org/variable#11 http://www.ibm.com/timex#di http://ex.org/variable#24	1
http://ex.org/variable#11 http://www.ibm.com/timex#oi http://ex.org/variable#25	1
http://ex.org/variable#11 http://www.ibm.com/timex#d_f http://ex.org/variable#26	1
http://ex.org/variable#11 http://www.ibm.com/timex#oi http://ex.org/variable#27	1
http://ex.org/variable#11 http://www.ibm.com/timex#oi_d_f http://ex.org/variable#28	1
http://ex.org/variable#11 http://www.ibm.com/timex#oi http://ex.org/variable#29	1
http://ex.org/variable#11 http://www.ibm.com/timex#oi http://ex.org/variable#30	1
http://ex.org/variable#11 http://www.ibm.com/timex#di http://ex.org/variable#31	1
http://ex.org/variable#11 http://www.ibm.com/timex#oi http://ex.org/variable#32	1
http://ex.org/variable#11 http://www.ibm.com/timex#oi_di_si http://ex.org/variable#33	1
http://ex.org/variable#11 http://www.ibm.com/timex#d http://ex.org/variable#34	1
http://ex.org/variable#11 http://www.ibm.com/timex#oi http://ex.org/variable#35	1
http://ex.org/variable#11 http://www.ibm.com/timex#oi_d http://ex.org/variable#36	1
http://ex.org/variable#11 http://www.ibm.com/timex#di http://ex.org/variable#37	1
http://ex.org/variable#11 http://www.ibm.com/timex#oi http://ex.org/variable#38	1
http://ex.org/variable#11 http://www.ibm.com/timex#oi http://ex.org/variable#39	1
http://ex.org/variable#11 http://www.ibm.com/timex#di http://ex.org/variable#40	1
http://ex.org/variable#11 http://www.ibm.com/timex#o_di_fi http://ex.org/variable#41	1
http://ex.org/variable#11 http://www.ibm.com/timex#oi_d_f http://ex.org/variable#42	1
http://ex.org/variable#11 http://www.ibm.com/timex#d_f http://ex.org/variable#43	1
http://ex.org/variable#11 http://www.ibm.com/timex#oi http://ex.org/variable#44	1
http://ex.org/variable#11 http://www.ibm.com/timex#oi http://ex.org/variable#45	1
http://ex.org/variable#11 http://www.ibm.com/timex#oi_di_si http://ex.org/variable#46	1
http://ex.org/variable#11 http://www.ibm.com/timex#di_si http://ex.org/variable#47	1
http://ex.org/variable#11 http://www.ibm.com/timex#oi http://ex.org/variable#48	1
http://ex.org/variable#11 http://www.ibm.com/timex#oi http://ex.org/variable#49	1
http://ex.org/variable#11 http://www.ibm.com/timex#mi_oi http://ex.org/variable#50	1
http://ex.org/variable#11 http://www.ibm.com/timex#d http://ex.org/variable#51	1
http://ex.org/variable#11 http://www.ibm.com/timex#oi http://ex.org/variable#52	1
http://ex.org/variable#11 http://www.ibm.com/timex#o_s http://ex.org/variable#53	1
http://ex.org/variable#11 http://www.ibm.com/timex#oi_d_f http://ex.org/variable#54	1
http://ex.org/variable#11 http://www.ibm.com/timex#oi http://ex.org/variable#55	1
http://ex.org/variable#11 http://www.ibm.com/timex#oi http://ex.org/variable#56	1
http://ex.org/variable#11 http://www.ibm.com/timex#oi http://ex.org/variable#57	1
http://ex.org/variable#11 http://www.ibm.com/timex#o http://ex.org/variable#58	1
http://ex.org/variable#11 http://www.ibm.com/timex#di http://ex.org/variable#59	1
http://ex.org/variable#11 http://www.ibm.com/timex#d http://ex.org/variable#60	1
http://ex.org/variable#11 http://www.ibm.com/timex#oi http://ex.org/variable#61	1
http://ex.org/variable#11 http://www.ibm.com/timex#d http://ex.org/variable#62	1
http://ex.org/variable#11 http://www.ibm.com/timex#mi_oi http://ex.org/variable#63	1
http://ex.org/variable#11 http://www.ibm.com/timex#oi_d_f http://ex.org/variable#64	1
http://ex.org/variable#11 http://www.ibm.com/timex#oi_d_f http://ex.org/variable#65	1
http://ex.org/variable#11 http://www.ibm.com/timex#oi http://ex.org/variable#66	1
http://ex.org/variable#11 http://www.ibm.com/timex#oi http://ex.org/variable#67	1
http://ex.org/variable#11 http://www.ibm.com/timex#o_s http://ex.org/variable#68	1
http://ex.org/variable#11 http://www.ibm.com/timex#oi http://ex.org/variable#69	1
http://ex.org/variable#11 http://www.ibm.com/timex#oi http://ex.org/variable#70	1
http://ex.org/variable#11 http://www.ibm.com/timex#oi http://ex.org/variable#71	1
http://ex.org/variable#11 http://www.ibm.com/timex#oi http://ex.org/variable#72	1
http://ex.org/variable#11 http://www.ibm.com/timex#oi http://ex.org/variable#73	1
http://ex.org/variable#11 http://www.ibm.com/timex#oi_d_f http://ex.org/variable#74	1
http://ex.org/variable#11 http://www.ibm.com/timex#oi http://ex.org/variable#75	1
http://ex.org/variable#11 http://www.ibm.com/timex#o http://ex.org/variable#76	1
http://ex.org/variable#11 http://www.ibm.com/timex#mi_oi http://ex.org/variable#77	1
http://ex.org/variable#11 http://www.ibm.com/timex#oi http://ex.org/variable#78	1
http://ex.org/variable#11 http://www.ibm.com/timex#oi http://ex.org/variable#79	1
http://ex.org/variable#11 http://www.ibm.com/timex#o http://ex.org/variable#80	1
http://ex.org/variable#11 http://www.ibm.com/timex#oi http://ex.org/variable#81	1
http://ex.org/variable#11 http://www.ibm.com/timex#oi http://ex.org/variable#82	1
http://ex.org/variable#11 http://www.ibm.com/timex#d http://ex.org/variable#83	1
http://ex.org/variable#11 http://www.ibm.com/timex#eq_o_oi_d_di_s_si_f_fi http://ex.org/variable#84	1
http://ex.org/variable#11 http://www.ibm.com/timex#oi http://ex.org/variable#85	1
http://ex.org/variable#11 http://www.ibm.com/timex#oi http://ex.org/variable#86	1
http://ex.org/variable#11 http://www.ibm.com/timex#oi http://ex.org/variable#87	1
http://ex.org/variable#11 http://www.ibm.com/timex#eq_o_oi_d_di_s_si_f_fi http://ex.org/variable#88	1
http://ex.org/variable#11 http://www.ibm.com/timex#o http://ex.org/variable#89	1
http://ex.org/variable#12 http://www.ibm.com/timex#b http://ex.org/variable#0	1
http://ex.org/variable#12 http://www.ibm.com/timex#b_m_o http://ex.org/variable#1	1
http://ex.org/variable#12 http://www.ibm.com/timex#b http://ex.org/variable#2	1
http://ex.org/variable#12 http://www.ibm.com/timex#o http://ex.org/variable#3	1
http://ex.org/variable#12 http://www.ibm.com/timex#b http://ex.org/variable#4	1
http://ex.org/variable#12 http://www.ibm.com/timex#o_d http://ex.org/variable#5	1
http://ex.org/variable#12 http://www.ibm.com/timex#b http://ex.org/variable#6	1
http://ex.org/variable#12 http://www.ibm.com/timex#b_m_o http://ex.org/variable#7	1
http://ex.org/variable#12 http://www.ibm.com/timex#d http://ex.org/variable#8	1
http://ex.org/variable#12 http://www.ibm.com/timex#d http://ex.org/variable#9	1
http://ex.org/variable#12 http://www.ibm.com/timex#d http://ex.org/variable#10	1
http://ex.org/variable#12 http://www.ibm.com/timex#b http://ex.org/variable#11	1
http://ex.org/variable#12 http://www.ibm.com/timex#d http://ex.org/variable#13	1
http://ex.org/variable#12 http://www.ibm.com/timex#b_o http://ex.org/variable#14	1
http://ex.org/variable#12 http://www.ibm.com/timex#m_o http://ex.org/variable#15	1
http://ex.org/variable#12 http://www.ibm.com/timex#o_d_s http://ex.org/variable#16	1
http://ex.org/variable#12 http://www.ibm.com/timex#b_m_o http://ex.org/variable#17	1
http://ex.org/variable#12 http://www.ibm.com/timex#d http://ex.org/variable#18	1
http://ex.org/variable#12 http://www.ibm.com/timex#eq_o_oi_d_di_s_si_f_fi http://ex.org/variable#19	1
http://ex.org/variable#12 http://www.ibm.com/timex#o_s http://ex.org/variable#20	1
http://ex.org/variable#12 http://www.ibm.com/timex#d_s http://ex.org/variable#21	1
http://ex.org/variable#12 http://www.ibm.com/timex#b http://ex.org/variable#22	1
http://ex.org/variable#12 http://www.ibm.com/timex#d http://ex.org/variable#23	1
http://ex.org/variable#12 http://www.ibm.com/timex#b http://ex.org/variable#24	1
http://ex.org/variable#12 http://www.ibm.com/timex#o http://ex.org/variable#25	1
http://ex.org/variable#12 http://www.ibm.com/timex#d http://ex.org/variable#26	1
http://ex.org/variable#12 http://www.ibm.com/timex#o http://ex.org/variable#27	1
http://ex.org/variable#12 http://www.ibm.com/timex#d http://ex.org/variable#28	1
http://ex.org/variable#12 http://www.ibm.com/timex#b_m_o http://ex.org/variable#29	1
http://ex.org/variable#12 http://www.ibm.com/timex#o_d_s http://ex.org/variable#30	1
http://ex.org/variable#12 http://www.ibm.com/timex#b http://ex.org/variable#31	1
http://ex.org/variable#12 http://www.ibm.com/timex#d http://ex.org/variable#32	1
http://ex.org/variable#12 http://www.ibm.com/timex#b_m_o http://ex.org/variable#33	1
http://ex.org/variable#12 http://www.ibm.com/timex#b_m_o http://ex.org/variable#34	1
http://ex.org/variable#12 http://www.ibm.com/timex#o http://ex.org/variable#35	1
http://ex.org/variable#12 http://www.ibm.com/timex#o http://ex.org/variable#36	1
http://ex.org/variable#12 http://www.ibm.com/timex#b http://ex.org/variable#37	1
http://ex.org/variable#12 http://www.ibm.com/timex#o http://ex.org/variable#38	1
http://ex.org/variable#12 http://www.ibm.com/timex#d_s http://ex.org/variable#39	1
http://ex.org/variable#12 http://www.ibm.com/timex#b http://ex.org/variable#40	1
http://ex.org/variable#12 http://www.ibm.com/timex#b http://ex.org/variable#41	1
http://ex.org/variable#12 http://www.ibm.com/timex#d http://ex.org/variable#42	1
http://ex.org/variable#12 http://www.ibm.com/timex#d http://ex.org/variable#43	1
http://ex.org/variable#12 http://www.ibm.com/timex#b_m_o http://ex.org/variable#44	1
http://ex.org/variable#12 http://www.ibm.com/timex#d http://ex.org/variable#45	1
http://ex.org/variable#12 http://www.ibm.com/timex#b_m_o http://ex.org/variable#46	1
http://ex.org/variable#12 http://www.ibm.com/timex#b http://ex.org/variable#47	1
http://ex.org/variable#12 http://www.ibm.com/timex#o http://ex.org/variable#48	1
http://ex.org/variable#12 http://www.ibm.com/timex#d http://ex.org/variable#49	1
http://ex.org/variable#12 http://www.ibm.com/timex#b_o http://ex.org/variable#50	1
http://ex.org/variable#12 http://www.ibm.com/timex#o http://ex.org/variable#51	1
http://ex.org/variable#12 http://www.ibm.com/timex#d http://ex.org/variable#52	1
http://ex.org/variable#12 http://www.ibm.com/timex#b http://ex.org/variable#53	1
http://ex.org/variable#12 http://www.ibm.com/timex#d http://ex.org/variable#54	1
http://ex.org/variable#12 http://www.ibm.com/timex#d http://ex.org/variable#55	1
http://ex.org/variable#12 http://www.ibm.com/timex#o http://ex.org/variable#56	1
http://ex.org/variable#12 http://www.ibm.com/timex#o_d_s http://ex.org/variable#57	1
http://ex.org/variable#12 http://www.ibm.com/timex#b http://ex.org/variable#58	1
http://ex.org/variable#12 http://www.ibm.com/timex#b http://ex.org/variable#59	1
http://ex.org/variable#12 http://www.ibm.com/timex#d http://ex.org/variable#60	1
http://ex.org/variable#12 http://www.ibm.com/timex#o_d_s http://ex.org/variable#61	1
http://ex.org/variable#12 http://www.ibm.com/timex#b_m_o http://ex.org/variable#62	1
http://ex.org/variable#12 http://www.ibm.com/timex#b_m_o http://ex.org/variable#63	1
http://ex.org/variable#12 http://www.ibm.com/timex#b_m_o http://ex.org/variable#64	1
http://ex.org/variable#12 http://www.ibm.com/timex#b_m_o http://ex.org/variable#65	1
http://ex.org/variable#12 http://www.ibm.com/timex#o http://ex.org/variable#66	1
http://ex.org/variable#12 http://www.ibm.com/timex#d http://ex.org/variable#67	1
http://ex.org/variable#12 http://www.ibm.com/timex#b http://ex.org/variable#68	1
http://ex.org/variable#12 http://www.ibm.com/timex#d http://ex.org/variable#69	1
http://ex.org/variable#12 http://www.ibm.com/timex#o_d_s http://ex.org/variable#70	1
http://ex.org/variable#12 http://www.ibm.com/timex#d http://ex.org/variable#71	1
http://ex.org/variable#12 http://www.ibm.com/timex#o http://ex.org/variable#72	1
http://ex.org/variable#12 http://www.ibm.com/timex#o http://ex.org/variable#73	1
http://ex.org/variable#12 http://www.ibm.com/timex#o_d_s http://ex.org/variable#74	1
http://ex.org/variable#12 http://www.ibm.com/timex#o http://ex.org/variable#75	1
http://ex.org/variable#12 http://www.ibm.com/timex#b http://ex.org/variable#76	1
http://ex.org/variable#12 http://www.ibm.com/timex#b_m_o http://ex.org/variable#77	1
http://ex.org/variable#12 http://www.ibm.com/timex#d http://ex.org/variable#78	1
http://ex.org/variable#12 http://www.ibm.com/timex#d http://ex.org/variable#79	1
http://ex.org/variable#12 http://www.ibm.com/timex#b http://ex.org/variable#80	1
http://ex.org/variable#12 http://www.ibm.com/timex#d http://ex.org/variable#81	1
http://ex.org/variable#12 http://www.ibm.com/timex#d_s http://ex.org/variable#82	1
http://ex.org/variable#12 http://www.ibm.com/timex#o http://ex.org/variable#83	1
http://ex.org/variable#12 http://www.ibm.com/timex#b_m_o http://ex.org/variable#84	1
http://ex.org/variable#12 http://www.ibm.com/timex#o http://ex.org/variable#85	1
http://ex.org/variable#12 http://www.ibm.com/timex#d http://ex.org/variable#86	1
http://ex.org/variable#12 http://www.ibm.com/timex#o http://ex.org/variable#87	1
http://ex.org/variable#12 http://www.ibm.com/timex#b_m_o_d_s http://ex.org/variable#88	1
http://ex.org/variable#12 http://www.ibm.com/timex#b http://ex.org/variable#89	1
http://ex.org/variable#13 http://www.ibm.com/timex#di http://ex.org/variable#0	1
http://ex.org/variable#13 http://www.ibm.com/timex#di http://ex.org/variable#1	1
http://ex.org/variable#13 http://www.ibm.com/timex#di_fi http://ex.org/variable#2	1
http://ex.org/variable#13 http://www.ibm.com/timex#o http://ex.org/variable#3	1
http://ex.org/variable#13 http://www.ibm.com/timex#di http://ex.org/variable#4	1
http://ex.org/variable#13 http://www.ibm.com/timex#o http://ex.org/variable#5	1
http://ex.org/variable#13 http://www.ibm.com/timex#di http://ex.org/variable#6	1
http://ex.org/variable#13 http://www.ibm.com/timex#di http://ex.org/variable#7	1
http://ex.org/variable#13 http://www.ibm.com/timex#di http://ex.org/variable#8	1
http://ex.org/variable#13 http://www.ibm.com/timex#oi_di http://ex.org/variable#9	1
http://ex.org/variable#13 http://www.ibm.com/timex#oi_di_si http://ex.org/variable#10	1
http://ex.org/variable#13 http://www.ibm.com/timex#di http://ex.org/variable#11	1
http://ex.org/variable#13 http://www.ibm.com/timex#di http://ex.org/variable#12	1
http://ex.org/variable#13 http://www.ibm.com/timex#di http://ex.org/variable#14	1
http://ex.org/variable#13 http://www.ibm.com/timex#di http://ex.org/variable#15	1
http://ex.org/variable#13 http://www.ibm.com/timex#di http://ex.org/variable#16	1
http://ex.org/variable#13 http://www.ibm.com/timex#o http://ex.org/variable#17	1
http://ex.org/variable#13 http://www.ibm.com/timex#s http://ex.org/variable#18	1
http://ex.org/variable#13 http://www.ibm.com/timex#di http://ex.org/variable#19	1
http://ex.org/variable#13 http://www.ibm.com/timex#di http://ex.org/variable#20	1
http://ex.org/variable#13 http://www.ibm.com/timex#di http://ex.org/variable#21	1
http://ex.org/variable#13 http://www.ibm.com/timex#di http://ex.org/variable#22	1
http://ex.org/variable#13 http://www.ibm.com/timex#di http://ex.org/variable#23	1
http://ex.org/variable#13 http://www.ibm.com/timex#di http://ex.org/variable#24	1
http://ex.org/variable#13 http://www.ibm.com/timex#di http://ex.org/variable#25	1
http://ex.org/variable#13 http://www.ibm.com/timex#di http://ex.org/variable#26	1
http://ex.org/variable#13 http://www.ibm.com/timex#di http://ex.org/variable#27	1
http://ex.org/variable#13 http://www.ibm.com/timex#eq_o_oi_d_di_s_si_f_fi http://ex.org/variable#28	1
http://ex.org/variable#13 http://www.ibm.com/timex#di http://ex.org/variable#29	1
http://ex.org/variable#13 http://www.ibm.com/timex#di http://ex.org/variable#30	1
http://ex.org/variable#13 http://www.ibm.com/timex#di http://ex.org/variable#31	1
http://ex.org/variable#13 http://www.ibm.com/timex#si http://ex.org/variable#32	1
http://ex.org/variable#13 http://www.ibm.com/timex#di http://ex.org/variable#33	1
http://ex.org/variable#13 http://www.ibm.com/timex#di http://ex.org/variable#34	1
http://ex.org/variable#13 http://www.ibm.com/timex#di http://ex.org/variable#35	1
http://ex.org/variable#13 http://www.ibm.com/timex#di http://ex.org/variable#36	1
http://ex.org/variable#13 http://www.ibm.com/timex#di http://ex.org/variable#37	1
http://ex.org/variable#13 http://www.ibm.com/timex#di http://ex.org/variable#38	1
http://ex.org/variable#13 http://www.ibm.com/timex#di http://ex.org/variable#39	1
http://ex.org/variable#13 http://www.ibm.com/timex#di http://ex.org/variable#40	1
http://ex.org/variable#13 http://www.ibm.com/timex#di http://ex.org/variable#41	1
http://ex.org/variable#13 http://www.ibm.com/timex#di http://ex.org/variable#42	1
http://ex.org/variable#13 http://www.ibm.com/timex#di http://ex.org/variable#43	1
http://ex.org/variable#13 http://www.ibm.com/timex#di http://ex.org/variable#44	1
http://ex.org/variable#13 http://www.ibm.com/timex#di http://ex.org/variable#45	1
http://ex.org/variable#13 http://www.ibm.com/timex#di http://ex.org/variable#46	1
http://ex.org/variable#13 http://www.ibm.com/timex#di http://ex.org/variable#47	1
http://ex.org/variable#13 http://www.ibm.com/timex#di http://ex.org/variable#48	1
http://ex.org/variable#13 http://www.ibm.com/timex#di http://ex.org/variable#49	1
http://ex.org/variable#13 http://www.ibm.com/timex#di http://ex.org/variable#50	1
http://ex.org/variable#13 http://www.ibm.com/timex#di http://ex.org/variable#51	1
http://ex.org/variable#13 http://www.ibm.com/timex#di http://ex.org/variable#52	1
http://ex.org/variable#13 http://www.ibm.com/timex#di_fi http://ex.org/variable#53	1
http://ex.org/variable#13 http://www.ibm.com/timex#di http://ex.org/variable#54	1
http://ex.org/variable#13 http://www.ibm.com/timex#di http://ex.org/variable#55	1
http://ex.org/variable#13 http://www.ibm.com/timex#di http://ex.org/variable#56	1
http://ex.org/variable#13 http://www.ibm.com/timex#di http://ex.org/variable#57	1
http://ex.org/variable#13 http://www.ibm.com/timex#fi http://ex.org/variable#58	1
http://ex.org/variable#13 http://www.ibm.com/timex#di http://ex.org/variable#59	1
http://ex.org/variable#13 http://www.ibm.com/timex#d http://ex.org/variable#60	1
http://ex.org/variable#13 http://www.ibm.com/timex#di http://ex.org/variable#61	1
http://ex.org/variable#13 http://www.ibm.com/timex#o http://ex.org/variable#62	1
http://ex.org/variable#13 http://www.ibm.com/timex#di http://ex.org/variable#63	1
http://ex.org/variable#13 http://www.ibm.com/timex#di http://ex.org/variable#64	1
http://ex.org/variable#13 http://www.ibm.com/timex#di http://ex.org/variable#65	1
http://ex.org/variable#13 http://www.ibm.com/timex#di http://ex.org/variable#66	1
http://ex.org/variable#13 http://www.ibm.com/timex#di http://ex.org/variable#67	1
http://ex.org/variable#13 http://www.ibm.com/timex#di http://ex.org/variable#68	1
http://ex.org/variable#13 http://www.ibm.com/timex#di http://ex.org/variable#69	1
http://ex.org/variable#13 http://www.ibm.com/timex#di http://ex.org/variable#70	1
http://ex.org/variable#13 http://www.ibm.com/timex#di http://ex.org/variable#71	1
http://ex.org/variable#13 http://www.ibm.com/timex#di http://ex.org/variable#72	1
http://ex.org/variable#13 http://www.ibm.com/timex#di http://ex.org/variable#73	1
http://ex.org/variable#13 http://www.ibm.com/timex#di http://ex.org/variable#74	1
http://ex.org/variable#13 http://www.ibm.com/timex#di http://ex.org/variable#75	1
http://ex.org/variable#13 http://www.ibm.com/timex#di http://ex.org/variable#76	1
http://ex.org/variable#13 http://www.ibm.com/timex#di http://ex.org/variable#77	1
http://ex.org/variable#13 http://www.ibm.com/timex#di http://ex.org/variable#78	1
http://ex.org/variable#13 http://www.ibm.com/timex#di http://ex.org/variable#79	1
http://ex.org/variable#13 http://www.ibm.com/timex#o http://ex.org/variable#80	1
http://ex.org/variable#13 http://www.ibm.com/timex#oi_di_si http://ex.org/variable#81	1
http://ex.org/variable#13 http://www.ibm.com/timex#di_si http://ex.org/variable#82	1
http://ex.org/variable#13 http://www.ibm.com/timex#di http://ex.org/variable#83	1
http://ex.org/variable#13 http://www.ibm.com/timex#di http://ex.org/variable#84	1
http://ex.org/variable#13 http://www.ibm.com/timex#di http://ex.org/variable#85	1
http://ex.org/variable#13 http://www.ibm.com/timex#oi_di http://ex.org/variable#86	1
http://ex.org/variable#13 http://www.ibm.com/timex#di http://ex.org/variable#87	1
http://ex.org/variable#13 http://www.ibm.com/timex#di http://ex.org/variable#88	1
http://ex.org/variable#13 http://www.ibm.com/timex#o_di_fi http://ex.org/variable#89	1
http://ex.org/variable#14 http://www.ibm.com/timex#di http://ex.org/variable#0	1
http://ex.org/variable#14 http://www.ibm.com/timex#oi http://ex.org/variable#1	1
http://ex.org/variable#14 http://www.ibm.com/timex#o http://ex.org/variable#2	1
http://ex.org/variable#14 http://www.ibm.com/timex#d http://ex.org/variable#3	1
http://ex.org/variable#14 http://www.ibm.com/timex#di http://ex.org/variable#4	1
http://ex.org/variable#14 http://www.ibm.com/timex#d http://ex.org/variable#5	1
http://ex.org/variable#14 http://www.ibm.com/timex#di http://ex.org/variable#6	1
http://ex.org/variable#14 http://www.ibm.com/timex#oi http://ex.org/variable#7	1
http://ex.org/variable#14 http://www.ibm.com/timex#d http://ex.org/variable#8	1
http://ex.org/variable#14 http://www.ibm.com/timex#oi http://ex.org/variable#9	1
http://ex.org/variable#14 http://www.ibm.com/timex#oi http://ex.org/variable#10	1
http://ex.org/variable#14 http://www.ibm.com/timex#di http://ex.org/variable#11	1
http://ex.org/variable#14 http://www.ibm.com/timex#bi_oi http://ex.org/variable#12	1
http://ex.org/variable#14 http://www.ibm.com/timex#d http://ex.org/variable#13	1
http://ex.org/variable#14 http://www.ibm.com/timex#oi http://ex.org/variable#15	1
http://ex.org/variable#14 http://www.ibm.com/timex#oi http://ex.org/variable#16	1
http://ex.org/variable#14 http://www.ibm.com/timex#d http://ex.org/variable#17	1
http://ex.org/variable#14 http://www.ibm.com/timex#d http://ex.org/variable#18	1
http://ex.org/variable#14 http://www.ibm.com/timex#oi http://ex.org/variable#19	1
http://ex.org/variable#14 http://www.ibm.com/timex#mi_oi http://ex.org/variable#20	1
http://ex.org/variable#14 http://www.ibm.com/timex#oi http://ex.org/variable#21	1
http://ex.org/variable#14 http://www.ibm.com/timex#di http://ex.org/variable#22	1
http://ex.org/variable#14 http://www.ibm.com/timex#oi http://ex.org/variable#23	1
http://ex.org/variable#14 http://www.ibm.com/timex#di http://ex.org/variable#24	1
http://ex.org/variable#14 http://www.ibm.com/timex#oi http://ex.org/variable#25	1
http://ex.org/variable#14 http://www.ibm.com/timex#oi_d_f http://ex.org/variable#26	1
http://ex.org/variable#14 http://www.ibm.com/timex#oi http://ex.org/variable#27	1
http://ex.org/variable#14 http://www.ibm.com/timex#oi_d_f http://ex.org/variable#28	1
http://ex.org/variable#14 http://www.ibm.com/timex#oi http://ex.org/variable#29	1
http://ex.org/variable#14 http://www.ibm.com/timex#oi http://ex.org/variable#30	1
http://ex.org/variable#14 http://www.ibm.com/timex#di http://ex.org/variable#31	1
http://ex.org/variable#14 http://www.ibm.com/timex#oi http://ex.org/variable#32	1
http://ex.org/variable#14 http://www.ibm.com/timex#di http://ex.org/variable#33	1
http://ex.org/variable#14 http://www.ibm.com/timex#d http://ex.org/variable#34	1
http://ex.org/variable#14 http://www.ibm.com/timex#oi http://ex.org/variable#35	1
http://ex.org/variable#14 http://www.ibm.com/timex#oi http://ex.org/variable#36	1
http://ex.org/variable#14 http://www.ibm.com/timex#di http://ex.org/variable#37	1
http://ex.org/variable#14 http://www.ibm.com/timex#oi http://ex.org/variable#38	1
http://ex.org/variable#14 http://www.ibm.com/timex#oi http://ex.org/variable#39	1
http://ex.org/variable#14 http://www.ibm.com/timex#di http://ex.org/variable#40	1
http://ex.org/variable#14 http://www.ibm.com/timex#di_fi http://ex.org/variable#41	1
http://ex.org/variable#14 http://www.ibm.com/timex#oi http://ex.org/variable#42	1
http://ex.org/variable#14 http://www.ibm.com/timex#oi_d_f http://ex.org/variable#43	1
http://ex.org/variable#14 http://www.ibm.com/timex#oi http://ex.org/variable#44	1
http://ex.org/variable#14 http://www.ibm.com/timex#oi http://ex.org/variable#45	1
http://ex.org/variable#14 http://www.ibm.com/timex#di http://ex.org/variable#46	1
http://ex.org/variable#14 http://www.ibm.com/timex#di http://ex.org/variable#47	1
http://ex.org/variable#14 http://www.ibm.com/timex#oi http://ex.org/variable#48	1
http://ex.org/variable#14 http://www.ibm.com/timex#oi http://ex.org/variable#49	1
http://ex.org/variable#14 http://www.ibm.com/timex#oi http://ex.org/variable#50	1
http://ex.org/variable#14 http://www.ibm.com/timex#f http://ex.org/variable#51	1
http://ex.org/variable#14 http://www.ibm.com/timex#oi http://ex.org/variable#52	1
http://ex.org/variable#14 http://www.ibm.com/timex#o http://ex.org/variable#53	1
http://ex.org/variable#14 http://www.ibm.com/timex#oi http://ex.org/variable#54	1
http://ex.org/variable#14 http://www.ibm.com/timex#oi http://ex.org/variable#55	1
http://ex.org/variable#14 http://www.ibm.com/timex#oi http://ex.org/variable#56	1
http://ex.org/variable#14 http://www.ibm.com/timex#oi http://ex.org/variable#57	1
http://ex.org/variable#14 http://www.ibm.com/timex#o http://ex.org/variable#58	1
http://ex.org/variable#14 http://www.ibm.com/timex#di http://ex.org/variable#59	1
http://ex.org/variable#14 http://www.ibm.com/timex#d http://ex.org/variable#60	1
http://ex.org/variable#14 http://www.ibm.com/timex#oi http://ex.org/variable#61	1
http://ex.org/variable#14 http://www.ibm.com/timex#d http://ex.org/variable#62	1
http://ex.org/variable#14 http://www.ibm.com/timex#oi http://ex.org/variable#63	1
http://ex.org/variable#14 http://www.ibm.com/timex#oi_d_f http://ex.org/variable#64	1
http://ex.org/variable#14 http://www.ibm.com/timex#oi http://ex.org/variable#65	1
http://ex.org/variable#14 http://www.ibm.com/timex#oi http://ex.org/variable#66	1
http://ex.org/variable#14 http://www.ibm.com/timex#oi http://ex.org/variable#67	1
http://ex.org/variable#14 http://www.ibm.com/timex#di http://ex.org/variable#68	1
http://ex.org/variable#14 http://www.ibm.com/timex#oi http://ex.org/variable#69	1
http://ex.org/variable#14 http://www.ibm.com/timex#oi http://ex.org/variable#70	1
http://ex.org/variable#14 http://www.ibm.com/timex#oi http://ex.org/variable#71	1
http://ex.org/variable#14 http://www.ibm.com/timex#oi http://ex.org/variable#72	1
http://ex.org/variable#14 http://www.ibm.com/timex#oi http://ex.org/variable#73	1
http://ex.org/variable#14 http://www.ibm.com/timex#oi_d_f http://ex.org/variable#74	1
http://ex.org/variable#14 http://www.ibm.com/timex#oi http://ex.org/variable#75	1
http://ex.org/variable#14 http://www.ibm.com/timex#o http://ex.org/variable#76	1
http://ex.org/variable#14 http://www.ibm.com/timex#oi http://ex.org/variable#77	1
http://ex.org/variable#14 http://www.ibm.com/timex#oi http://ex.org/variable#78	1
http://ex.org/variable#14 http://www.ibm.com/timex#oi http://ex.org/variable#79	1
http://ex.org/variable#14 http://www.ibm.com/timex#o http://ex.org/variable#80	1
http://ex.org/variable#14 http://www.ibm.com/timex#oi http://ex.org/variable#81	1
http://ex.org/variable#14 http://www.ibm.com/timex#oi http://ex.org/variable#82	1
http://ex.org/variable#14 http://www.ibm.com/timex#d http://ex.org/variable#83	1
http://ex.org/variable#14 http://www.ibm.com/timex#eq_o_oi_d_di_s_si_f_fi http://ex.org/variable#84	1
http://ex.org/variable#14 http://www.ibm.com/timex#oi http://ex.org/variable#85	1
http://ex.org/variable#14 http://www.ibm.com/timex#oi http://ex.org/variable#86	1
http://ex.org/variable#14 http://www.ibm.com/timex#oi http://ex.org/variable#87	1
http://ex.org/variable#14 http://www.ibm.com/timex#oi_di_f_fi http://ex.org/variable#88	1
http://ex.org/variable#14 http://www.ibm.com/timex#o http://ex.org/variable#89	1
http://ex.org/variable#15 http://www.ibm.com/timex#di http://ex.org/variable#0	1
http://ex.org/variable#15 http://www.ibm.com/timex#di http://ex.org/variable#1	1
http://ex.org/variable#15 http://www.ibm.com/timex#o http://ex.org/variable#2	1
http://ex.org/variable#15 http://www.ibm.com/timex#d http://ex.org/variable#3	1
http://ex.org/variable#15 http://www.ibm.com/timex#di http://ex.org/variable#4	1
http://ex.org/variable#15 http://www.ibm.com/timex#d http://ex.org/variable#5	1
http://ex.org/variable#15 http://www.ibm.com/timex#di http://ex.org/variable#6	1
http://ex.org/variable#15 http://www.ibm.com/timex#oi_di_si http://ex.org/variable#7	1
http://ex.org/variable#15 http://www.ibm.com/timex#d http://ex.org/variable#8	1
http://ex.org/variable#15 http://www.ibm.com/timex#oi http://ex.org/variable#9	1
http://ex.org/variable#15 http://www.ibm.com/timex#oi http://ex.org/variable#10	1
http://ex.org/variable#15 http://www.ibm.com/timex#o_di_fi http://ex.org/variable#11	1
http://ex.org/variable#15 http://www.ibm.com/timex#mi_oi http://ex.org/variable#12	1
http://ex.org/variable#15 http://www.ibm.com/timex#d http://ex.org/variable#13	1
http://ex.org/variable#15 http://www.ibm.com/timex#o http://ex.org/variable#14	1
http://ex.org/variable#15 http://www.ibm.com/timex#oi http://ex.org/variable#16	1
http://ex.org/variable#15 http://www.ibm.com/timex#o_d_s http://ex.org/variable#17	1
http://ex.org/variable#15 http://www.ibm.com/timex#d http://ex.org/variable#18	1
http://ex.org/variable#15 http://www.ibm.com/timex#oi http://ex.org/variable#19	1
http://ex.org/variable#15 http://www.ibm.com/timex#oi http://ex.org/variable#20	1
http://ex.org/variable#15 http://www.ibm.com/timex#oi_d_f http://ex.org/variable#21	1
http://ex.org/variable#15 http://www.ibm.com/timex#di http://ex.org/variable#22	1
http://ex.org/variable#15 http://www.ibm.com/timex#oi http://ex.org/variable#23	1
http://ex.org/variable#15 http://www.ibm.com/timex#di http://ex.org/variable#24	1
http://ex.org/variable#15 http://www.ibm.com/timex#oi http://ex.org/variable#25	1
http://ex.org/variable#15 http://www.ibm.com/timex#oi_d_f http://ex.org/variable#26	1
http://ex.org/variable#15 http://www.ibm.com/timex#oi_d_f http://ex.org/variable#27	1
http://ex.org/variable#15 http://www.ibm.com/timex#d http://ex.org/variable#28	1
http://ex.org/variable#15 http://www.ibm.com/timex#oi_di_si http://ex.org/variable#29	1
http://ex.org/variable#15 http://www.ibm.com/timex#oi http://ex.org/variable#30	1
http://ex.org/variable#15 http://www.ibm.com/timex#di http://ex.org/variable#31	1
http://ex.org/variable#15 http://www.ibm.com/timex#oi http://ex.org/variable#32	1
http://ex.org/variable#15 http://www.ibm.com/timex#o_di_fi http://ex.org/variable#33	1
http://ex.org/variable#15 http://www.ibm.com/timex#o_d_s http://ex.org/variable#34	1
http://ex.org/variable#15 http://www.ibm.com/timex#oi http://ex.org/variable#35	1
http://ex.org/variable#15 http://www.ibm.com/timex#d http://ex.org/variable#36	1
http://ex.org/variable#15 http://www.ibm.com/timex#di http://ex.org/variable#37	1
http://ex.org/variable#15 http://www.ibm.com/timex#oi http://ex.org/variable#38	1
http://ex.org/variable#15 http://www.ibm.com/timex#oi http://ex.org/variable#39	1
http://ex.org/variable#15 http://www.ibm.com/timex#di http://ex.org/variable#40	1
http://ex.org/variable#15 http://www.ibm.com/timex#o http://ex.org/variable#41	1
http://ex.org/variable#15 http://www.ibm.com/timex#oi_d_f http://ex.org/variable#42	1
http://ex.org/variable#15 http://www.ibm.com/timex#oi_d_f http://ex.org/variable#43	1
http://ex.org/variable#15 http://www.ibm.com/timex#oi_di_si http://ex.org/variable#44	1
http://ex.org/variable#15 http://www.ibm.com/timex#oi http://ex.org/variable#45	1
http://ex.org/variable#15 http://www.ibm.com/timex#di http://ex.org/variable#46	1
http://ex.org/variable#15 http://www.ibm.com/timex#di http://ex.org/variable#47	1
http://ex.org/variable#15 http://www.ibm.com/timex#oi_f http://ex.org/variable#48	1
http://ex.org/variable#15 http://www.ibm.com/timex#oi http://ex.org/variable#49	1
http://ex.org/variable#15 http://www.ibm.com/timex#oi_di_si http://ex.org/variable#50	1
http://ex.org/variable#15 http://www.ibm.com/timex#d http://ex.org/variable#51	1
http://ex.org/variable#15 http://www.ibm.com/timex#oi http://ex.org/variable#52	1
http://ex.org/variable#15 http://www.ibm.com/timex#o http://ex.org/variable#53	1
http://ex.org/variable#15 http://www.ibm.com/timex#oi_d http://ex.org/variable#54	1
http://ex.org/variable#15 http://www.ibm.com/timex#oi http://ex.org/variable#55	1
http://ex.org/variable#15 http://www.ibm.com/timex#oi http://ex.org/variable#56	1
http://ex.org/variable#15 http://www.ibm.com/timex#oi http://ex.org/variable#57	1
http://ex.org/variable#15 http://www.ibm.com/timex#b_m_o http://ex.org/variable#58	1
http://ex.org/variable#15 http://www.ibm.com/timex#di http://ex.org/variable#59	1
http://ex.org/variable#15 http://www.ibm.com/timex#d http://ex.org/variable#60	1
http://ex.org/variable#15 http://www.ibm.com/timex#oi http://ex.org/variable#61	1
http://ex.org/variable#15 http://www.ibm.com/timex#o http://ex.org/variable#62	1
http://ex.org/variable#15 http://www.ibm.com/timex#di http://ex.org/variable#63	1
http://ex.org/variable#15 http://www.ibm.com/timex#o http://ex.org/variable#64	1
http://ex.org/variable#15 http://www.ibm.com/timex#o_d http://ex.org/variable#65	1
http://ex.org/variable#15 http://www.ibm.com/timex#oi_d_f http://ex.org/variable#66	1
http://ex.org/variable#15 http://www.ibm.com/timex#oi http://ex.org/variable#67	1
http://ex.org/variable#15 http://www.ibm.com/timex#o http://ex.org/variable#68	1
http://ex.org/variable#15 http://www.ibm.com/timex#oi http://ex.org/variable#69	1
http://ex.org/variable#15 http://www.ibm.com/timex#oi http://ex.org/variable#70	1
http://ex.org/variable#15 http://www.ibm.com/timex#oi http://ex.org/variable#71	1
http://ex.org/variable#15 http://www.ibm.com/timex#oi http://ex.org/variable#72	1
http://ex.org/variable#15 http://www.ibm.com/timex#oi http://ex.org/variable#73	1
http://ex.org/variable#15 http://www.ibm.com/timex#d_f http://ex.org/variable#74	1
http://ex.org/variable#15 http://www.ibm.com/timex#oi http://ex.org/variable#75	1
http://ex.org/variable#15 http://www.ibm.com/timex#o http://ex.org/variable#76	1
http://ex.org/variable#15 http://www.ibm.com/timex#di http://ex.org/variable#77	1
http://ex.org/variable#15 http://www.ibm.com/timex#oi http://ex.org/variable#78	1
http://ex.org/variable#15 http://www.ibm.com/timex#oi http://ex.org/variable#79	1
http://ex.org/variable#15 http://www.ibm.com/timex#o http://ex.org/variable#80	1
http://ex.org/variable#15 http://www.ibm.com/timex#oi http://ex.org/variable#81	1
http://ex.org/variable#15 http://www.ibm.com/timex#oi http://ex.org/variable#82	1
http://ex.org/variable#15 http://www.ibm.com/timex#d http://ex.org/variable#83	1
http://ex.org/variable#15 http://www.ibm.com/timex#o_d_s http://ex.org/variable#84	1
http://ex.org/variable#15 http://www.ibm.com/timex#oi http://ex.org/variable#85	1
http://ex.org/variable#15 http://www.ibm.com/timex#oi http://ex.org/variable#86	1
http://ex.org/variable#15 http://www.ibm.com/timex#oi http://ex.org/variable#87	1
http://ex.org/variable#15 http://www.ibm.com/timex#eq_o_oi_d_di_s_si_f_fi http://ex.org/variable#88	1
http://ex.org/variable#15 http://www.ibm.com/timex#o http://ex.org/variable#89	1
http://ex.org/variable#16 http://www.ibm.com/timex#b http://ex.org/variable#0	1
http://ex.org/variable#16 http://www.ibm.com/timex#o http://ex.org/variable#1	1
http://ex.org/variable#16 http://www.ibm.com/timex#o http://ex.org/variable#2	1
http://ex.org/variable#16 http://www.ibm.com/timex#o http://ex.org/variable#3	1
http://ex.org/variable#16 http://www.ibm.com/timex#b_m_o http://ex.org/variable#4	1
http://ex.org/variable#16 http://www.ibm.com/timex#d http://ex.org/variable#5	1
http://ex.org/variable#16 http://www.ibm.com/timex#fi http://ex.org/variable#6	1
http://ex.org/variable#16 http://www.ibm.com/timex#o http://ex.org/variable#7	1
http://ex.org/variable#16 http://www.ibm.com/timex#d http://ex.org/variable#8	1
http://ex.org/variable#16 http://www.ibm.com/timex#d http://ex.org/variable#9	1
http://ex.org/variable#16 http://www.ibm.com/timex#d http://ex.org/variable#10	1
http://ex.org/variable#16 http://www.ibm.com/timex#o http://ex.org/variable#11	1
http://ex.org/variable#16 http://www.ibm.com/timex#oi_di_si http://ex.org/variable#12	1
http://ex.org/variable#16 http://www.ibm.com/timex#d http://ex.org/variable#13	1
http://ex.org/variable#16 http://www.ibm.com/timex#o http://ex.org/variable#14	1
http://ex.org/variable#16 http://www.ibm.com/timex#o http://ex.org/variable#15	1
http://ex.org/variable#16 http://www.ibm.com/timex#o http://ex.org/variable#17	1
http://ex.org/variable#16 http://www.ibm.com/timex#d http://ex.org/variable#18	1
http://ex.org/variable#16 http://www.ibm.com/timex#oi http://ex.org/variable#19	1
http://ex.org/variable#16 http://www.ibm.com/timex#oi_di_si http://ex.org/variable#20	1
http://ex.org/variable#16 http://www.ibm.com/timex#o_d_s http://ex.org/variable#21	1
http://ex.org/variable#16 http://www.ibm.com/timex#m http://ex.org/variable#22	1
http://ex.org/variable#16 http://www.ibm.com/timex#oi http://ex.org/variable#23	1
http://ex.org/variable#16 http://www.ibm.com/timex#b http://ex.org/variable#24	1
http://ex.org/variable#16 http://www.ibm.com/timex#di http://ex.org/variable#25	1
http://ex.org/variable#16 http://www.ibm.com/timex#d http://ex.org/variable#26	1
http://ex.org/variable#16 http://www.ibm.com/timex#o_d_s http://ex.org/variable#27	1
http://ex.org/variable#16 http://www.ibm.com/timex#d http://ex.org/variable#28	1
http://ex.org/variable#16 http://www.ibm.com/timex#o http://ex.org/variable#29	1
http://ex.org/variable#16 http://www.ibm.com/timex#oi http://ex.org/variable#30	1
http://ex.org/variable#16 http://www.ibm.com/timex#b http://ex.org/variable#31	1
http://ex.org/variable#16 http://www.ibm.com/timex#d http://ex.org/variable#32	1
http://ex.org/variable#16 http://www.ibm.com/timex#o http://ex.org/variable#33	1
http://ex.org/variable#16 http://www.ibm.com/timex#o http://ex.org/variable#34	1
http://ex.org/variable#16 http://www.ibm.com/timex#o http://ex.org/variable#35	1
http://ex.org/variable#16 http://www.ibm.com/timex#o_d_s http://ex.org/variable#36	1
http://ex.org/variable#16 http://www.ibm.com/timex#di http://ex.org/variable#37	1
http://ex.org/variable#16 http://www.ibm.com/timex#o http://ex.org/variable#38	1
http://ex.org/variable#16 http://www.ibm.com/timex#o_d_s http://ex.org/variable#39	1
http://ex.org/variable#16 http://www.ibm.com/timex#b http://ex.org/variable#40	1
http://ex.org/variable#16 http://www.ibm.com/timex#b http://ex.org/variable#41	1
http://ex.org/variable#16 http://www.ibm.com/timex#d http://ex.org/variable#42	1
http://ex.org/variable#16 http://www.ibm.com/timex#d http://ex.org/variable#43	1
http://ex.org/variable#16 http://www.ibm.com/timex#o_di_fi http://ex.org/variable#44	1
http://ex.org/variable#16 http://www.ibm.com/timex#d http://ex.org/variable#45	1
http://ex.org/variable#16 http://www.ibm.com/timex#o http://ex.org/variable#46	1
http://ex.org/variable#16 http://www.ibm.com/timex#o http://ex.org/variable#47	1
http://ex.org/variable#16 http://www.ibm.com/timex#o http://ex.org/variable#48	1
http://ex.org/variable#16 http://www.ibm.com/timex#d http://ex.org/variable#49	1
http://ex.org/variable#16 http://www.ibm.com/timex#di http://ex.org/variable#50	1
http://ex.org/variable#16 http://www.ibm.com/timex#o_d_s http://ex.org/variable#51	1
http://ex.org/variable#16 http://www.ibm.com/timex#d http://ex.org/variable#52	1
http://ex.org/variable#16 http://www.ibm.com/timex#o http://ex.org/variable#53	1
http://ex.org/variable#16 http://www.ibm.com/timex#d http://ex.org/variable#54	1
http://ex.org/variable#16 http://www.ibm.com/timex#d http://ex.org/variable#55	1
http://ex.org/variable#16 http://www.ibm.com/timex#o http://ex.org/variable#56	1
http://ex.org/variable#16 http://www.ibm.com/timex#d http://ex.org/variable#57	1
http://ex.org/variable#16 http://www.ibm.com/timex#b http://ex.org/variable#58	1
http://ex.org/variable#16 http://www.ibm.com/timex#b_m http://ex.org/variable#59	1
http://ex.org/variable#16 http://www.ibm.com/timex#d http://ex.org/variable#60	1
http://ex.org/variable#16 http://www.ibm.com/timex#oi_di_si http://ex.org/variable#61	1
http://ex.org/variable#16 http://www.ibm.com/timex#o http://ex.org/variable#62	1
http://ex.org/variable#16 http://www.ibm.com/timex#di http://ex.org/variable#63	1
http://ex.org/variable#16 http://www.ibm.com/timex#o http://ex.org/variable#64	1
http://ex.org/variable#16 http://www.ibm.com/timex#o http://ex.org/variable#65	1
http://ex.org/variable#16 http://www.ibm.com/timex#o_d_s http://ex.org/variable#66	1
http://ex.org/variable#16 http://www.ibm.com/timex#d http://ex.org/variable#67	1
http://ex.org/variable#16 http://www.ibm.com/timex#o http://ex.org/variable#68	1
http://ex.org/variable#16 http://www.ibm.com/timex#oi http://ex.org/variable#69	1
http://ex.org/variable#16 http://www.ibm.com/timex#d http://ex.org/variable#70	1
http://ex.org/variable#16 http://www.ibm.com/timex#d http://ex.org/variable#71	1
http://ex.org/variable#16 http://www.ibm.com/timex#o http://ex.org/variable#72	1
http://ex.org/variable#16 http://www.ibm.com/timex#o_d http://ex.org/variable#73	1
http://ex.org/variable#16 http://www.ibm.com/timex#d http://ex.org/variable#74	1
http://ex.org/variable#16 http://www.ibm.com/timex#o http://ex.org/variable#75	1
http://ex.org/variable#16 http://www.ibm.com/timex#b http://ex.org/variable#76	1
http://ex.org/variable#16 http://www.ibm.com/timex#di http://ex.org/variable#77	1
http://ex.org/variable#16 http://www.ibm.com/timex#d http://ex.org/variable#78	1
http://ex.org/variable#16 http://www.ibm.com/timex#d http://ex.org/variable#79	1
http://ex.org/variable#16 http://www.ibm.com/timex#b http://ex.org/variable#80	1
http://ex.org/variable#16 http://www.ibm.com/timex#oi http://ex.org/variable#81	1
http://ex.org/variable#16 http://www.ibm.com/timex#o_d_s http://ex.org/variable#82	1
http://ex.org/variable#16 http://www.ibm.com/timex#o http://ex.org/variable#83	1
http://ex.org/variable#16 http://www.ibm.com/timex#o http://ex.org/variable#84	1
http://ex.org/variable#16 http://www.ibm.com/timex#fi http://ex.org/variable#85	1
http://ex.org/variable#16 http://www.ibm.com/timex#d http://ex.org/variable#86	1
http://ex.org/variable#16 http://www.ibm.com/timex#o http://ex.org/variable#87	1
http://ex.org/variable#16 http://www.ibm.com/timex#o_d_s http://ex.org/variable#88	1
http://ex.org/variable#16 http://www.ibm.com/timex#o http://ex.org/variable#89	1
http://ex.org/variable#17 http://www.ibm.com/timex#di http://ex.org/variable#0	1
http://ex.org/variable#17 http://www.ibm.com/timex#di http://ex.org/variable#1	1
http://ex.org/variable#17 http://www.ibm.com/timex#di http://ex.org/variable#2	1
http://ex.org/variable#17 http://www.ibm.com/timex#oi_f http://ex.org/variable#3	1
http://ex.org/variable#17 http://www.ibm.com/timex#di http://ex.org/variable#4	1
http://ex.org/variable#17 http://www.ibm.com/timex#d http://ex.org/variable#5	1
http://ex.org/variable#17 http://www.ibm.com/timex#di http://ex.org/variable#6	1
http://ex.org/variable#17 http://www.ibm.com/timex#oi_di_si http://ex.org/variable#7	1
http://ex.org/variable#17 http://www.ibm.com/timex#oi http://ex.org/variable#8	1
http://ex.org/variable#17 http://www.ibm.com/timex#oi http://ex.org/variable#9	1
http://ex.org/variable#17 http://www.ibm.com/timex#oi http://ex.org/variable#10	1
http://ex.org/variable#17 http://www.ibm.com/timex#di http://ex.org/variable#11	1
http://ex.org/variable#17 http://www.ibm.com/timex#bi_mi_oi http://ex.org/variable#12	1
http://ex.org/variable#17 http://www.ibm.com/timex#oi http://ex.org/variable#13	1
http://ex.org/variable#17 http://www.ibm.com/timex#di http://ex.org/variable#14	1
http://ex.org/variable#17 http://www.ibm.com/timex#oi_di_si http://ex.org/variable#15	1
http://ex.org/variable#17 http://www.ibm.com/timex#oi http://ex.org/variable#16	1
http://ex.org/variable#17 http://www.ibm.com/timex#oi http://ex.org/variable#18	1
http://ex.org/variable#17 http://www.ibm.com/timex#oi http://ex.org/variable#19	1
http://ex.org/variable#17 http://www.ibm.com/timex#oi http://ex.org/variable#20	1
http://ex.org/variable#17 http://www.ibm.com/timex#oi http://ex.org/variable#21	1
http://ex.org/variable#17 http://www.ibm.com/timex#di http://ex.org/variable#22	1
http://ex.org/variable#17 http://www.ibm.com/timex#oi http://ex.org/variable#23	1
http://ex.org/variable#17 http://www.ibm.com/timex#di http://ex.org/variable#24	1
http://ex.org/variable#17 http://www.ibm.com/timex#oi http://ex.org/variable#25	1
http://ex.org/variable#17 http://www.ibm.com/timex#oi http://ex.org/variable#26	1
http://ex.org/variable#17 http://www.ibm.com/timex#oi http://ex.org/variable#27	1
http://ex.org/variable#17 http://www.ibm.com/timex#oi_d_f http://ex.org/variable#28	1
http://ex.org/variable#17 http://www.ibm.com/timex#oi http://ex.org/variable#29	1
http://ex.org/variable#17 http://www.ibm.com/timex#oi http://ex.org/variable#30	1
http://ex.org/variable#17 http://www.ibm.com/timex#di http://ex.org/variable#31	1
http://ex.org/variable#17 http://www.ibm.com/timex#oi http://ex.org/variable#32	1
http://ex.org/variable#17 http://www.ibm.com/timex#di http://ex.org/variable#33	1
http://ex.org/variable#17 http://www.ibm.com/timex#di_si http://ex.org/variable#34	1
http://ex.org/variable#17 http://www.ibm.com/timex#oi http://ex.org/variable#35	1
http://ex.org/variable#17 http://www.ibm.com/timex#oi_di_si http://ex.org/variable#36	1
http://ex.org/variable#17 http://www.ibm.com/timex#di http://ex.org/variable#37	1
http://ex.org/variable#17 http://www.ibm.com/timex#oi http://ex.org/variable#38	1
http://ex.org/variable#17 http://www.ibm.com/timex#oi http://ex.org/variable#39	1
http://ex.org/variable#17 http://www.ibm.com/timex#di http://ex.org/variable#40	1
http://ex.org/variable#17 http://www.ibm.com/timex#di http://ex.org/variable#41	1
http://ex.org/variable#17 http://www.ibm.com/timex#oi http://ex.org/variable#42	1
http://ex.org/variable#17 http://www.ibm.com/timex#oi http://ex.org/variable#43	1
http://ex.org/variable#17 http://www.ibm.com/timex#oi_di_si http://ex.org/variable#44	1
http://ex.org/variable#17 http://www.ibm.com/timex#oi http://ex.org/variable#45	1
http://ex.org/variable#17 http://www.ibm.com/timex#di http://ex.org/variable#46	1
http://ex.org/variable#17 http://www.ibm.com/timex#di http://ex.org/variable#47	1
http://ex.org/variable#17 http://www.ibm.com/timex#oi_si http://ex.org/variable#48	1
http://ex.org/variable#17 http://www.ibm.com/timex#oi http://ex.org/variable#49	1
http://ex.org/variable#17 http://www.ibm.com/timex#di_si http://ex.org/variable#50	1
http://ex.org/variable#17 http://www.ibm.com/timex#oi http://ex.org/variable#51	1
http://ex.org/variable#17 http://www.ibm.com/timex#oi http://ex.org/variable#52	1
http://ex.org/variable#17 http://www.ibm.com/timex#di http://ex.org/variable#53	1
http://ex.org/variable#17 http://www.ibm.com/timex#oi http://ex.org/variable#54	1
http://ex.org/variable#17 http://www.ibm.com/timex#oi http://ex.org/variable#55	1
http://ex.org/variable#17 http://www.ibm.com/timex#oi_si http://ex.org/variable#56	1
http://ex.org/variable#17 http://www.ibm.com/timex#oi http://ex.org/variable#57	1
http://ex.org/variable#17 http://www.ibm.com/timex#di http://ex.org/variable#58	1
http://ex.org/variable#17 http://www.ibm.com/timex#di http://ex.org/variable#59	1
http://ex.org/variable#17 http://www.ibm.com/timex#oi http://ex.org/variable#60	1
http://ex.org/variable#17 http://www.ibm.com/timex#oi http://ex.org/variable#61	1
http://ex.org/variable#17 http://www.ibm.com/timex#o_s http://ex.org/variable#62	1
http://ex.org/variable#17 http://www.ibm.com/timex#di http://ex.org/variable#63	1
http://ex.org/variable#17 http://www.ibm.com/timex#oi_di_si http://ex.org/variable#64	1
http://ex.org/variable#17 http://www.ibm.com/timex#oi_di_si http://ex.org/variable#65	1
http://ex.org/variable#17 http://www.ibm.com/timex#oi http://ex.org/variable#66	1
http://ex.org/variable#17 http://www.ibm.com/timex#oi http://ex.org/variable#67	1
http://ex.org/variable#17 http://www.ibm.com/timex#di http://ex.org/variable#68	1
http://ex.org/variable#17 http://www.ibm.com/timex#oi http://ex.org/variable#69	1
http://ex.org/variable#17 http://www.ibm.com/timex#oi http://ex.org/variable#70	1
http://ex.org/variable#17 http://www.ibm.com/timex#oi http://ex.org/variable#71	1
http://ex.org/variable#17 http://www.ibm.com/timex#oi http://ex.org/variable#72	1
http://ex.org/variable#17 http://www.ibm.com/timex#oi http://ex.org/variable#73	1
http://ex.org/variable#17 http://www.ibm.com/timex#oi http://ex.org/variable#74	1
http://ex.org/variable#17 http://www.ibm.com/timex#oi_di_si http://ex.org/variable#75	1
http://ex.org/variable#17 http://www.ibm.com/timex#di http://ex.org/variable#76	1
http://ex.org/variable#17 http://www.ibm.com/timex#di http://ex.org/variable#77	1
http://ex.org/variable#17 http://www.ibm.com/timex#oi http://ex.org/variable#78	1
http://ex.org/variable#17 http://www.ibm.com/timex#oi http://ex.org/variable#79	1
http://ex.org/variable#17 http://www.ibm.com/timex#o http://ex.org/variable#80	1
http://ex.org/variable#17 http://www.ibm.com/timex#oi http://ex.org/variable#81	1
http://ex.org/variable#17 http://www.ibm.com/timex#oi http://ex.org/variable#82	1
http://ex.org/variable#17 http://www.ibm.com/timex#oi_di_si http://ex.org/variable#83	1
http://ex.org/variable#17 http://www.ibm.com/timex#oi_di_si http://ex.org/variable#84	1
http://ex.org/variable#17 http://www.ibm.com/timex#oi http://ex.org/variable#85	1
http://ex.org/variable#17 http://www.ibm.com/timex#oi http://ex.org/variable#86	1
http://ex.org/variable#17 http://www.ibm.com/timex#oi http://ex.org/variable#87	1
http://ex.org/variable#17 http://www.ibm.com/timex#oi_di_si http://ex.org/variable#88	1
http://ex.org/variable#17 http://www.ibm.com/timex#di_fi http://ex.org/variable#89	1
http://ex.org/variable#18 http://www.ibm.com/timex#di http://ex.org/variable#0	1
http://ex.org/variable#18 http://www.ibm.com/timex#di http://ex.org/variable#1	1
http://ex.org/variable#18 http://www.ibm.com/timex#di http://ex.org/variable#2	1
http://ex.org/variable#18 http://www.ibm.com/timex#o_di_fi http://ex.org/variable#3	1
http://ex.org/variable#18 http://www.ibm.com/timex#di http://ex.org/variable#4	1
http://ex.org/variable#18 http://www.ibm.com/timex#o http://ex.org/variable#5	1
http://ex.org/variable#18 http://www.ibm.com/timex#di http://ex.org/variable#6	1
http://ex.org/variable#18 http://www.ibm.com/timex#di http://ex.org/variable#7	1
http://ex.org/variable#18 http://www.ibm.com/timex#di http://ex.org/variable#8	1
http://ex.org/variable#18 http://www.ibm.com/timex#oi_di http://ex.org/variable#9	1
http://ex.org/variable#18 http://www.ibm.com/timex#oi_di_si http://ex.org/variable#10	1
http://ex.org/variable#18 http://www.ibm.com/timex#di http://ex.org/variable#11	1
http://ex.org/variable#18 http://www.ibm.com/timex#di http://ex.org/variable#12	1
http://ex.org/variable#18 http://www.ibm.com/timex#si http://ex.org/variable#13	1
http://ex.org/variable#18 http://www.ibm.com/timex#di http://ex.org/variable#14	1
http://ex.org/variable#18 http://www.ibm.com/timex#di http://ex.org/variable#15	1
http://ex.org/variable#18 http://www.ibm.com/timex#di http://ex.org/variable#16	1
http://ex.org/variable#18 http://www.ibm.com/timex#o http://ex.org/variable#17	1
http://ex.org/variable#18 http://www.ibm.com/timex#di http://ex.org/variable#19	1
http://ex.org/variable#18 http://www.ibm.com/timex#di http://ex.org/variable#20	1
http://ex.org/variable#18 http://www.ibm.com/timex#di http://ex.org/variable#21	1
http://ex.org/variable#18 http://www.ibm.com/timex#di http://ex.org/variable#22	1
http://ex.org/variable#18 http://www.ibm.com/timex#di http://ex.org/variable#23	1
http://ex.org/variable#18 http://www.ibm.com/timex#di http://ex.org/variable#24	1
http://ex.org/variable#18 http://www.ibm.com/timex#di http://ex.org/variable#25	1
http://ex.org/variable#18 http://www.ibm.com/timex#di http://ex.org/variable#26	1
http://ex.org/variable#18 http://www.ibm.com/timex#di http://ex.org/variable#27	1
http://ex.org/variable#18 http://www.ibm.com/timex#eq_o_oi_d_di_s_si_f_fi http://ex.org/variable#28	1
http://ex.org/variable#18 http://www.ibm.com/timex#di http://ex.org/variable#29	1
http://ex.org/variable#18 http://www.ibm.com/timex#di http://ex.org/variable#30	1
http://ex.org/variable#18 http://www.ibm.com/timex#di http://ex.org/variable#31	1
http://ex.org/variable#18 http://www.ibm.com/timex#si http://ex.org/variable#32	1
http://ex.org/variable#18 http://www.ibm.com/timex#di http://ex.org/variable#33	1
http://ex.org/variable#18 http://www.ibm.com/timex#di http://ex.org/variable#34	1
http://ex.org/variable#18 http://www.ibm.com/timex#di http://ex.org/variable#35	1
http://ex.org/variable#18 http://www.ibm.com/timex#di http://ex.org/variable#36	1
http://ex.org/variable#18 http://www.ibm.com/timex#di http://ex.org/variable#37	1
http://ex.org/variable#18 http://www.ibm.com/timex#di http://ex.org/variable#38	1
http://ex.org/variable#18 http://www.ibm.com/timex#di http://ex.org/variable#39	1
http://ex.org/variable#18 http://www.ibm.com/timex#di http://ex.org/variable#40	1
http://ex.org/variable#18 http://www.ibm.com/timex#di http://ex.org/variable#41	1
http://ex.org/variable#18 http://www.ibm.com/timex#di http://ex.org/variable#42	1
http://ex.org/variable#18 http://www.ibm.com/timex#di http://ex.org/variable#43	1
http://ex.org/variable#18 http://www.ibm.com/timex#di http://ex.org/variable#44	1
http://ex.org/variable#18 http://www.ibm.com/timex#di http://ex.org/variable#45	1
http://ex.org/variable#18 http://www.ibm.com/timex#di http://ex.org/variable#46	1
http://ex.org/variable#18 http://www.ibm.com/timex#di http://ex.org/variable#47	1
http://ex.org/variable#18 http://www.ibm.com/timex#di http://ex.org/variable#48	1
http://ex.org/variable#18 http://www.ibm.com/timex#di http://ex.org/variable#49	1
http://ex.org/variable#18 http://www.ibm.com/timex#di http://ex.org/variable#50	1
http://ex.org/variable#18 http://www.ibm.com/timex#di http://ex.org/variable#51	1
http://ex.org/variable#18 http://www.ibm.com/timex#di http://ex.org/variable#52	1
http://ex.org/variable#18 http://www.ibm.com/timex#di http://ex.org/variable#53	1
http://ex.org/variable#18 http://www.ibm.com/timex#di http://ex.org/variable#54	1
http://ex.org/variable#18 http://www.ibm.com/timex#di http://ex.org/variable#55	1
http://ex.org/variable#18 http://www.ibm.com/timex#di http://ex.org/variable#56	1
http://ex.org/variable#18 http://www.ibm.com/timex#di http://ex.org/variable#57	1
http://ex.org/variable#18 http://www.ibm.com/timex#di http://ex.org/variable#58	1
http://ex.org/variable#18 http://www.ibm.com/timex#di http://ex.org/variable#59	1
http://ex.org/variable#18 http://www.ibm.com/timex#oi http://ex.org/variable#60	1
http://ex.org/variable#18 http://www.ibm.com/timex#di http://ex.org/variable#61	1
http://ex.org/variable#18 http://www.ibm.com/timex#o http://ex.org/variable#62	1
http://ex.org/variable#18 http://www.ibm.com/timex#di http://ex.org/variable#63	1
http://ex.org/variable#18 http://www.ibm.com/timex#di http://ex.org/variable#64	1
http://ex.org/variable#18 http://www.ibm.com/timex#di http://ex.org/variable#65	1
http://ex.org/variable#18 http://www.ibm.com/timex#di http://ex.org/variable#66	1
http://ex.org/variable#18 http://www.ibm.com/timex#di http://ex.org/variable#67	1
http://ex.org/variable#18 http://www.ibm.com/timex#di http://ex.org/variable#68	1
http://ex.org/variable#18 http://www.ibm.com/timex#di http://ex.org/variable#69	1
http://ex.org/variable#18 http://www.ibm.com/timex#di http://ex.org/variable#70	1
http://ex.org/variable#18 http://www.ibm.com/timex#di http://ex.org/variable#71	1
http://ex.org/variable#18 http://www.ibm.com/timex#di http://ex.org/variable#72	1
http://ex.org/variable#18 http://www.ibm.com/timex#di http://ex.org/variable#73	1
http://ex.org/variable#18 http://www.ibm.com/timex#di http://ex.org/variable#74	1
http://ex.org/variable#18 http://www.ibm.com/timex#di http://ex.org/variable#75	1
http://ex.org/variable#18 http://www.ibm.com/timex#di http://ex.org/variable#76	1
http://ex.org/variable#18 http://www.ibm.com/timex#di http://ex.org/variable#77	1
http://ex.org/variable#18 http://www.ibm.com/timex#di http://ex.org/variable#78	1
http://ex.org/variable#18 http://www.ibm.com/timex#di http://ex.org/variable#79	1
http://ex.org/variable#18 http://www.ibm.com/timex#o http://ex.org/variable#80	1
http://ex.org/variable#18 http://www.ibm.com/timex#oi_di_si http://ex.org/variable#81	1
http://ex.org/variable#18 http://www.ibm.com/timex#di_si http://ex.org/variable#82	1
http://ex.org/variable#18 http://www.ibm.com/timex#di http://ex.org/variable#83	1
http://ex.org/variable#18 http://www.ibm.com/timex#di http://ex.org/variable#84	1
http://ex.org/variable#18 http://www.ibm.com/timex#di http://ex.org/variable#85	1
http://ex.org/variable#18 http://www.ibm.com/timex#oi_di http://ex.org/variable#86	1
http://ex.org/variable#18 http://www.ibm.com/timex#di http://ex.org/variable#87	1
http://ex.org/variable#18 http://www.ibm.com/timex#di http://ex.org/variable#88	1
http://ex.org/variable#18 http://www.ibm.com/timex#o_di_fi http://ex.org/variable#89	1
http://ex.org/variable#19 http://www.ibm.com/timex#b http://ex.org/variable#0	1
http://ex.org/variable#19 http://www.ibm.com/timex#o http://ex.org/variable#1	1
http://ex.org/variable#19 http://www.ibm.com/timex#b_m http://ex.org/variable#2	1
http://ex.org/variable#19 http://www.ibm.com/timex#o http://ex.org/variable#3	1
http://ex.org/variable#19 http://www.ibm.com/timex#b http://ex.org/variable#4	1
http://ex.org/variable#19 http://www.ibm.com/timex#d_s http://ex.org/variable#5	1
http://ex.org/variable#19 http://www.ibm.com/timex#b_m_o http://ex.org/variable#6	1
http://ex.org/variable#19 http://www.ibm.com/timex#o http://ex.org/variable#7	1
http://ex.org/variable#19 http://www.ibm.com/timex#d http://ex.org/variable#8	1
http://ex.org/variable#19 http://www.ibm.com/timex#d http://ex.org/variable#9	1
http://ex.org/variable#19 http://www.ibm.com/timex#d http://ex.org/variable#10	1
http://ex.org/variable#19 http://www.ibm.com/timex#b_m_o http://ex.org/variable#11	1
http://ex.org/variable#19 http://www.ibm.com/timex#eq_o_oi_d_di_s_si_f_fi http://ex.org/variable#12	1
http://ex.org/variable#19 http://www.ibm.com/timex#d http://ex.org/variable#13	1
http://ex.org/variable#19 http://www.ibm.com/timex#o http://ex.org/variable#14	1
http://ex.org/variable#19 http://www.ibm.com/timex#o http://ex.org/variable#15	1
http://ex.org/variable#19 http://www.ibm.com/timex#o http://ex.org/variable#16	1
http://ex.org/variable#19 http://www.ibm.com/timex#o http://ex.org/variable#17	1
http://ex.org/variable#19 http://www.ibm.com/timex#d http://ex.org/variable#18	1
http://ex.org/variable#19 http://www.ibm.com/timex#eq_o_oi_d_di_s_si_f_fi http://ex.org/variable#20	1
http://ex.org/variable#19 http://www.ibm.com/timex#o_d_s http://ex.org/variable#21	1
http://ex.org/variable#19 http://www.ibm.com/timex#b http://ex.org/variable#22	1
http://ex.org/variable#19 http://www.ibm.com/timex#d http://ex.org/variable#23	1
http://ex.org/variable#19 http://www.ibm.com/timex#b http://ex.org/variable#24	1
http://ex.org/variable#19 http://www.ibm.com/timex#o http://ex.org/variable#25	1
http://ex.org/variable#19 http://www.ibm.com/timex#d http://ex.org/variable#26	1
http://ex.org/variable#19 http://www.ibm.com/timex#o http://ex.org/variable#27	1
http://ex.org/variable#19 http://www.ibm.com/timex#d http://ex.org/variable#28	1
http://ex.org/variable#19 http://www.ibm.com/timex#o http://ex.org/variable#29	1
http://ex.org/variable#19 http://www.ibm.com/timex#o http://ex.org/variable#30	1
http://ex.org/variable#19 http://www.ibm.com/timex#b http://ex.org/variable#31	1
http://ex.org/variable#19 http://www.ibm.com/timex#d http://ex.org/variable#32	1
http://ex.org/variable#19 http://www.ibm.com/timex#b_m http://ex.org/variable#33	1
http://ex.org/variable#19 http://www.ibm.com/timex#o http://ex.org/variable#34	1
http://ex.org/variable#19 http://www.ibm.com/timex#o http://ex.org/variable#35	1
http://ex.org/variable#19 http://www.ibm.com/timex#o http://ex.org/variable#36	1
http://ex.org/variable#19 http://www.ibm.com/timex#b http://ex.org/variable#37	1
http://ex.org/variable#19 http://www.ibm.com/timex#o http://ex.org/variable#38	1
http://ex.org/variable#19 http://www.ibm.com/timex#o_d_s http://ex.org/variable#39	1
http://ex.org/variable#19 http://www.ibm.com/timex#b http://ex.org/variable#40	1
http://ex.org/variable#19 http://www.ibm.com/timex#b http://ex.org/variable#41	1
http://ex.org/variable#19 http://www.ibm.com/timex#d http://ex.org/variable#42	1
http://ex.org/variable#19 http://www.ibm.com/timex#d http://ex.org/variable#43	1
http://ex.org/variable#19 http://www.ibm.com/timex#o http://ex.org/variable#44	1
http://ex.org/variable#19 http://www.ibm.com/timex#d http://ex.org/variable#45	1
http://ex.org/variable#19 http://www.ibm.com/timex#b_m http://ex.org/variable#46	1
http://ex.org/variable#19 http://www.ibm.com/timex#b_m_o http://ex.org/variable#47	1
http://ex.org/variable#19 http://www.ibm.com/timex#o http://ex.org/variable#48	1
http://ex.org/variable#19 http://www.ibm.com/timex#d http://ex.org/variable#49	1
http://ex.org/variable#19 http://www.ibm.com/timex#o_di_fi http://ex.org/variable#50	1
http://ex.org/variable#19 http://www.ibm.com/timex#o_d_s http://ex.org/variable#51	1
http://ex.org/variable#19 http://www.ibm.com/timex#d http://ex.org/variable#52	1
http://ex.org/variable#19 http://www.ibm.com/timex#b_m_o http://ex.org/variable#53	1
http://ex.org/variable#19 http://www.ibm.com/timex#d http://ex.org/variable#54	1
http://ex.org/variable#19 http://www.ibm.com/timex#o_d http://ex.org/variable#55	1
http://ex.org/variable#19 http://www.ibm.com/timex#o http://ex.org/variable#56	1
http://ex.org/variable#19 http://www.ibm.com/timex#o http://ex.org/variable#57	1
http://ex.org/variable#19 http://www.ibm.com/timex#b http://ex.org/variable#58	1
http://ex.org/variable#19 http://www.ibm.com/timex#b http://ex.org/variable#59	1
http://ex.org/variable#19 http://www.ibm.com/timex#d http://ex.org/variable#60	1
http://ex.org/variable#19 http://www.ibm.com/timex#o http://ex.org/variable#61	1
http://ex.org/variable#19 http://www.ibm.com/timex#o http://ex.org/variable#62	1
http://ex.org/variable#19 http://www.ibm.com/timex#o_di_fi http://ex.org/variable#63	1
http://ex.org/variable#19 http://www.ibm.com/timex#o http://ex.org/variable#64	1
http://ex.org/variable#19 http://www.ibm.com/timex#o http://ex.org/variable#65	1
http://ex.org/variable#19 http://www.ibm.com/timex#o http://ex.org/variable#66	1
http://ex.org/variable#19 http://www.ibm.com/timex#d http://ex.org/variable#67	1
http://ex.org/variable#19 http://www.ibm.com/timex#b_m_o http://ex.org/variable#68	1
http://ex.org/variable#19 http://www.ibm.com/timex#d http://ex.org/variable#69	1
http://ex.org/variable#19 http://www.ibm.com/timex#s http://ex.org/variable#70	1
http://ex.org/variable#19 http://www.ibm.com/timex#d http://ex.org/variable#71	1
http://ex.org/variable#19 http://www.ibm.com/timex#o http://ex.org/variable#72	1
http://ex.org/variable#19 http://www.ibm.com/timex#o http://ex.org/variable#73	1
http://ex.org/variable#19 http://www.ibm.com/timex#o http://ex.org/variable#74	1
http://ex.org/variable#19 http://www.ibm.com/timex#o http://ex.org/variable#75	1
http://ex.org/variable#19 http://www.ibm.com/timex#b http://ex.org/variable#76	1
http://ex.org/variable#19 http://www.ibm.com/timex#o_fi http://ex.org/variable#77	1
http://ex.org/variable#19 http://www.ibm.com/timex#d http://ex.org/variable#78	1
http://ex.org/variable#19 http://www.ibm.com/timex#d http://ex.org/variable#79	1
http://ex.org/variable#19 http://www.ibm.com/timex#b http://ex.org/variable#80	1
http://ex.org/variable#19 http://www.ibm.com/timex#d http://ex.org/variable#81	1
http://ex.org/variable#19 http://www.ibm.com/timex#o_d_s http://ex.org/variable#82	1
http://ex.org/variable#19 http://www.ibm.com/timex#o http://ex.org/variable#83	1
http://ex.org/variable#19 http://www.ibm.com/timex#b_m_o http://ex.org/variable#84	1
http://ex.org/variable#19 http://www.ibm.com/timex#o http://ex.org/variable#85	1
http://ex.org/variable#19 http://www.ibm.com/timex#d http://ex.org/variable#86	1
http://ex.org/variable#19 http://www.ibm.com/timex#o http://ex.org/variable#87	1
http://ex.org/variable#19 http://www.ibm.com/timex#b_m_o_d_s http://ex.org/variable#88	1
http://ex.org/variable#19 http://www.ibm.com/timex#b http://ex.org/variable#89	1
http://ex.org/variable#20 http://www.ibm.com/timex#b http://ex.org/variable#0	1
http://ex.org/variable#20 http://www.ibm.com/timex#o http://ex.org/variable#1	1
http://ex.org/variable#20 http://www.ibm.com/timex#b http://ex.org/variable#2	1
http://ex.org/variable#20 http://www.ibm.com/timex#o http://ex.org/variable#3	1
http://ex.org/variable#20 http://www.ibm.com/timex#b http://ex.org/variable#4	1
http://ex.org/variable#20 http://www.ibm.com/timex#o_d http://ex.org/variable#5	1
http://ex.org/variable#20 http://www.ibm.com/timex#b http://ex.org/variable#6	1
http://ex.org/variable#20 http://www.ibm.com/timex#o http://ex.org/variable#7	1
http://ex.org/variable#20 http://www.ibm.com/timex#d http://ex.org/variable#8	1
http://ex.org/variable#20 http://www.ibm.com/timex#d http://ex.org/variable#9	1
http://ex.org/variable#20 http://www.ibm.com/timex#d http://ex.org/variable#10	1
http://ex.org/variable#20 http://www.ibm.com/timex#b http://ex.org/variable#11	1
http://ex.org/variable#20 http://www.ibm.com/timex#oi_si http://ex.org/variable#12	1
http://ex.org/variable#20 http://www.ibm.com/timex#d http://ex.org/variable#13	1
http://ex.org/variable#20 http://www.ibm.com/timex#m_o http://ex.org/variable#14	1
http://ex.org/variable#20 http://www.ibm.com/timex#o http://ex.org/variable#15	1
http://ex.org/variable#20 http://www.ibm.com/timex#o_d_s http://ex.org/variable#16	1
http://ex.org/variable#20 http://www.ibm.com/timex#o http://ex.org/variable#17	1
http://ex.org/variable#20 http://www.ibm.com/timex#d http://ex.org/variable#18	1
http://ex.org/variable#20 http://www.ibm.com/timex#eq_o_oi_d_di_s_si_f_fi http://ex.org/variable#19	1
http://ex.org/variable#20 http://www.ibm.com/timex#d_s http://ex.org/variable#21	1
http://ex.org/variable#20 http://www.ibm.com/timex#b http://ex.org/variable#22	1
http://ex.org/variable#20 http://www.ibm.com/timex#d http://ex.org/variable#23	1
http://ex.org/variable#20 http://www.ibm.com/timex#b http://ex.org/variable#24	1
http://ex.org/variable#20 http://www.ibm.com/timex#o http://ex.org/variable#25	1
http://ex.org/variable#20 http://www.ibm.com/timex#d http://ex.org/variable#26	1
http://ex.org/variable#20 http://www.ibm.com/timex#o http://ex.org/variable#27	1
http://ex.org/variable#20 http://www.ibm.com/timex#d http://ex.org/variable#28	1
http://ex.org/variable#20 http://www.ibm.com/timex#o http://ex.org/variable#29	1
http://ex.org/variable#20 http://www.ibm.com/timex#o_d_s http://ex.org/variable#30	1
http://ex.org/variable#20 http://www.ibm.com/timex#b http://ex.org/variable#31	1
http://ex.org/variable#20 http://www.ibm.com/timex#d http://ex.org/variable#32	1
http://ex.org/variable#20 http://www.ibm.com/timex#b_m_o http://ex.org/variable#33	1
http://ex.org/variable#20 http://www.ibm.com/timex#o http://ex.org/variable#34	1
http://ex.org/variable#20 http://www.ibm.com/timex#o http://ex.org/variable#35	1
http://ex.org/variable#20 http://www.ibm.com/timex#o http://ex.org/variable#36	1
http://ex.org/variable#20 http://www.ibm.com/timex#b http://ex.org/variable#37	1
http://ex.org/variable#20 http://www.ibm.com/timex#o http://ex.org/variable#38	1
http://ex.org/variable#20 http://www.ibm.com/timex#d_s http://ex.org/variable#39	1
http://ex.org/variable#20 http://www.ibm.com/timex#b http://ex.org/variable#40	1
http://ex.org/variable#20 http://www.ibm.com/timex#b http://ex.org/variable#41	1
http://ex.org/variable#20 http://www.ibm.com/timex#d http://ex.org/variable#42	1
http://ex.org/variable#20 http://www.ibm.com/timex#d http://ex.org/variable#43	1
http://ex.org/variable#20 http://www.ibm.com/timex#o http://ex.org/variable#44	1
http://ex.org/variable#20 http://www.ibm.com/timex#d http://ex.org/variable#45	1
http://ex.org/variable#20 http://www.ibm.com/timex#b_m_o http://ex.org/variable#46	1
http://ex.org/variable#20 http://www.ibm.com/timex#b http://ex.org/variable#47	1
http://ex.org/variable#20 http://www.ibm.com/timex#o http://ex.org/variable#48	1
http://ex.org/variable#20 http://www.ibm.com/timex#d http://ex.org/variable#49	1
http://ex.org/variable#20 http://www.ibm.com/timex#o http://ex.org/variable#50	1
http://ex.org/variable#20 http://www.ibm.com/timex#o http://ex.org/variable#51	1
http://ex.org/variable#20 http://www.ibm.com/timex#d http://ex.org/variable#52	1
http://ex.org/variable#20 http://www.ibm.com/timex#b http://ex.org/variable#53	1
http://ex.org/variable#20 http://www.ibm.com/timex#d http://ex.org/variable#54	1
http://ex.org/variable#20 http://www.ibm.com/timex#d http://ex.org/variable#55	1
http://ex.org/variable#20 http://www.ibm.com/timex#o http://ex.org/variable#56	1
http://ex.org/variable#20 http://www.ibm.com/timex#o_d_s http://ex.org/variable#57	1
http://ex.org/variable#20 http://www.ibm.com/timex#b http://ex.org/variable#58	1
http://ex.org/variable#20 http://www.ibm.com/timex#b http://ex.org/variable#59	1
http://ex.org/variable#20 http://www.ibm.com/timex#d http://ex.org/variable#60	1
http://ex.org/variable#20 http://www.ibm.com/timex#o_d_s http://ex.org/variable#61	1
http://ex.org/variable#20 http://www.ibm.com/timex#o http://ex.org/variable#62	1
http://ex.org/variable#20 http://www.ibm.com/timex#o http://ex.org/variable#63	1
http://ex.org/variable#20 http://www.ibm.com/timex#o http://ex.org/variable#64	1
http://ex.org/variable#20 http://www.ibm.com/timex#o http://ex.org/variable#65	1
http://ex.org/variable#20 http://www.ibm.com/timex#o http://ex.org/variable#66	1
http://ex.org/variable#20 http://www.ibm.com/timex#d http://ex.org/variable#67	1
http://ex.org/variable#20 http://www.ibm.com/timex#b http://ex.org/variable#68	1
http://ex.org/variable#20 http://www.ibm.com/timex#d http://ex.org/variable#69	1
http://ex.org/variable#20 http://www.ibm.com/timex#o_d_s http://ex.org/variable#70	1
http://ex.org/variable#20 http://www.ibm.com/timex#d http://ex.org/variable#71	1
http://ex.org/variable#20 http://www.ibm.com/timex#o http://ex.org/variable#72	1
http://ex.org/variable#20 http://www.ibm.com/timex#o http://ex.org/variable#73	1
http://ex.org/variable#20 http://www.ibm.com/timex#o_d_s http://ex.org/variable#74	1
http://ex.org/variable#20 http://www.ibm.com/timex#o http://ex.org/variable#75	1
http://ex.org/variable#20 http://www.ibm.com/timex#b http://ex.org/variable#76	1
http://ex.org/variable#20 http://www.ibm.com/timex#o http://ex.org/variable#77	1
http://ex.org/variable#20 http://www.ibm.com/timex#d http://ex.org/variable#78	1
http://ex.org/variable#20 http://www.ibm.com/timex#d http://ex.org/variable#79	1
http://ex.org/variable#20 http://www.ibm.com/timex#b http://ex.org/variable#80	1
http://ex.org/variable#20 http://www.ibm.com/timex#d http://ex.org/variable#81	1
http://ex.org/variable#20 http://www.ibm.com/timex#d http://ex.org/variable#82	1
http://ex.org/variable#20 http://www.ibm.com/timex#o http://ex.org/variable#83	1
http://ex.org/variable#20 http://www.ibm.com/timex#b_m_o http://ex.org/variable#84	1
http://ex.org/variable#20 http://www.ibm.com/timex#o http://ex.org/variable#85	1
http://ex.org/variable#20 http://www.ibm.com/timex#d http://ex.org/variable#86	1
http://ex.org/variable#20 http://www.ibm.com/timex#o http://ex.org/variable#87	1
http://ex.org/variable#20 http://www.ibm.com/timex#b_m_o_d_s http://ex.org/variable#88	1
http://ex.org/variable#20 http://www.ibm.com/timex#b http://ex.org/variable#89	1
http://ex.org/variable#21 http://www.ibm.com/timex#di http://ex.org/variable#0	1
http://ex.org/variable#21 http://www.ibm.com/timex#o_di_fi http://ex.org/variable#1	1
http://ex.org/variable#21 http://www.ibm.com/timex#o http://ex.org/variable#2	1
http://ex.org/variable#21 http://www.ibm.com/timex#o http://ex.org/variable#3	1
http://ex.org/variable#21 http://www.ibm.com/timex#o_di_fi http://ex.org/variable#4	1
http://ex.org/variable#21 http://www.ibm.com/timex#o_d_s http://ex.org/variable#5	1
http://ex.org/variable#21 http://www.ibm.com/timex#di http://ex.org/variable#6	1
http://ex.org/variable#21 http://www.ibm.com/timex#di http://ex.org/variable#7	1
http://ex.org/variable#21 http://www.ibm.com/timex#d http://ex.org/variable#8	1
http://ex.org/variable#21 http://www.ibm.com/timex#oi_d http://ex.org/variable#9	1
http://ex.org/variable#21 http://www.ibm.com/timex#oi_d_f http://ex.org/variable#10	1
http://ex.org/variable#21 http://www.ibm.com/timex#o_di_fi http://ex.org/variable#11	1
http://ex.org/variable#21 http://www.ibm.com/timex#di_si http://ex.org/variable#12	1
http://ex.org/variable#21 http://www.ibm.com/timex#d http://ex.org/variable#13	1
http://ex.org/variable#21 http://www.ibm.com/timex#o http://ex.org/variable#14	1
http://ex.org/variable#21 http://www.ibm.com/timex#o_di_fi http://ex.org/variable#15	1
http://ex.org/variable#21 http://www.ibm.com/timex#oi_di_si http://ex.org/variable#16	1
http://ex.org/variable#21 http://www.ibm.com/timex#o http://ex.org/variable#17	1
http://ex.org/variable#21 http://www.ibm.com/timex#d http://ex.org/variable#18	1
http://ex.org/variable#21 http://www.ibm.com/timex#oi_di_si http://ex.org/variable#19	1
http://ex.org/variable#21 http://www.ibm.com/timex#di_si http://ex.org/variable#20	1
http://ex.org/variable#21 http://www.ibm.com/timex#di http://ex.org/variable#22	1
http://ex.org/variable#21 http://www.ibm.com/timex#oi http://ex.org/variable#23	1
http://ex.org/variable#21 http://www.ibm.com/timex#o_di_fi http://ex.org/variable#24	1
http://ex.org/variable#21 http://www.ibm.com/timex#di http://ex.org/variable#25	1
http://ex.org/variable#21 http://www.ibm.com/timex#oi_d_f http://ex.org/variable#26	1
http://ex.org/variable#21 http://www.ibm.com/timex#o_di_fi http://ex.org/variable#27	1
http://ex.org/variable#21 http://www.ibm.com/timex#oi_d_f http://ex.org/variable#28	1
http://ex.org/variable#21 http://www.ibm.com/timex#di http://ex.org/variable#29	1
http://ex.org/variable#21 http://www.ibm.com/timex#oi_di_si http://ex.org/variable#30	1
http://ex.org/variable#21 http://www.ibm.com/timex#di http://ex.org/variable#31	1
http://ex.org/variable#21 http://www.ibm.com/timex#oi_d http://ex.org/variable#32	1
http://ex.org/variable#21 http://www.ibm.com/timex#o_di_fi http://ex.org/variable#33	1
http://ex.org/variable#21 http://www.ibm.com/timex#o http://ex.org/variable#34	1
http://ex.org/variable#21 http://www.ibm.com/timex#di http://ex.org/variable#35	1
http://ex.org/variable#21 http://www.ibm.com/timex#o http://ex.org/variable#36	1
http://ex.org/variable#21 http://www.ibm.com/timex#di http://ex.org/variable#37	1
http://ex.org/variable#21 http://www.ibm.com/timex#di http://ex.org/variable#38	1
http://ex.org/variable#21 http://www.ibm.com/timex#oi_di_si http://ex.org/variable#39	1
http://ex.org/variable#21 http://www.ibm.com/timex#o_di_fi http://ex.org/variable#40	1
http://ex.org/variable#21 http://www.ibm.com/timex#o_di_fi http://ex.org/variable#41	1
http://ex.org/variable#21 http://www.ibm.com/timex#oi_d_f http://ex.org/variable#42	1
http://ex.org/variable#21 http://www.ibm.com/timex#oi_d_f http://ex.org/variable#43	1
http://ex.org/variable#21 http://www.ibm.com/timex#di http://ex.org/variable#44	1
http://ex.org/variable#21 http://www.ibm.com/timex#oi_d http://ex.org/variable#45	1
http://ex.org/variable#21 http://www.ibm.com/timex#o_di_fi http://ex.org/variable#46	1
http://ex.org/variable#21 http://www.ibm.com/timex#di http://ex.org/variable#47	1
http://ex.org/variable#21 http://www.ibm.com/timex#o_di_fi http://ex.org/variable#48	1
http://ex.org/variable#21 http://www.ibm.com/timex#oi_d_f http://ex.org/variable#49	1
http://ex.org/variable#21 http://www.ibm.com/timex#di http://ex.org/variable#50	1
http://ex.org/variable#21 http://www.ibm.com/timex#o http://ex.org/variable#51	1
http://ex.org/variable#21 http://www.ibm.com/timex#oi http://ex.org/variable#52	1
http://ex.org/variable#21 http://www.ibm.com/timex#o http://ex.org/variable#53	1
http://ex.org/variable#21 http://www.ibm.com/timex#d http://ex.org/variable#54	1
http://ex.org/variable#21 http://www.ibm.com/timex#oi http://ex.org/variable#55	1
http://ex.org/variable#21 http://www.ibm.com/timex#o_di_fi http://ex.org/variable#56	1
http://ex.org/variable#21 http://www.ibm.com/timex#oi_di_si http://ex.org/variable#57	1
http://ex.org/variable#21 http://www.ibm.com/timex#b_m_o http://ex.org/variable#58	1
http://ex.org/variable#21 http://www.ibm.com/timex#o_di_fi http://ex.org/variable#59	1
http://ex.org/variable#21 http://www.ibm.com/timex#d http://ex.org/variable#60	1
http://ex.org/variable#21 http://www.ibm.com/timex#oi_di_si http://ex.org/variable#61	1
http://ex.org/variable#21 http://www.ibm.com/timex#o http://ex.org/variable#62	1
http://ex.org/variable#21 http://www.ibm.com/timex#di http://ex.org/variable#63	1
http://ex.org/variable#21 http://www.ibm.com/timex#o_di_fi http://ex.org/variable#64	1
http://ex.org/variable#21 http://www.ibm.com/timex#o_di_fi http://ex.org/variable#65	1
http://ex.org/variable#21 http://www.ibm.com/timex#o_di_fi http://ex.org/variable#66	1
http://ex.org/variable#21 http://www.ibm.com/timex#oi http://ex.org/variable#67	1
http://ex.org/variable#21 http://www.ibm.com/timex#o http://ex.org/variable#68	1
http://ex.org/variable#21 http://www.ibm.com/timex#oi http://ex.org/variable#69	1
http://ex.org/variable#21 http://www.ibm.com/timex#oi_di_si http://ex.org/variable#70	1
http://ex.org/variable#21 http://www.ibm.com/timex#oi_d http://ex.org/variable#71	1
http://ex.org/variable#21 http://www.ibm.com/timex#di http://ex.org/variable#72	1
http://ex.org/variable#21 http://www.ibm.com/timex#o_di_fi http://ex.org/variable#73	1
http://ex.org/variable#21 http://www.ibm.com/timex#eq_o_oi_d_di_s_si_f_fi http://ex.org/variable#74	1
http://ex.org/variable#21 http://www.ibm.com/timex#di http://ex.org/variable#75	1
http://ex.org/variable#21 http://www.ibm.com/timex#o http://ex.org/variable#76	1
http://ex.org/variable#21 http://www.ibm.com/timex#di http://ex.org/variable#77	1
http://ex.org/variable#21 http://www.ibm.com/timex#oi http://ex.org/variable#78	1
http://ex.org/variable#21 http://www.ibm.com/timex#oi_d_f http://ex.org/variable#79	1
http://ex.org/variable#21 http://www.ibm.com/timex#o http://ex.org/variable#80	1
http://ex.org/variable#21 http://www.ibm.com/timex#oi http://ex.org/variable#81	1
http://ex.org/variable#21 http://www.ibm.com/timex#eq_oi_d_s_si_f http://ex.org/variable#82	1
http://ex.org/variable#21 http://www.ibm.com/timex#o http://ex.org/variable#83	1
http://ex.org/variable#21 http://www.ibm.com/timex#o_di_fi http://ex.org/variable#84	1
http://ex.org/variable#21 http://www.ibm.com/timex#di http://ex.org/variable#85	1
http://ex.org/variable#21 http://www.ibm.com/timex#oi http://ex.org/variable#86	1
http://ex.org/variable#21 http://www.ibm.com/timex#di http://ex.org/variable#87	1
http://ex.org/variable#21 http://www.ibm.com/timex#eq_o_oi_d_di_s_si_f_fi http://ex.org/variable#88	1
http://ex.org/variable#21 http://www.ibm.com/timex#o http://ex.org/variable#89	1
http://ex.org/variable#22 http://www.ibm.com/timex#m_o http://ex.org/variable#0	1
http://ex.org/variable#22 http://www.ibm.com/timex#d http://ex.org/variable#1	1
http://ex.org/variable#22 http://www.ibm.com/timex#d http://ex.org/variable#2	1
http://ex.org/variable#22 http://www.ibm.com/timex#d http://ex.org/variable#3	1
http://ex.org/variable#22 http://www.ibm.com/timex#o_d_s http://ex.org/variable#4	1
http://ex.org/variable#22 http://www.ibm.com/timex#d http://ex.org/variable#5	1
http://ex.org/variable#22 http://www.ibm.com/timex#mi http://ex.org/variable#6	1
http://ex.org/variable#22 http://www.ibm.com/timex#d http://ex.org/variable#7	1
http://ex.org/variable#22 http://www.ibm.com/timex#d http://ex.org/variable#8	1
http://ex.org/variable#22 http://www.ibm.com/timex#d http://ex.org/variable#9	1
http://ex.org/variable#22 http://www.ibm.com/timex#d http://ex.org/variable#10	1
http://ex.org/variable#22 http://www.ibm.com/timex#d http://ex.org/variable#11	1
http://ex.org/variable#22 http://www.ibm.com/timex#bi http://ex.org/variable#12	1
http://ex.org/variable#22 http://www.ibm.com/timex#d http://ex.org/variable#13	1
http://ex.org/variable#22 http://www.ibm.com/timex#d http://ex.org/variable#14	1
http://ex.org/variable#22 http://www.ibm.com/timex#d http://ex.org/variable#15	1
http://ex.org/variable#22 http://www.ibm.com/timex#mi http://ex.org/variable#16	1
http://ex.org/variable#22 http://www.ibm.com/timex#d http://ex.org/variable#17	1
http://ex.org/variable#22 http://www.ibm.com/timex#d http://ex.org/variable#18	1
http://ex.org/variable#22 http://www.ibm.com/timex#bi http://ex.org/variable#19	1
http://ex.org/variable#22 http://www.ibm.com/timex#bi http://ex.org/variable#20	1
http://ex.org/variable#22 http://www.ibm.com/timex#d http://ex.org/variable#21	1
http://ex.org/variable#22 http://www.ibm.com/timex#bi http://ex.org/variable#23	1
http://ex.org/variable#22 http://www.ibm.com/timex#o http://ex.org/variable#24	1
http://ex.org/variable#22 http://www.ibm.com/timex#bi http://ex.org/variable#25	1
http://ex.org/variable#22 http://www.ibm.com/timex#d http://ex.org/variable#26	1
http://ex.org/variable#22 http://www.ibm.com/timex#d http://ex.org/variable#27	1
http://ex.org/variable#22 http://www.ibm.com/timex#d http://ex.org/variable#28	1
http://ex.org/variable#22 http://www.ibm.com/timex#oi_d_f http://ex.org/variable#29	1
http://ex.org/variable#22 http://www.ibm.com/timex#bi http://ex.org/variable#30	1
http://ex.org/variable#22 http://www.ibm.com/timex#di_fi http://ex.org/variable#31	1
http://ex.org/variable#22 http://www.ibm.com/timex#d http://ex.org/variable#32	1
http://ex.org/variable#22 http://www.ibm.com/timex#d http://ex.org/variable#33	1
http://ex.org/variable#22 http://www.ibm.com/timex#d http://ex.org/variable#34	1
http://ex.org/variable#22 http://www.ibm.com/timex#oi_f http://ex.org/variable#35	1
http://ex.org/variable#22 http://www.ibm.com/timex#d http://ex.org/variable#36	1
http://ex.org/variable#22 http://www.ibm.com/timex#bi http://ex.org/variable#37	1
http://ex.org/variable#22 http://www.ibm.com/timex#oi http://ex.org/variable#38	1
http://ex.org/variable#22 http://www.ibm.com/timex#d http://ex.org/variable#39	1
http://ex.org/variable#22 http://www.ibm.com/timex#o http://ex.org/variable#40	1
http://ex.org/variable#22 http://www.ibm.com/timex#o http://ex.org/variable#41	1
http://ex.org/variable#22 http://www.ibm.com/timex#d http://ex.org/variable#42	1
http://ex.org/variable#22 http://www.ibm.com/timex#d http://ex.org/variable#43	1
http://ex.org/variable#22 http://www.ibm.com/timex#bi_mi_oi_d_f http://ex.org/variable#44	1
http://ex.org/variable#22 http://www.ibm.com/timex#d http://ex.org/variable#45	1
http://ex.org/variable#22 http://www.ibm.com/timex#d http://ex.org/variable#46	1
http://ex.org/variable#22 http://www.ibm.com/timex#d http://ex.org/variable#47	1
http://ex.org/variable#22 http://www.ibm.com/timex#d http://ex.org/variable#48	1
http://ex.org/variable#22 http://www.ibm.com/timex#d http://ex.org/variable#49	1
http://ex.org/variable#22 http://www.ibm.com/timex#bi http://ex.org/variable#50	1
http://ex.org/variable#22 http://www.ibm.com/timex#d http://ex.org/variable#51	1
http://ex.org/variable#22 http://www.ibm.com/timex#d http://ex.org/variable#52	1
http://ex.org/variable#22 http://www.ibm.com/timex#d http://ex.org/variable#53	1
http://ex.org/variable#22 http://www.ibm.com/timex#d http://ex.org/variable#54	1
http://ex.org/variable#22 http://www.ibm.com/timex#d http://ex.org/variable#55	1
http://ex.org/variable#22 http://www.ibm.com/timex#d http://ex.org/variable#56	1
http://ex.org/variable#22 http://www.ibm.com/timex#d http://ex.org/variable#57	1
http://ex.org/variable#22 http://www.ibm.com/timex#b http://ex.org/variable#58	1
http://ex.org/variable#22 http://www.ibm.com/timex#o_s http://ex.org/variable#59	1
http://ex.org/variable#22 http://www.ibm.com/timex#d http://ex.org/variable#60	1
http://ex.org/variable#22 http://www.ibm.com/timex#bi http://ex.org/variable#61	1
http://ex.org/variable#22 http://www.ibm.com/timex#d http://ex.org/variable#62	1
http://ex.org/variable#22 http://www.ibm.com/timex#bi http://ex.org/variable#63	1
http://ex.org/variable#22 http://www.ibm.com/timex#d http://ex.org/variable#64	1
http://ex.org/variable#22 http://www.ibm.com/timex#d http://ex.org/variable#65	1
http://ex.org/variable#22 http://www.ibm.com/timex#d http://ex.org/variable#66	1
http://ex.org/variable#22 http://www.ibm.com/timex#oi_d_f http://ex.org/variable#67	1
http://ex.org/variable#22 http://www.ibm.com/timex#d http://ex.org/variable#68	1
http://ex.org/variable#22 http://www.ibm.com/timex#bi http://ex.org/variable#69	1
http://ex.org/variable#22 http://www.ibm.com/timex#d http://ex.org/variable#70	1
http://ex.org/variable#22 http://www.ibm.com/timex#d http://ex.org/variable#71	1
http://ex.org/variable#22 http://www.ibm.com/timex#d http://ex.org/variable#72	1
http://ex.org/variable#22 http://www.ibm.com/timex#d http://ex.org/variable#73	1
http://ex.org/variable#22 http://www.ibm.com/timex#d http://ex.org/variable#74	1
http://ex.org/variable#22 http://www.ibm.com/timex#d http://ex.org/variable#75	1
http://ex.org/variable#22 http://www.ibm.com/timex#b_m_o http://ex.org/variable#76	1
http://ex.org/variable#22 http://www.ibm.com/timex#bi http://ex.org/variable#77	1
http://ex.org/variable#22 http://www.ibm.com/timex#d http://ex.org/variable#78	1
http://ex.org/variable#22 http://www.ibm.com/timex#d http://ex.org/variable#79	1
http://ex.org/variable#22 http://www.ibm.com/timex#o http://ex.org/variable#80	1
http://ex.org/variable#22 http://www.ibm.com/timex#bi http://ex.org/variable#81	1
http://ex.org/variable#22 http://www.ibm.com/timex#d http://ex.org/variable#82	1
http://ex.org/variable#22 http://www.ibm.com/timex#d http://ex.org/variable#83	1
http://ex.org/variable#22 http://www.ibm.com/timex#d http://ex.org/variable#84	1
http://ex.org/variable#22 http://www.ibm.com/timex#mi http://ex.org/variable#85	1
http://ex.org/variable#22 http://www.ibm.com/timex#oi_d_f http://ex.org/variable#86	1
http://ex.org/variable#22 http://www.ibm.com/timex#oi_f http://ex.org/variable#87	1
http://ex.org/variable#22 http://www.ibm.com/timex#d http://ex.org/variable#88	1
http://ex.org/variable#22 http://www.ibm.com/timex#d http://ex.org/variable#89	1
http://ex.org/variable#23 http://www.ibm.com/timex#b http://ex.org/variable#0	1
http://ex.org/variable#23 http://www.ibm.com/timex#o http://ex.org/variable#1	1
http://ex.org/variable#23 http://www.ibm.com/timex#o http://ex.org/variable#2	1
http://ex.org/variable#23 http://www.ibm.com/timex#o http://ex.org/variable#3	1
http://ex.org/variable#23 http://www.ibm.com/timex#b_m_o http://ex.org/variable#4	1
http://ex.org/variable#23 http://www.ibm.com/timex#o http://ex.org/variable#5	1
http://ex.org/variable#23 http://www.ibm.com/timex#o http://ex.org/variable#6	1
http://ex.org/variable#23 http://www.ibm.com/timex#o http://ex.org/variable#7	1
http://ex.org/variable#23 http://www.ibm.com/timex#d http://ex.org/variable#8	1
http://ex.org/variable#23 http://www.ibm.com/timex#d http://ex.org/variable#9	1
http://ex.org/variable#23 http://www.ibm.com/timex#d http://ex.org/variable#10	1
http://ex.org/variable#23 http://www.ibm.com/timex#o http://ex.org/variable#11	1
http://ex.org/variable#23 http://www.ibm.com/timex#di http://ex.org/variable#12	1
http://ex.org/variable#23 http://www.ibm.com/timex#d http://ex.org/variable#13	1
http://ex.org/variable#23 http://www.ibm.com/timex#o http://ex.org/variable#14	1
http://ex.org/variable#23 http://www.ibm.com/timex#o http://ex.org/variable#15	1
http://ex.org/variable#23 http://www.ibm.com/timex#o http://ex.org/variable#16	1
http://ex.org/variable#23 http://www.ibm.com/timex#o http://ex.org/variable#17	1
http://ex.org/variable#23 http://www.ibm.com/timex#d http://ex.org/variable#18	1
http://ex.org/variable#23 http://www.ibm.com/timex#di http://ex.org/variable#19	1
http://ex.org/variable#23 http://www.ibm.com/timex#di http://ex.org/variable#20	1
http://ex.org/variable#23 http://www.ibm.com/timex#o http://ex.org/variable#21	1
http://ex.org/variable#23 http://www.ibm.com/timex#b http://ex.org/variable#22	1
http://ex.org/variable#23 http://www.ibm.com/timex#b http://ex.org/variable#24	1
http://ex.org/variable#23 http://www.ibm.com/timex#o_di_fi http://ex.org/variable#25	1
http://ex.org/variable#23 http://www.ibm.com/timex#o http://ex.org/variable#26	1
http://ex.org/variable#23 http://www.ibm.com/timex#o http://ex.org/variable#27	1
http://ex.org/variable#23 http://www.ibm.com/timex#d http://ex.org/variable#28	1
http://ex.org/variable#23 http://www.ibm.com/timex#o http://ex.org/variable#29	1
http://ex.org/variable#23 http://www.ibm.com/timex#o_di_fi http://ex.org/variable#30	1
http://ex.org/variable#23 http://www.ibm.com/timex#b http://ex.org/variable#31	1
http://ex.org/variable#23 http://www.ibm.com/timex#d http://ex.org/variable#32	1
http://ex.org/variable#23 http://www.ibm.com/timex#m_o http://ex.org/variable#33	1
http://ex.org/variable#23 http://www.ibm.com/timex#o http://ex.org/variable#34	1
http://ex.org/variable#23 http://www.ibm.com/timex#o http://ex.org/variable#35	1
http://ex.org/variable#23 http://www.ibm.com/timex#o http://ex.org/variable#36	1
http://ex.org/variable#23 http://www.ibm.com/timex#b_m_o http://ex.org/variable#37	1
http://ex.org/variable#23 http://www.ibm.com/timex#o http://ex.org/variable#38	1
http://ex.org/variable#23 http://www.ibm.com/timex#o http://ex.org/variable#39	1
http://ex.org/variable#23 http://www.ibm.com/timex#b http://ex.org/variable#40	1
http://ex.org/variable#23 http://www.ibm.com/timex#b http://ex.org/variable#41	1
http://ex.org/variable#23 http://www.ibm.com/timex#d http://ex.org/variable#42	1
http://ex.org/variable#23 http://www.ibm.com/timex#o http://ex.org/variable#43	1
http://ex.org/variable#23 http://www.ibm.com/timex#o_di_fi http://ex.org/variable#44	1
http://ex.org/variable#23 http://www.ibm.com/timex#d http://ex.org/variable#45	1
http://ex.org/variable#23 http://www.ibm.com/timex#o http://ex.org/variable#46	1
http://ex.org/variable#23 http://www.ibm.com/timex#b_m_o http://ex.org/variable#47	1
http://ex.org/variable#23 http://www.ibm.com/timex#o http://ex.org/variable#48	1
http://ex.org/variable#23 http://www.ibm.com/timex#d http://ex.org/variable#49	1
http://ex.org/variable#23 http://www.ibm.com/timex#o_di_fi http://ex.org/variable#50	1
http://ex.org/variable#23 http://www.ibm.com/timex#o http://ex.org/variable#51	1
http://ex.org/variable#23 http://www.ibm.com/timex#d http://ex.org/variable#52	1
http://ex.org/variable#23 http://www.ibm.com/timex#b_m_o http://ex.org/variable#53	1
http://ex.org/variable#23 http://www.ibm.com/timex#d http://ex.org/variable#54	1
http://ex.org/variable#23 http://www.ibm.com/timex#o http://ex.org/variable#55	1
http://ex.org/variable#23 http://www.ibm.com/timex#o http://ex.org/variable#56	1
http://ex.org/variable#23 http://www.ibm.com/timex#o http://ex.org/variable#57	1
http://ex.org/variable#23 http://www.ibm.com/timex#b http://ex.org/variable#58	1
http://ex.org/variable#23 http://www.ibm.com/timex#b http://ex.org/variable#59	1
http://ex.org/variable#23 http://www.ibm.com/timex#d http://ex.org/variable#60	1
http://ex.org/variable#23 http://www.ibm.com/timex#o http://ex.org/variable#61	1
http://ex.org/variable#23 http://www.ibm.com/timex#o http://ex.org/variable#62	1
http://ex.org/variable#23 http://www.ibm.com/timex#di http://ex.org/variable#63	1
http://ex.org/variable#23 http://www.ibm.com/timex#o http://ex.org/variable#64	1
http://ex.org/variable#23 http://www.ibm.com/timex#o http://ex.org/variable#65	1
http://ex.org/variable#23 http://www.ibm.com/timex#o http://ex.org/variable#66	1
http://ex.org/variable#23 http://www.ibm.com/timex#d http://ex.org/variable#67	1
http://ex.org/variable#23 http://www.ibm.com/timex#o http://ex.org/variable#68	1
http://ex.org/variable#23 http://www.ibm.com/timex#oi_d_f http://ex.org/variable#69	1
http://ex.org/variable#23 http://www.ibm.com/timex#o http://ex.org/variable#70	1
http://ex.org/variable#23 http://www.ibm.com/timex#d http://ex.org/variable#71	1
http://ex.org/variable#23 http://www.ibm.com/timex#o http://ex.org/variable#72	1
http://ex.org/variable#23 http://www.ibm.com/timex#o http://ex.org/variable#73	1
http://ex.org/variable#23 http://www.ibm.com/timex#o http://ex.org/variable#74	1
http://ex.org/variable#23 http://www.ibm.com/timex#o http://ex.org/variable#75	1
http://ex.org/variable#23 http://www.ibm.com/timex#b http://ex.org/variable#76	1
http://ex.org/variable#23 http://www.ibm.com/timex#o_di_fi http://ex.org/variable#77	1
http://ex.org/variable#23 http://www.ibm.com/timex#d http://ex.org/variable#78	1
http://ex.org/variable#23 http://www.ibm.com/timex#o_d_s http://ex.org/variable#79	1
http://ex.org/variable#23 http://www.ibm.com/timex#b http://ex.org/variable#80	1
http://ex.org/variable#23 http://www.ibm.com/timex#d http://ex.org/variable#81	1
http://ex.org/variable#23 http://www.ibm.com/timex#o_d_s http://ex.org/variable#82	1
http://ex.org/variable#23 http://www.ibm.com/timex#o http://ex.org/variable#83	1
http://ex.org/variable#23 http://www.ibm.com/timex#b_m_o http://ex.org/variable#84	1
http://ex.org/variable#23 http://www.ibm.com/timex#o http://ex.org/variable#85	1
http://ex.org/variable#23 http://www.ibm.com/timex#d http://ex.org/variable#86	1
http://ex.org/variable#23 http://www.ibm.com/timex#o http://ex.org/variable#87	1
http://ex.org/variable#23 http://www.ibm.com/timex#b_m_o http://ex.org/variable#88	1
http://ex.org/variable#23 http://www.ibm.com/timex#m http://ex.org/variable#89	1
http://ex.org/variable#24 http://www.ibm.com/timex#oi_di_si http://ex.org/variable#0	1
http://ex.org/variable#24 http://www.ibm.com/timex#oi http://ex.org/variable#1	1
http://ex.org/variable#24 http://www.ibm.com/timex#d http://ex.org/variable#2	1
http://ex.org/variable#24 http://www.ibm.com/timex#d http://ex.org/variable#3	1
http://ex.org/variable#24 http://www.ibm.com/timex#oi_di_si http://ex.org/variable#4	1
http://ex.org/variable#24 http://www.ibm.com/timex#d http://ex.org/variable#5	1
http://ex.org/variable#24 http://www.ibm.com/timex#bi http://ex.org/variable#6	1
http://ex.org/variable#24 http://www.ibm.com/timex#oi http://ex.org/variable#7	1
http://ex.org/variable#24 http://www.ibm.com/timex#d http://ex.org/variable#8	1
http://ex.org/variable#24 http://www.ibm.com/timex#oi http://ex.org/variable#9	1
http://ex.org/variable#24 http://www.ibm.com/timex#f http://ex.org/variable#10	1
http://ex.org/variable#24 http://www.ibm.com/timex#d http://ex.org/variable#11	1
http://ex.org/variable#24 http://www.ibm.com/timex#bi http://ex.org/variable#12	1
http://ex.org/variable#24 http://www.ibm.com/timex#d http://ex.org/variable#13	1
http://ex.org/variable#24 http://www.ibm.com/timex#d http://ex.org/variable#14	1
http://ex.org/variable#24 http://www.ibm.com/timex#d http://ex.org/variable#15	1
http://ex.org/variable#24 http://www.ibm.com/timex#bi http://ex.org/variable#16	1
http://ex.org/variable#24 http://www.ibm.com/timex#d http://ex.org/variable#17	1
http://ex.org/variable#24 http://www.ibm.com/timex#d http://ex.org/variable#18	1
http://ex.org/variable#24 http://www.ibm.com/timex#bi http://ex.org/variable#19	1
http://ex.org/variable#24 http://www.ibm.com/timex#bi http://ex.org/variable#20	1
http://ex.org/variable#24 http://www.ibm.com/timex#oi_d_f http://ex.org/variable#21	1
http://ex.org/variable#24 http://www.ibm.com/timex#oi http://ex.org/variable#22	1
http://ex.org/variable#24 http://www.ibm.com/timex#bi http://ex.org/variable#23	1
http://ex.org/variable#24 http://www.ibm.com/timex#bi http://ex.org/variable#25	1
http://ex.org/variable#24 http://www.ibm.com/timex#d http://ex.org/variable#26	1
http://ex.org/variable#24 http://www.ibm.com/timex#d http://ex.org/variable#27	1
http://ex.org/variable#24 http://www.ibm.com/timex#d http://ex.org/variable#28	1
http://ex.org/variable#24 http://www.ibm.com/timex#bi_mi_oi http://ex.org/variable#29	1
http://ex.org/variable#24 http://www.ibm.com/timex#bi http://ex.org/variable#30	1
http://ex.org/variable#24 http://www.ibm.com/timex#oi_di http://ex.org/variable#31	1
http://ex.org/variable#24 http://www.ibm.com/timex#oi http://ex.org/variable#32	1
http://ex.org/variable#24 http://www.ibm.com/timex#d http://ex.org/variable#33	1
http://ex.org/variable#24 http://www.ibm.com/timex#d http://ex.org/variable#34	1
http://ex.org/variable#24 http://www.ibm.com/timex#oi http://ex.org/variable#35	1
http://ex.org/variable#24 http://www.ibm.com/timex#d http://ex.org/variable#36	1
http://ex.org/variable#24 http://www.ibm.com/timex#bi http://ex.org/variable#37	1
http://ex.org/variable#24 http://www.ibm.com/timex#bi_mi_oi http://ex.org/variable#38	1
http://ex.org/variable#24 http://www.ibm.com/timex#oi http://ex.org/variable#39	1
http://ex.org/variable#24 http://www.ibm.com/timex#oi_si http://ex.org/variable#40	1
http://ex.org/variable#24 http://www.ibm.com/timex#o_d_s http://ex.org/variable#41	1
http://ex.org/variable#24 http://www.ibm.com/timex#d http://ex.org/variable#42	1
http://ex.org/variable#24 http://www.ibm.com/timex#d http://ex.org/variable#43	1
http://ex.org/variable#24 http://www.ibm.com/timex#bi_oi http://ex.org/variable#44	1
http://ex.org/variable#24 http://www.ibm.com/timex#oi http://ex.org/variable#45	1
http://ex.org/variable#24 http://www.ibm.com/timex#oi http://ex.org/variable#46	1
http://ex.org/variable#24 http://www.ibm.com/timex#oi http://ex.org/variable#47	1
http://ex.org/variable#24 http://www.ibm.com/timex#d http://ex.org/variable#48	1
http://ex.org/variable#24 http://www.ibm.com/timex#oi http://ex.org/variable#49	1
http://ex.org/variable#24 http://www.ibm.com/timex#bi http://ex.org/variable#50	1
http://ex.org/variable#24 http://www.ibm.com/timex#d http://ex.org/variable#51	1
http://ex.org/variable#24 http://www.ibm.com/timex#oi http://ex.org/variable#52	1
http://ex.org/variable#24 http://www.ibm.com/timex#d http://ex.org/variable#53	1
http://ex.org/variable#24 http://www.ibm.com/timex#oi_d_f http://ex.org/variable#54	1
http://ex.org/variable#24 http://www.ibm.com/timex#oi http://ex.org/variable#55	1
http://ex.org/variable#24 http://www.ibm.com/timex#oi_f http://ex.org/variable#56	1
http://ex.org/variable#24 http://www.ibm.com/timex#oi http://ex.org/variable#57	1
http://ex.org/variable#24 http://www.ibm.com/timex#b http://ex.org/variable#58	1
http://ex.org/variable#24 http://www.ibm.com/timex#oi_di_si http://ex.org/variable#59	1
http://ex.org/variable#24 http://www.ibm.com/timex#d http://ex.org/variable#60	1
http://ex.org/variable#24 http://www.ibm.com/timex#bi http://ex.org/variable#61	1
http://ex.org/variable#24 http://www.ibm.com/timex#d http://ex.org/variable#62	1
http://ex.org/variable#24 http://www.ibm.com/timex#bi http://ex.org/variable#63	1
http://ex.org/variable#24 http://www.ibm.com/timex#d http://ex.org/variable#64	1
http://ex.org/variable#24 http://www.ibm.com/timex#d http://ex.org/variable#65	1
http://ex.org/variable#24 http://www.ibm.com/timex#d http://ex.org/variable#66	1
http://ex.org/variable#24 http://www.ibm.com/timex#oi http://ex.org/variable#67	1
http://ex.org/variable#24 http://www.ibm.com/timex#d http://ex.org/variable#68	1
http://ex.org/variable#24 http://www.ibm.com/timex#bi http://ex.org/variable#69	1
http://ex.org/variable#24 http://www.ibm.com/timex#oi http://ex.org/variable#70	1
http://ex.org/variable#24 http://www.ibm.com/timex#oi http://ex.org/variable#71	1
http://ex.org/variable#24 http://www.ibm.com/timex#oi http://ex.org/variable#72	1
http://ex.org/variable#24 http://www.ibm.com/timex#oi http://ex.org/variable#73	1
http://ex.org/variable#24 http://www.ibm.com/timex#d http://ex.org/variable#74	1
http://ex.org/variable#24 http://www.ibm.com/timex#oi http://ex.org/variable#75	1
http://ex.org/variable#24 http://www.ibm.com/timex#o_d_s http://ex.org/variable#76	1
http://ex.org/variable#24 http://www.ibm.com/timex#bi http://ex.org/variable#77	1
http://ex.org/variable#24 http://www.ibm.com/timex#oi http://ex.org/variable#78	1
http://ex.org/variable#24 http://www.ibm.com/timex#oi http://ex.org/variable#79	1
http://ex.org/variable#24 http://www.ibm.com/timex#o_d http://ex.org/variable#80	1
http://ex.org/variable#24 http://www.ibm.com/timex#bi http://ex.org/variable#81	1
http://ex.org/variable#24 http://www.ibm.com/timex#oi http://ex.org/variable#82	1
http://ex.org/variable#24 http://www.ibm.com/timex#d http://ex.org/variable#83	1
http://ex.org/variable#24 http://www.ibm.com/timex#d http://ex.org/variable#84	1
http://ex.org/variable#24 http://www.ibm.com/timex#bi http://ex.org/variable#85	1
http://ex.org/variable#24 http://www.ibm.com/timex#bi_mi_oi http://ex.org/variable#86	1
http://ex.org/variable#24 http://www.ibm.com/timex#oi http://ex.org/variable#87	1
http://ex.org/variable#24 http://www.ibm.com/timex#d http://ex.org/variable#88	1
http://ex.org/variable#24 http://www.ibm.com/timex#d http://ex.org/variable#89	1
http://ex.org/variable#25 http://www.ibm.com/timex#b http://ex.org/variable#0	1
http://ex.org/variable#25 http://www.ibm.com/timex#o http://ex.org/variable#1	1
http://ex.org/variable#25 http://www.ibm.com/timex#b_m_o http://ex.org/variable#2	1
http://ex.org/variable#25 http://www.ibm.com/timex#s http://ex.org/variable#3	1
http://ex.org/variable#25 http://www.ibm.com/timex#b_m http://ex.org/variable#4	1
http://ex.org/variable#25 http://www.ibm.com/timex#d http://ex.org/variable#5	1
http://ex.org/variable#25 http://www.ibm.com/timex#o http://ex.org/variable#6	1
http://ex.org/variable#25 http://www.ibm.com/timex#o http://ex.org/variable#7	1
http://ex.org/variable#25 http://www.ibm.com/timex#d http://ex.org/variable#8	1
http://ex.org/variable#25 http://www.ibm.com/timex#d http://ex.org/variable#9	1
http://ex.org/variable#25 http://www.ibm.com/timex#d http://ex.org/variable#10	1
http://ex.org/variable#25 http://www.ibm.com/timex#o http://ex.org/variable#11	1
http://ex.org/variable#25 http://www.ibm.com/timex#oi http://ex.org/variable#12	1
http://ex.org/variable#25 http://www.ibm.com/timex#d http://ex.org/variable#13	1
http://ex.org/variable#25 http://www.ibm.com/timex#o http://ex.org/variable#14	1
http://ex.org/variable#25 http://www.ibm.com/timex#o http://ex.org/variable#15	1
http://ex.org/variable#25 http://www.ibm.com/timex#d http://ex.org/variable#16	1
http://ex.org/variable#25 http://www.ibm.com/timex#o http://ex.org/variable#17	1
http://ex.org/variable#25 http://www.ibm.com/timex#d http://ex.org/variable#18	1
http://ex.org/variable#25 http://www.ibm.com/timex#oi http://ex.org/variable#19	1
http://ex.org/variable#25 http://www.ibm.com/timex#oi http://ex.org/variable#20	1
http://ex.org/variable#25 http://www.ibm.com/timex#d http://ex.org/variable#21	1
http://ex.org/variable#25 http://www.ibm.com/timex#b http://ex.org/variable#22	1
http://ex.org/variable#25 http://www.ibm.com/timex#oi_d_f http://ex.org/variable#23	1
http://ex.org/variable#25 http://www.ibm.com/timex#b http://ex.org/variable#24	1
http://ex.org/variable#25 http://www.ibm.com/timex#d http://ex.org/variable#26	1
http://ex.org/variable#25 http://www.ibm.com/timex#d http://ex.org/variable#27	1
http://ex.org/variable#25 http://www.ibm.com/timex#d http://ex.org/variable#28	1
http://ex.org/variable#25 http://www.ibm.com/timex#o http://ex.org/variable#29	1
http://ex.org/variable#25 http://www.ibm.com/timex#d http://ex.org/variable#30	1
http://ex.org/variable#25 http://www.ibm.com/timex#b http://ex.org/variable#31	1
http://ex.org/variable#25 http://www.ibm.com/timex#d http://ex.org/variable#32	1
http://ex.org/variable#25 http://www.ibm.com/timex#b_m_o http://ex.org/variable#33	1
http://ex.org/variable#25 http://www.ibm.com/timex#o http://ex.org/variable#34	1
http://ex.org/variable#25 http://www.ibm.com/timex#s http://ex.org/variable#35	1
http://ex.org/variable#25 http://www.ibm.com/timex#o_d_s http://ex.org/variable#36	1
http://ex.org/variable#25 http://www.ibm.com/timex#m http://ex.org/variable#37	1
http://ex.org/variable#25 http://www.ibm.com/timex#d http://ex.org/variable#38	1
http://ex.org/variable#25 http://www.ibm.com/timex#d http://ex.org/variable#39	1
http://ex.org/variable#25 http://www.ibm.com/timex#b http://ex.org/variable#40	1
http://ex.org/variable#25 http://www.ibm.com/timex#b http://ex.org/variable#41	1
http://ex.org/variable#25 http://www.ibm.com/timex#d http://ex.org/variable#42	1
http://ex.org/variable#25 http://www.ibm.com/timex#d http://ex.org/variable#43	1
http://ex.org/variable#25 http://www.ibm.com/timex#o http://ex.org/variable#44	1
http://ex.org/variable#25 http://www.ibm.com/timex#d http://ex.org/variable#45	1
http://ex.org/variable#25 http://www.ibm.com/timex#o http://ex.org/variable#46	1
http://ex.org/variable#25 http://www.ibm.com/timex#m_o http://ex.org/variable#47	1
http://ex.org/variable#25 http://www.ibm.com/timex#o http://ex.org/variable#48	1
http://ex.org/variable#25 http://www.ibm.com/timex#d http://ex.org/variable#49	1
http://ex.org/variable#25 http://www.ibm.com/timex#di_fi http://ex.org/variable#50	1
http://ex.org/variable#25 http://www.ibm.com/timex#d http://ex.org/variable#51	1
http://ex.org/variable#25 http://www.ibm.com/timex#d http://ex.org/variable#52	1
http://ex.org/variable#25 http://www.ibm.com/timex#o http://ex.org/variable#53	1
http://ex.org/variable#25 http://www.ibm.com/timex#d http://ex.org/variable#54	1
http://ex.org/variable#25 http://www.ibm.com/timex#d http://ex.org/variable#55	1
http://ex.org/variable#25 http://www.ibm.com/timex#o http://ex.org/variable#56	1
http://ex.org/variable#25 http://www.ibm.com/timex#d http://ex.org/variable#57	1
http://ex.org/variable#25 http://www.ibm.com/timex#b http://ex.org/variable#58	1
http://ex.org/variable#25 http://www.ibm.com/timex#b http://ex.org/variable#59	1
http://ex.org/variable#25 http://www.ibm.com/timex#d http://ex.org/variable#60	1
http://ex.org/variable#25 http://www.ibm.com/timex#d http://ex.org/variable#61	1
http://ex.org/variable#25 http://www.ibm.com/timex#o http://ex.org/variable#62	1
http://ex.org/variable#25 http://www.ibm.com/timex#o_di_fi http://ex.org/variable#63	1
http://ex.org/variable#25 http://www.ibm.com/timex#o http://ex.org/variable#64	1
http://ex.org/variable#25 http://www.ibm.com/timex#o http://ex.org/variable#65	1
http://ex.org/variable#25 http://www.ibm.com/timex#d http://ex.org/variable#66	1
http://ex.org/variable#25 http://www.ibm.com/timex#d http://ex.org/variable#67	1
http://ex.org/variable#25 http://www.ibm.com/timex#o http://ex.org/variable#68	1
http://ex.org/variable#25 http://www.ibm.com/timex#d_f http://ex.org/variable#69	1
http://ex.org/variable#25 http://www.ibm.com/timex#d http://ex.org/variable#70	1
http://ex.org/variable#25 http://www.ibm.com/timex#d http://ex.org/variable#71	1
http://ex.org/variable#25 http://www.ibm.com/timex#o_s http://ex.org/variable#72	1
http://ex.org/variable#25 http://www.ibm.com/timex#d http://ex.org/variable#73	1
http://ex.org/variable#25 http://www.ibm.com/timex#d http://ex.org/variable#74	1
http://ex.org/variable#25 http://www.ibm.com/timex#o http://ex.org/variable#75	1
http://ex.org/variable#25 http://www.ibm.com/timex#b http://ex.org/variable#76	1
http://ex.org/variable#25 http://www.ibm.com/timex#di_fi http://ex.org/variable#77	1
http://ex.org/variable#25 http://www.ibm.com/timex#d http://ex.org/variable#78	1
http://ex.org/variable#25 http://www.ibm.com/timex#d http://ex.org/variable#79	1
http://ex.org/variable#25 http://www.ibm.com/timex#b http://ex.org/variable#80	1
http://ex.org/variable#25 http://www.ibm.com/timex#d http://ex.org/variable#81	1
http://ex.org/variable#25 http://www.ibm.com/timex#d http://ex.org/variable#82	1
http://ex.org/variable#25 http://www.ibm.com/timex#o http://ex.org/variable#83	1
http://ex.org/variable#25 http://www.ibm.com/timex#o http://ex.org/variable#84	1
http://ex.org/variable#25 http://www.ibm.com/timex#s http://ex.org/variable#85	1
http://ex.org/variable#25 http://www.ibm.com/timex#d http://ex.org/variable#86	1
http://ex.org/variable#25 http://www.ibm.com/timex#s http://ex.org/variable#87	1
http://ex.org/variable#25 http://www.ibm.com/timex#b_m_o_d_s http://ex.org/variable#88	1
http://ex.org/variable#25 http://www.ibm.com/timex#b_m_o http://ex.org/variable#89	1
http://ex.org/variable#26 http://www.ibm.com/timex#di http://ex.org/variable#0	1
http://ex.org/variable#26 http://www.ibm.com/timex#di http://ex.org/variable#1	1
http://ex.org/variable#26 http://www.ibm.com/timex#o_di http://ex.org/variable#2	1
http://ex.org/variable#26 http://www.ibm.com/timex#o http://ex.org/variable#3	1
http://ex.org/variable#26 http://www.ibm.com/timex#di http://ex.org/variable#4	1
http://ex.org/variable#26 http://www.ibm.com/timex#o http://ex.org/variable#5	1
http://ex.org/variable#26 http://www.ibm.com/timex#di http://ex.org/variable#6	1
http://ex.org/variable#26 http://www.ibm.com/timex#di http://ex.org/variable#7	1
http://ex.org/variable#26 http://www.ibm.com/timex#oi_d_f http://ex.org/variable#8	1
http://ex.org/variable#26 http://www.ibm.com/timex#oi http://ex.org/variable#9	1
http://ex.org/variable#26 http://www.ibm.com/timex#oi http://ex.org/variable#10	1
http://ex.org/variable#26 http://www.ibm.com/timex#di_fi http://ex.org/variable#11	1
http://ex.org/variable#26 http://www.ibm.com/timex#di http://ex.org/variable#12	1
http://ex.org/variable#26 http://www.ibm.com/timex#d http://ex.org/variable#13	1
http://ex.org/variable#26 http://www.ibm.com/timex#o_di_fi http://ex.org/variable#14	1
http://ex.org/variable#26 http://www.ibm.com/timex#o_di_fi http://ex.org/variable#15	1
http://ex.org/variable#26 http://www.ibm.com/timex#di http://ex.org/variable#16	1
http://ex.org/variable#26 http://www.ibm.com/timex#o http://ex.org/variable#17	1
http://ex.org/variable#26 http://www.ibm.com/timex#d http://ex.org/variable#18	1
http://ex.org/variable#26 http://www.ibm.com/timex#di http://ex.org/variable#19	1
http://ex.org/variable#26 http://www.ibm.com/timex#di http://ex.org/variable#20	1
http://ex.org/variable#26 http://www.ibm.com/timex#o_di_fi http://ex.org/variable#21	1
http://ex.org/variable#26 http://www.ibm.com/timex#di http://ex.org/variable#22	1
http://ex.org/variable#26 http://www.ibm.com/timex#oi http://ex.org/variable#23	1
http://ex.org/variable#26 http://www.ibm.com/timex#di http://ex.org/variable#24	1
http://ex.org/variable#26 http://www.ibm.com/timex#di http://ex.org/variable#25	1
http://ex.org/variable#26 http://www.ibm.com/timex#di http://ex.org/variable#27	1
http://ex.org/variable#26 http://www.ibm.com/timex#oi_d_f http://ex.org/variable#28	1
http://ex.org/variable#26 http://www.ibm.com/timex#di http://ex.org/variable#29	1
http://ex.org/variable#26 http://www.ibm.com/timex#di http://ex.org/variable#30	1
http://ex.org/variable#26 http://www.ibm.com/timex#di http://ex.org/variable#31	1
http://ex.org/variable#26 http://www.ibm.com/timex#oi http://ex.org/variable#32	1
http://ex.org/variable#26 http://www.ibm.com/timex#di http://ex.org/variable#33	1
http://ex.org/variable#26 http://www.ibm.com/timex#o_di_fi http://ex.org/variable#34	1
http://ex.org/variable#26 http://www.ibm.com/timex#di http://ex.org/variable#35	1
http://ex.org/variable#26 http://www.ibm.com/timex#o_di_fi http://ex.org/variable#36	1
http://ex.org/variable#26 http://www.ibm.com/timex#di http://ex.org/variable#37	1
http://ex.org/variable#26 http://www.ibm.com/timex#di http://ex.org/variable#38	1
http://ex.org/variable#26 http://www.ibm.com/timex#di http://ex.org/variable#39	1
http://ex.org/variable#26 http://www.ibm.com/timex#di http://ex.org/variable#40	1
http://ex.org/variable#26 http://www.ibm.com/timex#o_di http://ex.org/variable#41	1
http://ex.org/variable#26 http://www.ibm.com/timex#oi_d_f http://ex.org/variable#42	1
http://ex.org/variable#26 http://www.ibm.com/timex#eq http://ex.org/variable#43	1
http://ex.org/variable#26 http://www.ibm.com/timex#di http://ex.org/variable#44	1
http://ex.org/variable#26 http://www.ibm.com/timex#oi http://ex.org/variable#45	1
http://ex.org/variable#26 http://www.ibm.com/timex#di http://ex.org/variable#46	1
http://ex.org/variable#26 http://www.ibm.com/timex#di http://ex.org/variable#47	1
http://ex.org/variable#26 http://www.ibm.com/timex#di http://ex.org/variable#48	1
http://ex.org/variable#26 http://www.ibm.com/timex#oi http://ex.org/variable#49	1
http://ex.org/variable#26 http://www.ibm.com/timex#di http://ex.org/variable#50	1
http://ex.org/variable#26 http://www.ibm.com/timex#o_di_fi http://ex.org/variable#51	1
http://ex.org/variable#26 http://www.ibm.com/timex#oi http://ex.org/variable#52	1
http://ex.org/variable#26 http://www.ibm.com/timex#o_di_fi http://ex.org/variable#53	1
http://ex.org/variable#26 http://www.ibm.com/timex#oi_d_f http://ex.org/variable#54	1
http://ex.org/variable#26 http://www.ibm.com/timex#di http://ex.org/variable#55	1
http://ex.org/variable#26 http://www.ibm.com/timex#di http://ex.org/variable#56	1
http://ex.org/variable#26 http://www.ibm.com/timex#di http://ex.org/variable#57	1
http://ex.org/variable#26 http://www.ibm.com/timex#o http://ex.org/variable#58	1
http://ex.org/variable#26 http://www.ibm.com/timex#di http://ex.org/variable#59	1
http://ex.org/variable#26 http://www.ibm.com/timex#d http://ex.org/variable#60	1
http://ex.org/variable#26 http://www.ibm.com/timex#di http://ex.org/variable#61	1
http://ex.org/variable#26 http://www.ibm.com/timex#o http://ex.org/variable#62	1
http://ex.org/variable#26 http://www.ibm.com/timex#di http://ex.org/variable#63	1
http://ex.org/variable#26 http://www.ibm.com/timex#o_di http://ex.org/variable#64	1
http://ex.org/variable#26 http://www.ibm.com/timex#o_di http://ex.org/variable#65	1
http://ex.org/variable#26 http://www.ibm.com/timex#di http://ex.org/variable#66	1
http://ex.org/variable#26 http://www.ibm.com/timex#oi http://ex.org/variable#67	1
http://ex.org/variable#26 http://www.ibm.com/timex#o_di_fi http://ex.org/variable#68	1
http://ex.org/variable#26 http://www.ibm.com/timex#oi http://ex.org/variable#69	1
http://ex.org/variable#26 http://www.ibm.com/timex#di http://ex.org/variable#70	1
http://ex.org/variable#26 http://www.ibm.com/timex#oi http://ex.org/variable#71	1
http://ex.org/variable#26 http://www.ibm.com/timex#di http://ex.org/variable#72	1
http://ex.org/variable#26 http://www.ibm.com/timex#di http://ex.org/variable#73	1
http://ex.org/variable#26 http://www.ibm.com/timex#o_di_fi http://ex.org/variable#74	1
http://ex.org/variable#26 http://www.ibm.com/timex#di http://ex.org/variable#75	1
http://ex.org/variable#26 http://www.ibm.com/timex#o_di_fi http://ex.org/variable#76	1
http://ex.org/variable#26 http://www.ibm.com/timex#di http://ex.org/variable#77	1
http://ex.org/variable#26 http://www.ibm.com/timex#oi http://ex.org/variable#78	1
http://ex.org/variable#26 http://www.ibm.com/timex#oi_si http://ex.org/variable#79	1
http://ex.org/variable#26 http://www.ibm.com/timex#o http://ex.org/variable#80	1
http://ex.org/variable#26 http://www.ibm.com/timex#oi http://ex.org/variable#81	1
http://ex.org/variable#26 http://www.ibm.com/timex#oi_di_si http://ex.org/variable#82	1
http://ex.org/variable#26 http://www.ibm.com/timex#o_di_fi http://ex.org/variable#83	1
http://ex.org/variable#26 http://www.ibm.com/timex#o_di_fi http://ex.org/variable#84	1
http://ex.org/variable#26 http://www.ibm.com/timex#di http://ex.org/variable#85	1
http://ex.org/variable#26 http://www.ibm.com/timex#oi http://ex.org/variable#86	1
http://ex.org/variable#26 http://www.ibm.com/timex#di http://ex.org/variable#87	1
http://ex.org/variable#26 http://www.ibm.com/timex#o_di_fi http://ex.org/variable#88	1
http://ex.org/variable#26 http://www.ibm.com/timex#o_di_fi http://ex.org/variable#89	1
http://ex.org/variable#27 http://www.ibm.com/timex#di http://ex.org/variable#0	1
http://ex.org/variable#27 http://www.ibm.com/timex#di http://ex.org/variable#1	1
http://ex.org/variable#27 http://www.ibm.com/timex#o http://ex.org/variable#2	1
http://ex.org/variable#27 http://www.ibm.com/timex#o http://ex.org/variable#3	1
http://ex.org/variable#27 http://www.ibm.com/timex#di http://ex.org/variable#4	1
http://ex.org/variable#27 http://www.ibm.com/timex#d http://ex.org/variable#5	1
http://ex.org/variable#27 http://www.ibm.com/timex#di http://ex.org/variable#6	1
http://ex.org/variable#27 http://www.ibm.com/timex#di http://ex.org/variable#7	1
http://ex.org/variable#27 http://www.ibm.com/timex#d http://ex.org/variable#8	1
http://ex.org/variable#27 http://www.ibm.com/timex#oi http://ex.org/variable#9	1
http://ex.org/variable#27 http://www.ibm.com/timex#oi http://ex.org/variable#10	1
http://ex.org/variable#27 http://www.ibm.com/timex#o http://ex.org/variable#11	1
http://ex.org/variable#27 http://www.ibm.com/timex#oi http://ex.org/variable#12	1
http://ex.org/variable#27 http://www.ibm.com/timex#d http://ex.org/variable#13	1
http://ex.org/variable#27 http://www.ibm.com/timex#o http://ex.org/variable#14	1
http://ex.org/variable#27 http://www.ibm.com/timex#o_di_fi http://ex.org/variable#15	1
http://ex.org/variable#27 http://www.ibm.com/timex#oi_di_si http://ex.org/variable#16	1
http://ex.org/variable#27 http://www.ibm.com/timex#o http://ex.org/variable#17	1
http://ex.org/variable#27 http://www.ibm.com/timex#d http://ex.org/variable#18	1
http://ex.org/variable#27 http://www.ibm.com/timex#oi http://ex.org/variable#19	1
http://ex.org/variable#27 http://www.ibm.com/timex#oi http://ex.org/variable#20	1
http://ex.org/variable#27 http://www.ibm.com/timex#oi_d_f http://ex.org/variable#21	1
http://ex.org/variable#27 http://www.ibm.com/timex#di http://ex.org/variable#22	1
http://ex.org/variable#27 http://www.ibm.com/timex#oi http://ex.org/variable#23	1
http://ex.org/variable#27 http://www.ibm.com/timex#di http://ex.org/variable#24	1
http://ex.org/variable#27 http://www.ibm.com/timex#di http://ex.org/variable#25	1
http://ex.org/variable#27 http://www.ibm.com/timex#d http://ex.org/variable#26	1
http://ex.org/variable#27 http://www.ibm.com/timex#oi_d_f http://ex.org/variable#28	1
http://ex.org/variable#27 http://www.ibm.com/timex#di http://ex.org/variable#29	1
http://ex.org/variable#27 http://www.ibm.com/timex#oi http://ex.org/variable#30	1
http://ex.org/variable#27 http://www.ibm.com/timex#di http://ex.org/variable#31	1
http://ex.org/variable#27 http://www.ibm.com/timex#oi http://ex.org/variable#32	1
http://ex.org/variable#27 http://www.ibm.com/timex#di http://ex.org/variable#33	1
http://ex.org/variable#27 http://www.ibm.com/timex#o http://ex.org/variable#34	1
http://ex.org/variable#27 http://www.ibm.com/timex#di http://ex.org/variable#35	1
http://ex.org/variable#27 http://www.ibm.com/timex#o http://ex.org/variable#36	1
http://ex.org/variable#27 http://www.ibm.com/timex#di http://ex.org/variable#37	1
http://ex.org/variable#27 http://www.ibm.com/timex#oi_di_si http://ex.org/variable#38	1
http://ex.org/variable#27 http://www.ibm.com/timex#oi http://ex.org/variable#39	1
http://ex.org/variable#27 http://www.ibm.com/timex#di http://ex.org/variable#40	1
http://ex.org/variable#27 http://www.ibm.com/timex#o_fi http://ex.org/variable#41	1
http://ex.org/variable#27 http://www.ibm.com/timex#oi_d_f http://ex.org/variable#42	1
http://ex.org/variable#27 http://www.ibm.com/timex#d http://ex.org/variable#43	1
http://ex.org/variable#27 http://www.ibm.com/timex#di http://ex.org/variable#44	1
http://ex.org/variable#27 http://www.ibm.com/timex#oi http://ex.org/variable#45	1
http://ex.org/variable#27 http://www.ibm.com/timex#di http://ex.org/variable#46	1
http://ex.org/variable#27 http://www.ibm.com/timex#di http://ex.org/variable#47	1
http://ex.org/variable#27 http://www.ibm.com/timex#di http://ex.org/variable#48	1
http://ex.org/variable#27 http://www.ibm.com/timex#oi http://ex.org/variable#49	1
http://ex.org/variable#27 http://www.ibm.com/timex#di http://ex.org/variable#50	1
http://ex.org/variable#27 http://www.ibm.com/timex#d http://ex.org/variable#51	1
http://ex.org/variable#27 http://www.ibm.com/timex#oi http://ex.org/variable#52	1
http://ex.org/variable#27 http://www.ibm.com/timex#o http://ex.org/variable#53	1
http://ex.org/variable#27 http://www.ibm.com/timex#oi_d_f http://ex.org/variable#54	1
http://ex.org/variable#27 http://www.ibm.com/timex#oi http://ex.org/variable#55	1
http://ex.org/variable#27 http://www.ibm.com/timex#di http://ex.org/variable#56	1
http://ex.org/variable#27 http://www.ibm.com/timex#oi http://ex.org/variable#57	1
http://ex.org/variable#27 http://www.ibm.com/timex#m_o http://ex.org/variable#58	1
http://ex.org/variable#27 http://www.ibm.com/timex#di http://ex.org/variable#59	1
http://ex.org/variable#27 http://www.ibm.com/timex#d http://ex.org/variable#60	1
http://ex.org/variable#27 http://www.ibm.com/timex#oi http://ex.org/variable#61	1
http://ex.org/variable#27 http://www.ibm.com/timex#o http://ex.org/variable#62	1
http://ex.org/variable#27 http://www.ibm.com/timex#di http://ex.org/variable#63	1
http://ex.org/variable#27 http://www.ibm.com/timex#o_di_fi http://ex.org/variable#64	1
http://ex.org/variable#27 http://www.ibm.com/timex#o_di_fi http://ex.org/variable#65	1
http://ex.org/variable#27 http://www.ibm.com/timex#oi_f http://ex.org/variable#66	1
http://ex.org/variable#27 http://www.ibm.com/timex#oi http://ex.org/variable#67	1
http://ex.org/variable#27 http://www.ibm.com/timex#o http://ex.org/variable#68	1
http://ex.org/variable#27 http://www.ibm.com/timex#oi http://ex.org/variable#69	1
http://ex.org/variable#27 http://www.ibm.com/timex#oi http://ex.org/variable#70	1
http://ex.org/variable#27 http://www.ibm.com/timex#oi http://ex.org/variable#71	1
http://ex.org/variable#27 http://www.ibm.com/timex#di http://ex.org/variable#72	1
http://ex.org/variable#27 http://www.ibm.com/timex#di http://ex.org/variable#73	1
http://ex.org/variable#27 http://www.ibm.com/timex#oi_d http://ex.org/variable#74	1
http://ex.org/variable#27 http://www.ibm.com/timex#di http://ex.org/variable#75	1
http://ex.org/variable#27 http://www.ibm.com/timex#o http://ex.org/variable#76	1
http://ex.org/variable#27 http://www.ibm.com/timex#di http://ex.org/variable#77	1
http://ex.org/variable#27 http://www.ibm.com/timex#oi http://ex.org/variable#78	1
http://ex.org/variable#27 http://www.ibm.com/timex#oi http://ex.org/variable#79	1
http://ex.org/variable#27 http://www.ibm.com/timex#o http://ex.org/variable#80	1
http://ex.org/variable#27 http://www.ibm.com/timex#oi http://ex.org/variable#81	1
http://ex.org/variable#27 http://www.ibm.com/timex#oi http://ex.org/variable#82	1
http://ex.org/variable#27 http://www.ibm.com/timex#o http://ex.org/variable#83	1
http://ex.org/variable#27 http://www.ibm.com/timex#o_di_fi http://ex.org/variable#84	1
http://ex.org/variable#27 http://www.ibm.com/timex#di http://ex.org/variable#85	1
http://ex.org/variable#27 http://www.ibm.com/timex#oi http://ex.org/variable#86	1
http://ex.org/variable#27 http://www.ibm.com/timex#di http://ex.org/variable#87	1
http://ex.org/variable#27 http://www.ibm.com/timex#o_d_f_fi http://ex.org/variable#88	1
http://ex.org/variable#27 http://www.ibm.com/timex#o http://ex.org/variable#89	1
http://ex.org/variable#28 http://www.ibm.com/timex#di http://ex.org/variable#0	1
http://ex.org/variable#28 http://www.ibm.com/timex#di http://ex.org/variable#1	1
http://ex.org/variable#28 http://www.ibm.com/timex#o_di_fi http://ex.org/variable#2	1
http://ex.org/variable#28 http://www.ibm.com/timex#o_di_fi http://ex.org/variable#3	1
http://ex.org/variable#28 http://www.ibm.com/timex#di http://ex.org/variable#4	1
http://ex.org/variable#28 http://www.ibm.com/timex#o_di_fi http://ex.org/variable#5	1
http://ex.org/variable#28 http://www.ibm.com/timex#di http://ex.org/variable#6	1
http://ex.org/variable#28 http://www.ibm.com/timex#di http://ex.org/variable#7	1
http://ex.org/variable#28 http://www.ibm.com/timex#eq_o_di_s_si_fi http://ex.org/variable#8	1
http://ex.org/variable#28 http://www.ibm.com/timex#oi_di_si http://ex.org/variable#9	1
http://ex.org/variable#28 http://www.ibm.com/timex#oi_di http://ex.org/variable#10	1
http://ex.org/variable#28 http://www.ibm.com/timex#o_di_fi http://ex.org/variable#11	1
http://ex.org/variable#28 http://www.ibm.com/timex#di http://ex.org/variable#12	1
http://ex.org/variable#28 http://www.ibm.com/timex#eq_o_oi_d_di_s_si_f_fi http://ex.org/variable#13	1
http://ex.org/variable#28 http://www.ibm.com/timex#o_di_fi http://ex.org/variable#14	1
http://ex.org/variable#28 http://www.ibm.com/timex#di http://ex.org/variable#15	1
http://ex.org/variable#28 http://www.ibm.com/timex#di http://ex.org/variable#16	1
http://ex.org/variable#28 http://www.ibm.com/timex#o_di_fi http://ex.org/variable#17	1
http://ex.org/variable#28 http://www.ibm.com/timex#eq_o_oi_d_di_s_si_f_fi http://ex.org/variable#18	1
http://ex.org/variable#28 http://www.ibm.com/timex#di http://ex.org/variable#19	1
http://ex.org/variable#28 http://www.ibm.com/timex#di http://ex.org/variable#20	1
http://ex.org/variable#28 http://www.ibm.com/timex#o_di_fi http://ex.org/variable#21	1
http://ex.org/variable#28 http://www.ibm.com/timex#di http://ex.org/variable#22	1
http://ex.org/variable#28 http://www.ibm.com/timex#di http://ex.org/variable#23	1
http://ex.org/variable#28 http://www.ibm.com/timex#di http://ex.org/variable#24	1
http://ex.org/variable#28 http://www.ibm.com/timex#di http://ex.org/variable#25	1
http://ex.org/variable#28 http://www.ibm.com/timex#o_di_fi http://ex.org/variable#26	1
http://ex.org/variable#28 http://www.ibm.com/timex#o_di_fi http://ex.org/variable#27	1
http://ex.org/variable#28 http://www.ibm.com/timex#di http://ex.org/variable#29	1
http://ex.org/variable#28 http://www.ibm.com/timex#di http://ex.org/variable#30	1
http://ex.org/variable#28 http://www.ibm.com/timex#di http://ex.org/variable#31	1
http://ex.org/variable#28 http://www.ibm.com/timex#oi_di_si http://ex.org/variable#32	1
http://ex.org/variable#28 http://www.ibm.com/timex#di http://ex.org/variable#33	1
http://ex.org/variable#28 http://www.ibm.com/timex#o_di_fi http://ex.org/variable#34	1
http://ex.org/variable#28 http://www.ibm.com/timex#di http://ex.org/variable#35	1
http://ex.org/variable#28 http://www.ibm.com/timex#o_di http://ex.org/variable#36	1
http://ex.org/variable#28 http://www.ibm.com/timex#di http://ex.org/variable#37	1
http://ex.org/variable#28 http://www.ibm.com/timex#di http://ex.org/variable#38	1
http://ex.org/variable#28 http://www.ibm.com/timex#di http://ex.org/variable#39	1
http://ex.org/variable#28 http://www.ibm.com/timex#di http://ex.org/variable#40	1
http://ex.org/variable#28 http://www.ibm.com/timex#o_di_fi http://ex.org/variable#41	1
http://ex.org/variable#28 http://www.ibm.com/timex#di_si http://ex.org/variable#42	1
http://ex.org/variable#28 http://www.ibm.com/timex#o_di_fi http://ex.org/variable#43	1
http://ex.org/variable#28 http://www.ibm.com/timex#di http://ex.org/variable#44	1
http://ex.org/variable#28 http://www.ibm.com/timex#di http://ex.org/variable#45	1
http://ex.org/variable#28 http://www.ibm.com/timex#di http://ex.org/variable#46	1
http://ex.org/variable#28 http://www.ibm.com/timex#di http://ex.org/variable#47	1
http://ex.org/variable#28 http://www.ibm.com/timex#di http://ex.org/variable#48	1
http://ex.org/variable#28 http://www.ibm.com/timex#di http://ex.org/variable#49	1
http://ex.org/variable#28 http://www.ibm.com/timex#di http://ex.org/variable#50	1
http://ex.org/variable#28 http://www.ibm.com/timex#o_di_fi http://ex.org/variable#51	1
http://ex.org/variable#28 http://www.ibm.com/timex#di http://ex.org/variable#52	1
http://ex.org/variable#28 http://www.ibm.com/timex#o_di http://ex.org/variable#53	1
http://ex.org/variable#28 http://www.ibm.com/timex#o_di_fi http://ex.org/variable#54	1
http://ex.org/variable#28 http://www.ibm.com/timex#di http://ex.org/variable#55	1
http://ex.org/variable#28 http://www.ibm.com/timex#di http://ex.org/variable#56	1
http://ex.org/variable#28 http://www.ibm.com/timex#di http://ex.org/variable#57	1
http://ex.org/variable#28 http://www.ibm.com/timex#o_di_fi http://ex.org/variable#58	1
http://ex.org/variable#28 http://www.ibm.com/timex#di http://ex.org/variable#59	1
http://ex.org/variable#28 http://www.ibm.com/timex#eq_o_oi_d_di_s_si_f_fi http://ex.org/variable#60	1
http://ex.org/variable#28 http://www.ibm.com/timex#di http://ex.org/variable#61	1
http://ex.org/variable#28 http://www.ibm.com/timex#o_di_fi http://ex.org/variable#62	1
http://ex.org/variable#28 http://www.ibm.com/timex#di http://ex.org/variable#63	1
http://ex.org/variable#28 http://www.ibm.com/timex#o_di_fi http://ex.org/variable#64	1
http://ex.org/variable#28 http://www.ibm.com/timex#o_di_fi http://ex.org/variable#65	1
http://ex.org/variable#28 http://www.ibm.com/timex#o_di http://ex.org/variable#66	1
http://ex.org/variable#28 http://www.ibm.com/timex#di_si http://ex.org/variable#67	1
http://ex.org/variable#28 http://www.ibm.com/timex#o_di http://ex.org/variable#68	1
http://ex.org/variable#28 http://www.ibm.com/timex#di_si http://ex.org/variable#69	1
http://ex.org/variable#28 http://www.ibm.com/timex#di http://ex.org/variable#70	1
http://ex.org/variable#28 http://www.ibm.com/timex#di http://ex.org/variable#71	1
http://ex.org/variable#28 http://www.ibm.com/timex#di http://ex.org/variable#72	1
http://ex.org/variable#28 http://www.ibm.com/timex#di http://ex.org/variable#73	1
http://ex.org/variable#28 http://www.ibm.com/timex#di http://ex.org/variable#74	1
http://ex.org/variable#28 http://www.ibm.com/timex#di http://ex.org/variable#75	1
http://ex.org/variable#28 http://www.ibm.com/timex#o_di_fi http://ex.org/variable#76	1
http://ex.org/variable#28 http://www.ibm.com/timex#di http://ex.org/variable#77	1
http://ex.org/variable#28 http://www.ibm.com/timex#di http://ex.org/variable#78	1
http://ex.org/variable#28 http://www.ibm.com/timex#di http://ex.org/variable#79	1
http://ex.org/variable#28 http://www.ibm.com/timex#o_di_fi http://ex.org/variable#80	1
http://ex.org/variable#28 http://www.ibm.com/timex#oi_di_si http://ex.org/variable#81	1
http://ex.org/variable#28 http://www.ibm.com/timex#oi_di_si http://ex.org/variable#82	1
http://ex.org/variable#28 http://www.ibm.com/timex#o_di http://ex.org/variable#83	1
http://ex.org/variable#28 http://www.ibm.com/timex#o_di_fi http://ex.org/variable#84	1
http://ex.org/variable#28 http://www.ibm.com/timex#di http://ex.org/variable#85	1
http://ex.org/variable#28 http://www.ibm.com/timex#oi_si http://ex.org/variable#86	1
http://ex.org/variable#28 http://www.ibm.com/timex#di http://ex.org/variable#87	1
http://ex.org/variable#28 http://www.ibm.com/timex#o_di_fi http://ex.org/variable#88	1
http://ex.org/variable#28 http://www.ibm.com/timex#o_di http://ex.org/variable#89	1
http://ex.org/variable#29 http://www.ibm.com/timex#b_m_o_di_fi http://ex.org/variable#0	1
http://ex.org/variable#29 http://www.ibm.com/timex#o http://ex.org/variable#1	1
http://ex.org/variable#29 http://www.ibm.com/timex#o http://ex.org/variable#2	1
http://ex.org/variable#29 http://www.ibm.com/timex#d http://ex.org/variable#3	1
http://ex.org/variable#29 http://www.ibm.com/timex#b_m_o_di_fi http://ex.org/variable#4	1
http://ex.org/variable#29 http://www.ibm.com/timex#d http://ex.org/variable#5	1
http://ex.org/variable#29 http://www.ibm.com/timex#di http://ex.org/variable#6	1
http://ex.org/variable#29 http://www.ibm.com/timex#eq_o_oi_d_di_s_si_f_fi http://ex.org/variable#7	1
http://ex.org/variable#29 http://www.ibm.com/timex#d http://ex.org/variable#8	1
http://ex.org/variable#29 http://www.ibm.com/timex#d http://ex.org/variable#9	1
http://ex.org/variable#29 http://www.ibm.com/timex#d http://ex.org/variable#10	1
http://ex.org/variable#29 http://www.ibm.com/timex#o http://ex.org/variable#11	1
http://ex.org/variable#29 http://www.ibm.com/timex#bi_mi_oi http://ex.org/variable#12	1
http://ex.org/variable#29 http://www.ibm.com/timex#d http://ex.org/variable#13	1
http://ex.org/variable#29 http://www.ibm.com/timex#o http://ex.org/variable#14	1
http://ex.org/variable#29 http://www.ibm.com/timex#o_d_s http://ex.org/variable#15	1
http://ex.org/variable#29 http://www.ibm.com/timex#oi http://ex.org/variable#16	1
http://ex.org/variable#29 http://www.ibm.com/timex#o http://ex.org/variable#17	1
http://ex.org/variable#29 http://www.ibm.com/timex#d http://ex.org/variable#18	1
http://ex.org/variable#29 http://www.ibm.com/timex#oi http://ex.org/variable#19	1
http://ex.org/variable#29 http://www.ibm.com/timex#oi http://ex.org/variable#20	1
http://ex.org/variable#29 http://www.ibm.com/timex#d http://ex.org/variable#21	1
http://ex.org/variable#29 http://www.ibm.com/timex#o_di_fi http://ex.org/variable#22	1
http://ex.org/variable#29 http://www.ibm.com/timex#oi http://ex.org/variable#23	1
http://ex.org/variable#29 http://www.ibm.com/timex#b_m_o http://ex.org/variable#24	1
http://ex.org/variable#29 http://www.ibm.com/timex#oi http://ex.org/variable#25	1
http://ex.org/variable#29 http://www.ibm.com/timex#d http://ex.org/variable#26	1
http://ex.org/variable#29 http://www.ibm.com/timex#d http://ex.org/variable#27	1
http://ex.org/variable#29 http://www.ibm.com/timex#d http://ex.org/variable#28	1
http://ex.org/variable#29 http://www.ibm.com/timex#oi http://ex.org/variable#30	1
http://ex.org/variable#29 http://www.ibm.com/timex#b_m_o_di_fi http://ex.org/variable#31	1
http://ex.org/variable#29 http://www.ibm.com/timex#d http://ex.org/variable#32	1
http://ex.org/variable#29 http://www.ibm.com/timex#o http://ex.org/variable#33	1
http://ex.org/variable#29 http://www.ibm.com/timex#o http://ex.org/variable#34	1
http://ex.org/variable#29 http://www.ibm.com/timex#oi_d http://ex.org/variable#35	1
http://ex.org/variable#29 http://www.ibm.com/timex#o_d_s http://ex.org/variable#36	1
http://ex.org/variable#29 http://www.ibm.com/timex#di http://ex.org/variable#37	1
http://ex.org/variable#29 http://www.ibm.com/timex#oi_d_f http://ex.org/variable#38	1
http://ex.org/variable#29 http://www.ibm.com/timex#oi_d_f http://ex.org/variable#39	1
http://ex.org/variable#29 http://www.ibm.com/timex#o http://ex.org/variable#40	1
http://ex.org/variable#29 http://www.ibm.com/timex#b_m_o http://ex.org/variable#41	1
http://ex.org/variable#29 http://www.ibm.com/timex#d http://ex.org/variable#42	1
http://ex.org/variable#29 http://www.ibm.com/timex#d http://ex.org/variable#43	1
http://ex.org/variable#29 http://www.ibm.com/timex#eq_oi_di_si_f_fi http://ex.org/variable#44	1
http://ex.org/variable#29 http://www.ibm.com/timex#d http://ex.org/variable#45	1
http://ex.org/variable#29 http://www.ibm.com/timex#o http://ex.org/variable#46	1
http://ex.org/variable#29 http://www.ibm.com/timex#o http://ex.org/variable#47	1
http://ex.org/variable#29 http://www.ibm.com/timex#o_d_s http://ex.org/variable#48	1
http://ex.org/variable#29 http://www.ibm.com/timex#d http://ex.org/variable#49	1
http://ex.org/variable#29 http://www.ibm.com/timex#di http://ex.org/variable#50	1
http://ex.org/variable#29 http://www.ibm.com/timex#d http://ex.org/variable#51	1
http://ex.org/variable#29 http://www.ibm.com/timex#oi_d_f http://ex.org/variable#52	1
http://ex.org/variable#29 http://www.ibm.com/timex#o http://ex.org/variable#53	1
http://ex.org/variable#29 http://www.ibm.com/timex#d http://ex.org/variable#54	1
http://ex.org/variable#29 http://www.ibm.com/timex#d http://ex.org/variable#55	1
http://ex.org/variable#29 http://www.ibm.com/timex#eq_o_oi_d_di_s_si_f_fi http://ex.org/variable#56	1
http://ex.org/variable#29 http://www.ibm.com/timex#oi_d_f http://ex.org/variable#57	1
http://ex.org/variable#29 http://www.ibm.com/timex#b http://ex.org/variable#58	1
http://ex.org/variable#29 http://www.ibm.com/timex#b_m_o http://ex.org/variable#59	1
http://ex.org/variable#29 http://www.ibm.com/timex#d http://ex.org/variable#60	1
http://ex.org/variable#29 http://www.ibm.com/timex#oi http://ex.org/variable#61	1
http://ex.org/variable#29 http://www.ibm.com/timex#o http://ex.org/variable#62	1
http://ex.org/variable#29 http://www.ibm.com/timex#di http://ex.org/variable#63	1
http://ex.org/variable#29 http://www.ibm.com/timex#o_d_s http://ex.org/variable#64	1
http://ex.org/variable#29 http://www.ibm.com/timex#o_d_s http://ex.org/variable#65	1
http://ex.org/variable#29 http://www.ibm.com/timex#d http://ex.org/variable#66	1
http://ex.org/variable#29 http://www.ibm.com/timex#oi_d_f http://ex.org/variable#67	1
http://ex.org/variable#29 http://www.ibm.com/timex#o http://ex.org/variable#68	1
http://ex.org/variable#29 http://www.ibm.com/timex#oi http://ex.org/variable#69	1
http://ex.org/variable#29 http://www.ibm.com/timex#d http://ex.org/variable#70	1
http://ex.org/variable#29 http://www.ibm.com/timex#d http://ex.org/variable#71	1
http://ex.org/variable#29 http://www.ibm.com/timex#eq_o_oi_d_di_s_si_f_fi http://ex.org/variable#72	1
http://ex.org/variable#29 http://www.ibm.com/timex#d http://ex.org/variable#73	1
http://ex.org/variable#29 http://www.ibm.com/timex#d http://ex.org/variable#74	1
http://ex.org/variable#29 http://www.ibm.com/timex#o_oi_d_di_f_fi http://ex.org/variable#75	1
http://ex.org/variable#29 http://www.ibm.com/timex#m_o http://ex.org/variable#76	1
http://ex.org/variable#29 http://www.ibm.com/timex#di http://ex.org/variable#77	1
http://ex.org/variable#29 http://www.ibm.com/timex#oi_d_f http://ex.org/variable#78	1
http://ex.org/variable#29 http://www.ibm.com/timex#d http://ex.org/variable#79	1
http://ex.org/variable#29 http://www.ibm.com/timex#b_m_o http://ex.org/variable#80	1
http://ex.org/variable#29 http://www.ibm.com/timex#oi http://ex.org/variable#81	1
http://ex.org/variable#29 http://www.ibm.com/timex#d http://ex.org/variable#82	1
http://ex.org/variable#29 http://www.ibm.com/timex#o_d_s http://ex.org/variable#83	1
http://ex.org/variable#29 http://www.ibm.com/timex#o_d_s http://ex.org/variable#84	1
http://ex.org/variable#29 http://www.ibm.com/timex#oi http://ex.org/variable#85	1
http://ex.org/variable#29 http://www.ibm.com/timex#oi_d_f http://ex.org/variable#86	1
http://ex.org/variable#29 http://www.ibm.com/timex#oi_d http://ex.org/variable#87	1
http://ex.org/variable#29 http://www.ibm.com/timex#o_d_s http://ex.org/variable#88	1
http://ex.org/variable#29 http://www.ibm.com/timex#o http://ex.org/variable#89	1
http://ex.org/variable#30 http://www.ibm.com/timex#b http://ex.org/variable#0	1
http://ex.org/variable#30 http://www.ibm.com/timex#o http://ex.org/variable#1	1
http://ex.org/variable#30 http://www.ibm.com/timex#b_m_o http://ex.org/variable#2	1
http://ex.org/variable#30 http://www.ibm.com/timex#o http://ex.org/variable#3	1
http://ex.org/variable#30 http://www.ibm.com/timex#b_m_o http://ex.org/variable#4	1
http://ex.org/variable#30 http://www.ibm.com/timex#d http://ex.org/variable#5	1
http://ex.org/variable#30 http://www.ibm.com/timex#o http://ex.org/variable#6	1
http://ex.org/variable#30 http://www.ibm.com/timex#o http://ex.org/variable#7	1
http://ex.org/variable#30 http://www.ibm.com/timex#d http://ex.org/variable#8	1
http://ex.org/variable#30 http://www.ibm.com/timex#d http://ex.org/variable#9	1
http://ex.org/variable#30 http://www.ibm.com/timex#d http://ex.org/variable#10	1
http://ex.org/variable#30 http://www.ibm.com/timex#o http://ex.org/variable#11	1
http://ex.org/variable#30 http://www.ibm.com/timex#oi_di_si http://ex.org/variable#12	1
http://ex.org/variable#30 http://www.ibm.com/timex#d http://ex.org/variable#13	1
http://ex.org/variable#30 http://www.ibm.com/timex#o http://ex.org/variable#14	1
http://ex.org/variable#30 http://www.ibm.com/timex#o http://ex.org/variable#15	1
http://ex.org/variable#30 http://www.ibm.com/timex#o http://ex.org/variable#16	1
http://ex.org/variable#30 http://www.ibm.com/timex#o http://ex.org/variable#17	1
http://ex.org/variable#30 http://www.ibm.com/timex#d http://ex.org/variable#18	1
http://ex.org/variable#30 http://www.ibm.com/timex#oi http://ex.org/variable#19	1
http://ex.org/variable#30 http://www.ibm.com/timex#oi_di_si http://ex.org/variable#20	1
http://ex.org/variable#30 http://www.ibm.com/timex#o_d_s http://ex.org/variable#21	1
http://ex.org/variable#30 http://www.ibm.com/timex#b http://ex.org/variable#22	1
http://ex.org/variable#30 http://www.ibm.com/timex#oi_d_f http://ex.org/variable#23	1
http://ex.org/variable#30 http://www.ibm.com/timex#b http://ex.org/variable#24	1
http://ex.org/variable#30 http://www.ibm.com/timex#di http://ex.org/variable#25	1
http://ex.org/variable#30 http://www.ibm.com/timex#d http://ex.org/variable#26	1
http://ex.org/variable#30 http://www.ibm.com/timex#o http://ex.org/variable#27	1
http://ex.org/variable#30 http://www.ibm.com/timex#d http://ex.org/variable#28	1
http://ex.org/variable#30 http://www.ibm.com/timex#o http://ex.org/variable#29	1
http://ex.org/variable#30 http://www.ibm.com/timex#b http://ex.org/variable#31	1
http://ex.org/variable#30 http://www.ibm.com/timex#d http://ex.org/variable#32	1
http://ex.org/variable#30 http://www.ibm.com/timex#b_m_o http://ex.org/variable#33	1
http://ex.org/variable#30 http://www.ibm.com/timex#o http://ex.org/variable#34	1
http://ex.org/variable#30 http://www.ibm.com/timex#o http://ex.org/variable#35	1
http://ex.org/variable#30 http://www.ibm.com/timex#o http://ex.org/variable#36	1
http://ex.org/variable#30 http://www.ibm.com/timex#o http://ex.org/variable#37	1
http://ex.org/variable#30 http://www.ibm.com/timex#o http://ex.org/variable#38	1
http://ex.org/variable#30 http://www.ibm.com/timex#o_d_s http://ex.org/variable#39	1
http://ex.org/variable#30 http://www.ibm.com/timex#b http://ex.org/variable#40	1
http://ex.org/variable#30 http://www.ibm.com/timex#b http://ex.org/variable#41	1
http://ex.org/variable#30 http://www.ibm.com/timex#d http://ex.org/variable#42	1
http://ex.org/variable#30 http://www.ibm.com/timex#d http://ex.org/variable#43	1
http://ex.org/variable#30 http://www.ibm.com/timex#o_di_fi http://ex.org/variable#44	1
http://ex.org/variable#30 http://www.ibm.com/timex#d http://ex.org/variable#45	1
http://ex.org/variable#30 http://www.ibm.com/timex#o http://ex.org/variable#46	1
http://ex.org/variable#30 http://www.ibm.com/timex#o http://ex.org/variable#47	1
http://ex.org/variable#30 http://www.ibm.com/timex#o http://ex.org/variable#48	1
http://ex.org/variable#30 http://www.ibm.com/timex#d http://ex.org/variable#49	1
http://ex.org/variable#30 http://www.ibm.com/timex#di http://ex.org/variable#50	1
http://ex.org/variable#30 http://www.ibm.com/timex#o_d_s http://ex.org/variable#51	1
http://ex.org/variable#30 http://www.ibm.com/timex#d http://ex.org/variable#52	1
http://ex.org/variable#30 http://www.ibm.com/timex#o http://ex.org/variable#53	1
http://ex.org/variable#30 http://www.ibm.com/timex#d http://ex.org/variable#54	1
http://ex.org/variable#30 http://www.ibm.com/timex#d http://ex.org/variable#55	1
http://ex.org/variable#30 http://www.ibm.com/timex#o http://ex.org/variable#56	1
http://ex.org/variable#30 http://www.ibm.com/timex#d http://ex.org/variable#57	1
http://ex.org/variable#30 http://www.ibm.com/timex#b http://ex.org/variable#58	1
http://ex.org/variable#30 http://www.ibm.com/timex#b http://ex.org/variable#59	1
http://ex.org/variable#30 http://www.ibm.com/timex#d http://ex.org/variable#60	1
http://ex.org/variable#30 http://www.ibm.com/timex#o_s http://ex.org/variable#61	1
http://ex.org/variable#30 http://www.ibm.com/timex#o http://ex.org/variable#62	1
http://ex.org/variable#30 http://www.ibm.com/timex#o_di_fi http://ex.org/variable#63	1
http://ex.org/variable#30 http://www.ibm.com/timex#o http://ex.org/variable#64	1
http://ex.org/variable#30 http://www.ibm.com/timex#o http://ex.org/variable#65	1
http://ex.org/variable#30 http://www.ibm.com/timex#o_s http://ex.org/variable#66	1
http://ex.org/variable#30 http://www.ibm.com/timex#d http://ex.org/variable#67	1
http://ex.org/variable#30 http://www.ibm.com/timex#o http://ex.org/variable#68	1
http://ex.org/variable#30 http://www.ibm.com/timex#oi_d_f http://ex.org/variable#69	1
http://ex.org/variable#30 http://www.ibm.com/timex#d http://ex.org/variable#70	1
http://ex.org/variable#30 http://www.ibm.com/timex#d http://ex.org/variable#71	1
http://ex.org/variable#30 http://www.ibm.com/timex#o http://ex.org/variable#72	1
http://ex.org/variable#30 http://www.ibm.com/timex#o http://ex.org/variable#73	1
http://ex.org/variable#30 http://www.ibm.com/timex#d_s http://ex.org/variable#74	1
http://ex.org/variable#30 http://www.ibm.com/timex#o http://ex.org/variable#75	1
http://ex.org/variable#30 http://www.ibm.com/timex#b http://ex.org/variable#76	1
http://ex.org/variable#30 http://www.ibm.com/timex#di http://ex.org/variable#77	1
http://ex.org/variable#30 http://www.ibm.com/timex#d http://ex.org/variable#78	1
http://ex.org/variable#30 http://www.ibm.com/timex#d http://ex.org/variable#79	1
http://ex.org/variable#30 http://www.ibm.com/timex#b http://ex.org/variable#80	1
http://ex.org/variable#30 http://www.ibm.com/timex#d http://ex.org/variable#81	1
http://ex.org/variable#30 http://www.ibm.com/timex#o_d http://ex.org/variable#82	1
http://ex.org/variable#30 http://www.ibm.com/timex#o http://ex.org/variable#83	1
http://ex.org/variable#30 http://www.ibm.com/timex#o http://ex.org/variable#84	1
http://ex.org/variable#30 http://www.ibm.com/timex#o http://ex.org/variable#85	1
http://ex.org/variable#30 http://www.ibm.com/timex#d http://ex.org/variable#86	1
http://ex.org/variable#30 http://www.ibm.com/timex#o http://ex.org/variable#87	1
http://ex.org/variable#30 http://www.ibm.com/timex#b_m_o_d_s http://ex.org/variable#88	1
http://ex.org/variable#30 http://www.ibm.com/timex#b_m_o http://ex.org/variable#89	1
http://ex.org/variable#31 http://www.ibm.com/timex#b_m_o_d_s http://ex.org/variable#0	1
http://ex.org/variable#31 http://www.ibm.com/timex#d http://ex.org/variable#1	1
http://ex.org/variable#31 http://www.ibm.com/timex#d http://ex.org/variable#2	1
http://ex.org/variable#31 http://www.ibm.com/timex#d http://ex.org/variable#3	1
http://ex.org/variable#31 http://www.ibm.com/timex#d http://ex.org/variable#4	1
http://ex.org/variable#31 http://www.ibm.com/timex#d http://ex.org/variable#5	1
http://ex.org/variable#31 http://www.ibm.com/timex#bi http://ex.org/variable#6	1
http://ex.org/variable#31 http://www.ibm.com/timex#d http://ex.org/variable#7	1
http://ex.org/variable#31 http://www.ibm.com/timex#d http://ex.org/variable#8	1
http://ex.org/variable#31 http://www.ibm.com/timex#d http://ex.org/variable#9	1
http://ex.org/variable#31 http://www.ibm.com/timex#d http://ex.org/variable#10	1
http://ex.org/variable#31 http://www.ibm.com/timex#d http://ex.org/variable#11	1
http://ex.org/variable#31 http://www.ibm.com/timex#bi http://ex.org/variable#12	1
http://ex.org/variable#31 http://www.ibm.com/timex#d http://ex.org/variable#13	1
http://ex.org/variable#31 http://www.ibm.com/timex#d http://ex.org/variable#14	1
http://ex.org/variable#31 http://www.ibm.com/timex#d http://ex.org/variable#15	1
http://ex.org/variable#31 http://www.ibm.com/timex#bi http://ex.org/variable#16	1
http://ex.org/variable#31 http://www.ibm.com/timex#d http://ex.org/variable#17	1
http://ex.org/variable#31 http://www.ibm.com/timex#d http://ex.org/variable#18	1
http://ex.org/variable#31 http://www.ibm.com/timex#bi http://ex.org/variable#19	1
http://ex.org/variable#31 http://www.ibm.com/timex#bi http://ex.org/variable#20	1
http://ex.org/variable#31 http://www.ibm.com/timex#d http://ex.org/variable#21	1
http://ex.org/variable#31 http://www.ibm.com/timex#d_f http://ex.org/variable#22	1
http://ex.org/variable#31 http://www.ibm.com/timex#bi http://ex.org/variable#23	1
http://ex.org/variable#31 http://www.ibm.com/timex#o_d http://ex.org/variable#24	1
http://ex.org/variable#31 http://www.ibm.com/timex#bi http://ex.org/variable#25	1
http://ex.org/variable#31 http://www.ibm.com/timex#d http://ex.org/variable#26	1
http://ex.org/variable#31 http://www.ibm.com/timex#d http://ex.org/variable#27	1
http://ex.org/variable#31 http://www.ibm.com/timex#d http://ex.org/variable#28	1
http://ex.org/variable#31 http://www.ibm.com/timex#bi_mi_oi_d_f http://ex.org/variable#29	1
http://ex.org/variable#31 http://www.ibm.com/timex#bi http://ex.org/variable#30	1
http://ex.org/variable#31 http://www.ibm.com/timex#d http://ex.org/variable#32	1
http://ex.org/variable#31 http://www.ibm.com/timex#d http://ex.org/variable#33	1
http://ex.org/variable#31 http://www.ibm.com/timex#d http://ex.org/variable#34	1
http://ex.org/variable#31 http://www.ibm.com/timex#bi_mi_oi_d http://ex.org/variable#35	1
http://ex.org/variable#31 http://www.ibm.com/timex#d http://ex.org/variable#36	1
http://ex.org/variable#31 http://www.ibm.com/timex#bi http://ex.org/variable#37	1
http://ex.org/variable#31 http://www.ibm.com/timex#bi_mi_oi_d_f http://ex.org/variable#38	1
http://ex.org/variable#31 http://www.ibm.com/timex#d http://ex.org/variable#39	1
http://ex.org/variable#31 http://www.ibm.com/timex#d_s http://ex.org/variable#40	1
http://ex.org/variable#31 http://www.ibm.com/timex#d_s http://ex.org/variable#41	1
http://ex.org/variable#31 http://www.ibm.com/timex#d http://ex.org/variable#42	1
http://ex.org/variable#31 http://www.ibm.com/timex#d http://ex.org/variable#43	1
http://ex.org/variable#31 http://www.ibm.com/timex#bi_mi_oi_d_f http://ex.org/variable#44	1
http://ex.org/variable#31 http://www.ibm.com/timex#d http://ex.org/variable#45	1
http://ex.org/variable#31 http://www.ibm.com/timex#d http://ex.org/variable#46	1
http://ex.org/variable#31 http://www.ibm.com/timex#d http://ex.org/variable#47	1
http://ex.org/variable#31 http://www.ibm.com/timex#d http://ex.org/variable#48	1
http://ex.org/variable#31 http://www.ibm.com/timex#d http://ex.org/variable#49	1
http://ex.org/variable#31 http://www.ibm.com/timex#bi http://ex.org/variable#50	1
http://ex.org/variable#31 http://www.ibm.com/timex#d http://ex.org/variable#51	1
http://ex.org/variable#31 http://www.ibm.com/timex#d http://ex.org/variable#52	1
http://ex.org/variable#31 http://www.ibm.com/timex#d http://ex.org/variable#53	1
http://ex.org/variable#31 http://www.ibm.com/timex#d http://ex.org/variable#54	1
http://ex.org/variable#31 http://www.ibm.com/timex#d http://ex.org/variable#55	1
http://ex.org/variable#31 http://www.ibm.com/timex#d http://ex.org/variable#56	1
http://ex.org/variable#31 http://www.ibm.com/timex#d http://ex.org/variable#57	1
http://ex.org/variable#31 http://www.ibm.com/timex#b http://ex.org/variable#58	1
http://ex.org/variable#31 http://www.ibm.com/timex#b_m_o_d_s http://ex.org/variable#59	1
http://ex.org/variable#31 http://www.ibm.com/timex#d http://ex.org/variable#60	1
http://ex.org/variable#31 http://www.ibm.com/timex#bi http://ex.org/variable#61	1
http://ex.org/variable#31 http://www.ibm.com/timex#d http://ex.org/variable#62	1
http://ex.org/variable#31 http://www.ibm.com/timex#bi http://ex.org/variable#63	1
http://ex.org/variable#31 http://www.ibm.com/timex#d http://ex.org/variable#64	1
http://ex.org/variable#31 http://www.ibm.com/timex#d http://ex.org/variable#65	1
http://ex.org/variable#31 http://www.ibm.com/timex#d http://ex.org/variable#66	1
http://ex.org/variable#31 http://www.ibm.com/timex#bi_mi_oi_d_f http://ex.org/variable#67	1
http://ex.org/variable#31 http://www.ibm.com/timex#d http://ex.org/variable#68	1
http://ex.org/variable#31 http://www.ibm.com/timex#bi http://ex.org/variable#69	1
http://ex.org/variable#31 http://www.ibm.com/timex#d http://ex.org/variable#70	1
http://ex.org/variable#31 http://www.ibm.com/timex#d http://ex.org/variable#71	1
http://ex.org/variable#31 http://www.ibm.com/timex#d http://ex.org/variable#72	1
http://ex.org/variable#31 http://www.ibm.com/timex#d http://ex.org/variable#73	1
http://ex.org/variable#31 http://www.ibm.com/timex#d http://ex.org/variable#74	1
http://ex.org/variable#31 http://www.ibm.com/timex#d http://ex.org/variable#75	1
http://ex.org/variable#31 http://www.ibm.com/timex#b_m_o_d_s http://ex.org/variable#76	1
http://ex.org/variable#31 http://www.ibm.com/timex#bi http://ex.org/variable#77	1
http://ex.org/variable#31 http://www.ibm.com/timex#d http://ex.org/variable#78	1
http://ex.org/variable#31 http://www.ibm.com/timex#d http://ex.org/variable#79	1
http://ex.org/variable#31 http://www.ibm.com/timex#b_m_o_d_s http://ex.org/variable#80	1
http://ex.org/variable#31 http://www.ibm.com/timex#bi http://ex.org/variable#81	1
http://ex.org/variable#31 http://www.ibm.com/timex#d http://ex.org/variable#82	1
http://ex.org/variable#31 http://www.ibm.com/timex#d http://ex.org/variable#83	1
http://ex.org/variable#31 http://www.ibm.com/timex#d http://ex.org/variable#84	1
http://ex.org/variable#31 http://www.ibm.com/timex#bi http://ex.org/variable#85	1
http://ex.org/variable#31 http://www.ibm.com/timex#bi_mi_oi_d_f http://ex.org/variable#86	1
http://ex.org/variable#31 http://www.ibm.com/timex#bi_mi_oi_d http://ex.org/variable#87	1
http://ex.org/variable#31 http://www.ibm.com/timex#d http://ex.org/variable#88	1
http://ex.org/variable#31 http://www.ibm.com/timex#d http://ex.org/variable#89	1
http://ex.org/variable#32 http://www.ibm.com/timex#di http://ex.org/variable#0	1
http://ex.org/variable#32 http://www.ibm.com/timex#o http://ex.org/variable#1	1
http://ex.org/variable#32 http://www.ibm.com/timex#o http://ex.org/variable#2	1
http://ex.org/variable#32 http://www.ibm.com/timex#o http://ex.org/variable#3	1
http://ex.org/variable#32 http://www.ibm.com/timex#o_di_fi http://ex.org/variable#4	1
http://ex.org/variable#32 http://www.ibm.com/timex#o http://ex.org/variable#5	1
http://ex.org/variable#32 http://www.ibm.com/timex#di http://ex.org/variable#6	1
http://ex.org/variable#32 http://www.ibm.com/timex#di http://ex.org/variable#7	1
http://ex.org/variable#32 http://www.ibm.com/timex#o http://ex.org/variable#8	1
http://ex.org/variable#32 http://www.ibm.com/timex#f_fi http://ex.org/variable#9	1
http://ex.org/variable#32 http://www.ibm.com/timex#o_d_s http://ex.org/variable#10	1
http://ex.org/variable#32 http://www.ibm.com/timex#o http://ex.org/variable#11	1
http://ex.org/variable#32 http://www.ibm.com/timex#di http://ex.org/variable#12	1
http://ex.org/variable#32 http://www.ibm.com/timex#s http://ex.org/variable#13	1
http://ex.org/variable#32 http://www.ibm.com/timex#o http://ex.org/variable#14	1
http://ex.org/variable#32 http://www.ibm.com/timex#o http://ex.org/variable#15	1
http://ex.org/variable#32 http://www.ibm.com/timex#di http://ex.org/variable#16	1
http://ex.org/variable#32 http://www.ibm.com/timex#o http://ex.org/variable#17	1
http://ex.org/variable#32 http://www.ibm.com/timex#s http://ex.org/variable#18	1
http://ex.org/variable#32 http://www.ibm.com/timex#di http://ex.org/variable#19	1
http://ex.org/variable#32 http://www.ibm.com/timex#di http://ex.org/variable#20	1
http://ex.org/variable#32 http://www.ibm.com/timex#o_di http://ex.org/variable#21	1
http://ex.org/variable#32 http://www.ibm.com/timex#di http://ex.org/variable#22	1
http://ex.org/variable#32 http://www.ibm.com/timex#di http://ex.org/variable#23	1
http://ex.org/variable#32 http://www.ibm.com/timex#o http://ex.org/variable#24	1
http://ex.org/variable#32 http://www.ibm.com/timex#di http://ex.org/variable#25	1
http://ex.org/variable#32 http://www.ibm.com/timex#o http://ex.org/variable#26	1
http://ex.org/variable#32 http://www.ibm.com/timex#o http://ex.org/variable#27	1
http://ex.org/variable#32 http://www.ibm.com/timex#o_d_s http://ex.org/variable#28	1
http://ex.org/variable#32 http://www.ibm.com/timex#di http://ex.org/variable#29	1
http://ex.org/variable#32 http://www.ibm.com/timex#di http://ex.org/variable#30	1
http://ex.org/variable#32 http://www.ibm.com/timex#di http://ex.org/variable#31	1
http://ex.org/variable#32 http://www.ibm.com/timex#o http://ex.org/variable#33	1
http://ex.org/variable#32 http://www.ibm.com/timex#o http://ex.org/variable#34	1
http://ex.org/variable#32 http://www.ibm.com/timex#di http://ex.org/variable#35	1
http://ex.org/variable#32 http://www.ibm.com/timex#o http://ex.org/variable#36	1
http://ex.org/variable#32 http://www.ibm.com/timex#di http://ex.org/variable#37	1
http://ex.org/variable#32 http://www.ibm.com/timex#di http://ex.org/variable#38	1
http://ex.org/variable#32 http://www.ibm.com/timex#di http://ex.org/variable#39	1
http://ex.org/variable#32 http://www.ibm.com/timex#o http://ex.org/variable#40	1
http://ex.org/variable#32 http://www.ibm.com/timex#o http://ex.org/variable#41	1
http://ex.org/variable#32 http://www.ibm.com/timex#o http://ex.org/variable#42	1
http://ex.org/variable#32 http://www.ibm.com/timex#o http://ex.org/variable#43	1
http://ex.org/variable#32 http://www.ibm.com/timex#di http://ex.org/variable#44	1
http://ex.org/variable#32 http://www.ibm.com/timex#fi http://ex.org/variable#45	1
http://ex.org/variable#32 http://www.ibm.com/timex#o http://ex.org/variable#46	1
http://ex.org/variable#32 http://www.ibm.com/timex#di http://ex.org/variable#47	1
http://ex.org/variable#32 http://www.ibm.com/timex#o http://ex.org/variable#48	1
http://ex.org/variable#32 http://www.ibm.com/timex#o http://ex.org/variable#49	1
http://ex.org/variable#32 http://www.ibm.com/timex#di http://ex.org/variable#50	1
http://ex.org/variable#32 http://www.ibm.com/timex#o http://ex.org/variable#51	1
http://ex.org/variable#32 http://www.ibm.com/timex#di http://ex.org/variable#52	1
http://ex.org/variable#32 http://www.ibm.com/timex#o http://ex.org/variable#53	1
http://ex.org/variable#32 http://www.ibm.com/timex#o_di_fi http://ex.org/variable#54	1
http://ex.org/variable#32 http://www.ibm.com/timex#di http://ex.org/variable#55	1
http://ex.org/variable#32 http://www.ibm.com/timex#o_di_fi http://ex.org/variable#56	1
http://ex.org/variable#32 http://www.ibm.com/timex#di http://ex.org/variable#57	1
http://ex.org/variable#32 http://www.ibm.com/timex#b http://ex.org/variable#58	1
http://ex.org/variable#32 http://www.ibm.com/timex#o http://ex.org/variable#59	1
http://ex.org/variable#32 http://www.ibm.com/timex#d http://ex.org/variable#60	1
http://ex.org/variable#32 http://www.ibm.com/timex#di http://ex.org/variable#61	1
http://ex.org/variable#32 http://www.ibm.com/timex#o http://ex.org/variable#62	1
http://ex.org/variable#32 http://www.ibm.com/timex#di http://ex.org/variable#63	1
http://ex.org/variable#32 http://www.ibm.com/timex#o http://ex.org/variable#64	1
http://ex.org/variable#32 http://www.ibm.com/timex#o http://ex.org/variable#65	1
http://ex.org/variable#32 http://www.ibm.com/timex#o http://ex.org/variable#66	1
http://ex.org/variable#32 http://www.ibm.com/timex#di http://ex.org/variable#67	1
http://ex.org/variable#32 http://www.ibm.com/timex#o http://ex.org/variable#68	1
http://ex.org/variable#32 http://www.ibm.com/timex#di http://ex.org/variable#69	1
http://ex.org/variable#32 http://www.ibm.com/timex#di http://ex.org/variable#70	1
http://ex.org/variable#32 http://www.ibm.com/timex#fi http://ex.org/variable#71	1
http://ex.org/variable#32 http://www.ibm.com/timex#di http://ex.org/variable#72	1
http://ex.org/variable#32 http://www.ibm.com/timex#o http://ex.org/variable#73	1
http://ex.org/variable#32 http://www.ibm.com/timex#o http://ex.org/variable#74	1
http://ex.org/variable#32 http://www.ibm.com/timex#di http://ex.org/variable#75	1
http://ex.org/variable#32 http://www.ibm.com/timex#o http://ex.org/variable#76	1
http://ex.org/variable#32 http://www.ibm.com/timex#di http://ex.org/variable#77	1
http://ex.org/variable#32 http://www.ibm.com/timex#di http://ex.org/variable#78	1
http://ex.org/variable#32 http://www.ibm.com/timex#o http://ex.org/variable#79	1
http://ex.org/variable#32 http://www.ibm.com/timex#o http://ex.org/variable#80	1
http://ex.org/variable#32 http://www.ibm.com/timex#oi_di_si http://ex.org/variable#81	1
http://ex.org/variable#32 http://www.ibm.com/timex#o_s http://ex.org/variable#82	1
http://ex.org/variable#32 http://www.ibm.com/timex#o http://ex.org/variable#83	1
http://ex.org/variable#32 http://www.ibm.com/timex#o http://ex.org/variable#84	1
http://ex.org/variable#32 http://www.ibm.com/timex#di http://ex.org/variable#85	1
http://ex.org/variable#32 http://www.ibm.com/timex#oi_di http://ex.org/variable#86	1
http://ex.org/variable#32 http://www.ibm.com/timex#di http://ex.org/variable#87	1
http://ex.org/variable#32 http://www.ibm.com/timex#o http://ex.org/variable#88	1
http://ex.org/variable#32 http://www.ibm.com/timex#o http://ex.org/variable#89	1
http://ex.org/variable#33 http://www.ibm.com/timex#di http://ex.org/variable#0	1
http://ex.org/variable#33 http://www.ibm.com/timex#oi http://ex.org/variable#1	1
http://ex.org/variable#33 http://www.ibm.com/timex#o_d_s http://ex.org/variable#2	1
http://ex.org/variable#33 http://www.ibm.com/timex#d http://ex.org/variable#3	1
http://ex.org/variable#33 http://www.ibm.com/timex#oi_di_si http://ex.org/variable#4	1
http://ex.org/variable#33 http://www.ibm.com/timex#d http://ex.org/variable#5	1
http://ex.org/variable#33 http://www.ibm.com/timex#oi_di_si http://ex.org/variable#6	1
http://ex.org/variable#33 http://www.ibm.com/timex#oi http://ex.org/variable#7	1
http://ex.org/variable#33 http://www.ibm.com/timex#d http://ex.org/variable#8	1
http://ex.org/variable#33 http://www.ibm.com/timex#oi http://ex.org/variable#9	1
http://ex.org/variable#33 http://www.ibm.com/timex#oi http://ex.org/variable#10	1
http://ex.org/variable#33 http://www.ibm.com/timex#o_d_s http://ex.org/variable#11	1
http://ex.org/variable#33 http://www.ibm.com/timex#bi_mi_oi http://ex.org/variable#12	1
http://ex.org/variable#33 http://www.ibm.com/timex#d http://ex.org/variable#13	1
http://ex.org/variable#33 http://www.ibm.com/timex#d http://ex.org/variable#14	1
http://ex.org/variable#33 http://www.ibm.com/timex#oi_d_f http://ex.org/variable#15	1
http://ex.org/variable#33 http://www.ibm.com/timex#oi http://ex.org/variable#16	1
http://ex.org/variable#33 http://www.ibm.com/timex#d http://ex.org/variable#17	1
http://ex.org/variable#33 http://www.ibm.com/timex#d http://ex.org/variable#18	1
http://ex.org/variable#33 http://www.ibm.com/timex#bi_mi http://ex.org/variable#19	1
http://ex.org/variable#33 http://www.ibm.com/timex#bi_mi_oi http://ex.org/variable#20	1
http://ex.org/variable#33 http://www.ibm.com/timex#oi_d_f http://ex.org/variable#21	1
http://ex.org/variable#33 http://www.ibm.com/timex#di http://ex.org/variable#22	1
http://ex.org/variable#33 http://www.ibm.com/timex#mi_oi http://ex.org/variable#23	1
http://ex.org/variable#33 http://www.ibm.com/timex#di http://ex.org/variable#24	1
http://ex.org/variable#33 http://www.ibm.com/timex#bi_mi_oi http://ex.org/variable#25	1
http://ex.org/variable#33 http://www.ibm.com/timex#d http://ex.org/variable#26	1
http://ex.org/variable#33 http://www.ibm.com/timex#d http://ex.org/variable#27	1
http://ex.org/variable#33 http://www.ibm.com/timex#d http://ex.org/variable#28	1
http://ex.org/variable#33 http://www.ibm.com/timex#oi http://ex.org/variable#29	1
http://ex.org/variable#33 http://www.ibm.com/timex#bi_mi_oi http://ex.org/variable#30	1
http://ex.org/variable#33 http://www.ibm.com/timex#di http://ex.org/variable#31	1
http://ex.org/variable#33 http://www.ibm.com/timex#oi http://ex.org/variable#32	1
http://ex.org/variable#33 http://www.ibm.com/timex#d http://ex.org/variable#34	1
http://ex.org/variable#33 http://www.ibm.com/timex#oi http://ex.org/variable#35	1
http://ex.org/variable#33 http://www.ibm.com/timex#d http://ex.org/variable#36	1
http://ex.org/variable#33 http://www.ibm.com/timex#oi_di_si http://ex.org/variable#37	1
http://ex.org/variable#33 http://www.ibm.com/timex#oi http://ex.org/variable#38	1
http://ex.org/variable#33 http://www.ibm.com/timex#oi http://ex.org/variable#39	1
http://ex.org/variable#33 http://www.ibm.com/timex#di http://ex.org/variable#40	1
http://ex.org/variable#33 http://www.ibm.com/timex#o http://ex.org/variable#41	1
http://ex.org/variable#33 http://www.ibm.com/timex#d http://ex.org/variable#42	1
http://ex.org/variable#33 http://www.ibm.com/timex#d http://ex.org/variable#43	1
http://ex.org/variable#33 http://www.ibm.com/timex#bi_oi http://ex.org/variable#44	1
http://ex.org/variable#33 http://www.ibm.com/timex#oi http://ex.org/variable#45	1
http://ex.org/variable#33 http://www.ibm.com/timex#oi_si http://ex.org/variable#46	1
http://ex.org/variable#33 http://www.ibm.com/timex#oi_di_si http://ex.org/variable#47	1
http://ex.org/variable#33 http://www.ibm.com/timex#oi_f http://ex.org/variable#48	1
http://ex.org/variable#33 http://www.ibm.com/timex#oi http://ex.org/variable#49	1
http://ex.org/variable#33 http://www.ibm.com/timex#bi_mi_oi http://ex.org/variable#50	1
http://ex.org/variable#33 http://www.ibm.com/timex#d http://ex.org/variable#51	1
http://ex.org/variable#33 http://www.ibm.com/timex#oi http://ex.org/variable#52	1
http://ex.org/variable#33 http://www.ibm.com/timex#o_d http://ex.org/variable#53	1
http://ex.org/variable#33 http://www.ibm.com/timex#oi_d_f http://ex.org/variable#54	1
http://ex.org/variable#33 http://www.ibm.com/timex#oi http://ex.org/variable#55	1
http://ex.org/variable#33 http://www.ibm.com/timex#oi http://ex.org/variable#56	1
http://ex.org/variable#33 http://www.ibm.com/timex#oi http://ex.org/variable#57	1
http://ex.org/variable#33 http://www.ibm.com/timex#b http://ex.org/variable#58	1
http://ex.org/variable#33 http://www.ibm.com/timex#di http://ex.org/variable#59	1
http://ex.org/variable#33 http://www.ibm.com/timex#d http://ex.org/variable#60	1
http://ex.org/variable#33 http://www.ibm.com/timex#oi http://ex.org/variable#61	1
http://ex.org/variable#33 http://www.ibm.com/timex#d http://ex.org/variable#62	1
http://ex.org/variable#33 http://www.ibm.com/timex#bi_mi_oi http://ex.org/variable#63	1
http://ex.org/variable#33 http://www.ibm.com/timex#oi_d_f http://ex.org/variable#64	1
http://ex.org/variable#33 http://www.ibm.com/timex#oi_d_f http://ex.org/variable#65	1
http://ex.org/variable#33 http://www.ibm.com/timex#d http://ex.org/variable#66	1
http://ex.org/variable#33 http://www.ibm.com/timex#oi http://ex.org/variable#67	1
http://ex.org/variable#33 http://www.ibm.com/timex#o_d_s http://ex.org/variable#68	1
http://ex.org/variable#33 http://www.ibm.com/timex#oi http://ex.org/variable#69	1
http://ex.org/variable#33 http://www.ibm.com/timex#oi http://ex.org/variable#70	1
http://ex.org/variable#33 http://www.ibm.com/timex#oi http://ex.org/variable#71	1
http://ex.org/variable#33 http://www.ibm.com/timex#oi http://ex.org/variable#72	1
http://ex.org/variable#33 http://www.ibm.com/timex#oi http://ex.org/variable#73	1
http://ex.org/variable#33 http://www.ibm.com/timex#d http://ex.org/variable#74	1
http://ex.org/variable#33 http://www.ibm.com/timex#oi http://ex.org/variable#75	1
http://ex.org/variable#33 http://www.ibm.com/timex#o http://ex.org/variable#76	1
http://ex.org/variable#33 http://www.ibm.com/timex#bi_mi_oi http://ex.org/variable#77	1
http://ex.org/variable#33 http://www.ibm.com/timex#oi http://ex.org/variable#78	1
http://ex.org/variable#33 http://www.ibm.com/timex#oi http://ex.org/variable#79	1
http://ex.org/variable#33 http://www.ibm.com/timex#o http://ex.org/variable#80	1
http://ex.org/variable#33 http://www.ibm.com/timex#oi http://ex.org/variable#81	1
http://ex.org/variable#33 http://www.ibm.com/timex#oi http://ex.org/variable#82	1
http://ex.org/variable#33 http://www.ibm.com/timex#d http://ex.org/variable#83	1
http://ex.org/variable#33 http://www.ibm.com/timex#eq_o_oi_d_di_s_si_f_fi http://ex.org/variable#84	1
http://ex.org/variable#33 http://www.ibm.com/timex#oi http://ex.org/variable#85	1
http://ex.org/variable#33 http://www.ibm.com/timex#oi http://ex.org/variable#86	1
http://ex.org/variable#33 http://www.ibm.com/timex#oi http://ex.org/variable#87	1
http://ex.org/variable#33 http://www.ibm.com/timex#o_d_s http://ex.org/variable#88	1
http://ex.org/variable#33 http://www.ibm.com/timex#o_s http://ex.org/variable#89	1
http://ex.org/variable#34 http://www.ibm.com/timex#di http://ex.org/variable#0	1
http://ex.org/variable#34 http://www.ibm.com/timex#di http://ex.org/variable#1	1
http://ex.org/variable#34 http://www.ibm.com/timex#o http://ex.org/variable#2	1
http://ex.org/variable#34 http://www.ibm.com/timex#d http://ex.org/variable#3	1
http://ex.org/variable#34 http://www.ibm.com/timex#di http://ex.org/variable#4	1
http://ex.org/variable#34 http://www.ibm.com/timex#d http://ex.org/variable#5	1
http://ex.org/variable#34 http://www.ibm.com/timex#di http://ex.org/variable#6	1
http://ex.org/variable#34 http://www.ibm.com/timex#oi http://ex.org/variable#7	1
http://ex.org/variable#34 http://www.ibm.com/timex#oi http://ex.org/variable#8	1
http://ex.org/variable#34 http://www.ibm.com/timex#oi http://ex.org/variable#9	1
http://ex.org/variable#34 http://www.ibm.com/timex#oi http://ex.org/variable#10	1
http://ex.org/variable#34 http://www.ibm.com/timex#di http://ex.org/variable#11	1
http://ex.org/variable#34 http://www.ibm.com/timex#bi_mi_oi http://ex.org/variable#12	1
http://ex.org/variable#34 http://www.ibm.com/timex#d http://ex.org/variable#13	1
http://ex.org/variable#34 http://www.ibm.com/timex#di http://ex.org/variable#14	1
http://ex.org/variable#34 http://www.ibm.com/timex#oi_di_si http://ex.org/variable#15	1
http://ex.org/variable#34 http://www.ibm.com/timex#oi http://ex.org/variable#16	1
http://ex.org/variable#34 http://www.ibm.com/timex#d_s http://ex.org/variable#17	1
http://ex.org/variable#34 http://www.ibm.com/timex#d http://ex.org/variable#18	1
http://ex.org/variable#34 http://www.ibm.com/timex#oi http://ex.org/variable#19	1
http://ex.org/variable#34 http://www.ibm.com/timex#oi http://ex.org/variable#20	1
http://ex.org/variable#34 http://www.ibm.com/timex#oi http://ex.org/variable#21	1
http://ex.org/variable#34 http://www.ibm.com/timex#di http://ex.org/variable#22	1
http://ex.org/variable#34 http://www.ibm.com/timex#oi http://ex.org/variable#23	1
http://ex.org/variable#34 http://www.ibm.com/timex#di http://ex.org/variable#24	1
http://ex.org/variable#34 http://www.ibm.com/timex#oi http://ex.org/variable#25	1
http://ex.org/variable#34 http://www.ibm.com/timex#oi_d_f http://ex.org/variable#26	1
http://ex.org/variable#34 http://www.ibm.com/timex#oi http://ex.org/variable#27	1
http://ex.org/variable#34 http://www.ibm.com/timex#oi_d_f http://ex.org/variable#28	1
http://ex.org/variable#34 http://www.ibm.com/timex#oi http://ex.org/variable#29	1
http://ex.org/variable#34 http://www.ibm.com/timex#oi http://ex.org/variable#30	1
http://ex.org/variable#34 http://www.ibm.com/timex#di http://ex.org/variable#31	1
http://ex.org/variable#34 http://www.ibm.com/timex#oi http://ex.org/variable#32	1
http://ex.org/variable#34 http://www.ibm.com/timex#di http://ex.org/variable#33	1
http://ex.org/variable#34 http://www.ibm.com/timex#oi http://ex.org/variable#35	1
http://ex.org/variable#34 http://www.ibm.com/timex#oi_si http://ex.org/variable#36	1
http://ex.org/variable#34 http://www.ibm.com/timex#di http://ex.org/variable#37	1
http://ex.org/variable#34 http://www.ibm.com/timex#oi http://ex.org/variable#38	1
http://ex.org/variable#34 http://www.ibm.com/timex#oi http://ex.org/variable#39	1
http://ex.org/variable#34 http://www.ibm.com/timex#di http://ex.org/variable#40	1
http://ex.org/variable#34 http://www.ibm.com/timex#di http://ex.org/variable#41	1
http://ex.org/variable#34 http://www.ibm.com/timex#oi http://ex.org/variable#42	1
http://ex.org/variable#34 http://www.ibm.com/timex#oi_d_f http://ex.org/variable#43	1
http://ex.org/variable#34 http://www.ibm.com/timex#oi_di_si http://ex.org/variable#44	1
http://ex.org/variable#34 http://www.ibm.com/timex#oi http://ex.org/variable#45	1
http://ex.org/variable#34 http://www.ibm.com/timex#di http://ex.org/variable#46	1
http://ex.org/variable#34 http://www.ibm.com/timex#di http://ex.org/variable#47	1
http://ex.org/variable#34 http://www.ibm.com/timex#oi http://ex.org/variable#48	1
http://ex.org/variable#34 http://www.ibm.com/timex#oi http://ex.org/variable#49	1
http://ex.org/variable#34 http://www.ibm.com/timex#oi_si http://ex.org/variable#50	1
http://ex.org/variable#34 http://www.ibm.com/timex#oi http://ex.org/variable#51	1
http://ex.org/variable#34 http://www.ibm.com/timex#oi http://ex.org/variable#52	1
http://ex.org/variable#34 http://www.ibm.com/timex#o http://ex.org/variable#53	1
http://ex.org/variable#34 http://www.ibm.com/timex#oi http://ex.org/variable#54	1
http://ex.org/variable#34 http://www.ibm.com/timex#oi http://ex.org/variable#55	1
http://ex.org/variable#34 http://www.ibm.com/timex#oi http://ex.org/variable#56	1
http://ex.org/variable#34 http://www.ibm.com/timex#oi http://ex.org/variable#57	1
http://ex.org/variable#34 http://www.ibm.com/timex#o http://ex.org/variable#58	1
http://ex.org/variable#34 http://www.ibm.com/timex#di http://ex.org/variable#59	1
http://ex.org/variable#34 http://www.ibm.com/timex#d http://ex.org/variable#60	1
http://ex.org/variable#34 http://www.ibm.com/timex#oi http://ex.org/variable#61	1
http://ex.org/variable#34 http://www.ibm.com/timex#o_d_s http://ex.org/variable#62	1
http://ex.org/variable#34 http://www.ibm.com/timex#di http://ex.org/variable#63	1
http://ex.org/variable#34 http://www.ibm.com/timex#eq_o_oi_d_di_s_si_f_fi http://ex.org/variable#64	1
http://ex.org/variable#34 http://www.ibm.com/timex#oi_si http://ex.org/variable#65	1
http://ex.org/variable#34 http://www.ibm.com/timex#oi http://ex.org/variable#66	1
http://ex.org/variable#34 http://www.ibm.com/timex#oi http://ex.org/variable#67	1
http://ex.org/variable#34 http://www.ibm.com/timex#di http://ex.org/variable#68	1
http://ex.org/variable#34 http://www.ibm.com/timex#oi http://ex.org/variable#69	1
http://ex.org/variable#34 http://www.ibm.com/timex#oi http://ex.org/variable#70	1
http://ex.org/variable#34 http://www.ibm.com/timex#oi http://ex.org/variable#71	1
http://ex.org/variable#34 http://www.ibm.com/timex#oi http://ex.org/variable#72	1
http://ex.org/variable#34 http://www.ibm.com/timex#oi http://ex.org/variable#73	1
http://ex.org/variable#34 http://www.ibm.com/timex#oi_d_f http://ex.org/variable#74	1
http://ex.org/variable#34 http://www.ibm.com/timex#oi_di_si http://ex.org/variable#75	1
http://ex.org/variable#34 http://www.ibm.com/timex#o http://ex.org/variable#76	1
http://ex.org/variable#34 http://www.ibm.com/timex#di http://ex.org/variable#77	1
http://ex.org/variable#34 http://www.ibm.com/timex#oi http://ex.org/variable#78	1
http://ex.org/variable#34 http://www.ibm.com/timex#oi http://ex.org/variable#79	1
http://ex.org/variable#34 http://www.ibm.com/timex#o http://ex.org/variable#80	1
http://ex.org/variable#34 http://www.ibm.com/timex#oi http://ex.org/variable#81	1
http://ex.org/variable#34 http://www.ibm.com/timex#oi http://ex.org/variable#82	1
http://ex.org/variable#34 http://www.ibm.com/timex#d_s http://ex.org/variable#83	1
http://ex.org/variable#34 http://www.ibm.com/timex#eq_o_oi_d_di_s_si_f_fi http://ex.org/variable#84	1
http://ex.org/variable#34 http://www.ibm.com/timex#oi http://ex.org/variable#85	1
http://ex.org/variable#34 http://www.ibm.com/timex#oi http://ex.org/variable#86	1
http://ex.org/variable#34 http://www.ibm.com/timex#oi http://ex.org/variable#87	1
http://ex.org/variable#34 http://www.ibm.com/timex#oi_di_si http://ex.org/variable#88	1
http://ex.org/variable#34 http://www.ibm.com/timex#o_fi http://ex.org/variable#89	1
http://ex.org/variable#35 http://www.ibm.com/timex#b_o http://ex.org/variable#0	1
http://ex.org/variable#35 http://www.ibm.com/timex#o http://ex.org/variable#1	1
http://ex.org/variable#35 http://www.ibm.com/timex#o http://ex.org/variable#2	1
http://ex.org/variable#35 http://www.ibm.com/timex#s http://ex.org/variable#3	1
http://ex.org/variable#35 http://www.ibm.com/timex#o http://ex.org/variable#4	1
http://ex.org/variable#35 http://www.ibm.com/timex#d http://ex.org/variable#5	1
http://ex.org/variable#35 http://www.ibm.com/timex#di http://ex.org/variable#6	1
http://ex.org/variable#35 http://www.ibm.com/timex#o http://ex.org/variable#7	1
http://ex.org/variable#35 http://www.ibm.com/timex#d http://ex.org/variable#8	1
http://ex.org/variable#35 http://www.ibm.com/timex#d http://ex.org/variable#9	1
http://ex.org/variable#35 http://www.ibm.com/timex#d http://ex.org/variable#10	1
http://ex.org/variable#35 http://www.ibm.com/timex#o http://ex.org/variable#11	1
http://ex.org/variable#35 http://www.ibm.com/timex#oi http://ex.org/variable#12	1
http://ex.org/variable#35 http://www.ibm.com/timex#d http://ex.org/variable#13	1
http://ex.org/variable#35 http://www.ibm.com/timex#o http://ex.org/variable#14	1
http://ex.org/variable#35 http://www.ibm.com/timex#o http://ex.org/variable#15	1
http://ex.org/variable#35 http://www.ibm.com/timex#oi http://ex.org/variable#16	1
http://ex.org/variable#35 http://www.ibm.com/timex#o http://ex.org/variable#17	1
http://ex.org/variable#35 http://www.ibm.com/timex#d http://ex.org/variable#18	1
http://ex.org/variable#35 http://www.ibm.com/timex#oi http://ex.org/variable#19	1
http://ex.org/variable#35 http://www.ibm.com/timex#oi http://ex.org/variable#20	1
http://ex.org/variable#35 http://www.ibm.com/timex#d http://ex.org/variable#21	1
http://ex.org/variable#35 http://www.ibm.com/timex#o_fi http://ex.org/variable#22	1
http://ex.org/variable#35 http://www.ibm.com/timex#oi http://ex.org/variable#23	1
http://ex.org/variable#35 http://www.ibm.com/timex#o http://ex.org/variable#24	1
http://ex.org/variable#35 http://www.ibm.com/timex#si http://ex.org/variable#25	1
http://ex.org/variable#35 http://www.ibm.com/timex#d http://ex.org/variable#26	1
http://ex.org/variable#35 http://www.ibm.com/timex#d http://ex.org/variable#27	1
http://ex.org/variable#35 http://www.ibm.com/timex#d http://ex.org/variable#28	1
http://ex.org/variable#35 http://www.ibm.com/timex#o_di http://ex.org/variable#29	1
http://ex.org/variable#35 http://www.ibm.com/timex#oi http://ex.org/variable#30	1
http://ex.org/variable#35 http://www.ibm.com/timex#b_m_o_di http://ex.org/variable#31	1
http://ex.org/variable#35 http://www.ibm.com/timex#d http://ex.org/variable#32	1
http://ex.org/variable#35 http://www.ibm.com/timex#o http://ex.org/variable#33	1
http://ex.org/variable#35 http://www.ibm.com/timex#o http://ex.org/variable#34	1
http://ex.org/variable#35 http://www.ibm.com/timex#o_d_s http://ex.org/variable#36	1
http://ex.org/variable#35 http://www.ibm.com/timex#di http://ex.org/variable#37	1
http://ex.org/variable#35 http://www.ibm.com/timex#oi_f http://ex.org/variable#38	1
http://ex.org/variable#35 http://www.ibm.com/timex#d http://ex.org/variable#39	1
http://ex.org/variable#35 http://www.ibm.com/timex#o http://ex.org/variable#40	1
http://ex.org/variable#35 http://www.ibm.com/timex#o http://ex.org/variable#41	1
http://ex.org/variable#35 http://www.ibm.com/timex#d http://ex.org/variable#42	1
http://ex.org/variable#35 http://www.ibm.com/timex#d http://ex.org/variable#43	1
http://ex.org/variable#35 http://www.ibm.com/timex#o_di_fi http://ex.org/variable#44	1
http://ex.org/variable#35 http://www.ibm.com/timex#d http://ex.org/variable#45	1
http://ex.org/variable#35 http://www.ibm.com/timex#o http://ex.org/variable#46	1
http://ex.org/variable#35 http://www.ibm.com/timex#o http://ex.org/variable#47	1
http://ex.org/variable#35 http://www.ibm.com/timex#o http://ex.org/variable#48	1
http://ex.org/variable#35 http://www.ibm.com/timex#d http://ex.org/variable#49	1
http://ex.org/variable#35 http://www.ibm.com/timex#di http://ex.org/variable#50	1
http://ex.org/variable#35 http://www.ibm.com/timex#d http://ex.org/variable#51	1
http://ex.org/variable#35 http://www.ibm.com/timex#d http://ex.org/variable#52	1
http://ex.org/variable#35 http://www.ibm.com/timex#o http://ex.org/variable#53	1
http://ex.org/variable#35 http://www.ibm.com/timex#d http://ex.org/variable#54	1
http://ex.org/variable#35 http://www.ibm.com/timex#d http://ex.org/variable#55	1
http://ex.org/variable#35 http://www.ibm.com/timex#o http://ex.org/variable#56	1
http://ex.org/variable#35 http://www.ibm.com/timex#d http://ex.org/variable#57	1
http://ex.org/variable#35 http://www.ibm.com/timex#b http://ex.org/variable#58	1
http://ex.org/variable#35 http://www.ibm.com/timex#m_o http://ex.org/variable#59	1
http://ex.org/variable#35 http://www.ibm.com/timex#d http://ex.org/variable#60	1
http://ex.org/variable#35 http://www.ibm.com/timex#oi http://ex.org/variable#61	1
http://ex.org/variable#35 http://www.ibm.com/timex#o http://ex.org/variable#62	1
http://ex.org/variable#35 http://www.ibm.com/timex#di http://ex.org/variable#63	1
http://ex.org/variable#35 http://www.ibm.com/timex#o http://ex.org/variable#64	1
http://ex.org/variable#35 http://www.ibm.com/timex#o http://ex.org/variable#65	1
http://ex.org/variable#35 http://www.ibm.com/timex#d http://ex.org/variable#66	1
http://ex.org/variable#35 http://www.ibm.com/timex#d_f http://ex.org/variable#67	1
http://ex.org/variable#35 http://www.ibm.com/timex#o http://ex.org/variable#68	1
http://ex.org/variable#35 http://www.ibm.com/timex#oi http://ex.org/variable#69	1
http://ex.org/variable#35 http://www.ibm.com/timex#d http://ex.org/variable#70	1
http://ex.org/variable#35 http://www.ibm.com/timex#d http://ex.org/variable#71	1
http://ex.org/variable#35 http://www.ibm.com/timex#o_s http://ex.org/variable#72	1
http://ex.org/variable#35 http://www.ibm.com/timex#d http://ex.org/variable#73	1
http://ex.org/variable#35 http://www.ibm.com/timex#d http://ex.org/variable#74	1
http://ex.org/variable#35 http://www.ibm.com/timex#o http://ex.org/variable#75	1
http://ex.org/variable#35 http://www.ibm.com/timex#b_m_o http://ex.org/variable#76	1
http://ex.org/variable#35 http://www.ibm.com/timex#di http://ex.org/variable#77	1
http://ex.org/variable#35 http://www.ibm.com/timex#d http://ex.org/variable#78	1
http://ex.org/variable#35 http://www.ibm.com/timex#d http://ex.org/variable#79	1
http://ex.org/variable#35 http://www.ibm.com/timex#o http://ex.org/variable#80	1
http://ex.org/variable#35 http://www.ibm.com/timex#oi http://ex.org/variable#81	1
http://ex.org/variable#35 http://www.ibm.com/timex#d http://ex.org/variable#82	1
http://ex.org/variable#35 http://www.ibm.com/timex#o http://ex.org/variable#83	1
http://ex.org/variable#35 http://www.ibm.com/timex#o http://ex.org/variable#84	1
http://ex.org/variable#35 http://www.ibm.com/timex#si http://ex.org/variable#85	1
http://ex.org/variable#35 http://www.ibm.com/timex#oi_d_f http://ex.org/variable#86	1
http://ex.org/variable#35 http://www.ibm.com/timex#eq http://ex.org/variable#87	1
http://ex.org/variable#35 http://www.ibm.com/timex#o_d_s http://ex.org/variable#88	1
http://ex.org/variable#35 http://www.ibm.com/timex#o http://ex.org/variable#89	1
http://ex.org/variable#36 http://www.ibm.com/timex#di http://ex.org/variable#0	1
http://ex.org/variable#36 http://www.ibm.com/timex#di http://ex.org/variable#1	1
http://ex.org/variable#36 http://www.ibm.com/timex#o http://ex.org/variable#2	1
http://ex.org/variable#36 http://www.ibm.com/timex#o_d_s http://ex.org/variable#3	1
http://ex.org/variable#36 http://www.ibm.com/timex#di http://ex.org/variable#4	1
http://ex.org/variable#36 http://www.ibm.com/timex#d http://ex.org/variable#5	1
http://ex.org/variable#36 http://www.ibm.com/timex#di http://ex.org/variable#6	1
http://ex.org/variable#36 http://www.ibm.com/timex#oi_di_si http://ex.org/variable#7	1
http://ex.org/variable#36 http://www.ibm.com/timex#d http://ex.org/variable#8	1
http://ex.org/variable#36 http://www.ibm.com/timex#oi http://ex.org/variable#9	1
http://ex.org/variable#36 http://www.ibm.com/timex#oi http://ex.org/variable#10	1
http://ex.org/variable#36 http://www.ibm.com/timex#o_di http://ex.org/variable#11	1
http://ex.org/variable#36 http://www.ibm.com/timex#oi http://ex.org/variable#12	1
http://ex.org/variable#36 http://www.ibm.com/timex#d http://ex.org/variable#13	1
http://ex.org/variable#36 http://www.ibm.com/timex#o http://ex.org/variable#14	1
http://ex.org/variable#36 http://www.ibm.com/timex#di http://ex.org/variable#15	1
http://ex.org/variable#36 http://www.ibm.com/timex#oi_di_si http://ex.org/variable#16	1
http://ex.org/variable#36 http://www.ibm.com/timex#o_d_s http://ex.org/variable#17	1
http://ex.org/variable#36 http://www.ibm.com/timex#d http://ex.org/variable#18	1
http://ex.org/variable#36 http://www.ibm.com/timex#oi http://ex.org/variable#19	1
http://ex.org/variable#36 http://www.ibm.com/timex#oi http://ex.org/variable#20	1
http://ex.org/variable#36 http://www.ibm.com/timex#oi http://ex.org/variable#21	1
http://ex.org/variable#36 http://www.ibm.com/timex#di http://ex.org/variable#22	1
http://ex.org/variable#36 http://www.ibm.com/timex#oi http://ex.org/variable#23	1
http://ex.org/variable#36 http://www.ibm.com/timex#di http://ex.org/variable#24	1
http://ex.org/variable#36 http://www.ibm.com/timex#oi_di_si http://ex.org/variable#25	1
http://ex.org/variable#36 http://www.ibm.com/timex#oi_d_f http://ex.org/variable#26	1
http://ex.org/variable#36 http://www.ibm.com/timex#oi http://ex.org/variable#27	1
http://ex.org/variable#36 http://www.ibm.com/timex#oi_d http://ex.org/variable#28	1
http://ex.org/variable#36 http://www.ibm.com/timex#oi_di_si http://ex.org/variable#29	1
http://ex.org/variable#36 http://www.ibm.com/timex#oi http://ex.org/variable#30	1
http://ex.org/variable#36 http://www.ibm.com/timex#di http://ex.org/variable#31	1
http://ex.org/variable#36 http://www.ibm.com/timex#oi http://ex.org/variable#32	1
http://ex.org/variable#36 http://www.ibm.com/timex#di http://ex.org/variable#33	1
http://ex.org/variable#36 http://www.ibm.com/timex#o_s http://ex.org/variable#34	1
http://ex.org/variable#36 http://www.ibm.com/timex#oi_di_si http://ex.org/variable#35	1
http://ex.org/variable#36 http://www.ibm.com/timex#di http://ex.org/variable#37	1
http://ex.org/variable#36 http://www.ibm.com/timex#oi_di_si http://ex.org/variable#38	1
http://ex.org/variable#36 http://www.ibm.com/timex#oi http://ex.org/variable#39	1
http://ex.org/variable#36 http://www.ibm.com/timex#di http://ex.org/variable#40	1
http://ex.org/variable#36 http://www.ibm.com/timex#o_di http://ex.org/variable#41	1
http://ex.org/variable#36 http://www.ibm.com/timex#oi http://ex.org/variable#42	1
http://ex.org/variable#36 http://www.ibm.com/timex#oi_d_f http://ex.org/variable#43	1
http://ex.org/variable#36 http://www.ibm.com/timex#oi_di_si http://ex.org/variable#44	1
http://ex.org/variable#36 http://www.ibm.com/timex#oi http://ex.org/variable#45	1
http://ex.org/variable#36 http://www.ibm.com/timex#di http://ex.org/variable#46	1
http://ex.org/variable#36 http://www.ibm.com/timex#di http://ex.org/variable#47	1
http://ex.org/variable#36 http://www.ibm.com/timex#oi_di_si http://ex.org/variable#48	1
http://ex.org/variable#36 http://www.ibm.com/timex#oi http://ex.org/variable#49	1
http://ex.org/variable#36 http://www.ibm.com/timex#oi_di_si http://ex.org/variable#50	1
http://ex.org/variable#36 http://www.ibm.com/timex#d http://ex.org/variable#51	1
http://ex.org/variable#36 http://www.ibm.com/timex#oi http://ex.org/variable#52	1
http://ex.org/variable#36 http://www.ibm.com/timex#o http://ex.org/variable#53	1
http://ex.org/variable#36 http://www.ibm.com/timex#oi_f http://ex.org/variable#54	1
http://ex.org/variable#36 http://www.ibm.com/timex#oi http://ex.org/variable#55	1
http://ex.org/variable#36 http://www.ibm.com/timex#oi_di_si http://ex.org/variable#56	1
http://ex.org/variable#36 http://www.ibm.com/timex#oi http://ex.org/variable#57	1
http://ex.org/variable#36 http://www.ibm.com/timex#o http://ex.org/variable#58	1
http://ex.org/variable#36 http://www.ibm.com/timex#di http://ex.org/variable#59	1
http://ex.org/variable#36 http://www.ibm.com/timex#d http://ex.org/variable#60	1
http://ex.org/variable#36 http://www.ibm.com/timex#oi http://ex.org/variable#61	1
http://ex.org/variable#36 http://www.ibm.com/timex#o http://ex.org/variable#62	1
http://ex.org/variable#36 http://www.ibm.com/timex#di http://ex.org/variable#63	1
http://ex.org/variable#36 http://www.ibm.com/timex#o_di_fi http://ex.org/variable#64	1
http://ex.org/variable#36 http://www.ibm.com/timex#eq_o_oi_d_di_s_si_f_fi http://ex.org/variable#65	1
http://ex.org/variable#36 http://www.ibm.com/timex#oi http://ex.org/variable#66	1
http://ex.org/variable#36 http://www.ibm.com/timex#oi http://ex.org/variable#67	1
http://ex.org/variable#36 http://www.ibm.com/timex#o_di_fi http://ex.org/variable#68	1
http://ex.org/variable#36 http://www.ibm.com/timex#oi http://ex.org/variable#69	1
http://ex.org/variable#36 http://www.ibm.com/timex#oi http://ex.org/variable#70	1
http://ex.org/variable#36 http://www.ibm.com/timex#oi http://ex.org/variable#71	1
http://ex.org/variable#36 http://www.ibm.com/timex#oi_di http://ex.org/variable#72	1
http://ex.org/variable#36 http://www.ibm.com/timex#oi_di_si http://ex.org/variable#73	1
http://ex.org/variable#36 http://www.ibm.com/timex#oi_d_f http://ex.org/variable#74	1
http://ex.org/variable#36 http://www.ibm.com/timex#di http://ex.org/variable#75	1
http://ex.org/variable#36 http://www.ibm.com/timex#o http://ex.org/variable#76	1
http://ex.org/variable#36 http://www.ibm.com/timex#di http://ex.org/variable#77	1
http://ex.org/variable#36 http://www.ibm.com/timex#oi http://ex.org/variable#78	1
http://ex.org/variable#36 http://www.ibm.com/timex#oi http://ex.org/variable#79	1
http://ex.org/variable#36 http://www.ibm.com/timex#o http://ex.org/variable#80	1
http://ex.org/variable#36 http://www.ibm.com/timex#oi http://ex.org/variable#81	1
http://ex.org/variable#36 http://www.ibm.com/timex#oi http://ex.org/variable#82	1
http://ex.org/variable#36 http://www.ibm.com/timex#o_d_s http://ex.org/variable#83	1
http://ex.org/variable#36 http://www.ibm.com/timex#eq_o_oi_d_di_s_si_f_fi http://ex.org/variable#84	1
http://ex.org/variable#36 http://www.ibm.com/timex#oi_di_si http://ex.org/variable#85	1
http://ex.org/variable#36 http://www.ibm.com/timex#oi http://ex.org/variable#86	1
http://ex.org/variable#36 http://www.ibm.com/timex#oi_di_si http://ex.org/variable#87	1
http://ex.org/variable#36 http://www.ibm.com/timex#eq_o_oi_d_di_s_si_f_fi http://ex.org/variable#88	1
http://ex.org/variable#36 http://www.ibm.com/timex#o http://ex.org/variable#89	1
http://ex.org/variable#37 http://www.ibm.com/timex#b http://ex.org/variable#0	1
http://ex.org/variable#37 http://www.ibm.com/timex#d http://ex.org/variable#1	1
http://ex.org/variable#37 http://www.ibm.com/timex#o_d_s http://ex.org/variable#2	1
http://ex.org/variable#37 http://www.ibm.com/timex#d http://ex.org/variable#3	1
http://ex.org/variable#37 http://www.ibm.com/timex#b_o_s http://ex.org/variable#4	1
http://ex.org/variable#37 http://www.ibm.com/timex#d http://ex.org/variable#5	1
http://ex.org/variable#37 http://www.ibm.com/timex#d http://ex.org/variable#6	1
http://ex.org/variable#37 http://www.ibm.com/timex#d http://ex.org/variable#7	1
http://ex.org/variable#37 http://www.ibm.com/timex#d http://ex.org/variable#8	1
http://ex.org/variable#37 http://www.ibm.com/timex#d http://ex.org/variable#9	1
http://ex.org/variable#37 http://www.ibm.com/timex#d http://ex.org/variable#10	1
http://ex.org/variable#37 http://www.ibm.com/timex#d http://ex.org/variable#11	1
http://ex.org/variable#37 http://www.ibm.com/timex#bi http://ex.org/variable#12	1
http://ex.org/variable#37 http://www.ibm.com/timex#d http://ex.org/variable#13	1
http://ex.org/variable#37 http://www.ibm.com/timex#d http://ex.org/variable#14	1
http://ex.org/variable#37 http://www.ibm.com/timex#d http://ex.org/variable#15	1
http://ex.org/variable#37 http://www.ibm.com/timex#d http://ex.org/variable#16	1
http://ex.org/variable#37 http://www.ibm.com/timex#d http://ex.org/variable#17	1
http://ex.org/variable#37 http://www.ibm.com/timex#d http://ex.org/variable#18	1
http://ex.org/variable#37 http://www.ibm.com/timex#bi http://ex.org/variable#19	1
http://ex.org/variable#37 http://www.ibm.com/timex#bi http://ex.org/variable#20	1
http://ex.org/variable#37 http://www.ibm.com/timex#d http://ex.org/variable#21	1
http://ex.org/variable#37 http://www.ibm.com/timex#b http://ex.org/variable#22	1
http://ex.org/variable#37 http://www.ibm.com/timex#bi_mi_oi http://ex.org/variable#23	1
http://ex.org/variable#37 http://www.ibm.com/timex#b http://ex.org/variable#24	1
http://ex.org/variable#37 http://www.ibm.com/timex#mi http://ex.org/variable#25	1
http://ex.org/variable#37 http://www.ibm.com/timex#d http://ex.org/variable#26	1
http://ex.org/variable#37 http://www.ibm.com/timex#d http://ex.org/variable#27	1
http://ex.org/variable#37 http://www.ibm.com/timex#d http://ex.org/variable#28	1
http://ex.org/variable#37 http://www.ibm.com/timex#d http://ex.org/variable#29	1
http://ex.org/variable#37 http://www.ibm.com/timex#oi http://ex.org/variable#30	1
http://ex.org/variable#37 http://www.ibm.com/timex#b http://ex.org/variable#31	1
http://ex.org/variable#37 http://www.ibm.com/timex#d http://ex.org/variable#32	1
http://ex.org/variable#37 http://www.ibm.com/timex#o_d_s http://ex.org/variable#33	1
http://ex.org/variable#37 http://www.ibm.com/timex#d http://ex.org/variable#34	1
http://ex.org/variable#37 http://www.ibm.com/timex#d http://ex.org/variable#35	1
http://ex.org/variable#37 http://www.ibm.com/timex#d http://ex.org/variable#36	1
http://ex.org/variable#37 http://www.ibm.com/timex#d http://ex.org/variable#38	1
http://ex.org/variable#37 http://www.ibm.com/timex#d http://ex.org/variable#39	1
http://ex.org/variable#37 http://www.ibm.com/timex#b http://ex.org/variable#40	1
http://ex.org/variable#37 http://www.ibm.com/timex#b http://ex.org/variable#41	1
http://ex.org/variable#37 http://www.ibm.com/timex#d http://ex.org/variable#42	1
http://ex.org/variable#37 http://www.ibm.com/timex#d http://ex.org/variable#43	1
http://ex.org/variable#37 http://www.ibm.com/timex#oi_d_f http://ex.org/variable#44	1
http://ex.org/variable#37 http://www.ibm.com/timex#d http://ex.org/variable#45	1
http://ex.org/variable#37 http://www.ibm.com/timex#d http://ex.org/variable#46	1
http://ex.org/variable#37 http://www.ibm.com/timex#d_s http://ex.org/variable#47	1
http://ex.org/variable#37 http://www.ibm.com/timex#d http://ex.org/variable#48	1
http://ex.org/variable#37 http://www.ibm.com/timex#d http://ex.org/variable#49	1
http://ex.org/variable#37 http://www.ibm.com/timex#bi_mi http://ex.org/variable#50	1
http://ex.org/variable#37 http://www.ibm.com/timex#d http://ex.org/variable#51	1
http://ex.org/variable#37 http://www.ibm.com/timex#d http://ex.org/variable#52	1
http://ex.org/variable#37 http://www.ibm.com/timex#d http://ex.org/variable#53	1
http://ex.org/variable#37 http://www.ibm.com/timex#d http://ex.org/variable#54	1
http://ex.org/variable#37 http://www.ibm.com/timex#d http://ex.org/variable#55	1
http://ex.org/variable#37 http://www.ibm.com/timex#d http://ex.org/variable#56	1
http://ex.org/variable#37 http://www.ibm.com/timex#d http://ex.org/variable#57	1
http://ex.org/variable#37 http://www.ibm.com/timex#b http://ex.org/variable#58	1
http://ex.org/variable#37 http://www.ibm.com/timex#b http://ex.org/variable#59	1
http://ex.org/variable#37 http://www.ibm.com/timex#d http://ex.org/variable#60	1
http://ex.org/variable#37 http://www.ibm.com/timex#f http://ex.org/variable#61	1
http://ex.org/variable#37 http://www.ibm.com/timex#d http://ex.org/variable#62	1
http://ex.org/variable#37 http://www.ibm.com/timex#bi_mi_oi http://ex.org/variable#63	1
http://ex.org/variable#37 http://www.ibm.com/timex#d http://ex.org/variable#64	1
http://ex.org/variable#37 http://www.ibm.com/timex#d http://ex.org/variable#65	1
http://ex.org/variable#37 http://www.ibm.com/timex#d http://ex.org/variable#66	1
http://ex.org/variable#37 http://www.ibm.com/timex#d http://ex.org/variable#67	1
http://ex.org/variable#37 http://www.ibm.com/timex#d http://ex.org/variable#68	1
http://ex.org/variable#37 http://www.ibm.com/timex#mi_oi http://ex.org/variable#69	1
http://ex.org/variable#37 http://www.ibm.com/timex#d http://ex.org/variable#70	1
http://ex.org/variable#37 http://www.ibm.com/timex#d http://ex.org/variable#71	1
http://ex.org/variable#37 http://www.ibm.com/timex#d http://ex.org/variable#72	1
http://ex.org/variable#37 http://www.ibm.com/timex#d http://ex.org/variable#73	1
http://ex.org/variable#37 http://www.ibm.com/timex#d http://ex.org/variable#74	1
http://ex.org/variable#37 http://www.ibm.com/timex#d http://ex.org/variable#75	1
http://ex.org/variable#37 http://www.ibm.com/timex#b http://ex.org/variable#76	1
http://ex.org/variable#37 http://www.ibm.com/timex#bi_mi http://ex.org/variable#77	1
http://ex.org/variable#37 http://www.ibm.com/timex#d http://ex.org/variable#78	1
http://ex.org/variable#37 http://www.ibm.com/timex#d http://ex.org/variable#79	1
http://ex.org/variable#37 http://www.ibm.com/timex#b http://ex.org/variable#80	1
http://ex.org/variable#37 http://www.ibm.com/timex#f http://ex.org/variable#81	1
http://ex.org/variable#37 http://www.ibm.com/timex#d http://ex.org/variable#82	1
http://ex.org/variable#37 http://www.ibm.com/timex#d http://ex.org/variable#83	1
http://ex.org/variable#37 http://www.ibm.com/timex#d http://ex.org/variable#84	1
http://ex.org/variable#37 http://www.ibm.com/timex#d http://ex.org/variable#85	1
http://ex.org/variable#37 http://www.ibm.com/timex#d http://ex.org/variable#86	1
http://ex.org/variable#37 http://www.ibm.com/timex#d http://ex.org/variable#87	1
http://ex.org/variable#37 http://www.ibm.com/timex#m_o_d_s http://ex.org/variable#88	1
http://ex.org/variable#37 http://www.ibm.com/timex#o_d_s http://ex.org/variable#89	1
http://ex.org/variable#38 http://www.ibm.com/timex#b_m_o http://ex.org/variable#0	1
http://ex.org/variable#38 http://www.ibm.com/timex#o http://ex.org/variable#1	1
http://ex.org/variable#38 http://www.ibm.com/timex#o http://ex.org/variable#2	1
http://ex.org/variable#38 http://www.ibm.com/timex#o http://ex.org/variable#3	1
http://ex.org/variable#38 http://www.ibm.com/timex#o http://ex.org/variable#4	1
http://ex.org/variable#38 http://www.ibm.com/timex#d http://ex.org/variable#5	1
http://ex.org/variable#38 http://www.ibm.com/timex#di http://ex.org/variable#6	1
http://ex.org/variable#38 http://www.ibm.com/timex#o http://ex.org/variable#7	1
http://ex.org/variable#38 http://www.ibm.com/timex#d http://ex.org/variable#8	1
http://ex.org/variable#38 http://www.ibm.com/timex#d http://ex.org/variable#9	1
http://ex.org/variable#38 http://www.ibm.com/timex#d http://ex.org/variable#10	1
http://ex.org/variable#38 http://www.ibm.com/timex#o http://ex.org/variable#11	1
http://ex.org/variable#38 http://www.ibm.com/timex#oi http://ex.org/variable#12	1
http://ex.org/variable#38 http://www.ibm.com/timex#d http://ex.org/variable#13	1
http://ex.org/variable#38 http://www.ibm.com/timex#o http://ex.org/variable#14	1
http://ex.org/variable#38 http://www.ibm.com/timex#o http://ex.org/variable#15	1
http://ex.org/variable#38 http://www.ibm.com/timex#oi http://ex.org/variable#16	1
http://ex.org/variable#38 http://www.ibm.com/timex#o http://ex.org/variable#17	1
http://ex.org/variable#38 http://www.ibm.com/timex#d http://ex.org/variable#18	1
http://ex.org/variable#38 http://www.ibm.com/timex#oi http://ex.org/variable#19	1
http://ex.org/variable#38 http://www.ibm.com/timex#oi http://ex.org/variable#20	1
http://ex.org/variable#38 http://www.ibm.com/timex#d http://ex.org/variable#21	1
http://ex.org/variable#38 http://www.ibm.com/timex#o http://ex.org/variable#22	1
http://ex.org/variable#38 http://www.ibm.com/timex#oi http://ex.org/variable#23	1
http://ex.org/variable#38 http://www.ibm.com/timex#b_m_o http://ex.org/variable#24	1
http://ex.org/variable#38 http://www.ibm.com/timex#di http://ex.org/variable#25	1
http://ex.org/variable#38 http://www.ibm.com/timex#d http://ex.org/variable#26	1
http://ex.org/variable#38 http://www.ibm.com/timex#o_d_s http://ex.org/variable#27	1
http://ex.org/variable#38 http://www.ibm.com/timex#d http://ex.org/variable#28	1
http://ex.org/variable#38 http://www.ibm.com/timex#o_di_fi http://ex.org/variable#29	1
http://ex.org/variable#38 http://www.ibm.com/timex#oi http://ex.org/variable#30	1
http://ex.org/variable#38 http://www.ibm.com/timex#b_m_o_di_fi http://ex.org/variable#31	1
http://ex.org/variable#38 http://www.ibm.com/timex#d http://ex.org/variable#32	1
http://ex.org/variable#38 http://www.ibm.com/timex#o http://ex.org/variable#33	1
http://ex.org/variable#38 http://www.ibm.com/timex#o http://ex.org/variable#34	1
http://ex.org/variable#38 http://www.ibm.com/timex#o_fi http://ex.org/variable#35	1
http://ex.org/variable#38 http://www.ibm.com/timex#o_d_s http://ex.org/variable#36	1
http://ex.org/variable#38 http://www.ibm.com/timex#di http://ex.org/variable#37	1
http://ex.org/variable#38 http://www.ibm.com/timex#d http://ex.org/variable#39	1
http://ex.org/variable#38 http://www.ibm.com/timex#o http://ex.org/variable#40	1
http://ex.org/variable#38 http://www.ibm.com/timex#o http://ex.org/variable#41	1
http://ex.org/variable#38 http://www.ibm.com/timex#d http://ex.org/variable#42	1
http://ex.org/variable#38 http://www.ibm.com/timex#d http://ex.org/variable#43	1
http://ex.org/variable#38 http://www.ibm.com/timex#o_di_fi http://ex.org/variable#44	1
http://ex.org/variable#38 http://www.ibm.com/timex#d http://ex.org/variable#45	1
http://ex.org/variable#38 http://www.ibm.com/timex#o http://ex.org/variable#46	1
http://ex.org/variable#38 http://www.ibm.com/timex#o http://ex.org/variable#47	1
http://ex.org/variable#38 http://www.ibm.com/timex#o http://ex.org/variable#48	1
http://ex.org/variable#38 http://www.ibm.com/timex#d http://ex.org/variable#49	1
http://ex.org/variable#38 http://www.ibm.com/timex#di http://ex.org/variable#50	1
http://ex.org/variable#38 http://www.ibm.com/timex#d_s http://ex.org/variable#51	1
http://ex.org/variable#38 http://www.ibm.com/timex#d http://ex.org/variable#52	1
http://ex.org/variable#38 http://www.ibm.com/timex#o http://ex.org/variable#53	1
http://ex.org/variable#38 http://www.ibm.com/timex#d http://ex.org/variable#54	1
http://ex.org/variable#38 http://www.ibm.com/timex#d http://ex.org/variable#55	1
http://ex.org/variable#38 http://www.ibm.com/timex#o http://ex.org/variable#56	1
http://ex.org/variable#38 http://www.ibm.com/timex#d http://ex.org/variable#57	1
http://ex.org/variable#38 http://www.ibm.com/timex#b http://ex.org/variable#58	1
http://ex.org/variable#38 http://www.ibm.com/timex#b_m_o http://ex.org/variable#59	1
http://ex.org/variable#38 http://www.ibm.com/timex#d http://ex.org/variable#60	1
http://ex.org/variable#38 http://www.ibm.com/timex#oi_si http://ex.org/variable#61	1
http://ex.org/variable#38 http://www.ibm.com/timex#o http://ex.org/variable#62	1
http://ex.org/variable#38 http://www.ibm.com/timex#di http://ex.org/variable#63	1
http://ex.org/variable#38 http://www.ibm.com/timex#o http://ex.org/variable#64	1
http://ex.org/variable#38 http://www.ibm.com/timex#o http://ex.org/variable#65	1
http://ex.org/variable#38 http://www.ibm.com/timex#d_s http://ex.org/variable#66	1
http://ex.org/variable#38 http://www.ibm.com/timex#d_f http://ex.org/variable#67	1
http://ex.org/variable#38 http://www.ibm.com/timex#o http://ex.org/variable#68	1
http://ex.org/variable#38 http://www.ibm.com/timex#oi http://ex.org/variable#69	1
http://ex.org/variable#38 http://www.ibm.com/timex#d http://ex.org/variable#70	1
http://ex.org/variable#38 http://www.ibm.com/timex#d http://ex.org/variable#71	1
http://ex.org/variable#38 http://www.ibm.com/timex#o http://ex.org/variable#72	1
http://ex.org/variable#38 http://www.ibm.com/timex#o_d_s http://ex.org/variable#73	1
http://ex.org/variable#38 http://www.ibm.com/timex#d http://ex.org/variable#74	1
http://ex.org/variable#38 http://www.ibm.com/timex#o http://ex.org/variable#75	1
http://ex.org/variable#38 http://www.ibm.com/timex#b_m_o http://ex.org/variable#76	1
http://ex.org/variable#38 http://www.ibm.com/timex#di http://ex.org/variable#77	1
http://ex.org/variable#38 http://www.ibm.com/timex#d http://ex.org/variable#78	1
http://ex.org/variable#38 http://www.ibm.com/timex#d http://ex.org/variable#79	1
http://ex.org/variable#38 http://www.ibm.com/timex#o http://ex.org/variable#80	1
http://ex.org/variable#38 http://www.ibm.com/timex#oi http://ex.org/variable#81	1
http://ex.org/variable#38 http://www.ibm.com/timex#d http://ex.org/variable#82	1
http://ex.org/variable#38 http://www.ibm.com/timex#o http://ex.org/variable#83	1
http://ex.org/variable#38 http://www.ibm.com/timex#o http://ex.org/variable#84	1
http://ex.org/variable#38 http://www.ibm.com/timex#di http://ex.org/variable#85	1
http://ex.org/variable#38 http://www.ibm.com/timex#oi_d_f http://ex.org/variable#86	1
http://ex.org/variable#38 http://www.ibm.com/timex#o_fi http://ex.org/variable#87	1
http://ex.org/variable#38 http://www.ibm.com/timex#o_d_s http://ex.org/variable#88	1
http://ex.org/variable#38 http://www.ibm.com/timex#o http://ex.org/variable#89	1
http://ex.org/variable#39 http://www.ibm.com/timex#di http://ex.org/variable#0	1
http://ex.org/variable#39 http://www.ibm.com/timex#o http://ex.org/variable#1	1
http://ex.org/variable#39 http://www.ibm.com/timex#o http://ex.org/variable#2	1
http://ex.org/variable#39 http://www.ibm.com/timex#o http://ex.org/variable#3	1
http://ex.org/variable#39 http://www.ibm.com/timex#o http://ex.org/variable#4	1
http://ex.org/variable#39 http://www.ibm.com/timex#o_d_s http://ex.org/variable#5	1
http://ex.org/variable#39 http://www.ibm.com/timex#di http://ex.org/variable#6	1
http://ex.org/variable#39 http://www.ibm.com/timex#fi http://ex.org/variable#7	1
http://ex.org/variable#39 http://www.ibm.com/timex#d http://ex.org/variable#8	1
http://ex.org/variable#39 http://www.ibm.com/timex#d http://ex.org/variable#9	1
http://ex.org/variable#39 http://www.ibm.com/timex#d http://ex.org/variable#10	1
http://ex.org/variable#39 http://www.ibm.com/timex#o http://ex.org/variable#11	1
http://ex.org/variable#39 http://www.ibm.com/timex#di_si http://ex.org/variable#12	1
http://ex.org/variable#39 http://www.ibm.com/timex#d http://ex.org/variable#13	1
http://ex.org/variable#39 http://www.ibm.com/timex#o http://ex.org/variable#14	1
http://ex.org/variable#39 http://www.ibm.com/timex#o http://ex.org/variable#15	1
http://ex.org/variable#39 http://www.ibm.com/timex#oi_di_si http://ex.org/variable#16	1
http://ex.org/variable#39 http://www.ibm.com/timex#o http://ex.org/variable#17	1
http://ex.org/variable#39 http://www.ibm.com/timex#d http://ex.org/variable#18	1
http://ex.org/variable#39 http://www.ibm.com/timex#oi_di_si http://ex.org/variable#19	1
http://ex.org/variable#39 http://www.ibm.com/timex#di_si http://ex.org/variable#20	1
http://ex.org/variable#39 http://www.ibm.com/timex#o_d_s http://ex.org/variable#21	1
http://ex.org/variable#39 http://www.ibm.com/timex#di http://ex.org/variable#22	1
http://ex.org/variable#39 http://www.ibm.com/timex#oi http://ex.org/variable#23	1
http://ex.org/variable#39 http://www.ibm.com/timex#o http://ex.org/variable#24	1
http://ex.org/variable#39 http://www.ibm.com/timex#di http://ex.org/variable#25	1
http://ex.org/variable#39 http://www.ibm.com/timex#d http://ex.org/variable#26	1
http://ex.org/variable#39 http://www.ibm.com/timex#o http://ex.org/variable#27	1
http://ex.org/variable#39 http://www.ibm.com/timex#d http://ex.org/variable#28	1
http://ex.org/variable#39 http://www.ibm.com/timex#o_di_fi http://ex.org/variable#29	1
http://ex.org/variable#39 http://www.ibm.com/timex#oi_di_si http://ex.org/variable#30	1
http://ex.org/variable#39 http://www.ibm.com/timex#di http://ex.org/variable#31	1
http://ex.org/variable#39 http://www.ibm.com/timex#d http://ex.org/variable#32	1
http://ex.org/variable#39 http://www.ibm.com/timex#o http://ex.org/variable#33	1
http://ex.org/variable#39 http://www.ibm.com/timex#o http://ex.org/variable#34	1
http://ex.org/variable#39 http://www.ibm.com/timex#di http://ex.org/variable#35	1
http://ex.org/variable#39 http://www.ibm.com/timex#o http://ex.org/variable#36	1
http://ex.org/variable#39 http://www.ibm.com/timex#di http://ex.org/variable#37	1
http://ex.org/variable#39 http://www.ibm.com/timex#di http://ex.org/variable#38	1
http://ex.org/variable#39 http://www.ibm.com/timex#o http://ex.org/variable#40	1
http://ex.org/variable#39 http://www.ibm.com/timex#o http://ex.org/variable#41	1
http://ex.org/variable#39 http://www.ibm.com/timex#d http://ex.org/variable#42	1
http://ex.org/variable#39 http://www.ibm.com/timex#d http://ex.org/variable#43	1
http://ex.org/variable#39 http://www.ibm.com/timex#o_di_fi http://ex.org/variable#44	1
http://ex.org/variable#39 http://www.ibm.com/timex#d http://ex.org/variable#45	1
http://ex.org/variable#39 http://www.ibm.com/timex#o http://ex.org/variable#46	1
http://ex.org/variable#39 http://www.ibm.com/timex#o http://ex.org/variable#47	1
http://ex.org/variable#39 http://www.ibm.com/timex#o http://ex.org/variable#48	1
http://ex.org/variable#39 http://www.ibm.com/timex#d http://ex.org/variable#49	1
http://ex.org/variable#39 http://www.ibm.com/timex#di http://ex.org/variable#50	1
http://ex.org/variable#39 http://www.ibm.com/timex#o http://ex.org/variable#51	1
http://ex.org/variable#39 http://www.ibm.com/timex#oi http://ex.org/variable#52	1
http://ex.org/variable#39 http://www.ibm.com/timex#o http://ex.org/variable#53	1
http://ex.org/variable#39 http://www.ibm.com/timex#d http://ex.org/variable#54	1
http://ex.org/variable#39 http://www.ibm.com/timex#d_s http://ex.org/variable#55	1
http://ex.org/variable#39 http://www.ibm.com/timex#o http://ex.org/variable#56	1
http://ex.org/variable#39 http://www.ibm.com/timex#eq_o_d_s_f_fi http://ex.org/variable#57	1
http://ex.org/variable#39 http://www.ibm.com/timex#b http://ex.org/variable#58	1
http://ex.org/variable#39 http://www.ibm.com/timex#o http://ex.org/variable#59	1
http://ex.org/variable#39 http://www.ibm.com/timex#d http://ex.org/variable#60	1
http://ex.org/variable#39 http://www.ibm.com/timex#oi_di_si http://ex.org/variable#61	1
http://ex.org/variable#39 http://www.ibm.com/timex#o http://ex.org/variable#62	1
http://ex.org/variable#39 http://www.ibm.com/timex#di http://ex.org/variable#63	1
http://ex.org/variable#39 http://www.ibm.com/timex#o http://ex.org/variable#64	1
http://ex.org/variable#39 http://www.ibm.com/timex#o http://ex.org/variable#65	1
http://ex.org/variable#39 http://www.ibm.com/timex#o http://ex.org/variable#66	1
http://ex.org/variable#39 http://www.ibm.com/timex#oi_d_f http://ex.org/variable#67	1
http://ex.org/variable#39 http://www.ibm.com/timex#o http://ex.org/variable#68	1
http://ex.org/variable#39 http://www.ibm.com/timex#oi http://ex.org/variable#69	1
http://ex.org/variable#39 http://www.ibm.com/timex#o_d_s http://ex.org/variable#70	1
http://ex.org/variable#39 http://www.ibm.com/timex#d http://ex.org/variable#71	1
http://ex.org/variable#39 http://www.ibm.com/timex#o_fi http://ex.org/variable#72	1
http://ex.org/variable#39 http://www.ibm.com/timex#o http://ex.org/variable#73	1
http://ex.org/variable#39 http://www.ibm.com/timex#o_d_s http://ex.org/variable#74	1
http://ex.org/variable#39 http://www.ibm.com/timex#o_di_fi http://ex.org/variable#75	1
http://ex.org/variable#39 http://www.ibm.com/timex#b_m_o http://ex.org/variable#76	1
http://ex.org/variable#39 http://www.ibm.com/timex#di http://ex.org/variable#77	1
http://ex.org/variable#39 http://www.ibm.com/timex#oi http://ex.org/variable#78	1
http://ex.org/variable#39 http://www.ibm.com/timex#d http://ex.org/variable#79	1
http://ex.org/variable#39 http://www.ibm.com/timex#o http://ex.org/variable#80	1
http://ex.org/variable#39 http://www.ibm.com/timex#oi http://ex.org/variable#81	1
http://ex.org/variable#39 http://www.ibm.com/timex#d_s http://ex.org/variable#82	1
http://ex.org/variable#39 http://www.ibm.com/timex#o http://ex.org/variable#83	1
http://ex.org/variable#39 http://www.ibm.com/timex#o http://ex.org/variable#84	1
http://ex.org/variable#39 http://www.ibm.com/timex#di http://ex.org/variable#85	1
http://ex.org/variable#39 http://www.ibm.com/timex#oi_f http://ex.org/variable#86	1
http://ex.org/variable#39 http://www.ibm.com/timex#di http://ex.org/variable#87	1
http://ex.org/variable#39 http://www.ibm.com/timex#o_d_s http://ex.org/variable#88	1
http://ex.org/variable#39 http://www.ibm.com/timex#o http://ex.org/variable#89	1
http://ex.org/variable#40 http://www.ibm.com/timex#oi_di_si http://ex.org/variable#0	1
http://ex.org/variable#40 http://www.ibm.com/timex#f http://ex.org/variable#1	1
http://ex.org/variable#40 http://www.ibm.com/timex#d http://ex.org/variable#2	1
http://ex.org/variable#40 http://www.ibm.com/timex#d http://ex.org/variable#3	1
http://ex.org/variable#40 http://www.ibm.com/timex#o_oi_d_di_s_si http://ex.org/variable#4	1
http://ex.org/variable#40 http://www.ibm.com/timex#d http://ex.org/variable#5	1
http://ex.org/variable#40 http://www.ibm.com/timex#bi http://ex.org/variable#6	1
http://ex.org/variable#40 http://www.ibm.com/timex#oi http://ex.org/variable#7	1
http://ex.org/variable#40 http://www.ibm.com/timex#d http://ex.org/variable#8	1
http://ex.org/variable#40 http://www.ibm.com/timex#oi http://ex.org/variable#9	1
http://ex.org/variable#40 http://www.ibm.com/timex#d http://ex.org/variable#10	1
http://ex.org/variable#40 http://www.ibm.com/timex#d http://ex.org/variable#11	1
http://ex.org/variable#40 http://www.ibm.com/timex#bi http://ex.org/variable#12	1
http://ex.org/variable#40 http://www.ibm.com/timex#d http://ex.org/variable#13	1
http://ex.org/variable#40 http://www.ibm.com/timex#d http://ex.org/variable#14	1
http://ex.org/variable#40 http://www.ibm.com/timex#d http://ex.org/variable#15	1
http://ex.org/variable#40 http://www.ibm.com/timex#bi http://ex.org/variable#16	1
http://ex.org/variable#40 http://www.ibm.com/timex#d http://ex.org/variable#17	1
http://ex.org/variable#40 http://www.ibm.com/timex#d http://ex.org/variable#18	1
http://ex.org/variable#40 http://www.ibm.com/timex#bi http://ex.org/variable#19	1
http://ex.org/variable#40 http://www.ibm.com/timex#bi http://ex.org/variable#20	1
http://ex.org/variable#40 http://www.ibm.com/timex#oi_d_f http://ex.org/variable#21	1
http://ex.org/variable#40 http://www.ibm.com/timex#oi http://ex.org/variable#22	1
http://ex.org/variable#40 http://www.ibm.com/timex#bi http://ex.org/variable#23	1
http://ex.org/variable#40 http://www.ibm.com/timex#o_s http://ex.org/variable#24	1
http://ex.org/variable#40 http://www.ibm.com/timex#bi http://ex.org/variable#25	1
http://ex.org/variable#40 http://www.ibm.com/timex#d http://ex.org/variable#26	1
http://ex.org/variable#40 http://www.ibm.com/timex#d http://ex.org/variable#27	1
http://ex.org/variable#40 http://www.ibm.com/timex#d http://ex.org/variable#28	1
http://ex.org/variable#40 http://www.ibm.com/timex#oi http://ex.org/variable#29	1
http://ex.org/variable#40 http://www.ibm.com/timex#bi http://ex.org/variable#30	1
http://ex.org/variable#40 http://www.ibm.com/timex#di_si http://ex.org/variable#31	1
http://ex.org/variable#40 http://www.ibm.com/timex#oi http://ex.org/variable#32	1
http://ex.org/variable#40 http://www.ibm.com/timex#d http://ex.org/variable#33	1
http://ex.org/variable#40 http://www.ibm.com/timex#d http://ex.org/variable#34	1
http://ex.org/variable#40 http://www.ibm.com/timex#oi http://ex.org/variable#35	1
http://ex.org/variable#40 http://www.ibm.com/timex#d http://ex.org/variable#36	1
http://ex.org/variable#40 http://www.ibm.com/timex#bi http://ex.org/variable#37	1
http://ex.org/variable#40 http://www.ibm.com/timex#oi http://ex.org/variable#38	1
http://ex.org/variable#40 http://www.ibm.com/timex#oi http://ex.org/variable#39	1
http://ex.org/variable#40 http://www.ibm.com/timex#o_s http://ex.org/variable#41	1
http://ex.org/variable#40 http://www.ibm.com/timex#d http://ex.org/variable#42	1
http://ex.org/variable#40 http://www.ibm.com/timex#d http://ex.org/variable#43	1
http://ex.org/variable#40 http://www.ibm.com/timex#bi_mi_oi http://ex.org/variable#44	1
http://ex.org/variable#40 http://www.ibm.com/timex#oi http://ex.org/variable#45	1
http://ex.org/variable#40 http://www.ibm.com/timex#oi_d_f http://ex.org/variable#46	1
http://ex.org/variable#40 http://www.ibm.com/timex#oi http://ex.org/variable#47	1
http://ex.org/variable#40 http://www.ibm.com/timex#d http://ex.org/variable#48	1
http://ex.org/variable#40 http://www.ibm.com/timex#f http://ex.org/variable#49	1
http://ex.org/variable#40 http://www.ibm.com/timex#bi http://ex.org/variable#50	1
http://ex.org/variable#40 http://www.ibm.com/timex#d http://ex.org/variable#51	1
http://ex.org/variable#40 http://www.ibm.com/timex#oi http://ex.org/variable#52	1
http://ex.org/variable#40 http://www.ibm.com/timex#d http://ex.org/variable#53	1
http://ex.org/variable#40 http://www.ibm.com/timex#oi_d http://ex.org/variable#54	1
http://ex.org/variable#40 http://www.ibm.com/timex#oi http://ex.org/variable#55	1
http://ex.org/variable#40 http://www.ibm.com/timex#oi_d_f http://ex.org/variable#56	1
http://ex.org/variable#40 http://www.ibm.com/timex#oi http://ex.org/variable#57	1
http://ex.org/variable#40 http://www.ibm.com/timex#b http://ex.org/variable#58	1
http://ex.org/variable#40 http://www.ibm.com/timex#eq_oi_di_si_f_fi http://ex.org/variable#59	1
http://ex.org/variable#40 http://www.ibm.com/timex#d http://ex.org/variable#60	1
http://ex.org/variable#40 http://www.ibm.com/timex#bi http://ex.org/variable#61	1
http://ex.org/variable#40 http://www.ibm.com/timex#d http://ex.org/variable#62	1
http://ex.org/variable#40 http://www.ibm.com/timex#bi http://ex.org/variable#63	1
http://ex.org/variable#40 http://www.ibm.com/timex#d http://ex.org/variable#64	1
http://ex.org/variable#40 http://www.ibm.com/timex#d http://ex.org/variable#65	1
http://ex.org/variable#40 http://www.ibm.com/timex#d http://ex.org/variable#66	1
http://ex.org/variable#40 http://www.ibm.com/timex#oi http://ex.org/variable#67	1
http://ex.org/variable#40 http://www.ibm.com/timex#d http://ex.org/variable#68	1
http://ex.org/variable#40 http://www.ibm.com/timex#bi http://ex.org/variable#69	1
http://ex.org/variable#40 http://www.ibm.com/timex#oi http://ex.org/variable#70	1
http://ex.org/variable#40 http://www.ibm.com/timex#oi http://ex.org/variable#71	1
http://ex.org/variable#40 http://www.ibm.com/timex#oi http://ex.org/variable#72	1
http://ex.org/variable#40 http://www.ibm.com/timex#f http://ex.org/variable#73	1
http://ex.org/variable#40 http://www.ibm.com/timex#d http://ex.org/variable#74	1
http://ex.org/variable#40 http://www.ibm.com/timex#oi http://ex.org/variable#75	1
http://ex.org/variable#40 http://www.ibm.com/timex#o http://ex.org/variable#76	1
http://ex.org/variable#40 http://www.ibm.com/timex#bi http://ex.org/variable#77	1
http://ex.org/variable#40 http://www.ibm.com/timex#oi http://ex.org/variable#78	1
http://ex.org/variable#40 http://www.ibm.com/timex#f http://ex.org/variable#79	1
http://ex.org/variable#40 http://www.ibm.com/timex#o http://ex.org/variable#80	1
http://ex.org/variable#40 http://www.ibm.com/timex#bi http://ex.org/variable#81	1
http://ex.org/variable#40 http://www.ibm.com/timex#oi_f http://ex.org/variable#82	1
http://ex.org/variable#40 http://www.ibm.com/timex#d http://ex.org/variable#83	1
http://ex.org/variable#40 http://www.ibm.com/timex#d http://ex.org/variable#84	1
http://ex.org/variable#40 http://www.ibm.com/timex#bi http://ex.org/variable#85	1
http://ex.org/variable#40 http://www.ibm.com/timex#oi http://ex.org/variable#86	1
http://ex.org/variable#40 http://www.ibm.com/timex#oi http://ex.org/variable#87	1
http://ex.org/variable#40 http://www.ibm.com/timex#d http://ex.org/variable#88	1
http://ex.org/variable#40 http://www.ibm.com/timex#d http://ex.org/variable#89	1
http://ex.org/variable#41 http://www.ibm.com/timex#oi_di_si http://ex.org/variable#0	1
http://ex.org/variable#41 http://www.ibm.com/timex#oi http://ex.org/variable#1	1
http://ex.org/variable#41 http://www.ibm.com/timex#d http://ex.org/variable#2	1
http://ex.org/variable#41 http://www.ibm.com/timex#d http://ex.org/variable#3	1
http://ex.org/variable#41 http://www.ibm.com/timex#oi http://ex.org/variable#4	1
http://ex.org/variable#41 http://www.ibm.com/timex#d http://ex.org/variable#5	1
http://ex.org/variable#41 http://www.ibm.com/timex#bi http://ex.org/variable#6	1
http://ex.org/variable#41 http://www.ibm.com/timex#oi http://ex.org/variable#7	1
http://ex.org/variable#41 http://www.ibm.com/timex#d http://ex.org/variable#8	1
http://ex.org/variable#41 http://www.ibm.com/timex#oi http://ex.org/variable#9	1
http://ex.org/variable#41 http://www.ibm.com/timex#oi http://ex.org/variable#10	1
http://ex.org/variable#41 http://www.ibm.com/timex#oi_d_f http://ex.org/variable#11	1
http://ex.org/variable#41 http://www.ibm.com/timex#bi http://ex.org/variable#12	1
http://ex.org/variable#41 http://www.ibm.com/timex#d http://ex.org/variable#13	1
http://ex.org/variable#41 http://www.ibm.com/timex#d_f http://ex.org/variable#14	1
http://ex.org/variable#41 http://www.ibm.com/timex#oi http://ex.org/variable#15	1
http://ex.org/variable#41 http://www.ibm.com/timex#bi http://ex.org/variable#16	1
http://ex.org/variable#41 http://www.ibm.com/timex#d http://ex.org/variable#17	1
http://ex.org/variable#41 http://www.ibm.com/timex#d http://ex.org/variable#18	1
http://ex.org/variable#41 http://www.ibm.com/timex#bi http://ex.org/variable#19	1
http://ex.org/variable#41 http://www.ibm.com/timex#bi http://ex.org/variable#20	1
http://ex.org/variable#41 http://www.ibm.com/timex#oi_d_f http://ex.org/variable#21	1
http://ex.org/variable#41 http://www.ibm.com/timex#oi http://ex.org/variable#22	1
http://ex.org/variable#41 http://www.ibm.com/timex#bi http://ex.org/variable#23	1
http://ex.org/variable#41 http://www.ibm.com/timex#oi_di_si http://ex.org/variable#24	1
http://ex.org/variable#41 http://www.ibm.com/timex#bi http://ex.org/variable#25	1
http://ex.org/variable#41 http://www.ibm.com/timex#oi_d http://ex.org/variable#26	1
http://ex.org/variable#41 http://www.ibm.com/timex#oi_f http://ex.org/variable#27	1
http://ex.org/variable#41 http://www.ibm.com/timex#oi_d_f http://ex.org/variable#28	1
http://ex.org/variable#41 http://www.ibm.com/timex#bi_mi_oi http://ex.org/variable#29	1
http://ex.org/variable#41 http://www.ibm.com/timex#bi http://ex.org/variable#30	1
http://ex.org/variable#41 http://www.ibm.com/timex#di_si http://ex.org/variable#31	1
http://ex.org/variable#41 http://www.ibm.com/timex#oi http://ex.org/variable#32	1
http://ex.org/variable#41 http://www.ibm.com/timex#oi http://ex.org/variable#33	1
http://ex.org/variable#41 http://www.ibm.com/timex#d http://ex.org/variable#34	1
http://ex.org/variable#41 http://www.ibm.com/timex#oi http://ex.org/variable#35	1
http://ex.org/variable#41 http://www.ibm.com/timex#oi_d http://ex.org/variable#36	1
http://ex.org/variable#41 http://www.ibm.com/timex#bi http://ex.org/variable#37	1
http://ex.org/variable#41 http://www.ibm.com/timex#oi http://ex.org/variable#38	1
http://ex.org/variable#41 http://www.ibm.com/timex#oi http://ex.org/variable#39	1
http://ex.org/variable#41 http://www.ibm.com/timex#oi_si http://ex.org/variable#40	1
http://ex.org/variable#41 http://www.ibm.com/timex#oi_d_f http://ex.org/variable#42	1
http://ex.org/variable#41 http://www.ibm.com/timex#oi_d http://ex.org/variable#43	1
http://ex.org/variable#41 http://www.ibm.com/timex#bi_mi_oi http://ex.org/variable#44	1
http://ex.org/variable#41 http://www.ibm.com/timex#oi http://ex.org/variable#45	1
http://ex.org/variable#41 http://www.ibm.com/timex#oi http://ex.org/variable#46	1
http://ex.org/variable#41 http://www.ibm.com/timex#oi http://ex.org/variable#47	1
http://ex.org/variable#41 http://www.ibm.com/timex#oi http://ex.org/variable#48	1
http://ex.org/variable#41 http://www.ibm.com/timex#oi http://ex.org/variable#49	1
http://ex.org/variable#41 http://www.ibm.com/timex#bi http://ex.org/variable#50	1
http://ex.org/variable#41 http://www.ibm.com/timex#d_f http://ex.org/variable#51	1
http://ex.org/variable#41 http://www.ibm.com/timex#oi http://ex.org/variable#52	1
http://ex.org/variable#41 http://www.ibm.com/timex#d http://ex.org/variable#53	1
http://ex.org/variable#41 http://www.ibm.com/timex#oi_d_f http://ex.org/variable#54	1
http://ex.org/variable#41 http://www.ibm.com/timex#oi http://ex.org/variable#55	1
http://ex.org/variable#41 http://www.ibm.com/timex#oi http://ex.org/variable#56	1
http://ex.org/variable#41 http://www.ibm.com/timex#oi http://ex.org/variable#57	1
http://ex.org/variable#41 http://www.ibm.com/timex#o http://ex.org/variable#58	1
http://ex.org/variable#41 http://www.ibm.com/timex#oi_di_si http://ex.org/variable#59	1
http://ex.org/variable#41 http://www.ibm.com/timex#d http://ex.org/variable#60	1
http://ex.org/variable#41 http://www.ibm.com/timex#bi http://ex.org/variable#61	1
http://ex.org/variable#41 http://www.ibm.com/timex#d http://ex.org/variable#62	1
http://ex.org/variable#41 http://www.ibm.com/timex#bi http://ex.org/variable#63	1
http://ex.org/variable#41 http://www.ibm.com/timex#oi_d_f http://ex.org/variable#64	1
http://ex.org/variable#41 http://www.ibm.com/timex#oi_d_f http://ex.org/variable#65	1
http://ex.org/variable#41 http://www.ibm.com/timex#oi http://ex.org/variable#66	1
http://ex.org/variable#41 http://www.ibm.com/timex#oi http://ex.org/variable#67	1
http://ex.org/variable#41 http://www.ibm.com/timex#oi_d http://ex.org/variable#68	1
http://ex.org/variable#41 http://www.ibm.com/timex#bi http://ex.org/variable#69	1
http://ex.org/variable#41 http://www.ibm.com/timex#oi http://ex.org/variable#70	1
http://ex.org/variable#41 http://www.ibm.com/timex#oi http://ex.org/variable#71	1
http://ex.org/variable#41 http://www.ibm.com/timex#oi http://ex.org/variable#72	1
http://ex.org/variable#41 http://www.ibm.com/timex#oi http://ex.org/variable#73	1
http://ex.org/variable#41 http://www.ibm.com/timex#oi_d_f http://ex.org/variable#74	1
http://ex.org/variable#41 http://www.ibm.com/timex#oi http://ex.org/variable#75	1
http://ex.org/variable#41 http://www.ibm.com/timex#o_d_s http://ex.org/variable#76	1
http://ex.org/variable#41 http://www.ibm.com/timex#bi http://ex.org/variable#77	1
http://ex.org/variable#41 http://www.ibm.com/timex#oi http://ex.org/variable#78	1
http://ex.org/variable#41 http://www.ibm.com/timex#oi http://ex.org/variable#79	1
http://ex.org/variable#41 http://www.ibm.com/timex#o_d_s http://ex.org/variable#80	1
http://ex.org/variable#41 http://www.ibm.com/timex#bi http://ex.org/variable#81	1
http://ex.org/variable#41 http://www.ibm.com/timex#oi http://ex.org/variable#82	1
http://ex.org/variable#41 http://www.ibm.com/timex#d http://ex.org/variable#83	1
http://ex.org/variable#41 http://www.ibm.com/timex#oi_d_f http://ex.org/variable#84	1
http://ex.org/variable#41 http://www.ibm.com/timex#bi http://ex.org/variable#85	1
http://ex.org/variable#41 http://www.ibm.com/timex#oi http://ex.org/variable#86	1
http://ex.org/variable#41 http://www.ibm.com/timex#oi http://ex.org/variable#87	1
http://ex.org/variable#41 http://www.ibm.com/timex#oi_f http://ex.org/variable#88	1
http://ex.org/variable#41 http://www.ibm.com/timex#d http://ex.org/variable#89	1
http://ex.org/variable#42 http://www.ibm.com/timex#di http://ex.org/variable#0	1
http://ex.org/variable#42 http://www.ibm.com/timex#di http://ex.org/variable#1	1
http://ex.org/variable#42 http://www.ibm.com/timex#o http://ex.org/variable#2	1
http://ex.org/variable#42 http://www.ibm.com/timex#o http://ex.org/variable#3	1
http://ex.org/variable#42 http://www.ibm.com/timex#di http://ex.org/variable#4	1
http://ex.org/variable#42 http://www.ibm.com/timex#o http://ex.org/variable#5	1
http://ex.org/variable#42 http://www.ibm.com/timex#di http://ex.org/variable#6	1
http://ex.org/variable#42 http://www.ibm.com/timex#di http://ex.org/variable#7	1
http://ex.org/variable#42 http://www.ibm.com/timex#o_s http://ex.org/variable#8	1
http://ex.org/variable#42 http://www.ibm.com/timex#oi_di_si http://ex.org/variable#9	1
http://ex.org/variable#42 http://www.ibm.com/timex#oi_di_si http://ex.org/variable#10	1
http://ex.org/variable#42 http://www.ibm.com/timex#o_di_fi http://ex.org/variable#11	1
http://ex.org/variable#42 http://www.ibm.com/timex#di http://ex.org/variable#12	1
http://ex.org/variable#42 http://www.ibm.com/timex#d http://ex.org/variable#13	1
http://ex.org/variable#42 http://www.ibm.com/timex#o http://ex.org/variable#14	1
http://ex.org/variable#42 http://www.ibm.com/timex#o_di_fi http://ex.org/variable#15	1
http://ex.org/variable#42 http://www.ibm.com/timex#di http://ex.org/variable#16	1
http://ex.org/variable#42 http://www.ibm.com/timex#o http://ex.org/variable#17	1
http://ex.org/variable#42 http://www.ibm.com/timex#d http://ex.org/variable#18	1
http://ex.org/variable#42 http://www.ibm.com/timex#di http://ex.org/variable#19	1
http://ex.org/variable#42 http://www.ibm.com/timex#di http://ex.org/variable#20	1
http://ex.org/variable#42 http://www.ibm.com/timex#o_di_fi http://ex.org/variable#21	1
http://ex.org/variable#42 http://www.ibm.com/timex#di http://ex.org/variable#22	1
http://ex.org/variable#42 http://www.ibm.com/timex#di http://ex.org/variable#23	1
http://ex.org/variable#42 http://www.ibm.com/timex#di http://ex.org/variable#24	1
http://ex.org/variable#42 http://www.ibm.com/timex#di http://ex.org/variable#25	1
http://ex.org/variable#42 http://www.ibm.com/timex#o_di_fi http://ex.org/variable#26	1
http://ex.org/variable#42 http://www.ibm.com/timex#o_di_fi http://ex.org/variable#27	1
http://ex.org/variable#42 http://www.ibm.com/timex#d_s http://ex.org/variable#28	1
http://ex.org/variable#42 http://www.ibm.com/timex#di http://ex.org/variable#29	1
http://ex.org/variable#42 http://www.ibm.com/timex#di http://ex.org/variable#30	1
http://ex.org/variable#42 http://www.ibm.com/timex#di http://ex.org/variable#31	1
http://ex.org/variable#42 http://www.ibm.com/timex#oi http://ex.org/variable#32	1
http://ex.org/variable#42 http://www.ibm.com/timex#di http://ex.org/variable#33	1
http://ex.org/variable#42 http://www.ibm.com/timex#o http://ex.org/variable#34	1
http://ex.org/variable#42 http://www.ibm.com/timex#di http://ex.org/variable#35	1
http://ex.org/variable#42 http://www.ibm.com/timex#o http://ex.org/variable#36	1
http://ex.org/variable#42 http://www.ibm.com/timex#di http://ex.org/variable#37	1
http://ex.org/variable#42 http://www.ibm.com/timex#di http://ex.org/variable#38	1
http://ex.org/variable#42 http://www.ibm.com/timex#di http://ex.org/variable#39	1
http://ex.org/variable#42 http://www.ibm.com/timex#di http://ex.org/variable#40	1
http://ex.org/variable#42 http://www.ibm.com/timex#o_di_fi http://ex.org/variable#41	1
http://ex.org/variable#42 http://www.ibm.com/timex#o_di_fi http://ex.org/variable#43	1
http://ex.org/variable#42 http://www.ibm.com/timex#di http://ex.org/variable#44	1
http://ex.org/variable#42 http://www.ibm.com/timex#di http://ex.org/variable#45	1
http://ex.org/variable#42 http://www.ibm.com/timex#di http://ex.org/variable#46	1
http://ex.org/variable#42 http://www.ibm.com/timex#di http://ex.org/variable#47	1
http://ex.org/variable#42 http://www.ibm.com/timex#di http://ex.org/variable#48	1
http://ex.org/variable#42 http://www.ibm.com/timex#oi_di_si http://ex.org/variable#49	1
http://ex.org/variable#42 http://www.ibm.com/timex#di http://ex.org/variable#50	1
http://ex.org/variable#42 http://www.ibm.com/timex#o http://ex.org/variable#51	1
http://ex.org/variable#42 http://www.ibm.com/timex#di http://ex.org/variable#52	1
http://ex.org/variable#42 http://www.ibm.com/timex#o http://ex.org/variable#53	1
http://ex.org/variable#42 http://www.ibm.com/timex#o_di http://ex.org/variable#54	1
http://ex.org/variable#42 http://www.ibm.com/timex#di http://ex.org/variable#55	1
http://ex.org/variable#42 http://www.ibm.com/timex#di http://ex.org/variable#56	1
http://ex.org/variable#42 http://www.ibm.com/timex#di http://ex.org/variable#57	1
http://ex.org/variable#42 http://www.ibm.com/timex#m_o http://ex.org/variable#58	1
http://ex.org/variable#42 http://www.ibm.com/timex#di http://ex.org/variable#59	1
http://ex.org/variable#42 http://www.ibm.com/timex#d http://ex.org/variable#60	1
http://ex.org/variable#42 http://www.ibm.com/timex#di http://ex.org/variable#61	1
http://ex.org/variable#42 http://www.ibm.com/timex#o http://ex.org/variable#62	1
http://ex.org/variable#42 http://www.ibm.com/timex#di http://ex.org/variable#63	1
http://ex.org/variable#42 http://www.ibm.com/timex#o_di_fi http://ex.org/variable#64	1
http://ex.org/variable#42 http://www.ibm.com/timex#o_di_fi http://ex.org/variable#65	1
http://ex.org/variable#42 http://www.ibm.com/timex#o_di_fi http://ex.org/variable#66	1
http://ex.org/variable#42 http://www.ibm.com/timex#oi_si http://ex.org/variable#67	1
http://ex.org/variable#42 http://www.ibm.com/timex#o_di_fi http://ex.org/variable#68	1
http://ex.org/variable#42 http://www.ibm.com/timex#oi_si http://ex.org/variable#69	1
http://ex.org/variable#42 http://www.ibm.com/timex#di http://ex.org/variable#70	1
http://ex.org/variable#42 http://www.ibm.com/timex#di http://ex.org/variable#71	1
http://ex.org/variable#42 http://www.ibm.com/timex#di http://ex.org/variable#72	1
http://ex.org/variable#42 http://www.ibm.com/timex#di http://ex.org/variable#73	1
http://ex.org/variable#42 http://www.ibm.com/timex#o_di_fi http://ex.org/variable#74	1
http://ex.org/variable#42 http://www.ibm.com/timex#di http://ex.org/variable#75	1
http://ex.org/variable#42 http://www.ibm.com/timex#o http://ex.org/variable#76	1
http://ex.org/variable#42 http://www.ibm.com/timex#di http://ex.org/variable#77	1
http://ex.org/variable#42 http://www.ibm.com/timex#di http://ex.org/variable#78	1
http://ex.org/variable#42 http://www.ibm.com/timex#di http://ex.org/variable#79	1
http://ex.org/variable#42 http://www.ibm.com/timex#o http://ex.org/variable#80	1
http://ex.org/variable#42 http://www.ibm.com/timex#oi_di_si http://ex.org/variable#81	1
http://ex.org/variable#42 http://www.ibm.com/timex#oi_di_si http://ex.org/variable#82	1
http://ex.org/variable#42 http://www.ibm.com/timex#o http://ex.org/variable#83	1
http://ex.org/variable#42 http://www.ibm.com/timex#o_di_fi http://ex.org/variable#84	1
http://ex.org/variable#42 http://www.ibm.com/timex#di http://ex.org/variable#85	1
http://ex.org/variable#42 http://www.ibm.com/timex#oi http://ex.org/variable#86	1
http://ex.org/variable#42 http://www.ibm.com/timex#di http://ex.org/variable#87	1
http://ex.org/variable#42 http://www.ibm.com/timex#o_di_fi http://ex.org/variable#88	1
http://ex.org/variable#42 http://www.ibm.com/timex#o http://ex.org/variable#89	1
http://ex.org/variable#43 http://www.ibm.com/timex#di http://ex.org/variable#0	1
http://ex.org/variable#43 http://www.ibm.com/timex#di http://ex.org/variable#1	1
http://ex.org/variable#43 http://www.ibm.com/timex#o_di http://ex.org/variable#2	1
http://ex.org/variable#43 http://www.ibm.com/timex#o http://ex.org/variable#3	1
http://ex.org/variable#43 http://www.ibm.com/timex#di http://ex.org/variable#4	1
http://ex.org/variable#43 http://www.ibm.com/timex#o http://ex.org/variable#5	1
http://ex.org/variable#43 http://www.ibm.com/timex#di http://ex.org/variable#6	1
http://ex.org/variable#43 http://www.ibm.com/timex#di http://ex.org/variable#7	1
http://ex.org/variable#43 http://www.ibm.com/timex#oi_d_f http://ex.org/variable#8	1
http://ex.org/variable#43 http://www.ibm.com/timex#oi http://ex.org/variable#9	1
http://ex.org/variable#43 http://www.ibm.com/timex#oi http://ex.org/variable#10	1
http://ex.org/variable#43 http://www.ibm.com/timex#di_fi http://ex.org/variable#11	1
http://ex.org/variable#43 http://www.ibm.com/timex#di http://ex.org/variable#12	1
http://ex.org/variable#43 http://www.ibm.com/timex#d http://ex.org/variable#13	1
http://ex.org/variable#43 http://www.ibm.com/timex#o_di_fi http://ex.org/variable#14	1
http://ex.org/variable#43 http://www.ibm.com/timex#o_di_fi http://ex.org/variable#15	1
http://ex.org/variable#43 http://www.ibm.com/timex#di http://ex.org/variable#16	1
http://ex.org/variable#43 http://www.ibm.com/timex#o http://ex.org/variable#17	1
http://ex.org/variable#43 http://www.ibm.com/timex#d http://ex.org/variable#18	1
http://ex.org/variable#43 http://www.ibm.com/timex#di http://ex.org/variable#19	1
http://ex.org/variable#43 http://www.ibm.com/timex#di http://ex.org/variable#20	1
http://ex.org/variable#43 http://www.ibm.com/timex#o_di_fi http://ex.org/variable#21	1
http://ex.org/variable#43 http://www.ibm.com/timex#di http://ex.org/variable#22	1
http://ex.org/variable#43 http://www.ibm.com/timex#oi http://ex.org/variable#23	1
http://ex.org/variable#43 http://www.ibm.com/timex#di http://ex.org/variable#24	1
http://ex.org/variable#43 http://www.ibm.com/timex#di http://ex.org/variable#25	1
http://ex.org/variable#43 http://www.ibm.com/timex#eq http://ex.org/variable#26	1
http://ex.org/variable#43 http://www.ibm.com/timex#di http://ex.org/variable#27	1
http://ex.org/variable#43 http://www.ibm.com/timex#oi_d_f http://ex.org/variable#28	1
http://ex.org/variable#43 http://www.ibm.com/timex#di http://ex.org/variable#29	1
http://ex.org/variable#43 http://www.ibm.com/timex#di http://ex.org/variable#30	1
http://ex.org/variable#43 http://www.ibm.com/timex#di http://ex.org/variable#31	1
http://ex.org/variable#43 http://www.ibm.com/timex#oi http://ex.org/variable#32	1
http://ex.org/variable#43 http://www.ibm.com/timex#di http://ex.org/variable#33	1
http://ex.org/variable#43 http://www.ibm.com/timex#o_di_fi http://ex.org/variable#34	1
http://ex.org/variable#43 http://www.ibm.com/timex#di http://ex.org/variable#35	1
http://ex.org/variable#43 http://www.ibm.com/timex#o_di_fi http://ex.org/variable#36	1
http://ex.org/variable#43 http://www.ibm.com/timex#di http://ex.org/variable#37	1
http://ex.org/variable#43 http://www.ibm.com/timex#di http://ex.org/variable#38	1
http://ex.org/variable#43 http://www.ibm.com/timex#di http://ex.org/variable#39	1
http://ex.org/variable#43 http://www.ibm.com/timex#di http://ex.org/variable#40	1
http://ex.org/variable#43 http://www.ibm.com/timex#o_di http://ex.org/variable#41	1
http://ex.org/variable#43 http://www.ibm.com/timex#oi_d_f http://ex.org/variable#42	1
http://ex.org/variable#43 http://www.ibm.com/timex#di http://ex.org/variable#44	1
http://ex.org/variable#43 http://www.ibm.com/timex#oi http://ex.org/variable#45	1
http://ex.org/variable#43 http://www.ibm.com/timex#di http://ex.org/variable#46	1
http://ex.org/variable#43 http://www.ibm.com/timex#di http://ex.org/variable#47	1
http://ex.org/variable#43 http://www.ibm.com/timex#di http://ex.org/variable#48	1
http://ex.org/variable#43 http://www.ibm.com/timex#oi http://ex.org/variable#49	1
http://ex.org/variable#43 http://www.ibm.com/timex#di http://ex.org/variable#50	1
http://ex.org/variable#43 http://www.ibm.com/timex#o_di_fi http://ex.org/variable#51	1
http://ex.org/variable#43 http://www.ibm.com/timex#oi http://ex.org/variable#52	1
http://ex.org/variable#43 http://www.ibm.com/timex#o_di_fi http://ex.org/variable#53	1
http://ex.org/variable#43 http://www.ibm.com/timex#oi_d_f http://ex.org/variable#54	1
http://ex.org/variable#43 http://www.ibm.com/timex#di http://ex.org/variable#55	1
http://ex.org/variable#43 http://www.ibm.com/timex#di http://ex.org/variable#56	1
http://ex.org/variable#43 http://www.ibm.com/timex#di http://ex.org/variable#57	1
http://ex.org/variable#43 http://www.ibm.com/timex#o http://ex.org/variable#58	1
http://ex.org/variable#43 http://www.ibm.com/timex#di http://ex.org/variable#59	1
http://ex.org/variable#43 http://www.ibm.com/timex#d http://ex.org/variable#60	1
http://ex.org/variable#43 http://www.ibm.com/timex#di http://ex.org/variable#61	1
http://ex.org/variable#43 http://www.ibm.com/timex#o http://ex.org/variable#62	1
http://ex.org/variable#43 http://www.ibm.com/timex#di http://ex.org/variable#63	1
http://ex.org/variable#43 http://www.ibm.com/timex#o_di http://ex.org/variable#64	1
http://ex.org/variable#43 http://www.ibm.com/timex#o_di http://ex.org/variable#65	1
http://ex.org/variable#43 http://www.ibm.com/timex#di http://ex.org/variable#66	1
http://ex.org/variable#43 http://www.ibm.com/timex#oi http://ex.org/variable#67	1
http://ex.org/variable#43 http://www.ibm.com/timex#o_di_fi http://ex.org/variable#68	1
http://ex.org/variable#43 http://www.ibm.com/timex#oi http://ex.org/variable#69	1
http://ex.org/variable#43 http://www.ibm.com/timex#di http://ex.org/variable#70	1
http://ex.org/variable#43 http://www.ibm.com/timex#oi http://ex.org/variable#71	1
http://ex.org/variable#43 http://www.ibm.com/timex#di http://ex.org/variable#72	1
http://ex.org/variable#43 http://www.ibm.com/timex#di http://ex.org/variable#73	1
http://ex.org/variable#43 http://www.ibm.com/timex#o_di_fi http://ex.org/variable#74	1
http://ex.org/variable#43 http://www.ibm.com/timex#di http://ex.org/variable#75	1
http://ex.org/variable#43 http://www.ibm.com/timex#o_di_fi http://ex.org/variable#76	1
http://ex.org/variable#43 http://www.ibm.com/timex#di http://ex.org/variable#77	1
http://ex.org/variable#43 http://www.ibm.com/timex#oi http://ex.org/variable#78	1
http://ex.org/variable#43 http://www.ibm.com/timex#oi_si http://ex.org/variable#79	1
http://ex.org/variable#43 http://www.ibm.com/timex#o http://ex.org/variable#80	1
http://ex.org/variable#43 http://www.ibm.com/timex#oi http://ex.org/variable#81	1
http://ex.org/variable#43 http://www.ibm.com/timex#oi_di_si http://ex.org/variable#82	1
http://ex.org/variable#43 http://www.ibm.com/timex#o_di_fi http://ex.org/variable#83	1
http://ex.org/variable#43 http://www.ibm.com/timex#o_di_fi http://ex.org/variable#84	1
http://ex.org/variable#43 http://www.ibm.com/timex#di http://ex.org/variable#85	1
http://ex.org/variable#43 http://www.ibm.com/timex#oi http://ex.org/variable#86	1
http://ex.org/variable#43 http://www.ibm.com/timex#di http://ex.org/variable#87	1
http://ex.org/variable#43 http://www.ibm.com/timex#o_di_fi http://ex.org/variable#88	1
http://ex.org/variable#43 http://www.ibm.com/timex#o_di_fi http://ex.org/variable#89	1
http://ex.org/variable#44 http://www.ibm.com/timex#b_m_o_di_fi http://ex.org/variable#0	1
http://ex.org/variable#44 http://www.ibm.com/timex#o http://ex.org/variable#1	1
http://ex.org/variable#44 http://www.ibm.com/timex#b_m_o http://ex.org/variable#2	1
http://ex.org/variable#44 http://www.ibm.com/timex#d http://ex.org/variable#3	1
http://ex.org/variable#44 http://www.ibm.com/timex#b_m_o http://ex.org/variable#4	1
http://ex.org/variable#44 http://www.ibm.com/timex#d http://ex.org/variable#5	1
http://ex.org/variable#44 http://www.ibm.com/timex#o_di_fi http://ex.org/variable#6	1
http://ex.org/variable#44 http://www.ibm.com/timex#oi_d_f http://ex.org/variable#7	1
http://ex.org/variable#44 http://www.ibm.com/timex#d http://ex.org/variable#8	1
http://ex.org/variable#44 http://www.ibm.com/timex#d http://ex.org/variable#9	1
http://ex.org/variable#44 http://www.ibm.com/timex#d http://ex.org/variable#10	1
http://ex.org/variable#44 http://www.ibm.com/timex#o http://ex.org/variable#11	1
http://ex.org/variable#44 http://www.ibm.com/timex#bi_mi_oi http://ex.org/variable#12	1
http://ex.org/variable#44 http://www.ibm.com/timex#d http://ex.org/variable#13	1
http://ex.org/variable#44 http://www.ibm.com/timex#o http://ex.org/variable#14	1
http://ex.org/variable#44 http://www.ibm.com/timex#o_d_s http://ex.org/variable#15	1
http://ex.org/variable#44 http://www.ibm.com/timex#oi_d_f http://ex.org/variable#16	1
http://ex.org/variable#44 http://www.ibm.com/timex#o_d_s http://ex.org/variable#17	1
http://ex.org/variable#44 http://www.ibm.com/timex#d http://ex.org/variable#18	1
http://ex.org/variable#44 http://www.ibm.com/timex#oi http://ex.org/variable#19	1
http://ex.org/variable#44 http://www.ibm.com/timex#oi http://ex.org/variable#20	1
http://ex.org/variable#44 http://www.ibm.com/timex#d http://ex.org/variable#21	1
http://ex.org/variable#44 http://www.ibm.com/timex#b_m_o_di_fi http://ex.org/variable#22	1
http://ex.org/variable#44 http://www.ibm.com/timex#oi_d_f http://ex.org/variable#23	1
http://ex.org/variable#44 http://www.ibm.com/timex#b_o http://ex.org/variable#24	1
http://ex.org/variable#44 http://www.ibm.com/timex#oi http://ex.org/variable#25	1
http://ex.org/variable#44 http://www.ibm.com/timex#d http://ex.org/variable#26	1
http://ex.org/variable#44 http://www.ibm.com/timex#d http://ex.org/variable#27	1
http://ex.org/variable#44 http://www.ibm.com/timex#d http://ex.org/variable#28	1
http://ex.org/variable#44 http://www.ibm.com/timex#eq_o_d_s_f_fi http://ex.org/variable#29	1
http://ex.org/variable#44 http://www.ibm.com/timex#oi_d_f http://ex.org/variable#30	1
http://ex.org/variable#44 http://www.ibm.com/timex#b_m_o_di_fi http://ex.org/variable#31	1
http://ex.org/variable#44 http://www.ibm.com/timex#d http://ex.org/variable#32	1
http://ex.org/variable#44 http://www.ibm.com/timex#b_o http://ex.org/variable#33	1
http://ex.org/variable#44 http://www.ibm.com/timex#o_d_s http://ex.org/variable#34	1
http://ex.org/variable#44 http://www.ibm.com/timex#oi_d_f http://ex.org/variable#35	1
http://ex.org/variable#44 http://www.ibm.com/timex#o_d_s http://ex.org/variable#36	1
http://ex.org/variable#44 http://www.ibm.com/timex#o_di_fi http://ex.org/variable#37	1
http://ex.org/variable#44 http://www.ibm.com/timex#oi_d_f http://ex.org/variable#38	1
http://ex.org/variable#44 http://www.ibm.com/timex#oi_d_f http://ex.org/variable#39	1
http://ex.org/variable#44 http://www.ibm.com/timex#b_m_o http://ex.org/variable#40	1
http://ex.org/variable#44 http://www.ibm.com/timex#b_m_o http://ex.org/variable#41	1
http://ex.org/variable#44 http://www.ibm.com/timex#d http://ex.org/variable#42	1
http://ex.org/variable#44 http://www.ibm.com/timex#d http://ex.org/variable#43	1
http://ex.org/variable#44 http://www.ibm.com/timex#d http://ex.org/variable#45	1
http://ex.org/variable#44 http://www.ibm.com/timex#o http://ex.org/variable#46	1
http://ex.org/variable#44 http://www.ibm.com/timex#o http://ex.org/variable#47	1
http://ex.org/variable#44 http://www.ibm.com/timex#d_s http://ex.org/variable#48	1
http://ex.org/variable#44 http://www.ibm.com/timex#d http://ex.org/variable#49	1
http://ex.org/variable#44 http://www.ibm.com/timex#oi_di_si http://ex.org/variable#50	1
http://ex.org/variable#44 http://www.ibm.com/timex#d http://ex.org/variable#51	1
http://ex.org/variable#44 http://www.ibm.com/timex#oi_d_f http://ex.org/variable#52	1
http://ex.org/variable#44 http://www.ibm.com/timex#o http://ex.org/variable#53	1
http://ex.org/variable#44 http://www.ibm.com/timex#d http://ex.org/variable#54	1
http://ex.org/variable#44 http://www.ibm.com/timex#d http://ex.org/variable#55	1
http://ex.org/variable#44 http://www.ibm.com/timex#d_s http://ex.org/variable#56	1
http://ex.org/variable#44 http://www.ibm.com/timex#d_f http://ex.org/variable#57	1
http://ex.org/variable#44 http://www.ibm.com/timex#b http://ex.org/variable#58	1
http://ex.org/variable#44 http://www.ibm.com/timex#b_m_o http://ex.org/variable#59	1
http://ex.org/variable#44 http://www.ibm.com/timex#d http://ex.org/variable#60	1
http://ex.org/variable#44 http://www.ibm.com/timex#oi_d_f http://ex.org/variable#61	1
http://ex.org/variable#44 http://www.ibm.com/timex#o_d http://ex.org/variable#62	1
http://ex.org/variable#44 http://www.ibm.com/timex#eq_o_oi_d_di_s_si_f_fi http://ex.org/variable#63	1
http://ex.org/variable#44 http://www.ibm.com/timex#o_s http://ex.org/variable#64	1
http://ex.org/variable#44 http://www.ibm.com/timex#d_s http://ex.org/variable#65	1
http://ex.org/variable#44 http://www.ibm.com/timex#d http://ex.org/variable#66	1
http://ex.org/variable#44 http://www.ibm.com/timex#d_f http://ex.org/variable#67	1
http://ex.org/variable#44 http://www.ibm.com/timex#o http://ex.org/variable#68	1
http://ex.org/variable#44 http://www.ibm.com/timex#oi_d_f http://ex.org/variable#69	1
http://ex.org/variable#44 http://www.ibm.com/timex#d http://ex.org/variable#70	1
http://ex.org/variable#44 http://www.ibm.com/timex#d http://ex.org/variable#71	1
http://ex.org/variable#44 http://www.ibm.com/timex#d_f http://ex.org/variable#72	1
http://ex.org/variable#44 http://www.ibm.com/timex#d http://ex.org/variable#73	1
http://ex.org/variable#44 http://www.ibm.com/timex#d http://ex.org/variable#74	1
http://ex.org/variable#44 http://www.ibm.com/timex#eq_o_oi_d_di_s_si_f_fi http://ex.org/variable#75	1
http://ex.org/variable#44 http://www.ibm.com/timex#b_m_o http://ex.org/variable#76	1
http://ex.org/variable#44 http://www.ibm.com/timex#di http://ex.org/variable#77	1
http://ex.org/variable#44 http://www.ibm.com/timex#oi_d_f http://ex.org/variable#78	1
http://ex.org/variable#44 http://www.ibm.com/timex#d http://ex.org/variable#79	1
http://ex.org/variable#44 http://www.ibm.com/timex#b_m_o http://ex.org/variable#80	1
http://ex.org/variable#44 http://www.ibm.com/timex#oi_d_f http://ex.org/variable#81	1
http://ex.org/variable#44 http://www.ibm.com/timex#d http://ex.org/variable#82	1
http://ex.org/variable#44 http://www.ibm.com/timex#o_d_s http://ex.org/variable#83	1
http://ex.org/variable#44 http://www.ibm.com/timex#o_d_s http://ex.org/variable#84	1
http://ex.org/variable#44 http://www.ibm.com/timex#oi_d_f http://ex.org/variable#85	1
http://ex.org/variable#44 http://www.ibm.com/timex#oi_d http://ex.org/variable#86	1
http://ex.org/variable#44 http://www.ibm.com/timex#oi_d_f http://ex.org/variable#87	1
http://ex.org/variable#44 http://www.ibm.com/timex#b_m_o_d_s http://ex.org/variable#88	1
http://ex.org/variable#44 http://www.ibm.com/timex#b_m_o http://ex.org/variable#89	1
http://ex.org/variable#45 http://www.ibm.com/timex#di http://ex.org/variable#0	1
http://ex.org/variable#45 http://www.ibm.com/timex#o http://ex.org/variable#1	1
http://ex.org/variable#45 http://www.ibm.com/timex#o http://ex.org/variable#2	1
http://ex.org/variable#45 http://www.ibm.com/timex#o http://ex.org/variable#3	1
http://ex.org/variable#45 http://www.ibm.com/timex#o_di_fi http://ex.org/variable#4	1
http://ex.org/variable#45 http://www.ibm.com/timex#o http://ex.org/variable#5	1
http://ex.org/variable#45 http://www.ibm.com/timex#di http://ex.org/variable#6	1
http://ex.org/variable#45 http://www.ibm.com/timex#di http://ex.org/variable#7	1
http://ex.org/variable#45 http://www.ibm.com/timex#d http://ex.org/variable#8	1
http://ex.org/variable#45 http://www.ibm.com/timex#eq_f http://ex.org/variable#9	1
http://ex.org/variable#45 http://www.ibm.com/timex#d http://ex.org/variable#10	1
http://ex.org/variable#45 http://www.ibm.com/timex#o http://ex.org/variable#11	1
http://ex.org/variable#45 http://www.ibm.com/timex#di http://ex.org/variable#12	1
http://ex.org/variable#45 http://www.ibm.com/timex#d http://ex.org/variable#13	1
http://ex.org/variable#45 http://www.ibm.com/timex#o http://ex.org/variable#14	1
http://ex.org/variable#45 http://www.ibm.com/timex#o http://ex.org/variable#15	1
http://ex.org/variable#45 http://www.ibm.com/timex#di http://ex.org/variable#16	1
http://ex.org/variable#45 http://www.ibm.com/timex#o http://ex.org/variable#17	1
http://ex.org/variable#45 http://www.ibm.com/timex#d http://ex.org/variable#18	1
http://ex.org/variable#45 http://www.ibm.com/timex#di http://ex.org/variable#19	1
http://ex.org/variable#45 http://www.ibm.com/timex#di http://ex.org/variable#20	1
http://ex.org/variable#45 http://www.ibm.com/timex#o_di http://ex.org/variable#21	1
http://ex.org/variable#45 http://www.ibm.com/timex#di http://ex.org/variable#22	1
http://ex.org/variable#45 http://www.ibm.com/timex#di http://ex.org/variable#23	1
http://ex.org/variable#45 http://www.ibm.com/timex#o http://ex.org/variable#24	1
http://ex.org/variable#45 http://www.ibm.com/timex#di http://ex.org/variable#25	1
http://ex.org/variable#45 http://www.ibm.com/timex#o http://ex.org/variable#26	1
http://ex.org/variable#45 http://www.ibm.com/timex#o http://ex.org/variable#27	1
http://ex.org/variable#45 http://www.ibm.com/timex#d http://ex.org/variable#28	1
http://ex.org/variable#45 http://www.ibm.com/timex#di http://ex.org/variable#29	1
http://ex.org/variable#45 http://www.ibm.com/timex#di http://ex.org/variable#30	1
http://ex.org/variable#45 http://www.ibm.com/timex#di http://ex.org/variable#31	1
http://ex.org/variable#45 http://www.ibm.com/timex#f http://ex.org/variable#32	1
http://ex.org/variable#45 http://www.ibm.com/timex#o http://ex.org/variable#33	1
http://ex.org/variable#45 http://www.ibm.com/timex#o http://ex.org/variable#34	1
http://ex.org/variable#45 http://www.ibm.com/timex#di http://ex.org/variable#35	1
http://ex.org/variable#45 http://www.ibm.com/timex#o http://ex.org/variable#36	1
http://ex.org/variable#45 http://www.ibm.com/timex#di http://ex.org/variable#37	1
http://ex.org/variable#45 http://www.ibm.com/timex#di http://ex.org/variable#38	1
http://ex.org/variable#45 http://www.ibm.com/timex#di http://ex.org/variable#39	1
http://ex.org/variable#45 http://www.ibm.com/timex#o http://ex.org/variable#40	1
http://ex.org/variable#45 http://www.ibm.com/timex#o http://ex.org/variable#41	1
http://ex.org/variable#45 http://www.ibm.com/timex#d http://ex.org/variable#42	1
http://ex.org/variable#45 http://www.ibm.com/timex#o http://ex.org/variable#43	1
http://ex.org/variable#45 http://www.ibm.com/timex#di http://ex.org/variable#44	1
http://ex.org/variable#45 http://www.ibm.com/timex#o http://ex.org/variable#46	1
http://ex.org/variable#45 http://www.ibm.com/timex#di http://ex.org/variable#47	1
http://ex.org/variable#45 http://www.ibm.com/timex#o http://ex.org/variable#48	1
http://ex.org/variable#45 http://www.ibm.com/timex#d http://ex.org/variable#49	1
http://ex.org/variable#45 http://www.ibm.com/timex#di http://ex.org/variable#50	1
http://ex.org/variable#45 http://www.ibm.com/timex#o http://ex.org/variable#51	1
http://ex.org/variable#45 http://www.ibm.com/timex#si http://ex.org/variable#52	1
http://ex.org/variable#45 http://www.ibm.com/timex#o http://ex.org/variable#53	1
http://ex.org/variable#45 http://www.ibm.com/timex#o_di_fi http://ex.org/variable#54	1
http://ex.org/variable#45 http://www.ibm.com/timex#di http://ex.org/variable#55	1
http://ex.org/variable#45 http://www.ibm.com/timex#o_di_fi http://ex.org/variable#56	1
http://ex.org/variable#45 http://www.ibm.com/timex#di http://ex.org/variable#57	1
http://ex.org/variable#45 http://www.ibm.com/timex#b http://ex.org/variable#58	1
http://ex.org/variable#45 http://www.ibm.com/timex#o http://ex.org/variable#59	1
http://ex.org/variable#45 http://www.ibm.com/timex#d http://ex.org/variable#60	1
http://ex.org/variable#45 http://www.ibm.com/timex#di http://ex.org/variable#61	1
http://ex.org/variable#45 http://www.ibm.com/timex#o http://ex.org/variable#62	1
http://ex.org/variable#45 http://www.ibm.com/timex#di http://ex.org/variable#63	1
http://ex.org/variable#45 http://www.ibm.com/timex#o http://ex.org/variable#64	1
http://ex.org/variable#45 http://www.ibm.com/timex#o http://ex.org/variable#65	1
http://ex.org/variable#45 http://www.ibm.com/timex#o http://ex.org/variable#66	1
http://ex.org/variable#45 http://www.ibm.com/timex#oi http://ex.org/variable#67	1
http://ex.org/variable#45 http://www.ibm.com/timex#o http://ex.org/variable#68	1
http://ex.org/variable#45 http://www.ibm.com/timex#oi http://ex.org/variable#69	1
http://ex.org/variable#45 http://www.ibm.com/timex#di http://ex.org/variable#70	1
http://ex.org/variable#45 http://www.ibm.com/timex#eq_f http://ex.org/variable#71	1
http://ex.org/variable#45 http://www.ibm.com/timex#di http://ex.org/variable#72	1
http://ex.org/variable#45 http://www.ibm.com/timex#o http://ex.org/variable#73	1
http://ex.org/variable#45 http://www.ibm.com/timex#o http://ex.org/variable#74	1
http://ex.org/variable#45 http://www.ibm.com/timex#di http://ex.org/variable#75	1
http://ex.org/variable#45 http://www.ibm.com/timex#o http://ex.org/variable#76	1
http://ex.org/variable#45 http://www.ibm.com/timex#di http://ex.org/variable#77	1
http://ex.org/variable#45 http://www.ibm.com/timex#di http://ex.org/variable#78	1
http://ex.org/variable#45 http://www.ibm.com/timex#o http://ex.org/variable#79	1
http://ex.org/variable#45 http://www.ibm.com/timex#o http://ex.org/variable#80	1
http://ex.org/variable#45 http://www.ibm.com/timex#oi http://ex.org/variable#81	1
http://ex.org/variable#45 http://www.ibm.com/timex#o_d_s http://ex.org/variable#82	1
http://ex.org/variable#45 http://www.ibm.com/timex#o http://ex.org/variable#83	1
http://ex.org/variable#45 http://www.ibm.com/timex#o http://ex.org/variable#84	1
http://ex.org/variable#45 http://www.ibm.com/timex#di http://ex.org/variable#85	1
http://ex.org/variable#45 http://www.ibm.com/timex#oi http://ex.org/variable#86	1
http://ex.org/variable#45 http://www.ibm.com/timex#di http://ex.org/variable#87	1
http://ex.org/variable#45 http://www.ibm.com/timex#o http://ex.org/variable#88	1
http://ex.org/variable#45 http://www.ibm.com/timex#o http://ex.org/variable#89	1
http://ex.org/variable#46 http://www.ibm.com/timex#di http://ex.org/variable#0	1
http://ex.org/variable#46 http://www.ibm.com/timex#oi_d_f http://ex.org/variable#1	1
http://ex.org/variable#46 http://www.ibm.com/timex#o_s http://ex.org/variable#2	1
http://ex.org/variable#46 http://www.ibm.com/timex#d http://ex.org/variable#3	1
http://ex.org/variable#46 http://www.ibm.com/timex#di http://ex.org/variable#4	1
http://ex.org/variable#46 http://www.ibm.com/timex#d http://ex.org/variable#5	1
http://ex.org/variable#46 http://www.ibm.com/timex#oi_di_si http://ex.org/variable#6	1
http://ex.org/variable#46 http://www.ibm.com/timex#oi http://ex.org/variable#7	1
http://ex.org/variable#46 http://www.ibm.com/timex#d http://ex.org/variable#8	1
http://ex.org/variable#46 http://www.ibm.com/timex#oi http://ex.org/variable#9	1
http://ex.org/variable#46 http://www.ibm.com/timex#d http://ex.org/variable#10	1
http://ex.org/variable#46 http://www.ibm.com/timex#o_d_s http://ex.org/variable#11	1
http://ex.org/variable#46 http://www.ibm.com/timex#bi_mi_oi http://ex.org/variable#12	1
http://ex.org/variable#46 http://www.ibm.com/timex#d http://ex.org/variable#13	1
http://ex.org/variable#46 http://www.ibm.com/timex#d http://ex.org/variable#14	1
http://ex.org/variable#46 http://www.ibm.com/timex#d http://ex.org/variable#15	1
http://ex.org/variable#46 http://www.ibm.com/timex#oi http://ex.org/variable#16	1
http://ex.org/variable#46 http://www.ibm.com/timex#d http://ex.org/variable#17	1
http://ex.org/variable#46 http://www.ibm.com/timex#d http://ex.org/variable#18	1
http://ex.org/variable#46 http://www.ibm.com/timex#bi_mi http://ex.org/variable#19	1
http://ex.org/variable#46 http://www.ibm.com/timex#bi_mi_oi http://ex.org/variable#20	1
http://ex.org/variable#46 http://www.ibm.com/timex#oi_d_f http://ex.org/variable#21	1
http://ex.org/variable#46 http://www.ibm.com/timex#di http://ex.org/variable#22	1
http://ex.org/variable#46 http://www.ibm.com/timex#oi http://ex.org/variable#23	1
http://ex.org/variable#46 http://www.ibm.com/timex#o http://ex.org/variable#24	1
http://ex.org/variable#46 http://www.ibm.com/timex#oi http://ex.org/variable#25	1
http://ex.org/variable#46 http://www.ibm.com/timex#d http://ex.org/variable#26	1
http://ex.org/variable#46 http://www.ibm.com/timex#d http://ex.org/variable#27	1
http://ex.org/variable#46 http://www.ibm.com/timex#d http://ex.org/variable#28	1
http://ex.org/variable#46 http://www.ibm.com/timex#oi http://ex.org/variable#29	1
http://ex.org/variable#46 http://www.ibm.com/timex#oi http://ex.org/variable#30	1
http://ex.org/variable#46 http://www.ibm.com/timex#di http://ex.org/variable#31	1
http://ex.org/variable#46 http://www.ibm.com/timex#oi http://ex.org/variable#32	1
http://ex.org/variable#46 http://www.ibm.com/timex#o_s http://ex.org/variable#33	1
http://ex.org/variable#46 http://www.ibm.com/timex#d http://ex.org/variable#34	1
http://ex.org/variable#46 http://www.ibm.com/timex#oi http://ex.org/variable#35	1
http://ex.org/variable#46 http://www.ibm.com/timex#d http://ex.org/variable#36	1
http://ex.org/variable#46 http://www.ibm.com/timex#di http://ex.org/variable#37	1
http://ex.org/variable#46 http://www.ibm.com/timex#oi http://ex.org/variable#38	1
http://ex.org/variable#46 http://www.ibm.com/timex#oi http://ex.org/variable#39	1
http://ex.org/variable#46 http://www.ibm.com/timex#o_di_fi http://ex.org/variable#40	1
http://ex.org/variable#46 http://www.ibm.com/timex#o http://ex.org/variable#41	1
http://ex.org/variable#46 http://www.ibm.com/timex#d http://ex.org/variable#42	1
http://ex.org/variable#46 http://www.ibm.com/timex#d http://ex.org/variable#43	1
http://ex.org/variable#46 http://www.ibm.com/timex#oi http://ex.org/variable#44	1
http://ex.org/variable#46 http://www.ibm.com/timex#oi http://ex.org/variable#45	1
http://ex.org/variable#46 http://www.ibm.com/timex#oi_di_si http://ex.org/variable#47	1
http://ex.org/variable#46 http://www.ibm.com/timex#d http://ex.org/variable#48	1
http://ex.org/variable#46 http://www.ibm.com/timex#oi_d_f http://ex.org/variable#49	1
http://ex.org/variable#46 http://www.ibm.com/timex#bi_mi_oi http://ex.org/variable#50	1
http://ex.org/variable#46 http://www.ibm.com/timex#d http://ex.org/variable#51	1
http://ex.org/variable#46 http://www.ibm.com/timex#oi http://ex.org/variable#52	1
http://ex.org/variable#46 http://www.ibm.com/timex#o_d_s http://ex.org/variable#53	1
http://ex.org/variable#46 http://www.ibm.com/timex#oi_d_f http://ex.org/variable#54	1
http://ex.org/variable#46 http://www.ibm.com/timex#oi http://ex.org/variable#55	1
http://ex.org/variable#46 http://www.ibm.com/timex#oi_d_f http://ex.org/variable#56	1
http://ex.org/variable#46 http://www.ibm.com/timex#oi http://ex.org/variable#57	1
http://ex.org/variable#46 http://www.ibm.com/timex#b http://ex.org/variable#58	1
http://ex.org/variable#46 http://www.ibm.com/timex#o_di_fi http://ex.org/variable#59	1
http://ex.org/variable#46 http://www.ibm.com/timex#d http://ex.org/variable#60	1
http://ex.org/variable#46 http://www.ibm.com/timex#oi http://ex.org/variable#61	1
http://ex.org/variable#46 http://www.ibm.com/timex#d http://ex.org/variable#62	1
http://ex.org/variable#46 http://www.ibm.com/timex#bi_mi_oi http://ex.org/variable#63	1
http://ex.org/variable#46 http://www.ibm.com/timex#d http://ex.org/variable#64	1
http://ex.org/variable#46 http://www.ibm.com/timex#d http://ex.org/variable#65	1
http://ex.org/variable#46 http://www.ibm.com/timex#d http://ex.org/variable#66	1
http://ex.org/variable#46 http://www.ibm.com/timex#oi http://ex.org/variable#67	1
http://ex.org/variable#46 http://www.ibm.com/timex#o_d_s http://ex.org/variable#68	1
http://ex.org/variable#46 http://www.ibm.com/timex#oi http://ex.org/variable#69	1
http://ex.org/variable#46 http://www.ibm.com/timex#oi http://ex.org/variable#70	1
http://ex.org/variable#46 http://www.ibm.com/timex#oi http://ex.org/variable#71	1
http://ex.org/variable#46 http://www.ibm.com/timex#oi http://ex.org/variable#72	1
http://ex.org/variable#46 http://www.ibm.com/timex#oi_d_f http://ex.org/variable#73	1
http://ex.org/variable#46 http://www.ibm.com/timex#d http://ex.org/variable#74	1
http://ex.org/variable#46 http://www.ibm.com/timex#oi http://ex.org/variable#75	1
http://ex.org/variable#46 http://www.ibm.com/timex#o http://ex.org/variable#76	1
http://ex.org/variable#46 http://www.ibm.com/timex#bi_mi_oi http://ex.org/variable#77	1
http://ex.org/variable#46 http://www.ibm.com/timex#oi http://ex.org/variable#78	1
http://ex.org/variable#46 http://www.ibm.com/timex#oi_d_f http://ex.org/variable#79	1
http://ex.org/variable#46 http://www.ibm.com/timex#o http://ex.org/variable#80	1
http://ex.org/variable#46 http://www.ibm.com/timex#oi http://ex.org/variable#81	1
http://ex.org/variable#46 http://www.ibm.com/timex#oi_d_f http://ex.org/variable#82	1
http://ex.org/variable#46 http://www.ibm.com/timex#d http://ex.org/variable#83	1
http://ex.org/variable#46 http://www.ibm.com/timex#o_d_s http://ex.org/variable#84	1
http://ex.org/variable#46 http://www.ibm.com/timex#oi http://ex.org/variable#85	1
http://ex.org/variable#46 http://www.ibm.com/timex#oi http://ex.org/variable#86	1
http://ex.org/variable#46 http://www.ibm.com/timex#oi http://ex.org/variable#87	1
http://ex.org/variable#46 http://www.ibm.com/timex#o_d_s http://ex.org/variable#88	1
http://ex.org/variable#46 http://www.ibm.com/timex#o http://ex.org/variable#89	1
http://ex.org/variable#47 http://www.ibm.com/timex#di http://ex.org/variable#0	1
http://ex.org/variable#47 http://www.ibm.com/timex#d http://ex.org/variable#1	1
http://ex.org/variable#47 http://www.ibm.com/timex#o_d_s http://ex.org/variable#2	1
http://ex.org/variable#47 http://www.ibm.com/timex#d http://ex.org/variable#3	1
http://ex.org/variable#47 http://www.ibm.com/timex#eq_o_di_s_si_fi http://ex.org/variable#4	1
http://ex.org/variable#47 http://www.ibm.com/timex#d http://ex.org/variable#5	1
http://ex.org/variable#47 http://www.ibm.com/timex#oi_si http://ex.org/variable#6	1
http://ex.org/variable#47 http://www.ibm.com/timex#oi http://ex.org/variable#7	1
http://ex.org/variable#47 http://www.ibm.com/timex#d http://ex.org/variable#8	1
http://ex.org/variable#47 http://www.ibm.com/timex#d http://ex.org/variable#9	1
http://ex.org/variable#47 http://www.ibm.com/timex#d http://ex.org/variable#10	1
http://ex.org/variable#47 http://www.ibm.com/timex#d_s http://ex.org/variable#11	1
http://ex.org/variable#47 http://www.ibm.com/timex#bi http://ex.org/variable#12	1
http://ex.org/variable#47 http://www.ibm.com/timex#d http://ex.org/variable#13	1
http://ex.org/variable#47 http://www.ibm.com/timex#d http://ex.org/variable#14	1
http://ex.org/variable#47 http://www.ibm.com/timex#d http://ex.org/variable#15	1
http://ex.org/variable#47 http://www.ibm.com/timex#oi http://ex.org/variable#16	1
http://ex.org/variable#47 http://www.ibm.com/timex#d http://ex.org/variable#17	1
http://ex.org/variable#47 http://www.ibm.com/timex#d http://ex.org/variable#18	1
http://ex.org/variable#47 http://www.ibm.com/timex#bi_mi_oi http://ex.org/variable#19	1
http://ex.org/variable#47 http://www.ibm.com/timex#bi http://ex.org/variable#20	1
http://ex.org/variable#47 http://www.ibm.com/timex#d http://ex.org/variable#21	1
http://ex.org/variable#47 http://www.ibm.com/timex#di http://ex.org/variable#22	1
http://ex.org/variable#47 http://www.ibm.com/timex#bi_mi_oi http://ex.org/variable#23	1
http://ex.org/variable#47 http://www.ibm.com/timex#o http://ex.org/variable#24	1
http://ex.org/variable#47 http://www.ibm.com/timex#mi_oi http://ex.org/variable#25	1
http://ex.org/variable#47 http://www.ibm.com/timex#d http://ex.org/variable#26	1
http://ex.org/variable#47 http://www.ibm.com/timex#d http://ex.org/variable#27	1
http://ex.org/variable#47 http://www.ibm.com/timex#d http://ex.org/variable#28	1
http://ex.org/variable#47 http://www.ibm.com/timex#oi http://ex.org/variable#29	1
http://ex.org/variable#47 http://www.ibm.com/timex#oi http://ex.org/variable#30	1
http://ex.org/variable#47 http://www.ibm.com/timex#di http://ex.org/variable#31	1
http://ex.org/variable#47 http://www.ibm.com/timex#d http://ex.org/variable#32	1
http://ex.org/variable#47 http://www.ibm.com/timex#o_d_s http://ex.org/variable#33	1
http://ex.org/variable#47 http://www.ibm.com/timex#d http://ex.org/variable#34	1
http://ex.org/variable#47 http://www.ibm.com/timex#oi http://ex.org/variable#35	1
http://ex.org/variable#47 http://www.ibm.com/timex#d http://ex.org/variable#36	1
http://ex.org/variable#47 http://www.ibm.com/timex#di_si http://ex.org/variable#37	1
http://ex.org/variable#47 http://www.ibm.com/timex#oi http://ex.org/variable#38	1
http://ex.org/variable#47 http://www.ibm.com/timex#oi http://ex.org/variable#39	1
http://ex.org/variable#47 http://www.ibm.com/timex#o http://ex.org/variable#40	1
http://ex.org/variable#47 http://www.ibm.com/timex#o http://ex.org/variable#41	1
http://ex.org/variable#47 http://www.ibm.com/timex#d http://ex.org/variable#42	1
http://ex.org/variable#47 http://www.ibm.com/timex#d http://ex.org/variable#43	1
http://ex.org/variable#47 http://www.ibm.com/timex#oi http://ex.org/variable#44	1
http://ex.org/variable#47 http://www.ibm.com/timex#d http://ex.org/variable#45	1
http://ex.org/variable#47 http://www.ibm.com/timex#o_d_s http://ex.org/variable#46	1
http://ex.org/variable#47 http://www.ibm.com/timex#d http://ex.org/variable#48	1
http://ex.org/variable#47 http://www.ibm.com/timex#d http://ex.org/variable#49	1
http://ex.org/variable#47 http://www.ibm.com/timex#mi http://ex.org/variable#50	1
http://ex.org/variable#47 http://www.ibm.com/timex#d http://ex.org/variable#51	1
http://ex.org/variable#47 http://www.ibm.com/timex#oi http://ex.org/variable#52	1
http://ex.org/variable#47 http://www.ibm.com/timex#o_d_s http://ex.org/variable#53	1
http://ex.org/variable#47 http://www.ibm.com/timex#d http://ex.org/variable#54	1
http://ex.org/variable#47 http://www.ibm.com/timex#d http://ex.org/variable#55	1
http://ex.org/variable#47 http://www.ibm.com/timex#oi_d_f http://ex.org/variable#56	1
http://ex.org/variable#47 http://www.ibm.com/timex#oi http://ex.org/variable#57	1
http://ex.org/variable#47 http://www.ibm.com/timex#b http://ex.org/variable#58	1
http://ex.org/variable#47 http://www.ibm.com/timex#o http://ex.org/variable#59	1
http://ex.org/variable#47 http://www.ibm.com/timex#d http://ex.org/variable#60	1
http://ex.org/variable#47 http://www.ibm.com/timex#oi http://ex.org/variable#61	1
http://ex.org/variable#47 http://www.ibm.com/timex#d http://ex.org/variable#62	1
http://ex.org/variable#47 http://www.ibm.com/timex#bi_mi_oi http://ex.org/variable#63	1
http://ex.org/variable#47 http://www.ibm.com/timex#d http://ex.org/variable#64	1
http://ex.org/variable#47 http://www.ibm.com/timex#d http://ex.org/variable#65	1
http://ex.org/variable#47 http://www.ibm.com/timex#d http://ex.org/variable#66	1
http://ex.org/variable#47 http://www.ibm.com/timex#oi http://ex.org/variable#67	1
http://ex.org/variable#47 http://www.ibm.com/timex#o_d_s http://ex.org/variable#68	1
http://ex.org/variable#47 http://www.ibm.com/timex#mi_oi http://ex.org/variable#69	1
http://ex.org/variable#47 http://www.ibm.com/timex#d http://ex.org/variable#70	1
http://ex.org/variable#47 http://www.ibm.com/timex#d http://ex.org/variable#71	1
http://ex.org/variable#47 http://www.ibm.com/timex#oi http://ex.org/variable#72	1
http://ex.org/variable#47 http://www.ibm.com/timex#d http://ex.org/variable#73	1
http://ex.org/variable#47 http://www.ibm.com/timex#d http://ex.org/variable#74	1
http://ex.org/variable#47 http://www.ibm.com/timex#oi http://ex.org/variable#75	1
http://ex.org/variable#47 http://www.ibm.com/timex#o http://ex.org/variable#76	1
http://ex.org/variable#47 http://www.ibm.com/timex#mi_oi http://ex.org/variable#77	1
http://ex.org/variable#47 http://www.ibm.com/timex#oi http://ex.org/variable#78	1
http://ex.org/variable#47 http://www.ibm.com/timex#d http://ex.org/variable#79	1
http://ex.org/variable#47 http://www.ibm.com/timex#o http://ex.org/variable#80	1
http://ex.org/variable#47 http://www.ibm.com/timex#oi http://ex.org/variable#81	1
http://ex.org/variable#47 http://www.ibm.com/timex#d http://ex.org/variable#82	1
http://ex.org/variable#47 http://www.ibm.com/timex#d http://ex.org/variable#83	1
http://ex.org/variable#47 http://www.ibm.com/timex#o_d http://ex.org/variable#84	1
http://ex.org/variable#47 http://www.ibm.com/timex#oi http://ex.org/variable#85	1
http://ex.org/variable#47 http://www.ibm.com/timex#oi http://ex.org/variable#86	1
http://ex.org/variable#47 http://www.ibm.com/timex#oi http://ex.org/variable#87	1
http://ex.org/variable#47 http://www.ibm.com/timex#o_d_s http://ex.org/variable#88	1
http://ex.org/variable#47 http://www.ibm.com/timex#o_d_s http://ex.org/variable#89	1
http://ex.org/variable#48 http://www.ibm.com/timex#di http://ex.org/variable#0	1
http://ex.org/variable#48 http://www.ibm.com/timex#di http://ex.org/variable#1	1
http://ex.org/variable#48 http://www.ibm.com/timex#o http://ex.org/variable#2	1
http://ex.org/variable#48 http://www.ibm.com/timex#d http://ex.org/variable#3	1
http://ex.org/variable#48 http://www.ibm.com/timex#di http://ex.org/variable#4	1
http://ex.org/variable#48 http://www.ibm.com/timex#d http://ex.org/variable#5	1
http://ex.org/variable#48 http://www.ibm.com/timex#di http://ex.org/variable#6	1
http://ex.org/variable#48 http://www.ibm.com/timex#oi_di_si http://ex.org/variable#7	1
http://ex.org/variable#48 http://www.ibm.com/timex#d http://ex.org/variable#8	1
http://ex.org/variable#48 http://www.ibm.com/timex#oi http://ex.org/variable#9	1
http://ex.org/variable#48 http://www.ibm.com/timex#oi http://ex.org/variable#10	1
http://ex.org/variable#48 http://www.ibm.com/timex#o http://ex.org/variable#11	1
http://ex.org/variable#48 http://www.ibm.com/timex#oi http://ex.org/variable#12	1
http://ex.org/variable#48 http://www.ibm.com/timex#d http://ex.org/variable#13	1
http://ex.org/variable#48 http://www.ibm.com/timex#o http://ex.org/variable#14	1
http://ex.org/variable#48 http://www.ibm.com/timex#o_fi http://ex.org/variable#15	1
http://ex.org/variable#48 http://www.ibm.com/timex#oi http://ex.org/variable#16	1
http://ex.org/variable#48 http://www.ibm.com/timex#o_s http://ex.org/variable#17	1
http://ex.org/variable#48 http://www.ibm.com/timex#d http://ex.org/variable#18	1
http://ex.org/variable#48 http://www.ibm.com/timex#oi http://ex.org/variable#19	1
http://ex.org/variable#48 http://www.ibm.com/timex#oi http://ex.org/variable#20	1
http://ex.org/variable#48 http://www.ibm.com/timex#oi_d_f http://ex.org/variable#21	1
http://ex.org/variable#48 http://www.ibm.com/timex#di http://ex.org/variable#22	1
http://ex.org/variable#48 http://www.ibm.com/timex#oi http://ex.org/variable#23	1
http://ex.org/variable#48 http://www.ibm.com/timex#di http://ex.org/variable#24	1
http://ex.org/variable#48 http://www.ibm.com/timex#oi http://ex.org/variable#25	1
http://ex.org/variable#48 http://www.ibm.com/timex#d http://ex.org/variable#26	1
http://ex.org/variable#48 http://www.ibm.com/timex#d http://ex.org/variable#27	1
http://ex.org/variable#48 http://www.ibm.com/timex#d http://ex.org/variable#28	1
http://ex.org/variable#48 http://www.ibm.com/timex#oi_di_si http://ex.org/variable#29	1
http://ex.org/variable#48 http://www.ibm.com/timex#oi http://ex.org/variable#30	1
http://ex.org/variable#48 http://www.ibm.com/timex#di http://ex.org/variable#31	1
http://ex.org/variable#48 http://www.ibm.com/timex#oi http://ex.org/variable#32	1
http://ex.org/variable#48 http://www.ibm.com/timex#o_fi http://ex.org/variable#33	1
http://ex.org/variable#48 http://www.ibm.com/timex#o http://ex.org/variable#34	1
http://ex.org/variable#48 http://www.ibm.com/timex#oi http://ex.org/variable#35	1
http://ex.org/variable#48 http://www.ibm.com/timex#o_d_s http://ex.org/variable#36	1
http://ex.org/variable#48 http://www.ibm.com/timex#di http://ex.org/variable#37	1
http://ex.org/variable#48 http://www.ibm.com/timex#oi http://ex.org/variable#38	1
http://ex.org/variable#48 http://www.ibm.com/timex#oi http://ex.org/variable#39	1
http://ex.org/variable#48 http://www.ibm.com/timex#di http://ex.org/variable#40	1
http://ex.org/variable#48 http://www.ibm.com/timex#o http://ex.org/variable#41	1
http://ex.org/variable#48 http://www.ibm.com/timex#d http://ex.org/variable#42	1
http://ex.org/variable#48 http://www.ibm.com/timex#d http://ex.org/variable#43	1
http://ex.org/variable#48 http://www.ibm.com/timex#di_si http://ex.org/variable#44	1
http://ex.org/variable#48 http://www.ibm.com/timex#oi http://ex.org/variable#45	1
http://ex.org/variable#48 http://www.ibm.com/timex#di http://ex.org/variable#46	1
http://ex.org/variable#48 http://www.ibm.com/timex#di http://ex.org/variable#47	1
http://ex.org/variable#48 http://www.ibm.com/timex#oi http://ex.org/variable#49	1
http://ex.org/variable#48 http://www.ibm.com/timex#di_si http://ex.org/variable#50	1
http://ex.org/variable#48 http://www.ibm.com/timex#d http://ex.org/variable#51	1
http://ex.org/variable#48 http://www.ibm.com/timex#oi http://ex.org/variable#52	1
http://ex.org/variable#48 http://www.ibm.com/timex#o http://ex.org/variable#53	1
http://ex.org/variable#48 http://www.ibm.com/timex#oi_d_f http://ex.org/variable#54	1
http://ex.org/variable#48 http://www.ibm.com/timex#oi http://ex.org/variable#55	1
http://ex.org/variable#48 http://www.ibm.com/timex#oi_si http://ex.org/variable#56	1
http://ex.org/variable#48 http://www.ibm.com/timex#oi http://ex.org/variable#57	1
http://ex.org/variable#48 http://www.ibm.com/timex#b http://ex.org/variable#58	1
http://ex.org/variable#48 http://www.ibm.com/timex#di http://ex.org/variable#59	1
http://ex.org/variable#48 http://www.ibm.com/timex#d http://ex.org/variable#60	1
http://ex.org/variable#48 http://www.ibm.com/timex#oi http://ex.org/variable#61	1
http://ex.org/variable#48 http://www.ibm.com/timex#o http://ex.org/variable#62	1
http://ex.org/variable#48 http://www.ibm.com/timex#di http://ex.org/variable#63	1
http://ex.org/variable#48 http://www.ibm.com/timex#o http://ex.org/variable#64	1
http://ex.org/variable#48 http://www.ibm.com/timex#o_s http://ex.org/variable#65	1
http://ex.org/variable#48 http://www.ibm.com/timex#d http://ex.org/variable#66	1
http://ex.org/variable#48 http://www.ibm.com/timex#oi http://ex.org/variable#67	1
http://ex.org/variable#48 http://www.ibm.com/timex#o http://ex.org/variable#68	1
http://ex.org/variable#48 http://www.ibm.com/timex#oi http://ex.org/variable#69	1
http://ex.org/variable#48 http://www.ibm.com/timex#oi http://ex.org/variable#70	1
http://ex.org/variable#48 http://www.ibm.com/timex#oi http://ex.org/variable#71	1
http://ex.org/variable#48 http://www.ibm.com/timex#oi http://ex.org/variable#72	1
http://ex.org/variable#48 http://www.ibm.com/timex#oi http://ex.org/variable#73	1
http://ex.org/variable#48 http://www.ibm.com/timex#d http://ex.org/variable#74	1
http://ex.org/variable#48 http://www.ibm.com/timex#di http://ex.org/variable#75	1
http://ex.org/variable#48 http://www.ibm.com/timex#o http://ex.org/variable#76	1
http://ex.org/variable#48 http://www.ibm.com/timex#di http://ex.org/variable#77	1
http://ex.org/variable#48 http://www.ibm.com/timex#oi http://ex.org/variable#78	1
http://ex.org/variable#48 http://www.ibm.com/timex#oi http://ex.org/variable#79	1
http://ex.org/variable#48 http://www.ibm.com/timex#o http://ex.org/variable#80	1
http://ex.org/variable#48 http://www.ibm.com/timex#oi http://ex.org/variable#81	1
http://ex.org/variable#48 http://www.ibm.com/timex#oi http://ex.org/variable#82	1
http://ex.org/variable#48 http://www.ibm.com/timex#o http://ex.org/variable#83	1
http://ex.org/variable#48 http://www.ibm.com/timex#o http://ex.org/variable#84	1
http://ex.org/variable#48 http://www.ibm.com/timex#oi http://ex.org/variable#85	1
http://ex.org/variable#48 http://www.ibm.com/timex#oi http://ex.org/variable#86	1
http://ex.org/variable#48 http://www.ibm.com/timex#oi http://ex.org/variable#87	1
http://ex.org/variable#48 http://www.ibm.com/timex#o_d_s http://ex.org/variable#88	1
http://ex.org/variable#48 http://www.ibm.com/timex#o http://ex.org/variable#89	1
http://ex.org/variable#49 http://www.ibm.com/timex#di http://ex.org/variable#0	1
http://ex.org/variable#49 http://www.ibm.com/timex#fi http://ex.org/variable#1	1
http://ex.org/variable#49 http://www.ibm.com/timex#o http://ex.org/variable#2	1
http://ex.org/variable#49 http://www.ibm.com/timex#o http://ex.org/variable#3	1
http://ex.org/variable#49 http://www.ibm.com/timex#o_di http://ex.org/variable#4	1
http://ex.org/variable#49 http://www.ibm.com/timex#o http://ex.org/variable#5	1
http://ex.org/variable#49 http://www.ibm.com/timex#di http://ex.org/variable#6	1
http://ex.org/variable#49 http://www.ibm.com/timex#di http://ex.org/variable#7	1
http://ex.org/variable#49 http://www.ibm.com/timex#o_d_s http://ex.org/variable#8	1
http://ex.org/variable#49 http://www.ibm.com/timex#oi_di_si http://ex.org/variable#9	1
http://ex.org/variable#49 http://www.ibm.com/timex#o_d_s http://ex.org/variable#10	1
http://ex.org/variable#49 http://www.ibm.com/timex#o http://ex.org/variable#11	1
http://ex.org/variable#49 http://www.ibm.com/timex#di http://ex.org/variable#12	1
http://ex.org/variable#49 http://www.ibm.com/timex#d http://ex.org/variable#13	1
http://ex.org/variable#49 http://www.ibm.com/timex#o http://ex.org/variable#14	1
http://ex.org/variable#49 http://www.ibm.com/timex#o http://ex.org/variable#15	1
http://ex.org/variable#49 http://www.ibm.com/timex#di http://ex.org/variable#16	1
http://ex.org/variable#49 http://www.ibm.com/timex#o http://ex.org/variable#17	1
http://ex.org/variable#49 http://www.ibm.com/timex#d http://ex.org/variable#18	1
http://ex.org/variable#49 http://www.ibm.com/timex#di http://ex.org/variable#19	1
http://ex.org/variable#49 http://www.ibm.com/timex#di http://ex.org/variable#20	1
http://ex.org/variable#49 http://www.ibm.com/timex#o_di_fi http://ex.org/variable#21	1
http://ex.org/variable#49 http://www.ibm.com/timex#di http://ex.org/variable#22	1
http://ex.org/variable#49 http://www.ibm.com/timex#di http://ex.org/variable#23	1
http://ex.org/variable#49 http://www.ibm.com/timex#o http://ex.org/variable#24	1
http://ex.org/variable#49 http://www.ibm.com/timex#di http://ex.org/variable#25	1
http://ex.org/variable#49 http://www.ibm.com/timex#o http://ex.org/variable#26	1
http://ex.org/variable#49 http://www.ibm.com/timex#o http://ex.org/variable#27	1
http://ex.org/variable#49 http://www.ibm.com/timex#d http://ex.org/variable#28	1
http://ex.org/variable#49 http://www.ibm.com/timex#di http://ex.org/variable#29	1
http://ex.org/variable#49 http://www.ibm.com/timex#di http://ex.org/variable#30	1
http://ex.org/variable#49 http://www.ibm.com/timex#di http://ex.org/variable#31	1
http://ex.org/variable#49 http://www.ibm.com/timex#oi http://ex.org/variable#32	1
http://ex.org/variable#49 http://www.ibm.com/timex#o http://ex.org/variable#33	1
http://ex.org/variable#49 http://www.ibm.com/timex#o http://ex.org/variable#34	1
http://ex.org/variable#49 http://www.ibm.com/timex#di http://ex.org/variable#35	1
http://ex.org/variable#49 http://www.ibm.com/timex#o http://ex.org/variable#36	1
http://ex.org/variable#49 http://www.ibm.com/timex#di http://ex.org/variable#37	1
http://ex.org/variable#49 http://www.ibm.com/timex#di http://ex.org/variable#38	1
http://ex.org/variable#49 http://www.ibm.com/timex#di http://ex.org/variable#39	1
http://ex.org/variable#49 http://www.ibm.com/timex#fi http://ex.org/variable#40	1
http://ex.org/variable#49 http://www.ibm.com/timex#o http://ex.org/variable#41	1
http://ex.org/variable#49 http://www.ibm.com/timex#o_d_s http://ex.org/variable#42	1
http://ex.org/variable#49 http://www.ibm.com/timex#o http://ex.org/variable#43	1
http://ex.org/variable#49 http://www.ibm.com/timex#di http://ex.org/variable#44	1
http://ex.org/variable#49 http://www.ibm.com/timex#di http://ex.org/variable#45	1
http://ex.org/variable#49 http://www.ibm.com/timex#o_di_fi http://ex.org/variable#46	1
http://ex.org/variable#49 http://www.ibm.com/timex#di http://ex.org/variable#47	1
http://ex.org/variable#49 http://www.ibm.com/timex#o http://ex.org/variable#48	1
http://ex.org/variable#49 http://www.ibm.com/timex#di http://ex.org/variable#50	1
http://ex.org/variable#49 http://www.ibm.com/timex#o http://ex.org/variable#51	1
http://ex.org/variable#49 http://www.ibm.com/timex#di http://ex.org/variable#52	1
http://ex.org/variable#49 http://www.ibm.com/timex#o http://ex.org/variable#53	1
http://ex.org/variable#49 http://www.ibm.com/timex#o_di http://ex.org/variable#54	1
http://ex.org/variable#49 http://www.ibm.com/timex#di http://ex.org/variable#55	1
http://ex.org/variable#49 http://www.ibm.com/timex#o_di_fi http://ex.org/variable#56	1
http://ex.org/variable#49 http://www.ibm.com/timex#di http://ex.org/variable#57	1
http://ex.org/variable#49 http://www.ibm.com/timex#b http://ex.org/variable#58	1
http://ex.org/variable#49 http://www.ibm.com/timex#di_fi http://ex.org/variable#59	1
http://ex.org/variable#49 http://www.ibm.com/timex#d http://ex.org/variable#60	1
http://ex.org/variable#49 http://www.ibm.com/timex#di http://ex.org/variable#61	1
http://ex.org/variable#49 http://www.ibm.com/timex#o http://ex.org/variable#62	1
http://ex.org/variable#49 http://www.ibm.com/timex#di http://ex.org/variable#63	1
http://ex.org/variable#49 http://www.ibm.com/timex#o http://ex.org/variable#64	1
http://ex.org/variable#49 http://www.ibm.com/timex#o http://ex.org/variable#65	1
http://ex.org/variable#49 http://www.ibm.com/timex#o http://ex.org/variable#66	1
http://ex.org/variable#49 http://www.ibm.com/timex#oi http://ex.org/variable#67	1
http://ex.org/variable#49 http://www.ibm.com/timex#o http://ex.org/variable#68	1
http://ex.org/variable#49 http://www.ibm.com/timex#oi_di_si http://ex.org/variable#69	1
http://ex.org/variable#49 http://www.ibm.com/timex#di http://ex.org/variable#70	1
http://ex.org/variable#49 http://www.ibm.com/timex#di_si http://ex.org/variable#71	1
http://ex.org/variable#49 http://www.ibm.com/timex#di http://ex.org/variable#72	1
http://ex.org/variable#49 http://www.ibm.com/timex#fi http://ex.org/variable#73	1
http://ex.org/variable#49 http://www.ibm.com/timex#o http://ex.org/variable#74	1
http://ex.org/variable#49 http://www.ibm.com/timex#di http://ex.org/variable#75	1
http://ex.org/variable#49 http://www.ibm.com/timex#o http://ex.org/variable#76	1
http://ex.org/variable#49 http://www.ibm.com/timex#di http://ex.org/variable#77	1
http://ex.org/variable#49 http://www.ibm.com/timex#di http://ex.org/variable#78	1
http://ex.org/variable#49 http://www.ibm.com/timex#fi http://ex.org/variable#79	1
http://ex.org/variable#49 http://www.ibm.com/timex#o http://ex.org/variable#80	1
http://ex.org/variable#49 http://www.ibm.com/timex#oi_di http://ex.org/variable#81	1
http://ex.org/variable#49 http://www.ibm.com/timex#eq_oi_di_si_f_fi http://ex.org/variable#82	1
http://ex.org/variable#49 http://www.ibm.com/timex#o http://ex.org/variable#83	1
http://ex.org/variable#49 http://www.ibm.com/timex#o http://ex.org/variable#84	1
http://ex.org/variable#49 http://www.ibm.com/timex#di http://ex.org/variable#85	1
http://ex.org/variable#49 http://www.ibm.com/timex#oi http://ex.org/variable#86	1
http://ex.org/variable#49 http://www.ibm.com/timex#di http://ex.org/variable#87	1
http://ex.org/variable#49 http://www.ibm.com/timex#o http://ex.org/variable#88	1
http://ex.org/variable#49 http://www.ibm.com/timex#o http://ex.org/variable#89	1
http://ex.org/variable#50 http://www.ibm.com/timex#b http://ex.org/variable#0	1
http://ex.org/variable#50 http://www.ibm.com/timex#o http://ex.org/variable#1	1
http://ex.org/variable#50 http://www.ibm.com/timex#b_m_o http://ex.org/variable#2	1
http://ex.org/variable#50 http://www.ibm.com/timex#d http://ex.org/variable#3	1
http://ex.org/variable#50 http://www.ibm.com/timex#b_m http://ex.org/variable#4	1
http://ex.org/variable#50 http://www.ibm.com/timex#d http://ex.org/variable#5	1
http://ex.org/variable#50 http://www.ibm.com/timex#m_o http://ex.org/variable#6	1
http://ex.org/variable#50 http://www.ibm.com/timex#o_d_s http://ex.org/variable#7	1
http://ex.org/variable#50 http://www.ibm.com/timex#d http://ex.org/variable#8	1
http://ex.org/variable#50 http://www.ibm.com/timex#d http://ex.org/variable#9	1
http://ex.org/variable#50 http://www.ibm.com/timex#d http://ex.org/variable#10	1
http://ex.org/variable#50 http://www.ibm.com/timex#m_o http://ex.org/variable#11	1
http://ex.org/variable#50 http://www.ibm.com/timex#bi_oi http://ex.org/variable#12	1
http://ex.org/variable#50 http://www.ibm.com/timex#d http://ex.org/variable#13	1
http://ex.org/variable#50 http://www.ibm.com/timex#o http://ex.org/variable#14	1
http://ex.org/variable#50 http://www.ibm.com/timex#o_d_s http://ex.org/variable#15	1
http://ex.org/variable#50 http://www.ibm.com/timex#d http://ex.org/variable#16	1
http://ex.org/variable#50 http://www.ibm.com/timex#d_s http://ex.org/variable#17	1
http://ex.org/variable#50 http://www.ibm.com/timex#d http://ex.org/variable#18	1
http://ex.org/variable#50 http://www.ibm.com/timex#oi_d_f http://ex.org/variable#19	1
http://ex.org/variable#50 http://www.ibm.com/timex#oi http://ex.org/variable#20	1
http://ex.org/variable#50 http://www.ibm.com/timex#d http://ex.org/variable#21	1
http://ex.org/variable#50 http://www.ibm.com/timex#b http://ex.org/variable#22	1
http://ex.org/variable#50 http://www.ibm.com/timex#oi_d_f http://ex.org/variable#23	1
http://ex.org/variable#50 http://www.ibm.com/timex#b http://ex.org/variable#24	1
http://ex.org/variable#50 http://www.ibm.com/timex#d_f http://ex.org/variable#25	1
http://ex.org/variable#50 http://www.ibm.com/timex#d http://ex.org/variable#26	1
http://ex.org/variable#50 http://www.ibm.com/timex#d http://ex.org/variable#27	1
http://ex.org/variable#50 http://www.ibm.com/timex#d http://ex.org/variable#28	1
http://ex.org/variable#50 http://www.ibm.com/timex#d http://ex.org/variable#29	1
http://ex.org/variable#50 http://www.ibm.com/timex#d http://ex.org/variable#30	1
http://ex.org/variable#50 http://www.ibm.com/timex#b http://ex.org/variable#31	1
http://ex.org/variable#50 http://www.ibm.com/timex#d http://ex.org/variable#32	1
http://ex.org/variable#50 http://www.ibm.com/timex#b_m_o http://ex.org/variable#33	1
http://ex.org/variable#50 http://www.ibm.com/timex#o_s http://ex.org/variable#34	1
http://ex.org/variable#50 http://www.ibm.com/timex#d http://ex.org/variable#35	1
http://ex.org/variable#50 http://www.ibm.com/timex#o_d_s http://ex.org/variable#36	1
http://ex.org/variable#50 http://www.ibm.com/timex#b_m http://ex.org/variable#37	1
http://ex.org/variable#50 http://www.ibm.com/timex#d http://ex.org/variable#38	1
http://ex.org/variable#50 http://www.ibm.com/timex#d http://ex.org/variable#39	1
http://ex.org/variable#50 http://www.ibm.com/timex#b http://ex.org/variable#40	1
http://ex.org/variable#50 http://www.ibm.com/timex#b http://ex.org/variable#41	1
http://ex.org/variable#50 http://www.ibm.com/timex#d http://ex.org/variable#42	1
http://ex.org/variable#50 http://www.ibm.com/timex#d http://ex.org/variable#43	1
http://ex.org/variable#50 http://www.ibm.com/timex#o_d_s http://ex.org/variable#44	1
http://ex.org/variable#50 http://www.ibm.com/timex#d http://ex.org/variable#45	1
http://ex.org/variable#50 http://www.ibm.com/timex#b_m_o http://ex.org/variable#46	1
http://ex.org/variable#50 http://www.ibm.com/timex#m http://ex.org/variable#47	1
http://ex.org/variable#50 http://www.ibm.com/timex#d_s http://ex.org/variable#48	1
http://ex.org/variable#50 http://www.ibm.com/timex#d http://ex.org/variable#49	1
http://ex.org/variable#50 http://www.ibm.com/timex#d http://ex.org/variable#51	1
http://ex.org/variable#50 http://www.ibm.com/timex#d http://ex.org/variable#52	1
http://ex.org/variable#50 http://www.ibm.com/timex#b_m_o http://ex.org/variable#53	1
http://ex.org/variable#50 http://www.ibm.com/timex#d http://ex.org/variable#54	1
http://ex.org/variable#50 http://www.ibm.com/timex#d http://ex.org/variable#55	1
http://ex.org/variable#50 http://www.ibm.com/timex#d_s http://ex.org/variable#56	1
http://ex.org/variable#50 http://www.ibm.com/timex#d http://ex.org/variable#57	1
http://ex.org/variable#50 http://www.ibm.com/timex#b http://ex.org/variable#58	1
http://ex.org/variable#50 http://www.ibm.com/timex#b http://ex.org/variable#59	1
http://ex.org/variable#50 http://www.ibm.com/timex#d http://ex.org/variable#60	1
http://ex.org/variable#50 http://www.ibm.com/timex#d http://ex.org/variable#61	1
http://ex.org/variable#50 http://www.ibm.com/timex#o_d_s http://ex.org/variable#62	1
http://ex.org/variable#50 http://www.ibm.com/timex#o_di_fi http://ex.org/variable#63	1
http://ex.org/variable#50 http://www.ibm.com/timex#o_d_s http://ex.org/variable#64	1
http://ex.org/variable#50 http://www.ibm.com/timex#o_d_s http://ex.org/variable#65	1
http://ex.org/variable#50 http://www.ibm.com/timex#d http://ex.org/variable#66	1
http://ex.org/variable#50 http://www.ibm.com/timex#d http://ex.org/variable#67	1
http://ex.org/variable#50 http://www.ibm.com/timex#b_m_o http://ex.org/variable#68	1
http://ex.org/variable#50 http://www.ibm.com/timex#d_f http://ex.org/variable#69	1
http://ex.org/variable#50 http://www.ibm.com/timex#d http://ex.org/variable#70	1
http://ex.org/variable#50 http://www.ibm.com/timex#d http://ex.org/variable#71	1
http://ex.org/variable#50 http://www.ibm.com/timex#d http://ex.org/variable#72	1
http://ex.org/variable#50 http://www.ibm.com/timex#d http://ex.org/variable#73	1
http://ex.org/variable#50 http://www.ibm.com/timex#d http://ex.org/variable#74	1
http://ex.org/variable#50 http://www.ibm.com/timex#o_d http://ex.org/variable#75	1
http://ex.org/variable#50 http://www.ibm.com/timex#b http://ex.org/variable#76	1
http://ex.org/variable#50 http://www.ibm.com/timex#o_fi http://ex.org/variable#77	1
http://ex.org/variable#50 http://www.ibm.com/timex#d http://ex.org/variable#78	1
http://ex.org/variable#50 http://www.ibm.com/timex#d http://ex.org/variable#79	1
http://ex.org/variable#50 http://www.ibm.com/timex#b http://ex.org/variable#80	1
http://ex.org/variable#50 http://www.ibm.com/timex#d http://ex.org/variable#81	1
http://ex.org/variable#50 http://www.ibm.com/timex#d http://ex.org/variable#82	1
http://ex.org/variable#50 http://www.ibm.com/timex#o_d_s http://ex.org/variable#83	1
http://ex.org/variable#50 http://www.ibm.com/timex#b_o_d_s http://ex.org/variable#84	1
http://ex.org/variable#50 http://www.ibm.com/timex#d http://ex.org/variable#85	1
http://ex.org/variable#50 http://www.ibm.com/timex#d http://ex.org/variable#86	1
http://ex.org/variable#50 http://www.ibm.com/timex#d http://ex.org/variable#87	1
http://ex.org/variable#50 http://www.ibm.com/timex#b_m_o_d_s http://ex.org/variable#88	1
http://ex.org/variable#50 http://www.ibm.com/timex#b_m_o http://ex.org/variable#89	1
http://ex.org/variable#51 http://www.ibm.com/timex#di http://ex.org/variable#0	1
http://ex.org/variable#51 http://www.ibm.com/timex#di http://ex.org/variable#1	1
http://ex.org/variable#51 http://www.ibm.com/timex#o http://ex.org/variable#2	1
http://ex.org/variable#51 http://www.ibm.com/timex#o http://ex.org/variable#3	1
http://ex.org/variable#51 http://www.ibm.com/timex#di http://ex.org/variable#4	1
http://ex.org/variable#51 http://www.ibm.com/timex#o_d http://ex.org/variable#5	1
http://ex.org/variable#51 http://www.ibm.com/timex#di http://ex.org/variable#6	1
http://ex.org/variable#51 http://www.ibm.com/timex#di http://ex.org/variable#7	1
http://ex.org/variable#51 http://www.ibm.com/timex#d http://ex.org/variable#8	1
http://ex.org/variable#51 http://www.ibm.com/timex#oi http://ex.org/variable#9	1
http://ex.org/variable#51 http://www.ibm.com/timex#oi http://ex.org/variable#10	1
http://ex.org/variable#51 http://www.ibm.com/timex#di http://ex.org/variable#11	1
http://ex.org/variable#51 http://www.ibm.com/timex#oi http://ex.org/variable#12	1
http://ex.org/variable#51 http://www.ibm.com/timex#d http://ex.org/variable#13	1
http://ex.org/variable#51 http://www.ibm.com/timex#fi http://ex.org/variable#14	1
http://ex.org/variable#51 http://www.ibm.com/timex#di http://ex.org/variable#15	1
http://ex.org/variable#51 http://www.ibm.com/timex#oi_di_si http://ex.org/variable#16	1
http://ex.org/variable#51 http://www.ibm.com/timex#o http://ex.org/variable#17	1
http://ex.org/variable#51 http://www.ibm.com/timex#d http://ex.org/variable#18	1
http://ex.org/variable#51 http://www.ibm.com/timex#oi_di_si http://ex.org/variable#19	1
http://ex.org/variable#51 http://www.ibm.com/timex#oi http://ex.org/variable#20	1
http://ex.org/variable#51 http://www.ibm.com/timex#oi http://ex.org/variable#21	1
http://ex.org/variable#51 http://www.ibm.com/timex#di http://ex.org/variable#22	1
http://ex.org/variable#51 http://www.ibm.com/timex#oi http://ex.org/variable#23	1
http://ex.org/variable#51 http://www.ibm.com/timex#di http://ex.org/variable#24	1
http://ex.org/variable#51 http://www.ibm.com/timex#di http://ex.org/variable#25	1
http://ex.org/variable#51 http://www.ibm.com/timex#oi_d_f http://ex.org/variable#26	1
http://ex.org/variable#51 http://www.ibm.com/timex#di http://ex.org/variable#27	1
http://ex.org/variable#51 http://www.ibm.com/timex#oi_d_f http://ex.org/variable#28	1
http://ex.org/variable#51 http://www.ibm.com/timex#di http://ex.org/variable#29	1
http://ex.org/variable#51 http://www.ibm.com/timex#oi_di_si http://ex.org/variable#30	1
http://ex.org/variable#51 http://www.ibm.com/timex#di http://ex.org/variable#31	1
http://ex.org/variable#51 http://www.ibm.com/timex#oi http://ex.org/variable#32	1
http://ex.org/variable#51 http://www.ibm.com/timex#di http://ex.org/variable#33	1
http://ex.org/variable#51 http://www.ibm.com/timex#o http://ex.org/variable#34	1
http://ex.org/variable#51 http://www.ibm.com/timex#di http://ex.org/variable#35	1
http://ex.org/variable#51 http://www.ibm.com/timex#di http://ex.org/variable#36	1
http://ex.org/variable#51 http://www.ibm.com/timex#di http://ex.org/variable#37	1
http://ex.org/variable#51 http://www.ibm.com/timex#di_si http://ex.org/variable#38	1
http://ex.org/variable#51 http://www.ibm.com/timex#oi http://ex.org/variable#39	1
http://ex.org/variable#51 http://www.ibm.com/timex#di http://ex.org/variable#40	1
http://ex.org/variable#51 http://www.ibm.com/timex#di_fi http://ex.org/variable#41	1
http://ex.org/variable#51 http://www.ibm.com/timex#oi http://ex.org/variable#42	1
http://ex.org/variable#51 http://www.ibm.com/timex#oi_d_f http://ex.org/variable#43	1
http://ex.org/variable#51 http://www.ibm.com/timex#di http://ex.org/variable#44	1
http://ex.org/variable#51 http://www.ibm.com/timex#oi http://ex.org/variable#45	1
http://ex.org/variable#51 http://www.ibm.com/timex#di http://ex.org/variable#46	1
http://ex.org/variable#51 http://www.ibm.com/timex#di http://ex.org/variable#47	1
http://ex.org/variable#51 http://www.ibm.com/timex#di http://ex.org/variable#48	1
http://ex.org/variable#51 http://www.ibm.com/timex#oi http://ex.org/variable#49	1
http://ex.org/variable#51 http://www.ibm.com/timex#di http://ex.org/variable#50	1
http://ex.org/variable#51 http://www.ibm.com/timex#oi http://ex.org/variable#52	1
http://ex.org/variable#51 http://www.ibm.com/timex#o http://ex.org/variable#53	1
http://ex.org/variable#51 http://www.ibm.com/timex#oi http://ex.org/variable#54	1
http://ex.org/variable#51 http://www.ibm.com/timex#oi http://ex.org/variable#55	1
http://ex.org/variable#51 http://www.ibm.com/timex#di http://ex.org/variable#56	1
http://ex.org/variable#51 http://www.ibm.com/timex#oi_di_si http://ex.org/variable#57	1
http://ex.org/variable#51 http://www.ibm.com/timex#o http://ex.org/variable#58	1
http://ex.org/variable#51 http://www.ibm.com/timex#di http://ex.org/variable#59	1
http://ex.org/variable#51 http://www.ibm.com/timex#d http://ex.org/variable#60	1
http://ex.org/variable#51 http://www.ibm.com/timex#oi_di_si http://ex.org/variable#61	1
http://ex.org/variable#51 http://www.ibm.com/timex#o http://ex.org/variable#62	1
http://ex.org/variable#51 http://www.ibm.com/timex#di http://ex.org/variable#63	1
http://ex.org/variable#51 http://www.ibm.com/timex#o_di_fi http://ex.org/variable#64	1
http://ex.org/variable#51 http://www.ibm.com/timex#di http://ex.org/variable#65	1
http://ex.org/variable#51 http://www.ibm.com/timex#di_si http://ex.org/variable#66	1
http://ex.org/variable#51 http://www.ibm.com/timex#oi http://ex.org/variable#67	1
http://ex.org/variable#51 http://www.ibm.com/timex#di http://ex.org/variable#68	1
http://ex.org/variable#51 http://www.ibm.com/timex#oi http://ex.org/variable#69	1
http://ex.org/variable#51 http://www.ibm.com/timex#oi_di_si http://ex.org/variable#70	1
http://ex.org/variable#51 http://www.ibm.com/timex#oi http://ex.org/variable#71	1
http://ex.org/variable#51 http://www.ibm.com/timex#di http://ex.org/variable#72	1
http://ex.org/variable#51 http://www.ibm.com/timex#di http://ex.org/variable#73	1
http://ex.org/variable#51 http://www.ibm.com/timex#eq_o_oi_d_di_s_si_f_fi http://ex.org/variable#74	1
http://ex.org/variable#51 http://www.ibm.com/timex#di http://ex.org/variable#75	1
http://ex.org/variable#51 http://www.ibm.com/timex#o http://ex.org/variable#76	1
http://ex.org/variable#51 http://www.ibm.com/timex#di http://ex.org/variable#77	1
http://ex.org/variable#51 http://www.ibm.com/timex#oi http://ex.org/variable#78	1
http://ex.org/variable#51 http://www.ibm.com/timex#oi http://ex.org/variable#79	1
http://ex.org/variable#51 http://www.ibm.com/timex#o http://ex.org/variable#80	1
http://ex.org/variable#51 http://www.ibm.com/timex#oi http://ex.org/variable#81	1
http://ex.org/variable#51 http://www.ibm.com/timex#oi http://ex.org/variable#82	1
http://ex.org/variable#51 http://www.ibm.com/timex#o http://ex.org/variable#83	1
http://ex.org/variable#51 http://www.ibm.com/timex#o_di_fi http://ex.org/variable#84	1
http://ex.org/variable#51 http://www.ibm.com/timex#di http://ex.org/variable#85	1
http://ex.org/variable#51 http://www.ibm.com/timex#oi http://ex.org/variable#86	1
http://ex.org/variable#51 http://www.ibm.com/timex#di http://ex.org/variable#87	1
http://ex.org/variable#51 http://www.ibm.com/timex#oi_di_f_fi http://ex.org/variable#88	1
http://ex.org/variable#51 http://www.ibm.com/timex#o http://ex.org/variable#89	1
http://ex.org/variable#52 http://www.ibm.com/timex#fi http://ex.org/variable#0	1
http://ex.org/variable#52 http://www.ibm.com/timex#o http://ex.org/variable#1	1
http://ex.org/variable#52 http://www.ibm.com/timex#o http://ex.org/variable#2	1
http://ex.org/variable#52 http://www.ibm.com/timex#o http://ex.org/variable#3	1
http://ex.org/variable#52 http://www.ibm.com/timex#o http://ex.org/variable#4	1
http://ex.org/variable#52 http://www.ibm.com/timex#o http://ex.org/variable#5	1
http://ex.org/variable#52 http://www.ibm.com/timex#di http://ex.org/variable#6	1
http://ex.org/variable#52 http://www.ibm.com/timex#o http://ex.org/variable#7	1
http://ex.org/variable#52 http://www.ibm.com/timex#d http://ex.org/variable#8	1
http://ex.org/variable#52 http://www.ibm.com/timex#d_s http://ex.org/variable#9	1
http://ex.org/variable#52 http://www.ibm.com/timex#d http://ex.org/variable#10	1
http://ex.org/variable#52 http://www.ibm.com/timex#o http://ex.org/variable#11	1
http://ex.org/variable#52 http://www.ibm.com/timex#di http://ex.org/variable#12	1
http://ex.org/variable#52 http://www.ibm.com/timex#d http://ex.org/variable#13	1
http://ex.org/variable#52 http://www.ibm.com/timex#o http://ex.org/variable#14	1
http://ex.org/variable#52 http://www.ibm.com/timex#o http://ex.org/variable#15	1
http://ex.org/variable#52 http://www.ibm.com/timex#di http://ex.org/variable#16	1
http://ex.org/variable#52 http://www.ibm.com/timex#o http://ex.org/variable#17	1
http://ex.org/variable#52 http://www.ibm.com/timex#d http://ex.org/variable#18	1
http://ex.org/variable#52 http://www.ibm.com/timex#di http://ex.org/variable#19	1
http://ex.org/variable#52 http://www.ibm.com/timex#di http://ex.org/variable#20	1
http://ex.org/variable#52 http://www.ibm.com/timex#o http://ex.org/variable#21	1
http://ex.org/variable#52 http://www.ibm.com/timex#di http://ex.org/variable#22	1
http://ex.org/variable#52 http://www.ibm.com/timex#di http://ex.org/variable#23	1
http://ex.org/variable#52 http://www.ibm.com/timex#o http://ex.org/variable#24	1
http://ex.org/variable#52 http://www.ibm.com/timex#di http://ex.org/variable#25	1
http://ex.org/variable#52 http://www.ibm.com/timex#o http://ex.org/variable#26	1
http://ex.org/variable#52 http://www.ibm.com/timex#o http://ex.org/variable#27	1
http://ex.org/variable#52 http://www.ibm.com/timex#d http://ex.org/variable#28	1
http://ex.org/variable#52 http://www.ibm.com/timex#o_di_fi http://ex.org/variable#29	1
http://ex.org/variable#52 http://www.ibm.com/timex#di http://ex.org/variable#30	1
http://ex.org/variable#52 http://www.ibm.com/timex#di http://ex.org/variable#31	1
http://ex.org/variable#52 http://www.ibm.com/timex#d http://ex.org/variable#32	1
http://ex.org/variable#52 http://www.ibm.com/timex#o http://ex.org/variable#33	1
http://ex.org/variable#52 http://www.ibm.com/timex#o http://ex.org/variable#34	1
http://ex.org/variable#52 http://www.ibm.com/timex#di http://ex.org/variable#35	1
http://ex.org/variable#52 http://www.ibm.com/timex#o http://ex.org/variable#36	1
http://ex.org/variable#52 http://www.ibm.com/timex#di http://ex.org/variable#37	1
http://ex.org/variable#52 http://www.ibm.com/timex#di http://ex.org/variable#38	1
http://ex.org/variable#52 http://www.ibm.com/timex#o http://ex.org/variable#39	1
http://ex.org/variable#52 http://www.ibm.com/timex#o http://ex.org/variable#40	1
http://ex.org/variable#52 http://www.ibm.com/timex#o http://ex.org/variable#41	1
http://ex.org/variable#52 http://www.ibm.com/timex#d http://ex.org/variable#42	1
http://ex.org/variable#52 http://www.ibm.com/timex#o http://ex.org/variable#43	1
http://ex.org/variable#52 http://www.ibm.com/timex#o_di_fi http://ex.org/variable#44	1
http://ex.org/variable#52 http://www.ibm.com/timex#s http://ex.org/variable#45	1
http://ex.org/variable#52 http://www.ibm.com/timex#o http://ex.org/variable#46	1
http://ex.org/variable#52 http://www.ibm.com/timex#o http://ex.org/variable#47	1
http://ex.org/variable#52 http://www.ibm.com/timex#o http://ex.org/variable#48	1
http://ex.org/variable#52 http://www.ibm.com/timex#d http://ex.org/variable#49	1
http://ex.org/variable#52 http://www.ibm.com/timex#di http://ex.org/variable#50	1
http://ex.org/variable#52 http://www.ibm.com/timex#o http://ex.org/variable#51	1
http://ex.org/variable#52 http://www.ibm.com/timex#o http://ex.org/variable#53	1
http://ex.org/variable#52 http://www.ibm.com/timex#o http://ex.org/variable#54	1
http://ex.org/variable#52 http://www.ibm.com/timex#o http://ex.org/variable#55	1
http://ex.org/variable#52 http://www.ibm.com/timex#o http://ex.org/variable#56	1
http://ex.org/variable#52 http://www.ibm.com/timex#o http://ex.org/variable#57	1
http://ex.org/variable#52 http://www.ibm.com/timex#b http://ex.org/variable#58	1
http://ex.org/variable#52 http://www.ibm.com/timex#o http://ex.org/variable#59	1
http://ex.org/variable#52 http://www.ibm.com/timex#d http://ex.org/variable#60	1
http://ex.org/variable#52 http://www.ibm.com/timex#di http://ex.org/variable#61	1
http://ex.org/variable#52 http://www.ibm.com/timex#o http://ex.org/variable#62	1
http://ex.org/variable#52 http://www.ibm.com/timex#di http://ex.org/variable#63	1
http://ex.org/variable#52 http://www.ibm.com/timex#o http://ex.org/variable#64	1
http://ex.org/variable#52 http://www.ibm.com/timex#o http://ex.org/variable#65	1
http://ex.org/variable#52 http://www.ibm.com/timex#o http://ex.org/variable#66	1
http://ex.org/variable#52 http://www.ibm.com/timex#oi_d_f http://ex.org/variable#67	1
http://ex.org/variable#52 http://www.ibm.com/timex#o http://ex.org/variable#68	1
http://ex.org/variable#52 http://www.ibm.com/timex#oi http://ex.org/variable#69	1
http://ex.org/variable#52 http://www.ibm.com/timex#o http://ex.org/variable#70	1
http://ex.org/variable#52 http://www.ibm.com/timex#d_s http://ex.org/variable#71	1
http://ex.org/variable#52 http://www.ibm.com/timex#o http://ex.org/variable#72	1
http://ex.org/variable#52 http://www.ibm.com/timex#o http://ex.org/variable#73	1
http://ex.org/variable#52 http://www.ibm.com/timex#o http://ex.org/variable#74	1
http://ex.org/variable#52 http://www.ibm.com/timex#o_fi http://ex.org/variable#75	1
http://ex.org/variable#52 http://www.ibm.com/timex#b_m_o http://ex.org/variable#76	1
http://ex.org/variable#52 http://www.ibm.com/timex#di http://ex.org/variable#77	1
http://ex.org/variable#52 http://www.ibm.com/timex#di http://ex.org/variable#78	1
http://ex.org/variable#52 http://www.ibm.com/timex#o http://ex.org/variable#79	1
http://ex.org/variable#52 http://www.ibm.com/timex#o http://ex.org/variable#80	1
http://ex.org/variable#52 http://www.ibm.com/timex#oi http://ex.org/variable#81	1
http://ex.org/variable#52 http://www.ibm.com/timex#o_d_s http://ex.org/variable#82	1
http://ex.org/variable#52 http://www.ibm.com/timex#o http://ex.org/variable#83	1
http://ex.org/variable#52 http://www.ibm.com/timex#o http://ex.org/variable#84	1
http://ex.org/variable#52 http://www.ibm.com/timex#di http://ex.org/variable#85	1
http://ex.org/variable#52 http://www.ibm.com/timex#oi_d_f http://ex.org/variable#86	1
http://ex.org/variable#52 http://www.ibm.com/timex#di http://ex.org/variable#87	1
http://ex.org/variable#52 http://www.ibm.com/timex#o http://ex.org/variable#88	1
http://ex.org/variable#52 http://www.ibm.com/timex#o http://ex.org/variable#89	1
http://ex.org/variable#53 http://www.ibm.com/timex#di http://ex.org/variable#0	1
http://ex.org/variable#53 http://www.ibm.com/timex#oi http://ex.org/variable#1	1
http://ex.org/variable#53 http://www.ibm.com/timex#eq_o_oi_d_di_s_si_f_fi http://ex.org/variable#2	1
http://ex.org/variable#53 http://www.ibm.com/timex#d http://ex.org/variable#3	1
http://ex.org/variable#53 http://www.ibm.com/timex#di http://ex.org/variable#4	1
http://ex.org/variable#53 http://www.ibm.com/timex#d http://ex.org/variable#5	1
http://ex.org/variable#53 http://www.ibm.com/timex#oi http://ex.org/variable#6	1
http://ex.org/variable#53 http://www.ibm.com/timex#oi http://ex.org/variable#7	1
http://ex.org/variable#53 http://www.ibm.com/timex#oi http://ex.org/variable#8	1
http://ex.org/variable#53 http://www.ibm.com/timex#oi http://ex.org/variable#9	1
http://ex.org/variable#53 http://www.ibm.com/timex#oi http://ex.org/variable#10	1
http://ex.org/variable#53 http://www.ibm.com/timex#oi_si http://ex.org/variable#11	1
http://ex.org/variable#53 http://www.ibm.com/timex#bi http://ex.org/variable#12	1
http://ex.org/variable#53 http://www.ibm.com/timex#d_f http://ex.org/variable#13	1
http://ex.org/variable#53 http://www.ibm.com/timex#oi http://ex.org/variable#14	1
http://ex.org/variable#53 http://www.ibm.com/timex#oi http://ex.org/variable#15	1
http://ex.org/variable#53 http://www.ibm.com/timex#oi http://ex.org/variable#16	1
http://ex.org/variable#53 http://www.ibm.com/timex#d http://ex.org/variable#17	1
http://ex.org/variable#53 http://www.ibm.com/timex#d http://ex.org/variable#18	1
http://ex.org/variable#53 http://www.ibm.com/timex#bi_mi_oi http://ex.org/variable#19	1
http://ex.org/variable#53 http://www.ibm.com/timex#bi http://ex.org/variable#20	1
http://ex.org/variable#53 http://www.ibm.com/timex#oi http://ex.org/variable#21	1
http://ex.org/variable#53 http://www.ibm.com/timex#di http://ex.org/variable#22	1
http://ex.org/variable#53 http://www.ibm.com/timex#bi_mi_oi http://ex.org/variable#23	1
http://ex.org/variable#53 http://www.ibm.com/timex#di http://ex.org/variable#24	1
http://ex.org/variable#53 http://www.ibm.com/timex#oi http://ex.org/variable#25	1
http://ex.org/variable#53 http://www.ibm.com/timex#oi_d_f http://ex.org/variable#26	1
http://ex.org/variable#53 http://www.ibm.com/timex#oi http://ex.org/variable#27	1
http://ex.org/variable#53 http://www.ibm.com/timex#oi_d http://ex.org/variable#28	1
http://ex.org/variable#53 http://www.ibm.com/timex#oi http://ex.org/variable#29	1
http://ex.org/variable#53 http://www.ibm.com/timex#oi http://ex.org/variable#30	1
http://ex.org/variable#53 http://www.ibm.com/timex#di http://ex.org/variable#31	1
http://ex.org/variable#53 http://www.ibm.com/timex#oi http://ex.org/variable#32	1
http://ex.org/variable#53 http://www.ibm.com/timex#oi_di http://ex.org/variable#33	1
http://ex.org/variable#53 http://www.ibm.com/timex#oi http://ex.org/variable#34	1
http://ex.org/variable#53 http://www.ibm.com/timex#oi http://ex.org/variable#35	1
http://ex.org/variable#53 http://www.ibm.com/timex#oi http://ex.org/variable#36	1
http://ex.org/variable#53 http://www.ibm.com/timex#di http://ex.org/variable#37	1
http://ex.org/variable#53 http://www.ibm.com/timex#oi http://ex.org/variable#38	1
http://ex.org/variable#53 http://www.ibm.com/timex#oi http://ex.org/variable#39	1
http://ex.org/variable#53 http://www.ibm.com/timex#di http://ex.org/variable#40	1
http://ex.org/variable#53 http://www.ibm.com/timex#di http://ex.org/variable#41	1
http://ex.org/variable#53 http://www.ibm.com/timex#oi http://ex.org/variable#42	1
http://ex.org/variable#53 http://www.ibm.com/timex#oi_d_f http://ex.org/variable#43	1
http://ex.org/variable#53 http://www.ibm.com/timex#oi http://ex.org/variable#44	1
http://ex.org/variable#53 http://www.ibm.com/timex#oi http://ex.org/variable#45	1
http://ex.org/variable#53 http://www.ibm.com/timex#oi_di_si http://ex.org/variable#46	1
http://ex.org/variable#53 http://www.ibm.com/timex#oi_di_si http://ex.org/variable#47	1
http://ex.org/variable#53 http://www.ibm.com/timex#oi http://ex.org/variable#48	1
http://ex.org/variable#53 http://www.ibm.com/timex#oi http://ex.org/variable#49	1
http://ex.org/variable#53 http://www.ibm.com/timex#bi_mi_oi http://ex.org/variable#50	1
http://ex.org/variable#53 http://www.ibm.com/timex#oi http://ex.org/variable#51	1
http://ex.org/variable#53 http://www.ibm.com/timex#oi http://ex.org/variable#52	1
http://ex.org/variable#53 http://www.ibm.com/timex#oi http://ex.org/variable#54	1
http://ex.org/variable#53 http://www.ibm.com/timex#oi http://ex.org/variable#55	1
http://ex.org/variable#53 http://www.ibm.com/timex#oi http://ex.org/variable#56	1
http://ex.org/variable#53 http://www.ibm.com/timex#oi http://ex.org/variable#57	1
http://ex.org/variable#53 http://www.ibm.com/timex#o_fi http://ex.org/variable#58	1
http://ex.org/variable#53 http://www.ibm.com/timex#di http://ex.org/variable#59	1
http://ex.org/variable#53 http://www.ibm.com/timex#d http://ex.org/variable#60	1
http://ex.org/variable#53 http://www.ibm.com/timex#oi http://ex.org/variable#61	1
http://ex.org/variable#53 http://www.ibm.com/timex#d http://ex.org/variable#62	1
http://ex.org/variable#53 http://www.ibm.com/timex#bi_mi_oi http://ex.org/variable#63	1
http://ex.org/variable#53 http://www.ibm.com/timex#oi http://ex.org/variable#64	1
http://ex.org/variable#53 http://www.ibm.com/timex#oi http://ex.org/variable#65	1
http://ex.org/variable#53 http://www.ibm.com/timex#oi http://ex.org/variable#66	1
http://ex.org/variable#53 http://www.ibm.com/timex#oi http://ex.org/variable#67	1
http://ex.org/variable#53 http://www.ibm.com/timex#oi_si http://ex.org/variable#68	1
http://ex.org/variable#53 http://www.ibm.com/timex#oi http://ex.org/variable#69	1
http://ex.org/variable#53 http://www.ibm.com/timex#oi http://ex.org/variable#70	1
http://ex.org/variable#53 http://www.ibm.com/timex#oi http://ex.org/variable#71	1
http://ex.org/variable#53 http://www.ibm.com/timex#oi http://ex.org/variable#72	1
http://ex.org/variable#53 http://www.ibm.com/timex#oi http://ex.org/variable#73	1
http://ex.org/variable#53 http://www.ibm.com/timex#oi_d_f http://ex.org/variable#74	1
http://ex.org/variable#53 http://www.ibm.com/timex#oi http://ex.org/variable#75	1
http://ex.org/variable#53 http://www.ibm.com/timex#o_di http://ex.org/variable#76	1
http://ex.org/variable#53 http://www.ibm.com/timex#mi_oi http://ex.org/variable#77	1
http://ex.org/variable#53 http://www.ibm.com/timex#oi http://ex.org/variable#78	1
http://ex.org/variable#53 http://www.ibm.com/timex#oi http://ex.org/variable#79	1
http://ex.org/variable#53 http://www.ibm.com/timex#o http://ex.org/variable#80	1
http://ex.org/variable#53 http://www.ibm.com/timex#oi http://ex.org/variable#81	1
http://ex.org/variable#53 http://www.ibm.com/timex#oi http://ex.org/variable#82	1
http://ex.org/variable#53 http://www.ibm.com/timex#oi_f http://ex.org/variable#83	1
http://ex.org/variable#53 http://www.ibm.com/timex#oi http://ex.org/variable#84	1
http://ex.org/variable#53 http://www.ibm.com/timex#oi http://ex.org/variable#85	1
http://ex.org/variable#53 http://www.ibm.com/timex#oi http://ex.org/variable#86	1
http://ex.org/variable#53 http://www.ibm.com/timex#oi http://ex.org/variable#87	1
http://ex.org/variable#53 http://www.ibm.com/timex#oi_di_si http://ex.org/variable#88	1
http://ex.org/variable#53 http://www.ibm.com/timex#eq_o_oi_d_di_s_si_f_fi http://ex.org/variable#89	1
http://ex.org/variable#54 http://www.ibm.com/timex#di http://ex.org/variable#0	1
http://ex.org/variable#54 http://www.ibm.com/timex#o_di http://ex.org/variable#1	1
http://ex.org/variable#54 http://www.ibm.com/timex#o http://ex.org/variable#2	1
http://ex.org/variable#54 http://www.ibm.com/timex#o http://ex.org/variable#3	1
http://ex.org/variable#54 http://www.ibm.com/timex#o_di_fi http://ex.org/variable#4	1
http://ex.org/variable#54 http://www.ibm.com/timex#o http://ex.org/variable#5	1
http://ex.org/variable#54 http://www.ibm.com/timex#di http://ex.org/variable#6	1
http://ex.org/variable#54 http://www.ibm.com/timex#di http://ex.org/variable#7	1
http://ex.org/variable#54 http://www.ibm.com/timex#d http://ex.org/variable#8	1
http://ex.org/variable#54 http://www.ibm.com/timex#oi_d_f http://ex.org/variable#9	1
http://ex.org/variable#54 http://www.ibm.com/timex#oi_d_f http://ex.org/variable#10	1
http://ex.org/variable#54 http://www.ibm.com/timex#o_di_fi http://ex.org/variable#11	1
http://ex.org/variable#54 http://www.ibm.com/timex#di http://ex.org/variable#12	1
http://ex.org/variable#54 http://www.ibm.com/timex#d http://ex.org/variable#13	1
http://ex.org/variable#54 http://www.ibm.com/timex#o http://ex.org/variable#14	1
http://ex.org/variable#54 http://www.ibm.com/timex#o_di http://ex.org/variable#15	1
http://ex.org/variable#54 http://www.ibm.com/timex#di http://ex.org/variable#16	1
http://ex.org/variable#54 http://www.ibm.com/timex#o http://ex.org/variable#17	1
http://ex.org/variable#54 http://www.ibm.com/timex#d http://ex.org/variable#18	1
http://ex.org/variable#54 http://www.ibm.com/timex#di http://ex.org/variable#19	1
http://ex.org/variable#54 http://www.ibm.com/timex#di http://ex.org/variable#20	1
http://ex.org/variable#54 http://www.ibm.com/timex#di http://ex.org/variable#21	1
http://ex.org/variable#54 http://www.ibm.com/timex#di http://ex.org/variable#22	1
http://ex.org/variable#54 http://www.ibm.com/timex#di http://ex.org/variable#23	1
http://ex.org/variable#54 http://www.ibm.com/timex#o_di_fi http://ex.org/variable#24	1
http://ex.org/variable#54 http://www.ibm.com/timex#di http://ex.org/variable#25	1
http://ex.org/variable#54 http://www.ibm.com/timex#o_di_fi http://ex.org/variable#26	1
http://ex.org/variable#54 http://www.ibm.com/timex#o_di_fi http://ex.org/variable#27	1
http://ex.org/variable#54 http://www.ibm.com/timex#oi_d_f http://ex.org/variable#28	1
http://ex.org/variable#54 http://www.ibm.com/timex#di http://ex.org/variable#29	1
http://ex.org/variable#54 http://www.ibm.com/timex#di http://ex.org/variable#30	1
http://ex.org/variable#54 http://www.ibm.com/timex#di http://ex.org/variable#31	1
http://ex.org/variable#54 http://www.ibm.com/timex#oi_d_f http://ex.org/variable#32	1
http://ex.org/variable#54 http://www.ibm.com/timex#o_di_fi http://ex.org/variable#33	1
http://ex.org/variable#54 http://www.ibm.com/timex#o http://ex.org/variable#34	1
http://ex.org/variable#54 http://www.ibm.com/timex#di http://ex.org/variable#35	1
http://ex.org/variable#54 http://www.ibm.com/timex#o_fi http://ex.org/variable#36	1
http://ex.org/variable#54 http://www.ibm.com/timex#di http://ex.org/variable#37	1
http://ex.org/variable#54 http://www.ibm.com/timex#di http://ex.org/variable#38	1
http://ex.org/variable#54 http://www.ibm.com/timex#di http://ex.org/variable#39	1
http://ex.org/variable#54 http://www.ibm.com/timex#o_di http://ex.org/variable#40	1
http://ex.org/variable#54 http://www.ibm.com/timex#o_di_fi http://ex.org/variable#41	1
http://ex.org/variable#54 http://www.ibm.com/timex#oi_d http://ex.org/variable#42	1
http://ex.org/variable#54 http://www.ibm.com/timex#o_di_fi http://ex.org/variable#43	1
http://ex.org/variable#54 http://www.ibm.com/timex#di http://ex.org/variable#44	1
http://ex.org/variable#54 http://www.ibm.com/timex#oi_d_f http://ex.org/variable#45	1
http://ex.org/variable#54 http://www.ibm.com/timex#o_di_fi http://ex.org/variable#46	1
http://ex.org/variable#54 http://www.ibm.com/timex#di http://ex.org/variable#47	1
http://ex.org/variable#54 http://www.ibm.com/timex#o_di_fi http://ex.org/variable#48	1
http://ex.org/variable#54 http://www.ibm.com/timex#oi_d http://ex.org/variable#49	1
http://ex.org/variable#54 http://www.ibm.com/timex#di http://ex.org/variable#50	1
http://ex.org/variable#54 http://www.ibm.com/timex#o http://ex.org/variable#51	1
http://ex.org/variable#54 http://www.ibm.com/timex#oi http://ex.org/variable#52	1
http://ex.org/variable#54 http://www.ibm.com/timex#o http://ex.org/variable#53	1
http://ex.org/variable#54 http://www.ibm.com/timex#di http://ex.org/variable#55	1
http://ex.org/variable#54 http://www.ibm.com/timex#o_di_fi http://ex.org/variable#56	1
http://ex.org/variable#54 http://www.ibm.com/timex#di http://ex.org/variable#57	1
http://ex.org/variable#54 http://www.ibm.com/timex#b_o http://ex.org/variable#58	1
http://ex.org/variable#54 http://www.ibm.com/timex#o_di_fi http://ex.org/variable#59	1
http://ex.org/variable#54 http://www.ibm.com/timex#d http://ex.org/variable#60	1
http://ex.org/variable#54 http://www.ibm.com/timex#di http://ex.org/variable#61	1
http://ex.org/variable#54 http://www.ibm.com/timex#o http://ex.org/variable#62	1
http://ex.org/variable#54 http://www.ibm.com/timex#di http://ex.org/variable#63	1
http://ex.org/variable#54 http://www.ibm.com/timex#o_di_fi http://ex.org/variable#64	1
http://ex.org/variable#54 http://www.ibm.com/timex#o_di_fi http://ex.org/variable#65	1
http://ex.org/variable#54 http://www.ibm.com/timex#o_di http://ex.org/variable#66	1
http://ex.org/variable#54 http://www.ibm.com/timex#oi http://ex.org/variable#67	1
http://ex.org/variable#54 http://www.ibm.com/timex#o http://ex.org/variable#68	1
http://ex.org/variable#54 http://www.ibm.com/timex#oi http://ex.org/variable#69	1
http://ex.org/variable#54 http://www.ibm.com/timex#di http://ex.org/variable#70	1
http://ex.org/variable#54 http://www.ibm.com/timex#oi_d_f http://ex.org/variable#71	1
http://ex.org/variable#54 http://www.ibm.com/timex#di http://ex.org/variable#72	1
http://ex.org/variable#54 http://www.ibm.com/timex#o_di http://ex.org/variable#73	1
http://ex.org/variable#54 http://www.ibm.com/timex#o_di http://ex.org/variable#74	1
http://ex.org/variable#54 http://www.ibm.com/timex#di http://ex.org/variable#75	1
http://ex.org/variable#54 http://www.ibm.com/timex#o http://ex.org/variable#76	1
http://ex.org/variable#54 http://www.ibm.com/timex#di http://ex.org/variable#77	1
http://ex.org/variable#54 http://www.ibm.com/timex#oi http://ex.org/variable#78	1
http://ex.org/variable#54 http://www.ibm.com/timex#o_oi_d_di_s_si http://ex.org/variable#79	1
http://ex.org/variable#54 http://www.ibm.com/timex#o http://ex.org/variable#80	1
http://ex.org/variable#54 http://www.ibm.com/timex#oi http://ex.org/variable#81	1
http://ex.org/variable#54 http://www.ibm.com/timex#eq_o_oi_d_di_s_si_f_fi http://ex.org/variable#82	1
http://ex.org/variable#54 http://www.ibm.com/timex#o http://ex.org/variable#83	1
http://ex.org/variable#54 http://www.ibm.com/timex#o_di_fi http://ex.org/variable#84	1
http://ex.org/variable#54 http://www.ibm.com/timex#di http://ex.org/variable#85	1
http://ex.org/variable#54 http://www.ibm.com/timex#oi http://ex.org/variable#86	1
http://ex.org/variable#54 http://www.ibm.com/timex#di http://ex.org/variable#87	1
http://ex.org/variable#54 http://www.ibm.com/timex#o_di http://ex.org/variable#88	1
http://ex.org/variable#54 http://www.ibm.com/timex#o http://ex.org/variable#89	1
http://ex.org/variable#55 http://www.ibm.com/timex#di http://ex.org/variable#0	1
http://ex.org/variable#55 http://www.ibm.com/timex#o http://ex.org/variable#1	1
http://ex.org/variable#55 http://www.ibm.com/timex#o http://ex.org/variable#2	1
http://ex.org/variable#55 http://www.ibm.com/timex#o http://ex.org/variable#3	1
http://ex.org/variable#55 http://www.ibm.com/timex#o_di_fi http://ex.org/variable#4	1
http://ex.org/variable#55 http://www.ibm.com/timex#o_d_s http://ex.org/variable#5	1
http://ex.org/variable#55 http://www.ibm.com/timex#di http://ex.org/variable#6	1
http://ex.org/variable#55 http://www.ibm.com/timex#di http://ex.org/variable#7	1
http://ex.org/variable#55 http://www.ibm.com/timex#d http://ex.org/variable#8	1
http://ex.org/variable#55 http://www.ibm.com/timex#d http://ex.org/variable#9	1
http://ex.org/variable#55 http://www.ibm.com/timex#d http://ex.org/variable#10	1
http://ex.org/variable#55 http://www.ibm.com/timex#o http://ex.org/variable#11	1
http://ex.org/variable#55 http://www.ibm.com/timex#di http://ex.org/variable#12	1
http://ex.org/variable#55 http://www.ibm.com/timex#d http://ex.org/variable#13	1
http://ex.org/variable#55 http://www.ibm.com/timex#o http://ex.org/variable#14	1
http://ex.org/variable#55 http://www.ibm.com/timex#o http://ex.org/variable#15	1
http://ex.org/variable#55 http://www.ibm.com/timex#di http://ex.org/variable#16	1
http://ex.org/variable#55 http://www.ibm.com/timex#o http://ex.org/variable#17	1
http://ex.org/variable#55 http://www.ibm.com/timex#d http://ex.org/variable#18	1
http://ex.org/variable#55 http://www.ibm.com/timex#oi_di http://ex.org/variable#19	1
http://ex.org/variable#55 http://www.ibm.com/timex#di http://ex.org/variable#20	1
http://ex.org/variable#55 http://www.ibm.com/timex#o http://ex.org/variable#21	1
http://ex.org/variable#55 http://www.ibm.com/timex#di http://ex.org/variable#22	1
http://ex.org/variable#55 http://www.ibm.com/timex#oi http://ex.org/variable#23	1
http://ex.org/variable#55 http://www.ibm.com/timex#o http://ex.org/variable#24	1
http://ex.org/variable#55 http://www.ibm.com/timex#di http://ex.org/variable#25	1
http://ex.org/variable#55 http://www.ibm.com/timex#d http://ex.org/variable#26	1
http://ex.org/variable#55 http://www.ibm.com/timex#o http://ex.org/variable#27	1
http://ex.org/variable#55 http://www.ibm.com/timex#d http://ex.org/variable#28	1
http://ex.org/variable#55 http://www.ibm.com/timex#di http://ex.org/variable#29	1
http://ex.org/variable#55 http://www.ibm.com/timex#di http://ex.org/variable#30	1
http://ex.org/variable#55 http://www.ibm.com/timex#di http://ex.org/variable#31	1
http://ex.org/variable#55 http://www.ibm.com/timex#d http://ex.org/variable#32	1
http://ex.org/variable#55 http://www.ibm.com/timex#o http://ex.org/variable#33	1
http://ex.org/variable#55 http://www.ibm.com/timex#o http://ex.org/variable#34	1
http://ex.org/variable#55 http://www.ibm.com/timex#di http://ex.org/variable#35	1
http://ex.org/variable#55 http://www.ibm.com/timex#o http://ex.org/variable#36	1
http://ex.org/variable#55 http://www.ibm.com/timex#di http://ex.org/variable#37	1
http://ex.org/variable#55 http://www.ibm.com/timex#di http://ex.org/variable#38	1
http://ex.org/variable#55 http://www.ibm.com/timex#di_si http://ex.org/variable#39	1
http://ex.org/variable#55 http://www.ibm.com/timex#o http://ex.org/variable#40	1
http://ex.org/variable#55 http://www.ibm.com/timex#o http://ex.org/variable#41	1
http://ex.org/variable#55 http://www.ibm.com/timex#d http://ex.org/variable#42	1
http://ex.org/variable#55 http://www.ibm.com/timex#d http://ex.org/variable#43	1
http://ex.org/variable#55 http://www.ibm.com/timex#di http://ex.org/variable#44	1
http://ex.org/variable#55 http://www.ibm.com/timex#d http://ex.org/variable#45	1
http://ex.org/variable#55 http://www.ibm.com/timex#o http://ex.org/variable#46	1
http://ex.org/variable#55 http://www.ibm.com/timex#di http://ex.org/variable#47	1
http://ex.org/variable#55 http://www.ibm.com/timex#o http://ex.org/variable#48	1
http://ex.org/variable#55 http://www.ibm.com/timex#d http://ex.org/variable#49	1
http://ex.org/variable#55 http://www.ibm.com/timex#di http://ex.org/variable#50	1
http://ex.org/variable#55 http://www.ibm.com/timex#o http://ex.org/variable#51	1
http://ex.org/variable#55 http://www.ibm.com/timex#oi http://ex.org/variable#52	1
http://ex.org/variable#55 http://www.ibm.com/timex#o http://ex.org/variable#53	1
http://ex.org/variable#55 http://www.ibm.com/timex#d http://ex.org/variable#54	1
http://ex.org/variable#55 http://www.ibm.com/timex#o_di_fi http://ex.org/variable#56	1
http://ex.org/variable#55 http://www.ibm.com/timex#oi_di_si http://ex.org/variable#57	1
http://ex.org/variable#55 http://www.ibm.com/timex#b http://ex.org/variable#58	1
http://ex.org/variable#55 http://www.ibm.com/timex#o http://ex.org/variable#59	1
http://ex.org/variable#55 http://www.ibm.com/timex#d http://ex.org/variable#60	1
http://ex.org/variable#55 http://www.ibm.com/timex#di http://ex.org/variable#61	1
http://ex.org/variable#55 http://www.ibm.com/timex#o http://ex.org/variable#62	1
http://ex.org/variable#55 http://www.ibm.com/timex#di http://ex.org/variable#63	1
http://ex.org/variable#55 http://www.ibm.com/timex#o http://ex.org/variable#64	1
http://ex.org/variable#55 http://www.ibm.com/timex#o http://ex.org/variable#65	1
http://ex.org/variable#55 http://www.ibm.com/timex#o http://ex.org/variable#66	1
http://ex.org/variable#55 http://www.ibm.com/timex#oi http://ex.org/variable#67	1
http://ex.org/variable#55 http://www.ibm.com/timex#o http://ex.org/variable#68	1
http://ex.org/variable#55 http://www.ibm.com/timex#oi http://ex.org/variable#69	1
http://ex.org/variable#55 http://www.ibm.com/timex#oi_di_f_fi http://ex.org/variable#70	1
http://ex.org/variable#55 http://www.ibm.com/timex#d http://ex.org/variable#71	1
http://ex.org/variable#55 http://www.ibm.com/timex#di http://ex.org/variable#72	1
http://ex.org/variable#55 http://www.ibm.com/timex#o http://ex.org/variable#73	1
http://ex.org/variable#55 http://www.ibm.com/timex#o http://ex.org/variable#74	1
http://ex.org/variable#55 http://www.ibm.com/timex#di http://ex.org/variable#75	1
http://ex.org/variable#55 http://www.ibm.com/timex#o http://ex.org/variable#76	1
http://ex.org/variable#55 http://www.ibm.com/timex#di http://ex.org/variable#77	1
http://ex.org/variable#55 http://www.ibm.com/timex#oi http://ex.org/variable#78	1
http://ex.org/variable#55 http://www.ibm.com/timex#d http://ex.org/variable#79	1
http://ex.org/variable#55 http://www.ibm.com/timex#o http://ex.org/variable#80	1
http://ex.org/variable#55 http://www.ibm.com/timex#oi http://ex.org/variable#81	1
http://ex.org/variable#55 http://www.ibm.com/timex#o_d_s http://ex.org/variable#82	1
http://ex.org/variable#55 http://www.ibm.com/timex#o http://ex.org/variable#83	1
http://ex.org/variable#55 http://www.ibm.com/timex#o http://ex.org/variable#84	1
http://ex.org/variable#55 http://www.ibm.com/timex#di http://ex.org/variable#85	1
http://ex.org/variable#55 http://www.ibm.com/timex#oi http://ex.org/variable#86	1
http://ex.org/variable#55 http://www.ibm.com/timex#di http://ex.org/variable#87	1
http://ex.org/variable#55 http://www.ibm.com/timex#o_d_s http://ex.org/variable#88	1
http://ex.org/variable#55 http://www.ibm.com/timex#o http://ex.org/variable#89	1
http://ex.org/variable#56 http://www.ibm.com/timex#di http://ex.org/variable#0	1
http://ex.org/variable#56 http://www.ibm.com/timex#o_di_fi http://ex.org/variable#1	1
http://ex.org/variable#56 http://www.ibm.com/timex#o http://ex.org/variable#2	1
http://ex.org/variable#56 http://www.ibm.com/timex#d http://ex.org/variable#3	1
http://ex.org/variable#56 http://www.ibm.com/timex#o_di_fi http://ex.org/variable#4	1
http://ex.org/variable#56 http://www.ibm.com/timex#d http://ex.org/variable#5	1
http://ex.org/variable#56 http://www.ibm.com/timex#di http://ex.org/variable#6	1
http://ex.org/variable#56 http://www.ibm.com/timex#oi_di_si http://ex.org/variable#7	1
http://ex.org/variable#56 http://www.ibm.com/timex#d http://ex.org/variable#8	1
http://ex.org/variable#56 http://www.ibm.com/timex#oi_d_f http://ex.org/variable#9	1
http://ex.org/variable#56 http://www.ibm.com/timex#d_f http://ex.org/variable#10	1
http://ex.org/variable#56 http://www.ibm.com/timex#o http://ex.org/variable#11	1
http://ex.org/variable#56 http://www.ibm.com/timex#oi http://ex.org/variable#12	1
http://ex.org/variable#56 http://www.ibm.com/timex#d http://ex.org/variable#13	1
http://ex.org/variable#56 http://www.ibm.com/timex#o http://ex.org/variable#14	1
http://ex.org/variable#56 http://www.ibm.com/timex#o http://ex.org/variable#15	1
http://ex.org/variable#56 http://www.ibm.com/timex#oi http://ex.org/variable#16	1
http://ex.org/variable#56 http://www.ibm.com/timex#o_s http://ex.org/variable#17	1
http://ex.org/variable#56 http://www.ibm.com/timex#d http://ex.org/variable#18	1
http://ex.org/variable#56 http://www.ibm.com/timex#oi http://ex.org/variable#19	1
http://ex.org/variable#56 http://www.ibm.com/timex#oi http://ex.org/variable#20	1
http://ex.org/variable#56 http://www.ibm.com/timex#oi_d_f http://ex.org/variable#21	1
http://ex.org/variable#56 http://www.ibm.com/timex#di http://ex.org/variable#22	1
http://ex.org/variable#56 http://www.ibm.com/timex#oi http://ex.org/variable#23	1
http://ex.org/variable#56 http://www.ibm.com/timex#o_fi http://ex.org/variable#24	1
http://ex.org/variable#56 http://www.ibm.com/timex#oi http://ex.org/variable#25	1
http://ex.org/variable#56 http://www.ibm.com/timex#d http://ex.org/variable#26	1
http://ex.org/variable#56 http://www.ibm.com/timex#d http://ex.org/variable#27	1
http://ex.org/variable#56 http://www.ibm.com/timex#d http://ex.org/variable#28	1
http://ex.org/variable#56 http://www.ibm.com/timex#eq_o_oi_d_di_s_si_f_fi http://ex.org/variable#29	1
http://ex.org/variable#56 http://www.ibm.com/timex#oi http://ex.org/variable#30	1
http://ex.org/variable#56 http://www.ibm.com/timex#di http://ex.org/variable#31	1
http://ex.org/variable#56 http://www.ibm.com/timex#oi_d_f http://ex.org/variable#32	1
http://ex.org/variable#56 http://www.ibm.com/timex#o http://ex.org/variable#33	1
http://ex.org/variable#56 http://www.ibm.com/timex#o http://ex.org/variable#34	1
http://ex.org/variable#56 http://www.ibm.com/timex#oi http://ex.org/variable#35	1
http://ex.org/variable#56 http://www.ibm.com/timex#o_d_s http://ex.org/variable#36	1
http://ex.org/variable#56 http://www.ibm.com/timex#di http://ex.org/variable#37	1
http://ex.org/variable#56 http://www.ibm.com/timex#oi http://ex.org/variable#38	1
http://ex.org/variable#56 http://www.ibm.com/timex#oi http://ex.org/variable#39	1
http://ex.org/variable#56 http://www.ibm.com/timex#o_di_fi http://ex.org/variable#40	1
http://ex.org/variable#56 http://www.ibm.com/timex#o http://ex.org/variable#41	1
http://ex.org/variable#56 http://www.ibm.com/timex#d http://ex.org/variable#42	1
http://ex.org/variable#56 http://www.ibm.com/timex#d http://ex.org/variable#43	1
http://ex.org/variable#56 http://www.ibm.com/timex#di_si http://ex.org/variable#44	1
http://ex.org/variable#56 http://www.ibm.com/timex#oi_d_f http://ex.org/variable#45	1
http://ex.org/variable#56 http://www.ibm.com/timex#o_di_fi http://ex.org/variable#46	1
http://ex.org/variable#56 http://www.ibm.com/timex#o_di_fi http://ex.org/variable#47	1
http://ex.org/variable#56 http://www.ibm.com/timex#o_s http://ex.org/variable#48	1
http://ex.org/variable#56 http://www.ibm.com/timex#oi_d_f http://ex.org/variable#49	1
http://ex.org/variable#56 http://www.ibm.com/timex#di_si http://ex.org/variable#50	1
http://ex.org/variable#56 http://www.ibm.com/timex#d http://ex.org/variable#51	1
http://ex.org/variable#56 http://www.ibm.com/timex#oi http://ex.org/variable#52	1
http://ex.org/variable#56 http://www.ibm.com/timex#o http://ex.org/variable#53	1
http://ex.org/variable#56 http://www.ibm.com/timex#oi_d_f http://ex.org/variable#54	1
http://ex.org/variable#56 http://www.ibm.com/timex#oi_d_f http://ex.org/variable#55	1
http://ex.org/variable#56 http://www.ibm.com/timex#oi http://ex.org/variable#57	1
http://ex.org/variable#56 http://www.ibm.com/timex#b http://ex.org/variable#58	1
http://ex.org/variable#56 http://www.ibm.com/timex#o_di_fi http://ex.org/variable#59	1
http://ex.org/variable#56 http://www.ibm.com/timex#d http://ex.org/variable#60	1
http://ex.org/variable#56 http://www.ibm.com/timex#oi http://ex.org/variable#61	1
http://ex.org/variable#56 http://www.ibm.com/timex#o http://ex.org/variable#62	1
http://ex.org/variable#56 http://www.ibm.com/timex#di http://ex.org/variable#63	1
http://ex.org/variable#56 http://www.ibm.com/timex#o http://ex.org/variable#64	1
http://ex.org/variable#56 http://www.ibm.com/timex#o_s http://ex.org/variable#65	1
http://ex.org/variable#56 http://www.ibm.com/timex#d http://ex.org/variable#66	1
http://ex.org/variable#56 http://www.ibm.com/timex#oi http://ex.org/variable#67	1
http://ex.org/variable#56 http://www.ibm.com/timex#o http://ex.org/variable#68	1
http://ex.org/variable#56 http://www.ibm.com/timex#oi http://ex.org/variable#69	1
http://ex.org/variable#56 http://www.ibm.com/timex#oi_d_f http://ex.org/variable#70	1
http://ex.org/variable#56 http://www.ibm.com/timex#oi_d_f http://ex.org/variable#71	1
http://ex.org/variable#56 http://www.ibm.com/timex#oi http://ex.org/variable#72	1
http://ex.org/variable#56 http://www.ibm.com/timex#oi_d_f http://ex.org/variable#73	1
http://ex.org/variable#56 http://www.ibm.com/timex#d http://ex.org/variable#74	1
http://ex.org/variable#56 http://www.ibm.com/timex#di http://ex.org/variable#75	1
http://ex.org/variable#56 http://www.ibm.com/timex#b_m_o http://ex.org/variable#76	1
http://ex.org/variable#56 http://www.ibm.com/timex#di http://ex.org/variable#77	1
http://ex.org/variable#56 http://www.ibm.com/timex#oi http://ex.org/variable#78	1
http://ex.org/variable#56 http://www.ibm.com/timex#oi_d_f http://ex.org/variable#79	1
http://ex.org/variable#56 http://www.ibm.com/timex#o http://ex.org/variable#80	1
http://ex.org/variable#56 http://www.ibm.com/timex#oi http://ex.org/variable#81	1
http://ex.org/variable#56 http://www.ibm.com/timex#oi_d_f http://ex.org/variable#82	1
http://ex.org/variable#56 http://www.ibm.com/timex#o http://ex.org/variable#83	1
http://ex.org/variable#56 http://www.ibm.com/timex#o http://ex.org/variable#84	1
http://ex.org/variable#56 http://www.ibm.com/timex#oi http://ex.org/variable#85	1
http://ex.org/variable#56 http://www.ibm.com/timex#oi http://ex.org/variable#86	1
http://ex.org/variable#56 http://www.ibm.com/timex#oi http://ex.org/variable#87	1
http://ex.org/variable#56 http://www.ibm.com/timex#o_d http://ex.org/variable#88	1
http://ex.org/variable#56 http://www.ibm.com/timex#o http://ex.org/variable#89	1
http://ex.org/variable#57 http://www.ibm.com/timex#di http://ex.org/variable#0	1
http://ex.org/variable#57 http://www.ibm.com/timex#o http://ex.org/variable#1	1
http://ex.org/variable#57 http://www.ibm.com/timex#o http://ex.org/variable#2	1
http://ex.org/variable#57 http://www.ibm.com/timex#o http://ex.org/variable#3	1
http://ex.org/variable#57 http://www.ibm.com/timex#o http://ex.org/variable#4	1
http://ex.org/variable#57 http://www.ibm.com/timex#d http://ex.org/variable#5	1
http://ex.org/variable#57 http://www.ibm.com/timex#di http://ex.org/variable#6	1
http://ex.org/variable#57 http://www.ibm.com/timex#di_fi http://ex.org/variable#7	1
http://ex.org/variable#57 http://www.ibm.com/timex#d http://ex.org/variable#8	1
http://ex.org/variable#57 http://www.ibm.com/timex#d http://ex.org/variable#9	1
http://ex.org/variable#57 http://www.ibm.com/timex#d http://ex.org/variable#10	1
http://ex.org/variable#57 http://www.ibm.com/timex#o http://ex.org/variable#11	1
http://ex.org/variable#57 http://www.ibm.com/timex#oi_di_si http://ex.org/variable#12	1
http://ex.org/variable#57 http://www.ibm.com/timex#d http://ex.org/variable#13	1
http://ex.org/variable#57 http://www.ibm.com/timex#o http://ex.org/variable#14	1
http://ex.org/variable#57 http://www.ibm.com/timex#o http://ex.org/variable#15	1
http://ex.org/variable#57 http://www.ibm.com/timex#di http://ex.org/variable#16	1
http://ex.org/variable#57 http://www.ibm.com/timex#o http://ex.org/variable#17	1
http://ex.org/variable#57 http://www.ibm.com/timex#d http://ex.org/variable#18	1
http://ex.org/variable#57 http://www.ibm.com/timex#oi http://ex.org/variable#19	1
http://ex.org/variable#57 http://www.ibm.com/timex#oi_di_si http://ex.org/variable#20	1
http://ex.org/variable#57 http://www.ibm.com/timex#o_d_s http://ex.org/variable#21	1
http://ex.org/variable#57 http://www.ibm.com/timex#di http://ex.org/variable#22	1
http://ex.org/variable#57 http://www.ibm.com/timex#oi http://ex.org/variable#23	1
http://ex.org/variable#57 http://www.ibm.com/timex#o http://ex.org/variable#24	1
http://ex.org/variable#57 http://www.ibm.com/timex#di http://ex.org/variable#25	1
http://ex.org/variable#57 http://www.ibm.com/timex#d http://ex.org/variable#26	1
http://ex.org/variable#57 http://www.ibm.com/timex#o http://ex.org/variable#27	1
http://ex.org/variable#57 http://www.ibm.com/timex#d http://ex.org/variable#28	1
http://ex.org/variable#57 http://www.ibm.com/timex#o_di_fi http://ex.org/variable#29	1
http://ex.org/variable#57 http://www.ibm.com/timex#di http://ex.org/variable#30	1
http://ex.org/variable#57 http://www.ibm.com/timex#di http://ex.org/variable#31	1
http://ex.org/variable#57 http://www.ibm.com/timex#d http://ex.org/variable#32	1
http://ex.org/variable#57 http://www.ibm.com/timex#o http://ex.org/variable#33	1
http://ex.org/variable#57 http://www.ibm.com/timex#o http://ex.org/variable#34	1
http://ex.org/variable#57 http://www.ibm.com/timex#di http://ex.org/variable#35	1
http://ex.org/variable#57 http://www.ibm.com/timex#o http://ex.org/variable#36	1
http://ex.org/variable#57 http://www.ibm.com/timex#di http://ex.org/variable#37	1
http://ex.org/variable#57 http://www.ibm.com/timex#di http://ex.org/variable#38	1
http://ex.org/variable#57 http://www.ibm.com/timex#eq_oi_di_si_f_fi http://ex.org/variable#39	1
http://ex.org/variable#57 http://www.ibm.com/timex#o http://ex.org/variable#40	1
http://ex.org/variable#57 http://www.ibm.com/timex#o http://ex.org/variable#41	1
http://ex.org/variable#57 http://www.ibm.com/timex#d http://ex.org/variable#42	1
http://ex.org/variable#57 http://www.ibm.com/timex#d http://ex.org/variable#43	1
http://ex.org/variable#57 http://www.ibm.com/timex#di_fi http://ex.org/variable#44	1
http://ex.org/variable#57 http://www.ibm.com/timex#d http://ex.org/variable#45	1
http://ex.org/variable#57 http://www.ibm.com/timex#o http://ex.org/variable#46	1
http://ex.org/variable#57 http://www.ibm.com/timex#o http://ex.org/variable#47	1
http://ex.org/variable#57 http://www.ibm.com/timex#o http://ex.org/variable#48	1
http://ex.org/variable#57 http://www.ibm.com/timex#d http://ex.org/variable#49	1
http://ex.org/variable#57 http://www.ibm.com/timex#di http://ex.org/variable#50	1
http://ex.org/variable#57 http://www.ibm.com/timex#o_d_s http://ex.org/variable#51	1
http://ex.org/variable#57 http://www.ibm.com/timex#oi http://ex.org/variable#52	1
http://ex.org/variable#57 http://www.ibm.com/timex#o http://ex.org/variable#53	1
http://ex.org/variable#57 http://www.ibm.com/timex#d http://ex.org/variable#54	1
http://ex.org/variable#57 http://www.ibm.com/timex#o_d_s http://ex.org/variable#55	1
http://ex.org/variable#57 http://www.ibm.com/timex#o http://ex.org/variable#56	1
http://ex.org/variable#57 http://www.ibm.com/timex#b http://ex.org/variable#58	1
http://ex.org/variable#57 http://www.ibm.com/timex#o http://ex.org/variable#59	1
http://ex.org/variable#57 http://www.ibm.com/timex#d http://ex.org/variable#60	1
http://ex.org/variable#57 http://www.ibm.com/timex#di http://ex.org/variable#61	1
http://ex.org/variable#57 http://www.ibm.com/timex#o http://ex.org/variable#62	1
http://ex.org/variable#57 http://www.ibm.com/timex#di http://ex.org/variable#63	1
http://ex.org/variable#57 http://www.ibm.com/timex#o http://ex.org/variable#64	1
http://ex.org/variable#57 http://www.ibm.com/timex#o http://ex.org/variable#65	1
http://ex.org/variable#57 http://www.ibm.com/timex#o http://ex.org/variable#66	1
http://ex.org/variable#57 http://www.ibm.com/timex#oi_f http://ex.org/variable#67	1
http://ex.org/variable#57 http://www.ibm.com/timex#o http://ex.org/variable#68	1
http://ex.org/variable#57 http://www.ibm.com/timex#oi http://ex.org/variable#69	1
http://ex.org/variable#57 http://www.ibm.com/timex#d http://ex.org/variable#70	1
http://ex.org/variable#57 http://www.ibm.com/timex#d http://ex.org/variable#71	1
http://ex.org/variable#57 http://www.ibm.com/timex#fi http://ex.org/variable#72	1
http://ex.org/variable#57 http://www.ibm.com/timex#o http://ex.org/variable#73	1
http://ex.org/variable#57 http://www.ibm.com/timex#o http://ex.org/variable#74	1
http://ex.org/variable#57 http://www.ibm.com/timex#di_fi http://ex.org/variable#75	1
http://ex.org/variable#57 http://www.ibm.com/timex#b_m_o http://ex.org/variable#76	1
http://ex.org/variable#57 http://www.ibm.com/timex#di http://ex.org/variable#77	1
http://ex.org/variable#57 http://www.ibm.com/timex#oi http://ex.org/variable#78	1
http://ex.org/variable#57 http://www.ibm.com/timex#d http://ex.org/variable#79	1
http://ex.org/variable#57 http://www.ibm.com/timex#o http://ex.org/variable#80	1
http://ex.org/variable#57 http://www.ibm.com/timex#oi http://ex.org/variable#81	1
http://ex.org/variable#57 http://www.ibm.com/timex#o_d_s http://ex.org/variable#82	1
http://ex.org/variable#57 http://www.ibm.com/timex#o http://ex.org/variable#83	1
http://ex.org/variable#57 http://www.ibm.com/timex#o http://ex.org/variable#84	1
http://ex.org/variable#57 http://www.ibm.com/timex#di http://ex.org/variable#85	1
http://ex.org/variable#57 http://www.ibm.com/timex#oi http://ex.org/variable#86	1
http://ex.org/variable#57 http://www.ibm.com/timex#di http://ex.org/variable#87	1
http://ex.org/variable#57 http://www.ibm.com/timex#o_d_s http://ex.org/variable#88	1
http://ex.org/variable#57 http://www.ibm.com/timex#o http://ex.org/variable#89	1
http://ex.org/variable#58 http://www.ibm.com/timex#bi http://ex.org/variable#0	1
http://ex.org/variable#58 http://www.ibm.com/timex#bi http://ex.org/variable#1	1
http://ex.org/variable#58 http://www.ibm.com/timex#oi_f http://ex.org/variable#2	1
http://ex.org/variable#58 http://www.ibm.com/timex#d http://ex.org/variable#3	1
http://ex.org/variable#58 http://www.ibm.com/timex#bi http://ex.org/variable#4	1
http://ex.org/variable#58 http://www.ibm.com/timex#d http://ex.org/variable#5	1
http://ex.org/variable#58 http://www.ibm.com/timex#bi http://ex.org/variable#6	1
http://ex.org/variable#58 http://www.ibm.com/timex#bi http://ex.org/variable#7	1
http://ex.org/variable#58 http://www.ibm.com/timex#oi http://ex.org/variable#8	1
http://ex.org/variable#58 http://www.ibm.com/timex#bi http://ex.org/variable#9	1
http://ex.org/variable#58 http://www.ibm.com/timex#bi http://ex.org/variable#10	1
http://ex.org/variable#58 http://www.ibm.com/timex#oi http://ex.org/variable#11	1
http://ex.org/variable#58 http://www.ibm.com/timex#bi http://ex.org/variable#12	1
http://ex.org/variable#58 http://www.ibm.com/timex#f http://ex.org/variable#13	1
http://ex.org/variable#58 http://www.ibm.com/timex#oi http://ex.org/variable#14	1
http://ex.org/variable#58 http://www.ibm.com/timex#bi_mi_oi http://ex.org/variable#15	1
http://ex.org/variable#58 http://www.ibm.com/timex#bi http://ex.org/variable#16	1
http://ex.org/variable#58 http://www.ibm.com/timex#d http://ex.org/variable#17	1
http://ex.org/variable#58 http://www.ibm.com/timex#d http://ex.org/variable#18	1
http://ex.org/variable#58 http://www.ibm.com/timex#bi http://ex.org/variable#19	1
http://ex.org/variable#58 http://www.ibm.com/timex#bi http://ex.org/variable#20	1
http://ex.org/variable#58 http://www.ibm.com/timex#bi_mi_oi http://ex.org/variable#21	1
http://ex.org/variable#58 http://www.ibm.com/timex#bi http://ex.org/variable#22	1
http://ex.org/variable#58 http://www.ibm.com/timex#bi http://ex.org/variable#23	1
http://ex.org/variable#58 http://www.ibm.com/timex#bi http://ex.org/variable#24	1
http://ex.org/variable#58 http://www.ibm.com/timex#bi http://ex.org/variable#25	1
http://ex.org/variable#58 http://www.ibm.com/timex#oi http://ex.org/variable#26	1
http://ex.org/variable#58 http://www.ibm.com/timex#mi_oi http://ex.org/variable#27	1
http://ex.org/variable#58 http://www.ibm.com/timex#oi_d_f http://ex.org/variable#28	1
http://ex.org/variable#58 http://www.ibm.com/timex#bi http://ex.org/variable#29	1
http://ex.org/variable#58 http://www.ibm.com/timex#bi http://ex.org/variable#30	1
http://ex.org/variable#58 http://www.ibm.com/timex#bi http://ex.org/variable#31	1
http://ex.org/variable#58 http://www.ibm.com/timex#bi http://ex.org/variable#32	1
http://ex.org/variable#58 http://www.ibm.com/timex#bi http://ex.org/variable#33	1
http://ex.org/variable#58 http://www.ibm.com/timex#oi http://ex.org/variable#34	1
http://ex.org/variable#58 http://www.ibm.com/timex#bi http://ex.org/variable#35	1
http://ex.org/variable#58 http://www.ibm.com/timex#oi http://ex.org/variable#36	1
http://ex.org/variable#58 http://www.ibm.com/timex#bi http://ex.org/variable#37	1
http://ex.org/variable#58 http://www.ibm.com/timex#bi http://ex.org/variable#38	1
http://ex.org/variable#58 http://www.ibm.com/timex#bi http://ex.org/variable#39	1
http://ex.org/variable#58 http://www.ibm.com/timex#bi http://ex.org/variable#40	1
http://ex.org/variable#58 http://www.ibm.com/timex#oi http://ex.org/variable#41	1
http://ex.org/variable#58 http://www.ibm.com/timex#mi_oi http://ex.org/variable#42	1
http://ex.org/variable#58 http://www.ibm.com/timex#oi http://ex.org/variable#43	1
http://ex.org/variable#58 http://www.ibm.com/timex#bi http://ex.org/variable#44	1
http://ex.org/variable#58 http://www.ibm.com/timex#bi http://ex.org/variable#45	1
http://ex.org/variable#58 http://www.ibm.com/timex#bi http://ex.org/variable#46	1
http://ex.org/variable#58 http://www.ibm.com/timex#bi http://ex.org/variable#47	1
http://ex.org/variable#58 http://www.ibm.com/timex#bi http://ex.org/variable#48	1
http://ex.org/variable#58 http://www.ibm.com/timex#bi http://ex.org/variable#49	1
http://ex.org/variable#58 http://www.ibm.com/timex#bi http://ex.org/variable#50	1
http://ex.org/variable#58 http://www.ibm.com/timex#oi http://ex.org/variable#51	1
http://ex.org/variable#58 http://www.ibm.com/timex#bi http://ex.org/variable#52	1
http://ex.org/variable#58 http://www.ibm.com/timex#oi_f http://ex.org/variable#53	1
http://ex.org/variable#58 http://www.ibm.com/timex#bi_oi http://ex.org/variable#54	1
http://ex.org/variable#58 http://www.ibm.com/timex#bi http://ex.org/variable#55	1
http://ex.org/variable#58 http://www.ibm.com/timex#bi http://ex.org/variable#56	1
http://ex.org/variable#58 http://www.ibm.com/timex#bi http://ex.org/variable#57	1
http://ex.org/variable#58 http://www.ibm.com/timex#bi http://ex.org/variable#59	1
http://ex.org/variable#58 http://www.ibm.com/timex#d http://ex.org/variable#60	1
http://ex.org/variable#58 http://www.ibm.com/timex#bi http://ex.org/variable#61	1
http://ex.org/variable#58 http://www.ibm.com/timex#d http://ex.org/variable#62	1
http://ex.org/variable#58 http://www.ibm.com/timex#bi http://ex.org/variable#63	1
http://ex.org/variable#58 http://www.ibm.com/timex#bi_mi_oi http://ex.org/variable#64	1
http://ex.org/variable#58 http://www.ibm.com/timex#bi_oi http://ex.org/variable#65	1
http://ex.org/variable#58 http://www.ibm.com/timex#mi_oi http://ex.org/variable#66	1
http://ex.org/variable#58 http://www.ibm.com/timex#bi http://ex.org/variable#67	1
http://ex.org/variable#58 http://www.ibm.com/timex#oi http://ex.org/variable#68	1
http://ex.org/variable#58 http://www.ibm.com/timex#bi http://ex.org/variable#69	1
http://ex.org/variable#58 http://www.ibm.com/timex#bi http://ex.org/variable#70	1
http://ex.org/variable#58 http://www.ibm.com/timex#bi http://ex.org/variable#71	1
http://ex.org/variable#58 http://www.ibm.com/timex#bi http://ex.org/variable#72	1
http://ex.org/variable#58 http://www.ibm.com/timex#bi http://ex.org/variable#73	1
http://ex.org/variable#58 http://www.ibm.com/timex#mi_oi http://ex.org/variable#74	1
http://ex.org/variable#58 http://www.ibm.com/timex#bi http://ex.org/variable#75	1
http://ex.org/variable#58 http://www.ibm.com/timex#oi http://ex.org/variable#76	1
http://ex.org/variable#58 http://www.ibm.com/timex#bi http://ex.org/variable#77	1
http://ex.org/variable#58 http://www.ibm.com/timex#bi http://ex.org/variable#78	1
http://ex.org/variable#58 http://www.ibm.com/timex#bi http://ex.org/variable#79	1
http://ex.org/variable#58 http://www.ibm.com/timex#d http://ex.org/variable#80	1
http://ex.org/variable#58 http://www.ibm.com/timex#bi http://ex.org/variable#81	1
http://ex.org/variable#58 http://www.ibm.com/timex#bi http://ex.org/variable#82	1
http://ex.org/variable#58 http://www.ibm.com/timex#oi http://ex.org/variable#83	1
http://ex.org/variable#58 http://www.ibm.com/timex#bi_mi_oi http://ex.org/variable#84	1
http://ex.org/variable#58 http://www.ibm.com/timex#bi http://ex.org/variable#85	1
http://ex.org/variable#58 http://www.ibm.com/timex#bi http://ex.org/variable#86	1
http://ex.org/variable#58 http://www.ibm.com/timex#bi http://ex.org/variable#87	1
http://ex.org/variable#58 http://www.ibm.com/timex#mi_oi http://ex.org/variable#88	1
http://ex.org/variable#58 http://www.ibm.com/timex#oi_d_f http://ex.org/variable#89	1
http://ex.org/variable#59 http://www.ibm.com/timex#di http://ex.org/variable#0	1
http://ex.org/variable#59 http://www.ibm.com/timex#d_f http://ex.org/variable#1	1
http://ex.org/variable#59 http://www.ibm.com/timex#d http://ex.org/variable#2	1
http://ex.org/variable#59 http://www.ibm.com/timex#d http://ex.org/variable#3	1
http://ex.org/variable#59 http://www.ibm.com/timex#o_oi_d_di_s_si http://ex.org/variable#4	1
http://ex.org/variable#59 http://www.ibm.com/timex#d http://ex.org/variable#5	1
http://ex.org/variable#59 http://www.ibm.com/timex#bi_mi http://ex.org/variable#6	1
http://ex.org/variable#59 http://www.ibm.com/timex#oi http://ex.org/variable#7	1
http://ex.org/variable#59 http://www.ibm.com/timex#d http://ex.org/variable#8	1
http://ex.org/variable#59 http://www.ibm.com/timex#oi http://ex.org/variable#9	1
http://ex.org/variable#59 http://www.ibm.com/timex#d http://ex.org/variable#10	1
http://ex.org/variable#59 http://www.ibm.com/timex#d http://ex.org/variable#11	1
http://ex.org/variable#59 http://www.ibm.com/timex#bi http://ex.org/variable#12	1
http://ex.org/variable#59 http://www.ibm.com/timex#d http://ex.org/variable#13	1
http://ex.org/variable#59 http://www.ibm.com/timex#d http://ex.org/variable#14	1
http://ex.org/variable#59 http://www.ibm.com/timex#d http://ex.org/variable#15	1
http://ex.org/variable#59 http://www.ibm.com/timex#bi_mi http://ex.org/variable#16	1
http://ex.org/variable#59 http://www.ibm.com/timex#d http://ex.org/variable#17	1
http://ex.org/variable#59 http://www.ibm.com/timex#d http://ex.org/variable#18	1
http://ex.org/variable#59 http://www.ibm.com/timex#bi http://ex.org/variable#19	1
http://ex.org/variable#59 http://www.ibm.com/timex#bi http://ex.org/variable#20	1
http://ex.org/variable#59 http://www.ibm.com/timex#oi_d_f http://ex.org/variable#21	1
http://ex.org/variable#59 http://www.ibm.com/timex#oi_si http://ex.org/variable#22	1
http://ex.org/variable#59 http://www.ibm.com/timex#bi http://ex.org/variable#23	1
http://ex.org/variable#59 http://www.ibm.com/timex#o_d_s http://ex.org/variable#24	1
http://ex.org/variable#59 http://www.ibm.com/timex#bi http://ex.org/variable#25	1
http://ex.org/variable#59 http://www.ibm.com/timex#d http://ex.org/variable#26	1
http://ex.org/variable#59 http://www.ibm.com/timex#d http://ex.org/variable#27	1
http://ex.org/variable#59 http://www.ibm.com/timex#d http://ex.org/variable#28	1
http://ex.org/variable#59 http://www.ibm.com/timex#bi_mi_oi http://ex.org/variable#29	1
http://ex.org/variable#59 http://www.ibm.com/timex#bi http://ex.org/variable#30	1
http://ex.org/variable#59 http://www.ibm.com/timex#bi_mi_oi_di_si http://ex.org/variable#31	1
http://ex.org/variable#59 http://www.ibm.com/timex#oi http://ex.org/variable#32	1
http://ex.org/variable#59 http://www.ibm.com/timex#d http://ex.org/variable#33	1
http://ex.org/variable#59 http://www.ibm.com/timex#d http://ex.org/variable#34	1
http://ex.org/variable#59 http://www.ibm.com/timex#mi_oi http://ex.org/variable#35	1
http://ex.org/variable#59 http://www.ibm.com/timex#d http://ex.org/variable#36	1
http://ex.org/variable#59 http://www.ibm.com/timex#bi http://ex.org/variable#37	1
http://ex.org/variable#59 http://www.ibm.com/timex#bi_mi_oi http://ex.org/variable#38	1
http://ex.org/variable#59 http://www.ibm.com/timex#oi http://ex.org/variable#39	1
http://ex.org/variable#59 http://www.ibm.com/timex#eq_o_d_s_f_fi http://ex.org/variable#40	1
http://ex.org/variable#59 http://www.ibm.com/timex#o_d_s http://ex.org/variable#41	1
http://ex.org/variable#59 http://www.ibm.com/timex#d http://ex.org/variable#42	1
http://ex.org/variable#59 http://www.ibm.com/timex#d http://ex.org/variable#43	1
http://ex.org/variable#59 http://www.ibm.com/timex#bi_mi_oi http://ex.org/variable#44	1
http://ex.org/variable#59 http://www.ibm.com/timex#oi http://ex.org/variable#45	1
http://ex.org/variable#59 http://www.ibm.com/timex#oi_d_f http://ex.org/variable#46	1
http://ex.org/variable#59 http://www.ibm.com/timex#oi http://ex.org/variable#47	1
http://ex.org/variable#59 http://www.ibm.com/timex#d http://ex.org/variable#48	1
http://ex.org/variable#59 http://www.ibm.com/timex#d_f http://ex.org/variable#49	1
http://ex.org/variable#59 http://www.ibm.com/timex#bi http://ex.org/variable#50	1
http://ex.org/variable#59 http://www.ibm.com/timex#d http://ex.org/variable#51	1
http://ex.org/variable#59 http://www.ibm.com/timex#oi http://ex.org/variable#52	1
http://ex.org/variable#59 http://www.ibm.com/timex#d http://ex.org/variable#53	1
http://ex.org/variable#59 http://www.ibm.com/timex#oi_d_f http://ex.org/variable#54	1
http://ex.org/variable#59 http://www.ibm.com/timex#oi http://ex.org/variable#55	1
http://ex.org/variable#59 http://www.ibm.com/timex#oi_d_f http://ex.org/variable#56	1
http://ex.org/variable#59 http://www.ibm.com/timex#oi http://ex.org/variable#57	1
http://ex.org/variable#59 http://www.ibm.com/timex#b http://ex.org/variable#58	1
http://ex.org/variable#59 http://www.ibm.com/timex#d http://ex.org/variable#60	1
http://ex.org/variable#59 http://www.ibm.com/timex#bi http://ex.org/variable#61	1
http://ex.org/variable#59 http://www.ibm.com/timex#d http://ex.org/variable#62	1
http://ex.org/variable#59 http://www.ibm.com/timex#bi http://ex.org/variable#63	1
http://ex.org/variable#59 http://www.ibm.com/timex#d http://ex.org/variable#64	1
http://ex.org/variable#59 http://www.ibm.com/timex#d http://ex.org/variable#65	1
http://ex.org/variable#59 http://www.ibm.com/timex#d http://ex.org/variable#66	1
http://ex.org/variable#59 http://www.ibm.com/timex#mi_oi http://ex.org/variable#67	1
http://ex.org/variable#59 http://www.ibm.com/timex#d http://ex.org/variable#68	1
http://ex.org/variable#59 http://www.ibm.com/timex#bi http://ex.org/variable#69	1
http://ex.org/variable#59 http://www.ibm.com/timex#oi http://ex.org/variable#70	1
http://ex.org/variable#59 http://www.ibm.com/timex#oi http://ex.org/variable#71	1
http://ex.org/variable#59 http://www.ibm.com/timex#oi http://ex.org/variable#72	1
http://ex.org/variable#59 http://www.ibm.com/timex#d_f http://ex.org/variable#73	1
http://ex.org/variable#59 http://www.ibm.com/timex#d http://ex.org/variable#74	1
http://ex.org/variable#59 http://www.ibm.com/timex#oi http://ex.org/variable#75	1
http://ex.org/variable#59 http://www.ibm.com/timex#o_d_s http://ex.org/variable#76	1
http://ex.org/variable#59 http://www.ibm.com/timex#bi http://ex.org/variable#77	1
http://ex.org/variable#59 http://www.ibm.com/timex#oi http://ex.org/variable#78	1
http://ex.org/variable#59 http://www.ibm.com/timex#d_f http://ex.org/variable#79	1
http://ex.org/variable#59 http://www.ibm.com/timex#o_d_s http://ex.org/variable#80	1
http://ex.org/variable#59 http://www.ibm.com/timex#bi http://ex.org/variable#81	1
http://ex.org/variable#59 http://www.ibm.com/timex#f http://ex.org/variable#82	1
http://ex.org/variable#59 http://www.ibm.com/timex#d http://ex.org/variable#83	1
http://ex.org/variable#59 http://www.ibm.com/timex#d http://ex.org/variable#84	1
http://ex.org/variable#59 http://www.ibm.com/timex#bi_mi http://ex.org/variable#85	1
http://ex.org/variable#59 http://www.ibm.com/timex#bi_mi_oi http://ex.org/variable#86	1
http://ex.org/variable#59 http://www.ibm.com/timex#mi_oi http://ex.org/variable#87	1
http://ex.org/variable#59 http://www.ibm.com/timex#d http://ex.org/variable#88	1
http://ex.org/variable#59 http://www.ibm.com/timex#d http://ex.org/variable#89	1
http://ex.org/variable#60 http://www.ibm.com/timex#di http://ex.org/variable#0	1
http://ex.org/variable#60 http://www.ibm.com/timex#di http://ex.org/variable#1	1
http://ex.org/variable#60 http://www.ibm.com/timex#di http://ex.org/variable#2	1
http://ex.org/variable#60 http://www.ibm.com/timex#o_di_fi http://ex.org/variable#3	1
http://ex.org/variable#60 http://www.ibm.com/timex#di http://ex.org/variable#4	1
http://ex.org/variable#60 http://www.ibm.com/timex#o http://ex.org/variable#5	1
http://ex.org/variable#60 http://www.ibm.com/timex#di http://ex.org/variable#6	1
http://ex.org/variable#60 http://www.ibm.com/timex#di http://ex.org/variable#7	1
http://ex.org/variable#60 http://www.ibm.com/timex#di http://ex.org/variable#8	1
http://ex.org/variable#60 http://www.ibm.com/timex#oi_di_si http://ex.org/variable#9	1
http://ex.org/variable#60 http://www.ibm.com/timex#oi_di_si http://ex.org/variable#10	1
http://ex.org/variable#60 http://www.ibm.com/timex#di http://ex.org/variable#11	1
http://ex.org/variable#60 http://www.ibm.com/timex#di http://ex.org/variable#12	1
http://ex.org/variable#60 http://www.ibm.com/timex#di http://ex.org/variable#13	1
http://ex.org/variable#60 http://www.ibm.com/timex#di http://ex.org/variable#14	1
http://ex.org/variable#60 http://www.ibm.com/timex#di http://ex.org/variable#15	1
http://ex.org/variable#60 http://www.ibm.com/timex#di http://ex.org/variable#16	1
http://ex.org/variable#60 http://www.ibm.com/timex#o http://ex.org/variable#17	1
http://ex.org/variable#60 http://www.ibm.com/timex#o http://ex.org/variable#18	1
http://ex.org/variable#60 http://www.ibm.com/timex#di http://ex.org/variable#19	1
http://ex.org/variable#60 http://www.ibm.com/timex#di http://ex.org/variable#20	1
http://ex.org/variable#60 http://www.ibm.com/timex#di http://ex.org/variable#21	1
http://ex.org/variable#60 http://www.ibm.com/timex#di http://ex.org/variable#22	1
http://ex.org/variable#60 http://www.ibm.com/timex#di http://ex.org/variable#23	1
http://ex.org/variable#60 http://www.ibm.com/timex#di http://ex.org/variable#24	1
http://ex.org/variable#60 http://www.ibm.com/timex#di http://ex.org/variable#25	1
http://ex.org/variable#60 http://www.ibm.com/timex#di http://ex.org/variable#26	1
http://ex.org/variable#60 http://www.ibm.com/timex#di http://ex.org/variable#27	1
http://ex.org/variable#60 http://www.ibm.com/timex#eq_o_oi_d_di_s_si_f_fi http://ex.org/variable#28	1
http://ex.org/variable#60 http://www.ibm.com/timex#di http://ex.org/variable#29	1
http://ex.org/variable#60 http://www.ibm.com/timex#di http://ex.org/variable#30	1
http://ex.org/variable#60 http://www.ibm.com/timex#di http://ex.org/variable#31	1
http://ex.org/variable#60 http://www.ibm.com/timex#di http://ex.org/variable#32	1
http://ex.org/variable#60 http://www.ibm.com/timex#di http://ex.org/variable#33	1
http://ex.org/variable#60 http://www.ibm.com/timex#di http://ex.org/variable#34	1
http://ex.org/variable#60 http://www.ibm.com/timex#di http://ex.org/variable#35	1
http://ex.org/variable#60 http://www.ibm.com/timex#di http://ex.org/variable#36	1
http://ex.org/variable#60 http://www.ibm.com/timex#di http://ex.org/variable#37	1
http://ex.org/variable#60 http://www.ibm.com/timex#di http://ex.org/variable#38	1
http://ex.org/variable#60 http://www.ibm.com/timex#di http://ex.org/variable#39	1
http://ex.org/variable#60 http://www.ibm.com/timex#di http://ex.org/variable#40	1
http://ex.org/variable#60 http://www.ibm.com/timex#di http://ex.org/variable#41	1
http://ex.org/variable#60 http://www.ibm.com/timex#di http://ex.org/variable#42	1
http://ex.org/variable#60 http://www.ibm.com/timex#di http://ex.org/variable#43	1
http://ex.org/variable#60 http://www.ibm.com/timex#di http://ex.org/variable#44	1
http://ex.org/variable#60 http://www.ibm.com/timex#di http://ex.org/variable#45	1
http://ex.org/variable#60 http://www.ibm.com/timex#di http://ex.org/variable#46	1
http://ex.org/variable#60 http://www.ibm.com/timex#di http://ex.org/variable#47	1
http://ex.org/variable#60 http://www.ibm.com/timex#di http://ex.org/variable#48	1
http://ex.org/variable#60 http://www.ibm.com/timex#di http://ex.org/variable#49	1
http://ex.org/variable#60 http://www.ibm.com/timex#di http://ex.org/variable#50	1
http://ex.org/variable#60 http://www.ibm.com/timex#di http://ex.org/variable#51	1
http://ex.org/variable#60 http://www.ibm.com/timex#di http://ex.org/variable#52	1
http://ex.org/variable#60 http://www.ibm.com/timex#di http://ex.org/variable#53	1
http://ex.org/variable#60 http://www.ibm.com/timex#di http://ex.org/variable#54	1
http://ex.org/variable#60 http://www.ibm.com/timex#di http://ex.org/variable#55	1
http://ex.org/variable#60 http://www.ibm.com/timex#di http://ex.org/variable#56	1
http://ex.org/variable#60 http://www.ibm.com/timex#di http://ex.org/variable#57	1
http://ex.org/variable#60 http://www.ibm.com/timex#di http://ex.org/variable#58	1
http://ex.org/variable#60 http://www.ibm.com/timex#di http://ex.org/variable#59	1
http://ex.org/variable#60 http://www.ibm.com/timex#di http://ex.org/variable#61	1
http://ex.org/variable#60 http://www.ibm.com/timex#o http://ex.org/variable#62	1
http://ex.org/variable#60 http://www.ibm.com/timex#di http://ex.org/variable#63	1
http://ex.org/variable#60 http://www.ibm.com/timex#di http://ex.org/variable#64	1
http://ex.org/variable#60 http://www.ibm.com/timex#di http://ex.org/variable#65	1
http://ex.org/variable#60 http://www.ibm.com/timex#di http://ex.org/variable#66	1
http://ex.org/variable#60 http://www.ibm.com/timex#di http://ex.org/variable#67	1
http://ex.org/variable#60 http://www.ibm.com/timex#di http://ex.org/variable#68	1
http://ex.org/variable#60 http://www.ibm.com/timex#di http://ex.org/variable#69	1
http://ex.org/variable#60 http://www.ibm.com/timex#di http://ex.org/variable#70	1
http://ex.org/variable#60 http://www.ibm.com/timex#di http://ex.org/variable#71	1
http://ex.org/variable#60 http://www.ibm.com/timex#di http://ex.org/variable#72	1
http://ex.org/variable#60 http://www.ibm.com/timex#di http://ex.org/variable#73	1
http://ex.org/variable#60 http://www.ibm.com/timex#di http://ex.org/variable#74	1
http://ex.org/variable#60 http://www.ibm.com/timex#di http://ex.org/variable#75	1
http://ex.org/variable#60 http://www.ibm.com/timex#di http://ex.org/variable#76	1
http://ex.org/variable#60 http://www.ibm.com/timex#di http://ex.org/variable#77	1
http://ex.org/variable#60 http://www.ibm.com/timex#di http://ex.org/variable#78	1
http://ex.org/variable#60 http://www.ibm.com/timex#di http://ex.org/variable#79	1
http://ex.org/variable#60 http://www.ibm.com/timex#o http://ex.org/variable#80	1
http://ex.org/variable#60 http://www.ibm.com/timex#oi_di_si http://ex.org/variable#81	1
http://ex.org/variable#60 http://www.ibm.com/timex#di http://ex.org/variable#82	1
http://ex.org/variable#60 http://www.ibm.com/timex#di http://ex.org/variable#83	1
http://ex.org/variable#60 http://www.ibm.com/timex#di http://ex.org/variable#84	1
http://ex.org/variable#60 http://www.ibm.com/timex#di http://ex.org/variable#85	1
http://ex.org/variable#60 http://www.ibm.com/timex#oi_di_si http://ex.org/variable#86	1
http://ex.org/variable#60 http://www.ibm.com/timex#di http://ex.org/variable#87	1
http://ex.org/variable#60 http://www.ibm.com/timex#di http://ex.org/variable#88	1
http://ex.org/variable#60 http://www.ibm.com/timex#o_di_fi http://ex.org/variable#89	1
http://ex.org/variable#61 http://www.ibm.com/timex#b http://ex.org/variable#0	1
http://ex.org/variable#61 http://www.ibm.com/timex#o http://ex.org/variable#1	1
http://ex.org/variable#61 http://www.ibm.com/timex#o http://ex.org/variable#2	1
http://ex.org/variable#61 http://www.ibm.com/timex#o http://ex.org/variable#3	1
http://ex.org/variable#61 http://www.ibm.com/timex#b_o http://ex.org/variable#4	1
http://ex.org/variable#61 http://www.ibm.com/timex#d http://ex.org/variable#5	1
http://ex.org/variable#61 http://www.ibm.com/timex#o http://ex.org/variable#6	1
http://ex.org/variable#61 http://www.ibm.com/timex#o http://ex.org/variable#7	1
http://ex.org/variable#61 http://www.ibm.com/timex#d http://ex.org/variable#8	1
http://ex.org/variable#61 http://www.ibm.com/timex#d http://ex.org/variable#9	1
http://ex.org/variable#61 http://www.ibm.com/timex#d http://ex.org/variable#10	1
http://ex.org/variable#61 http://www.ibm.com/timex#o http://ex.org/variable#11	1
http://ex.org/variable#61 http://www.ibm.com/timex#oi_di_si http://ex.org/variable#12	1
http://ex.org/variable#61 http://www.ibm.com/timex#d http://ex.org/variable#13	1
http://ex.org/variable#61 http://www.ibm.com/timex#o http://ex.org/variable#14	1
http://ex.org/variable#61 http://www.ibm.com/timex#o http://ex.org/variable#15	1
http://ex.org/variable#61 http://www.ibm.com/timex#o_d_s http://ex.org/variable#16	1
http://ex.org/variable#61 http://www.ibm.com/timex#o http://ex.org/variable#17	1
http://ex.org/variable#61 http://www.ibm.com/timex#d http://ex.org/variable#18	1
http://ex.org/variable#61 http://www.ibm.com/timex#oi http://ex.org/variable#19	1
http://ex.org/variable#61 http://www.ibm.com/timex#oi_di_si http://ex.org/variable#20	1
http://ex.org/variable#61 http://www.ibm.com/timex#o_d_s http://ex.org/variable#21	1
http://ex.org/variable#61 http://www.ibm.com/timex#b http://ex.org/variable#22	1
http://ex.org/variable#61 http://www.ibm.com/timex#oi http://ex.org/variable#23	1
http://ex.org/variable#61 http://www.ibm.com/timex#b http://ex.org/variable#24	1
http://ex.org/variable#61 http://www.ibm.com/timex#di http://ex.org/variable#25	1
http://ex.org/variable#61 http://www.ibm.com/timex#d http://ex.org/variable#26	1
http://ex.org/variable#61 http://www.ibm.com/timex#o http://ex.org/variable#27	1
http://ex.org/variable#61 http://www.ibm.com/timex#d http://ex.org/variable#28	1
http://ex.org/variable#61 http://www.ibm.com/timex#o http://ex.org/variable#29	1
http://ex.org/variable#61 http://www.ibm.com/timex#oi_si http://ex.org/variable#30	1
http://ex.org/variable#61 http://www.ibm.com/timex#b http://ex.org/variable#31	1
http://ex.org/variable#61 http://www.ibm.com/timex#d http://ex.org/variable#32	1
http://ex.org/variable#61 http://www.ibm.com/timex#o http://ex.org/variable#33	1
http://ex.org/variable#61 http://www.ibm.com/timex#o http://ex.org/variable#34	1
http://ex.org/variable#61 http://www.ibm.com/timex#o http://ex.org/variable#35	1
http://ex.org/variable#61 http://www.ibm.com/timex#o http://ex.org/variable#36	1
http://ex.org/variable#61 http://www.ibm.com/timex#fi http://ex.org/variable#37	1
http://ex.org/variable#61 http://www.ibm.com/timex#o_s http://ex.org/variable#38	1
http://ex.org/variable#61 http://www.ibm.com/timex#o_d_s http://ex.org/variable#39	1
http://ex.org/variable#61 http://www.ibm.com/timex#b http://ex.org/variable#40	1
http://ex.org/variable#61 http://www.ibm.com/timex#b http://ex.org/variable#41	1
http://ex.org/variable#61 http://www.ibm.com/timex#d http://ex.org/variable#42	1
http://ex.org/variable#61 http://www.ibm.com/timex#d http://ex.org/variable#43	1
http://ex.org/variable#61 http://www.ibm.com/timex#o_di_fi http://ex.org/variable#44	1
http://ex.org/variable#61 http://www.ibm.com/timex#d http://ex.org/variable#45	1
http://ex.org/variable#61 http://www.ibm.com/timex#o http://ex.org/variable#46	1
http://ex.org/variable#61 http://www.ibm.com/timex#o http://ex.org/variable#47	1
http://ex.org/variable#61 http://www.ibm.com/timex#o http://ex.org/variable#48	1
http://ex.org/variable#61 http://www.ibm.com/timex#d http://ex.org/variable#49	1
http://ex.org/variable#61 http://www.ibm.com/timex#di http://ex.org/variable#50	1
http://ex.org/variable#61 http://www.ibm.com/timex#o_d_s http://ex.org/variable#51	1
http://ex.org/variable#61 http://www.ibm.com/timex#d http://ex.org/variable#52	1
http://ex.org/variable#61 http://www.ibm.com/timex#o http://ex.org/variable#53	1
http://ex.org/variable#61 http://www.ibm.com/timex#d http://ex.org/variable#54	1
http://ex.org/variable#61 http://www.ibm.com/timex#d http://ex.org/variable#55	1
http://ex.org/variable#61 http://www.ibm.com/timex#o http://ex.org/variable#56	1
http://ex.org/variable#61 http://www.ibm.com/timex#d http://ex.org/variable#57	1
http://ex.org/variable#61 http://www.ibm.com/timex#b http://ex.org/variable#58	1
http://ex.org/variable#61 http://www.ibm.com/timex#b http://ex.org/variable#59	1
http://ex.org/variable#61 http://www.ibm.com/timex#d http://ex.org/variable#60	1
http://ex.org/variable#61 http://www.ibm.com/timex#o http://ex.org/variable#62	1
http://ex.org/variable#61 http://www.ibm.com/timex#di http://ex.org/variable#63	1
http://ex.org/variable#61 http://www.ibm.com/timex#o http://ex.org/variable#64	1
http://ex.org/variable#61 http://www.ibm.com/timex#o http://ex.org/variable#65	1
http://ex.org/variable#61 http://www.ibm.com/timex#o_s http://ex.org/variable#66	1
http://ex.org/variable#61 http://www.ibm.com/timex#d http://ex.org/variable#67	1
http://ex.org/variable#61 http://www.ibm.com/timex#o http://ex.org/variable#68	1
http://ex.org/variable#61 http://www.ibm.com/timex#oi http://ex.org/variable#69	1
http://ex.org/variable#61 http://www.ibm.com/timex#d http://ex.org/variable#70	1
http://ex.org/variable#61 http://www.ibm.com/timex#d http://ex.org/variable#71	1
http://ex.org/variable#61 http://www.ibm.com/timex#o http://ex.org/variable#72	1
http://ex.org/variable#61 http://www.ibm.com/timex#o http://ex.org/variable#73	1
http://ex.org/variable#61 http://www.ibm.com/timex#d_s http://ex.org/variable#74	1
http://ex.org/variable#61 http://www.ibm.com/timex#o http://ex.org/variable#75	1
http://ex.org/variable#61 http://www.ibm.com/timex#b http://ex.org/variable#76	1
http://ex.org/variable#61 http://www.ibm.com/timex#di http://ex.org/variable#77	1
http://ex.org/variable#61 http://www.ibm.com/timex#d http://ex.org/variable#78	1
http://ex.org/variable#61 http://www.ibm.com/timex#d http://ex.org/variable#79	1
http://ex.org/variable#61 http://www.ibm.com/timex#b http://ex.org/variable#80	1
http://ex.org/variable#61 http://www.ibm.com/timex#f http://ex.org/variable#81	1
http://ex.org/variable#61 http://www.ibm.com/timex#o_d_s http://ex.org/variable#82	1
http://ex.org/variable#61 http://www.ibm.com/timex#o http://ex.org/variable#83	1
http://ex.org/variable#61 http://www.ibm.com/timex#o http://ex.org/variable#84	1
http://ex.org/variable#61 http://www.ibm.com/timex#o http://ex.org/variable#85	1
http://ex.org/variable#61 http://www.ibm.com/timex#d http://ex.org/variable#86	1
http://ex.org/variable#61 http://www.ibm.com/timex#o http://ex.org/variable#87	1
http://ex.org/variable#61 http://www.ibm.com/timex#m_o_d http://ex.org/variable#88	1
http://ex.org/variable#61 http://www.ibm.com/timex#o http://ex.org/variable#89	1
http://ex.org/variable#62 http://www.ibm.com/timex#di http://ex.org/variable#0	1
http://ex.org/variable#62 http://www.ibm.com/timex#oi_di_si http://ex.org/variable#1	1
http://ex.org/variable#62 http://www.ibm.com/timex#di http://ex.org/variable#2	1
http://ex.org/variable#62 http://www.ibm.com/timex#oi http://ex.org/variable#3	1
http://ex.org/variable#62 http://www.ibm.com/timex#di http://ex.org/variable#4	1
http://ex.org/variable#62 http://www.ibm.com/timex#d http://ex.org/variable#5	1
http://ex.org/variable#62 http://www.ibm.com/timex#di http://ex.org/variable#6	1
http://ex.org/variable#62 http://www.ibm.com/timex#oi_di_si http://ex.org/variable#7	1
http://ex.org/variable#62 http://www.ibm.com/timex#oi http://ex.org/variable#8	1
http://ex.org/variable#62 http://www.ibm.com/timex#oi http://ex.org/variable#9	1
http://ex.org/variable#62 http://www.ibm.com/timex#oi http://ex.org/variable#10	1
http://ex.org/variable#62 http://www.ibm.com/timex#di http://ex.org/variable#11	1
http://ex.org/variable#62 http://www.ibm.com/timex#bi_mi_oi http://ex.org/variable#12	1
http://ex.org/variable#62 http://www.ibm.com/timex#oi http://ex.org/variable#13	1
http://ex.org/variable#62 http://www.ibm.com/timex#di http://ex.org/variable#14	1
http://ex.org/variable#62 http://www.ibm.com/timex#oi http://ex.org/variable#15	1
http://ex.org/variable#62 http://www.ibm.com/timex#oi http://ex.org/variable#16	1
http://ex.org/variable#62 http://www.ibm.com/timex#oi_si http://ex.org/variable#17	1
http://ex.org/variable#62 http://www.ibm.com/timex#oi http://ex.org/variable#18	1
http://ex.org/variable#62 http://www.ibm.com/timex#oi http://ex.org/variable#19	1
http://ex.org/variable#62 http://www.ibm.com/timex#oi http://ex.org/variable#20	1
http://ex.org/variable#62 http://www.ibm.com/timex#oi http://ex.org/variable#21	1
http://ex.org/variable#62 http://www.ibm.com/timex#di http://ex.org/variable#22	1
http://ex.org/variable#62 http://www.ibm.com/timex#oi http://ex.org/variable#23	1
http://ex.org/variable#62 http://www.ibm.com/timex#di http://ex.org/variable#24	1
http://ex.org/variable#62 http://www.ibm.com/timex#oi http://ex.org/variable#25	1
http://ex.org/variable#62 http://www.ibm.com/timex#oi http://ex.org/variable#26	1
http://ex.org/variable#62 http://www.ibm.com/timex#oi http://ex.org/variable#27	1
http://ex.org/variable#62 http://www.ibm.com/timex#oi_d_f http://ex.org/variable#28	1
http://ex.org/variable#62 http://www.ibm.com/timex#oi http://ex.org/variable#29	1
http://ex.org/variable#62 http://www.ibm.com/timex#oi http://ex.org/variable#30	1
http://ex.org/variable#62 http://www.ibm.com/timex#di http://ex.org/variable#31	1
http://ex.org/variable#62 http://www.ibm.com/timex#oi http://ex.org/variable#32	1
http://ex.org/variable#62 http://www.ibm.com/timex#di http://ex.org/variable#33	1
http://ex.org/variable#62 http://www.ibm.com/timex#oi_di_si http://ex.org/variable#34	1
http://ex.org/variable#62 http://www.ibm.com/timex#oi http://ex.org/variable#35	1
http://ex.org/variable#62 http://www.ibm.com/timex#oi http://ex.org/variable#36	1
http://ex.org/variable#62 http://www.ibm.com/timex#di http://ex.org/variable#37	1
http://ex.org/variable#62 http://www.ibm.com/timex#oi http://ex.org/variable#38	1
http://ex.org/variable#62 http://www.ibm.com/timex#oi http://ex.org/variable#39	1
http://ex.org/variable#62 http://www.ibm.com/timex#di http://ex.org/variable#40	1
http://ex.org/variable#62 http://www.ibm.com/timex#di http://ex.org/variable#41	1
http://ex.org/variable#62 http://www.ibm.com/timex#oi http://ex.org/variable#42	1
http://ex.org/variable#62 http://www.ibm.com/timex#oi http://ex.org/variable#43	1
http://ex.org/variable#62 http://www.ibm.com/timex#oi_di http://ex.org/variable#44	1
http://ex.org/variable#62 http://www.ibm.com/timex#oi http://ex.org/variable#45	1
http://ex.org/variable#62 http://www.ibm.com/timex#di http://ex.org/variable#46	1
http://ex.org/variable#62 http://www.ibm.com/timex#di http://ex.org/variable#47	1
http://ex.org/variable#62 http://www.ibm.com/timex#oi http://ex.org/variable#48	1
http://ex.org/variable#62 http://www.ibm.com/timex#oi http://ex.org/variable#49	1
http://ex.org/variable#62 http://www.ibm.com/timex#oi_di_si http://ex.org/variable#50	1
http://ex.org/variable#62 http://www.ibm.com/timex#oi http://ex.org/variable#51	1
http://ex.org/variable#62 http://www.ibm.com/timex#oi http://ex.org/variable#52	1
http://ex.org/variable#62 http://www.ibm.com/timex#di http://ex.org/variable#53	1
http://ex.org/variable#62 http://www.ibm.com/timex#oi http://ex.org/variable#54	1
http://ex.org/variable#62 http://www.ibm.com/timex#oi http://ex.org/variable#55	1
http://ex.org/variable#62 http://www.ibm.com/timex#oi http://ex.org/variable#56	1
http://ex.org/variable#62 http://www.ibm.com/timex#oi http://ex.org/variable#57	1
http://ex.org/variable#62 http://www.ibm.com/timex#di http://ex.org/variable#58	1
http://ex.org/variable#62 http://www.ibm.com/timex#di http://ex.org/variable#59	1
http://ex.org/variable#62 http://www.ibm.com/timex#oi http://ex.org/variable#60	1
http://ex.org/variable#62 http://www.ibm.com/timex#oi http://ex.org/variable#61	1
http://ex.org/variable#62 http://www.ibm.com/timex#oi_di_si http://ex.org/variable#63	1
http://ex.org/variable#62 http://www.ibm.com/timex#oi_di_si http://ex.org/variable#64	1
http://ex.org/variable#62 http://www.ibm.com/timex#oi_di_si http://ex.org/variable#65	1
http://ex.org/variable#62 http://www.ibm.com/timex#oi http://ex.org/variable#66	1
http://ex.org/variable#62 http://www.ibm.com/timex#oi http://ex.org/variable#67	1
http://ex.org/variable#62 http://www.ibm.com/timex#di http://ex.org/variable#68	1
http://ex.org/variable#62 http://www.ibm.com/timex#oi http://ex.org/variable#69	1
http://ex.org/variable#62 http://www.ibm.com/timex#oi http://ex.org/variable#70	1
http://ex.org/variable#62 http://www.ibm.com/timex#oi http://ex.org/variable#71	1
http://ex.org/variable#62 http://www.ibm.com/timex#oi http://ex.org/variable#72	1
http://ex.org/variable#62 http://www.ibm.com/timex#oi http://ex.org/variable#73	1
http://ex.org/variable#62 http://www.ibm.com/timex#oi http://ex.org/variable#74	1
http://ex.org/variable#62 http://www.ibm.com/timex#oi http://ex.org/variable#75	1
http://ex.org/variable#62 http://www.ibm.com/timex#di http://ex.org/variable#76	1
http://ex.org/variable#62 http://www.ibm.com/timex#oi_di_si http://ex.org/variable#77	1
http://ex.org/variable#62 http://www.ibm.com/timex#oi http://ex.org/variable#78	1
http://ex.org/variable#62 http://www.ibm.com/timex#oi http://ex.org/variable#79	1
http://ex.org/variable#62 http://www.ibm.com/timex#o http://ex.org/variable#80	1
http://ex.org/variable#62 http://www.ibm.com/timex#oi http://ex.org/variable#81	1
http://ex.org/variable#62 http://www.ibm.com/timex#oi http://ex.org/variable#82	1
http://ex.org/variable#62 http://www.ibm.com/timex#oi http://ex.org/variable#83	1
http://ex.org/variable#62 http://www.ibm.com/timex#oi_di_si http://ex.org/variable#84	1
http://ex.org/variable#62 http://www.ibm.com/timex#oi http://ex.org/variable#85	1
http://ex.org/variable#62 http://www.ibm.com/timex#oi http://ex.org/variable#86	1
http://ex.org/variable#62 http://www.ibm.com/timex#oi http://ex.org/variable#87	1
http://ex.org/variable#62 http://www.ibm.com/timex#oi_di_si http://ex.org/variable#88	1
http://ex.org/variable#62 http://www.ibm.com/timex#di http://ex.org/variable#89	1
http://ex.org/variable#63 http://www.ibm.com/timex#b http://ex.org/variable#0	1
http://ex.org/variable#63 http://www.ibm.com/timex#o_s http://ex.org/variable#1	1
http://ex.org/variable#63 http://www.ibm.com/timex#b_m_o http://ex.org/variable#2	1
http://ex.org/variable#63 http://www.ibm.com/timex#d http://ex.org/variable#3	1
http://ex.org/variable#63 http://www.ibm.com/timex#b_m_o http://ex.org/variable#4	1
http://ex.org/variable#63 http://www.ibm.com/timex#d http://ex.org/variable#5	1
http://ex.org/variable#63 http://www.ibm.com/timex#m_o http://ex.org/variable#6	1
http://ex.org/variable#63 http://www.ibm.com/timex#d http://ex.org/variable#7	1
http://ex.org/variable#63 http://www.ibm.com/timex#d http://ex.org/variable#8	1
http://ex.org/variable#63 http://www.ibm.com/timex#d http://ex.org/variable#9	1
http://ex.org/variable#63 http://www.ibm.com/timex#d http://ex.org/variable#10	1
http://ex.org/variable#63 http://www.ibm.com/timex#m_o http://ex.org/variable#11	1
http://ex.org/variable#63 http://www.ibm.com/timex#bi_mi_oi http://ex.org/variable#12	1
http://ex.org/variable#63 http://www.ibm.com/timex#d http://ex.org/variable#13	1
http://ex.org/variable#63 http://www.ibm.com/timex#o http://ex.org/variable#14	1
http://ex.org/variable#63 http://www.ibm.com/timex#d http://ex.org/variable#15	1
http://ex.org/variable#63 http://www.ibm.com/timex#d http://ex.org/variable#16	1
http://ex.org/variable#63 http://www.ibm.com/timex#d http://ex.org/variable#17	1
http://ex.org/variable#63 http://www.ibm.com/timex#d http://ex.org/variable#18	1
http://ex.org/variable#63 http://www.ibm.com/timex#oi_d_f http://ex.org/variable#19	1
http://ex.org/variable#63 http://www.ibm.com/timex#oi http://ex.org/variable#20	1
http://ex.org/variable#63 http://www.ibm.com/timex#d http://ex.org/variable#21	1
http://ex.org/variable#63 http://www.ibm.com/timex#b http://ex.org/variable#22	1
http://ex.org/variable#63 http://www.ibm.com/timex#d http://ex.org/variable#23	1
http://ex.org/variable#63 http://www.ibm.com/timex#b http://ex.org/variable#24	1
http://ex.org/variable#63 http://www.ibm.com/timex#oi_d_f http://ex.org/variable#25	1
http://ex.org/variable#63 http://www.ibm.com/timex#d http://ex.org/variable#26	1
http://ex.org/variable#63 http://www.ibm.com/timex#d http://ex.org/variable#27	1
http://ex.org/variable#63 http://www.ibm.com/timex#d http://ex.org/variable#28	1
http://ex.org/variable#63 http://www.ibm.com/timex#d http://ex.org/variable#29	1
http://ex.org/variable#63 http://www.ibm.com/timex#oi_d_f http://ex.org/variable#30	1
http://ex.org/variable#63 http://www.ibm.com/timex#b http://ex.org/variable#31	1
http://ex.org/variable#63 http://www.ibm.com/timex#d http://ex.org/variable#32	1
http://ex.org/variable#63 http://www.ibm.com/timex#b_m_o http://ex.org/variable#33	1
http://ex.org/variable#63 http://www.ibm.com/timex#d http://ex.org/variable#34	1
http://ex.org/variable#63 http://www.ibm.com/timex#d http://ex.org/variable#35	1
http://ex.org/variable#63 http://www.ibm.com/timex#d http://ex.org/variable#36	1
http://ex.org/variable#63 http://www.ibm.com/timex#b_m_o http://ex.org/variable#37	1
http://ex.org/variable#63 http://www.ibm.com/timex#d http://ex.org/variable#38	1
http://ex.org/variable#63 http://www.ibm.com/timex#d http://ex.org/variable#39	1
http://ex.org/variable#63 http://www.ibm.com/timex#b http://ex.org/variable#40	1
http://ex.org/variable#63 http://www.ibm.com/timex#b http://ex.org/variable#41	1
http://ex.org/variable#63 http://www.ibm.com/timex#d http://ex.org/variable#42	1
http://ex.org/variable#63 http://www.ibm.com/timex#d http://ex.org/variable#43	1
http://ex.org/variable#63 http://www.ibm.com/timex#eq_o_oi_d_di_s_si_f_fi http://ex.org/variable#44	1
http://ex.org/variable#63 http://www.ibm.com/timex#d http://ex.org/variable#45	1
http://ex.org/variable#63 http://www.ibm.com/timex#b_m_o http://ex.org/variable#46	1
http://ex.org/variable#63 http://www.ibm.com/timex#b_m_o http://ex.org/variable#47	1
http://ex.org/variable#63 http://www.ibm.com/timex#d http://ex.org/variable#48	1
http://ex.org/variable#63 http://www.ibm.com/timex#d http://ex.org/variable#49	1
http://ex.org/variable#63 http://www.ibm.com/timex#oi_d_f http://ex.org/variable#50	1
http://ex.org/variable#63 http://www.ibm.com/timex#d http://ex.org/variable#51	1
http://ex.org/variable#63 http://www.ibm.com/timex#d http://ex.org/variable#52	1
http://ex.org/variable#63 http://www.ibm.com/timex#b_m_o http://ex.org/variable#53	1
http://ex.org/variable#63 http://www.ibm.com/timex#d http://ex.org/variable#54	1
http://ex.org/variable#63 http://www.ibm.com/timex#d http://ex.org/variable#55	1
http://ex.org/variable#63 http://www.ibm.com/timex#d http://ex.org/variable#56	1
http://ex.org/variable#63 http://www.ibm.com/timex#d http://ex.org/variable#57	1
http://ex.org/variable#63 http://www.ibm.com/timex#b http://ex.org/variable#58	1
http://ex.org/variable#63 http://www.ibm.com/timex#b http://ex.org/variable#59	1
http://ex.org/variable#63 http://www.ibm.com/timex#d http://ex.org/variable#60	1
http://ex.org/variable#63 http://www.ibm.com/timex#d http://ex.org/variable#61	1
http://ex.org/variable#63 http://www.ibm.com/timex#o_d_s http://ex.org/variable#62	1
http://ex.org/variable#63 http://www.ibm.com/timex#o_d_s http://ex.org/variable#64	1
http://ex.org/variable#63 http://www.ibm.com/timex#d http://ex.org/variable#65	1
http://ex.org/variable#63 http://www.ibm.com/timex#d http://ex.org/variable#66	1
http://ex.org/variable#63 http://www.ibm.com/timex#d http://ex.org/variable#67	1
http://ex.org/variable#63 http://www.ibm.com/timex#b_m_o http://ex.org/variable#68	1
http://ex.org/variable#63 http://www.ibm.com/timex#oi_d http://ex.org/variable#69	1
http://ex.org/variable#63 http://www.ibm.com/timex#d http://ex.org/variable#70	1
http://ex.org/variable#63 http://www.ibm.com/timex#d http://ex.org/variable#71	1
http://ex.org/variable#63 http://www.ibm.com/timex#d http://ex.org/variable#72	1
http://ex.org/variable#63 http://www.ibm.com/timex#d http://ex.org/variable#73	1
http://ex.org/variable#63 http://www.ibm.com/timex#d http://ex.org/variable#74	1
http://ex.org/variable#63 http://www.ibm.com/timex#d http://ex.org/variable#75	1
http://ex.org/variable#63 http://www.ibm.com/timex#b http://ex.org/variable#76	1
http://ex.org/variable#63 http://www.ibm.com/timex#eq_o_di_s_si_fi http://ex.org/variable#77	1
http://ex.org/variable#63 http://www.ibm.com/timex#d http://ex.org/variable#78	1
http://ex.org/variable#63 http://www.ibm.com/timex#d http://ex.org/variable#79	1
http://ex.org/variable#63 http://www.ibm.com/timex#b http://ex.org/variable#80	1
http://ex.org/variable#63 http://www.ibm.com/timex#d http://ex.org/variable#81	1
http://ex.org/variable#63 http://www.ibm.com/timex#d http://ex.org/variable#82	1
http://ex.org/variable#63 http://www.ibm.com/timex#d http://ex.org/variable#83	1
http://ex.org/variable#63 http://www.ibm.com/timex#b_m_o_d_s http://ex.org/variable#84	1
http://ex.org/variable#63 http://www.ibm.com/timex#d http://ex.org/variable#85	1
http://ex.org/variable#63 http://www.ibm.com/timex#d http://ex.org/variable#86	1
http://ex.org/variable#63 http://www.ibm.com/timex#d http://ex.org/variable#87	1
http://ex.org/variable#63 http://www.ibm.com/timex#b_m_o_d_s http://ex.org/variable#88	1
http://ex.org/variable#63 http://www.ibm.com/timex#b http://ex.org/variable#89	1
http://ex.org/variable#64 http://www.ibm.com/timex#di http://ex.org/variable#0	1
http://ex.org/variable#64 http://www.ibm.com/timex#di http://ex.org/variable#1	1
http://ex.org/variable#64 http://www.ibm.com/timex#o_di_fi http://ex.org/variable#2	1
http://ex.org/variable#64 http://www.ibm.com/timex#d http://ex.org/variable#3	1
http://ex.org/variable#64 http://www.ibm.com/timex#di http://ex.org/variable#4	1
http://ex.org/variable#64 http://www.ibm.com/timex#d http://ex.org/variable#5	1
http://ex.org/variable#64 http://www.ibm.com/timex#di http://ex.org/variable#6	1
http://ex.org/variable#64 http://www.ibm.com/timex#oi http://ex.org/variable#7	1
http://ex.org/variable#64 http://www.ibm.com/timex#oi_d_f http://ex.org/variable#8	1
http://ex.org/variable#64 http://www.ibm.com/timex#oi http://ex.org/variable#9	1
http://ex.org/variable#64 http://www.ibm.com/timex#oi http://ex.org/variable#10	1
http://ex.org/variable#64 http://www.ibm.com/timex#o_di_fi http://ex.org/variable#11	1
http://ex.org/variable#64 http://www.ibm.com/timex#bi_mi_oi http://ex.org/variable#12	1
http://ex.org/variable#64 http://www.ibm.com/timex#d http://ex.org/variable#13	1
http://ex.org/variable#64 http://www.ibm.com/timex#o_di_fi http://ex.org/variable#14	1
http://ex.org/variable#64 http://www.ibm.com/timex#oi http://ex.org/variable#15	1
http://ex.org/variable#64 http://www.ibm.com/timex#oi http://ex.org/variable#16	1
http://ex.org/variable#64 http://www.ibm.com/timex#o_d_s http://ex.org/variable#17	1
http://ex.org/variable#64 http://www.ibm.com/timex#d http://ex.org/variable#18	1
http://ex.org/variable#64 http://www.ibm.com/timex#oi http://ex.org/variable#19	1
http://ex.org/variable#64 http://www.ibm.com/timex#oi http://ex.org/variable#20	1
http://ex.org/variable#64 http://www.ibm.com/timex#oi_d_f http://ex.org/variable#21	1
http://ex.org/variable#64 http://www.ibm.com/timex#di http://ex.org/variable#22	1
http://ex.org/variable#64 http://www.ibm.com/timex#oi http://ex.org/variable#23	1
http://ex.org/variable#64 http://www.ibm.com/timex#di http://ex.org/variable#24	1
http://ex.org/variable#64 http://www.ibm.com/timex#oi http://ex.org/variable#25	1
http://ex.org/variable#64 http://www.ibm.com/timex#oi_d http://ex.org/variable#26	1
http://ex.org/variable#64 http://www.ibm.com/timex#oi_d_f http://ex.org/variable#27	1
http://ex.org/variable#64 http://www.ibm.com/timex#oi_d_f http://ex.org/variable#28	1
http://ex.org/variable#64 http://www.ibm.com/timex#oi_di_si http://ex.org/variable#29	1
http://ex.org/variable#64 http://www.ibm.com/timex#oi http://ex.org/variable#30	1
http://ex.org/variable#64 http://www.ibm.com/timex#di http://ex.org/variable#31	1
http://ex.org/variable#64 http://www.ibm.com/timex#oi http://ex.org/variable#32	1
http://ex.org/variable#64 http://www.ibm.com/timex#o_di_fi http://ex.org/variable#33	1
http://ex.org/variable#64 http://www.ibm.com/timex#eq_o_oi_d_di_s_si_f_fi http://ex.org/variable#34	1
http://ex.org/variable#64 http://www.ibm.com/timex#oi http://ex.org/variable#35	1
http://ex.org/variable#64 http://www.ibm.com/timex#oi_d_f http://ex.org/variable#36	1
http://ex.org/variable#64 http://www.ibm.com/timex#di http://ex.org/variable#37	1
http://ex.org/variable#64 http://www.ibm.com/timex#oi http://ex.org/variable#38	1
http://ex.org/variable#64 http://www.ibm.com/timex#oi http://ex.org/variable#39	1
http://ex.org/variable#64 http://www.ibm.com/timex#di http://ex.org/variable#40	1
http://ex.org/variable#64 http://www.ibm.com/timex#o_di_fi http://ex.org/variable#41	1
http://ex.org/variable#64 http://www.ibm.com/timex#oi_d_f http://ex.org/variable#42	1
http://ex.org/variable#64 http://www.ibm.com/timex#oi_d http://ex.org/variable#43	1
http://ex.org/variable#64 http://www.ibm.com/timex#oi_si http://ex.org/variable#44	1
http://ex.org/variable#64 http://www.ibm.com/timex#oi http://ex.org/variable#45	1
http://ex.org/variable#64 http://www.ibm.com/timex#di http://ex.org/variable#46	1
http://ex.org/variable#64 http://www.ibm.com/timex#di http://ex.org/variable#47	1
http://ex.org/variable#64 http://www.ibm.com/timex#oi http://ex.org/variable#48	1
http://ex.org/variable#64 http://www.ibm.com/timex#oi http://ex.org/variable#49	1
http://ex.org/variable#64 http://www.ibm.com/timex#oi_di_si http://ex.org/variable#50	1
http://ex.org/variable#64 http://www.ibm.com/timex#oi_d_f http://ex.org/variable#51	1
http://ex.org/variable#64 http://www.ibm.com/timex#oi http://ex.org/variable#52	1
http://ex.org/variable#64 http://www.ibm.com/timex#o http://ex.org/variable#53	1
http://ex.org/variable#64 http://www.ibm.com/timex#oi_d_f http://ex.org/variable#54	1
http://ex.org/variable#64 http://www.ibm.com/timex#oi http://ex.org/variable#55	1
http://ex.org/variable#64 http://www.ibm.com/timex#oi http://ex.org/variable#56	1
http://ex.org/variable#64 http://www.ibm.com/timex#oi http://ex.org/variable#57	1
http://ex.org/variable#64 http://www.ibm.com/timex#b_m_o http://ex.org/variable#58	1
http://ex.org/variable#64 http://www.ibm.com/timex#di http://ex.org/variable#59	1
http://ex.org/variable#64 http://www.ibm.com/timex#d http://ex.org/variable#60	1
http://ex.org/variable#64 http://www.ibm.com/timex#oi http://ex.org/variable#61	1
http://ex.org/variable#64 http://www.ibm.com/timex#o_d_s http://ex.org/variable#62	1
http://ex.org/variable#64 http://www.ibm.com/timex#oi_di_si http://ex.org/variable#63	1
http://ex.org/variable#64 http://www.ibm.com/timex#eq_oi_d_s_si_f http://ex.org/variable#65	1
http://ex.org/variable#64 http://www.ibm.com/timex#oi_d_f http://ex.org/variable#66	1
http://ex.org/variable#64 http://www.ibm.com/timex#oi http://ex.org/variable#67	1
http://ex.org/variable#64 http://www.ibm.com/timex#o_di_fi http://ex.org/variable#68	1
http://ex.org/variable#64 http://www.ibm.com/timex#oi http://ex.org/variable#69	1
http://ex.org/variable#64 http://www.ibm.com/timex#oi http://ex.org/variable#70	1
http://ex.org/variable#64 http://www.ibm.com/timex#oi http://ex.org/variable#71	1
http://ex.org/variable#64 http://www.ibm.com/timex#oi http://ex.org/variable#72	1
http://ex.org/variable#64 http://www.ibm.com/timex#oi http://ex.org/variable#73	1
http://ex.org/variable#64 http://www.ibm.com/timex#oi_d_f http://ex.org/variable#74	1
http://ex.org/variable#64 http://www.ibm.com/timex#oi http://ex.org/variable#75	1
http://ex.org/variable#64 http://www.ibm.com/timex#o_di_fi http://ex.org/variable#76	1
http://ex.org/variable#64 http://www.ibm.com/timex#di http://ex.org/variable#77	1
http://ex.org/variable#64 http://www.ibm.com/timex#oi http://ex.org/variable#78	1
http://ex.org/variable#64 http://www.ibm.com/timex#oi http://ex.org/variable#79	1
http://ex.org/variable#64 http://www.ibm.com/timex#o http://ex.org/variable#80	1
http://ex.org/variable#64 http://www.ibm.com/timex#oi http://ex.org/variable#81	1
http://ex.org/variable#64 http://www.ibm.com/timex#oi http://ex.org/variable#82	1
http://ex.org/variable#64 http://www.ibm.com/timex#d http://ex.org/variable#83	1
http://ex.org/variable#64 http://www.ibm.com/timex#o_d_f_fi http://ex.org/variable#84	1
http://ex.org/variable#64 http://www.ibm.com/timex#oi http://ex.org/variable#85	1
http://ex.org/variable#64 http://www.ibm.com/timex#oi http://ex.org/variable#86	1
http://ex.org/variable#64 http://www.ibm.com/timex#oi http://ex.org/variable#87	1
http://ex.org/variable#64 http://www.ibm.com/timex#eq_o_oi_d_di_s_si_f_fi http://ex.org/variable#88	1
http://ex.org/variable#64 http://www.ibm.com/timex#o_di_fi http://ex.org/variable#89	1
http://ex.org/variable#65 http://www.ibm.com/timex#di http://ex.org/variable#0	1
http://ex.org/variable#65 http://www.ibm.com/timex#di http://ex.org/variable#1	1
http://ex.org/variable#65 http://www.ibm.com/timex#o http://ex.org/variable#2	1
http://ex.org/variable#65 http://www.ibm.com/timex#d http://ex.org/variable#3	1
http://ex.org/variable#65 http://www.ibm.com/timex#di http://ex.org/variable#4	1
http://ex.org/variable#65 http://www.ibm.com/timex#d http://ex.org/variable#5	1
http://ex.org/variable#65 http://www.ibm.com/timex#di http://ex.org/variable#6	1
http://ex.org/variable#65 http://www.ibm.com/timex#oi http://ex.org/variable#7	1
http://ex.org/variable#65 http://www.ibm.com/timex#d http://ex.org/variable#8	1
http://ex.org/variable#65 http://www.ibm.com/timex#oi http://ex.org/variable#9	1
http://ex.org/variable#65 http://www.ibm.com/timex#oi http://ex.org/variable#10	1
http://ex.org/variable#65 http://www.ibm.com/timex#o_di_fi http://ex.org/variable#11	1
http://ex.org/variable#65 http://www.ibm.com/timex#bi_mi_oi http://ex.org/variable#12	1
http://ex.org/variable#65 http://www.ibm.com/timex#d http://ex.org/variable#13	1
http://ex.org/variable#65 http://www.ibm.com/timex#o http://ex.org/variable#14	1
http://ex.org/variable#65 http://www.ibm.com/timex#oi_di http://ex.org/variable#15	1
http://ex.org/variable#65 http://www.ibm.com/timex#oi http://ex.org/variable#16	1
http://ex.org/variable#65 http://www.ibm.com/timex#o_d_s http://ex.org/variable#17	1
http://ex.org/variable#65 http://www.ibm.com/timex#d http://ex.org/variable#18	1
http://ex.org/variable#65 http://www.ibm.com/timex#oi http://ex.org/variable#19	1
http://ex.org/variable#65 http://www.ibm.com/timex#oi http://ex.org/variable#20	1
http://ex.org/variable#65 http://www.ibm.com/timex#oi_d_f http://ex.org/variable#21	1
http://ex.org/variable#65 http://www.ibm.com/timex#di http://ex.org/variable#22	1
http://ex.org/variable#65 http://www.ibm.com/timex#oi http://ex.org/variable#23	1
http://ex.org/variable#65 http://www.ibm.com/timex#di http://ex.org/variable#24	1
http://ex.org/variable#65 http://www.ibm.com/timex#oi http://ex.org/variable#25	1
http://ex.org/variable#65 http://www.ibm.com/timex#oi_d http://ex.org/variable#26	1
http://ex.org/variable#65 http://www.ibm.com/timex#oi_d_f http://ex.org/variable#27	1
http://ex.org/variable#65 http://www.ibm.com/timex#oi_d_f http://ex.org/variable#28	1
http://ex.org/variable#65 http://www.ibm.com/timex#oi_di_si http://ex.org/variable#29	1
http://ex.org/variable#65 http://www.ibm.com/timex#oi http://ex.org/variable#30	1
http://ex.org/variable#65 http://www.ibm.com/timex#di http://ex.org/variable#31	1
http://ex.org/variable#65 http://www.ibm.com/timex#oi http://ex.org/variable#32	1
http://ex.org/variable#65 http://www.ibm.com/timex#o_di_fi http://ex.org/variable#33	1
http://ex.org/variable#65 http://www.ibm.com/timex#o_s http://ex.org/variable#34	1
http://ex.org/variable#65 http://www.ibm.com/timex#oi http://ex.org/variable#35	1
http://ex.org/variable#65 http://www.ibm.com/timex#eq_o_oi_d_di_s_si_f_fi http://ex.org/variable#36	1
http://ex.org/variable#65 http://www.ibm.com/timex#di http://ex.org/variable#37	1
http://ex.org/variable#65 http://www.ibm.com/timex#oi http://ex.org/variable#38	1
http://ex.org/variable#65 http://www.ibm.com/timex#oi http://ex.org/variable#39	1
http://ex.org/variable#65 http://www.ibm.com/timex#di http://ex.org/variable#40	1
http://ex.org/variable#65 http://www.ibm.com/timex#o_di_fi http://ex.org/variable#41	1
http://ex.org/variable#65 http://www.ibm.com/timex#oi_d_f http://ex.org/variable#42	1
http://ex.org/variable#65 http://www.ibm.com/timex#oi_d http://ex.org/variable#43	1
http://ex.org/variable#65 http://www.ibm.com/timex#di_si http://ex.org/variable#44	1
http://ex.org/variable#65 http://www.ibm.com/timex#oi http://ex.org/variable#45	1
http://ex.org/variable#65 http://www.ibm.com/timex#di http://ex.org/variable#46	1
http://ex.org/variable#65 http://www.ibm.com/timex#di http://ex.org/variable#47	1
http://ex.org/variable#65 http://www.ibm.com/timex#oi_si http://ex.org/variable#48	1
http://ex.org/variable#65 http://www.ibm.com/timex#oi http://ex.org/variable#49	1
http://ex.org/variable#65 http://www.ibm.com/timex#oi_di_si http://ex.org/variable#50	1
http://ex.org/variable#65 http://www.ibm.com/timex#d http://ex.org/variable#51	1
http://ex.org/variable#65 http://www.ibm.com/timex#oi http://ex.org/variable#52	1
http://ex.org/variable#65 http://www.ibm.com/timex#o http://ex.org/variable#53	1
http://ex.org/variable#65 http://www.ibm.com/timex#oi_d_f http://ex.org/variable#54	1
http://ex.org/variable#65 http://www.ibm.com/timex#oi http://ex.org/variable#55	1
http://ex.org/variable#65 http://www.ibm.com/timex#oi_si http://ex.org/variable#56	1
http://ex.org/variable#65 http://www.ibm.com/timex#oi http://ex.org/variable#57	1
http://ex.org/variable#65 http://www.ibm.com/timex#b_o http://ex.org/variable#58	1
http://ex.org/variable#65 http://www.ibm.com/timex#di http://ex.org/variable#59	1
http://ex.org/variable#65 http://www.ibm.com/timex#d http://ex.org/variable#60	1
http://ex.org/variable#65 http://www.ibm.com/timex#oi http://ex.org/variable#61	1
http://ex.org/variable#65 http://www.ibm.com/timex#o_d_s http://ex.org/variable#62	1
http://ex.org/variable#65 http://www.ibm.com/timex#di http://ex.org/variable#63	1
http://ex.org/variable#65 http://www.ibm.com/timex#eq_o_di_s_si_fi http://ex.org/variable#64	1
http://ex.org/variable#65 http://www.ibm.com/timex#oi_d_f http://ex.org/variable#66	1
http://ex.org/variable#65 http://www.ibm.com/timex#oi http://ex.org/variable#67	1
http://ex.org/variable#65 http://www.ibm.com/timex#o_fi http://ex.org/variable#68	1
http://ex.org/variable#65 http://www.ibm.com/timex#oi http://ex.org/variable#69	1
http://ex.org/variable#65 http://www.ibm.com/timex#oi http://ex.org/variable#70	1
http://ex.org/variable#65 http://www.ibm.com/timex#oi http://ex.org/variable#71	1
http://ex.org/variable#65 http://www.ibm.com/timex#oi http://ex.org/variable#72	1
http://ex.org/variable#65 http://www.ibm.com/timex#oi http://ex.org/variable#73	1
http://ex.org/variable#65 http://www.ibm.com/timex#oi_d_f http://ex.org/variable#74	1
http://ex.org/variable#65 http://www.ibm.com/timex#oi_di_si http://ex.org/variable#75	1
http://ex.org/variable#65 http://www.ibm.com/timex#o http://ex.org/variable#76	1
http://ex.org/variable#65 http://www.ibm.com/timex#di http://ex.org/variable#77	1
http://ex.org/variable#65 http://www.ibm.com/timex#oi http://ex.org/variable#78	1
http://ex.org/variable#65 http://www.ibm.com/timex#oi http://ex.org/variable#79	1
http://ex.org/variable#65 http://www.ibm.com/timex#o http://ex.org/variable#80	1
http://ex.org/variable#65 http://www.ibm.com/timex#oi http://ex.org/variable#81	1
http://ex.org/variable#65 http://www.ibm.com/timex#oi http://ex.org/variable#82	1
http://ex.org/variable#65 http://www.ibm.com/timex#o_d_s http://ex.org/variable#83	1
http://ex.org/variable#65 http://www.ibm.com/timex#eq_o_oi_d_di_s_si_f_fi http://ex.org/variable#84	1
http://ex.org/variable#65 http://www.ibm.com/timex#oi http://ex.org/variable#85	1
http://ex.org/variable#65 http://www.ibm.com/timex#oi http://ex.org/variable#86	1
http://ex.org/variable#65 http://www.ibm.com/timex#oi http://ex.org/variable#87	1
http://ex.org/variable#65 http://www.ibm.com/timex#eq_o_oi_d_di_s_si_f_fi http://ex.org/variable#88	1
http://ex.org/variable#65 http://www.ibm.com/timex#o http://ex.org/variable#89	1
http://ex.org/variable#66 http://www.ibm.com/timex#di http://ex.org/variable#0	1
http://ex.org/variable#66 http://www.ibm.com/timex#di http://ex.org/variable#1	1
http://ex.org/variable#66 http://www.ibm.com/timex#o http://ex.org/variable#2	1
http://ex.org/variable#66 http://www.ibm.com/timex#o http://ex.org/variable#3	1
http://ex.org/variable#66 http://www.ibm.com/timex#di http://ex.org/variable#4	1
http://ex.org/variable#66 http://www.ibm.com/timex#d http://ex.org/variable#5	1
http://ex.org/variable#66 http://www.ibm.com/timex#di http://ex.org/variable#6	1
http://ex.org/variable#66 http://www.ibm.com/timex#di http://ex.org/variable#7	1
http://ex.org/variable#66 http://www.ibm.com/timex#d http://ex.org/variable#8	1
http://ex.org/variable#66 http://www.ibm.com/timex#oi http://ex.org/variable#9	1
http://ex.org/variable#66 http://www.ibm.com/timex#oi http://ex.org/variable#10	1
http://ex.org/variable#66 http://www.ibm.com/timex#o http://ex.org/variable#11	1
http://ex.org/variable#66 http://www.ibm.com/timex#oi http://ex.org/variable#12	1
http://ex.org/variable#66 http://www.ibm.com/timex#d http://ex.org/variable#13	1
http://ex.org/variable#66 http://www.ibm.com/timex#o http://ex.org/variable#14	1
http://ex.org/variable#66 http://www.ibm.com/timex#o_di_fi http://ex.org/variable#15	1
http://ex.org/variable#66 http://www.ibm.com/timex#oi_di_si http://ex.org/variable#16	1
http://ex.org/variable#66 http://www.ibm.com/timex#o http://ex.org/variable#17	1
http://ex.org/variable#66 http://www.ibm.com/timex#d http://ex.org/variable#18	1
http://ex.org/variable#66 http://www.ibm.com/timex#oi http://ex.org/variable#19	1
http://ex.org/variable#66 http://www.ibm.com/timex#oi http://ex.org/variable#20	1
http://ex.org/variable#66 http://www.ibm.com/timex#oi_d_f http://ex.org/variable#21	1
http://ex.org/variable#66 http://www.ibm.com/timex#di http://ex.org/variable#22	1
http://ex.org/variable#66 http://www.ibm.com/timex#oi http://ex.org/variable#23	1
http://ex.org/variable#66 http://www.ibm.com/timex#di http://ex.org/variable#24	1
http://ex.org/variable#66 http://www.ibm.com/timex#di http://ex.org/variable#25	1
http://ex.org/variable#66 http://www.ibm.com/timex#d http://ex.org/variable#26	1
http://ex.org/variable#66 http://www.ibm.com/timex#o_fi http://ex.org/variable#27	1
http://ex.org/variable#66 http://www.ibm.com/timex#oi_d http://ex.org/variable#28	1
http://ex.org/variable#66 http://www.ibm.com/timex#di http://ex.org/variable#29	1
http://ex.org/variable#66 http://www.ibm.com/timex#oi_si http://ex.org/variable#30	1
http://ex.org/variable#66 http://www.ibm.com/timex#di http://ex.org/variable#31	1
http://ex.org/variable#66 http://www.ibm.com/timex#oi http://ex.org/variable#32	1
http://ex.org/variable#66 http://www.ibm.com/timex#di http://ex.org/variable#33	1
http://ex.org/variable#66 http://www.ibm.com/timex#o http://ex.org/variable#34	1
http://ex.org/variable#66 http://www.ibm.com/timex#di http://ex.org/variable#35	1
http://ex.org/variable#66 http://www.ibm.com/timex#o http://ex.org/variable#36	1
http://ex.org/variable#66 http://www.ibm.com/timex#di http://ex.org/variable#37	1
http://ex.org/variable#66 http://www.ibm.com/timex#di_si http://ex.org/variable#38	1
http://ex.org/variable#66 http://www.ibm.com/timex#oi http://ex.org/variable#39	1
http://ex.org/variable#66 http://www.ibm.com/timex#di http://ex.org/variable#40	1
http://ex.org/variable#66 http://www.ibm.com/timex#o http://ex.org/variable#41	1
http://ex.org/variable#66 http://www.ibm.com/timex#oi_d_f http://ex.org/variable#42	1
http://ex.org/variable#66 http://www.ibm.com/timex#d http://ex.org/variable#43	1
http://ex.org/variable#66 http://www.ibm.com/timex#di http://ex.org/variable#44	1
http://ex.org/variable#66 http://www.ibm.com/timex#oi http://ex.org/variable#45	1
http://ex.org/variable#66 http://www.ibm.com/timex#di http://ex.org/variable#46	1
http://ex.org/variable#66 http://www.ibm.com/timex#di http://ex.org/variable#47	1
http://ex.org/variable#66 http://www.ibm.com/timex#di http://ex.org/variable#48	1
http://ex.org/variable#66 http://www.ibm.com/timex#oi http://ex.org/variable#49	1
http://ex.org/variable#66 http://www.ibm.com/timex#di http://ex.org/variable#50	1
http://ex.org/variable#66 http://www.ibm.com/timex#d_s http://ex.org/variable#51	1
http://ex.org/variable#66 http://www.ibm.com/timex#oi http://ex.org/variable#52	1
http://ex.org/variable#66 http://www.ibm.com/timex#o http://ex.org/variable#53	1
http://ex.org/variable#66 http://www.ibm.com/timex#oi_d http://ex.org/variable#54	1
http://ex.org/variable#66 http://www.ibm.com/timex#oi http://ex.org/variable#55	1
http://ex.org/variable#66 http://www.ibm.com/timex#di http://ex.org/variable#56	1
http://ex.org/variable#66 http://www.ibm.com/timex#oi http://ex.org/variable#57	1
http://ex.org/variable#66 http://www.ibm.com/timex#m_o http://ex.org/variable#58	1
http://ex.org/variable#66 http://www.ibm.com/timex#di http://ex.org/variable#59	1
http://ex.org/variable#66 http://www.ibm.com/timex#d http://ex.org/variable#60	1
http://ex.org/variable#66 http://www.ibm.com/timex#oi_si http://ex.org/variable#61	1
http://ex.org/variable#66 http://www.ibm.com/timex#o http://ex.org/variable#62	1
http://ex.org/variable#66 http://www.ibm.com/timex#di http://ex.org/variable#63	1
http://ex.org/variable#66 http://www.ibm.com/timex#o_di_fi http://ex.org/variable#64	1
http://ex.org/variable#66 http://www.ibm.com/timex#o_di_fi http://ex.org/variable#65	1
http://ex.org/variable#66 http://www.ibm.com/timex#oi http://ex.org/variable#67	1
http://ex.org/variable#66 http://www.ibm.com/timex#o http://ex.org/variable#68	1
http://ex.org/variable#66 http://www.ibm.com/timex#oi http://ex.org/variable#69	1
http://ex.org/variable#66 http://www.ibm.com/timex#oi http://ex.org/variable#70	1
http://ex.org/variable#66 http://www.ibm.com/timex#oi http://ex.org/variable#71	1
http://ex.org/variable#66 http://www.ibm.com/timex#di http://ex.org/variable#72	1
http://ex.org/variable#66 http://www.ibm.com/timex#di http://ex.org/variable#73	1
http://ex.org/variable#66 http://www.ibm.com/timex#eq_oi_d_s_si_f http://ex.org/variable#74	1
http://ex.org/variable#66 http://www.ibm.com/timex#di http://ex.org/variable#75	1
http://ex.org/variable#66 http://www.ibm.com/timex#o http://ex.org/variable#76	1
http://ex.org/variable#66 http://www.ibm.com/timex#di http://ex.org/variable#77	1
http://ex.org/variable#66 http://www.ibm.com/timex#oi http://ex.org/variable#78	1
http://ex.org/variable#66 http://www.ibm.com/timex#oi http://ex.org/variable#79	1
http://ex.org/variable#66 http://www.ibm.com/timex#o http://ex.org/variable#80	1
http://ex.org/variable#66 http://www.ibm.com/timex#oi http://ex.org/variable#81	1
http://ex.org/variable#66 http://www.ibm.com/timex#oi http://ex.org/variable#82	1
http://ex.org/variable#66 http://www.ibm.com/timex#o http://ex.org/variable#83	1
http://ex.org/variable#66 http://www.ibm.com/timex#o_di_fi http://ex.org/variable#84	1
http://ex.org/variable#66 http://www.ibm.com/timex#di http://ex.org/variable#85	1
http://ex.org/variable#66 http://www.ibm.com/timex#oi http://ex.org/variable#86	1
http://ex.org/variable#66 http://www.ibm.com/timex#di http://ex.org/variable#87	1
http://ex.org/variable#66 http://www.ibm.com/timex#eq_o_d_s_f_fi http://ex.org/variable#88	1
http://ex.org/variable#66 http://www.ibm.com/timex#o http://ex.org/variable#89	1
http://ex.org/variable#67 http://www.ibm.com/timex#b_m_o_di_fi http://ex.org/variable#0	1
http://ex.org/variable#67 http://www.ibm.com/timex#o http://ex.org/variable#1	1
http://ex.org/variable#67 http://www.ibm.com/timex#o http://ex.org/variable#2	1
http://ex.org/variable#67 http://www.ibm.com/timex#o http://ex.org/variable#3	1
http://ex.org/variable#67 http://www.ibm.com/timex#o http://ex.org/variable#4	1
http://ex.org/variable#67 http://www.ibm.com/timex#o http://ex.org/variable#5	1
http://ex.org/variable#67 http://www.ibm.com/timex#di http://ex.org/variable#6	1
http://ex.org/variable#67 http://www.ibm.com/timex#o_di_fi http://ex.org/variable#7	1
http://ex.org/variable#67 http://www.ibm.com/timex#o_s http://ex.org/variable#8	1
http://ex.org/variable#67 http://www.ibm.com/timex#o_d_s http://ex.org/variable#9	1
http://ex.org/variable#67 http://www.ibm.com/timex#o_d_s http://ex.org/variable#10	1
http://ex.org/variable#67 http://www.ibm.com/timex#o http://ex.org/variable#11	1
http://ex.org/variable#67 http://www.ibm.com/timex#di http://ex.org/variable#12	1
http://ex.org/variable#67 http://www.ibm.com/timex#d http://ex.org/variable#13	1
http://ex.org/variable#67 http://www.ibm.com/timex#o http://ex.org/variable#14	1
http://ex.org/variable#67 http://www.ibm.com/timex#o http://ex.org/variable#15	1
http://ex.org/variable#67 http://www.ibm.com/timex#di http://ex.org/variable#16	1
http://ex.org/variable#67 http://www.ibm.com/timex#o http://ex.org/variable#17	1
http://ex.org/variable#67 http://www.ibm.com/timex#d http://ex.org/variable#18	1
http://ex.org/variable#67 http://www.ibm.com/timex#di http://ex.org/variable#19	1
http://ex.org/variable#67 http://www.ibm.com/timex#di http://ex.org/variable#20	1
http://ex.org/variable#67 http://www.ibm.com/timex#o http://ex.org/variable#21	1
http://ex.org/variable#67 http://www.ibm.com/timex#o_di_fi http://ex.org/variable#22	1
http://ex.org/variable#67 http://www.ibm.com/timex#di http://ex.org/variable#23	1
http://ex.org/variable#67 http://www.ibm.com/timex#o http://ex.org/variable#24	1
http://ex.org/variable#67 http://www.ibm.com/timex#di http://ex.org/variable#25	1
http://ex.org/variable#67 http://www.ibm.com/timex#o http://ex.org/variable#26	1
http://ex.org/variable#67 http://www.ibm.com/timex#o http://ex.org/variable#27	1
http://ex.org/variable#67 http://www.ibm.com/timex#d_s http://ex.org/variable#28	1
http://ex.org/variable#67 http://www.ibm.com/timex#o_di_fi http://ex.org/variable#29	1
http://ex.org/variable#67 http://www.ibm.com/timex#di http://ex.org/variable#30	1
http://ex.org/variable#67 http://www.ibm.com/timex#b_m_o_di_fi http://ex.org/variable#31	1
http://ex.org/variable#67 http://www.ibm.com/timex#d http://ex.org/variable#32	1
http://ex.org/variable#67 http://www.ibm.com/timex#o http://ex.org/variable#33	1
http://ex.org/variable#67 http://www.ibm.com/timex#o http://ex.org/variable#34	1
http://ex.org/variable#67 http://www.ibm.com/timex#di_fi http://ex.org/variable#35	1
http://ex.org/variable#67 http://www.ibm.com/timex#o http://ex.org/variable#36	1
http://ex.org/variable#67 http://www.ibm.com/timex#di http://ex.org/variable#37	1
http://ex.org/variable#67 http://www.ibm.com/timex#di_fi http://ex.org/variable#38	1
http://ex.org/variable#67 http://www.ibm.com/timex#o_di_fi http://ex.org/variable#39	1
http://ex.org/variable#67 http://www.ibm.com/timex#o http://ex.org/variable#40	1
http://ex.org/variable#67 http://www.ibm.com/timex#o http://ex.org/variable#41	1
http://ex.org/variable#67 http://www.ibm.com/timex#o_s http://ex.org/variable#42	1
http://ex.org/variable#67 http://www.ibm.com/timex#o http://ex.org/variable#43	1
http://ex.org/variable#67 http://www.ibm.com/timex#di_fi http://ex.org/variable#44	1
http://ex.org/variable#67 http://www.ibm.com/timex#o http://ex.org/variable#45	1
http://ex.org/variable#67 http://www.ibm.com/timex#o http://ex.org/variable#46	1
http://ex.org/variable#67 http://www.ibm.com/timex#o http://ex.org/variable#47	1
http://ex.org/variable#67 http://www.ibm.com/timex#o http://ex.org/variable#48	1
http://ex.org/variable#67 http://www.ibm.com/timex#o http://ex.org/variable#49	1
http://ex.org/variable#67 http://www.ibm.com/timex#di http://ex.org/variable#50	1
http://ex.org/variable#67 http://www.ibm.com/timex#o http://ex.org/variable#51	1
http://ex.org/variable#67 http://www.ibm.com/timex#o_di_fi http://ex.org/variable#52	1
http://ex.org/variable#67 http://www.ibm.com/timex#o http://ex.org/variable#53	1
http://ex.org/variable#67 http://www.ibm.com/timex#o http://ex.org/variable#54	1
http://ex.org/variable#67 http://www.ibm.com/timex#o http://ex.org/variable#55	1
http://ex.org/variable#67 http://www.ibm.com/timex#o http://ex.org/variable#56	1
http://ex.org/variable#67 http://www.ibm.com/timex#o_fi http://ex.org/variable#57	1
http://ex.org/variable#67 http://www.ibm.com/timex#b http://ex.org/variable#58	1
http://ex.org/variable#67 http://www.ibm.com/timex#m_o http://ex.org/variable#59	1
http://ex.org/variable#67 http://www.ibm.com/timex#d http://ex.org/variable#60	1
http://ex.org/variable#67 http://www.ibm.com/timex#di http://ex.org/variable#61	1
http://ex.org/variable#67 http://www.ibm.com/timex#o http://ex.org/variable#62	1
http://ex.org/variable#67 http://www.ibm.com/timex#di http://ex.org/variable#63	1
http://ex.org/variable#67 http://www.ibm.com/timex#o http://ex.org/variable#64	1
http://ex.org/variable#67 http://www.ibm.com/timex#o http://ex.org/variable#65	1
http://ex.org/variable#67 http://www.ibm.com/timex#o http://ex.org/variable#66	1
http://ex.org/variable#67 http://www.ibm.com/timex#o http://ex.org/variable#68	1
http://ex.org/variable#67 http://www.ibm.com/timex#di_si http://ex.org/variable#69	1
http://ex.org/variable#67 http://www.ibm.com/timex#o http://ex.org/variable#70	1
http://ex.org/variable#67 http://www.ibm.com/timex#o http://ex.org/variable#71	1
http://ex.org/variable#67 http://www.ibm.com/timex#o_fi http://ex.org/variable#72	1
http://ex.org/variable#67 http://www.ibm.com/timex#o http://ex.org/variable#73	1
http://ex.org/variable#67 http://www.ibm.com/timex#o http://ex.org/variable#74	1
http://ex.org/variable#67 http://www.ibm.com/timex#o_di_fi http://ex.org/variable#75	1
http://ex.org/variable#67 http://www.ibm.com/timex#b_m_o http://ex.org/variable#76	1
http://ex.org/variable#67 http://www.ibm.com/timex#di http://ex.org/variable#77	1
http://ex.org/variable#67 http://www.ibm.com/timex#o_di_fi http://ex.org/variable#78	1
http://ex.org/variable#67 http://www.ibm.com/timex#o http://ex.org/variable#79	1
http://ex.org/variable#67 http://www.ibm.com/timex#o http://ex.org/variable#80	1
http://ex.org/variable#67 http://www.ibm.com/timex#oi_di_si http://ex.org/variable#81	1
http://ex.org/variable#67 http://www.ibm.com/timex#o_d_s http://ex.org/variable#82	1
http://ex.org/variable#67 http://www.ibm.com/timex#o http://ex.org/variable#83	1
http://ex.org/variable#67 http://www.ibm.com/timex#o http://ex.org/variable#84	1
http://ex.org/variable#67 http://www.ibm.com/timex#di http://ex.org/variable#85	1
http://ex.org/variable#67 http://www.ibm.com/timex#eq_oi_d_s_si_f http://ex.org/variable#86	1
http://ex.org/variable#67 http://www.ibm.com/timex#di_fi http://ex.org/variable#87	1
http://ex.org/variable#67 http://www.ibm.com/timex#o http://ex.org/variable#88	1
http://ex.org/variable#67 http://www.ibm.com/timex#o http://ex.org/variable#89	1
http://ex.org/variable#68 http://www.ibm.com/timex#di http://ex.org/variable#0	1
http://ex.org/variable#68 http://www.ibm.com/timex#oi http://ex.org/variable#1	1
http://ex.org/variable#68 http://www.ibm.com/timex#o_s http://ex.org/variable#2	1
http://ex.org/variable#68 http://www.ibm.com/timex#d http://ex.org/variable#3	1
http://ex.org/variable#68 http://www.ibm.com/timex#di http://ex.org/variable#4	1
http://ex.org/variable#68 http://www.ibm.com/timex#d http://ex.org/variable#5	1
http://ex.org/variable#68 http://www.ibm.com/timex#oi_si http://ex.org/variable#6	1
http://ex.org/variable#68 http://www.ibm.com/timex#oi http://ex.org/variable#7	1
http://ex.org/variable#68 http://www.ibm.com/timex#d http://ex.org/variable#8	1
http://ex.org/variable#68 http://www.ibm.com/timex#oi http://ex.org/variable#9	1
http://ex.org/variable#68 http://www.ibm.com/timex#oi http://ex.org/variable#10	1
http://ex.org/variable#68 http://www.ibm.com/timex#oi_si http://ex.org/variable#11	1
http://ex.org/variable#68 http://www.ibm.com/timex#bi http://ex.org/variable#12	1
http://ex.org/variable#68 http://www.ibm.com/timex#d http://ex.org/variable#13	1
http://ex.org/variable#68 http://www.ibm.com/timex#d http://ex.org/variable#14	1
http://ex.org/variable#68 http://www.ibm.com/timex#oi http://ex.org/variable#15	1
http://ex.org/variable#68 http://www.ibm.com/timex#oi http://ex.org/variable#16	1
http://ex.org/variable#68 http://www.ibm.com/timex#d http://ex.org/variable#17	1
http://ex.org/variable#68 http://www.ibm.com/timex#d http://ex.org/variable#18	1
http://ex.org/variable#68 http://www.ibm.com/timex#bi_mi_oi http://ex.org/variable#19	1
http://ex.org/variable#68 http://www.ibm.com/timex#bi http://ex.org/variable#20	1
http://ex.org/variable#68 http://www.ibm.com/timex#oi http://ex.org/variable#21	1
http://ex.org/variable#68 http://www.ibm.com/timex#di http://ex.org/variable#22	1
http://ex.org/variable#68 http://www.ibm.com/timex#oi http://ex.org/variable#23	1
http://ex.org/variable#68 http://www.ibm.com/timex#di http://ex.org/variable#24	1
http://ex.org/variable#68 http://www.ibm.com/timex#oi http://ex.org/variable#25	1
http://ex.org/variable#68 http://www.ibm.com/timex#oi_d_f http://ex.org/variable#26	1
http://ex.org/variable#68 http://www.ibm.com/timex#oi http://ex.org/variable#27	1
http://ex.org/variable#68 http://www.ibm.com/timex#oi_d http://ex.org/variable#28	1
http://ex.org/variable#68 http://www.ibm.com/timex#oi http://ex.org/variable#29	1
http://ex.org/variable#68 http://www.ibm.com/timex#oi http://ex.org/variable#30	1
http://ex.org/variable#68 http://www.ibm.com/timex#di http://ex.org/variable#31	1
http://ex.org/variable#68 http://www.ibm.com/timex#oi http://ex.org/variable#32	1
http://ex.org/variable#68 http://www.ibm.com/timex#oi_di_si http://ex.org/variable#33	1
http://ex.org/variable#68 http://www.ibm.com/timex#d http://ex.org/variable#34	1
http://ex.org/variable#68 http://www.ibm.com/timex#oi http://ex.org/variable#35	1
http://ex.org/variable#68 http://www.ibm.com/timex#oi_d_f http://ex.org/variable#36	1
http://ex.org/variable#68 http://www.ibm.com/timex#di http://ex.org/variable#37	1
http://ex.org/variable#68 http://www.ibm.com/timex#oi http://ex.org/variable#38	1
http://ex.org/variable#68 http://www.ibm.com/timex#oi http://ex.org/variable#39	1
http://ex.org/variable#68 http://www.ibm.com/timex#di http://ex.org/variable#40	1
http://ex.org/variable#68 http://www.ibm.com/timex#o_di http://ex.org/variable#41	1
http://ex.org/variable#68 http://www.ibm.com/timex#oi_d_f http://ex.org/variable#42	1
http://ex.org/variable#68 http://www.ibm.com/timex#oi_d_f http://ex.org/variable#43	1
http://ex.org/variable#68 http://www.ibm.com/timex#oi http://ex.org/variable#44	1
http://ex.org/variable#68 http://www.ibm.com/timex#oi http://ex.org/variable#45	1
http://ex.org/variable#68 http://www.ibm.com/timex#oi_di_si http://ex.org/variable#46	1
http://ex.org/variable#68 http://www.ibm.com/timex#oi_di_si http://ex.org/variable#47	1
http://ex.org/variable#68 http://www.ibm.com/timex#oi http://ex.org/variable#48	1
http://ex.org/variable#68 http://www.ibm.com/timex#oi http://ex.org/variable#49	1
http://ex.org/variable#68 http://www.ibm.com/timex#bi_mi_oi http://ex.org/variable#50	1
http://ex.org/variable#68 http://www.ibm.com/timex#d http://ex.org/variable#51	1
http://ex.org/variable#68 http://www.ibm.com/timex#oi http://ex.org/variable#52	1
http://ex.org/variable#68 http://www.ibm.com/timex#o_s http://ex.org/variable#53	1
http://ex.org/variable#68 http://www.ibm.com/timex#oi http://ex.org/variable#54	1
http://ex.org/variable#68 http://www.ibm.com/timex#oi http://ex.org/variable#55	1
http://ex.org/variable#68 http://www.ibm.com/timex#oi http://ex.org/variable#56	1
http://ex.org/variable#68 http://www.ibm.com/timex#oi http://ex.org/variable#57	1
http://ex.org/variable#68 http://www.ibm.com/timex#o http://ex.org/variable#58	1
http://ex.org/variable#68 http://www.ibm.com/timex#di http://ex.org/variable#59	1
http://ex.org/variable#68 http://www.ibm.com/timex#d http://ex.org/variable#60	1
http://ex.org/variable#68 http://www.ibm.com/timex#oi http://ex.org/variable#61	1
http://ex.org/variable#68 http://www.ibm.com/timex#d http://ex.org/variable#62	1
http://ex.org/variable#68 http://www.ibm.com/timex#bi_mi_oi http://ex.org/variable#63	1
http://ex.org/variable#68 http://www.ibm.com/timex#oi_d_f http://ex.org/variable#64	1
http://ex.org/variable#68 http://www.ibm.com/timex#oi_f http://ex.org/variable#65	1
http://ex.org/variable#68 http://www.ibm.com/timex#oi http://ex.org/variable#66	1
http://ex.org/variable#68 http://www.ibm.com/timex#oi http://ex.org/variable#67	1
http://ex.org/variable#68 http://www.ibm.com/timex#oi http://ex.org/variable#69	1
http://ex.org/variable#68 http://www.ibm.com/timex#oi http://ex.org/variable#70	1
http://ex.org/variable#68 http://www.ibm.com/timex#oi http://ex.org/variable#71	1
http://ex.org/variable#68 http://www.ibm.com/timex#oi http://ex.org/variable#72	1
http://ex.org/variable#68 http://www.ibm.com/timex#oi http://ex.org/variable#73	1
http://ex.org/variable#68 http://www.ibm.com/timex#oi_d http://ex.org/variable#74	1
http://ex.org/variable#68 http://www.ibm.com/timex#oi http://ex.org/variable#75	1
http://ex.org/variable#68 http://www.ibm.com/timex#o http://ex.org/variable#76	1
http://ex.org/variable#68 http://www.ibm.com/timex#mi_oi http://ex.org/variable#77	1
http://ex.org/variable#68 http://www.ibm.com/timex#oi http://ex.org/variable#78	1
http://ex.org/variable#68 http://www.ibm.com/timex#oi http://ex.org/variable#79	1
http://ex.org/variable#68 http://www.ibm.com/timex#o http://ex.org/variable#80	1
http://ex.org/variable#68 http://www.ibm.com/timex#oi http://ex.org/variable#81	1
http://ex.org/variable#68 http://www.ibm.com/timex#oi http://ex.org/variable#82	1
http://ex.org/variable#68 http://www.ibm.com/timex#d http://ex.org/variable#83	1
http://ex.org/variable#68 http://www.ibm.com/timex#eq_o_oi_d_di_s_si_f_fi http://ex.org/variable#84	1
http://ex.org/variable#68 http://www.ibm.com/timex#oi http://ex.org/variable#85	1
http://ex.org/variable#68 http://www.ibm.com/timex#oi http://ex.org/variable#86	1
http://ex.org/variable#68 http://www.ibm.com/timex#oi http://ex.org/variable#87	1
http://ex.org/variable#68 http://www.ibm.com/timex#eq_o_oi_d_di_s_si_f_fi http://ex.org/variable#88	1
http://ex.org/variable#68 http://www.ibm.com/timex#o http://ex.org/variable#89	1
http://ex.org/variable#69 http://www.ibm.com/timex#b http://ex.org/variable#0	1
http://ex.org/variable#69 http://www.ibm.com/timex#o http://ex.org/variable#1	1
http://ex.org/variable#69 http://www.ibm.com/timex#b_m_o http://ex.org/variable#2	1
http://ex.org/variable#69 http://www.ibm.com/timex#o http://ex.org/variable#3	1
http://ex.org/variable#69 http://www.ibm.com/timex#b_m_o http://ex.org/variable#4	1
http://ex.org/variable#69 http://www.ibm.com/timex#o http://ex.org/variable#5	1
http://ex.org/variable#69 http://www.ibm.com/timex#o http://ex.org/variable#6	1
http://ex.org/variable#69 http://www.ibm.com/timex#o http://ex.org/variable#7	1
http://ex.org/variable#69 http://www.ibm.com/timex#o_s http://ex.org/variable#8	1
http://ex.org/variable#69 http://www.ibm.com/timex#o_d_s http://ex.org/variable#9	1
http://ex.org/variable#69 http://www.ibm.com/timex#o_d_s http://ex.org/variable#10	1
http://ex.org/variable#69 http://www.ibm.com/timex#o http://ex.org/variable#11	1
http://ex.org/variable#69 http://www.ibm.com/timex#di http://ex.org/variable#12	1
http://ex.org/variable#69 http://www.ibm.com/timex#d http://ex.org/variable#13	1
http://ex.org/variable#69 http://www.ibm.com/timex#o http://ex.org/variable#14	1
http://ex.org/variable#69 http://www.ibm.com/timex#o http://ex.org/variable#15	1
http://ex.org/variable#69 http://www.ibm.com/timex#o http://ex.org/variable#16	1
http://ex.org/variable#69 http://www.ibm.com/timex#o http://ex.org/variable#17	1
http://ex.org/variable#69 http://www.ibm.com/timex#d http://ex.org/variable#18	1
http://ex.org/variable#69 http://www.ibm.com/timex#di http://ex.org/variable#19	1
http://ex.org/variable#69 http://www.ibm.com/timex#di http://ex.org/variable#20	1
http://ex.org/variable#69 http://www.ibm.com/timex#o http://ex.org/variable#21	1
http://ex.org/variable#69 http://www.ibm.com/timex#b http://ex.org/variable#22	1
http://ex.org/variable#69 http://www.ibm.com/timex#o_di_fi http://ex.org/variable#23	1
http://ex.org/variable#69 http://www.ibm.com/timex#b http://ex.org/variable#24	1
http://ex.org/variable#69 http://www.ibm.com/timex#di_fi http://ex.org/variable#25	1
http://ex.org/variable#69 http://www.ibm.com/timex#o http://ex.org/variable#26	1
http://ex.org/variable#69 http://www.ibm.com/timex#o http://ex.org/variable#27	1
http://ex.org/variable#69 http://www.ibm.com/timex#d_s http://ex.org/variable#28	1
http://ex.org/variable#69 http://www.ibm.com/timex#o http://ex.org/variable#29	1
http://ex.org/variable#69 http://www.ibm.com/timex#o_di_fi http://ex.org/variable#30	1
http://ex.org/variable#69 http://www.ibm.com/timex#b http://ex.org/variable#31	1
http://ex.org/variable#69 http://www.ibm.com/timex#d http://ex.org/variable#32	1
http://ex.org/variable#69 http://www.ibm.com/timex#o http://ex.org/variable#33	1
http://ex.org/variable#69 http://www.ibm.com/timex#o http://ex.org/variable#34	1
http://ex.org/variable#69 http://www.ibm.com/timex#o http://ex.org/variable#35	1
http://ex.org/variable#69 http://www.ibm.com/timex#o http://ex.org/variable#36	1
http://ex.org/variable#69 http://www.ibm.com/timex#m_o http://ex.org/variable#37	1
http://ex.org/variable#69 http://www.ibm.com/timex#o http://ex.org/variable#38	1
http://ex.org/variable#69 http://www.ibm.com/timex#o http://ex.org/variable#39	1
http://ex.org/variable#69 http://www.ibm.com/timex#b http://ex.org/variable#40	1
http://ex.org/variable#69 http://www.ibm.com/timex#b http://ex.org/variable#41	1
http://ex.org/variable#69 http://www.ibm.com/timex#o_s http://ex.org/variable#42	1
http://ex.org/variable#69 http://www.ibm.com/timex#o http://ex.org/variable#43	1
http://ex.org/variable#69 http://www.ibm.com/timex#o_di_fi http://ex.org/variable#44	1
http://ex.org/variable#69 http://www.ibm.com/timex#o http://ex.org/variable#45	1
http://ex.org/variable#69 http://www.ibm.com/timex#o http://ex.org/variable#46	1
http://ex.org/variable#69 http://www.ibm.com/timex#m_o http://ex.org/variable#47	1
http://ex.org/variable#69 http://www.ibm.com/timex#o http://ex.org/variable#48	1
http://ex.org/variable#69 http://www.ibm.com/timex#o_d_s http://ex.org/variable#49	1
http://ex.org/variable#69 http://www.ibm.com/timex#di_fi http://ex.org/variable#50	1
http://ex.org/variable#69 http://www.ibm.com/timex#o http://ex.org/variable#51	1
http://ex.org/variable#69 http://www.ibm.com/timex#o http://ex.org/variable#52	1
http://ex.org/variable#69 http://www.ibm.com/timex#o http://ex.org/variable#53	1
http://ex.org/variable#69 http://www.ibm.com/timex#o http://ex.org/variable#54	1
http://ex.org/variable#69 http://www.ibm.com/timex#o http://ex.org/variable#55	1
http://ex.org/variable#69 http://www.ibm.com/timex#o http://ex.org/variable#56	1
http://ex.org/variable#69 http://www.ibm.com/timex#o http://ex.org/variable#57	1
http://ex.org/variable#69 http://www.ibm.com/timex#b http://ex.org/variable#58	1
http://ex.org/variable#69 http://www.ibm.com/timex#b http://ex.org/variable#59	1
http://ex.org/variable#69 http://www.ibm.com/timex#d http://ex.org/variable#60	1
http://ex.org/variable#69 http://www.ibm.com/timex#o http://ex.org/variable#61	1
http://ex.org/variable#69 http://www.ibm.com/timex#o http://ex.org/variable#62	1
http://ex.org/variable#69 http://www.ibm.com/timex#o_di http://ex.org/variable#63	1
http://ex.org/variable#69 http://www.ibm.com/timex#o http://ex.org/variable#64	1
http://ex.org/variable#69 http://www.ibm.com/timex#o http://ex.org/variable#65	1
http://ex.org/variable#69 http://www.ibm.com/timex#o http://ex.org/variable#66	1
http://ex.org/variable#69 http://www.ibm.com/timex#d_s http://ex.org/variable#67	1
http://ex.org/variable#69 http://www.ibm.com/timex#o http://ex.org/variable#68	1
http://ex.org/variable#69 http://www.ibm.com/timex#o http://ex.org/variable#70	1
http://ex.org/variable#69 http://www.ibm.com/timex#o http://ex.org/variable#71	1
http://ex.org/variable#69 http://www.ibm.com/timex#o http://ex.org/variable#72	1
http://ex.org/variable#69 http://www.ibm.com/timex#o http://ex.org/variable#73	1
http://ex.org/variable#69 http://www.ibm.com/timex#o http://ex.org/variable#74	1
http://ex.org/variable#69 http://www.ibm.com/timex#o http://ex.org/variable#75	1
http://ex.org/variable#69 http://www.ibm.com/timex#b http://ex.org/variable#76	1
http://ex.org/variable#69 http://www.ibm.com/timex#di_fi http://ex.org/variable#77	1
http://ex.org/variable#69 http://www.ibm.com/timex#o http://ex.org/variable#78	1
http://ex.org/variable#69 http://www.ibm.com/timex#o http://ex.org/variable#79	1
http://ex.org/variable#69 http://www.ibm.com/timex#b http://ex.org/variable#80	1
http://ex.org/variable#69 http://www.ibm.com/timex#o_d_s http://ex.org/variable#81	1
http://ex.org/variable#69 http://www.ibm.com/timex#o_d_s http://ex.org/variable#82	1
http://ex.org/variable#69 http://www.ibm.com/timex#o http://ex.org/variable#83	1
http://ex.org/variable#69 http://www.ibm.com/timex#o http://ex.org/variable#84	1
http://ex.org/variable#69 http://www.ibm.com/timex#o http://ex.org/variable#85	1
http://ex.org/variable#69 http://www.ibm.com/timex#d_s http://ex.org/variable#86	1
http://ex.org/variable#69 http://www.ibm.com/timex#o http://ex.org/variable#87	1
http://ex.org/variable#69 http://www.ibm.com/timex#b_m_o http://ex.org/variable#88	1
http://ex.org/variable#69 http://www.ibm.com/timex#b_m_o http://ex.org/variable#89	1
http://ex.org/variable#70 http://www.ibm.com/timex#di http://ex.org/variable#0	1
http://ex.org/variable#70 http://www.ibm.com/timex#o http://ex.org/variable#1	1
http://ex.org/variable#70 http://www.ibm.com/timex#o http://ex.org/variable#2	1
http://ex.org/variable#70 http://www.ibm.com/timex#o http://ex.org/variable#3	1
http://ex.org/variable#70 http://www.ibm.com/timex#o_di_fi http://ex.org/variable#4	1
http://ex.org/variable#70 http://www.ibm.com/timex#d_s http://ex.org/variable#5	1
http://ex.org/variable#70 http://www.ibm.com/timex#di http://ex.org/variable#6	1
http://ex.org/variable#70 http://www.ibm.com/timex#di http://ex.org/variable#7	1
http://ex.org/variable#70 http://www.ibm.com/timex#d http://ex.org/variable#8	1
http://ex.org/variable#70 http://www.ibm.com/timex#d http://ex.org/variable#9	1
http://ex.org/variable#70 http://www.ibm.com/timex#d http://ex.org/variable#10	1
http://ex.org/variable#70 http://www.ibm.com/timex#o http://ex.org/variable#11	1
http://ex.org/variable#70 http://www.ibm.com/timex#oi_di_si http://ex.org/variable#12	1
http://ex.org/variable#70 http://www.ibm.com/timex#d http://ex.org/variable#13	1
http://ex.org/variable#70 http://www.ibm.com/timex#o http://ex.org/variable#14	1
http://ex.org/variable#70 http://www.ibm.com/timex#o http://ex.org/variable#15	1
http://ex.org/variable#70 http://www.ibm.com/timex#di http://ex.org/variable#16	1
http://ex.org/variable#70 http://www.ibm.com/timex#o http://ex.org/variable#17	1
http://ex.org/variable#70 http://www.ibm.com/timex#d http://ex.org/variable#18	1
http://ex.org/variable#70 http://www.ibm.com/timex#si http://ex.org/variable#19	1
http://ex.org/variable#70 http://www.ibm.com/timex#oi_di_si http://ex.org/variable#20	1
http://ex.org/variable#70 http://www.ibm.com/timex#o_d_s http://ex.org/variable#21	1
http://ex.org/variable#70 http://www.ibm.com/timex#di http://ex.org/variable#22	1
http://ex.org/variable#70 http://www.ibm.com/timex#oi http://ex.org/variable#23	1
http://ex.org/variable#70 http://www.ibm.com/timex#o http://ex.org/variable#24	1
http://ex.org/variable#70 http://www.ibm.com/timex#di http://ex.org/variable#25	1
http://ex.org/variable#70 http://www.ibm.com/timex#d http://ex.org/variable#26	1
http://ex.org/variable#70 http://www.ibm.com/timex#o http://ex.org/variable#27	1
http://ex.org/variable#70 http://www.ibm.com/timex#d http://ex.org/variable#28	1
http://ex.org/variable#70 http://www.ibm.com/timex#di http://ex.org/variable#29	1
http://ex.org/variable#70 http://www.ibm.com/timex#di http://ex.org/variable#30	1
http://ex.org/variable#70 http://www.ibm.com/timex#di http://ex.org/variable#31	1
http://ex.org/variable#70 http://www.ibm.com/timex#d http://ex.org/variable#32	1
http://ex.org/variable#70 http://www.ibm.com/timex#o http://ex.org/variable#33	1
http://ex.org/variable#70 http://www.ibm.com/timex#o http://ex.org/variable#34	1
http://ex.org/variable#70 http://www.ibm.com/timex#di http://ex.org/variable#35	1
http://ex.org/variable#70 http://www.ibm.com/timex#o http://ex.org/variable#36	1
http://ex.org/variable#70 http://www.ibm.com/timex#di http://ex.org/variable#37	1
http://ex.org/variable#70 http://www.ibm.com/timex#di http://ex.org/variable#38	1
http://ex.org/variable#70 http://www.ibm.com/timex#oi_di_si http://ex.org/variable#39	1
http://ex.org/variable#70 http://www.ibm.com/timex#o http://ex.org/variable#40	1
http://ex.org/variable#70 http://www.ibm.com/timex#o http://ex.org/variable#41	1
http://ex.org/variable#70 http://www.ibm.com/timex#d http://ex.org/variable#42	1
http://ex.org/variable#70 http://www.ibm.com/timex#d http://ex.org/variable#43	1
http://ex.org/variable#70 http://www.ibm.com/timex#di http://ex.org/variable#44	1
http://ex.org/variable#70 http://www.ibm.com/timex#d http://ex.org/variable#45	1
http://ex.org/variable#70 http://www.ibm.com/timex#o http://ex.org/variable#46	1
http://ex.org/variable#70 http://www.ibm.com/timex#di http://ex.org/variable#47	1
http://ex.org/variable#70 http://www.ibm.com/timex#o http://ex.org/variable#48	1
http://ex.org/variable#70 http://www.ibm.com/timex#d http://ex.org/variable#49	1
http://ex.org/variable#70 http://www.ibm.com/timex#di http://ex.org/variable#50	1
http://ex.org/variable#70 http://www.ibm.com/timex#o_d_s http://ex.org/variable#51	1
http://ex.org/variable#70 http://www.ibm.com/timex#oi http://ex.org/variable#52	1
http://ex.org/variable#70 http://www.ibm.com/timex#o http://ex.org/variable#53	1
http://ex.org/variable#70 http://www.ibm.com/timex#d http://ex.org/variable#54	1
http://ex.org/variable#70 http://www.ibm.com/timex#o_d_f_fi http://ex.org/variable#55	1
http://ex.org/variable#70 http://www.ibm.com/timex#o_di_fi http://ex.org/variable#56	1
http://ex.org/variable#70 http://www.ibm.com/timex#di http://ex.org/variable#57	1
http://ex.org/variable#70 http://www.ibm.com/timex#b http://ex.org/variable#58	1
http://ex.org/variable#70 http://www.ibm.com/timex#o http://ex.org/variable#59	1
http://ex.org/variable#70 http://www.ibm.com/timex#d http://ex.org/variable#60	1
http://ex.org/variable#70 http://www.ibm.com/timex#di http://ex.org/variable#61	1
http://ex.org/variable#70 http://www.ibm.com/timex#o http://ex.org/variable#62	1
http://ex.org/variable#70 http://www.ibm.com/timex#di http://ex.org/variable#63	1
http://ex.org/variable#70 http://www.ibm.com/timex#o http://ex.org/variable#64	1
http://ex.org/variable#70 http://www.ibm.com/timex#o http://ex.org/variable#65	1
http://ex.org/variable#70 http://www.ibm.com/timex#o http://ex.org/variable#66	1
http://ex.org/variable#70 http://www.ibm.com/timex#oi http://ex.org/variable#67	1
http://ex.org/variable#70 http://www.ibm.com/timex#o http://ex.org/variable#68	1
http://ex.org/variable#70 http://www.ibm.com/timex#oi http://ex.org/variable#69	1
http://ex.org/variable#70 http://www.ibm.com/timex#d http://ex.org/variable#71	1
http://ex.org/variable#70 http://www.ibm.com/timex#di http://ex.org/variable#72	1
http://ex.org/variable#70 http://www.ibm.com/timex#o http://ex.org/variable#73	1
http://ex.org/variable#70 http://www.ibm.com/timex#o http://ex.org/variable#74	1
http://ex.org/variable#70 http://www.ibm.com/timex#di http://ex.org/variable#75	1
http://ex.org/variable#70 http://www.ibm.com/timex#o http://ex.org/variable#76	1
http://ex.org/variable#70 http://www.ibm.com/timex#di http://ex.org/variable#77	1
http://ex.org/variable#70 http://www.ibm.com/timex#oi http://ex.org/variable#78	1
http://ex.org/variable#70 http://www.ibm.com/timex#d http://ex.org/variable#79	1
http://ex.org/variable#70 http://www.ibm.com/timex#o http://ex.org/variable#80	1
http://ex.org/variable#70 http://www.ibm.com/timex#oi http://ex.org/variable#81	1
http://ex.org/variable#70 http://www.ibm.com/timex#o_d_s http://ex.org/variable#82	1
http://ex.org/variable#70 http://www.ibm.com/timex#o http://ex.org/variable#83	1
http://ex.org/variable#70 http://www.ibm.com/timex#o http://ex.org/variable#84	1
http://ex.org/variable#70 http://www.ibm.com/timex#di http://ex.org/variable#85	1
http://ex.org/variable#70 http://www.ibm.com/timex#oi http://ex.org/variable#86	1
http://ex.org/variable#70 http://www.ibm.com/timex#di http://ex.org/variable#87	1
http://ex.org/variable#70 http://www.ibm.com/timex#o_d_s http://ex.org/variable#88	1
http://ex.org/variable#70 http://www.ibm.com/timex#o http://ex.org/variable#89	1
http://ex.org/variable#71 http://www.ibm.com/timex#di http://ex.org/variable#0	1
http://ex.org/variable#71 http://www.ibm.com/timex#o http://ex.org/variable#1	1
http://ex.org/variable#71 http://www.ibm.com/timex#o http://ex.org/variable#2	1
http://ex.org/variable#71 http://www.ibm.com/timex#o http://ex.org/variable#3	1
http://ex.org/variable#71 http://www.ibm.com/timex#o_di_fi http://ex.org/variable#4	1
http://ex.org/variable#71 http://www.ibm.com/timex#o http://ex.org/variable#5	1
http://ex.org/variable#71 http://www.ibm.com/timex#di http://ex.org/variable#6	1
http://ex.org/variable#71 http://www.ibm.com/timex#di http://ex.org/variable#7	1
http://ex.org/variable#71 http://www.ibm.com/timex#d http://ex.org/variable#8	1
http://ex.org/variable#71 http://www.ibm.com/timex#eq_f_fi http://ex.org/variable#9	1
http://ex.org/variable#71 http://www.ibm.com/timex#o_d_s http://ex.org/variable#10	1
http://ex.org/variable#71 http://www.ibm.com/timex#o http://ex.org/variable#11	1
http://ex.org/variable#71 http://www.ibm.com/timex#di http://ex.org/variable#12	1
http://ex.org/variable#71 http://www.ibm.com/timex#d http://ex.org/variable#13	1
http://ex.org/variable#71 http://www.ibm.com/timex#o http://ex.org/variable#14	1
http://ex.org/variable#71 http://www.ibm.com/timex#o http://ex.org/variable#15	1
http://ex.org/variable#71 http://www.ibm.com/timex#di http://ex.org/variable#16	1
http://ex.org/variable#71 http://www.ibm.com/timex#o http://ex.org/variable#17	1
http://ex.org/variable#71 http://www.ibm.com/timex#d http://ex.org/variable#18	1
http://ex.org/variable#71 http://www.ibm.com/timex#di http://ex.org/variable#19	1
http://ex.org/variable#71 http://www.ibm.com/timex#di http://ex.org/variable#20	1
http://ex.org/variable#71 http://www.ibm.com/timex#o_di http://ex.org/variable#21	1
http://ex.org/variable#71 http://www.ibm.com/timex#di http://ex.org/variable#22	1
http://ex.org/variable#71 http://www.ibm.com/timex#di http://ex.org/variable#23	1
http://ex.org/variable#71 http://www.ibm.com/timex#o http://ex.org/variable#24	1
http://ex.org/variable#71 http://www.ibm.com/timex#di http://ex.org/variable#25	1
http://ex.org/variable#71 http://www.ibm.com/timex#o http://ex.org/variable#26	1
http://ex.org/variable#71 http://www.ibm.com/timex#o http://ex.org/variable#27	1
http://ex.org/variable#71 http://www.ibm.com/timex#d http://ex.org/variable#28	1
http://ex.org/variable#71 http://www.ibm.com/timex#di http://ex.org/variable#29	1
http://ex.org/variable#71 http://www.ibm.com/timex#di http://ex.org/variable#30	1
http://ex.org/variable#71 http://www.ibm.com/timex#di http://ex.org/variable#31	1
http://ex.org/variable#71 http://www.ibm.com/timex#f http://ex.org/variable#32	1
http://ex.org/variable#71 http://www.ibm.com/timex#o http://ex.org/variable#33	1
http://ex.org/variable#71 http://www.ibm.com/timex#o http://ex.org/variable#34	1
http://ex.org/variable#71 http://www.ibm.com/timex#di http://ex.org/variable#35	1
http://ex.org/variable#71 http://www.ibm.com/timex#o http://ex.org/variable#36	1
http://ex.org/variable#71 http://www.ibm.com/timex#di http://ex.org/variable#37	1
http://ex.org/variable#71 http://www.ibm.com/timex#di http://ex.org/variable#38	1
http://ex.org/variable#71 http://www.ibm.com/timex#di http://ex.org/variable#39	1
http://ex.org/variable#71 http://www.ibm.com/timex#o http://ex.org/variable#40	1
http://ex.org/variable#71 http://www.ibm.com/timex#o http://ex.org/variable#41	1
http://ex.org/variable#71 http://www.ibm.com/timex#d http://ex.org/variable#42	1
http://ex.org/variable#71 http://www.ibm.com/timex#o http://ex.org/variable#43	1
http://ex.org/variable#71 http://www.ibm.com/timex#di http://ex.org/variable#44	1
http://ex.org/variable#71 http://www.ibm.com/timex#eq_fi http://ex.org/variable#45	1
http://ex.org/variable#71 http://www.ibm.com/timex#o http://ex.org/variable#46	1
http://ex.org/variable#71 http://www.ibm.com/timex#di http://ex.org/variable#47	1
http://ex.org/variable#71 http://www.ibm.com/timex#o http://ex.org/variable#48	1
http://ex.org/variable#71 http://www.ibm.com/timex#d_s http://ex.org/variable#49	1
http://ex.org/variable#71 http://www.ibm.com/timex#di http://ex.org/variable#50	1
http://ex.org/variable#71 http://www.ibm.com/timex#o http://ex.org/variable#51	1
http://ex.org/variable#71 http://www.ibm.com/timex#di_si http://ex.org/variable#52	1
http://ex.org/variable#71 http://www.ibm.com/timex#o http://ex.org/variable#53	1
http://ex.org/variable#71 http://www.ibm.com/timex#o_di_fi http://ex.org/variable#54	1
http://ex.org/variable#71 http://www.ibm.com/timex#di http://ex.org/variable#55	1
http://ex.org/variable#71 http://www.ibm.com/timex#o_di_fi http://ex.org/variable#56	1
http://ex.org/variable#71 http://www.ibm.com/timex#di http://ex.org/variable#57	1
http://ex.org/variable#71 http://www.ibm.com/timex#b http://ex.org/variable#58	1
http://ex.org/variable#71 http://www.ibm.com/timex#o http://ex.org/variable#59	1
http://ex.org/variable#71 http://www.ibm.com/timex#d http://ex.org/variable#60	1
http://ex.org/variable#71 http://www.ibm.com/timex#di http://ex.org/variable#61	1
http://ex.org/variable#71 http://www.ibm.com/timex#o http://ex.org/variable#62	1
http://ex.org/variable#71 http://www.ibm.com/timex#di http://ex.org/variable#63	1
http://ex.org/variable#71 http://www.ibm.com/timex#o http://ex.org/variable#64	1
http://ex.org/variable#71 http://www.ibm.com/timex#o http://ex.org/variable#65	1
http://ex.org/variable#71 http://www.ibm.com/timex#o http://ex.org/variable#66	1
http://ex.org/variable#71 http://www.ibm.com/timex#oi http://ex.org/variable#67	1
http://ex.org/variable#71 http://www.ibm.com/timex#o http://ex.org/variable#68	1
http://ex.org/variable#71 http://www.ibm.com/timex#oi http://ex.org/variable#69	1
http://ex.org/variable#71 http://www.ibm.com/timex#di http://ex.org/variable#70	1
http://ex.org/variable#71 http://www.ibm.com/timex#di http://ex.org/variable#72	1
http://ex.org/variable#71 http://www.ibm.com/timex#o http://ex.org/variable#73	1
http://ex.org/variable#71 http://www.ibm.com/timex#o http://ex.org/variable#74	1
http://ex.org/variable#71 http://www.ibm.com/timex#di http://ex.org/variable#75	1
http://ex.org/variable#71 http://www.ibm.com/timex#o http://ex.org/variable#76	1
http://ex.org/variable#71 http://www.ibm.com/timex#di http://ex.org/variable#77	1
http://ex.org/variable#71 http://www.ibm.com/timex#di http://ex.org/variable#78	1
http://ex.org/variable#71 http://www.ibm.com/timex#o http://ex.org/variable#79	1
http://ex.org/variable#71 http://www.ibm.com/timex#o http://ex.org/variable#80	1
http://ex.org/variable#71 http://www.ibm.com/timex#oi http://ex.org/variable#81	1
http://ex.org/variable#71 http://www.ibm.com/timex#o_d_s http://ex.org/variable#82	1
http://ex.org/variable#71 http://www.ibm.com/timex#o http://ex.org/variable#83	1
http://ex.org/variable#71 http://www.ibm.com/timex#o http://ex.org/variable#84	1
http://ex.org/variable#71 http://www.ibm.com/timex#di http://ex.org/variable#85	1
http://ex.org/variable#71 http://www.ibm.com/timex#oi http://ex.org/variable#86	1
http://ex.org/variable#71 http://www.ibm.com/timex#di http://ex.org/variable#87	1
http://ex.org/variable#71 http://www.ibm.com/timex#o http://ex.org/variable#88	1
http://ex.org/variable#71 http://www.ibm.com/timex#o http://ex.org/variable#89	1
http://ex.org/variable#72 http://www.ibm.com/timex#di http://ex.org/variable#0	1
http://ex.org/variable#72 http://www.ibm.com/timex#o http://ex.org/variable#1	1
http://ex.org/variable#72 http://www.ibm.com/timex#o http://ex.org/variable#2	1
http://ex.org/variable#72 http://www.ibm.com/timex#d_s http://ex.org/variable#3	1
http://ex.org/variable#72 http://www.ibm.com/timex#o http://ex.org/variable#4	1
http://ex.org/variable#72 http://www.ibm.com/timex#d http://ex.org/variable#5	1
http://ex.org/variable#72 http://www.ibm.com/timex#di http://ex.org/variable#6	1
http://ex.org/variable#72 http://www.ibm.com/timex#eq_oi_di_si_f_fi http://ex.org/variable#7	1
http://ex.org/variable#72 http://www.ibm.com/timex#d http://ex.org/variable#8	1
http://ex.org/variable#72 http://www.ibm.com/timex#d http://ex.org/variable#9	1
http://ex.org/variable#72 http://www.ibm.com/timex#d http://ex.org/variable#10	1
http://ex.org/variable#72 http://www.ibm.com/timex#o http://ex.org/variable#11	1
http://ex.org/variable#72 http://www.ibm.com/timex#oi http://ex.org/variable#12	1
http://ex.org/variable#72 http://www.ibm.com/timex#d http://ex.org/variable#13	1
http://ex.org/variable#72 http://www.ibm.com/timex#o http://ex.org/variable#14	1
http://ex.org/variable#72 http://www.ibm.com/timex#o http://ex.org/variable#15	1
http://ex.org/variable#72 http://www.ibm.com/timex#oi http://ex.org/variable#16	1
http://ex.org/variable#72 http://www.ibm.com/timex#o http://ex.org/variable#17	1
http://ex.org/variable#72 http://www.ibm.com/timex#d http://ex.org/variable#18	1
http://ex.org/variable#72 http://www.ibm.com/timex#oi http://ex.org/variable#19	1
http://ex.org/variable#72 http://www.ibm.com/timex#oi http://ex.org/variable#20	1
http://ex.org/variable#72 http://www.ibm.com/timex#d http://ex.org/variable#21	1
http://ex.org/variable#72 http://www.ibm.com/timex#di http://ex.org/variable#22	1
http://ex.org/variable#72 http://www.ibm.com/timex#oi http://ex.org/variable#23	1
http://ex.org/variable#72 http://www.ibm.com/timex#o http://ex.org/variable#24	1
http://ex.org/variable#72 http://www.ibm.com/timex#oi_si http://ex.org/variable#25	1
http://ex.org/variable#72 http://www.ibm.com/timex#d http://ex.org/variable#26	1
http://ex.org/variable#72 http://www.ibm.com/timex#d http://ex.org/variable#27	1
http://ex.org/variable#72 http://www.ibm.com/timex#d http://ex.org/variable#28	1
http://ex.org/variable#72 http://www.ibm.com/timex#eq_o_oi_d_di_s_si_f_fi http://ex.org/variable#29	1
http://ex.org/variable#72 http://www.ibm.com/timex#oi http://ex.org/variable#30	1
http://ex.org/variable#72 http://www.ibm.com/timex#di http://ex.org/variable#31	1
http://ex.org/variable#72 http://www.ibm.com/timex#d http://ex.org/variable#32	1
http://ex.org/variable#72 http://www.ibm.com/timex#o http://ex.org/variable#33	1
http://ex.org/variable#72 http://www.ibm.com/timex#o http://ex.org/variable#34	1
http://ex.org/variable#72 http://www.ibm.com/timex#oi_si http://ex.org/variable#35	1
http://ex.org/variable#72 http://www.ibm.com/timex#o_d http://ex.org/variable#36	1
http://ex.org/variable#72 http://www.ibm.com/timex#di http://ex.org/variable#37	1
http://ex.org/variable#72 http://www.ibm.com/timex#oi http://ex.org/variable#38	1
http://ex.org/variable#72 http://www.ibm.com/timex#oi_f http://ex.org/variable#39	1
http://ex.org/variable#72 http://www.ibm.com/timex#o http://ex.org/variable#40	1
http://ex.org/variable#72 http://www.ibm.com/timex#o http://ex.org/variable#41	1
http://ex.org/variable#72 http://www.ibm.com/timex#d http://ex.org/variable#42	1
http://ex.org/variable#72 http://www.ibm.com/timex#d http://ex.org/variable#43	1
http://ex.org/variable#72 http://www.ibm.com/timex#di_fi http://ex.org/variable#44	1
http://ex.org/variable#72 http://www.ibm.com/timex#d http://ex.org/variable#45	1
http://ex.org/variable#72 http://www.ibm.com/timex#o http://ex.org/variable#46	1
http://ex.org/variable#72 http://www.ibm.com/timex#o http://ex.org/variable#47	1
http://ex.org/variable#72 http://www.ibm.com/timex#o http://ex.org/variable#48	1
http://ex.org/variable#72 http://www.ibm.com/timex#d http://ex.org/variable#49	1
http://ex.org/variable#72 http://www.ibm.com/timex#di http://ex.org/variable#50	1
http://ex.org/variable#72 http://www.ibm.com/timex#d http://ex.org/variable#51	1
http://ex.org/variable#72 http://www.ibm.com/timex#oi http://ex.org/variable#52	1
http://ex.org/variable#72 http://www.ibm.com/timex#o http://ex.org/variable#53	1
http://ex.org/variable#72 http://www.ibm.com/timex#d http://ex.org/variable#54	1
http://ex.org/variable#72 http://www.ibm.com/timex#d http://ex.org/variable#55	1
http://ex.org/variable#72 http://www.ibm.com/timex#o http://ex.org/variable#56	1
http://ex.org/variable#72 http://www.ibm.com/timex#f http://ex.org/variable#57	1
http://ex.org/variable#72 http://www.ibm.com/timex#b http://ex.org/variable#58	1
http://ex.org/variable#72 http://www.ibm.com/timex#o http://ex.org/variable#59	1
http://ex.org/variable#72 http://www.ibm.com/timex#d http://ex.org/variable#60	1
http://ex.org/variable#72 http://www.ibm.com/timex#oi http://ex.org/variable#61	1
http://ex.org/variable#72 http://www.ibm.com/timex#o http://ex.org/variable#62	1
http://ex.org/variable#72 http://www.ibm.com/timex#di http://ex.org/variable#63	1
http://ex.org/variable#72 http://www.ibm.com/timex#o http://ex.org/variable#64	1
http://ex.org/variable#72 http://www.ibm.com/timex#o http://ex.org/variable#65	1
http://ex.org/variable#72 http://www.ibm.com/timex#d http://ex.org/variable#66	1
http://ex.org/variable#72 http://www.ibm.com/timex#oi_f http://ex.org/variable#67	1
http://ex.org/variable#72 http://www.ibm.com/timex#o http://ex.org/variable#68	1
http://ex.org/variable#72 http://www.ibm.com/timex#oi http://ex.org/variable#69	1
http://ex.org/variable#72 http://www.ibm.com/timex#d http://ex.org/variable#70	1
http://ex.org/variable#72 http://www.ibm.com/timex#d http://ex.org/variable#71	1
http://ex.org/variable#72 http://www.ibm.com/timex#d http://ex.org/variable#73	1
http://ex.org/variable#72 http://www.ibm.com/timex#d http://ex.org/variable#74	1
http://ex.org/variable#72 http://www.ibm.com/timex#di_fi http://ex.org/variable#75	1
http://ex.org/variable#72 http://www.ibm.com/timex#b_m_o http://ex.org/variable#76	1
http://ex.org/variable#72 http://www.ibm.com/timex#di http://ex.org/variable#77	1
http://ex.org/variable#72 http://www.ibm.com/timex#oi http://ex.org/variable#78	1
http://ex.org/variable#72 http://www.ibm.com/timex#d http://ex.org/variable#79	1
http://ex.org/variable#72 http://www.ibm.com/timex#o http://ex.org/variable#80	1
http://ex.org/variable#72 http://www.ibm.com/timex#oi http://ex.org/variable#81	1
http://ex.org/variable#72 http://www.ibm.com/timex#d http://ex.org/variable#82	1
http://ex.org/variable#72 http://www.ibm.com/timex#o http://ex.org/variable#83	1
http://ex.org/variable#72 http://www.ibm.com/timex#o http://ex.org/variable#84	1
http://ex.org/variable#72 http://www.ibm.com/timex#oi_si http://ex.org/variable#85	1
http://ex.org/variable#72 http://www.ibm.com/timex#oi http://ex.org/variable#86	1
http://ex.org/variable#72 http://www.ibm.com/timex#oi_si http://ex.org/variable#87	1
http://ex.org/variable#72 http://www.ibm.com/timex#o_d_s http://ex.org/variable#88	1
http://ex.org/variable#72 http://www.ibm.com/timex#o http://ex.org/variable#89	1
http://ex.org/variable#73 http://www.ibm.com/timex#di http://ex.org/variable#0	1
http://ex.org/variable#73 http://www.ibm.com/timex#fi http://ex.org/variable#1	1
http://ex.org/variable#73 http://www.ibm.com/timex#o http://ex.org/variable#2	1
http://ex.org/variable#73 http://www.ibm.com/timex#o http://ex.org/variable#3	1
http://ex.org/variable#73 http://www.ibm.com/timex#o_di http://ex.org/variable#4	1
http://ex.org/variable#73 http://www.ibm.com/timex#d http://ex.org/variable#5	1
http://ex.org/variable#73 http://www.ibm.com/timex#di http://ex.org/variable#6	1
http://ex.org/variable#73 http://www.ibm.com/timex#di http://ex.org/variable#7	1
http://ex.org/variable#73 http://www.ibm.com/timex#d http://ex.org/variable#8	1
http://ex.org/variable#73 http://www.ibm.com/timex#oi http://ex.org/variable#9	1
http://ex.org/variable#73 http://www.ibm.com/timex#d http://ex.org/variable#10	1
http://ex.org/variable#73 http://www.ibm.com/timex#o http://ex.org/variable#11	1
http://ex.org/variable#73 http://www.ibm.com/timex#oi http://ex.org/variable#12	1
http://ex.org/variable#73 http://www.ibm.com/timex#d http://ex.org/variable#13	1
http://ex.org/variable#73 http://www.ibm.com/timex#o http://ex.org/variable#14	1
http://ex.org/variable#73 http://www.ibm.com/timex#o http://ex.org/variable#15	1
http://ex.org/variable#73 http://www.ibm.com/timex#oi_di http://ex.org/variable#16	1
http://ex.org/variable#73 http://www.ibm.com/timex#o http://ex.org/variable#17	1
http://ex.org/variable#73 http://www.ibm.com/timex#d http://ex.org/variable#18	1
http://ex.org/variable#73 http://www.ibm.com/timex#oi http://ex.org/variable#19	1
http://ex.org/variable#73 http://www.ibm.com/timex#oi http://ex.org/variable#20	1
http://ex.org/variable#73 http://www.ibm.com/timex#oi_d_f http://ex.org/variable#21	1
http://ex.org/variable#73 http://www.ibm.com/timex#di http://ex.org/variable#22	1
http://ex.org/variable#73 http://www.ibm.com/timex#oi http://ex.org/variable#23	1
http://ex.org/variable#73 http://www.ibm.com/timex#o http://ex.org/variable#24	1
http://ex.org/variable#73 http://www.ibm.com/timex#di http://ex.org/variable#25	1
http://ex.org/variable#73 http://www.ibm.com/timex#d http://ex.org/variable#26	1
http://ex.org/variable#73 http://www.ibm.com/timex#d http://ex.org/variable#27	1
http://ex.org/variable#73 http://www.ibm.com/timex#d http://ex.org/variable#28	1
http://ex.org/variable#73 http://www.ibm.com/timex#di http://ex.org/variable#29	1
http://ex.org/variable#73 http://www.ibm.com/timex#oi http://ex.org/variable#30	1
http://ex.org/variable#73 http://www.ibm.com/timex#di http://ex.org/variable#31	1
http://ex.org/variable#73 http://www.ibm.com/timex#oi http://ex.org/variable#32	1
http://ex.org/variable#73 http://www.ibm.com/timex#o http://ex.org/variable#33	1
http://ex.org/variable#73 http://www.ibm.com/timex#o http://ex.org/variable#34	1
http://ex.org/variable#73 http://www.ibm.com/timex#di http://ex.org/variable#35	1
http://ex.org/variable#73 http://www.ibm.com/timex#o_d_s http://ex.org/variable#36	1
http://ex.org/variable#73 http://www.ibm.com/timex#di http://ex.org/variable#37	1
http://ex.org/variable#73 http://www.ibm.com/timex#oi_di_si http://ex.org/variable#38	1
http://ex.org/variable#73 http://www.ibm.com/timex#oi http://ex.org/variable#39	1
http://ex.org/variable#73 http://www.ibm.com/timex#fi http://ex.org/variable#40	1
http://ex.org/variable#73 http://www.ibm.com/timex#o http://ex.org/variable#41	1
http://ex.org/variable#73 http://www.ibm.com/timex#d http://ex.org/variable#42	1
http://ex.org/variable#73 http://www.ibm.com/timex#d http://ex.org/variable#43	1
http://ex.org/variable#73 http://www.ibm.com/timex#di http://ex.org/variable#44	1
http://ex.org/variable#73 http://www.ibm.com/timex#oi http://ex.org/variable#45	1
http://ex.org/variable#73 http://www.ibm.com/timex#o_di_fi http://ex.org/variable#46	1
http://ex.org/variable#73 http://www.ibm.com/timex#di http://ex.org/variable#47	1
http://ex.org/variable#73 http://www.ibm.com/timex#o http://ex.org/variable#48	1
http://ex.org/variable#73 http://www.ibm.com/timex#f http://ex.org/variable#49	1
http://ex.org/variable#73 http://www.ibm.com/timex#di http://ex.org/variable#50	1
http://ex.org/variable#73 http://www.ibm.com/timex#d http://ex.org/variable#51	1
http://ex.org/variable#73 http://www.ibm.com/timex#oi http://ex.org/variable#52	1
http://ex.org/variable#73 http://www.ibm.com/timex#o http://ex.org/variable#53	1
http://ex.org/variable#73 http://www.ibm.com/timex#oi_d http://ex.org/variable#54	1
http://ex.org/variable#73 http://www.ibm.com/timex#oi http://ex.org/variable#55	1
http://ex.org/variable#73 http://www.ibm.com/timex#o_di_fi http://ex.org/variable#56	1
http://ex.org/variable#73 http://www.ibm.com/timex#oi http://ex.org/variable#57	1
http://ex.org/variable#73 http://www.ibm.com/timex#b http://ex.org/variable#58	1
http://ex.org/variable#73 http://www.ibm.com/timex#di_fi http://ex.org/variable#59	1
http://ex.org/variable#73 http://www.ibm.com/timex#d http://ex.org/variable#60	1
http://ex.org/variable#73 http://www.ibm.com/timex#oi http://ex.org/variable#61	1
http://ex.org/variable#73 http://www.ibm.com/timex#o http://ex.org/variable#62	1
http://ex.org/variable#73 http://www.ibm.com/timex#di http://ex.org/variable#63	1
http://ex.org/variable#73 http://www.ibm.com/timex#o http://ex.org/variable#64	1
http://ex.org/variable#73 http://www.ibm.com/timex#o http://ex.org/variable#65	1
http://ex.org/variable#73 http://www.ibm.com/timex#d http://ex.org/variable#66	1
http://ex.org/variable#73 http://www.ibm.com/timex#oi http://ex.org/variable#67	1
http://ex.org/variable#73 http://www.ibm.com/timex#o http://ex.org/variable#68	1
http://ex.org/variable#73 http://www.ibm.com/timex#oi http://ex.org/variable#69	1
http://ex.org/variable#73 http://www.ibm.com/timex#oi http://ex.org/variable#70	1
http://ex.org/variable#73 http://www.ibm.com/timex#oi http://ex.org/variable#71	1
http://ex.org/variable#73 http://www.ibm.com/timex#di http://ex.org/variable#72	1
http://ex.org/variable#73 http://www.ibm.com/timex#d http://ex.org/variable#74	1
http://ex.org/variable#73 http://www.ibm.com/timex#di http://ex.org/variable#75	1
http://ex.org/variable#73 http://www.ibm.com/timex#o http://ex.org/variable#76	1
http://ex.org/variable#73 http://www.ibm.com/timex#di http://ex.org/variable#77	1
http://ex.org/variable#73 http://www.ibm.com/timex#oi http://ex.org/variable#78	1
http://ex.org/variable#73 http://www.ibm.com/timex#f http://ex.org/variable#79	1
http://ex.org/variable#73 http://www.ibm.com/timex#o http://ex.org/variable#80	1
http://ex.org/variable#73 http://www.ibm.com/timex#oi http://ex.org/variable#81	1
http://ex.org/variable#73 http://www.ibm.com/timex#oi_f http://ex.org/variable#82	1
http://ex.org/variable#73 http://www.ibm.com/timex#o http://ex.org/variable#83	1
http://ex.org/variable#73 http://www.ibm.com/timex#o http://ex.org/variable#84	1
http://ex.org/variable#73 http://www.ibm.com/timex#di http://ex.org/variable#85	1
http://ex.org/variable#73 http://www.ibm.com/timex#oi http://ex.org/variable#86	1
http://ex.org/variable#73 http://www.ibm.com/timex#di http://ex.org/variable#87	1
http://ex.org/variable#73 http://www.ibm.com/timex#o_d_s http://ex.org/variable#88	1
http://ex.org/variable#73 http://www.ibm.com/timex#o http://ex.org/variable#89	1
http://ex.org/variable#74 http://www.ibm.com/timex#di http://ex.org/variable#0	1
http://ex.org/variable#74 http://www.ibm.com/timex#di http://ex.org/variable#1	1
http://ex.org/variable#74 http://www.ibm.com/timex#o_di_fi http://ex.org/variable#2	1
http://ex.org/variable#74 http://www.ibm.com/timex#o http://ex.org/variable#3	1
http://ex.org/variable#74 http://www.ibm.com/timex#di http://ex.org/variable#4	1
http://ex.org/variable#74 http://www.ibm.com/timex#d http://ex.org/variable#5	1
http://ex.org/variable#74 http://www.ibm.com/timex#di http://ex.org/variable#6	1
http://ex.org/variable#74 http://www.ibm.com/timex#di http://ex.org/variable#7	1
http://ex.org/variable#74 http://www.ibm.com/timex#oi_d_f http://ex.org/variable#8	1
http://ex.org/variable#74 http://www.ibm.com/timex#oi http://ex.org/variable#9	1
http://ex.org/variable#74 http://www.ibm.com/timex#oi http://ex.org/variable#10	1
http://ex.org/variable#74 http://www.ibm.com/timex#o_di_fi http://ex.org/variable#11	1
http://ex.org/variable#74 http://www.ibm.com/timex#oi_di_si http://ex.org/variable#12	1
http://ex.org/variable#74 http://www.ibm.com/timex#d http://ex.org/variable#13	1
http://ex.org/variable#74 http://www.ibm.com/timex#o_di_fi http://ex.org/variable#14	1
http://ex.org/variable#74 http://www.ibm.com/timex#di_fi http://ex.org/variable#15	1
http://ex.org/variable#74 http://www.ibm.com/timex#di http://ex.org/variable#16	1
http://ex.org/variable#74 http://www.ibm.com/timex#o http://ex.org/variable#17	1
http://ex.org/variable#74 http://www.ibm.com/timex#d http://ex.org/variable#18	1
http://ex.org/variable#74 http://www.ibm.com/timex#oi http://ex.org/variable#19	1
http://ex.org/variable#74 http://www.ibm.com/timex#oi_di_si http://ex.org/variable#20	1
http://ex.org/variable#74 http://www.ibm.com/timex#eq_o_oi_d_di_s_si_f_fi http://ex.org/variable#21	1
http://ex.org/variable#74 http://www.ibm.com/timex#di http://ex.org/variable#22	1
http://ex.org/variable#74 http://www.ibm.com/timex#oi http://ex.org/variable#23	1
http://ex.org/variable#74 http://www.ibm.com/timex#di http://ex.org/variable#24	1
http://ex.org/variable#74 http://www.ibm.com/timex#di http://ex.org/variable#25	1
http://ex.org/variable#74 http://www.ibm.com/timex#oi_d_f http://ex.org/variable#26	1
http://ex.org/variable#74 http://www.ibm.com/timex#o_di http://ex.org/variable#27	1
http://ex.org/variable#74 http://www.ibm.com/timex#d http://ex.org/variable#28	1
http://ex.org/variable#74 http://www.ibm.com/timex#di http://ex.org/variable#29	1
http://ex.org/variable#74 http://www.ibm.com/timex#di_si http://ex.org/variable#30	1
http://ex.org/variable#74 http://www.ibm.com/timex#di http://ex.org/variable#31	1
http://ex.org/variable#74 http://www.ibm.com/timex#oi http://ex.org/variable#32	1
http://ex.org/variable#74 http://www.ibm.com/timex#di http://ex.org/variable#33	1
http://ex.org/variable#74 http://www.ibm.com/timex#o_di_fi http://ex.org/variable#34	1
http://ex.org/variable#74 http://www.ibm.com/timex#di http://ex.org/variable#35	1
http://ex.org/variable#74 http://www.ibm.com/timex#o_di_fi http://ex.org/variable#36	1
http://ex.org/variable#74 http://www.ibm.com/timex#di http://ex.org/variable#37	1
http://ex.org/variable#74 http://www.ibm.com/timex#di http://ex.org/variable#38	1
http://ex.org/variable#74 http://www.ibm.com/timex#oi_di_si http://ex.org/variable#39	1
http://ex.org/variable#74 http://www.ibm.com/timex#di http://ex.org/variable#40	1
http://ex.org/variable#74 http://www.ibm.com/timex#o_di_fi http://ex.org/variable#41	1
http://ex.org/variable#74 http://www.ibm.com/timex#oi_d_f http://ex.org/variable#42	1
http://ex.org/variable#74 http://www.ibm.com/timex#oi_d_f http://ex.org/variable#43	1
http://ex.org/variable#74 http://www.ibm.com/timex#di http://ex.org/variable#44	1
http://ex.org/variable#74 http://www.ibm.com/timex#oi http://ex.org/variable#45	1
http://ex.org/variable#74 http://www.ibm.com/timex#di http://ex.org/variable#46	1
http://ex.org/variable#74 http://www.ibm.com/timex#di http://ex.org/variable#47	1
http://ex.org/variable#74 http://www.ibm.com/timex#di http://ex.org/variable#48	1
http://ex.org/variable#74 http://www.ibm.com/timex#oi http://ex.org/variable#49	1
http://ex.org/variable#74 http://www.ibm.com/timex#di http://ex.org/variable#50	1
http://ex.org/variable#74 http://www.ibm.com/timex#eq_o_oi_d_di_s_si_f_fi http://ex.org/variable#51	1
http://ex.org/variable#74 http://www.ibm.com/timex#oi http://ex.org/variable#52	1
http://ex.org/variable#74 http://www.ibm.com/timex#o_di_fi http://ex.org/variable#53	1
http://ex.org/variable#74 http://www.ibm.com/timex#oi_d http://ex.org/variable#54	1
http://ex.org/variable#74 http://www.ibm.com/timex#oi http://ex.org/variable#55	1
http://ex.org/variable#74 http://www.ibm.com/timex#di http://ex.org/variable#56	1
http://ex.org/variable#74 http://www.ibm.com/timex#oi http://ex.org/variable#57	1
http://ex.org/variable#74 http://www.ibm.com/timex#m_o http://ex.org/variable#58	1
http://ex.org/variable#74 http://www.ibm.com/timex#di http://ex.org/variable#59	1
http://ex.org/variable#74 http://www.ibm.com/timex#d http://ex.org/variable#60	1
http://ex.org/variable#74 http://www.ibm.com/timex#di_si http://ex.org/variable#61	1
http://ex.org/variable#74 http://www.ibm.com/timex#o http://ex.org/variable#62	1
http://ex.org/variable#74 http://www.ibm.com/timex#di http://ex.org/variable#63	1
http://ex.org/variable#74 http://www.ibm.com/timex#o_di_fi http://ex.org/variable#64	1
http://ex.org/variable#74 http://www.ibm.com/timex#o_di_fi http://ex.org/variable#65	1
http://ex.org/variable#74 http://www.ibm.com/timex#eq_o_di_s_si_fi http://ex.org/variable#66	1
http://ex.org/variable#74 http://www.ibm.com/timex#oi http://ex.org/variable#67	1
http://ex.org/variable#74 http://www.ibm.com/timex#o_di http://ex.org/variable#68	1
http://ex.org/variable#74 http://www.ibm.com/timex#oi http://ex.org/variable#69	1
http://ex.org/variable#74 http://www.ibm.com/timex#oi http://ex.org/variable#70	1
http://ex.org/variable#74 http://www.ibm.com/timex#oi http://ex.org/variable#71	1
http://ex.org/variable#74 http://www.ibm.com/timex#di http://ex.org/variable#72	1
http://ex.org/variable#74 http://www.ibm.com/timex#di http://ex.org/variable#73	1
http://ex.org/variable#74 http://www.ibm.com/timex#di http://ex.org/variable#75	1
http://ex.org/variable#74 http://www.ibm.com/timex#o_di http://ex.org/variable#76	1
http://ex.org/variable#74 http://www.ibm.com/timex#di http://ex.org/variable#77	1
http://ex.org/variable#74 http://www.ibm.com/timex#oi http://ex.org/variable#78	1
http://ex.org/variable#74 http://www.ibm.com/timex#oi http://ex.org/variable#79	1
http://ex.org/variable#74 http://www.ibm.com/timex#o http://ex.org/variable#80	1
http://ex.org/variable#74 http://www.ibm.com/timex#oi http://ex.org/variable#81	1
http://ex.org/variable#74 http://www.ibm.com/timex#oi_di_si http://ex.org/variable#82	1
http://ex.org/variable#74 http://www.ibm.com/timex#o_di_fi http://ex.org/variable#83	1
http://ex.org/variable#74 http://www.ibm.com/timex#o_di_fi http://ex.org/variable#84	1
http://ex.org/variable#74 http://www.ibm.com/timex#di http://ex.org/variable#85	1
http://ex.org/variable#74 http://www.ibm.com/timex#oi http://ex.org/variable#86	1
http://ex.org/variable#74 http://www.ibm.com/timex#di http://ex.org/variable#87	1
http://ex.org/variable#74 http://www.ibm.com/timex#eq_o_oi_d_di_s_si_f_fi http://ex.org/variable#88	1
http://ex.org/variable#74 http://www.ibm.com/timex#o_di_fi http://ex.org/variable#89	1
http://ex.org/variable#75 http://www.ibm.com/timex#di_fi http://ex.org/variable#0	1
http://ex.org/variable#75 http://www.ibm.com/timex#o http://ex.org/variable#1	1
http://ex.org/variable#75 http://www.ibm.com/timex#o http://ex.org/variable#2	1
http://ex.org/variable#75 http://www.ibm.com/timex#d http://ex.org/variable#3	1
http://ex.org/variable#75 http://www.ibm.com/timex#o http://ex.org/variable#4	1
http://ex.org/variable#75 http://www.ibm.com/timex#d http://ex.org/variable#5	1
http://ex.org/variable#75 http://www.ibm.com/timex#di http://ex.org/variable#6	1
http://ex.org/variable#75 http://www.ibm.com/timex#eq_o_oi_d_di_s_si_f_fi http://ex.org/variable#7	1
http://ex.org/variable#75 http://www.ibm.com/timex#d http://ex.org/variable#8	1
http://ex.org/variable#75 http://www.ibm.com/timex#d http://ex.org/variable#9	1
http://ex.org/variable#75 http://www.ibm.com/timex#d http://ex.org/variable#10	1
http://ex.org/variable#75 http://www.ibm.com/timex#o http://ex.org/variable#11	1
http://ex.org/variable#75 http://www.ibm.com/timex#oi http://ex.org/variable#12	1
http://ex.org/variable#75 http://www.ibm.com/timex#d http://ex.org/variable#13	1
http://ex.org/variable#75 http://www.ibm.com/timex#o http://ex.org/variable#14	1
http://ex.org/variable#75 http://www.ibm.com/timex#o http://ex.org/variable#15	1
http://ex.org/variable#75 http://www.ibm.com/timex#oi http://ex.org/variable#16	1
http://ex.org/variable#75 http://www.ibm.com/timex#o_d_s http://ex.org/variable#17	1
http://ex.org/variable#75 http://www.ibm.com/timex#d http://ex.org/variable#18	1
http://ex.org/variable#75 http://www.ibm.com/timex#oi http://ex.org/variable#19	1
http://ex.org/variable#75 http://www.ibm.com/timex#oi http://ex.org/variable#20	1
http://ex.org/variable#75 http://www.ibm.com/timex#d http://ex.org/variable#21	1
http://ex.org/variable#75 http://www.ibm.com/timex#di http://ex.org/variable#22	1
http://ex.org/variable#75 http://www.ibm.com/timex#oi http://ex.org/variable#23	1
http://ex.org/variable#75 http://www.ibm.com/timex#o http://ex.org/variable#24	1
http://ex.org/variable#75 http://www.ibm.com/timex#oi http://ex.org/variable#25	1
http://ex.org/variable#75 http://www.ibm.com/timex#d http://ex.org/variable#26	1
http://ex.org/variable#75 http://www.ibm.com/timex#d http://ex.org/variable#27	1
http://ex.org/variable#75 http://www.ibm.com/timex#d http://ex.org/variable#28	1
http://ex.org/variable#75 http://www.ibm.com/timex#o_oi_d_di_f_fi http://ex.org/variable#29	1
http://ex.org/variable#75 http://www.ibm.com/timex#oi http://ex.org/variable#30	1
http://ex.org/variable#75 http://www.ibm.com/timex#di http://ex.org/variable#31	1
http://ex.org/variable#75 http://www.ibm.com/timex#d http://ex.org/variable#32	1
http://ex.org/variable#75 http://www.ibm.com/timex#o http://ex.org/variable#33	1
http://ex.org/variable#75 http://www.ibm.com/timex#o_d_s http://ex.org/variable#34	1
http://ex.org/variable#75 http://www.ibm.com/timex#oi http://ex.org/variable#35	1
http://ex.org/variable#75 http://www.ibm.com/timex#d http://ex.org/variable#36	1
http://ex.org/variable#75 http://www.ibm.com/timex#di http://ex.org/variable#37	1
http://ex.org/variable#75 http://www.ibm.com/timex#oi http://ex.org/variable#38	1
http://ex.org/variable#75 http://www.ibm.com/timex#oi_d_f http://ex.org/variable#39	1
http://ex.org/variable#75 http://www.ibm.com/timex#o http://ex.org/variable#40	1
http://ex.org/variable#75 http://www.ibm.com/timex#o http://ex.org/variable#41	1
http://ex.org/variable#75 http://www.ibm.com/timex#d http://ex.org/variable#42	1
http://ex.org/variable#75 http://www.ibm.com/timex#d http://ex.org/variable#43	1
http://ex.org/variable#75 http://www.ibm.com/timex#eq_o_oi_d_di_s_si_f_fi http://ex.org/variable#44	1
http://ex.org/variable#75 http://www.ibm.com/timex#d http://ex.org/variable#45	1
http://ex.org/variable#75 http://www.ibm.com/timex#o http://ex.org/variable#46	1
http://ex.org/variable#75 http://www.ibm.com/timex#o http://ex.org/variable#47	1
http://ex.org/variable#75 http://www.ibm.com/timex#d http://ex.org/variable#48	1
http://ex.org/variable#75 http://www.ibm.com/timex#d http://ex.org/variable#49	1
http://ex.org/variable#75 http://www.ibm.com/timex#oi_di http://ex.org/variable#50	1
http://ex.org/variable#75 http://www.ibm.com/timex#d http://ex.org/variable#51	1
http://ex.org/variable#75 http://www.ibm.com/timex#oi_f http://ex.org/variable#52	1
http://ex.org/variable#75 http://www.ibm.com/timex#o http://ex.org/variable#53	1
http://ex.org/variable#75 http://www.ibm.com/timex#d http://ex.org/variable#54	1
http://ex.org/variable#75 http://www.ibm.com/timex#d http://ex.org/variable#55	1
http://ex.org/variable#75 http://www.ibm.com/timex#d http://ex.org/variable#56	1
http://ex.org/variable#75 http://www.ibm.com/timex#d_f http://ex.org/variable#57	1
http://ex.org/variable#75 http://www.ibm.com/timex#b http://ex.org/variable#58	1
http://ex.org/variable#75 http://www.ibm.com/timex#o http://ex.org/variable#59	1
http://ex.org/variable#75 http://www.ibm.com/timex#d http://ex.org/variable#60	1
http://ex.org/variable#75 http://www.ibm.com/timex#oi http://ex.org/variable#61	1
http://ex.org/variable#75 http://www.ibm.com/timex#o http://ex.org/variable#62	1
http://ex.org/variable#75 http://www.ibm.com/timex#di http://ex.org/variable#63	1
http://ex.org/variable#75 http://www.ibm.com/timex#o http://ex.org/variable#64	1
http://ex.org/variable#75 http://www.ibm.com/timex#o_d_s http://ex.org/variable#65	1
http://ex.org/variable#75 http://www.ibm.com/timex#d http://ex.org/variable#66	1
http://ex.org/variable#75 http://www.ibm.com/timex#oi_d_f http://ex.org/variable#67	1
http://ex.org/variable#75 http://www.ibm.com/timex#o http://ex.org/variable#68	1
http://ex.org/variable#75 http://www.ibm.com/timex#oi http://ex.org/variable#69	1
http://ex.org/variable#75 http://www.ibm.com/timex#d http://ex.org/variable#70	1
http://ex.org/variable#75 http://www.ibm.com/timex#d http://ex.org/variable#71	1
http://ex.org/variable#75 http://www.ibm.com/timex#d_f http://ex.org/variable#72	1
http://ex.org/variable#75 http://www.ibm.com/timex#d http://ex.org/variable#73	1
http://ex.org/variable#75 http://www.ibm.com/timex#d http://ex.org/variable#74	1
http://ex.org/variable#75 http://www.ibm.com/timex#b_m_o http://ex.org/variable#76	1
http://ex.org/variable#75 http://www.ibm.com/timex#di http://ex.org/variable#77	1
http://ex.org/variable#75 http://www.ibm.com/timex#oi http://ex.org/variable#78	1
http://ex.org/variable#75 http://www.ibm.com/timex#d http://ex.org/variable#79	1
http://ex.org/variable#75 http://www.ibm.com/timex#o http://ex.org/variable#80	1
http://ex.org/variable#75 http://www.ibm.com/timex#oi http://ex.org/variable#81	1
http://ex.org/variable#75 http://www.ibm.com/timex#d http://ex.org/variable#82	1
http://ex.org/variable#75 http://www.ibm.com/timex#d http://ex.org/variable#83	1
http://ex.org/variable#75 http://www.ibm.com/timex#o_d_s http://ex.org/variable#84	1
http://ex.org/variable#75 http://www.ibm.com/timex#oi http://ex.org/variable#85	1
http://ex.org/variable#75 http://www.ibm.com/timex#oi_d_f http://ex.org/variable#86	1
http://ex.org/variable#75 http://www.ibm.com/timex#oi http://ex.org/variable#87	1
http://ex.org/variable#75 http://www.ibm.com/timex#o_d_s http://ex.org/variable#88	1
http://ex.org/variable#75 http://www.ibm.com/timex#o http://ex.org/variable#89	1
http://ex.org/variable#76 http://www.ibm.com/timex#bi_mi_oi_di_si http://ex.org/variable#0	1
http://ex.org/variable#76 http://www.ibm.com/timex#oi http://ex.org/variable#1	1
http://ex.org/variable#76 http://www.ibm.com/timex#oi_d_f http://ex.org/variable#2	1
http://ex.org/variable#76 http://www.ibm.com/timex#d http://ex.org/variable#3	1
http://ex.org/variable#76 http://www.ibm.com/timex#bi_mi_oi_di_si http://ex.org/variable#4	1
http://ex.org/variable#76 http://www.ibm.com/timex#d http://ex.org/variable#5	1
http://ex.org/variable#76 http://www.ibm.com/timex#bi http://ex.org/variable#6	1
http://ex.org/variable#76 http://www.ibm.com/timex#bi_mi_oi http://ex.org/variable#7	1
http://ex.org/variable#76 http://www.ibm.com/timex#oi http://ex.org/variable#8	1
http://ex.org/variable#76 http://www.ibm.com/timex#oi http://ex.org/variable#9	1
http://ex.org/variable#76 http://www.ibm.com/timex#oi http://ex.org/variable#10	1
http://ex.org/variable#76 http://www.ibm.com/timex#oi http://ex.org/variable#11	1
http://ex.org/variable#76 http://www.ibm.com/timex#bi http://ex.org/variable#12	1
http://ex.org/variable#76 http://www.ibm.com/timex#d http://ex.org/variable#13	1
http://ex.org/variable#76 http://www.ibm.com/timex#oi http://ex.org/variable#14	1
http://ex.org/variable#76 http://www.ibm.com/timex#oi http://ex.org/variable#15	1
http://ex.org/variable#76 http://www.ibm.com/timex#bi http://ex.org/variable#16	1
http://ex.org/variable#76 http://www.ibm.com/timex#d http://ex.org/variable#17	1
http://ex.org/variable#76 http://www.ibm.com/timex#d http://ex.org/variable#18	1
http://ex.org/variable#76 http://www.ibm.com/timex#bi http://ex.org/variable#19	1
http://ex.org/variable#76 http://www.ibm.com/timex#bi http://ex.org/variable#20	1
http://ex.org/variable#76 http://www.ibm.com/timex#oi http://ex.org/variable#21	1
http://ex.org/variable#76 http://www.ibm.com/timex#bi_mi_oi http://ex.org/variable#22	1
http://ex.org/variable#76 http://www.ibm.com/timex#bi http://ex.org/variable#23	1
http://ex.org/variable#76 http://www.ibm.com/timex#oi_di_si http://ex.org/variable#24	1
http://ex.org/variable#76 http://www.ibm.com/timex#bi http://ex.org/variable#25	1
http://ex.org/variable#76 http://www.ibm.com/timex#oi_d_f http://ex.org/variable#26	1
http://ex.org/variable#76 http://www.ibm.com/timex#oi http://ex.org/variable#27	1
http://ex.org/variable#76 http://www.ibm.com/timex#oi_d_f http://ex.org/variable#28	1
http://ex.org/variable#76 http://www.ibm.com/timex#mi_oi http://ex.org/variable#29	1
http://ex.org/variable#76 http://www.ibm.com/timex#bi http://ex.org/variable#30	1
http://ex.org/variable#76 http://www.ibm.com/timex#bi_mi_oi_di_si http://ex.org/variable#31	1
http://ex.org/variable#76 http://www.ibm.com/timex#oi http://ex.org/variable#32	1
http://ex.org/variable#76 http://www.ibm.com/timex#oi http://ex.org/variable#33	1
http://ex.org/variable#76 http://www.ibm.com/timex#oi http://ex.org/variable#34	1
http://ex.org/variable#76 http://www.ibm.com/timex#bi_mi_oi http://ex.org/variable#35	1
http://ex.org/variable#76 http://www.ibm.com/timex#oi http://ex.org/variable#36	1
http://ex.org/variable#76 http://www.ibm.com/timex#bi http://ex.org/variable#37	1
http://ex.org/variable#76 http://www.ibm.com/timex#bi_mi_oi http://ex.org/variable#38	1
http://ex.org/variable#76 http://www.ibm.com/timex#bi_mi_oi http://ex.org/variable#39	1
http://ex.org/variable#76 http://www.ibm.com/timex#oi http://ex.org/variable#40	1
http://ex.org/variable#76 http://www.ibm.com/timex#oi_di_si http://ex.org/variable#41	1
http://ex.org/variable#76 http://www.ibm.com/timex#oi http://ex.org/variable#42	1
http://ex.org/variable#76 http://www.ibm.com/timex#oi_d_f http://ex.org/variable#43	1
http://ex.org/variable#76 http://www.ibm.com/timex#bi_mi_oi http://ex.org/variable#44	1
http://ex.org/variable#76 http://www.ibm.com/timex#oi http://ex.org/variable#45	1
http://ex.org/variable#76 http://www.ibm.com/timex#oi http://ex.org/variable#46	1
http://ex.org/variable#76 http://www.ibm.com/timex#oi http://ex.org/variable#47	1
http://ex.org/variable#76 http://www.ibm.com/timex#oi http://ex.org/variable#48	1
http://ex.org/variable#76 http://www.ibm.com/timex#oi http://ex.org/variable#49	1
http://ex.org/variable#76 http://www.ibm.com/timex#bi http://ex.org/variable#50	1
http://ex.org/variable#76 http://www.ibm.com/timex#oi http://ex.org/variable#51	1
http://ex.org/variable#76 http://www.ibm.com/timex#bi_mi_oi http://ex.org/variable#52	1
http://ex.org/variable#76 http://www.ibm.com/timex#oi_d http://ex.org/variable#53	1
http://ex.org/variable#76 http://www.ibm.com/timex#oi http://ex.org/variable#54	1
http://ex.org/variable#76 http://www.ibm.com/timex#oi http://ex.org/variable#55	1
http://ex.org/variable#76 http://www.ibm.com/timex#bi_mi_oi http://ex.org/variable#56	1
http://ex.org/variable#76 http://www.ibm.com/timex#bi_mi_oi http://ex.org/variable#57	1
http://ex.org/variable#76 http://www.ibm.com/timex#o http://ex.org/variable#58	1
http://ex.org/variable#76 http://www.ibm.com/timex#oi_di_si http://ex.org/variable#59	1
http://ex.org/variable#76 http://www.ibm.com/timex#d http://ex.org/variable#60	1
http://ex.org/variable#76 http://www.ibm.com/timex#bi http://ex.org/variable#61	1
http://ex.org/variable#76 http://www.ibm.com/timex#d http://ex.org/variable#62	1
http://ex.org/variable#76 http://www.ibm.com/timex#bi http://ex.org/variable#63	1
http://ex.org/variable#76 http://www.ibm.com/timex#oi_d_f http://ex.org/variable#64	1
http://ex.org/variable#76 http://www.ibm.com/timex#oi http://ex.org/variable#65	1
http://ex.org/variable#76 http://www.ibm.com/timex#oi http://ex.org/variable#66	1
http://ex.org/variable#76 http://www.ibm.com/timex#bi_mi_oi http://ex.org/variable#67	1
http://ex.org/variable#76 http://www.ibm.com/timex#oi http://ex.org/variable#68	1
http://ex.org/variable#76 http://www.ibm.com/timex#bi http://ex.org/variable#69	1
http://ex.org/variable#76 http://www.ibm.com/timex#oi http://ex.org/variable#70	1
http://ex.org/variable#76 http://www.ibm.com/timex#oi http://ex.org/variable#71	1
http://ex.org/variable#76 http://www.ibm.com/timex#bi_mi_oi http://ex.org/variable#72	1
http://ex.org/variable#76 http://www.ibm.com/timex#oi http://ex.org/variable#73	1
http://ex.org/variable#76 http://www.ibm.com/timex#oi_d http://ex.org/variable#74	1
http://ex.org/variable#76 http://www.ibm.com/timex#bi_mi_oi http://ex.org/variable#75	1
http://ex.org/variable#76 http://www.ibm.com/timex#bi http://ex.org/variable#77	1
http://ex.org/variable#76 http://www.ibm.com/timex#bi_mi_oi http://ex.org/variable#78	1
http://ex.org/variable#76 http://www.ibm.com/timex#oi http://ex.org/variable#79	1
http://ex.org/variable#76 http://www.ibm.com/timex#o_d_s http://ex.org/variable#80	1
http://ex.org/variable#76 http://www.ibm.com/timex#bi http://ex.org/variable#81	1
http://ex.org/variable#76 http://www.ibm.com/timex#oi http://ex.org/variable#82	1
http://ex.org/variable#76 http://www.ibm.com/timex#oi_d_f http://ex.org/variable#83	1
http://ex.org/variable#76 http://www.ibm.com/timex#oi_d_f http://ex.org/variable#84	1
http://ex.org/variable#76 http://www.ibm.com/timex#bi http://ex.org/variable#85	1
http://ex.org/variable#76 http://www.ibm.com/timex#bi_mi_oi http://ex.org/variable#86	1
http://ex.org/variable#76 http://www.ibm.com/timex#bi_mi_oi http://ex.org/variable#87	1
http://ex.org/variable#76 http://www.ibm.com/timex#oi http://ex.org/variable#88	1
http://ex.org/variable#76 http://www.ibm.com/timex#oi_d_f http://ex.org/variable#89	1
http://ex.org/variable#77 http://www.ibm.com/timex#b http://ex.org/variable#0	1
http://ex.org/variable#77 http://www.ibm.com/timex#s http://ex.org/variable#1	1
http://ex.org/variable#77 http://www.ibm.com/timex#b_m_o http://ex.org/variable#2	1
http://ex.org/variable#77 http://www.ibm.com/timex#d http://ex.org/variable#3	1
http://ex.org/variable#77 http://www.ibm.com/timex#b_m http://ex.org/variable#4	1
http://ex.org/variable#77 http://www.ibm.com/timex#d http://ex.org/variable#5	1
http://ex.org/variable#77 http://www.ibm.com/timex#o http://ex.org/variable#6	1
http://ex.org/variable#77 http://www.ibm.com/timex#d http://ex.org/variable#7	1
http://ex.org/variable#77 http://www.ibm.com/timex#d http://ex.org/variable#8	1
http://ex.org/variable#77 http://www.ibm.com/timex#d http://ex.org/variable#9	1
http://ex.org/variable#77 http://www.ibm.com/timex#d http://ex.org/variable#10	1
http://ex.org/variable#77 http://www.ibm.com/timex#m_o http://ex.org/variable#11	1
http://ex.org/variable#77 http://www.ibm.com/timex#bi_mi_oi http://ex.org/variable#12	1
http://ex.org/variable#77 http://www.ibm.com/timex#d http://ex.org/variable#13	1
http://ex.org/variable#77 http://www.ibm.com/timex#o http://ex.org/variable#14	1
http://ex.org/variable#77 http://www.ibm.com/timex#d http://ex.org/variable#15	1
http://ex.org/variable#77 http://www.ibm.com/timex#d http://ex.org/variable#16	1
http://ex.org/variable#77 http://www.ibm.com/timex#d http://ex.org/variable#17	1
http://ex.org/variable#77 http://www.ibm.com/timex#d http://ex.org/variable#18	1
http://ex.org/variable#77 http://www.ibm.com/timex#oi_f http://ex.org/variable#19	1
http://ex.org/variable#77 http://www.ibm.com/timex#oi http://ex.org/variable#20	1
http://ex.org/variable#77 http://www.ibm.com/timex#d http://ex.org/variable#21	1
http://ex.org/variable#77 http://www.ibm.com/timex#b http://ex.org/variable#22	1
http://ex.org/variable#77 http://www.ibm.com/timex#oi_d_f http://ex.org/variable#23	1
http://ex.org/variable#77 http://www.ibm.com/timex#b http://ex.org/variable#24	1
http://ex.org/variable#77 http://www.ibm.com/timex#d_f http://ex.org/variable#25	1
http://ex.org/variable#77 http://www.ibm.com/timex#d http://ex.org/variable#26	1
http://ex.org/variable#77 http://www.ibm.com/timex#d http://ex.org/variable#27	1
http://ex.org/variable#77 http://www.ibm.com/timex#d http://ex.org/variable#28	1
http://ex.org/variable#77 http://www.ibm.com/timex#d http://ex.org/variable#29	1
http://ex.org/variable#77 http://www.ibm.com/timex#d http://ex.org/variable#30	1
http://ex.org/variable#77 http://www.ibm.com/timex#b http://ex.org/variable#31	1
http://ex.org/variable#77 http://www.ibm.com/timex#d http://ex.org/variable#32	1
http://ex.org/variable#77 http://www.ibm.com/timex#b_m_o http://ex.org/variable#33	1
http://ex.org/variable#77 http://www.ibm.com/timex#d http://ex.org/variable#34	1
http://ex.org/variable#77 http://www.ibm.com/timex#d http://ex.org/variable#35	1
http://ex.org/variable#77 http://www.ibm.com/timex#d http://ex.org/variable#36	1
http://ex.org/variable#77 http://www.ibm.com/timex#b_m http://ex.org/variable#37	1
http://ex.org/variable#77 http://www.ibm.com/timex#d http://ex.org/variable#38	1
http://ex.org/variable#77 http://www.ibm.com/timex#d http://ex.org/variable#39	1
http://ex.org/variable#77 http://www.ibm.com/timex#b http://ex.org/variable#40	1
http://ex.org/variable#77 http://www.ibm.com/timex#b http://ex.org/variable#41	1
http://ex.org/variable#77 http://www.ibm.com/timex#d http://ex.org/variable#42	1
http://ex.org/variable#77 http://www.ibm.com/timex#d http://ex.org/variable#43	1
http://ex.org/variable#77 http://www.ibm.com/timex#d http://ex.org/variable#44	1
http://ex.org/variable#77 http://www.ibm.com/timex#d http://ex.org/variable#45	1
http://ex.org/variable#77 http://www.ibm.com/timex#b_m_o http://ex.org/variable#46	1
http://ex.org/variable#77 http://www.ibm.com/timex#m_o http://ex.org/variable#47	1
http://ex.org/variable#77 http://www.ibm.com/timex#d http://ex.org/variable#48	1
http://ex.org/variable#77 http://www.ibm.com/timex#d http://ex.org/variable#49	1
http://ex.org/variable#77 http://www.ibm.com/timex#oi_f http://ex.org/variable#50	1
http://ex.org/variable#77 http://www.ibm.com/timex#d http://ex.org/variable#51	1
http://ex.org/variable#77 http://www.ibm.com/timex#d http://ex.org/variable#52	1
http://ex.org/variable#77 http://www.ibm.com/timex#m_o http://ex.org/variable#53	1
http://ex.org/variable#77 http://www.ibm.com/timex#d http://ex.org/variable#54	1
http://ex.org/variable#77 http://www.ibm.com/timex#d http://ex.org/variable#55	1
http://ex.org/variable#77 http://www.ibm.com/timex#d http://ex.org/variable#56	1
http://ex.org/variable#77 http://www.ibm.com/timex#d http://ex.org/variable#57	1
http://ex.org/variable#77 http://www.ibm.com/timex#b http://ex.org/variable#58	1
http://ex.org/variable#77 http://www.ibm.com/timex#b http://ex.org/variable#59	1
http://ex.org/variable#77 http://www.ibm.com/timex#d http://ex.org/variable#60	1
http://ex.org/variable#77 http://www.ibm.com/timex#d http://ex.org/variable#61	1
http://ex.org/variable#77 http://www.ibm.com/timex#o_d_s http://ex.org/variable#62	1
http://ex.org/variable#77 http://www.ibm.com/timex#eq_oi_d_s_si_f http://ex.org/variable#63	1
http://ex.org/variable#77 http://www.ibm.com/timex#d http://ex.org/variable#64	1
http://ex.org/variable#77 http://www.ibm.com/timex#d http://ex.org/variable#65	1
http://ex.org/variable#77 http://www.ibm.com/timex#d http://ex.org/variable#66	1
http://ex.org/variable#77 http://www.ibm.com/timex#d http://ex.org/variable#67	1
http://ex.org/variable#77 http://www.ibm.com/timex#m_o http://ex.org/variable#68	1
http://ex.org/variable#77 http://www.ibm.com/timex#d_f http://ex.org/variable#69	1
http://ex.org/variable#77 http://www.ibm.com/timex#d http://ex.org/variable#70	1
http://ex.org/variable#77 http://www.ibm.com/timex#d http://ex.org/variable#71	1
http://ex.org/variable#77 http://www.ibm.com/timex#d http://ex.org/variable#72	1
http://ex.org/variable#77 http://www.ibm.com/timex#d http://ex.org/variable#73	1
http://ex.org/variable#77 http://www.ibm.com/timex#d http://ex.org/variable#74	1
http://ex.org/variable#77 http://www.ibm.com/timex#d http://ex.org/variable#75	1
http://ex.org/variable#77 http://www.ibm.com/timex#b http://ex.org/variable#76	1
http://ex.org/variable#77 http://www.ibm.com/timex#d http://ex.org/variable#78	1
http://ex.org/variable#77 http://www.ibm.com/timex#d http://ex.org/variable#79	1
http://ex.org/variable#77 http://www.ibm.com/timex#b http://ex.org/variable#80	1
http://ex.org/variable#77 http://www.ibm.com/timex#d http://ex.org/variable#81	1
http://ex.org/variable#77 http://www.ibm.com/timex#d http://ex.org/variable#82	1
http://ex.org/variable#77 http://www.ibm.com/timex#d http://ex.org/variable#83	1
http://ex.org/variable#77 http://www.ibm.com/timex#o_d_s http://ex.org/variable#84	1
http://ex.org/variable#77 http://www.ibm.com/timex#d http://ex.org/variable#85	1
http://ex.org/variable#77 http://www.ibm.com/timex#d http://ex.org/variable#86	1
http://ex.org/variable#77 http://www.ibm.com/timex#d http://ex.org/variable#87	1
http://ex.org/variable#77 http://www.ibm.com/timex#b_m_o_d_s http://ex.org/variable#88	1
http://ex.org/variable#77 http://www.ibm.com/timex#b_m_o http://ex.org/variable#89	1
http://ex.org/variable#78 http://www.ibm.com/timex#o http://ex.org/variable#0	1
http://ex.org/variable#78 http://www.ibm.com/timex#o http://ex.org/variable#1	1
http://ex.org/variable#78 http://www.ibm.com/timex#o http://ex.org/variable#2	1
http://ex.org/variable#78 http://www.ibm.com/timex#o http://ex.org/variable#3	1
http://ex.org/variable#78 http://www.ibm.com/timex#o http://ex.org/variable#4	1
http://ex.org/variable#78 http://www.ibm.com/timex#o http://ex.org/variable#5	1
http://ex.org/variable#78 http://www.ibm.com/timex#di http://ex.org/variable#6	1
http://ex.org/variable#78 http://www.ibm.com/timex#o http://ex.org/variable#7	1
http://ex.org/variable#78 http://www.ibm.com/timex#d http://ex.org/variable#8	1
http://ex.org/variable#78 http://www.ibm.com/timex#d http://ex.org/variable#9	1
http://ex.org/variable#78 http://www.ibm.com/timex#d http://ex.org/variable#10	1
http://ex.org/variable#78 http://www.ibm.com/timex#o http://ex.org/variable#11	1
http://ex.org/variable#78 http://www.ibm.com/timex#di http://ex.org/variable#12	1
http://ex.org/variable#78 http://www.ibm.com/timex#d http://ex.org/variable#13	1
http://ex.org/variable#78 http://www.ibm.com/timex#o http://ex.org/variable#14	1
http://ex.org/variable#78 http://www.ibm.com/timex#o http://ex.org/variable#15	1
http://ex.org/variable#78 http://www.ibm.com/timex#di http://ex.org/variable#16	1
http://ex.org/variable#78 http://www.ibm.com/timex#o http://ex.org/variable#17	1
http://ex.org/variable#78 http://www.ibm.com/timex#d http://ex.org/variable#18	1
http://ex.org/variable#78 http://www.ibm.com/timex#di http://ex.org/variable#19	1
http://ex.org/variable#78 http://www.ibm.com/timex#di http://ex.org/variable#20	1
http://ex.org/variable#78 http://www.ibm.com/timex#o http://ex.org/variable#21	1
http://ex.org/variable#78 http://www.ibm.com/timex#di http://ex.org/variable#22	1
http://ex.org/variable#78 http://www.ibm.com/timex#di http://ex.org/variable#23	1
http://ex.org/variable#78 http://www.ibm.com/timex#o http://ex.org/variable#24	1
http://ex.org/variable#78 http://www.ibm.com/timex#di http://ex.org/variable#25	1
http://ex.org/variable#78 http://www.ibm.com/timex#o http://ex.org/variable#26	1
http://ex.org/variable#78 http://www.ibm.com/timex#o http://ex.org/variable#27	1
http://ex.org/variable#78 http://www.ibm.com/timex#d http://ex.org/variable#28	1
http://ex.org/variable#78 http://www.ibm.com/timex#o_di_fi http://ex.org/variable#29	1
http://ex.org/variable#78 http://www.ibm.com/timex#di http://ex.org/variable#30	1
http://ex.org/variable#78 http://www.ibm.com/timex#di http://ex.org/variable#31	1
http://ex.org/variable#78 http://www.ibm.com/timex#d http://ex.org/variable#32	1
http://ex.org/variable#78 http://www.ibm.com/timex#o http://ex.org/variable#33	1
http://ex.org/variable#78 http://www.ibm.com/timex#o http://ex.org/variable#34	1
http://ex.org/variable#78 http://www.ibm.com/timex#di http://ex.org/variable#35	1
http://ex.org/variable#78 http://www.ibm.com/timex#o http://ex.org/variable#36	1
http://ex.org/variable#78 http://www.ibm.com/timex#di http://ex.org/variable#37	1
http://ex.org/variable#78 http://www.ibm.com/timex#di http://ex.org/variable#38	1
http://ex.org/variable#78 http://www.ibm.com/timex#o http://ex.org/variable#39	1
http://ex.org/variable#78 http://www.ibm.com/timex#o http://ex.org/variable#40	1
http://ex.org/variable#78 http://www.ibm.com/timex#o http://ex.org/variable#41	1
http://ex.org/variable#78 http://www.ibm.com/timex#d http://ex.org/variable#42	1
http://ex.org/variable#78 http://www.ibm.com/timex#o http://ex.org/variable#43	1
http://ex.org/variable#78 http://www.ibm.com/timex#o_di_fi http://ex.org/variable#44	1
http://ex.org/variable#78 http://www.ibm.com/timex#d http://ex.org/variable#45	1
http://ex.org/variable#78 http://www.ibm.com/timex#o http://ex.org/variable#46	1
http://ex.org/variable#78 http://www.ibm.com/timex#o http://ex.org/variable#47	1
http://ex.org/variable#78 http://www.ibm.com/timex#o http://ex.org/variable#48	1
http://ex.org/variable#78 http://www.ibm.com/timex#d http://ex.org/variable#49	1
http://ex.org/variable#78 http://www.ibm.com/timex#di http://ex.org/variable#50	1
http://ex.org/variable#78 http://www.ibm.com/timex#o http://ex.org/variable#51	1
http://ex.org/variable#78 http://www.ibm.com/timex#d http://ex.org/variable#52	1
http://ex.org/variable#78 http://www.ibm.com/timex#o http://ex.org/variable#53	1
http://ex.org/variable#78 http://www.ibm.com/timex#o http://ex.org/variable#54	1
http://ex.org/variable#78 http://www.ibm.com/timex#o http://ex.org/variable#55	1
http://ex.org/variable#78 http://www.ibm.com/timex#o http://ex.org/variable#56	1
http://ex.org/variable#78 http://www.ibm.com/timex#o http://ex.org/variable#57	1
http://ex.org/variable#78 http://www.ibm.com/timex#b http://ex.org/variable#58	1
http://ex.org/variable#78 http://www.ibm.com/timex#o http://ex.org/variable#59	1
http://ex.org/variable#78 http://www.ibm.com/timex#d http://ex.org/variable#60	1
http://ex.org/variable#78 http://www.ibm.com/timex#di http://ex.org/variable#61	1
http://ex.org/variable#78 http://www.ibm.com/timex#o http://ex.org/variable#62	1
http://ex.org/variable#78 http://www.ibm.com/timex#di http://ex.org/variable#63	1
http://ex.org/variable#78 http://www.ibm.com/timex#o http://ex.org/variable#64	1
http://ex.org/variable#78 http://www.ibm.com/timex#o http://ex.org/variable#65	1
http://ex.org/variable#78 http://www.ibm.com/timex#o http://ex.org/variable#66	1
http://ex.org/variable#78 http://www.ibm.com/timex#oi_d_f http://ex.org/variable#67	1
http://ex.org/variable#78 http://www.ibm.com/timex#o http://ex.org/variable#68	1
http://ex.org/variable#78 http://www.ibm.com/timex#oi http://ex.org/variable#69	1
http://ex.org/variable#78 http://www.ibm.com/timex#o http://ex.org/variable#70	1
http://ex.org/variable#78 http://www.ibm.com/timex#d http://ex.org/variable#71	1
http://ex.org/variable#78 http://www.ibm.com/timex#o http://ex.org/variable#72	1
http://ex.org/variable#78 http://www.ibm.com/timex#o http://ex.org/variable#73	1
http://ex.org/variable#78 http://www.ibm.com/timex#o http://ex.org/variable#74	1
http://ex.org/variable#78 http://www.ibm.com/timex#o http://ex.org/variable#75	1
http://ex.org/variable#78 http://www.ibm.com/timex#b_m_o http://ex.org/variable#76	1
http://ex.org/variable#78 http://www.ibm.com/timex#di http://ex.org/variable#77	1
http://ex.org/variable#78 http://www.ibm.com/timex#o_d_s http://ex.org/variable#79	1
http://ex.org/variable#78 http://www.ibm.com/timex#o http://ex.org/variable#80	1
http://ex.org/variable#78 http://www.ibm.com/timex#oi http://ex.org/variable#81	1
http://ex.org/variable#78 http://www.ibm.com/timex#o_d http://ex.org/variable#82	1
http://ex.org/variable#78 http://www.ibm.com/timex#o http://ex.org/variable#83	1
http://ex.org/variable#78 http://www.ibm.com/timex#o http://ex.org/variable#84	1
http://ex.org/variable#78 http://www.ibm.com/timex#di http://ex.org/variable#85	1
http://ex.org/variable#78 http://www.ibm.com/timex#oi_d_f http://ex.org/variable#86	1
http://ex.org/variable#78 http://www.ibm.com/timex#di http://ex.org/variable#87	1
http://ex.org/variable#78 http://www.ibm.com/timex#o http://ex.org/variable#88	1
http://ex.org/variable#78 http://www.ibm.com/timex#o http://ex.org/variable#89	1
http://ex.org/variable#79 http://www.ibm.com/timex#di http://ex.org/variable#0	1
http://ex.org/variable#79 http://www.ibm.com/timex#fi http://ex.org/variable#1	1
http://ex.org/variable#79 http://www.ibm.com/timex#o http://ex.org/variable#2	1
http://ex.org/variable#79 http://www.ibm.com/timex#o http://ex.org/variable#3	1
http://ex.org/variable#79 http://www.ibm.com/timex#o_di http://ex.org/variable#4	1
http://ex.org/variable#79 http://www.ibm.com/timex#o http://ex.org/variable#5	1
http://ex.org/variable#79 http://www.ibm.com/timex#di http://ex.org/variable#6	1
http://ex.org/variable#79 http://www.ibm.com/timex#di http://ex.org/variable#7	1
http://ex.org/variable#79 http://www.ibm.com/timex#d http://ex.org/variable#8	1
http://ex.org/variable#79 http://www.ibm.com/timex#oi http://ex.org/variable#9	1
http://ex.org/variable#79 http://www.ibm.com/timex#d http://ex.org/variable#10	1
http://ex.org/variable#79 http://www.ibm.com/timex#o http://ex.org/variable#11	1
http://ex.org/variable#79 http://www.ibm.com/timex#di http://ex.org/variable#12	1
http://ex.org/variable#79 http://www.ibm.com/timex#d http://ex.org/variable#13	1
http://ex.org/variable#79 http://www.ibm.com/timex#o http://ex.org/variable#14	1
http://ex.org/variable#79 http://www.ibm.com/timex#o http://ex.org/variable#15	1
http://ex.org/variable#79 http://www.ibm.com/timex#di http://ex.org/variable#16	1
http://ex.org/variable#79 http://www.ibm.com/timex#o http://ex.org/variable#17	1
http://ex.org/variable#79 http://www.ibm.com/timex#d http://ex.org/variable#18	1
http://ex.org/variable#79 http://www.ibm.com/timex#di http://ex.org/variable#19	1
http://ex.org/variable#79 http://www.ibm.com/timex#di http://ex.org/variable#20	1
http://ex.org/variable#79 http://www.ibm.com/timex#o_di_fi http://ex.org/variable#21	1
http://ex.org/variable#79 http://www.ibm.com/timex#di http://ex.org/variable#22	1
http://ex.org/variable#79 http://www.ibm.com/timex#oi_di_si http://ex.org/variable#23	1
http://ex.org/variable#79 http://www.ibm.com/timex#o http://ex.org/variable#24	1
http://ex.org/variable#79 http://www.ibm.com/timex#di http://ex.org/variable#25	1
http://ex.org/variable#79 http://www.ibm.com/timex#o_s http://ex.org/variable#26	1
http://ex.org/variable#79 http://www.ibm.com/timex#o http://ex.org/variable#27	1
http://ex.org/variable#79 http://www.ibm.com/timex#d http://ex.org/variable#28	1
http://ex.org/variable#79 http://www.ibm.com/timex#di http://ex.org/variable#29	1
http://ex.org/variable#79 http://www.ibm.com/timex#di http://ex.org/variable#30	1
http://ex.org/variable#79 http://www.ibm.com/timex#di http://ex.org/variable#31	1
http://ex.org/variable#79 http://www.ibm.com/timex#oi http://ex.org/variable#32	1
http://ex.org/variable#79 http://www.ibm.com/timex#o http://ex.org/variable#33	1
http://ex.org/variable#79 http://www.ibm.com/timex#o http://ex.org/variable#34	1
http://ex.org/variable#79 http://www.ibm.com/timex#di http://ex.org/variable#35	1
http://ex.org/variable#79 http://www.ibm.com/timex#o http://ex.org/variable#36	1
http://ex.org/variable#79 http://www.ibm.com/timex#di http://ex.org/variable#37	1
http://ex.org/variable#79 http://www.ibm.com/timex#di http://ex.org/variable#38	1
http://ex.org/variable#79 http://www.ibm.com/timex#di http://ex.org/variable#39	1
http://ex.org/variable#79 http://www.ibm.com/timex#fi http://ex.org/variable#40	1
http://ex.org/variable#79 http://www.ibm.com/timex#o http://ex.org/variable#41	1
http://ex.org/variable#79 http://www.ibm.com/timex#d http://ex.org/variable#42	1
http://ex.org/variable#79 http://www.ibm.com/timex#o_s http://ex.org/variable#43	1
http://ex.org/variable#79 http://www.ibm.com/timex#di http://ex.org/variable#44	1
http://ex.org/variable#79 http://www.ibm.com/timex#oi http://ex.org/variable#45	1
http://ex.org/variable#79 http://www.ibm.com/timex#o_di_fi http://ex.org/variable#46	1
http://ex.org/variable#79 http://www.ibm.com/timex#di http://ex.org/variable#47	1
http://ex.org/variable#79 http://www.ibm.com/timex#o http://ex.org/variable#48	1
http://ex.org/variable#79 http://www.ibm.com/timex#f http://ex.org/variable#49	1
http://ex.org/variable#79 http://www.ibm.com/timex#di http://ex.org/variable#50	1
http://ex.org/variable#79 http://www.ibm.com/timex#o http://ex.org/variable#51	1
http://ex.org/variable#79 http://www.ibm.com/timex#oi http://ex.org/variable#52	1
http://ex.org/variable#79 http://www.ibm.com/timex#o http://ex.org/variable#53	1
http://ex.org/variable#79 http://www.ibm.com/timex#o_oi_d_di_s_si http://ex.org/variable#54	1
http://ex.org/variable#79 http://www.ibm.com/timex#di http://ex.org/variable#55	1
http://ex.org/variable#79 http://www.ibm.com/timex#o_di_fi http://ex.org/variable#56	1
http://ex.org/variable#79 http://www.ibm.com/timex#di http://ex.org/variable#57	1
http://ex.org/variable#79 http://www.ibm.com/timex#b http://ex.org/variable#58	1
http://ex.org/variable#79 http://www.ibm.com/timex#di_fi http://ex.org/variable#59	1
http://ex.org/variable#79 http://www.ibm.com/timex#d http://ex.org/variable#60	1
http://ex.org/variable#79 http://www.ibm.com/timex#di http://ex.org/variable#61	1
http://ex.org/variable#79 http://www.ibm.com/timex#o http://ex.org/variable#62	1
http://ex.org/variable#79 http://www.ibm.com/timex#di http://ex.org/variable#63	1
http://ex.org/variable#79 http://www.ibm.com/timex#o http://ex.org/variable#64	1
http://ex.org/variable#79 http://www.ibm.com/timex#o http://ex.org/variable#65	1
http://ex.org/variable#79 http://www.ibm.com/timex#o http://ex.org/variable#66	1
http://ex.org/variable#79 http://www.ibm.com/timex#oi http://ex.org/variable#67	1
http://ex.org/variable#79 http://www.ibm.com/timex#o http://ex.org/variable#68	1
http://ex.org/variable#79 http://www.ibm.com/timex#oi http://ex.org/variable#69	1
http://ex.org/variable#79 http://www.ibm.com/timex#di http://ex.org/variable#70	1
http://ex.org/variable#79 http://www.ibm.com/timex#oi http://ex.org/variable#71	1
http://ex.org/variable#79 http://www.ibm.com/timex#di http://ex.org/variable#72	1
http://ex.org/variable#79 http://www.ibm.com/timex#fi http://ex.org/variable#73	1
http://ex.org/variable#79 http://www.ibm.com/timex#o http://ex.org/variable#74	1
http://ex.org/variable#79 http://www.ibm.com/timex#di http://ex.org/variable#75	1
http://ex.org/variable#79 http://www.ibm.com/timex#o http://ex.org/variable#76	1
http://ex.org/variable#79 http://www.ibm.com/timex#di http://ex.org/variable#77	1
http://ex.org/variable#79 http://www.ibm.com/timex#oi_di_si http://ex.org/variable#78	1
http://ex.org/variable#79 http://www.ibm.com/timex#o http://ex.org/variable#80	1
http://ex.org/variable#79 http://www.ibm.com/timex#oi http://ex.org/variable#81	1
http://ex.org/variable#79 http://www.ibm.com/timex#eq_oi_di_si_f_fi http://ex.org/variable#82	1
http://ex.org/variable#79 http://www.ibm.com/timex#o http://ex.org/variable#83	1
http://ex.org/variable#79 http://www.ibm.com/timex#o http://ex.org/variable#84	1
http://ex.org/variable#79 http://www.ibm.com/timex#di http://ex.org/variable#85	1
http://ex.org/variable#79 http://www.ibm.com/timex#oi http://ex.org/variable#86	1
http://ex.org/variable#79 http://www.ibm.com/timex#di http://ex.org/variable#87	1
http://ex.org/variable#79 http://www.ibm.com/timex#o http://ex.org/variable#88	1
http://ex.org/variable#79 http://www.ibm.com/timex#o http://ex.org/variable#89	1
http://ex.org/variable#80 http://www.ibm.com/timex#oi_di_si http://ex.org/variable#0	1
http://ex.org/variable#80 http://www.ibm.com/timex#oi http://ex.org/variable#1	1
http://ex.org/variable#80 http://www.ibm.com/timex#oi http://ex.org/variable#2	1
http://ex.org/variable#80 http://www.ibm.com/timex#oi http://ex.org/variable#3	1
http://ex.org/variable#80 http://www.ibm.com/timex#oi_di_si http://ex.org/variable#4	1
http://ex.org/variable#80 http://www.ibm.com/timex#oi_f http://ex.org/variable#5	1
http://ex.org/variable#80 http://www.ibm.com/timex#bi http://ex.org/variable#6	1
http://ex.org/variable#80 http://www.ibm.com/timex#oi http://ex.org/variable#7	1
http://ex.org/variable#80 http://www.ibm.com/timex#oi http://ex.org/variable#8	1
http://ex.org/variable#80 http://www.ibm.com/timex#oi http://ex.org/variable#9	1
http://ex.org/variable#80 http://www.ibm.com/timex#oi http://ex.org/variable#10	1
http://ex.org/variable#80 http://www.ibm.com/timex#oi http://ex.org/variable#11	1
http://ex.org/variable#80 http://www.ibm.com/timex#bi http://ex.org/variable#12	1
http://ex.org/variable#80 http://www.ibm.com/timex#oi http://ex.org/variable#13	1
http://ex.org/variable#80 http://www.ibm.com/timex#oi http://ex.org/variable#14	1
http://ex.org/variable#80 http://www.ibm.com/timex#oi http://ex.org/variable#15	1
http://ex.org/variable#80 http://www.ibm.com/timex#bi http://ex.org/variable#16	1
http://ex.org/variable#80 http://www.ibm.com/timex#oi http://ex.org/variable#17	1
http://ex.org/variable#80 http://www.ibm.com/timex#oi http://ex.org/variable#18	1
http://ex.org/variable#80 http://www.ibm.com/timex#bi http://ex.org/variable#19	1
http://ex.org/variable#80 http://www.ibm.com/timex#bi http://ex.org/variable#20	1
http://ex.org/variable#80 http://www.ibm.com/timex#oi http://ex.org/variable#21	1
http://ex.org/variable#80 http://www.ibm.com/timex#oi http://ex.org/variable#22	1
http://ex.org/variable#80 http://www.ibm.com/timex#bi http://ex.org/variable#23	1
http://ex.org/variable#80 http://www.ibm.com/timex#oi_di http://ex.org/variable#24	1
http://ex.org/variable#80 http://www.ibm.com/timex#bi http://ex.org/variable#25	1
http://ex.org/variable#80 http://www.ibm.com/timex#oi http://ex.org/variable#26	1
http://ex.org/variable#80 http://www.ibm.com/timex#oi http://ex.org/variable#27	1
http://ex.org/variable#80 http://www.ibm.com/timex#oi_d_f http://ex.org/variable#28	1
http://ex.org/variable#80 http://www.ibm.com/timex#bi_mi_oi http://ex.org/variable#29	1
http://ex.org/variable#80 http://www.ibm.com/timex#bi http://ex.org/variable#30	1
http://ex.org/variable#80 http://www.ibm.com/timex#bi_mi_oi_di_si http://ex.org/variable#31	1
http://ex.org/variable#80 http://www.ibm.com/timex#oi http://ex.org/variable#32	1
http://ex.org/variable#80 http://www.ibm.com/timex#oi http://ex.org/variable#33	1
http://ex.org/variable#80 http://www.ibm.com/timex#oi http://ex.org/variable#34	1
http://ex.org/variable#80 http://www.ibm.com/timex#oi http://ex.org/variable#35	1
http://ex.org/variable#80 http://www.ibm.com/timex#oi http://ex.org/variable#36	1
http://ex.org/variable#80 http://www.ibm.com/timex#bi http://ex.org/variable#37	1
http://ex.org/variable#80 http://www.ibm.com/timex#oi http://ex.org/variable#38	1
http://ex.org/variable#80 http://www.ibm.com/timex#oi http://ex.org/variable#39	1
http://ex.org/variable#80 http://www.ibm.com/timex#oi http://ex.org/variable#40	1
http://ex.org/variable#80 http://www.ibm.com/timex#oi_di_si http://ex.org/variable#41	1
http://ex.org/variable#80 http://www.ibm.com/timex#oi http://ex.org/variable#42	1
http://ex.org/variable#80 http://www.ibm.com/timex#oi http://ex.org/variable#43	1
http://ex.org/variable#80 http://www.ibm.com/timex#bi_mi_oi http://ex.org/variable#44	1
http://ex.org/variable#80 http://www.ibm.com/timex#oi http://ex.org/variable#45	1
http://ex.org/variable#80 http://www.ibm.com/timex#oi http://ex.org/variable#46	1
http://ex.org/variable#80 http://www.ibm.com/timex#oi http://ex.org/variable#47	1
http://ex.org/variable#80 http://www.ibm.com/timex#oi http://ex.org/variable#48	1
http://ex.org/variable#80 http://www.ibm.com/timex#oi http://ex.org/variable#49	1
http://ex.org/variable#80 http://www.ibm.com/timex#bi http://ex.org/variable#50	1
http://ex.org/variable#80 http://www.ibm.com/timex#oi http://ex.org/variable#51	1
http://ex.org/variable#80 http://www.ibm.com/timex#oi http://ex.org/variable#52	1
http://ex.org/variable#80 http://www.ibm.com/timex#oi http://ex.org/variable#53	1
http://ex.org/variable#80 http://www.ibm.com/timex#oi http://ex.org/variable#54	1
http://ex.org/variable#80 http://www.ibm.com/timex#oi http://ex.org/variable#55	1
http://ex.org/variable#80 http://www.ibm.com/timex#oi http://ex.org/variable#56	1
http://ex.org/variable#80 http://www.ibm.com/timex#oi http://ex.org/variable#57	1
http://ex.org/variable#80 http://www.ibm.com/timex#di http://ex.org/variable#58	1
http://ex.org/variable#80 http://www.ibm.com/timex#oi_di_si http://ex.org/variable#59	1
http://ex.org/variable#80 http://www.ibm.com/timex#oi http://ex.org/variable#60	1
http://ex.org/variable#80 http://www.ibm.com/timex#bi http://ex.org/variable#61	1
http://ex.org/variable#80 http://www.ibm.com/timex#oi http://ex.org/variable#62	1
http://ex.org/variable#80 http://www.ibm.com/timex#bi http://ex.org/variable#63	1
http://ex.org/variable#80 http://www.ibm.com/timex#oi http://ex.org/variable#64	1
http://ex.org/variable#80 http://www.ibm.com/timex#oi http://ex.org/variable#65	1
http://ex.org/variable#80 http://www.ibm.com/timex#oi http://ex.org/variable#66	1
http://ex.org/variable#80 http://www.ibm.com/timex#oi http://ex.org/variable#67	1
http://ex.org/variable#80 http://www.ibm.com/timex#oi http://ex.org/variable#68	1
http://ex.org/variable#80 http://www.ibm.com/timex#bi http://ex.org/variable#69	1
http://ex.org/variable#80 http://www.ibm.com/timex#oi http://ex.org/variable#70	1
http://ex.org/variable#80 http://www.ibm.com/timex#oi http://ex.org/variable#71	1
http://ex.org/variable#80 http://www.ibm.com/timex#oi http://ex.org/variable#72	1
http://ex.org/variable#80 http://www.ibm.com/timex#oi http://ex.org/variable#73	1
http://ex.org/variable#80 http://www.ibm.com/timex#oi http://ex.org/variable#74	1
http://ex.org/variable#80 http://www.ibm.com/timex#oi http://ex.org/variable#75	1
http://ex.org/variable#80 http://www.ibm.com/timex#oi_di_si http://ex.org/variable#76	1
http://ex.org/variable#80 http://www.ibm.com/timex#bi http://ex.org/variable#77	1
http://ex.org/variable#80 http://www.ibm.com/timex#oi http://ex.org/variable#78	1
http://ex.org/variable#80 http://www.ibm.com/timex#oi http://ex.org/variable#79	1
http://ex.org/variable#80 http://www.ibm.com/timex#bi http://ex.org/variable#81	1
http://ex.org/variable#80 http://www.ibm.com/timex#oi http://ex.org/variable#82	1
http://ex.org/variable#80 http://www.ibm.com/timex#oi http://ex.org/variable#83	1
http://ex.org/variable#80 http://www.ibm.com/timex#oi http://ex.org/variable#84	1
http://ex.org/variable#80 http://www.ibm.com/timex#bi http://ex.org/variable#85	1
http://ex.org/variable#80 http://www.ibm.com/timex#bi_mi_oi http://ex.org/variable#86	1
http://ex.org/variable#80 http://www.ibm.com/timex#oi http://ex.org/variable#87	1
http://ex.org/variable#80 http://www.ibm.com/timex#oi http://ex.org/variable#88	1
http://ex.org/variable#80 http://www.ibm.com/timex#oi http://ex.org/variable#89	1
http://ex.org/variable#81 http://www.ibm.com/timex#b http://ex.org/variable#0	1
http://ex.org/variable#81 http://www.ibm.com/timex#o http://ex.org/variable#1	1
http://ex.org/variable#81 http://www.ibm.com/timex#o http://ex.org/variable#2	1
http://ex.org/variable#81 http://www.ibm.com/timex#o http://ex.org/variable#3	1
http://ex.org/variable#81 http://www.ibm.com/timex#b_o http://ex.org/variable#4	1
http://ex.org/variable#81 http://www.ibm.com/timex#o http://ex.org/variable#5	1
http://ex.org/variable#81 http://www.ibm.com/timex#o http://ex.org/variable#6	1
http://ex.org/variable#81 http://www.ibm.com/timex#o http://ex.org/variable#7	1
http://ex.org/variable#81 http://www.ibm.com/timex#o http://ex.org/variable#8	1
http://ex.org/variable#81 http://www.ibm.com/timex#o_d_s http://ex.org/variable#9	1
http://ex.org/variable#81 http://www.ibm.com/timex#o_d_s http://ex.org/variable#10	1
http://ex.org/variable#81 http://www.ibm.com/timex#o http://ex.org/variable#11	1
http://ex.org/variable#81 http://www.ibm.com/timex#di http://ex.org/variable#12	1
http://ex.org/variable#81 http://www.ibm.com/timex#o_d_s http://ex.org/variable#13	1
http://ex.org/variable#81 http://www.ibm.com/timex#o http://ex.org/variable#14	1
http://ex.org/variable#81 http://www.ibm.com/timex#o http://ex.org/variable#15	1
http://ex.org/variable#81 http://www.ibm.com/timex#o http://ex.org/variable#16	1
http://ex.org/variable#81 http://www.ibm.com/timex#o http://ex.org/variable#17	1
http://ex.org/variable#81 http://www.ibm.com/timex#o_d_s http://ex.org/variable#18	1
http://ex.org/variable#81 http://www.ibm.com/timex#di http://ex.org/variable#19	1
http://ex.org/variable#81 http://www.ibm.com/timex#di http://ex.org/variable#20	1
http://ex.org/variable#81 http://www.ibm.com/timex#o http://ex.org/variable#21	1
http://ex.org/variable#81 http://www.ibm.com/timex#b http://ex.org/variable#22	1
http://ex.org/variable#81 http://www.ibm.com/timex#di http://ex.org/variable#23	1
http://ex.org/variable#81 http://www.ibm.com/timex#b http://ex.org/variable#24	1
http://ex.org/variable#81 http://www.ibm.com/timex#di http://ex.org/variable#25	1
http://ex.org/variable#81 http://www.ibm.com/timex#o http://ex.org/variable#26	1
http://ex.org/variable#81 http://www.ibm.com/timex#o http://ex.org/variable#27	1
http://ex.org/variable#81 http://www.ibm.com/timex#o_d_s http://ex.org/variable#28	1
http://ex.org/variable#81 http://www.ibm.com/timex#o http://ex.org/variable#29	1
http://ex.org/variable#81 http://www.ibm.com/timex#di http://ex.org/variable#30	1
http://ex.org/variable#81 http://www.ibm.com/timex#b http://ex.org/variable#31	1
http://ex.org/variable#81 http://www.ibm.com/timex#o_d_s http://ex.org/variable#32	1
http://ex.org/variable#81 http://www.ibm.com/timex#o http://ex.org/variable#33	1
http://ex.org/variable#81 http://www.ibm.com/timex#o http://ex.org/variable#34	1
http://ex.org/variable#81 http://www.ibm.com/timex#o http://ex.org/variable#35	1
http://ex.org/variable#81 http://www.ibm.com/timex#o http://ex.org/variable#36	1
http://ex.org/variable#81 http://www.ibm.com/timex#fi http://ex.org/variable#37	1
http://ex.org/variable#81 http://www.ibm.com/timex#o http://ex.org/variable#38	1
http://ex.org/variable#81 http://www.ibm.com/timex#o http://ex.org/variable#39	1
http://ex.org/variable#81 http://www.ibm.com/timex#b http://ex.org/variable#40	1
http://ex.org/variable#81 http://www.ibm.com/timex#b http://ex.org/variable#41	1
http://ex.org/variable#81 http://www.ibm.com/timex#o_d_s http://ex.org/variable#42	1
http://ex.org/variable#81 http://www.ibm.com/timex#o http://ex.org/variable#43	1
http://ex.org/variable#81 http://www.ibm.com/timex#o_di_fi http://ex.org/variable#44	1
http://ex.org/variable#81 http://www.ibm.com/timex#o http://ex.org/variable#45	1
http://ex.org/variable#81 http://www.ibm.com/timex#o http://ex.org/variable#46	1
http://ex.org/variable#81 http://www.ibm.com/timex#o http://ex.org/variable#47	1
http://ex.org/variable#81 http://www.ibm.com/timex#o http://ex.org/variable#48	1
http://ex.org/variable#81 http://www.ibm.com/timex#o_d http://ex.org/variable#49	1
http://ex.org/variable#81 http://www.ibm.com/timex#di http://ex.org/variable#50	1
http://ex.org/variable#81 http://www.ibm.com/timex#o http://ex.org/variable#51	1
http://ex.org/variable#81 http://www.ibm.com/timex#o http://ex.org/variable#52	1
http://ex.org/variable#81 http://www.ibm.com/timex#o http://ex.org/variable#53	1
http://ex.org/variable#81 http://www.ibm.com/timex#o http://ex.org/variable#54	1
http://ex.org/variable#81 http://www.ibm.com/timex#o http://ex.org/variable#55	1
http://ex.org/variable#81 http://www.ibm.com/timex#o http://ex.org/variable#56	1
http://ex.org/variable#81 http://www.ibm.com/timex#o http://ex.org/variable#57	1
http://ex.org/variable#81 http://www.ibm.com/timex#b http://ex.org/variable#58	1
http://ex.org/variable#81 http://www.ibm.com/timex#b http://ex.org/variable#59	1
http://ex.org/variable#81 http://www.ibm.com/timex#o_d_s http://ex.org/variable#60	1
http://ex.org/variable#81 http://www.ibm.com/timex#fi http://ex.org/variable#61	1
http://ex.org/variable#81 http://www.ibm.com/timex#o http://ex.org/variable#62	1
http://ex.org/variable#81 http://www.ibm.com/timex#di http://ex.org/variable#63	1
http://ex.org/variable#81 http://www.ibm.com/timex#o http://ex.org/variable#64	1
http://ex.org/variable#81 http://www.ibm.com/timex#o http://ex.org/variable#65	1
http://ex.org/variable#81 http://www.ibm.com/timex#o http://ex.org/variable#66	1
http://ex.org/variable#81 http://www.ibm.com/timex#o_d_s http://ex.org/variable#67	1
http://ex.org/variable#81 http://www.ibm.com/timex#o http://ex.org/variable#68	1
http://ex.org/variable#81 http://www.ibm.com/timex#oi_di_si http://ex.org/variable#69	1
http://ex.org/variable#81 http://www.ibm.com/timex#o http://ex.org/variable#70	1
http://ex.org/variable#81 http://www.ibm.com/timex#o http://ex.org/variable#71	1
http://ex.org/variable#81 http://www.ibm.com/timex#o http://ex.org/variable#72	1
http://ex.org/variable#81 http://www.ibm.com/timex#o http://ex.org/variable#73	1
http://ex.org/variable#81 http://www.ibm.com/timex#o http://ex.org/variable#74	1
http://ex.org/variable#81 http://www.ibm.com/timex#o http://ex.org/variable#75	1
http://ex.org/variable#81 http://www.ibm.com/timex#b http://ex.org/variable#76	1
http://ex.org/variable#81 http://www.ibm.com/timex#di http://ex.org/variable#77	1
http://ex.org/variable#81 http://www.ibm.com/timex#o http://ex.org/variable#78	1
http://ex.org/variable#81 http://www.ibm.com/timex#o http://ex.org/variable#79	1
http://ex.org/variable#81 http://www.ibm.com/timex#b http://ex.org/variable#80	1
http://ex.org/variable#81 http://www.ibm.com/timex#o_d_s http://ex.org/variable#82	1
http://ex.org/variable#81 http://www.ibm.com/timex#o http://ex.org/variable#83	1
http://ex.org/variable#81 http://www.ibm.com/timex#o http://ex.org/variable#84	1
http://ex.org/variable#81 http://www.ibm.com/timex#o http://ex.org/variable#85	1
http://ex.org/variable#81 http://www.ibm.com/timex#o_d http://ex.org/variable#86	1
http://ex.org/variable#81 http://www.ibm.com/timex#o http://ex.org/variable#87	1
http://ex.org/variable#81 http://www.ibm.com/timex#m_o http://ex.org/variable#88	1
http://ex.org/variable#81 http://www.ibm.com/timex#o http://ex.org/variable#89	1
http://ex.org/variable#82 http://www.ibm.com/timex#di http://ex.org/variable#0	1
http://ex.org/variable#82 http://www.ibm.com/timex#o_fi http://ex.org/variable#1	1
http://ex.org/variable#82 http://www.ibm.com/timex#o http://ex.org/variable#2	1
http://ex.org/variable#82 http://www.ibm.com/timex#o http://ex.org/variable#3	1
http://ex.org/variable#82 http://www.ibm.com/timex#o_di http://ex.org/variable#4	1
http://ex.org/variable#82 http://www.ibm.com/timex#o_d_s http://ex.org/variable#5	1
http://ex.org/variable#82 http://www.ibm.com/timex#di http://ex.org/variable#6	1
http://ex.org/variable#82 http://www.ibm.com/timex#di http://ex.org/variable#7	1
http://ex.org/variable#82 http://www.ibm.com/timex#o_d_s http://ex.org/variable#8	1
http://ex.org/variable#82 http://www.ibm.com/timex#oi_di_si http://ex.org/variable#9	1
http://ex.org/variable#82 http://www.ibm.com/timex#o_d_s http://ex.org/variable#10	1
http://ex.org/variable#82 http://www.ibm.com/timex#o http://ex.org/variable#11	1
http://ex.org/variable#82 http://www.ibm.com/timex#di_si http://ex.org/variable#12	1
http://ex.org/variable#82 http://www.ibm.com/timex#d_s http://ex.org/variable#13	1
http://ex.org/variable#82 http://www.ibm.com/timex#o http://ex.org/variable#14	1
http://ex.org/variable#82 http://www.ibm.com/timex#o http://ex.org/variable#15	1
http://ex.org/variable#82 http://www.ibm.com/timex#oi_di_si http://ex.org/variable#16	1
http://ex.org/variable#82 http://www.ibm.com/timex#o http://ex.org/variable#17	1
http://ex.org/variable#82 http://www.ibm.com/timex#d_s http://ex.org/variable#18	1
http://ex.org/variable#82 http://www.ibm.com/timex#oi_di_si http://ex.org/variable#19	1
http://ex.org/variable#82 http://www.ibm.com/timex#di http://ex.org/variable#20	1
http://ex.org/variable#82 http://www.ibm.com/timex#eq_o_di_s_si_fi http://ex.org/variable#21	1
http://ex.org/variable#82 http://www.ibm.com/timex#di http://ex.org/variable#22	1
http://ex.org/variable#82 http://www.ibm.com/timex#oi_di_si http://ex.org/variable#23	1
http://ex.org/variable#82 http://www.ibm.com/timex#o http://ex.org/variable#24	1
http://ex.org/variable#82 http://www.ibm.com/timex#di http://ex.org/variable#25	1
http://ex.org/variable#82 http://www.ibm.com/timex#o_d_s http://ex.org/variable#26	1
http://ex.org/variable#82 http://www.ibm.com/timex#o http://ex.org/variable#27	1
http://ex.org/variable#82 http://www.ibm.com/timex#o_d_s http://ex.org/variable#28	1
http://ex.org/variable#82 http://www.ibm.com/timex#di http://ex.org/variable#29	1
http://ex.org/variable#82 http://www.ibm.com/timex#oi_di http://ex.org/variable#30	1
http://ex.org/variable#82 http://www.ibm.com/timex#di http://ex.org/variable#31	1
http://ex.org/variable#82 http://www.ibm.com/timex#oi_si http://ex.org/variable#32	1
http://ex.org/variable#82 http://www.ibm.com/timex#o http://ex.org/variable#33	1
http://ex.org/variable#82 http://www.ibm.com/timex#o http://ex.org/variable#34	1
http://ex.org/variable#82 http://www.ibm.com/timex#di http://ex.org/variable#35	1
http://ex.org/variable#82 http://www.ibm.com/timex#o http://ex.org/variable#36	1
http://ex.org/variable#82 http://www.ibm.com/timex#di http://ex.org/variable#37	1
http://ex.org/variable#82 http://www.ibm.com/timex#di http://ex.org/variable#38	1
http://ex.org/variable#82 http://www.ibm.com/timex#di_si http://ex.org/variable#39	1
http://ex.org/variable#82 http://www.ibm.com/timex#o_fi http://ex.org/variable#40	1
http://ex.org/variable#82 http://www.ibm.com/timex#o http://ex.org/variable#41	1
http://ex.org/variable#82 http://www.ibm.com/timex#o_d_s http://ex.org/variable#42	1
http://ex.org/variable#82 http://www.ibm.com/timex#o_d_s http://ex.org/variable#43	1
http://ex.org/variable#82 http://www.ibm.com/timex#di http://ex.org/variable#44	1
http://ex.org/variable#82 http://www.ibm.com/timex#oi_di_si http://ex.org/variable#45	1
http://ex.org/variable#82 http://www.ibm.com/timex#o_di_fi http://ex.org/variable#46	1
http://ex.org/variable#82 http://www.ibm.com/timex#di http://ex.org/variable#47	1
http://ex.org/variable#82 http://www.ibm.com/timex#o http://ex.org/variable#48	1
http://ex.org/variable#82 http://www.ibm.com/timex#eq_o_d_s_f_fi http://ex.org/variable#49	1
http://ex.org/variable#82 http://www.ibm.com/timex#di http://ex.org/variable#50	1
http://ex.org/variable#82 http://www.ibm.com/timex#o http://ex.org/variable#51	1
http://ex.org/variable#82 http://www.ibm.com/timex#oi_di_si http://ex.org/variable#52	1
http://ex.org/variable#82 http://www.ibm.com/timex#o http://ex.org/variable#53	1
http://ex.org/variable#82 http://www.ibm.com/timex#eq_o_oi_d_di_s_si_f_fi http://ex.org/variable#54	1
http://ex.org/variable#82 http://www.ibm.com/timex#oi_di_si http://ex.org/variable#55	1
http://ex.org/variable#82 http://www.ibm.com/timex#o_di_fi http://ex.org/variable#56	1
http://ex.org/variable#82 http://www.ibm.com/timex#oi_di_si http://ex.org/variable#57	1
http://ex.org/variable#82 http://www.ibm.com/timex#b http://ex.org/variable#58	1
http://ex.org/variable#82 http://www.ibm.com/timex#fi http://ex.org/variable#59	1
http://ex.org/variable#82 http://www.ibm.com/timex#d http://ex.org/variable#60	1
http://ex.org/variable#82 http://www.ibm.com/timex#oi_di_si http://ex.org/variable#61	1
http://ex.org/variable#82 http://www.ibm.com/timex#o http://ex.org/variable#62	1
http://ex.org/variable#82 http://www.ibm.com/timex#di http://ex.org/variable#63	1
http://ex.org/variable#82 http://www.ibm.com/timex#o http://ex.org/variable#64	1
http://ex.org/variable#82 http://www.ibm.com/timex#o http://ex.org/variable#65	1
http://ex.org/variable#82 http://www.ibm.com/timex#o http://ex.org/variable#66	1
http://ex.org/variable#82 http://www.ibm.com/timex#oi_di_si http://ex.org/variable#67	1
http://ex.org/variable#82 http://www.ibm.com/timex#o http://ex.org/variable#68	1
http://ex.org/variable#82 http://www.ibm.com/timex#oi_di_si http://ex.org/variable#69	1
http://ex.org/variable#82 http://www.ibm.com/timex#oi_di_si http://ex.org/variable#70	1
http://ex.org/variable#82 http://www.ibm.com/timex#oi_di_si http://ex.org/variable#71	1
http://ex.org/variable#82 http://www.ibm.com/timex#di http://ex.org/variable#72	1
http://ex.org/variable#82 http://www.ibm.com/timex#o_fi http://ex.org/variable#73	1
http://ex.org/variable#82 http://www.ibm.com/timex#o_d_s http://ex.org/variable#74	1
http://ex.org/variable#82 http://www.ibm.com/timex#di http://ex.org/variable#75	1
http://ex.org/variable#82 http://www.ibm.com/timex#o http://ex.org/variable#76	1
http://ex.org/variable#82 http://www.ibm.com/timex#di http://ex.org/variable#77	1
http://ex.org/variable#82 http://www.ibm.com/timex#oi_di http://ex.org/variable#78	1
http://ex.org/variable#82 http://www.ibm.com/timex#eq_o_d_s_f_fi http://ex.org/variable#79	1
http://ex.org/variable#82 http://www.ibm.com/timex#o http://ex.org/variable#80	1
http://ex.org/variable#82 http://www.ibm.com/timex#oi_di_si http://ex.org/variable#81	1
http://ex.org/variable#82 http://www.ibm.com/timex#o http://ex.org/variable#83	1
http://ex.org/variable#82 http://www.ibm.com/timex#o http://ex.org/variable#84	1
http://ex.org/variable#82 http://www.ibm.com/timex#di http://ex.org/variable#85	1
http://ex.org/variable#82 http://www.ibm.com/timex#oi_di_si http://ex.org/variable#86	1
http://ex.org/variable#82 http://www.ibm.com/timex#di http://ex.org/variable#87	1
http://ex.org/variable#82 http://www.ibm.com/timex#o_d_s http://ex.org/variable#88	1
http://ex.org/variable#82 http://www.ibm.com/timex#o http://ex.org/variable#89	1
http://ex.org/variable#83 http://www.ibm.com/timex#di http://ex.org/variable#0	1
http://ex.org/variable#83 http://www.ibm.com/timex#di http://ex.org/variable#1	1
http://ex.org/variable#83 http://www.ibm.com/timex#o_di_fi http://ex.org/variable#2	1
http://ex.org/variable#83 http://www.ibm.com/timex#d http://ex.org/variable#3	1
http://ex.org/variable#83 http://www.ibm.com/timex#di http://ex.org/variable#4	1
http://ex.org/variable#83 http://www.ibm.com/timex#d http://ex.org/variable#5	1
http://ex.org/variable#83 http://www.ibm.com/timex#di http://ex.org/variable#6	1
http://ex.org/variable#83 http://www.ibm.com/timex#oi_di_si http://ex.org/variable#7	1
http://ex.org/variable#83 http://www.ibm.com/timex#oi http://ex.org/variable#8	1
http://ex.org/variable#83 http://www.ibm.com/timex#oi http://ex.org/variable#9	1
http://ex.org/variable#83 http://www.ibm.com/timex#oi http://ex.org/variable#10	1
http://ex.org/variable#83 http://www.ibm.com/timex#di http://ex.org/variable#11	1
http://ex.org/variable#83 http://www.ibm.com/timex#oi http://ex.org/variable#12	1
http://ex.org/variable#83 http://www.ibm.com/timex#d http://ex.org/variable#13	1
http://ex.org/variable#83 http://www.ibm.com/timex#di http://ex.org/variable#14	1
http://ex.org/variable#83 http://www.ibm.com/timex#di http://ex.org/variable#15	1
http://ex.org/variable#83 http://www.ibm.com/timex#oi http://ex.org/variable#16	1
http://ex.org/variable#83 http://www.ibm.com/timex#o_d_s http://ex.org/variable#17	1
http://ex.org/variable#83 http://www.ibm.com/timex#d http://ex.org/variable#18	1
http://ex.org/variable#83 http://www.ibm.com/timex#oi http://ex.org/variable#19	1
http://ex.org/variable#83 http://www.ibm.com/timex#oi http://ex.org/variable#20	1
http://ex.org/variable#83 http://www.ibm.com/timex#oi http://ex.org/variable#21	1
http://ex.org/variable#83 http://www.ibm.com/timex#di http://ex.org/variable#22	1
http://ex.org/variable#83 http://www.ibm.com/timex#oi http://ex.org/variable#23	1
http://ex.org/variable#83 http://www.ibm.com/timex#di http://ex.org/variable#24	1
http://ex.org/variable#83 http://www.ibm.com/timex#oi http://ex.org/variable#25	1
http://ex.org/variable#83 http://www.ibm.com/timex#oi_d_f http://ex.org/variable#26	1
http://ex.org/variable#83 http://www.ibm.com/timex#oi http://ex.org/variable#27	1
http://ex.org/variable#83 http://www.ibm.com/timex#oi_d http://ex.org/variable#28	1
http://ex.org/variable#83 http://www.ibm.com/timex#oi_di_si http://ex.org/variable#29	1
http://ex.org/variable#83 http://www.ibm.com/timex#oi http://ex.org/variable#30	1
http://ex.org/variable#83 http://www.ibm.com/timex#di http://ex.org/variable#31	1
http://ex.org/variable#83 http://www.ibm.com/timex#oi http://ex.org/variable#32	1
http://ex.org/variable#83 http://www.ibm.com/timex#di http://ex.org/variable#33	1
http://ex.org/variable#83 http://www.ibm.com/timex#di_si http://ex.org/variable#34	1
http://ex.org/variable#83 http://www.ibm.com/timex#oi http://ex.org/variable#35	1
http://ex.org/variable#83 http://www.ibm.com/timex#oi_di_si http://ex.org/variable#36	1
http://ex.org/variable#83 http://www.ibm.com/timex#di http://ex.org/variable#37	1
http://ex.org/variable#83 http://www.ibm.com/timex#oi http://ex.org/variable#38	1
http://ex.org/variable#83 http://www.ibm.com/timex#oi http://ex.org/variable#39	1
http://ex.org/variable#83 http://www.ibm.com/timex#di http://ex.org/variable#40	1
http://ex.org/variable#83 http://www.ibm.com/timex#di http://ex.org/variable#41	1
http://ex.org/variable#83 http://www.ibm.com/timex#oi http://ex.org/variable#42	1
http://ex.org/variable#83 http://www.ibm.com/timex#oi_d_f http://ex.org/variable#43	1
http://ex.org/variable#83 http://www.ibm.com/timex#oi_di_si http://ex.org/variable#44	1
http://ex.org/variable#83 http://www.ibm.com/timex#oi http://ex.org/variable#45	1
http://ex.org/variable#83 http://www.ibm.com/timex#di http://ex.org/variable#46	1
http://ex.org/variable#83 http://www.ibm.com/timex#di http://ex.org/variable#47	1
http://ex.org/variable#83 http://www.ibm.com/timex#oi http://ex.org/variable#48	1
http://ex.org/variable#83 http://www.ibm.com/timex#oi http://ex.org/variable#49	1
http://ex.org/variable#83 http://www.ibm.com/timex#oi_di_si http://ex.org/variable#50	1
http://ex.org/variable#83 http://www.ibm.com/timex#oi http://ex.org/variable#51	1
http://ex.org/variable#83 http://www.ibm.com/timex#oi http://ex.org/variable#52	1
http://ex.org/variable#83 http://www.ibm.com/timex#o_fi http://ex.org/variable#53	1
http://ex.org/variable#83 http://www.ibm.com/timex#oi http://ex.org/variable#54	1
http://ex.org/variable#83 http://www.ibm.com/timex#oi http://ex.org/variable#55	1
http://ex.org/variable#83 http://www.ibm.com/timex#oi http://ex.org/variable#56	1
http://ex.org/variable#83 http://www.ibm.com/timex#oi http://ex.org/variable#57	1
http://ex.org/variable#83 http://www.ibm.com/timex#o http://ex.org/variable#58	1
http://ex.org/variable#83 http://www.ibm.com/timex#di http://ex.org/variable#59	1
http://ex.org/variable#83 http://www.ibm.com/timex#d http://ex.org/variable#60	1
http://ex.org/variable#83 http://www.ibm.com/timex#oi http://ex.org/variable#61	1
http://ex.org/variable#83 http://www.ibm.com/timex#o http://ex.org/variable#62	1
http://ex.org/variable#83 http://www.ibm.com/timex#di http://ex.org/variable#63	1
http://ex.org/variable#83 http://www.ibm.com/timex#di http://ex.org/variable#64	1
http://ex.org/variable#83 http://www.ibm.com/timex#oi_di_si http://ex.org/variable#65	1
http://ex.org/variable#83 http://www.ibm.com/timex#oi http://ex.org/variable#66	1
http://ex.org/variable#83 http://www.ibm.com/timex#oi http://ex.org/variable#67	1
http://ex.org/variable#83 http://www.ibm.com/timex#di http://ex.org/variable#68	1
http://ex.org/variable#83 http://www.ibm.com/timex#oi http://ex.org/variable#69	1
http://ex.org/variable#83 http://www.ibm.com/timex#oi http://ex.org/variable#70	1
http://ex.org/variable#83 http://www.ibm.com/timex#oi http://ex.org/variable#71	1
http://ex.org/variable#83 http://www.ibm.com/timex#oi http://ex.org/variable#72	1
http://ex.org/variable#83 http://www.ibm.com/timex#oi http://ex.org/variable#73	1
http://ex.org/variable#83 http://www.ibm.com/timex#oi_d_f http://ex.org/variable#74	1
http://ex.org/variable#83 http://www.ibm.com/timex#di http://ex.org/variable#75	1
http://ex.org/variable#83 http://www.ibm.com/timex#o_di_fi http://ex.org/variable#76	1
http://ex.org/variable#83 http://www.ibm.com/timex#di http://ex.org/variable#77	1
http://ex.org/variable#83 http://www.ibm.com/timex#oi http://ex.org/variable#78	1
http://ex.org/variable#83 http://www.ibm.com/timex#oi http://ex.org/variable#79	1
http://ex.org/variable#83 http://www.ibm.com/timex#o http://ex.org/variable#80	1
http://ex.org/variable#83 http://www.ibm.com/timex#oi http://ex.org/variable#81	1
http://ex.org/variable#83 http://www.ibm.com/timex#oi http://ex.org/variable#82	1
http://ex.org/variable#83 http://www.ibm.com/timex#di http://ex.org/variable#84	1
http://ex.org/variable#83 http://www.ibm.com/timex#oi http://ex.org/variable#85	1
http://ex.org/variable#83 http://www.ibm.com/timex#oi http://ex.org/variable#86	1
http://ex.org/variable#83 http://www.ibm.com/timex#oi http://ex.org/variable#87	1
http://ex.org/variable#83 http://www.ibm.com/timex#oi_di_si http://ex.org/variable#88	1
http://ex.org/variable#83 http://www.ibm.com/timex#o_di_fi http://ex.org/variable#89	1
http://ex.org/variable#84 http://www.ibm.com/timex#di http://ex.org/variable#0	1
http://ex.org/variable#84 http://www.ibm.com/timex#oi_di_si http://ex.org/variable#1	1
http://ex.org/variable#84 http://www.ibm.com/timex#eq_o_oi_d_di_s_si_f_fi http://ex.org/variable#2	1
http://ex.org/variable#84 http://www.ibm.com/timex#d http://ex.org/variable#3	1
http://ex.org/variable#84 http://www.ibm.com/timex#di http://ex.org/variable#4	1
http://ex.org/variable#84 http://www.ibm.com/timex#d http://ex.org/variable#5	1
http://ex.org/variable#84 http://www.ibm.com/timex#oi_di_si http://ex.org/variable#6	1
http://ex.org/variable#84 http://www.ibm.com/timex#oi_di_si http://ex.org/variable#7	1
http://ex.org/variable#84 http://www.ibm.com/timex#oi_d_f http://ex.org/variable#8	1
http://ex.org/variable#84 http://www.ibm.com/timex#oi http://ex.org/variable#9	1
http://ex.org/variable#84 http://www.ibm.com/timex#oi http://ex.org/variable#10	1
http://ex.org/variable#84 http://www.ibm.com/timex#eq_o_oi_d_di_s_si_f_fi http://ex.org/variable#11	1
http://ex.org/variable#84 http://www.ibm.com/timex#bi_mi_oi http://ex.org/variable#12	1
http://ex.org/variable#84 http://www.ibm.com/timex#d http://ex.org/variable#13	1
http://ex.org/variable#84 http://www.ibm.com/timex#eq_o_oi_d_di_s_si_f_fi http://ex.org/variable#14	1
http://ex.org/variable#84 http://www.ibm.com/timex#oi_di_si http://ex.org/variable#15	1
http://ex.org/variable#84 http://www.ibm.com/timex#oi http://ex.org/variable#16	1
http://ex.org/variable#84 http://www.ibm.com/timex#o_d_s http://ex.org/variable#17	1
http://ex.org/variable#84 http://www.ibm.com/timex#d http://ex.org/variable#18	1
http://ex.org/variable#84 http://www.ibm.com/timex#bi_mi_oi http://ex.org/variable#19	1
http://ex.org/variable#84 http://www.ibm.com/timex#bi_mi_oi http://ex.org/variable#20	1
http://ex.org/variable#84 http://www.ibm.com/timex#oi_d_f http://ex.org/variable#21	1
http://ex.org/variable#84 http://www.ibm.com/timex#di http://ex.org/variable#22	1
http://ex.org/variable#84 http://www.ibm.com/timex#bi_mi_oi http://ex.org/variable#23	1
http://ex.org/variable#84 http://www.ibm.com/timex#di http://ex.org/variable#24	1
http://ex.org/variable#84 http://www.ibm.com/timex#oi http://ex.org/variable#25	1
http://ex.org/variable#84 http://www.ibm.com/timex#oi_d_f http://ex.org/variable#26	1
http://ex.org/variable#84 http://www.ibm.com/timex#oi_d_f http://ex.org/variable#27	1
http://ex.org/variable#84 http://www.ibm.com/timex#oi_d_f http://ex.org/variable#28	1
http://ex.org/variable#84 http://www.ibm.com/timex#oi_di_si http://ex.org/variable#29	1
http://ex.org/variable#84 http://www.ibm.com/timex#oi http://ex.org/variable#30	1
http://ex.org/variable#84 http://www.ibm.com/timex#di http://ex.org/variable#31	1
http://ex.org/variable#84 http://www.ibm.com/timex#oi http://ex.org/variable#32	1
http://ex.org/variable#84 http://www.ibm.com/timex#eq_o_oi_d_di_s_si_f_fi http://ex.org/variable#33	1
http://ex.org/variable#84 http://www.ibm.com/timex#eq_o_oi_d_di_s_si_f_fi http://ex.org/variable#34	1
http://ex.org/variable#84 http://www.ibm.com/timex#oi http://ex.org/variable#35	1
http://ex.org/variable#84 http://www.ibm.com/timex#eq_o_oi_d_di_s_si_f_fi http://ex.org/variable#36	1
http://ex.org/variable#84 http://www.ibm.com/timex#di http://ex.org/variable#37	1
http://ex.org/variable#84 http://www.ibm.com/timex#oi http://ex.org/variable#38	1
http://ex.org/variable#84 http://www.ibm.com/timex#oi http://ex.org/variable#39	1
http://ex.org/variable#84 http://www.ibm.com/timex#di http://ex.org/variable#40	1
http://ex.org/variable#84 http://www.ibm.com/timex#o_di_fi http://ex.org/variable#41	1
http://ex.org/variable#84 http://www.ibm.com/timex#oi_d_f http://ex.org/variable#42	1
http://ex.org/variable#84 http://www.ibm.com/timex#oi_d_f http://ex.org/variable#43	1
http://ex.org/variable#84 http://www.ibm.com/timex#oi_di_si http://ex.org/variable#44	1
http://ex.org/variable#84 http://www.ibm.com/timex#oi http://ex.org/variable#45	1
http://ex.org/variable#84 http://www.ibm.com/timex#oi_di_si http://ex.org/variable#46	1
http://ex.org/variable#84 http://www.ibm.com/timex#oi_di http://ex.org/variable#47	1
http://ex.org/variable#84 http://www.ibm.com/timex#oi http://ex.org/variable#48	1
http://ex.org/variable#84 http://www.ibm.com/timex#oi http://ex.org/variable#49	1
http://ex.org/variable#84 http://www.ibm.com/timex#bi_oi_di_si http://ex.org/variable#50	1
http://ex.org/variable#84 http://www.ibm.com/timex#oi_d_f http://ex.org/variable#51	1
http://ex.org/variable#84 http://www.ibm.com/timex#oi http://ex.org/variable#52	1
http://ex.org/variable#84 http://www.ibm.com/timex#o http://ex.org/variable#53	1
http://ex.org/variable#84 http://www.ibm.com/timex#oi_d_f http://ex.org/variable#54	1
http://ex.org/variable#84 http://www.ibm.com/timex#oi http://ex.org/variable#55	1
http://ex.org/variable#84 http://www.ibm.com/timex#oi http://ex.org/variable#56	1
http://ex.org/variable#84 http://www.ibm.com/timex#oi http://ex.org/variable#57	1
http://ex.org/variable#84 http://www.ibm.com/timex#b_m_o http://ex.org/variable#58	1
http://ex.org/variable#84 http://www.ibm.com/timex#di http://ex.org/variable#59	1
http://ex.org/variable#84 http://www.ibm.com/timex#d http://ex.org/variable#60	1
http://ex.org/variable#84 http://www.ibm.com/timex#oi http://ex.org/variable#61	1
http://ex.org/variable#84 http://www.ibm.com/timex#o_d_s http://ex.org/variable#62	1
http://ex.org/variable#84 http://www.ibm.com/timex#bi_mi_oi_di_si http://ex.org/variable#63	1
http://ex.org/variable#84 http://www.ibm.com/timex#oi_di_f_fi http://ex.org/variable#64	1
http://ex.org/variable#84 http://www.ibm.com/timex#eq_o_oi_d_di_s_si_f_fi http://ex.org/variable#65	1
http://ex.org/variable#84 http://www.ibm.com/timex#oi_d_f http://ex.org/variable#66	1
http://ex.org/variable#84 http://www.ibm.com/timex#oi http://ex.org/variable#67	1
http://ex.org/variable#84 http://www.ibm.com/timex#eq_o_oi_d_di_s_si_f_fi http://ex.org/variable#68	1
http://ex.org/variable#84 http://www.ibm.com/timex#oi http://ex.org/variable#69	1
http://ex.org/variable#84 http://www.ibm.com/timex#oi http://ex.org/variable#70	1
http://ex.org/variable#84 http://www.ibm.com/timex#oi http://ex.org/variable#71	1
http://ex.org/variable#84 http://www.ibm.com/timex#oi http://ex.org/variable#72	1
http://ex.org/variable#84 http://www.ibm.com/timex#oi http://ex.org/variable#73	1
http://ex.org/variable#84 http://www.ibm.com/timex#oi_d_f http://ex.org/variable#74	1
http://ex.org/variable#84 http://www.ibm.com/timex#oi_di_si http://ex.org/variable#75	1
http://ex.org/variable#84 http://www.ibm.com/timex#o_di_fi http://ex.org/variable#76	1
http://ex.org/variable#84 http://www.ibm.com/timex#oi_di_si http://ex.org/variable#77	1
http://ex.org/variable#84 http://www.ibm.com/timex#oi http://ex.org/variable#78	1
http://ex.org/variable#84 http://www.ibm.com/timex#oi http://ex.org/variable#79	1
http://ex.org/variable#84 http://www.ibm.com/timex#o http://ex.org/variable#80	1
http://ex.org/variable#84 http://www.ibm.com/timex#oi http://ex.org/variable#81	1
http://ex.org/variable#84 http://www.ibm.com/timex#oi http://ex.org/variable#82	1
http://ex.org/variable#84 http://www.ibm.com/timex#d http://ex.org/variable#83	1
http://ex.org/variable#84 http://www.ibm.com/timex#oi http://ex.org/variable#85	1
http://ex.org/variable#84 http://www.ibm.com/timex#oi http://ex.org/variable#86	1
http://ex.org/variable#84 http://www.ibm.com/timex#oi http://ex.org/variable#87	1
http://ex.org/variable#84 http://www.ibm.com/timex#eq_o_oi_d_di_s_si_f_fi http://ex.org/variable#88	1
http://ex.org/variable#84 http://www.ibm.com/timex#eq_o_oi_d_di_s_si_f_fi http://ex.org/variable#89	1
http://ex.org/variable#85 http://www.ibm.com/timex#b http://ex.org/variable#0	1
http://ex.org/variable#85 http://www.ibm.com/timex#o http://ex.org/variable#1	1
http://ex.org/variable#85 http://www.ibm.com/timex#o http://ex.org/variable#2	1
http://ex.org/variable#85 http://www.ibm.com/timex#s http://ex.org/variable#3	1
http://ex.org/variable#85 http://www.ibm.com/timex#b_m_o http://ex.org/variable#4	1
http://ex.org/variable#85 http://www.ibm.com/timex#d http://ex.org/variable#5	1
http://ex.org/variable#85 http://www.ibm.com/timex#fi http://ex.org/variable#6	1
http://ex.org/variable#85 http://www.ibm.com/timex#o http://ex.org/variable#7	1
http://ex.org/variable#85 http://www.ibm.com/timex#d http://ex.org/variable#8	1
http://ex.org/variable#85 http://www.ibm.com/timex#d http://ex.org/variable#9	1
http://ex.org/variable#85 http://www.ibm.com/timex#d http://ex.org/variable#10	1
http://ex.org/variable#85 http://www.ibm.com/timex#o http://ex.org/variable#11	1
http://ex.org/variable#85 http://www.ibm.com/timex#oi http://ex.org/variable#12	1
http://ex.org/variable#85 http://www.ibm.com/timex#d http://ex.org/variable#13	1
http://ex.org/variable#85 http://www.ibm.com/timex#o http://ex.org/variable#14	1
http://ex.org/variable#85 http://www.ibm.com/timex#o http://ex.org/variable#15	1
http://ex.org/variable#85 http://www.ibm.com/timex#f http://ex.org/variable#16	1
http://ex.org/variable#85 http://www.ibm.com/timex#o http://ex.org/variable#17	1
http://ex.org/variable#85 http://www.ibm.com/timex#d http://ex.org/variable#18	1
http://ex.org/variable#85 http://www.ibm.com/timex#oi http://ex.org/variable#19	1
http://ex.org/variable#85 http://www.ibm.com/timex#oi http://ex.org/variable#20	1
http://ex.org/variable#85 http://www.ibm.com/timex#d http://ex.org/variable#21	1
http://ex.org/variable#85 http://www.ibm.com/timex#m http://ex.org/variable#22	1
http://ex.org/variable#85 http://www.ibm.com/timex#oi http://ex.org/variable#23	1
http://ex.org/variable#85 http://www.ibm.com/timex#b http://ex.org/variable#24	1
http://ex.org/variable#85 http://www.ibm.com/timex#si http://ex.org/variable#25	1
http://ex.org/variable#85 http://www.ibm.com/timex#d http://ex.org/variable#26	1
http://ex.org/variable#85 http://www.ibm.com/timex#d http://ex.org/variable#27	1
http://ex.org/variable#85 http://www.ibm.com/timex#d http://ex.org/variable#28	1
http://ex.org/variable#85 http://www.ibm.com/timex#o http://ex.org/variable#29	1
http://ex.org/variable#85 http://www.ibm.com/timex#oi http://ex.org/variable#30	1
http://ex.org/variable#85 http://www.ibm.com/timex#b http://ex.org/variable#31	1
http://ex.org/variable#85 http://www.ibm.com/timex#d http://ex.org/variable#32	1
http://ex.org/variable#85 http://www.ibm.com/timex#o http://ex.org/variable#33	1
http://ex.org/variable#85 http://www.ibm.com/timex#o http://ex.org/variable#34	1
http://ex.org/variable#85 http://www.ibm.com/timex#s http://ex.org/variable#35	1
http://ex.org/variable#85 http://www.ibm.com/timex#o_d_s http://ex.org/variable#36	1
http://ex.org/variable#85 http://www.ibm.com/timex#di http://ex.org/variable#37	1
http://ex.org/variable#85 http://www.ibm.com/timex#d http://ex.org/variable#38	1
http://ex.org/variable#85 http://www.ibm.com/timex#d http://ex.org/variable#39	1
http://ex.org/variable#85 http://www.ibm.com/timex#b http://ex.org/variable#40	1
http://ex.org/variable#85 http://www.ibm.com/timex#b http://ex.org/variable#41	1
http://ex.org/variable#85 http://www.ibm.com/timex#d http://ex.org/variable#42	1
http://ex.org/variable#85 http://www.ibm.com/timex#d http://ex.org/variable#43	1
http://ex.org/variable#85 http://www.ibm.com/timex#o_di_fi http://ex.org/variable#44	1
http://ex.org/variable#85 http://www.ibm.com/timex#d http://ex.org/variable#45	1
http://ex.org/variable#85 http://www.ibm.com/timex#o http://ex.org/variable#46	1
http://ex.org/variable#85 http://www.ibm.com/timex#o http://ex.org/variable#47	1
http://ex.org/variable#85 http://www.ibm.com/timex#o http://ex.org/variable#48	1
http://ex.org/variable#85 http://www.ibm.com/timex#d http://ex.org/variable#49	1
http://ex.org/variable#85 http://www.ibm.com/timex#di http://ex.org/variable#50	1
http://ex.org/variable#85 http://www.ibm.com/timex#d http://ex.org/variable#51	1
http://ex.org/variable#85 http://www.ibm.com/timex#d http://ex.org/variable#52	1
http://ex.org/variable#85 http://www.ibm.com/timex#o http://ex.org/variable#53	1
http://ex.org/variable#85 http://www.ibm.com/timex#d http://ex.org/variable#54	1
http://ex.org/variable#85 http://www.ibm.com/timex#d http://ex.org/variable#55	1
http://ex.org/variable#85 http://www.ibm.com/timex#o http://ex.org/variable#56	1
http://ex.org/variable#85 http://www.ibm.com/timex#d http://ex.org/variable#57	1
http://ex.org/variable#85 http://www.ibm.com/timex#b http://ex.org/variable#58	1
http://ex.org/variable#85 http://www.ibm.com/timex#b_m http://ex.org/variable#59	1
http://ex.org/variable#85 http://www.ibm.com/timex#d http://ex.org/variable#60	1
http://ex.org/variable#85 http://www.ibm.com/timex#oi http://ex.org/variable#61	1
http://ex.org/variable#85 http://www.ibm.com/timex#o http://ex.org/variable#62	1
http://ex.org/variable#85 http://www.ibm.com/timex#di http://ex.org/variable#63	1
http://ex.org/variable#85 http://www.ibm.com/timex#o http://ex.org/variable#64	1
http://ex.org/variable#85 http://www.ibm.com/timex#o http://ex.org/variable#65	1
http://ex.org/variable#85 http://www.ibm.com/timex#d http://ex.org/variable#66	1
http://ex.org/variable#85 http://www.ibm.com/timex#d http://ex.org/variable#67	1
http://ex.org/variable#85 http://www.ibm.com/timex#o http://ex.org/variable#68	1
http://ex.org/variable#85 http://www.ibm.com/timex#oi http://ex.org/variable#69	1
http://ex.org/variable#85 http://www.ibm.com/timex#d http://ex.org/variable#70	1
http://ex.org/variable#85 http://www.ibm.com/timex#d http://ex.org/variable#71	1
http://ex.org/variable#85 http://www.ibm.com/timex#o_s http://ex.org/variable#72	1
http://ex.org/variable#85 http://www.ibm.com/timex#d http://ex.org/variable#73	1
http://ex.org/variable#85 http://www.ibm.com/timex#d http://ex.org/variable#74	1
http://ex.org/variable#85 http://www.ibm.com/timex#o http://ex.org/variable#75	1
http://ex.org/variable#85 http://www.ibm.com/timex#b http://ex.org/variable#76	1
http://ex.org/variable#85 http://www.ibm.com/timex#di http://ex.org/variable#77	1
http://ex.org/variable#85 http://www.ibm.com/timex#d http://ex.org/variable#78	1
http://ex.org/variable#85 http://www.ibm.com/timex#d http://ex.org/variable#79	1
http://ex.org/variable#85 http://www.ibm.com/timex#b http://ex.org/variable#80	1
http://ex.org/variable#85 http://www.ibm.com/timex#oi http://ex.org/variable#81	1
http://ex.org/variable#85 http://www.ibm.com/timex#d http://ex.org/variable#82	1
http://ex.org/variable#85 http://www.ibm.com/timex#o http://ex.org/variable#83	1
http://ex.org/variable#85 http://www.ibm.com/timex#o http://ex.org/variable#84	1
http://ex.org/variable#85 http://www.ibm.com/timex#d http://ex.org/variable#86	1
http://ex.org/variable#85 http://www.ibm.com/timex#s http://ex.org/variable#87	1
http://ex.org/variable#85 http://www.ibm.com/timex#o_d_s http://ex.org/variable#88	1
http://ex.org/variable#85 http://www.ibm.com/timex#o http://ex.org/variable#89	1
http://ex.org/variable#86 http://www.ibm.com/timex#b_m_o_di_fi http://ex.org/variable#0	1
http://ex.org/variable#86 http://www.ibm.com/timex#o http://ex.org/variable#1	1
http://ex.org/variable#86 http://www.ibm.com/timex#o http://ex.org/variable#2	1
http://ex.org/variable#86 http://www.ibm.com/timex#o http://ex.org/variable#3	1
http://ex.org/variable#86 http://www.ibm.com/timex#o http://ex.org/variable#4	1
http://ex.org/variable#86 http://www.ibm.com/timex#o http://ex.org/variable#5	1
http://ex.org/variable#86 http://www.ibm.com/timex#di http://ex.org/variable#6	1
http://ex.org/variable#86 http://www.ibm.com/timex#o_fi http://ex.org/variable#7	1
http://ex.org/variable#86 http://www.ibm.com/timex#o http://ex.org/variable#8	1
http://ex.org/variable#86 http://www.ibm.com/timex#o_d_s http://ex.org/variable#9	1
http://ex.org/variable#86 http://www.ibm.com/timex#o_d_s http://ex.org/variable#10	1
http://ex.org/variable#86 http://www.ibm.com/timex#o http://ex.org/variable#11	1
http://ex.org/variable#86 http://www.ibm.com/timex#di http://ex.org/variable#12	1
http://ex.org/variable#86 http://www.ibm.com/timex#o_d http://ex.org/variable#13	1
http://ex.org/variable#86 http://www.ibm.com/timex#o http://ex.org/variable#14	1
http://ex.org/variable#86 http://www.ibm.com/timex#o http://ex.org/variable#15	1
http://ex.org/variable#86 http://www.ibm.com/timex#di http://ex.org/variable#16	1
http://ex.org/variable#86 http://www.ibm.com/timex#o http://ex.org/variable#17	1
http://ex.org/variable#86 http://www.ibm.com/timex#o_d http://ex.org/variable#18	1
http://ex.org/variable#86 http://www.ibm.com/timex#di http://ex.org/variable#19	1
http://ex.org/variable#86 http://www.ibm.com/timex#di http://ex.org/variable#20	1
http://ex.org/variable#86 http://www.ibm.com/timex#o http://ex.org/variable#21	1
http://ex.org/variable#86 http://www.ibm.com/timex#o_di_fi http://ex.org/variable#22	1
http://ex.org/variable#86 http://www.ibm.com/timex#di http://ex.org/variable#23	1
http://ex.org/variable#86 http://www.ibm.com/timex#b_m_o http://ex.org/variable#24	1
http://ex.org/variable#86 http://www.ibm.com/timex#di http://ex.org/variable#25	1
http://ex.org/variable#86 http://www.ibm.com/timex#o http://ex.org/variable#26	1
http://ex.org/variable#86 http://www.ibm.com/timex#o http://ex.org/variable#27	1
http://ex.org/variable#86 http://www.ibm.com/timex#o_s http://ex.org/variable#28	1
http://ex.org/variable#86 http://www.ibm.com/timex#o_di_fi http://ex.org/variable#29	1
http://ex.org/variable#86 http://www.ibm.com/timex#di http://ex.org/variable#30	1
http://ex.org/variable#86 http://www.ibm.com/timex#b_m_o_di_fi http://ex.org/variable#31	1
http://ex.org/variable#86 http://www.ibm.com/timex#o_d http://ex.org/variable#32	1
http://ex.org/variable#86 http://www.ibm.com/timex#o http://ex.org/variable#33	1
http://ex.org/variable#86 http://www.ibm.com/timex#o http://ex.org/variable#34	1
http://ex.org/variable#86 http://www.ibm.com/timex#o_di_fi http://ex.org/variable#35	1
http://ex.org/variable#86 http://www.ibm.com/timex#o http://ex.org/variable#36	1
http://ex.org/variable#86 http://www.ibm.com/timex#di http://ex.org/variable#37	1
http://ex.org/variable#86 http://www.ibm.com/timex#o_di_fi http://ex.org/variable#38	1
http://ex.org/variable#86 http://www.ibm.com/timex#o_fi http://ex.org/variable#39	1
http://ex.org/variable#86 http://www.ibm.com/timex#o http://ex.org/variable#40	1
http://ex.org/variable#86 http://www.ibm.com/timex#o http://ex.org/variable#41	1
http://ex.org/variable#86 http://www.ibm.com/timex#o http://ex.org/variable#42	1
http://ex.org/variable#86 http://www.ibm.com/timex#o http://ex.org/variable#43	1
http://ex.org/variable#86 http://www.ibm.com/timex#o_di http://ex.org/variable#44	1
http://ex.org/variable#86 http://www.ibm.com/timex#o http://ex.org/variable#45	1
http://ex.org/variable#86 http://www.ibm.com/timex#o http://ex.org/variable#46	1
http://ex.org/variable#86 http://www.ibm.com/timex#o http://ex.org/variable#47	1
http://ex.org/variable#86 http://www.ibm.com/timex#o http://ex.org/variable#48	1
http://ex.org/variable#86 http://www.ibm.com/timex#o http://ex.org/variable#49	1
http://ex.org/variable#86 http://www.ibm.com/timex#di http://ex.org/variable#50	1
http://ex.org/variable#86 http://www.ibm.com/timex#o http://ex.org/variable#51	1
http://ex.org/variable#86 http://www.ibm.com/timex#o_di_fi http://ex.org/variable#52	1
http://ex.org/variable#86 http://www.ibm.com/timex#o http://ex.org/variable#53	1
http://ex.org/variable#86 http://www.ibm.com/timex#o http://ex.org/variable#54	1
http://ex.org/variable#86 http://www.ibm.com/timex#o http://ex.org/variable#55	1
http://ex.org/variable#86 http://www.ibm.com/timex#o http://ex.org/variable#56	1
http://ex.org/variable#86 http://www.ibm.com/timex#o http://ex.org/variable#57	1
http://ex.org/variable#86 http://www.ibm.com/timex#b http://ex.org/variable#58	1
http://ex.org/variable#86 http://www.ibm.com/timex#b_m_o http://ex.org/variable#59	1
http://ex.org/variable#86 http://www.ibm.com/timex#o_d_s http://ex.org/variable#60	1
http://ex.org/variable#86 http://www.ibm.com/timex#di http://ex.org/variable#61	1
http://ex.org/variable#86 http://www.ibm.com/timex#o http://ex.org/variable#62	1
http://ex.org/variable#86 http://www.ibm.com/timex#di http://ex.org/variable#63	1
http://ex.org/variable#86 http://www.ibm.com/timex#o http://ex.org/variable#64	1
http://ex.org/variable#86 http://www.ibm.com/timex#o http://ex.org/variable#65	1
http://ex.org/variable#86 http://www.ibm.com/timex#o http://ex.org/variable#66	1
http://ex.org/variable#86 http://www.ibm.com/timex#eq_o_di_s_si_fi http://ex.org/variable#67	1
http://ex.org/variable#86 http://www.ibm.com/timex#o http://ex.org/variable#68	1
http://ex.org/variable#86 http://www.ibm.com/timex#di_si http://ex.org/variable#69	1
http://ex.org/variable#86 http://www.ibm.com/timex#o http://ex.org/variable#70	1
http://ex.org/variable#86 http://www.ibm.com/timex#o http://ex.org/variable#71	1
http://ex.org/variable#86 http://www.ibm.com/timex#o http://ex.org/variable#72	1
http://ex.org/variable#86 http://www.ibm.com/timex#o http://ex.org/variable#73	1
http://ex.org/variable#86 http://www.ibm.com/timex#o http://ex.org/variable#74	1
http://ex.org/variable#86 http://www.ibm.com/timex#o_di_fi http://ex.org/variable#75	1
http://ex.org/variable#86 http://www.ibm.com/timex#b_m_o http://ex.org/variable#76	1
http://ex.org/variable#86 http://www.ibm.com/timex#di http://ex.org/variable#77	1
http://ex.org/variable#86 http://www.ibm.com/timex#o_di_fi http://ex.org/variable#78	1
http://ex.org/variable#86 http://www.ibm.com/timex#o http://ex.org/variable#79	1
http://ex.org/variable#86 http://www.ibm.com/timex#b_m_o http://ex.org/variable#80	1
http://ex.org/variable#86 http://www.ibm.com/timex#oi_di http://ex.org/variable#81	1
http://ex.org/variable#86 http://www.ibm.com/timex#o_d_s http://ex.org/variable#82	1
http://ex.org/variable#86 http://www.ibm.com/timex#o http://ex.org/variable#83	1
http://ex.org/variable#86 http://www.ibm.com/timex#o http://ex.org/variable#84	1
http://ex.org/variable#86 http://www.ibm.com/timex#di http://ex.org/variable#85	1
http://ex.org/variable#86 http://www.ibm.com/timex#o_di_fi http://ex.org/variable#87	1
http://ex.org/variable#86 http://www.ibm.com/timex#o http://ex.org/variable#88	1
http://ex.org/variable#86 http://www.ibm.com/timex#o http://ex.org/variable#89	1
http://ex.org/variable#87 http://www.ibm.com/timex#b_o http://ex.org/variable#0	1
http://ex.org/variable#87 http://www.ibm.com/timex#o http://ex.org/variable#1	1
http://ex.org/variable#87 http://www.ibm.com/timex#o http://ex.org/variable#2	1
http://ex.org/variable#87 http://www.ibm.com/timex#s http://ex.org/variable#3	1
http://ex.org/variable#87 http://www.ibm.com/timex#o http://ex.org/variable#4	1
http://ex.org/variable#87 http://www.ibm.com/timex#d http://ex.org/variable#5	1
http://ex.org/variable#87 http://www.ibm.com/timex#di http://ex.org/variable#6	1
http://ex.org/variable#87 http://www.ibm.com/timex#o http://ex.org/variable#7	1
http://ex.org/variable#87 http://www.ibm.com/timex#d http://ex.org/variable#8	1
http://ex.org/variable#87 http://www.ibm.com/timex#d http://ex.org/variable#9	1
http://ex.org/variable#87 http://www.ibm.com/timex#d http://ex.org/variable#10	1
http://ex.org/variable#87 http://www.ibm.com/timex#o http://ex.org/variable#11	1
http://ex.org/variable#87 http://www.ibm.com/timex#oi http://ex.org/variable#12	1
http://ex.org/variable#87 http://www.ibm.com/timex#d http://ex.org/variable#13	1
http://ex.org/variable#87 http://www.ibm.com/timex#o http://ex.org/variable#14	1
http://ex.org/variable#87 http://www.ibm.com/timex#o http://ex.org/variable#15	1
http://ex.org/variable#87 http://www.ibm.com/timex#oi http://ex.org/variable#16	1
http://ex.org/variable#87 http://www.ibm.com/timex#o http://ex.org/variable#17	1
http://ex.org/variable#87 http://www.ibm.com/timex#d http://ex.org/variable#18	1
http://ex.org/variable#87 http://www.ibm.com/timex#oi http://ex.org/variable#19	1
http://ex.org/variable#87 http://www.ibm.com/timex#oi http://ex.org/variable#20	1
http://ex.org/variable#87 http://www.ibm.com/timex#d http://ex.org/variable#21	1
http://ex.org/variable#87 http://www.ibm.com/timex#o_fi http://ex.org/variable#22	1
http://ex.org/variable#87 http://www.ibm.com/timex#oi http://ex.org/variable#23	1
http://ex.org/variable#87 http://www.ibm.com/timex#o http://ex.org/variable#24	1
http://ex.org/variable#87 http://www.ibm.com/timex#si http://ex.org/variable#25	1
http://ex.org/variable#87 http://www.ibm.com/timex#d http://ex.org/variable#26	1
http://ex.org/variable#87 http://www.ibm.com/timex#d http://ex.org/variable#27	1
http://ex.org/variable#87 http://www.ibm.com/timex#d http://ex.org/variable#28	1
http://ex.org/variable#87 http://www.ibm.com/timex#o_di http://ex.org/variable#29	1
http://ex.org/variable#87 http://www.ibm.com/timex#oi http://ex.org/variable#30	1
http://ex.org/variable#87 http://www.ibm.com/timex#b_m_o_di http://ex.org/variable#31	1
http://ex.org/variable#87 http://www.ibm.com/timex#d http://ex.org/variable#32	1
http://ex.org/variable#87 http://www.ibm.com/timex#o http://ex.org/variable#33	1
http://ex.org/variable#87 http://www.ibm.com/timex#o http://ex.org/variable#34	1
http://ex.org/variable#87 http://www.ibm.com/timex#eq http://ex.org/variable#35	1
http://ex.org/variable#87 http://www.ibm.com/timex#o_d_s http://ex.org/variable#36	1
http://ex.org/variable#87 http://www.ibm.com/timex#di http://ex.org/variable#37	1
http://ex.org/variable#87 http://www.ibm.com/timex#oi_f http://ex.org/variable#38	1
http://ex.org/variable#87 http://www.ibm.com/timex#d http://ex.org/variable#39	1
http://ex.org/variable#87 http://www.ibm.com/timex#o http://ex.org/variable#40	1
http://ex.org/variable#87 http://www.ibm.com/timex#o http://ex.org/variable#41	1
http://ex.org/variable#87 http://www.ibm.com/timex#d http://ex.org/variable#42	1
http://ex.org/variable#87 http://www.ibm.com/timex#d http://ex.org/variable#43	1
http://ex.org/variable#87 http://www.ibm.com/timex#o_di_fi http://ex.org/variable#44	1
http://ex.org/variable#87 http://www.ibm.com/timex#d http://ex.org/variable#45	1
http://ex.org/variable#87 http://www.ibm.com/timex#o http://ex.org/variable#46	1
http://ex.org/variable#87 http://www.ibm.com/timex#o http://ex.org/variable#47	1
http://ex.org/variable#87 http://www.ibm.com/timex#o http://ex.org/variable#48	1
http://ex.org/variable#87 http://www.ibm.com/timex#d http://ex.org/variable#49	1
http://ex.org/variable#87 http://www.ibm.com/timex#di http://ex.org/variable#50	1
http://ex.org/variable#87 http://www.ibm.com/timex#d http://ex.org/variable#51	1
http://ex.org/variable#87 http://www.ibm.com/timex#d http://ex.org/variable#52	1
http://ex.org/variable#87 http://www.ibm.com/timex#o http://ex.org/variable#53	1
http://ex.org/variable#87 http://www.ibm.com/timex#d http://ex.org/variable#54	1
http://ex.org/variable#87 http://www.ibm.com/timex#d http://ex.org/variable#55	1
http://ex.org/variable#87 http://www.ibm.com/timex#o http://ex.org/variable#56	1
http://ex.org/variable#87 http://www.ibm.com/timex#d http://ex.org/variable#57	1
http://ex.org/variable#87 http://www.ibm.com/timex#b http://ex.org/variable#58	1
http://ex.org/variable#87 http://www.ibm.com/timex#m_o http://ex.org/variable#59	1
http://ex.org/variable#87 http://www.ibm.com/timex#d http://ex.org/variable#60	1
http://ex.org/variable#87 http://www.ibm.com/timex#oi http://ex.org/variable#61	1
http://ex.org/variable#87 http://www.ibm.com/timex#o http://ex.org/variable#62	1
http://ex.org/variable#87 http://www.ibm.com/timex#di http://ex.org/variable#63	1
http://ex.org/variable#87 http://www.ibm.com/timex#o http://ex.org/variable#64	1
http://ex.org/variable#87 http://www.ibm.com/timex#o http://ex.org/variable#65	1
http://ex.org/variable#87 http://www.ibm.com/timex#d http://ex.org/variable#66	1
http://ex.org/variable#87 http://www.ibm.com/timex#d_f http://ex.org/variable#67	1
http://ex.org/variable#87 http://www.ibm.com/timex#o http://ex.org/variable#68	1
http://ex.org/variable#87 http://www.ibm.com/timex#oi http://ex.org/variable#69	1
http://ex.org/variable#87 http://www.ibm.com/timex#d http://ex.org/variable#70	1
http://ex.org/variable#87 http://www.ibm.com/timex#d http://ex.org/variable#71	1
http://ex.org/variable#87 http://www.ibm.com/timex#o_s http://ex.org/variable#72	1
http://ex.org/variable#87 http://www.ibm.com/timex#d http://ex.org/variable#73	1
http://ex.org/variable#87 http://www.ibm.com/timex#d http://ex.org/variable#74	1
http://ex.org/variable#87 http://www.ibm.com/timex#o http://ex.org/variable#75	1
http://ex.org/variable#87 http://www.ibm.com/timex#b_m_o http://ex.org/variable#76	1
http://ex.org/variable#87 http://www.ibm.com/timex#di http://ex.org/variable#77	1
http://ex.org/variable#87 http://www.ibm.com/timex#d http://ex.org/variable#78	1
http://ex.org/variable#87 http://www.ibm.com/timex#d http://ex.org/variable#79	1
http://ex.org/variable#87 http://www.ibm.com/timex#o http://ex.org/variable#80	1
http://ex.org/variable#87 http://www.ibm.com/timex#oi http://ex.org/variable#81	1
http://ex.org/variable#87 http://www.ibm.com/timex#d http://ex.org/variable#82	1
http://ex.org/variable#87 http://www.ibm.com/timex#o http://ex.org/variable#83	1
http://ex.org/variable#87 http://www.ibm.com/timex#o http://ex.org/variable#84	1
http://ex.org/variable#87 http://www.ibm.com/timex#si http://ex.org/variable#85	1
http://ex.org/variable#87 http://www.ibm.com/timex#oi_d_f http://ex.org/variable#86	1
http://ex.org/variable#87 http://www.ibm.com/timex#o_d_s http://ex.org/variable#88	1
http://ex.org/variable#87 http://www.ibm.com/timex#o http://ex.org/variable#89	1
http://ex.org/variable#88 http://www.ibm.com/timex#di http://ex.org/variable#0	1
http://ex.org/variable#88 http://www.ibm.com/timex#oi_di_si http://ex.org/variable#1	1
http://ex.org/variable#88 http://www.ibm.com/timex#o_d_s http://ex.org/variable#2	1
http://ex.org/variable#88 http://www.ibm.com/timex#o_d_s http://ex.org/variable#3	1
http://ex.org/variable#88 http://www.ibm.com/timex#oi_di_si http://ex.org/variable#4	1
http://ex.org/variable#88 http://www.ibm.com/timex#d_s http://ex.org/variable#5	1
http://ex.org/variable#88 http://www.ibm.com/timex#oi_di_si http://ex.org/variable#6	1
http://ex.org/variable#88 http://www.ibm.com/timex#oi_di_si http://ex.org/variable#7	1
http://ex.org/variable#88 http://www.ibm.com/timex#d http://ex.org/variable#8	1
http://ex.org/variable#88 http://www.ibm.com/timex#oi http://ex.org/variable#9	1
http://ex.org/variable#88 http://www.ibm.com/timex#oi http://ex.org/variable#10	1
http://ex.org/variable#88 http://www.ibm.com/timex#eq_o_oi_d_di_s_si_f_fi http://ex.org/variable#11	1
http://ex.org/variable#88 http://www.ibm.com/timex#bi_mi_oi_di_si http://ex.org/variable#12	1
http://ex.org/variable#88 http://www.ibm.com/timex#d http://ex.org/variable#13	1
http://ex.org/variable#88 http://www.ibm.com/timex#o_d_f_fi http://ex.org/variable#14	1
http://ex.org/variable#88 http://www.ibm.com/timex#eq_o_oi_d_di_s_si_f_fi http://ex.org/variable#15	1
http://ex.org/variable#88 http://www.ibm.com/timex#oi_di_si http://ex.org/variable#16	1
http://ex.org/variable#88 http://www.ibm.com/timex#o_d_s http://ex.org/variable#17	1
http://ex.org/variable#88 http://www.ibm.com/timex#d http://ex.org/variable#18	1
http://ex.org/variable#88 http://www.ibm.com/timex#bi_mi_oi_di_si http://ex.org/variable#19	1
http://ex.org/variable#88 http://www.ibm.com/timex#bi_mi_oi_di_si http://ex.org/variable#20	1
http://ex.org/variable#88 http://www.ibm.com/timex#eq_o_oi_d_di_s_si_f_fi http://ex.org/variable#21	1
http://ex.org/variable#88 http://www.ibm.com/timex#di http://ex.org/variable#22	1
http://ex.org/variable#88 http://www.ibm.com/timex#bi_mi_oi http://ex.org/variable#23	1
http://ex.org/variable#88 http://www.ibm.com/timex#di http://ex.org/variable#24	1
http://ex.org/variable#88 http://www.ibm.com/timex#bi_mi_oi_di_si http://ex.org/variable#25	1
http://ex.org/variable#88 http://www.ibm.com/timex#oi_d_f http://ex.org/variable#26	1
http://ex.org/variable#88 http://www.ibm.com/timex#oi_di_f_fi http://ex.org/variable#27	1
http://ex.org/variable#88 http://www.ibm.com/timex#oi_d_f http://ex.org/variable#28	1
http://ex.org/variable#88 http://www.ibm.com/timex#oi_di_si http://ex.org/variable#29	1
http://ex.org/variable#88 http://www.ibm.com/timex#bi_mi_oi_di_si http://ex.org/variable#30	1
http://ex.org/variable#88 http://www.ibm.com/timex#di http://ex.org/variable#31	1
http://ex.org/variable#88 http://www.ibm.com/timex#oi http://ex.org/variable#32	1
http://ex.org/variable#88 http://www.ibm.com/timex#oi_di_si http://ex.org/variable#33	1
http://ex.org/variable#88 http://www.ibm.com/timex#o_d_s http://ex.org/variable#34	1
http://ex.org/variable#88 http://www.ibm.com/timex#oi_di_si http://ex.org/variable#35	1
http://ex.org/variable#88 http://www.ibm.com/timex#eq_o_oi_d_di_s_si_f_fi http://ex.org/variable#36	1
http://ex.org/variable#88 http://www.ibm.com/timex#mi_oi_di_si http://ex.org/variable#37	1
http://ex.org/variable#88 http://www.ibm.com/timex#oi_di_si http://ex.org/variable#38	1
http://ex.org/variable#88 http://www.ibm.com/timex#oi_di_si http://ex.org/variable#39	1
http://ex.org/variable#88 http://www.ibm.com/timex#di http://ex.org/variable#40	1
http://ex.org/variable#88 http://www.ibm.com/timex#o_fi http://ex.org/variable#41	1
http://ex.org/variable#88 http://www.ibm.com/timex#oi_d_f http://ex.org/variable#42	1
http://ex.org/variable#88 http://www.ibm.com/timex#oi_d_f http://ex.org/variable#43	1
http://ex.org/variable#88 http://www.ibm.com/timex#bi_mi_oi_di_si http://ex.org/variable#44	1
http://ex.org/variable#88 http://www.ibm.com/timex#oi http://ex.org/variable#45	1
http://ex.org/variable#88 http://www.ibm.com/timex#oi_di_si http://ex.org/variable#46	1
http://ex.org/variable#88 http://www.ibm.com/timex#oi_di_si http://ex.org/variable#47	1
http://ex.org/variable#88 http://www.ibm.com/timex#oi_di_si http://ex.org/variable#48	1
http://ex.org/variable#88 http://www.ibm.com/timex#oi http://ex.org/variable#49	1
http://ex.org/variable#88 http://www.ibm.com/timex#bi_mi_oi_di_si http://ex.org/variable#50	1
http://ex.org/variable#88 http://www.ibm.com/timex#o_d_f_fi http://ex.org/variable#51	1
http://ex.org/variable#88 http://www.ibm.com/timex#oi http://ex.org/variable#52	1
http://ex.org/variable#88 http://www.ibm.com/timex#o_d_s http://ex.org/variable#53	1
http://ex.org/variable#88 http://www.ibm.com/timex#oi_d http://ex.org/variable#54	1
http://ex.org/variable#88 http://www.ibm.com/timex#oi_di_si http://ex.org/variable#55	1
http://ex.org/variable#88 http://www.ibm.com/timex#oi_di http://ex.org/variable#56	1
http://ex.org/variable#88 http://www.ibm.com/timex#oi_di_si http://ex.org/variable#57	1
http://ex.org/variable#88 http://www.ibm.com/timex#m_o http://ex.org/variable#58	1
http://ex.org/variable#88 http://www.ibm.com/timex#di http://ex.org/variable#59	1
http://ex.org/variable#88 http://www.ibm.com/timex#d http://ex.org/variable#60	1
http://ex.org/variable#88 http://www.ibm.com/timex#mi_oi_di http://ex.org/variable#61	1
http://ex.org/variable#88 http://www.ibm.com/timex#o_d_s http://ex.org/variable#62	1
http://ex.org/variable#88 http://www.ibm.com/timex#bi_mi_oi_di_si http://ex.org/variable#63	1
http://ex.org/variable#88 http://www.ibm.com/timex#eq_o_oi_d_di_s_si_f_fi http://ex.org/variable#64	1
http://ex.org/variable#88 http://www.ibm.com/timex#eq_o_oi_d_di_s_si_f_fi http://ex.org/variable#65	1
http://ex.org/variable#88 http://www.ibm.com/timex#eq_oi_di_si_f_fi http://ex.org/variable#66	1
http://ex.org/variable#88 http://www.ibm.com/timex#oi http://ex.org/variable#67	1
http://ex.org/variable#88 http://www.ibm.com/timex#eq_o_oi_d_di_s_si_f_fi http://ex.org/variable#68	1
http://ex.org/variable#88 http://www.ibm.com/timex#bi_mi_oi http://ex.org/variable#69	1
http://ex.org/variable#88 http://www.ibm.com/timex#oi_di_si http://ex.org/variable#70	1
http://ex.org/variable#88 http://www.ibm.com/timex#oi http://ex.org/variable#71	1
http://ex.org/variable#88 http://www.ibm.com/timex#oi_di_si http://ex.org/variable#72	1
http://ex.org/variable#88 http://www.ibm.com/timex#oi_di_si http://ex.org/variable#73	1
http://ex.org/variable#88 http://www.ibm.com/timex#eq_o_oi_d_di_s_si_f_fi http://ex.org/variable#74	1
http://ex.org/variable#88 http://www.ibm.com/timex#oi_di_si http://ex.org/variable#75	1
http://ex.org/variable#88 http://www.ibm.com/timex#o http://ex.org/variable#76	1
http://ex.org/variable#88 http://www.ibm.com/timex#bi_mi_oi_di_si http://ex.org/variable#77	1
http://ex.org/variable#88 http://www.ibm.com/timex#oi http://ex.org/variable#78	1
http://ex.org/variable#88 http://www.ibm.com/timex#oi http://ex.org/variable#79	1
http://ex.org/variable#88 http://www.ibm.com/timex#o http://ex.org/variable#80	1
http://ex.org/variable#88 http://www.ibm.com/timex#mi_oi http://ex.org/variable#81	1
http://ex.org/variable#88 http://www.ibm.com/timex#oi_di_si http://ex.org/variable#82	1
http://ex.org/variable#88 http://www.ibm.com/timex#o_d_s http://ex.org/variable#83	1
http://ex.org/variable#88 http://www.ibm.com/timex#eq_o_oi_d_di_s_si_f_fi http://ex.org/variable#84	1
http://ex.org/variable#88 http://www.ibm.com/timex#oi_di_si http://ex.org/variable#85	1
http://ex.org/variable#88 http://www.ibm.com/timex#oi http://ex.org/variable#86	1
http://ex.org/variable#88 http://www.ibm.com/timex#oi_di_si http://ex.org/variable#87	1
http://ex.org/variable#88 http://www.ibm.com/timex#o_d_s http://ex.org/variable#89	1
http://ex.org/variable#89 http://www.ibm.com/timex#di http://ex.org/variable#0	1
http://ex.org/variable#89 http://www.ibm.com/timex#oi http://ex.org/variable#1	1
http://ex.org/variable#89 http://www.ibm.com/timex#oi_d_f http://ex.org/variable#2	1
http://ex.org/variable#89 http://www.ibm.com/timex#oi_d_f http://ex.org/variable#3	1
http://ex.org/variable#89 http://www.ibm.com/timex#oi_di_si http://ex.org/variable#4	1
http://ex.org/variable#89 http://www.ibm.com/timex#d http://ex.org/variable#5	1
http://ex.org/variable#89 http://www.ibm.com/timex#oi http://ex.org/variable#6	1
http://ex.org/variable#89 http://www.ibm.com/timex#oi http://ex.org/variable#7	1
http://ex.org/variable#89 http://www.ibm.com/timex#oi http://ex.org/variable#8	1
http://ex.org/variable#89 http://www.ibm.com/timex#oi http://ex.org/variable#9	1
http://ex.org/variable#89 http://www.ibm.com/timex#oi http://ex.org/variable#10	1
http://ex.org/variable#89 http://www.ibm.com/timex#oi http://ex.org/variable#11	1
http://ex.org/variable#89 http://www.ibm.com/timex#bi http://ex.org/variable#12	1
http://ex.org/variable#89 http://www.ibm.com/timex#oi_d_f http://ex.org/variable#13	1
http://ex.org/variable#89 http://www.ibm.com/timex#oi http://ex.org/variable#14	1
http://ex.org/variable#89 http://www.ibm.com/timex#oi http://ex.org/variable#15	1
http://ex.org/variable#89 http://www.ibm.com/timex#oi http://ex.org/variable#16	1
http://ex.org/variable#89 http://www.ibm.com/timex#d_f http://ex.org/variable#17	1
http://ex.org/variable#89 http://www.ibm.com/timex#oi_d_f http://ex.org/variable#18	1
http://ex.org/variable#89 http://www.ibm.com/timex#bi http://ex.org/variable#19	1
http://ex.org/variable#89 http://www.ibm.com/timex#bi http://ex.org/variable#20	1
http://ex.org/variable#89 http://www.ibm.com/timex#oi http://ex.org/variable#21	1
http://ex.org/variable#89 http://www.ibm.com/timex#di http://ex.org/variable#22	1
http://ex.org/variable#89 http://www.ibm.com/timex#mi http://ex.org/variable#23	1
http://ex.org/variable#89 http://www.ibm.com/timex#di http://ex.org/variable#24	1
http://ex.org/variable#89 http://www.ibm.com/timex#bi_mi_oi http://ex.org/variable#25	1
http://ex.org/variable#89 http://www.ibm.com/timex#oi_d_f http://ex.org/variable#26	1
http://ex.org/variable#89 http://www.ibm.com/timex#oi http://ex.org/variable#27	1
http://ex.org/variable#89 http://www.ibm.com/timex#oi_d http://ex.org/variable#28	1
http://ex.org/variable#89 http://www.ibm.com/timex#oi http://ex.org/variable#29	1
http://ex.org/variable#89 http://www.ibm.com/timex#bi_mi_oi http://ex.org/variable#30	1
http://ex.org/variable#89 http://www.ibm.com/timex#di http://ex.org/variable#31	1
http://ex.org/variable#89 http://www.ibm.com/timex#oi http://ex.org/variable#32	1
http://ex.org/variable#89 http://www.ibm.com/timex#oi_si http://ex.org/variable#33	1
http://ex.org/variable#89 http://www.ibm.com/timex#oi_f http://ex.org/variable#34	1
http://ex.org/variable#89 http://www.ibm.com/timex#oi http://ex.org/variable#35	1
http://ex.org/variable#89 http://www.ibm.com/timex#oi http://ex.org/variable#36	1
http://ex.org/variable#89 http://www.ibm.com/timex#oi_di_si http://ex.org/variable#37	1
http://ex.org/variable#89 http://www.ibm.com/timex#oi http://ex.org/variable#38	1
http://ex.org/variable#89 http://www.ibm.com/timex#oi http://ex.org/variable#39	1
http://ex.org/variable#89 http://www.ibm.com/timex#di http://ex.org/variable#40	1
http://ex.org/variable#89 http://www.ibm.com/timex#di http://ex.org/variable#41	1
http://ex.org/variable#89 http://www.ibm.com/timex#oi http://ex.org/variable#42	1
http://ex.org/variable#89 http://www.ibm.com/timex#oi_d_f http://ex.org/variable#43	1
http://ex.org/variable#89 http://www.ibm.com/timex#bi_mi_oi http://ex.org/variable#44	1
http://ex.org/variable#89 http://www.ibm.com/timex#oi http://ex.org/variable#45	1
http://ex.org/variable#89 http://www.ibm.com/timex#oi http://ex.org/variable#46	1
http://ex.org/variable#89 http://www.ibm.com/timex#oi_di_si http://ex.org/variable#47	1
http://ex.org/variable#89 http://www.ibm.com/timex#oi http://ex.org/variable#48	1
http://ex.org/variable#89 http://www.ibm.com/timex#oi http://ex.org/variable#49	1
http://ex.org/variable#89 http://www.ibm.com/timex#bi_mi_oi http://ex.org/variable#50	1
http://ex.org/variable#89 http://www.ibm.com/timex#oi http://ex.org/variable#51	1
http://ex.org/variable#89 http://www.ibm.com/timex#oi http://ex.org/variable#52	1
http://ex.org/variable#89 http://www.ibm.com/timex#eq_o_oi_d_di_s_si_f_fi http://ex.org/variable#53	1
http://ex.org/variable#89 http://www.ibm.com/timex#oi http://ex.org/variable#54	1
http://ex.org/variable#89 http://www.ibm.com/timex#oi http://ex.org/variable#55	1
http://ex.org/variable#89 http://www.ibm.com/timex#oi http://ex.org/variable#56	1
http://ex.org/variable#89 http://www.ibm.com/timex#oi http://ex.org/variable#57	1
http://ex.org/variable#89 http://www.ibm.com/timex#o_di_fi http://ex.org/variable#58	1
http://ex.org/variable#89 http://www.ibm.com/timex#di http://ex.org/variable#59	1
http://ex.org/variable#89 http://www.ibm.com/timex#oi_d_f http://ex.org/variable#60	1
http://ex.org/variable#89 http://www.ibm.com/timex#oi http://ex.org/variable#61	1
http://ex.org/variable#89 http://www.ibm.com/timex#d http://ex.org/variable#62	1
http://ex.org/variable#89 http://www.ibm.com/timex#bi http://ex.org/variable#63	1
http://ex.org/variable#89 http://www.ibm.com/timex#oi_d_f http://ex.org/variable#64	1
http://ex.org/variable#89 http://www.ibm.com/timex#oi http://ex.org/variable#65	1
http://ex.org/variable#89 http://www.ibm.com/timex#oi http://ex.org/variable#66	1
http://ex.org/variable#89 http://www.ibm.com/timex#oi http://ex.org/variable#67	1
http://ex.org/variable#89 http://www.ibm.com/timex#oi http://ex.org/variable#68	1
http://ex.org/variable#89 http://www.ibm.com/timex#bi_mi_oi http://ex.org/variable#69	1
http://ex.org/variable#89 http://www.ibm.com/timex#oi http://ex.org/variable#70	1
http://ex.org/variable#89 http://www.ibm.com/timex#oi http://ex.org/variable#71	1
http://ex.org/variable#89 http://www.ibm.com/timex#oi http://ex.org/variable#72	1
http://ex.org/variable#89 http://www.ibm.com/timex#oi http://ex.org/variable#73	1
http://ex.org/variable#89 http://www.ibm.com/timex#oi_d_f http://ex.org/variable#74	1
http://ex.org/variable#89 http://www.ibm.com/timex#oi http://ex.org/variable#75	1
http://ex.org/variable#89 http://www.ibm.com/timex#o_di_fi http://ex.org/variable#76	1
http://ex.org/variable#89 http://www.ibm.com/timex#bi_mi_oi http://ex.org/variable#77	1
http://ex.org/variable#89 http://www.ibm.com/timex#oi http://ex.org/variable#78	1
http://ex.org/variable#89 http://www.ibm.com/timex#oi http://ex.org/variable#79	1
http://ex.org/variable#89 http://www.ibm.com/timex#o http://ex.org/variable#80	1
http://ex.org/variable#89 http://www.ibm.com/timex#oi http://ex.org/variable#81	1
http://ex.org/variable#89 http://www.ibm.com/timex#oi http://ex.org/variable#82	1
http://ex.org/variable#89 http://www.ibm.com/timex#oi_d_f http://ex.org/variable#83	1
http://ex.org/variable#89 http://www.ibm.com/timex#eq_o_oi_d_di_s_si_f_fi http://ex.org/variable#84	1
http://ex.org/variable#89 http://www.ibm.com/timex#oi http://ex.org/variable#85	1
http://ex.org/variable#89 http://www.ibm.com/timex#oi http://ex.org/variable#86	1
http://ex.org/variable#89 http://www.ibm.com/timex#oi http://ex.org/variable#87	1
http://ex.org/variable#89 http://www.ibm.com/timex#oi_di_si http://ex.org/variable#88	1
