http://ex.org/variable#0 http://www.ibm.com/timex#o http://ex.org/variable#1	1
http://ex.org/variable#0 http://www.ibm.com/timex#oi http://ex.org/variable#2	1
http://ex.org/variable#0 http://www.ibm.com/timex#di http://ex.org/variable#3	1
http://ex.org/variable#0 http://www.ibm.com/timex#o http://ex.org/variable#4	1
http://ex.org/variable#0 http://www.ibm.com/timex#oi http://ex.org/variable#5	1
http://ex.org/variable#0 http://www.ibm.com/timex#di http://ex.org/variable#6	1
http://ex.org/variable#0 http://www.ibm.com/timex#oi http://ex.org/variable#7	1
http://ex.org/variable#0 http://www.ibm.com/timex#bi http://ex.org/variable#8	1
http://ex.org/variable#0 http://www.ibm.com/timex#o http://ex.org/variable#9	1
http://ex.org/variable#0 http://www.ibm.com/timex#di http://ex.org/variable#10	1
http://ex.org/variable#0 http://www.ibm.com/timex#oi http://ex.org/variable#11	1
http://ex.org/variable#0 http://www.ibm.com/timex#d http://ex.org/variable#12	1
http://ex.org/variable#0 http://www.ibm.com/timex#oi http://ex.org/variable#13	1
http://ex.org/variable#0 http://www.ibm.com/timex#di http://ex.org/variable#14	1
http://ex.org/variable#0 http://www.ibm.com/timex#oi http://ex.org/variable#15	1
http://ex.org/variable#0 http://www.ibm.com/timex#oi http://ex.org/variable#16	1
http://ex.org/variable#0 http://www.ibm.com/timex#di http://ex.org/variable#17	1
http://ex.org/variable#0 http://www.ibm.com/timex#oi http://ex.org/variable#18	1
http://ex.org/variable#0 http://www.ibm.com/timex#oi http://ex.org/variable#19	1
http://ex.org/variable#0 http://www.ibm.com/timex#d http://ex.org/variable#20	1
http://ex.org/variable#0 http://www.ibm.com/timex#di http://ex.org/variable#21	1
http://ex.org/variable#0 http://www.ibm.com/timex#d http://ex.org/variable#22	1
http://ex.org/variable#0 http://www.ibm.com/timex#oi http://ex.org/variable#23	1
http://ex.org/variable#0 http://www.ibm.com/timex#oi http://ex.org/variable#24	1
http://ex.org/variable#0 http://www.ibm.com/timex#bi http://ex.org/variable#25	1
http://ex.org/variable#0 http://www.ibm.com/timex#di http://ex.org/variable#26	1
http://ex.org/variable#0 http://www.ibm.com/timex#oi http://ex.org/variable#27	1
http://ex.org/variable#0 http://www.ibm.com/timex#di http://ex.org/variable#28	1
http://ex.org/variable#0 http://www.ibm.com/timex#di_si http://ex.org/variable#29	1
http://ex.org/variable#0 http://www.ibm.com/timex#di http://ex.org/variable#30	1
http://ex.org/variable#0 http://www.ibm.com/timex#oi http://ex.org/variable#31	1
http://ex.org/variable#0 http://www.ibm.com/timex#oi http://ex.org/variable#32	1
http://ex.org/variable#0 http://www.ibm.com/timex#o http://ex.org/variable#33	1
http://ex.org/variable#0 http://www.ibm.com/timex#oi http://ex.org/variable#34	1
http://ex.org/variable#0 http://www.ibm.com/timex#di http://ex.org/variable#35	1
http://ex.org/variable#0 http://www.ibm.com/timex#oi http://ex.org/variable#36	1
http://ex.org/variable#0 http://www.ibm.com/timex#oi http://ex.org/variable#37	1
http://ex.org/variable#0 http://www.ibm.com/timex#oi http://ex.org/variable#38	1
http://ex.org/variable#0 http://www.ibm.com/timex#di http://ex.org/variable#39	1
http://ex.org/variable#0 http://www.ibm.com/timex#oi http://ex.org/variable#40	1
http://ex.org/variable#0 http://www.ibm.com/timex#oi http://ex.org/variable#41	1
http://ex.org/variable#0 http://www.ibm.com/timex#d http://ex.org/variable#42	1
http://ex.org/variable#0 http://www.ibm.com/timex#oi http://ex.org/variable#43	1
http://ex.org/variable#0 http://www.ibm.com/timex#oi http://ex.org/variable#44	1
http://ex.org/variable#0 http://www.ibm.com/timex#o http://ex.org/variable#45	1
http://ex.org/variable#0 http://www.ibm.com/timex#oi http://ex.org/variable#46	1
http://ex.org/variable#0 http://www.ibm.com/timex#oi http://ex.org/variable#47	1
http://ex.org/variable#0 http://www.ibm.com/timex#di http://ex.org/variable#48	1
http://ex.org/variable#0 http://www.ibm.com/timex#oi http://ex.org/variable#49	1
http://ex.org/variable#0 http://www.ibm.com/timex#o_di_fi http://ex.org/variable#50	1
http://ex.org/variable#0 http://www.ibm.com/timex#di http://ex.org/variable#51	1
http://ex.org/variable#0 http://www.ibm.com/timex#oi http://ex.org/variable#52	1
http://ex.org/variable#0 http://www.ibm.com/timex#oi http://ex.org/variable#53	1
http://ex.org/variable#0 http://www.ibm.com/timex#oi http://ex.org/variable#54	1
http://ex.org/variable#0 http://www.ibm.com/timex#di http://ex.org/variable#55	1
http://ex.org/variable#0 http://www.ibm.com/timex#oi http://ex.org/variable#56	1
http://ex.org/variable#0 http://www.ibm.com/timex#oi http://ex.org/variable#57	1
http://ex.org/variable#0 http://www.ibm.com/timex#oi http://ex.org/variable#58	1
http://ex.org/variable#0 http://www.ibm.com/timex#d http://ex.org/variable#59	1
http://ex.org/variable#0 http://www.ibm.com/timex#oi_d_f http://ex.org/variable#60	1
http://ex.org/variable#0 http://www.ibm.com/timex#d http://ex.org/variable#61	1
http://ex.org/variable#0 http://www.ibm.com/timex#d http://ex.org/variable#62	1
http://ex.org/variable#0 http://www.ibm.com/timex#oi http://ex.org/variable#63	1
http://ex.org/variable#0 http://www.ibm.com/timex#oi http://ex.org/variable#64	1
http://ex.org/variable#0 http://www.ibm.com/timex#bi http://ex.org/variable#65	1
http://ex.org/variable#0 http://www.ibm.com/timex#oi http://ex.org/variable#66	1
http://ex.org/variable#0 http://www.ibm.com/timex#d http://ex.org/variable#67	1
http://ex.org/variable#0 http://www.ibm.com/timex#oi http://ex.org/variable#68	1
http://ex.org/variable#0 http://www.ibm.com/timex#oi http://ex.org/variable#69	1
http://ex.org/variable#0 http://www.ibm.com/timex#d http://ex.org/variable#70	1
http://ex.org/variable#0 http://www.ibm.com/timex#oi http://ex.org/variable#71	1
http://ex.org/variable#0 http://www.ibm.com/timex#di http://ex.org/variable#72	1
http://ex.org/variable#0 http://www.ibm.com/timex#oi http://ex.org/variable#73	1
http://ex.org/variable#0 http://www.ibm.com/timex#oi http://ex.org/variable#74	1
http://ex.org/variable#0 http://www.ibm.com/timex#oi http://ex.org/variable#75	1
http://ex.org/variable#0 http://www.ibm.com/timex#oi http://ex.org/variable#76	1
http://ex.org/variable#0 http://www.ibm.com/timex#d http://ex.org/variable#77	1
http://ex.org/variable#0 http://www.ibm.com/timex#oi http://ex.org/variable#78	1
http://ex.org/variable#0 http://www.ibm.com/timex#oi http://ex.org/variable#79	1
http://ex.org/variable#0 http://www.ibm.com/timex#d http://ex.org/variable#80	1
http://ex.org/variable#0 http://www.ibm.com/timex#oi http://ex.org/variable#81	1
http://ex.org/variable#0 http://www.ibm.com/timex#oi http://ex.org/variable#82	1
http://ex.org/variable#0 http://www.ibm.com/timex#oi http://ex.org/variable#83	1
http://ex.org/variable#0 http://www.ibm.com/timex#di http://ex.org/variable#84	1
http://ex.org/variable#0 http://www.ibm.com/timex#di http://ex.org/variable#85	1
http://ex.org/variable#0 http://www.ibm.com/timex#d http://ex.org/variable#86	1
http://ex.org/variable#0 http://www.ibm.com/timex#di http://ex.org/variable#87	1
http://ex.org/variable#0 http://www.ibm.com/timex#di http://ex.org/variable#88	1
http://ex.org/variable#0 http://www.ibm.com/timex#oi_f http://ex.org/variable#89	1
http://ex.org/variable#0 http://www.ibm.com/timex#oi_di_si http://ex.org/variable#90	1
http://ex.org/variable#0 http://www.ibm.com/timex#d_f http://ex.org/variable#91	1
http://ex.org/variable#0 http://www.ibm.com/timex#o http://ex.org/variable#92	1
http://ex.org/variable#0 http://www.ibm.com/timex#oi http://ex.org/variable#93	1
http://ex.org/variable#0 http://www.ibm.com/timex#oi http://ex.org/variable#94	1
http://ex.org/variable#0 http://www.ibm.com/timex#di http://ex.org/variable#95	1
http://ex.org/variable#0 http://www.ibm.com/timex#bi http://ex.org/variable#96	1
http://ex.org/variable#0 http://www.ibm.com/timex#si http://ex.org/variable#97	1
http://ex.org/variable#0 http://www.ibm.com/timex#di http://ex.org/variable#98	1
http://ex.org/variable#0 http://www.ibm.com/timex#di http://ex.org/variable#99	1
http://ex.org/variable#0 http://www.ibm.com/timex#oi http://ex.org/variable#100	1
http://ex.org/variable#0 http://www.ibm.com/timex#oi http://ex.org/variable#101	1
http://ex.org/variable#0 http://www.ibm.com/timex#di http://ex.org/variable#102	1
http://ex.org/variable#0 http://www.ibm.com/timex#oi http://ex.org/variable#103	1
http://ex.org/variable#0 http://www.ibm.com/timex#di http://ex.org/variable#104	1
http://ex.org/variable#0 http://www.ibm.com/timex#oi http://ex.org/variable#105	1
http://ex.org/variable#0 http://www.ibm.com/timex#oi http://ex.org/variable#106	1
http://ex.org/variable#0 http://www.ibm.com/timex#oi http://ex.org/variable#107	1
http://ex.org/variable#0 http://www.ibm.com/timex#di http://ex.org/variable#108	1
http://ex.org/variable#0 http://www.ibm.com/timex#di http://ex.org/variable#109	1
http://ex.org/variable#0 http://www.ibm.com/timex#oi http://ex.org/variable#110	1
http://ex.org/variable#0 http://www.ibm.com/timex#oi http://ex.org/variable#111	1
http://ex.org/variable#0 http://www.ibm.com/timex#oi http://ex.org/variable#112	1
http://ex.org/variable#0 http://www.ibm.com/timex#di http://ex.org/variable#113	1
http://ex.org/variable#0 http://www.ibm.com/timex#oi http://ex.org/variable#114	1
http://ex.org/variable#0 http://www.ibm.com/timex#di http://ex.org/variable#115	1
http://ex.org/variable#0 http://www.ibm.com/timex#di http://ex.org/variable#116	1
http://ex.org/variable#0 http://www.ibm.com/timex#oi http://ex.org/variable#117	1
http://ex.org/variable#0 http://www.ibm.com/timex#oi http://ex.org/variable#118	1
http://ex.org/variable#0 http://www.ibm.com/timex#oi http://ex.org/variable#119	1
http://ex.org/variable#0 http://www.ibm.com/timex#oi http://ex.org/variable#120	1
http://ex.org/variable#0 http://www.ibm.com/timex#di http://ex.org/variable#121	1
http://ex.org/variable#0 http://www.ibm.com/timex#oi http://ex.org/variable#122	1
http://ex.org/variable#0 http://www.ibm.com/timex#o http://ex.org/variable#123	1
http://ex.org/variable#0 http://www.ibm.com/timex#oi http://ex.org/variable#124	1
http://ex.org/variable#0 http://www.ibm.com/timex#oi http://ex.org/variable#125	1
http://ex.org/variable#0 http://www.ibm.com/timex#di http://ex.org/variable#126	1
http://ex.org/variable#0 http://www.ibm.com/timex#di http://ex.org/variable#127	1
http://ex.org/variable#0 http://www.ibm.com/timex#o http://ex.org/variable#128	1
http://ex.org/variable#0 http://www.ibm.com/timex#oi http://ex.org/variable#129	1
http://ex.org/variable#0 http://www.ibm.com/timex#oi http://ex.org/variable#130	1
http://ex.org/variable#0 http://www.ibm.com/timex#o http://ex.org/variable#131	1
http://ex.org/variable#0 http://www.ibm.com/timex#oi http://ex.org/variable#132	1
http://ex.org/variable#0 http://www.ibm.com/timex#o http://ex.org/variable#133	1
http://ex.org/variable#0 http://www.ibm.com/timex#oi http://ex.org/variable#134	1
http://ex.org/variable#0 http://www.ibm.com/timex#d http://ex.org/variable#135	1
http://ex.org/variable#0 http://www.ibm.com/timex#d http://ex.org/variable#136	1
http://ex.org/variable#0 http://www.ibm.com/timex#di http://ex.org/variable#137	1
http://ex.org/variable#0 http://www.ibm.com/timex#di http://ex.org/variable#138	1
http://ex.org/variable#0 http://www.ibm.com/timex#oi http://ex.org/variable#139	1
http://ex.org/variable#0 http://www.ibm.com/timex#oi http://ex.org/variable#140	1
http://ex.org/variable#0 http://www.ibm.com/timex#oi_d_f http://ex.org/variable#141	1
http://ex.org/variable#0 http://www.ibm.com/timex#oi http://ex.org/variable#142	1
http://ex.org/variable#0 http://www.ibm.com/timex#oi http://ex.org/variable#143	1
http://ex.org/variable#0 http://www.ibm.com/timex#oi_f http://ex.org/variable#144	1
http://ex.org/variable#0 http://www.ibm.com/timex#di http://ex.org/variable#145	1
http://ex.org/variable#0 http://www.ibm.com/timex#o http://ex.org/variable#146	1
http://ex.org/variable#0 http://www.ibm.com/timex#oi http://ex.org/variable#147	1
http://ex.org/variable#0 http://www.ibm.com/timex#oi http://ex.org/variable#148	1
http://ex.org/variable#0 http://www.ibm.com/timex#oi http://ex.org/variable#149	1
http://ex.org/variable#0 http://www.ibm.com/timex#o http://ex.org/variable#150	1
http://ex.org/variable#0 http://www.ibm.com/timex#d http://ex.org/variable#151	1
http://ex.org/variable#0 http://www.ibm.com/timex#bi http://ex.org/variable#152	1
http://ex.org/variable#0 http://www.ibm.com/timex#d http://ex.org/variable#153	1
http://ex.org/variable#0 http://www.ibm.com/timex#di http://ex.org/variable#154	1
http://ex.org/variable#0 http://www.ibm.com/timex#oi http://ex.org/variable#155	1
http://ex.org/variable#0 http://www.ibm.com/timex#oi http://ex.org/variable#156	1
http://ex.org/variable#0 http://www.ibm.com/timex#bi http://ex.org/variable#157	1
http://ex.org/variable#0 http://www.ibm.com/timex#oi http://ex.org/variable#158	1
http://ex.org/variable#0 http://www.ibm.com/timex#o http://ex.org/variable#159	1
http://ex.org/variable#0 http://www.ibm.com/timex#oi http://ex.org/variable#160	1
http://ex.org/variable#0 http://www.ibm.com/timex#di http://ex.org/variable#161	1
http://ex.org/variable#0 http://www.ibm.com/timex#oi http://ex.org/variable#162	1
http://ex.org/variable#0 http://www.ibm.com/timex#di http://ex.org/variable#163	1
http://ex.org/variable#0 http://www.ibm.com/timex#oi_di_si http://ex.org/variable#164	1
http://ex.org/variable#0 http://www.ibm.com/timex#oi_si http://ex.org/variable#165	1
http://ex.org/variable#0 http://www.ibm.com/timex#oi http://ex.org/variable#166	1
http://ex.org/variable#0 http://www.ibm.com/timex#oi http://ex.org/variable#167	1
http://ex.org/variable#0 http://www.ibm.com/timex#di http://ex.org/variable#168	1
http://ex.org/variable#0 http://www.ibm.com/timex#oi http://ex.org/variable#169	1
http://ex.org/variable#0 http://www.ibm.com/timex#di http://ex.org/variable#170	1
http://ex.org/variable#0 http://www.ibm.com/timex#oi http://ex.org/variable#171	1
http://ex.org/variable#0 http://www.ibm.com/timex#bi http://ex.org/variable#172	1
http://ex.org/variable#0 http://www.ibm.com/timex#di http://ex.org/variable#173	1
http://ex.org/variable#0 http://www.ibm.com/timex#di http://ex.org/variable#174	1
http://ex.org/variable#0 http://www.ibm.com/timex#oi http://ex.org/variable#175	1
http://ex.org/variable#0 http://www.ibm.com/timex#o http://ex.org/variable#176	1
http://ex.org/variable#0 http://www.ibm.com/timex#oi http://ex.org/variable#177	1
http://ex.org/variable#0 http://www.ibm.com/timex#d http://ex.org/variable#178	1
http://ex.org/variable#0 http://www.ibm.com/timex#di http://ex.org/variable#179	1
http://ex.org/variable#0 http://www.ibm.com/timex#bi http://ex.org/variable#180	1
http://ex.org/variable#0 http://www.ibm.com/timex#oi http://ex.org/variable#181	1
http://ex.org/variable#0 http://www.ibm.com/timex#di http://ex.org/variable#182	1
http://ex.org/variable#0 http://www.ibm.com/timex#di http://ex.org/variable#183	1
http://ex.org/variable#0 http://www.ibm.com/timex#oi http://ex.org/variable#184	1
http://ex.org/variable#0 http://www.ibm.com/timex#oi http://ex.org/variable#185	1
http://ex.org/variable#0 http://www.ibm.com/timex#di http://ex.org/variable#186	1
http://ex.org/variable#0 http://www.ibm.com/timex#oi http://ex.org/variable#187	1
http://ex.org/variable#0 http://www.ibm.com/timex#di http://ex.org/variable#188	1
http://ex.org/variable#0 http://www.ibm.com/timex#di http://ex.org/variable#189	1
http://ex.org/variable#1 http://www.ibm.com/timex#oi http://ex.org/variable#0	1
http://ex.org/variable#1 http://www.ibm.com/timex#oi http://ex.org/variable#2	1
http://ex.org/variable#1 http://www.ibm.com/timex#oi http://ex.org/variable#3	1
http://ex.org/variable#1 http://www.ibm.com/timex#d http://ex.org/variable#4	1
http://ex.org/variable#1 http://www.ibm.com/timex#bi http://ex.org/variable#5	1
http://ex.org/variable#1 http://www.ibm.com/timex#oi http://ex.org/variable#6	1
http://ex.org/variable#1 http://www.ibm.com/timex#oi http://ex.org/variable#7	1
http://ex.org/variable#1 http://www.ibm.com/timex#bi http://ex.org/variable#8	1
http://ex.org/variable#1 http://www.ibm.com/timex#d http://ex.org/variable#9	1
http://ex.org/variable#1 http://www.ibm.com/timex#oi http://ex.org/variable#10	1
http://ex.org/variable#1 http://www.ibm.com/timex#oi http://ex.org/variable#11	1
http://ex.org/variable#1 http://www.ibm.com/timex#oi_d http://ex.org/variable#12	1
http://ex.org/variable#1 http://www.ibm.com/timex#bi http://ex.org/variable#13	1
http://ex.org/variable#1 http://www.ibm.com/timex#bi http://ex.org/variable#14	1
http://ex.org/variable#1 http://www.ibm.com/timex#bi http://ex.org/variable#15	1
http://ex.org/variable#1 http://www.ibm.com/timex#bi http://ex.org/variable#16	1
http://ex.org/variable#1 http://www.ibm.com/timex#oi_di_si http://ex.org/variable#17	1
http://ex.org/variable#1 http://www.ibm.com/timex#oi http://ex.org/variable#18	1
http://ex.org/variable#1 http://www.ibm.com/timex#bi http://ex.org/variable#19	1
http://ex.org/variable#1 http://www.ibm.com/timex#d http://ex.org/variable#20	1
http://ex.org/variable#1 http://www.ibm.com/timex#oi http://ex.org/variable#21	1
http://ex.org/variable#1 http://www.ibm.com/timex#d http://ex.org/variable#22	1
http://ex.org/variable#1 http://www.ibm.com/timex#bi http://ex.org/variable#23	1
http://ex.org/variable#1 http://www.ibm.com/timex#oi http://ex.org/variable#24	1
http://ex.org/variable#1 http://www.ibm.com/timex#bi http://ex.org/variable#25	1
http://ex.org/variable#1 http://www.ibm.com/timex#oi http://ex.org/variable#26	1
http://ex.org/variable#1 http://www.ibm.com/timex#bi http://ex.org/variable#27	1
http://ex.org/variable#1 http://www.ibm.com/timex#oi http://ex.org/variable#28	1
http://ex.org/variable#1 http://www.ibm.com/timex#oi http://ex.org/variable#29	1
http://ex.org/variable#1 http://www.ibm.com/timex#bi http://ex.org/variable#30	1
http://ex.org/variable#1 http://www.ibm.com/timex#bi http://ex.org/variable#31	1
http://ex.org/variable#1 http://www.ibm.com/timex#bi http://ex.org/variable#32	1
http://ex.org/variable#1 http://www.ibm.com/timex#d http://ex.org/variable#33	1
http://ex.org/variable#1 http://www.ibm.com/timex#oi http://ex.org/variable#34	1
http://ex.org/variable#1 http://www.ibm.com/timex#bi http://ex.org/variable#35	1
http://ex.org/variable#1 http://www.ibm.com/timex#bi http://ex.org/variable#36	1
http://ex.org/variable#1 http://www.ibm.com/timex#bi http://ex.org/variable#37	1
http://ex.org/variable#1 http://www.ibm.com/timex#oi http://ex.org/variable#38	1
http://ex.org/variable#1 http://www.ibm.com/timex#bi_mi_oi http://ex.org/variable#39	1
http://ex.org/variable#1 http://www.ibm.com/timex#bi http://ex.org/variable#40	1
http://ex.org/variable#1 http://www.ibm.com/timex#oi http://ex.org/variable#41	1
http://ex.org/variable#1 http://www.ibm.com/timex#oi http://ex.org/variable#42	1
http://ex.org/variable#1 http://www.ibm.com/timex#oi http://ex.org/variable#43	1
http://ex.org/variable#1 http://www.ibm.com/timex#oi http://ex.org/variable#44	1
http://ex.org/variable#1 http://www.ibm.com/timex#d http://ex.org/variable#45	1
http://ex.org/variable#1 http://www.ibm.com/timex#bi http://ex.org/variable#46	1
http://ex.org/variable#1 http://www.ibm.com/timex#bi http://ex.org/variable#47	1
http://ex.org/variable#1 http://www.ibm.com/timex#oi http://ex.org/variable#48	1
http://ex.org/variable#1 http://www.ibm.com/timex#bi http://ex.org/variable#49	1
http://ex.org/variable#1 http://www.ibm.com/timex#oi_d_f http://ex.org/variable#50	1
http://ex.org/variable#1 http://www.ibm.com/timex#oi http://ex.org/variable#51	1
http://ex.org/variable#1 http://www.ibm.com/timex#oi http://ex.org/variable#52	1
http://ex.org/variable#1 http://www.ibm.com/timex#oi http://ex.org/variable#53	1
http://ex.org/variable#1 http://www.ibm.com/timex#oi http://ex.org/variable#54	1
http://ex.org/variable#1 http://www.ibm.com/timex#bi_mi_oi http://ex.org/variable#55	1
http://ex.org/variable#1 http://www.ibm.com/timex#bi http://ex.org/variable#56	1
http://ex.org/variable#1 http://www.ibm.com/timex#bi http://ex.org/variable#57	1
http://ex.org/variable#1 http://www.ibm.com/timex#bi_mi_oi http://ex.org/variable#58	1
http://ex.org/variable#1 http://www.ibm.com/timex#d http://ex.org/variable#59	1
http://ex.org/variable#1 http://www.ibm.com/timex#oi_d_f http://ex.org/variable#60	1
http://ex.org/variable#1 http://www.ibm.com/timex#d_f http://ex.org/variable#61	1
http://ex.org/variable#1 http://www.ibm.com/timex#oi_d http://ex.org/variable#62	1
http://ex.org/variable#1 http://www.ibm.com/timex#oi http://ex.org/variable#63	1
http://ex.org/variable#1 http://www.ibm.com/timex#oi http://ex.org/variable#64	1
http://ex.org/variable#1 http://www.ibm.com/timex#bi http://ex.org/variable#65	1
http://ex.org/variable#1 http://www.ibm.com/timex#bi http://ex.org/variable#66	1
http://ex.org/variable#1 http://www.ibm.com/timex#d http://ex.org/variable#67	1
http://ex.org/variable#1 http://www.ibm.com/timex#oi http://ex.org/variable#68	1
http://ex.org/variable#1 http://www.ibm.com/timex#bi http://ex.org/variable#69	1
http://ex.org/variable#1 http://www.ibm.com/timex#d http://ex.org/variable#70	1
http://ex.org/variable#1 http://www.ibm.com/timex#bi http://ex.org/variable#71	1
http://ex.org/variable#1 http://www.ibm.com/timex#oi http://ex.org/variable#72	1
http://ex.org/variable#1 http://www.ibm.com/timex#bi_mi_oi http://ex.org/variable#73	1
http://ex.org/variable#1 http://www.ibm.com/timex#oi http://ex.org/variable#74	1
http://ex.org/variable#1 http://www.ibm.com/timex#bi_mi_oi http://ex.org/variable#75	1
http://ex.org/variable#1 http://www.ibm.com/timex#oi http://ex.org/variable#76	1
http://ex.org/variable#1 http://www.ibm.com/timex#d http://ex.org/variable#77	1
http://ex.org/variable#1 http://www.ibm.com/timex#bi http://ex.org/variable#78	1
http://ex.org/variable#1 http://www.ibm.com/timex#bi http://ex.org/variable#79	1
http://ex.org/variable#1 http://www.ibm.com/timex#oi http://ex.org/variable#80	1
http://ex.org/variable#1 http://www.ibm.com/timex#bi http://ex.org/variable#81	1
http://ex.org/variable#1 http://www.ibm.com/timex#bi http://ex.org/variable#82	1
http://ex.org/variable#1 http://www.ibm.com/timex#oi http://ex.org/variable#83	1
http://ex.org/variable#1 http://www.ibm.com/timex#oi http://ex.org/variable#84	1
http://ex.org/variable#1 http://www.ibm.com/timex#oi http://ex.org/variable#85	1
http://ex.org/variable#1 http://www.ibm.com/timex#d http://ex.org/variable#86	1
http://ex.org/variable#1 http://www.ibm.com/timex#oi http://ex.org/variable#87	1
http://ex.org/variable#1 http://www.ibm.com/timex#di http://ex.org/variable#88	1
http://ex.org/variable#1 http://www.ibm.com/timex#oi http://ex.org/variable#89	1
http://ex.org/variable#1 http://www.ibm.com/timex#bi_mi_oi http://ex.org/variable#90	1
http://ex.org/variable#1 http://www.ibm.com/timex#oi http://ex.org/variable#91	1
http://ex.org/variable#1 http://www.ibm.com/timex#d http://ex.org/variable#92	1
http://ex.org/variable#1 http://www.ibm.com/timex#oi http://ex.org/variable#93	1
http://ex.org/variable#1 http://www.ibm.com/timex#bi http://ex.org/variable#94	1
http://ex.org/variable#1 http://www.ibm.com/timex#bi http://ex.org/variable#95	1
http://ex.org/variable#1 http://www.ibm.com/timex#bi http://ex.org/variable#96	1
http://ex.org/variable#1 http://www.ibm.com/timex#oi http://ex.org/variable#97	1
http://ex.org/variable#1 http://www.ibm.com/timex#oi http://ex.org/variable#98	1
http://ex.org/variable#1 http://www.ibm.com/timex#oi http://ex.org/variable#99	1
http://ex.org/variable#1 http://www.ibm.com/timex#bi http://ex.org/variable#100	1
http://ex.org/variable#1 http://www.ibm.com/timex#oi http://ex.org/variable#101	1
http://ex.org/variable#1 http://www.ibm.com/timex#bi http://ex.org/variable#102	1
http://ex.org/variable#1 http://www.ibm.com/timex#oi http://ex.org/variable#103	1
http://ex.org/variable#1 http://www.ibm.com/timex#di http://ex.org/variable#104	1
http://ex.org/variable#1 http://www.ibm.com/timex#oi http://ex.org/variable#105	1
http://ex.org/variable#1 http://www.ibm.com/timex#oi http://ex.org/variable#106	1
http://ex.org/variable#1 http://www.ibm.com/timex#oi http://ex.org/variable#107	1
http://ex.org/variable#1 http://www.ibm.com/timex#bi http://ex.org/variable#108	1
http://ex.org/variable#1 http://www.ibm.com/timex#bi http://ex.org/variable#109	1
http://ex.org/variable#1 http://www.ibm.com/timex#oi http://ex.org/variable#110	1
http://ex.org/variable#1 http://www.ibm.com/timex#bi http://ex.org/variable#111	1
http://ex.org/variable#1 http://www.ibm.com/timex#bi_mi_oi http://ex.org/variable#112	1
http://ex.org/variable#1 http://www.ibm.com/timex#bi http://ex.org/variable#113	1
http://ex.org/variable#1 http://www.ibm.com/timex#oi http://ex.org/variable#114	1
http://ex.org/variable#1 http://www.ibm.com/timex#di http://ex.org/variable#115	1
http://ex.org/variable#1 http://www.ibm.com/timex#bi http://ex.org/variable#116	1
http://ex.org/variable#1 http://www.ibm.com/timex#bi http://ex.org/variable#117	1
http://ex.org/variable#1 http://www.ibm.com/timex#bi http://ex.org/variable#118	1
http://ex.org/variable#1 http://www.ibm.com/timex#oi http://ex.org/variable#119	1
http://ex.org/variable#1 http://www.ibm.com/timex#bi http://ex.org/variable#120	1
http://ex.org/variable#1 http://www.ibm.com/timex#di http://ex.org/variable#121	1
http://ex.org/variable#1 http://www.ibm.com/timex#oi http://ex.org/variable#122	1
http://ex.org/variable#1 http://www.ibm.com/timex#oi http://ex.org/variable#123	1
http://ex.org/variable#1 http://www.ibm.com/timex#bi http://ex.org/variable#124	1
http://ex.org/variable#1 http://www.ibm.com/timex#bi http://ex.org/variable#125	1
http://ex.org/variable#1 http://www.ibm.com/timex#oi http://ex.org/variable#126	1
http://ex.org/variable#1 http://www.ibm.com/timex#oi http://ex.org/variable#127	1
http://ex.org/variable#1 http://www.ibm.com/timex#oi http://ex.org/variable#128	1
http://ex.org/variable#1 http://www.ibm.com/timex#bi http://ex.org/variable#129	1
http://ex.org/variable#1 http://www.ibm.com/timex#bi http://ex.org/variable#130	1
http://ex.org/variable#1 http://www.ibm.com/timex#o http://ex.org/variable#131	1
http://ex.org/variable#1 http://www.ibm.com/timex#oi http://ex.org/variable#132	1
http://ex.org/variable#1 http://www.ibm.com/timex#d http://ex.org/variable#133	1
http://ex.org/variable#1 http://www.ibm.com/timex#bi http://ex.org/variable#134	1
http://ex.org/variable#1 http://www.ibm.com/timex#d http://ex.org/variable#135	1
http://ex.org/variable#1 http://www.ibm.com/timex#d http://ex.org/variable#136	1
http://ex.org/variable#1 http://www.ibm.com/timex#bi http://ex.org/variable#137	1
http://ex.org/variable#1 http://www.ibm.com/timex#oi http://ex.org/variable#138	1
http://ex.org/variable#1 http://www.ibm.com/timex#bi http://ex.org/variable#139	1
http://ex.org/variable#1 http://www.ibm.com/timex#bi http://ex.org/variable#140	1
http://ex.org/variable#1 http://www.ibm.com/timex#oi_d_f http://ex.org/variable#141	1
http://ex.org/variable#1 http://www.ibm.com/timex#bi http://ex.org/variable#142	1
http://ex.org/variable#1 http://www.ibm.com/timex#oi http://ex.org/variable#143	1
http://ex.org/variable#1 http://www.ibm.com/timex#oi http://ex.org/variable#144	1
http://ex.org/variable#1 http://www.ibm.com/timex#oi http://ex.org/variable#145	1
http://ex.org/variable#1 http://www.ibm.com/timex#d http://ex.org/variable#146	1
http://ex.org/variable#1 http://www.ibm.com/timex#bi_mi_oi http://ex.org/variable#147	1
http://ex.org/variable#1 http://www.ibm.com/timex#oi http://ex.org/variable#148	1
http://ex.org/variable#1 http://www.ibm.com/timex#bi http://ex.org/variable#149	1
http://ex.org/variable#1 http://www.ibm.com/timex#d http://ex.org/variable#150	1
http://ex.org/variable#1 http://www.ibm.com/timex#oi_d_f http://ex.org/variable#151	1
http://ex.org/variable#1 http://www.ibm.com/timex#bi http://ex.org/variable#152	1
http://ex.org/variable#1 http://www.ibm.com/timex#d_f http://ex.org/variable#153	1
http://ex.org/variable#1 http://www.ibm.com/timex#bi http://ex.org/variable#154	1
http://ex.org/variable#1 http://www.ibm.com/timex#oi http://ex.org/variable#155	1
http://ex.org/variable#1 http://www.ibm.com/timex#oi http://ex.org/variable#156	1
http://ex.org/variable#1 http://www.ibm.com/timex#bi http://ex.org/variable#157	1
http://ex.org/variable#1 http://www.ibm.com/timex#bi http://ex.org/variable#158	1
http://ex.org/variable#1 http://www.ibm.com/timex#d http://ex.org/variable#159	1
http://ex.org/variable#1 http://www.ibm.com/timex#oi http://ex.org/variable#160	1
http://ex.org/variable#1 http://www.ibm.com/timex#bi http://ex.org/variable#161	1
http://ex.org/variable#1 http://www.ibm.com/timex#bi http://ex.org/variable#162	1
http://ex.org/variable#1 http://www.ibm.com/timex#oi http://ex.org/variable#163	1
http://ex.org/variable#1 http://www.ibm.com/timex#oi http://ex.org/variable#164	1
http://ex.org/variable#1 http://www.ibm.com/timex#bi http://ex.org/variable#165	1
http://ex.org/variable#1 http://www.ibm.com/timex#bi http://ex.org/variable#166	1
http://ex.org/variable#1 http://www.ibm.com/timex#bi http://ex.org/variable#167	1
http://ex.org/variable#1 http://www.ibm.com/timex#oi http://ex.org/variable#168	1
http://ex.org/variable#1 http://www.ibm.com/timex#oi http://ex.org/variable#169	1
http://ex.org/variable#1 http://www.ibm.com/timex#oi http://ex.org/variable#170	1
http://ex.org/variable#1 http://www.ibm.com/timex#bi http://ex.org/variable#171	1
http://ex.org/variable#1 http://www.ibm.com/timex#bi http://ex.org/variable#172	1
http://ex.org/variable#1 http://www.ibm.com/timex#di http://ex.org/variable#173	1
http://ex.org/variable#1 http://www.ibm.com/timex#oi http://ex.org/variable#174	1
http://ex.org/variable#1 http://www.ibm.com/timex#oi http://ex.org/variable#175	1
http://ex.org/variable#1 http://www.ibm.com/timex#d http://ex.org/variable#176	1
http://ex.org/variable#1 http://www.ibm.com/timex#oi http://ex.org/variable#177	1
http://ex.org/variable#1 http://www.ibm.com/timex#d http://ex.org/variable#178	1
http://ex.org/variable#1 http://www.ibm.com/timex#oi http://ex.org/variable#179	1
http://ex.org/variable#1 http://www.ibm.com/timex#bi http://ex.org/variable#180	1
http://ex.org/variable#1 http://www.ibm.com/timex#bi http://ex.org/variable#181	1
http://ex.org/variable#1 http://www.ibm.com/timex#bi http://ex.org/variable#182	1
http://ex.org/variable#1 http://www.ibm.com/timex#oi http://ex.org/variable#183	1
http://ex.org/variable#1 http://www.ibm.com/timex#bi http://ex.org/variable#184	1
http://ex.org/variable#1 http://www.ibm.com/timex#oi http://ex.org/variable#185	1
http://ex.org/variable#1 http://www.ibm.com/timex#oi http://ex.org/variable#186	1
http://ex.org/variable#1 http://www.ibm.com/timex#oi http://ex.org/variable#187	1
http://ex.org/variable#1 http://www.ibm.com/timex#bi_mi_oi http://ex.org/variable#188	1
http://ex.org/variable#1 http://www.ibm.com/timex#bi http://ex.org/variable#189	1
http://ex.org/variable#2 http://www.ibm.com/timex#o http://ex.org/variable#0	1
http://ex.org/variable#2 http://www.ibm.com/timex#o http://ex.org/variable#1	1
http://ex.org/variable#2 http://www.ibm.com/timex#di http://ex.org/variable#3	1
http://ex.org/variable#2 http://www.ibm.com/timex#o http://ex.org/variable#4	1
http://ex.org/variable#2 http://www.ibm.com/timex#oi http://ex.org/variable#5	1
http://ex.org/variable#2 http://www.ibm.com/timex#di http://ex.org/variable#6	1
http://ex.org/variable#2 http://www.ibm.com/timex#o http://ex.org/variable#7	1
http://ex.org/variable#2 http://www.ibm.com/timex#mi_oi http://ex.org/variable#8	1
http://ex.org/variable#2 http://www.ibm.com/timex#o http://ex.org/variable#9	1
http://ex.org/variable#2 http://www.ibm.com/timex#di http://ex.org/variable#10	1
http://ex.org/variable#2 http://www.ibm.com/timex#oi http://ex.org/variable#11	1
http://ex.org/variable#2 http://www.ibm.com/timex#d http://ex.org/variable#12	1
http://ex.org/variable#2 http://www.ibm.com/timex#oi http://ex.org/variable#13	1
http://ex.org/variable#2 http://www.ibm.com/timex#di http://ex.org/variable#14	1
http://ex.org/variable#2 http://www.ibm.com/timex#oi http://ex.org/variable#15	1
http://ex.org/variable#2 http://www.ibm.com/timex#oi http://ex.org/variable#16	1
http://ex.org/variable#2 http://www.ibm.com/timex#di http://ex.org/variable#17	1
http://ex.org/variable#2 http://www.ibm.com/timex#oi http://ex.org/variable#18	1
http://ex.org/variable#2 http://www.ibm.com/timex#oi http://ex.org/variable#19	1
http://ex.org/variable#2 http://www.ibm.com/timex#d http://ex.org/variable#20	1
http://ex.org/variable#2 http://www.ibm.com/timex#di http://ex.org/variable#21	1
http://ex.org/variable#2 http://www.ibm.com/timex#d http://ex.org/variable#22	1
http://ex.org/variable#2 http://www.ibm.com/timex#oi http://ex.org/variable#23	1
http://ex.org/variable#2 http://www.ibm.com/timex#d http://ex.org/variable#24	1
http://ex.org/variable#2 http://www.ibm.com/timex#bi http://ex.org/variable#25	1
http://ex.org/variable#2 http://www.ibm.com/timex#di http://ex.org/variable#26	1
http://ex.org/variable#2 http://www.ibm.com/timex#oi http://ex.org/variable#27	1
http://ex.org/variable#2 http://www.ibm.com/timex#di http://ex.org/variable#28	1
http://ex.org/variable#2 http://www.ibm.com/timex#di http://ex.org/variable#29	1
http://ex.org/variable#2 http://www.ibm.com/timex#di http://ex.org/variable#30	1
http://ex.org/variable#2 http://www.ibm.com/timex#oi http://ex.org/variable#31	1
http://ex.org/variable#2 http://www.ibm.com/timex#oi http://ex.org/variable#32	1
http://ex.org/variable#2 http://www.ibm.com/timex#o http://ex.org/variable#33	1
http://ex.org/variable#2 http://www.ibm.com/timex#oi http://ex.org/variable#34	1
http://ex.org/variable#2 http://www.ibm.com/timex#di http://ex.org/variable#35	1
http://ex.org/variable#2 http://www.ibm.com/timex#oi http://ex.org/variable#36	1
http://ex.org/variable#2 http://www.ibm.com/timex#oi http://ex.org/variable#37	1
http://ex.org/variable#2 http://www.ibm.com/timex#oi http://ex.org/variable#38	1
http://ex.org/variable#2 http://www.ibm.com/timex#di http://ex.org/variable#39	1
http://ex.org/variable#2 http://www.ibm.com/timex#oi http://ex.org/variable#40	1
http://ex.org/variable#2 http://www.ibm.com/timex#oi http://ex.org/variable#41	1
http://ex.org/variable#2 http://www.ibm.com/timex#o http://ex.org/variable#42	1
http://ex.org/variable#2 http://www.ibm.com/timex#oi http://ex.org/variable#43	1
http://ex.org/variable#2 http://www.ibm.com/timex#oi http://ex.org/variable#44	1
http://ex.org/variable#2 http://www.ibm.com/timex#o http://ex.org/variable#45	1
http://ex.org/variable#2 http://www.ibm.com/timex#oi http://ex.org/variable#46	1
http://ex.org/variable#2 http://www.ibm.com/timex#oi http://ex.org/variable#47	1
http://ex.org/variable#2 http://www.ibm.com/timex#di http://ex.org/variable#48	1
http://ex.org/variable#2 http://www.ibm.com/timex#oi http://ex.org/variable#49	1
http://ex.org/variable#2 http://www.ibm.com/timex#o http://ex.org/variable#50	1
http://ex.org/variable#2 http://www.ibm.com/timex#di http://ex.org/variable#51	1
http://ex.org/variable#2 http://www.ibm.com/timex#oi http://ex.org/variable#52	1
http://ex.org/variable#2 http://www.ibm.com/timex#oi http://ex.org/variable#53	1
http://ex.org/variable#2 http://www.ibm.com/timex#oi http://ex.org/variable#54	1
http://ex.org/variable#2 http://www.ibm.com/timex#di http://ex.org/variable#55	1
http://ex.org/variable#2 http://www.ibm.com/timex#di http://ex.org/variable#56	1
http://ex.org/variable#2 http://www.ibm.com/timex#oi http://ex.org/variable#57	1
http://ex.org/variable#2 http://www.ibm.com/timex#oi http://ex.org/variable#58	1
http://ex.org/variable#2 http://www.ibm.com/timex#d http://ex.org/variable#59	1
http://ex.org/variable#2 http://www.ibm.com/timex#d http://ex.org/variable#60	1
http://ex.org/variable#2 http://www.ibm.com/timex#d http://ex.org/variable#61	1
http://ex.org/variable#2 http://www.ibm.com/timex#o http://ex.org/variable#62	1
http://ex.org/variable#2 http://www.ibm.com/timex#oi http://ex.org/variable#63	1
http://ex.org/variable#2 http://www.ibm.com/timex#oi http://ex.org/variable#64	1
http://ex.org/variable#2 http://www.ibm.com/timex#bi http://ex.org/variable#65	1
http://ex.org/variable#2 http://www.ibm.com/timex#oi http://ex.org/variable#66	1
http://ex.org/variable#2 http://www.ibm.com/timex#d http://ex.org/variable#67	1
http://ex.org/variable#2 http://www.ibm.com/timex#di_fi http://ex.org/variable#68	1
http://ex.org/variable#2 http://www.ibm.com/timex#di http://ex.org/variable#69	1
http://ex.org/variable#2 http://www.ibm.com/timex#d http://ex.org/variable#70	1
http://ex.org/variable#2 http://www.ibm.com/timex#oi http://ex.org/variable#71	1
http://ex.org/variable#2 http://www.ibm.com/timex#di http://ex.org/variable#72	1
http://ex.org/variable#2 http://www.ibm.com/timex#oi http://ex.org/variable#73	1
http://ex.org/variable#2 http://www.ibm.com/timex#oi_d_f http://ex.org/variable#74	1
http://ex.org/variable#2 http://www.ibm.com/timex#oi http://ex.org/variable#75	1
http://ex.org/variable#2 http://www.ibm.com/timex#oi http://ex.org/variable#76	1
http://ex.org/variable#2 http://www.ibm.com/timex#d http://ex.org/variable#77	1
http://ex.org/variable#2 http://www.ibm.com/timex#di http://ex.org/variable#78	1
http://ex.org/variable#2 http://www.ibm.com/timex#oi http://ex.org/variable#79	1
http://ex.org/variable#2 http://www.ibm.com/timex#d http://ex.org/variable#80	1
http://ex.org/variable#2 http://www.ibm.com/timex#oi http://ex.org/variable#81	1
http://ex.org/variable#2 http://www.ibm.com/timex#oi http://ex.org/variable#82	1
http://ex.org/variable#2 http://www.ibm.com/timex#oi http://ex.org/variable#83	1
http://ex.org/variable#2 http://www.ibm.com/timex#di http://ex.org/variable#84	1
http://ex.org/variable#2 http://www.ibm.com/timex#di http://ex.org/variable#85	1
http://ex.org/variable#2 http://www.ibm.com/timex#d http://ex.org/variable#86	1
http://ex.org/variable#2 http://www.ibm.com/timex#fi http://ex.org/variable#87	1
http://ex.org/variable#2 http://www.ibm.com/timex#di http://ex.org/variable#88	1
http://ex.org/variable#2 http://www.ibm.com/timex#o http://ex.org/variable#89	1
http://ex.org/variable#2 http://www.ibm.com/timex#di http://ex.org/variable#90	1
http://ex.org/variable#2 http://www.ibm.com/timex#d http://ex.org/variable#91	1
http://ex.org/variable#2 http://www.ibm.com/timex#o http://ex.org/variable#92	1
http://ex.org/variable#2 http://www.ibm.com/timex#oi http://ex.org/variable#93	1
http://ex.org/variable#2 http://www.ibm.com/timex#oi http://ex.org/variable#94	1
http://ex.org/variable#2 http://www.ibm.com/timex#di http://ex.org/variable#95	1
http://ex.org/variable#2 http://www.ibm.com/timex#bi_mi http://ex.org/variable#96	1
http://ex.org/variable#2 http://www.ibm.com/timex#di http://ex.org/variable#97	1
http://ex.org/variable#2 http://www.ibm.com/timex#di_fi http://ex.org/variable#98	1
http://ex.org/variable#2 http://www.ibm.com/timex#di http://ex.org/variable#99	1
http://ex.org/variable#2 http://www.ibm.com/timex#oi http://ex.org/variable#100	1
http://ex.org/variable#2 http://www.ibm.com/timex#di http://ex.org/variable#101	1
http://ex.org/variable#2 http://www.ibm.com/timex#di http://ex.org/variable#102	1
http://ex.org/variable#2 http://www.ibm.com/timex#oi http://ex.org/variable#103	1
http://ex.org/variable#2 http://www.ibm.com/timex#di http://ex.org/variable#104	1
http://ex.org/variable#2 http://www.ibm.com/timex#oi http://ex.org/variable#105	1
http://ex.org/variable#2 http://www.ibm.com/timex#d http://ex.org/variable#106	1
http://ex.org/variable#2 http://www.ibm.com/timex#di http://ex.org/variable#107	1
http://ex.org/variable#2 http://www.ibm.com/timex#di http://ex.org/variable#108	1
http://ex.org/variable#2 http://www.ibm.com/timex#di http://ex.org/variable#109	1
http://ex.org/variable#2 http://www.ibm.com/timex#oi_d_f http://ex.org/variable#110	1
http://ex.org/variable#2 http://www.ibm.com/timex#di http://ex.org/variable#111	1
http://ex.org/variable#2 http://www.ibm.com/timex#oi http://ex.org/variable#112	1
http://ex.org/variable#2 http://www.ibm.com/timex#di http://ex.org/variable#113	1
http://ex.org/variable#2 http://www.ibm.com/timex#oi http://ex.org/variable#114	1
http://ex.org/variable#2 http://www.ibm.com/timex#di http://ex.org/variable#115	1
http://ex.org/variable#2 http://www.ibm.com/timex#di http://ex.org/variable#116	1
http://ex.org/variable#2 http://www.ibm.com/timex#oi http://ex.org/variable#117	1
http://ex.org/variable#2 http://www.ibm.com/timex#oi http://ex.org/variable#118	1
http://ex.org/variable#2 http://www.ibm.com/timex#oi http://ex.org/variable#119	1
http://ex.org/variable#2 http://www.ibm.com/timex#oi http://ex.org/variable#120	1
http://ex.org/variable#2 http://www.ibm.com/timex#di http://ex.org/variable#121	1
http://ex.org/variable#2 http://www.ibm.com/timex#oi http://ex.org/variable#122	1
http://ex.org/variable#2 http://www.ibm.com/timex#o http://ex.org/variable#123	1
http://ex.org/variable#2 http://www.ibm.com/timex#oi http://ex.org/variable#124	1
http://ex.org/variable#2 http://www.ibm.com/timex#oi http://ex.org/variable#125	1
http://ex.org/variable#2 http://www.ibm.com/timex#di http://ex.org/variable#126	1
http://ex.org/variable#2 http://www.ibm.com/timex#di http://ex.org/variable#127	1
http://ex.org/variable#2 http://www.ibm.com/timex#o http://ex.org/variable#128	1
http://ex.org/variable#2 http://www.ibm.com/timex#oi http://ex.org/variable#129	1
http://ex.org/variable#2 http://www.ibm.com/timex#di http://ex.org/variable#130	1
http://ex.org/variable#2 http://www.ibm.com/timex#o http://ex.org/variable#131	1
http://ex.org/variable#2 http://www.ibm.com/timex#oi http://ex.org/variable#132	1
http://ex.org/variable#2 http://www.ibm.com/timex#o http://ex.org/variable#133	1
http://ex.org/variable#2 http://www.ibm.com/timex#oi http://ex.org/variable#134	1
http://ex.org/variable#2 http://www.ibm.com/timex#d http://ex.org/variable#135	1
http://ex.org/variable#2 http://www.ibm.com/timex#d http://ex.org/variable#136	1
http://ex.org/variable#2 http://www.ibm.com/timex#di http://ex.org/variable#137	1
http://ex.org/variable#2 http://www.ibm.com/timex#o_di_fi http://ex.org/variable#138	1
http://ex.org/variable#2 http://www.ibm.com/timex#di http://ex.org/variable#139	1
http://ex.org/variable#2 http://www.ibm.com/timex#di http://ex.org/variable#140	1
http://ex.org/variable#2 http://www.ibm.com/timex#d http://ex.org/variable#141	1
http://ex.org/variable#2 http://www.ibm.com/timex#oi http://ex.org/variable#142	1
http://ex.org/variable#2 http://www.ibm.com/timex#d http://ex.org/variable#143	1
http://ex.org/variable#2 http://www.ibm.com/timex#o http://ex.org/variable#144	1
http://ex.org/variable#2 http://www.ibm.com/timex#di http://ex.org/variable#145	1
http://ex.org/variable#2 http://www.ibm.com/timex#o http://ex.org/variable#146	1
http://ex.org/variable#2 http://www.ibm.com/timex#oi http://ex.org/variable#147	1
http://ex.org/variable#2 http://www.ibm.com/timex#di http://ex.org/variable#148	1
http://ex.org/variable#2 http://www.ibm.com/timex#oi http://ex.org/variable#149	1
http://ex.org/variable#2 http://www.ibm.com/timex#o http://ex.org/variable#150	1
http://ex.org/variable#2 http://www.ibm.com/timex#o http://ex.org/variable#151	1
http://ex.org/variable#2 http://www.ibm.com/timex#bi http://ex.org/variable#152	1
http://ex.org/variable#2 http://www.ibm.com/timex#d http://ex.org/variable#153	1
http://ex.org/variable#2 http://www.ibm.com/timex#di http://ex.org/variable#154	1
http://ex.org/variable#2 http://www.ibm.com/timex#oi http://ex.org/variable#155	1
http://ex.org/variable#2 http://www.ibm.com/timex#oi http://ex.org/variable#156	1
http://ex.org/variable#2 http://www.ibm.com/timex#bi http://ex.org/variable#157	1
http://ex.org/variable#2 http://www.ibm.com/timex#oi http://ex.org/variable#158	1
http://ex.org/variable#2 http://www.ibm.com/timex#o http://ex.org/variable#159	1
http://ex.org/variable#2 http://www.ibm.com/timex#di http://ex.org/variable#160	1
http://ex.org/variable#2 http://www.ibm.com/timex#di http://ex.org/variable#161	1
http://ex.org/variable#2 http://www.ibm.com/timex#oi http://ex.org/variable#162	1
http://ex.org/variable#2 http://www.ibm.com/timex#di http://ex.org/variable#163	1
http://ex.org/variable#2 http://www.ibm.com/timex#di http://ex.org/variable#164	1
http://ex.org/variable#2 http://www.ibm.com/timex#di http://ex.org/variable#165	1
http://ex.org/variable#2 http://www.ibm.com/timex#oi http://ex.org/variable#166	1
http://ex.org/variable#2 http://www.ibm.com/timex#oi http://ex.org/variable#167	1
http://ex.org/variable#2 http://www.ibm.com/timex#di http://ex.org/variable#168	1
http://ex.org/variable#2 http://www.ibm.com/timex#oi http://ex.org/variable#169	1
http://ex.org/variable#2 http://www.ibm.com/timex#o_di http://ex.org/variable#170	1
http://ex.org/variable#2 http://www.ibm.com/timex#oi http://ex.org/variable#171	1
http://ex.org/variable#2 http://www.ibm.com/timex#bi http://ex.org/variable#172	1
http://ex.org/variable#2 http://www.ibm.com/timex#di http://ex.org/variable#173	1
http://ex.org/variable#2 http://www.ibm.com/timex#di http://ex.org/variable#174	1
http://ex.org/variable#2 http://www.ibm.com/timex#oi http://ex.org/variable#175	1
http://ex.org/variable#2 http://www.ibm.com/timex#o http://ex.org/variable#176	1
http://ex.org/variable#2 http://www.ibm.com/timex#di http://ex.org/variable#177	1
http://ex.org/variable#2 http://www.ibm.com/timex#o http://ex.org/variable#178	1
http://ex.org/variable#2 http://www.ibm.com/timex#di http://ex.org/variable#179	1
http://ex.org/variable#2 http://www.ibm.com/timex#bi http://ex.org/variable#180	1
http://ex.org/variable#2 http://www.ibm.com/timex#oi http://ex.org/variable#181	1
http://ex.org/variable#2 http://www.ibm.com/timex#di http://ex.org/variable#182	1
http://ex.org/variable#2 http://www.ibm.com/timex#di http://ex.org/variable#183	1
http://ex.org/variable#2 http://www.ibm.com/timex#oi http://ex.org/variable#184	1
http://ex.org/variable#2 http://www.ibm.com/timex#di http://ex.org/variable#185	1
http://ex.org/variable#2 http://www.ibm.com/timex#di http://ex.org/variable#186	1
http://ex.org/variable#2 http://www.ibm.com/timex#oi http://ex.org/variable#187	1
http://ex.org/variable#2 http://www.ibm.com/timex#di http://ex.org/variable#188	1
http://ex.org/variable#2 http://www.ibm.com/timex#di http://ex.org/variable#189	1
http://ex.org/variable#3 http://www.ibm.com/timex#d http://ex.org/variable#0	1
http://ex.org/variable#3 http://www.ibm.com/timex#o http://ex.org/variable#1	1
http://ex.org/variable#3 http://www.ibm.com/timex#d http://ex.org/variable#2	1
http://ex.org/variable#3 http://www.ibm.com/timex#d http://ex.org/variable#4	1
http://ex.org/variable#3 http://www.ibm.com/timex#oi http://ex.org/variable#5	1
http://ex.org/variable#3 http://www.ibm.com/timex#o http://ex.org/variable#6	1
http://ex.org/variable#3 http://www.ibm.com/timex#d http://ex.org/variable#7	1
http://ex.org/variable#3 http://www.ibm.com/timex#bi http://ex.org/variable#8	1
http://ex.org/variable#3 http://www.ibm.com/timex#o http://ex.org/variable#9	1
http://ex.org/variable#3 http://www.ibm.com/timex#d http://ex.org/variable#10	1
http://ex.org/variable#3 http://www.ibm.com/timex#d http://ex.org/variable#11	1
http://ex.org/variable#3 http://www.ibm.com/timex#d http://ex.org/variable#12	1
http://ex.org/variable#3 http://www.ibm.com/timex#oi http://ex.org/variable#13	1
http://ex.org/variable#3 http://www.ibm.com/timex#di http://ex.org/variable#14	1
http://ex.org/variable#3 http://www.ibm.com/timex#oi http://ex.org/variable#15	1
http://ex.org/variable#3 http://www.ibm.com/timex#oi http://ex.org/variable#16	1
http://ex.org/variable#3 http://www.ibm.com/timex#m_o http://ex.org/variable#17	1
http://ex.org/variable#3 http://www.ibm.com/timex#d http://ex.org/variable#18	1
http://ex.org/variable#3 http://www.ibm.com/timex#oi http://ex.org/variable#19	1
http://ex.org/variable#3 http://www.ibm.com/timex#d http://ex.org/variable#20	1
http://ex.org/variable#3 http://www.ibm.com/timex#o http://ex.org/variable#21	1
http://ex.org/variable#3 http://www.ibm.com/timex#d http://ex.org/variable#22	1
http://ex.org/variable#3 http://www.ibm.com/timex#bi http://ex.org/variable#23	1
http://ex.org/variable#3 http://www.ibm.com/timex#d http://ex.org/variable#24	1
http://ex.org/variable#3 http://www.ibm.com/timex#bi http://ex.org/variable#25	1
http://ex.org/variable#3 http://www.ibm.com/timex#o http://ex.org/variable#26	1
http://ex.org/variable#3 http://www.ibm.com/timex#oi http://ex.org/variable#27	1
http://ex.org/variable#3 http://www.ibm.com/timex#o http://ex.org/variable#28	1
http://ex.org/variable#3 http://www.ibm.com/timex#d http://ex.org/variable#29	1
http://ex.org/variable#3 http://www.ibm.com/timex#di http://ex.org/variable#30	1
http://ex.org/variable#3 http://www.ibm.com/timex#oi http://ex.org/variable#31	1
http://ex.org/variable#3 http://www.ibm.com/timex#bi http://ex.org/variable#32	1
http://ex.org/variable#3 http://www.ibm.com/timex#o http://ex.org/variable#33	1
http://ex.org/variable#3 http://www.ibm.com/timex#d_f http://ex.org/variable#34	1
http://ex.org/variable#3 http://www.ibm.com/timex#oi http://ex.org/variable#35	1
http://ex.org/variable#3 http://www.ibm.com/timex#oi http://ex.org/variable#36	1
http://ex.org/variable#3 http://www.ibm.com/timex#bi_mi_oi http://ex.org/variable#37	1
http://ex.org/variable#3 http://www.ibm.com/timex#oi http://ex.org/variable#38	1
http://ex.org/variable#3 http://www.ibm.com/timex#di http://ex.org/variable#39	1
http://ex.org/variable#3 http://www.ibm.com/timex#oi http://ex.org/variable#40	1
http://ex.org/variable#3 http://www.ibm.com/timex#d http://ex.org/variable#41	1
http://ex.org/variable#3 http://www.ibm.com/timex#d http://ex.org/variable#42	1
http://ex.org/variable#3 http://www.ibm.com/timex#d_f http://ex.org/variable#43	1
http://ex.org/variable#3 http://www.ibm.com/timex#d http://ex.org/variable#44	1
http://ex.org/variable#3 http://www.ibm.com/timex#d http://ex.org/variable#45	1
http://ex.org/variable#3 http://www.ibm.com/timex#oi http://ex.org/variable#46	1
http://ex.org/variable#3 http://www.ibm.com/timex#oi http://ex.org/variable#47	1
http://ex.org/variable#3 http://www.ibm.com/timex#o http://ex.org/variable#48	1
http://ex.org/variable#3 http://www.ibm.com/timex#oi http://ex.org/variable#49	1
http://ex.org/variable#3 http://www.ibm.com/timex#d http://ex.org/variable#50	1
http://ex.org/variable#3 http://www.ibm.com/timex#o http://ex.org/variable#51	1
http://ex.org/variable#3 http://www.ibm.com/timex#d http://ex.org/variable#52	1
http://ex.org/variable#3 http://www.ibm.com/timex#d http://ex.org/variable#53	1
http://ex.org/variable#3 http://www.ibm.com/timex#d http://ex.org/variable#54	1
http://ex.org/variable#3 http://www.ibm.com/timex#oi_f http://ex.org/variable#55	1
http://ex.org/variable#3 http://www.ibm.com/timex#oi http://ex.org/variable#56	1
http://ex.org/variable#3 http://www.ibm.com/timex#oi http://ex.org/variable#57	1
http://ex.org/variable#3 http://www.ibm.com/timex#oi http://ex.org/variable#58	1
http://ex.org/variable#3 http://www.ibm.com/timex#d http://ex.org/variable#59	1
http://ex.org/variable#3 http://www.ibm.com/timex#d http://ex.org/variable#60	1
http://ex.org/variable#3 http://www.ibm.com/timex#d http://ex.org/variable#61	1
http://ex.org/variable#3 http://www.ibm.com/timex#d http://ex.org/variable#62	1
http://ex.org/variable#3 http://www.ibm.com/timex#d http://ex.org/variable#63	1
http://ex.org/variable#3 http://www.ibm.com/timex#d http://ex.org/variable#64	1
http://ex.org/variable#3 http://www.ibm.com/timex#bi http://ex.org/variable#65	1
http://ex.org/variable#3 http://www.ibm.com/timex#bi http://ex.org/variable#66	1
http://ex.org/variable#3 http://www.ibm.com/timex#d http://ex.org/variable#67	1
http://ex.org/variable#3 http://www.ibm.com/timex#d http://ex.org/variable#68	1
http://ex.org/variable#3 http://www.ibm.com/timex#oi http://ex.org/variable#69	1
http://ex.org/variable#3 http://www.ibm.com/timex#d http://ex.org/variable#70	1
http://ex.org/variable#3 http://www.ibm.com/timex#oi http://ex.org/variable#71	1
http://ex.org/variable#3 http://www.ibm.com/timex#d http://ex.org/variable#72	1
http://ex.org/variable#3 http://www.ibm.com/timex#oi http://ex.org/variable#73	1
http://ex.org/variable#3 http://www.ibm.com/timex#d http://ex.org/variable#74	1
http://ex.org/variable#3 http://www.ibm.com/timex#oi http://ex.org/variable#75	1
http://ex.org/variable#3 http://www.ibm.com/timex#d http://ex.org/variable#76	1
http://ex.org/variable#3 http://www.ibm.com/timex#d http://ex.org/variable#77	1
http://ex.org/variable#3 http://www.ibm.com/timex#oi http://ex.org/variable#78	1
http://ex.org/variable#3 http://www.ibm.com/timex#oi http://ex.org/variable#79	1
http://ex.org/variable#3 http://www.ibm.com/timex#d http://ex.org/variable#80	1
http://ex.org/variable#3 http://www.ibm.com/timex#oi http://ex.org/variable#81	1
http://ex.org/variable#3 http://www.ibm.com/timex#oi http://ex.org/variable#82	1
http://ex.org/variable#3 http://www.ibm.com/timex#d http://ex.org/variable#83	1
http://ex.org/variable#3 http://www.ibm.com/timex#o http://ex.org/variable#84	1
http://ex.org/variable#3 http://www.ibm.com/timex#o http://ex.org/variable#85	1
http://ex.org/variable#3 http://www.ibm.com/timex#d http://ex.org/variable#86	1
http://ex.org/variable#3 http://www.ibm.com/timex#o http://ex.org/variable#87	1
http://ex.org/variable#3 http://www.ibm.com/timex#b http://ex.org/variable#88	1
http://ex.org/variable#3 http://www.ibm.com/timex#d http://ex.org/variable#89	1
http://ex.org/variable#3 http://www.ibm.com/timex#oi_d_f http://ex.org/variable#90	1
http://ex.org/variable#3 http://www.ibm.com/timex#d http://ex.org/variable#91	1
http://ex.org/variable#3 http://www.ibm.com/timex#o http://ex.org/variable#92	1
http://ex.org/variable#3 http://www.ibm.com/timex#d http://ex.org/variable#93	1
http://ex.org/variable#3 http://www.ibm.com/timex#oi http://ex.org/variable#94	1
http://ex.org/variable#3 http://www.ibm.com/timex#di http://ex.org/variable#95	1
http://ex.org/variable#3 http://www.ibm.com/timex#bi http://ex.org/variable#96	1
http://ex.org/variable#3 http://www.ibm.com/timex#d http://ex.org/variable#97	1
http://ex.org/variable#3 http://www.ibm.com/timex#o http://ex.org/variable#98	1
http://ex.org/variable#3 http://www.ibm.com/timex#o http://ex.org/variable#99	1
http://ex.org/variable#3 http://www.ibm.com/timex#bi http://ex.org/variable#100	1
http://ex.org/variable#3 http://www.ibm.com/timex#d http://ex.org/variable#101	1
http://ex.org/variable#3 http://www.ibm.com/timex#di http://ex.org/variable#102	1
http://ex.org/variable#3 http://www.ibm.com/timex#f http://ex.org/variable#103	1
http://ex.org/variable#3 http://www.ibm.com/timex#b http://ex.org/variable#104	1
http://ex.org/variable#3 http://www.ibm.com/timex#d http://ex.org/variable#105	1
http://ex.org/variable#3 http://www.ibm.com/timex#d http://ex.org/variable#106	1
http://ex.org/variable#3 http://www.ibm.com/timex#d http://ex.org/variable#107	1
http://ex.org/variable#3 http://www.ibm.com/timex#oi http://ex.org/variable#108	1
http://ex.org/variable#3 http://www.ibm.com/timex#di http://ex.org/variable#109	1
http://ex.org/variable#3 http://www.ibm.com/timex#d http://ex.org/variable#110	1
http://ex.org/variable#3 http://www.ibm.com/timex#oi http://ex.org/variable#111	1
http://ex.org/variable#3 http://www.ibm.com/timex#oi_d_f http://ex.org/variable#112	1
http://ex.org/variable#3 http://www.ibm.com/timex#di http://ex.org/variable#113	1
http://ex.org/variable#3 http://www.ibm.com/timex#d http://ex.org/variable#114	1
http://ex.org/variable#3 http://www.ibm.com/timex#b http://ex.org/variable#115	1
http://ex.org/variable#3 http://www.ibm.com/timex#di http://ex.org/variable#116	1
http://ex.org/variable#3 http://www.ibm.com/timex#oi http://ex.org/variable#117	1
http://ex.org/variable#3 http://www.ibm.com/timex#oi http://ex.org/variable#118	1
http://ex.org/variable#3 http://www.ibm.com/timex#d http://ex.org/variable#119	1
http://ex.org/variable#3 http://www.ibm.com/timex#oi http://ex.org/variable#120	1
http://ex.org/variable#3 http://www.ibm.com/timex#b http://ex.org/variable#121	1
http://ex.org/variable#3 http://www.ibm.com/timex#d http://ex.org/variable#122	1
http://ex.org/variable#3 http://www.ibm.com/timex#d http://ex.org/variable#123	1
http://ex.org/variable#3 http://www.ibm.com/timex#oi http://ex.org/variable#124	1
http://ex.org/variable#3 http://www.ibm.com/timex#oi http://ex.org/variable#125	1
http://ex.org/variable#3 http://www.ibm.com/timex#o http://ex.org/variable#126	1
http://ex.org/variable#3 http://www.ibm.com/timex#o http://ex.org/variable#127	1
http://ex.org/variable#3 http://www.ibm.com/timex#d http://ex.org/variable#128	1
http://ex.org/variable#3 http://www.ibm.com/timex#oi http://ex.org/variable#129	1
http://ex.org/variable#3 http://www.ibm.com/timex#oi http://ex.org/variable#130	1
http://ex.org/variable#3 http://www.ibm.com/timex#b http://ex.org/variable#131	1
http://ex.org/variable#3 http://www.ibm.com/timex#d http://ex.org/variable#132	1
http://ex.org/variable#3 http://www.ibm.com/timex#d http://ex.org/variable#133	1
http://ex.org/variable#3 http://www.ibm.com/timex#oi http://ex.org/variable#134	1
http://ex.org/variable#3 http://www.ibm.com/timex#d http://ex.org/variable#135	1
http://ex.org/variable#3 http://www.ibm.com/timex#d http://ex.org/variable#136	1
http://ex.org/variable#3 http://www.ibm.com/timex#oi http://ex.org/variable#137	1
http://ex.org/variable#3 http://www.ibm.com/timex#o http://ex.org/variable#138	1
http://ex.org/variable#3 http://www.ibm.com/timex#oi http://ex.org/variable#139	1
http://ex.org/variable#3 http://www.ibm.com/timex#oi http://ex.org/variable#140	1
http://ex.org/variable#3 http://www.ibm.com/timex#d http://ex.org/variable#141	1
http://ex.org/variable#3 http://www.ibm.com/timex#oi http://ex.org/variable#142	1
http://ex.org/variable#3 http://www.ibm.com/timex#d http://ex.org/variable#143	1
http://ex.org/variable#3 http://www.ibm.com/timex#d http://ex.org/variable#144	1
http://ex.org/variable#3 http://www.ibm.com/timex#o http://ex.org/variable#145	1
http://ex.org/variable#3 http://www.ibm.com/timex#d http://ex.org/variable#146	1
http://ex.org/variable#3 http://www.ibm.com/timex#oi http://ex.org/variable#147	1
http://ex.org/variable#3 http://www.ibm.com/timex#d http://ex.org/variable#148	1
http://ex.org/variable#3 http://www.ibm.com/timex#bi_mi_oi http://ex.org/variable#149	1
http://ex.org/variable#3 http://www.ibm.com/timex#o http://ex.org/variable#150	1
http://ex.org/variable#3 http://www.ibm.com/timex#d http://ex.org/variable#151	1
http://ex.org/variable#3 http://www.ibm.com/timex#bi http://ex.org/variable#152	1
http://ex.org/variable#3 http://www.ibm.com/timex#d http://ex.org/variable#153	1
http://ex.org/variable#3 http://www.ibm.com/timex#oi http://ex.org/variable#154	1
http://ex.org/variable#3 http://www.ibm.com/timex#oi http://ex.org/variable#155	1
http://ex.org/variable#3 http://www.ibm.com/timex#d http://ex.org/variable#156	1
http://ex.org/variable#3 http://www.ibm.com/timex#bi http://ex.org/variable#157	1
http://ex.org/variable#3 http://www.ibm.com/timex#oi http://ex.org/variable#158	1
http://ex.org/variable#3 http://www.ibm.com/timex#d http://ex.org/variable#159	1
http://ex.org/variable#3 http://www.ibm.com/timex#d http://ex.org/variable#160	1
http://ex.org/variable#3 http://www.ibm.com/timex#oi http://ex.org/variable#161	1
http://ex.org/variable#3 http://www.ibm.com/timex#oi http://ex.org/variable#162	1
http://ex.org/variable#3 http://www.ibm.com/timex#o http://ex.org/variable#163	1
http://ex.org/variable#3 http://www.ibm.com/timex#d http://ex.org/variable#164	1
http://ex.org/variable#3 http://www.ibm.com/timex#oi http://ex.org/variable#165	1
http://ex.org/variable#3 http://www.ibm.com/timex#oi http://ex.org/variable#166	1
http://ex.org/variable#3 http://www.ibm.com/timex#oi http://ex.org/variable#167	1
http://ex.org/variable#3 http://www.ibm.com/timex#o http://ex.org/variable#168	1
http://ex.org/variable#3 http://www.ibm.com/timex#d http://ex.org/variable#169	1
http://ex.org/variable#3 http://www.ibm.com/timex#o http://ex.org/variable#170	1
http://ex.org/variable#3 http://www.ibm.com/timex#oi http://ex.org/variable#171	1
http://ex.org/variable#3 http://www.ibm.com/timex#bi http://ex.org/variable#172	1
http://ex.org/variable#3 http://www.ibm.com/timex#b http://ex.org/variable#173	1
http://ex.org/variable#3 http://www.ibm.com/timex#o http://ex.org/variable#174	1
http://ex.org/variable#3 http://www.ibm.com/timex#oi http://ex.org/variable#175	1
http://ex.org/variable#3 http://www.ibm.com/timex#d http://ex.org/variable#176	1
http://ex.org/variable#3 http://www.ibm.com/timex#d http://ex.org/variable#177	1
http://ex.org/variable#3 http://www.ibm.com/timex#d http://ex.org/variable#178	1
http://ex.org/variable#3 http://www.ibm.com/timex#d http://ex.org/variable#179	1
http://ex.org/variable#3 http://www.ibm.com/timex#bi http://ex.org/variable#180	1
http://ex.org/variable#3 http://www.ibm.com/timex#bi http://ex.org/variable#181	1
http://ex.org/variable#3 http://www.ibm.com/timex#oi http://ex.org/variable#182	1
http://ex.org/variable#3 http://www.ibm.com/timex#o http://ex.org/variable#183	1
http://ex.org/variable#3 http://www.ibm.com/timex#oi http://ex.org/variable#184	1
http://ex.org/variable#3 http://www.ibm.com/timex#d http://ex.org/variable#185	1
http://ex.org/variable#3 http://www.ibm.com/timex#o http://ex.org/variable#186	1
http://ex.org/variable#3 http://www.ibm.com/timex#d http://ex.org/variable#187	1
http://ex.org/variable#3 http://www.ibm.com/timex#o_di_fi http://ex.org/variable#188	1
http://ex.org/variable#3 http://www.ibm.com/timex#oi http://ex.org/variable#189	1
http://ex.org/variable#4 http://www.ibm.com/timex#oi http://ex.org/variable#0	1
http://ex.org/variable#4 http://www.ibm.com/timex#di http://ex.org/variable#1	1
http://ex.org/variable#4 http://www.ibm.com/timex#oi http://ex.org/variable#2	1
http://ex.org/variable#4 http://www.ibm.com/timex#di http://ex.org/variable#3	1
http://ex.org/variable#4 http://www.ibm.com/timex#oi http://ex.org/variable#5	1
http://ex.org/variable#4 http://www.ibm.com/timex#di http://ex.org/variable#6	1
http://ex.org/variable#4 http://www.ibm.com/timex#oi http://ex.org/variable#7	1
http://ex.org/variable#4 http://www.ibm.com/timex#bi http://ex.org/variable#8	1
http://ex.org/variable#4 http://www.ibm.com/timex#o http://ex.org/variable#9	1
http://ex.org/variable#4 http://www.ibm.com/timex#di http://ex.org/variable#10	1
http://ex.org/variable#4 http://www.ibm.com/timex#oi http://ex.org/variable#11	1
http://ex.org/variable#4 http://www.ibm.com/timex#oi http://ex.org/variable#12	1
http://ex.org/variable#4 http://www.ibm.com/timex#oi http://ex.org/variable#13	1
http://ex.org/variable#4 http://www.ibm.com/timex#di http://ex.org/variable#14	1
http://ex.org/variable#4 http://www.ibm.com/timex#oi http://ex.org/variable#15	1
http://ex.org/variable#4 http://www.ibm.com/timex#oi http://ex.org/variable#16	1
http://ex.org/variable#4 http://www.ibm.com/timex#di http://ex.org/variable#17	1
http://ex.org/variable#4 http://www.ibm.com/timex#oi http://ex.org/variable#18	1
http://ex.org/variable#4 http://www.ibm.com/timex#oi http://ex.org/variable#19	1
http://ex.org/variable#4 http://www.ibm.com/timex#d http://ex.org/variable#20	1
http://ex.org/variable#4 http://www.ibm.com/timex#di http://ex.org/variable#21	1
http://ex.org/variable#4 http://www.ibm.com/timex#oi_d_f http://ex.org/variable#22	1
http://ex.org/variable#4 http://www.ibm.com/timex#oi http://ex.org/variable#23	1
http://ex.org/variable#4 http://www.ibm.com/timex#oi http://ex.org/variable#24	1
http://ex.org/variable#4 http://www.ibm.com/timex#bi http://ex.org/variable#25	1
http://ex.org/variable#4 http://www.ibm.com/timex#di http://ex.org/variable#26	1
http://ex.org/variable#4 http://www.ibm.com/timex#oi http://ex.org/variable#27	1
http://ex.org/variable#4 http://www.ibm.com/timex#di http://ex.org/variable#28	1
http://ex.org/variable#4 http://www.ibm.com/timex#oi http://ex.org/variable#29	1
http://ex.org/variable#4 http://www.ibm.com/timex#di http://ex.org/variable#30	1
http://ex.org/variable#4 http://www.ibm.com/timex#oi http://ex.org/variable#31	1
http://ex.org/variable#4 http://www.ibm.com/timex#oi http://ex.org/variable#32	1
http://ex.org/variable#4 http://www.ibm.com/timex#o_di_fi http://ex.org/variable#33	1
http://ex.org/variable#4 http://www.ibm.com/timex#oi http://ex.org/variable#34	1
http://ex.org/variable#4 http://www.ibm.com/timex#di http://ex.org/variable#35	1
http://ex.org/variable#4 http://www.ibm.com/timex#oi http://ex.org/variable#36	1
http://ex.org/variable#4 http://www.ibm.com/timex#oi http://ex.org/variable#37	1
http://ex.org/variable#4 http://www.ibm.com/timex#oi http://ex.org/variable#38	1
http://ex.org/variable#4 http://www.ibm.com/timex#di http://ex.org/variable#39	1
http://ex.org/variable#4 http://www.ibm.com/timex#oi http://ex.org/variable#40	1
http://ex.org/variable#4 http://www.ibm.com/timex#oi http://ex.org/variable#41	1
http://ex.org/variable#4 http://www.ibm.com/timex#oi http://ex.org/variable#42	1
http://ex.org/variable#4 http://www.ibm.com/timex#oi http://ex.org/variable#43	1
http://ex.org/variable#4 http://www.ibm.com/timex#oi http://ex.org/variable#44	1
http://ex.org/variable#4 http://www.ibm.com/timex#o http://ex.org/variable#45	1
http://ex.org/variable#4 http://www.ibm.com/timex#oi http://ex.org/variable#46	1
http://ex.org/variable#4 http://www.ibm.com/timex#oi http://ex.org/variable#47	1
http://ex.org/variable#4 http://www.ibm.com/timex#di http://ex.org/variable#48	1
http://ex.org/variable#4 http://www.ibm.com/timex#oi http://ex.org/variable#49	1
http://ex.org/variable#4 http://www.ibm.com/timex#di http://ex.org/variable#50	1
http://ex.org/variable#4 http://www.ibm.com/timex#di http://ex.org/variable#51	1
http://ex.org/variable#4 http://www.ibm.com/timex#oi http://ex.org/variable#52	1
http://ex.org/variable#4 http://www.ibm.com/timex#oi http://ex.org/variable#53	1
http://ex.org/variable#4 http://www.ibm.com/timex#oi http://ex.org/variable#54	1
http://ex.org/variable#4 http://www.ibm.com/timex#di_si http://ex.org/variable#55	1
http://ex.org/variable#4 http://www.ibm.com/timex#oi http://ex.org/variable#56	1
http://ex.org/variable#4 http://www.ibm.com/timex#oi http://ex.org/variable#57	1
http://ex.org/variable#4 http://www.ibm.com/timex#oi http://ex.org/variable#58	1
http://ex.org/variable#4 http://www.ibm.com/timex#d http://ex.org/variable#59	1
http://ex.org/variable#4 http://www.ibm.com/timex#oi http://ex.org/variable#60	1
http://ex.org/variable#4 http://www.ibm.com/timex#oi http://ex.org/variable#61	1
http://ex.org/variable#4 http://www.ibm.com/timex#oi http://ex.org/variable#62	1
http://ex.org/variable#4 http://www.ibm.com/timex#oi http://ex.org/variable#63	1
http://ex.org/variable#4 http://www.ibm.com/timex#oi http://ex.org/variable#64	1
http://ex.org/variable#4 http://www.ibm.com/timex#bi http://ex.org/variable#65	1
http://ex.org/variable#4 http://www.ibm.com/timex#oi http://ex.org/variable#66	1
http://ex.org/variable#4 http://www.ibm.com/timex#oi_d_f http://ex.org/variable#67	1
http://ex.org/variable#4 http://www.ibm.com/timex#oi http://ex.org/variable#68	1
http://ex.org/variable#4 http://www.ibm.com/timex#oi http://ex.org/variable#69	1
http://ex.org/variable#4 http://www.ibm.com/timex#d http://ex.org/variable#70	1
http://ex.org/variable#4 http://www.ibm.com/timex#oi http://ex.org/variable#71	1
http://ex.org/variable#4 http://www.ibm.com/timex#di http://ex.org/variable#72	1
http://ex.org/variable#4 http://www.ibm.com/timex#oi http://ex.org/variable#73	1
http://ex.org/variable#4 http://www.ibm.com/timex#oi http://ex.org/variable#74	1
http://ex.org/variable#4 http://www.ibm.com/timex#oi http://ex.org/variable#75	1
http://ex.org/variable#4 http://www.ibm.com/timex#oi http://ex.org/variable#76	1
http://ex.org/variable#4 http://www.ibm.com/timex#oi_d_f http://ex.org/variable#77	1
http://ex.org/variable#4 http://www.ibm.com/timex#oi http://ex.org/variable#78	1
http://ex.org/variable#4 http://www.ibm.com/timex#oi http://ex.org/variable#79	1
http://ex.org/variable#4 http://www.ibm.com/timex#oi http://ex.org/variable#80	1
http://ex.org/variable#4 http://www.ibm.com/timex#oi http://ex.org/variable#81	1
http://ex.org/variable#4 http://www.ibm.com/timex#oi http://ex.org/variable#82	1
http://ex.org/variable#4 http://www.ibm.com/timex#oi http://ex.org/variable#83	1
http://ex.org/variable#4 http://www.ibm.com/timex#di http://ex.org/variable#84	1
http://ex.org/variable#4 http://www.ibm.com/timex#di http://ex.org/variable#85	1
http://ex.org/variable#4 http://www.ibm.com/timex#oi_d_f http://ex.org/variable#86	1
http://ex.org/variable#4 http://www.ibm.com/timex#di http://ex.org/variable#87	1
http://ex.org/variable#4 http://www.ibm.com/timex#di http://ex.org/variable#88	1
http://ex.org/variable#4 http://www.ibm.com/timex#oi http://ex.org/variable#89	1
http://ex.org/variable#4 http://www.ibm.com/timex#oi http://ex.org/variable#90	1
http://ex.org/variable#4 http://www.ibm.com/timex#oi http://ex.org/variable#91	1
http://ex.org/variable#4 http://www.ibm.com/timex#o http://ex.org/variable#92	1
http://ex.org/variable#4 http://www.ibm.com/timex#oi http://ex.org/variable#93	1
http://ex.org/variable#4 http://www.ibm.com/timex#oi http://ex.org/variable#94	1
http://ex.org/variable#4 http://www.ibm.com/timex#di http://ex.org/variable#95	1
http://ex.org/variable#4 http://www.ibm.com/timex#bi http://ex.org/variable#96	1
http://ex.org/variable#4 http://www.ibm.com/timex#oi http://ex.org/variable#97	1
http://ex.org/variable#4 http://www.ibm.com/timex#di http://ex.org/variable#98	1
http://ex.org/variable#4 http://www.ibm.com/timex#di http://ex.org/variable#99	1
http://ex.org/variable#4 http://www.ibm.com/timex#bi http://ex.org/variable#100	1
http://ex.org/variable#4 http://www.ibm.com/timex#oi http://ex.org/variable#101	1
http://ex.org/variable#4 http://www.ibm.com/timex#di http://ex.org/variable#102	1
http://ex.org/variable#4 http://www.ibm.com/timex#oi http://ex.org/variable#103	1
http://ex.org/variable#4 http://www.ibm.com/timex#di http://ex.org/variable#104	1
http://ex.org/variable#4 http://www.ibm.com/timex#oi http://ex.org/variable#105	1
http://ex.org/variable#4 http://www.ibm.com/timex#oi http://ex.org/variable#106	1
http://ex.org/variable#4 http://www.ibm.com/timex#oi http://ex.org/variable#107	1
http://ex.org/variable#4 http://www.ibm.com/timex#di http://ex.org/variable#108	1
http://ex.org/variable#4 http://www.ibm.com/timex#di http://ex.org/variable#109	1
http://ex.org/variable#4 http://www.ibm.com/timex#oi http://ex.org/variable#110	1
http://ex.org/variable#4 http://www.ibm.com/timex#oi http://ex.org/variable#111	1
http://ex.org/variable#4 http://www.ibm.com/timex#oi http://ex.org/variable#112	1
http://ex.org/variable#4 http://www.ibm.com/timex#di http://ex.org/variable#113	1
http://ex.org/variable#4 http://www.ibm.com/timex#oi http://ex.org/variable#114	1
http://ex.org/variable#4 http://www.ibm.com/timex#di http://ex.org/variable#115	1
http://ex.org/variable#4 http://www.ibm.com/timex#di http://ex.org/variable#116	1
http://ex.org/variable#4 http://www.ibm.com/timex#oi http://ex.org/variable#117	1
http://ex.org/variable#4 http://www.ibm.com/timex#oi http://ex.org/variable#118	1
http://ex.org/variable#4 http://www.ibm.com/timex#oi http://ex.org/variable#119	1
http://ex.org/variable#4 http://www.ibm.com/timex#oi http://ex.org/variable#120	1
http://ex.org/variable#4 http://www.ibm.com/timex#di http://ex.org/variable#121	1
http://ex.org/variable#4 http://www.ibm.com/timex#oi http://ex.org/variable#122	1
http://ex.org/variable#4 http://www.ibm.com/timex#di http://ex.org/variable#123	1
http://ex.org/variable#4 http://www.ibm.com/timex#oi http://ex.org/variable#124	1
http://ex.org/variable#4 http://www.ibm.com/timex#oi http://ex.org/variable#125	1
http://ex.org/variable#4 http://www.ibm.com/timex#di http://ex.org/variable#126	1
http://ex.org/variable#4 http://www.ibm.com/timex#di http://ex.org/variable#127	1
http://ex.org/variable#4 http://www.ibm.com/timex#oi http://ex.org/variable#128	1
http://ex.org/variable#4 http://www.ibm.com/timex#oi http://ex.org/variable#129	1
http://ex.org/variable#4 http://www.ibm.com/timex#oi http://ex.org/variable#130	1
http://ex.org/variable#4 http://www.ibm.com/timex#di http://ex.org/variable#131	1
http://ex.org/variable#4 http://www.ibm.com/timex#oi http://ex.org/variable#132	1
http://ex.org/variable#4 http://www.ibm.com/timex#o http://ex.org/variable#133	1
http://ex.org/variable#4 http://www.ibm.com/timex#oi http://ex.org/variable#134	1
http://ex.org/variable#4 http://www.ibm.com/timex#oi http://ex.org/variable#135	1
http://ex.org/variable#4 http://www.ibm.com/timex#oi http://ex.org/variable#136	1
http://ex.org/variable#4 http://www.ibm.com/timex#di http://ex.org/variable#137	1
http://ex.org/variable#4 http://www.ibm.com/timex#di http://ex.org/variable#138	1
http://ex.org/variable#4 http://www.ibm.com/timex#oi http://ex.org/variable#139	1
http://ex.org/variable#4 http://www.ibm.com/timex#oi http://ex.org/variable#140	1
http://ex.org/variable#4 http://www.ibm.com/timex#oi_d_f http://ex.org/variable#141	1
http://ex.org/variable#4 http://www.ibm.com/timex#oi http://ex.org/variable#142	1
http://ex.org/variable#4 http://www.ibm.com/timex#oi http://ex.org/variable#143	1
http://ex.org/variable#4 http://www.ibm.com/timex#oi http://ex.org/variable#144	1
http://ex.org/variable#4 http://www.ibm.com/timex#di http://ex.org/variable#145	1
http://ex.org/variable#4 http://www.ibm.com/timex#s http://ex.org/variable#146	1
http://ex.org/variable#4 http://www.ibm.com/timex#oi http://ex.org/variable#147	1
http://ex.org/variable#4 http://www.ibm.com/timex#oi http://ex.org/variable#148	1
http://ex.org/variable#4 http://www.ibm.com/timex#bi_mi_oi http://ex.org/variable#149	1
http://ex.org/variable#4 http://www.ibm.com/timex#o http://ex.org/variable#150	1
http://ex.org/variable#4 http://www.ibm.com/timex#oi http://ex.org/variable#151	1
http://ex.org/variable#4 http://www.ibm.com/timex#bi http://ex.org/variable#152	1
http://ex.org/variable#4 http://www.ibm.com/timex#oi http://ex.org/variable#153	1
http://ex.org/variable#4 http://www.ibm.com/timex#di http://ex.org/variable#154	1
http://ex.org/variable#4 http://www.ibm.com/timex#oi http://ex.org/variable#155	1
http://ex.org/variable#4 http://www.ibm.com/timex#oi http://ex.org/variable#156	1
http://ex.org/variable#4 http://www.ibm.com/timex#bi http://ex.org/variable#157	1
http://ex.org/variable#4 http://www.ibm.com/timex#oi http://ex.org/variable#158	1
http://ex.org/variable#4 http://www.ibm.com/timex#di http://ex.org/variable#159	1
http://ex.org/variable#4 http://www.ibm.com/timex#oi http://ex.org/variable#160	1
http://ex.org/variable#4 http://www.ibm.com/timex#di http://ex.org/variable#161	1
http://ex.org/variable#4 http://www.ibm.com/timex#oi http://ex.org/variable#162	1
http://ex.org/variable#4 http://www.ibm.com/timex#di http://ex.org/variable#163	1
http://ex.org/variable#4 http://www.ibm.com/timex#oi_di_si http://ex.org/variable#164	1
http://ex.org/variable#4 http://www.ibm.com/timex#oi http://ex.org/variable#165	1
http://ex.org/variable#4 http://www.ibm.com/timex#oi http://ex.org/variable#166	1
http://ex.org/variable#4 http://www.ibm.com/timex#oi http://ex.org/variable#167	1
http://ex.org/variable#4 http://www.ibm.com/timex#di http://ex.org/variable#168	1
http://ex.org/variable#4 http://www.ibm.com/timex#oi http://ex.org/variable#169	1
http://ex.org/variable#4 http://www.ibm.com/timex#di http://ex.org/variable#170	1
http://ex.org/variable#4 http://www.ibm.com/timex#oi http://ex.org/variable#171	1
http://ex.org/variable#4 http://www.ibm.com/timex#bi http://ex.org/variable#172	1
http://ex.org/variable#4 http://www.ibm.com/timex#di http://ex.org/variable#173	1
http://ex.org/variable#4 http://www.ibm.com/timex#di http://ex.org/variable#174	1
http://ex.org/variable#4 http://www.ibm.com/timex#oi http://ex.org/variable#175	1
http://ex.org/variable#4 http://www.ibm.com/timex#di http://ex.org/variable#176	1
http://ex.org/variable#4 http://www.ibm.com/timex#oi http://ex.org/variable#177	1
http://ex.org/variable#4 http://www.ibm.com/timex#d http://ex.org/variable#178	1
http://ex.org/variable#4 http://www.ibm.com/timex#di http://ex.org/variable#179	1
http://ex.org/variable#4 http://www.ibm.com/timex#bi http://ex.org/variable#180	1
http://ex.org/variable#4 http://www.ibm.com/timex#bi http://ex.org/variable#181	1
http://ex.org/variable#4 http://www.ibm.com/timex#di http://ex.org/variable#182	1
http://ex.org/variable#4 http://www.ibm.com/timex#di http://ex.org/variable#183	1
http://ex.org/variable#4 http://www.ibm.com/timex#oi http://ex.org/variable#184	1
http://ex.org/variable#4 http://www.ibm.com/timex#oi http://ex.org/variable#185	1
http://ex.org/variable#4 http://www.ibm.com/timex#di http://ex.org/variable#186	1
http://ex.org/variable#4 http://www.ibm.com/timex#oi http://ex.org/variable#187	1
http://ex.org/variable#4 http://www.ibm.com/timex#di http://ex.org/variable#188	1
http://ex.org/variable#4 http://www.ibm.com/timex#di http://ex.org/variable#189	1
http://ex.org/variable#5 http://www.ibm.com/timex#o http://ex.org/variable#0	1
http://ex.org/variable#5 http://www.ibm.com/timex#b http://ex.org/variable#1	1
http://ex.org/variable#5 http://www.ibm.com/timex#o http://ex.org/variable#2	1
http://ex.org/variable#5 http://www.ibm.com/timex#o http://ex.org/variable#3	1
http://ex.org/variable#5 http://www.ibm.com/timex#o http://ex.org/variable#4	1
http://ex.org/variable#5 http://www.ibm.com/timex#b_m http://ex.org/variable#6	1
http://ex.org/variable#5 http://www.ibm.com/timex#o http://ex.org/variable#7	1
http://ex.org/variable#5 http://www.ibm.com/timex#oi http://ex.org/variable#8	1
http://ex.org/variable#5 http://www.ibm.com/timex#b_m_o http://ex.org/variable#9	1
http://ex.org/variable#5 http://www.ibm.com/timex#o http://ex.org/variable#10	1
http://ex.org/variable#5 http://www.ibm.com/timex#d http://ex.org/variable#11	1
http://ex.org/variable#5 http://www.ibm.com/timex#d http://ex.org/variable#12	1
http://ex.org/variable#5 http://www.ibm.com/timex#oi_d_f http://ex.org/variable#13	1
http://ex.org/variable#5 http://www.ibm.com/timex#b_m_o http://ex.org/variable#14	1
http://ex.org/variable#5 http://www.ibm.com/timex#d http://ex.org/variable#15	1
http://ex.org/variable#5 http://www.ibm.com/timex#d http://ex.org/variable#16	1
http://ex.org/variable#5 http://www.ibm.com/timex#b http://ex.org/variable#17	1
http://ex.org/variable#5 http://www.ibm.com/timex#d http://ex.org/variable#18	1
http://ex.org/variable#5 http://www.ibm.com/timex#oi http://ex.org/variable#19	1
http://ex.org/variable#5 http://www.ibm.com/timex#d http://ex.org/variable#20	1
http://ex.org/variable#5 http://www.ibm.com/timex#b http://ex.org/variable#21	1
http://ex.org/variable#5 http://www.ibm.com/timex#d http://ex.org/variable#22	1
http://ex.org/variable#5 http://www.ibm.com/timex#oi http://ex.org/variable#23	1
http://ex.org/variable#5 http://www.ibm.com/timex#d http://ex.org/variable#24	1
http://ex.org/variable#5 http://www.ibm.com/timex#bi_mi_oi http://ex.org/variable#25	1
http://ex.org/variable#5 http://www.ibm.com/timex#b http://ex.org/variable#26	1
http://ex.org/variable#5 http://www.ibm.com/timex#oi http://ex.org/variable#27	1
http://ex.org/variable#5 http://www.ibm.com/timex#o http://ex.org/variable#28	1
http://ex.org/variable#5 http://www.ibm.com/timex#o http://ex.org/variable#29	1
http://ex.org/variable#5 http://www.ibm.com/timex#o_di http://ex.org/variable#30	1
http://ex.org/variable#5 http://www.ibm.com/timex#oi_d http://ex.org/variable#31	1
http://ex.org/variable#5 http://www.ibm.com/timex#oi http://ex.org/variable#32	1
http://ex.org/variable#5 http://www.ibm.com/timex#b http://ex.org/variable#33	1
http://ex.org/variable#5 http://www.ibm.com/timex#d http://ex.org/variable#34	1
http://ex.org/variable#5 http://www.ibm.com/timex#di http://ex.org/variable#35	1
http://ex.org/variable#5 http://www.ibm.com/timex#oi http://ex.org/variable#36	1
http://ex.org/variable#5 http://www.ibm.com/timex#oi http://ex.org/variable#37	1
http://ex.org/variable#5 http://www.ibm.com/timex#d http://ex.org/variable#38	1
http://ex.org/variable#5 http://www.ibm.com/timex#b http://ex.org/variable#39	1
http://ex.org/variable#5 http://www.ibm.com/timex#d http://ex.org/variable#40	1
http://ex.org/variable#5 http://www.ibm.com/timex#d http://ex.org/variable#41	1
http://ex.org/variable#5 http://www.ibm.com/timex#o http://ex.org/variable#42	1
http://ex.org/variable#5 http://www.ibm.com/timex#d http://ex.org/variable#43	1
http://ex.org/variable#5 http://www.ibm.com/timex#d http://ex.org/variable#44	1
http://ex.org/variable#5 http://www.ibm.com/timex#o http://ex.org/variable#45	1
http://ex.org/variable#5 http://www.ibm.com/timex#d http://ex.org/variable#46	1
http://ex.org/variable#5 http://www.ibm.com/timex#d http://ex.org/variable#47	1
http://ex.org/variable#5 http://www.ibm.com/timex#b http://ex.org/variable#48	1
http://ex.org/variable#5 http://www.ibm.com/timex#oi http://ex.org/variable#49	1
http://ex.org/variable#5 http://www.ibm.com/timex#o http://ex.org/variable#50	1
http://ex.org/variable#5 http://www.ibm.com/timex#b http://ex.org/variable#51	1
http://ex.org/variable#5 http://www.ibm.com/timex#d http://ex.org/variable#52	1
http://ex.org/variable#5 http://www.ibm.com/timex#d http://ex.org/variable#53	1
http://ex.org/variable#5 http://www.ibm.com/timex#d http://ex.org/variable#54	1
http://ex.org/variable#5 http://www.ibm.com/timex#o http://ex.org/variable#55	1
http://ex.org/variable#5 http://www.ibm.com/timex#o_di_fi http://ex.org/variable#56	1
http://ex.org/variable#5 http://www.ibm.com/timex#d http://ex.org/variable#57	1
http://ex.org/variable#5 http://www.ibm.com/timex#d http://ex.org/variable#58	1
http://ex.org/variable#5 http://www.ibm.com/timex#d http://ex.org/variable#59	1
http://ex.org/variable#5 http://www.ibm.com/timex#d http://ex.org/variable#60	1
http://ex.org/variable#5 http://www.ibm.com/timex#d http://ex.org/variable#61	1
http://ex.org/variable#5 http://www.ibm.com/timex#o http://ex.org/variable#62	1
http://ex.org/variable#5 http://www.ibm.com/timex#d http://ex.org/variable#63	1
http://ex.org/variable#5 http://www.ibm.com/timex#d http://ex.org/variable#64	1
http://ex.org/variable#5 http://www.ibm.com/timex#bi_mi http://ex.org/variable#65	1
http://ex.org/variable#5 http://www.ibm.com/timex#oi http://ex.org/variable#66	1
http://ex.org/variable#5 http://www.ibm.com/timex#d http://ex.org/variable#67	1
http://ex.org/variable#5 http://www.ibm.com/timex#o http://ex.org/variable#68	1
http://ex.org/variable#5 http://www.ibm.com/timex#o http://ex.org/variable#69	1
http://ex.org/variable#5 http://www.ibm.com/timex#d http://ex.org/variable#70	1
http://ex.org/variable#5 http://www.ibm.com/timex#d http://ex.org/variable#71	1
http://ex.org/variable#5 http://www.ibm.com/timex#o http://ex.org/variable#72	1
http://ex.org/variable#5 http://www.ibm.com/timex#d http://ex.org/variable#73	1
http://ex.org/variable#5 http://www.ibm.com/timex#d http://ex.org/variable#74	1
http://ex.org/variable#5 http://www.ibm.com/timex#d http://ex.org/variable#75	1
http://ex.org/variable#5 http://www.ibm.com/timex#o http://ex.org/variable#76	1
http://ex.org/variable#5 http://www.ibm.com/timex#d http://ex.org/variable#77	1
http://ex.org/variable#5 http://www.ibm.com/timex#o http://ex.org/variable#78	1
http://ex.org/variable#5 http://www.ibm.com/timex#oi_d_f http://ex.org/variable#79	1
http://ex.org/variable#5 http://www.ibm.com/timex#d http://ex.org/variable#80	1
http://ex.org/variable#5 http://www.ibm.com/timex#d http://ex.org/variable#81	1
http://ex.org/variable#5 http://www.ibm.com/timex#oi_si http://ex.org/variable#82	1
http://ex.org/variable#5 http://www.ibm.com/timex#d http://ex.org/variable#83	1
http://ex.org/variable#5 http://www.ibm.com/timex#b_m_o http://ex.org/variable#84	1
http://ex.org/variable#5 http://www.ibm.com/timex#b http://ex.org/variable#85	1
http://ex.org/variable#5 http://www.ibm.com/timex#d http://ex.org/variable#86	1
http://ex.org/variable#5 http://www.ibm.com/timex#o http://ex.org/variable#87	1
http://ex.org/variable#5 http://www.ibm.com/timex#b http://ex.org/variable#88	1
http://ex.org/variable#5 http://www.ibm.com/timex#o http://ex.org/variable#89	1
http://ex.org/variable#5 http://www.ibm.com/timex#o http://ex.org/variable#90	1
http://ex.org/variable#5 http://www.ibm.com/timex#d http://ex.org/variable#91	1
http://ex.org/variable#5 http://www.ibm.com/timex#o http://ex.org/variable#92	1
http://ex.org/variable#5 http://www.ibm.com/timex#o http://ex.org/variable#93	1
http://ex.org/variable#5 http://www.ibm.com/timex#d http://ex.org/variable#94	1
http://ex.org/variable#5 http://www.ibm.com/timex#di http://ex.org/variable#95	1
http://ex.org/variable#5 http://www.ibm.com/timex#oi http://ex.org/variable#96	1
http://ex.org/variable#5 http://www.ibm.com/timex#o http://ex.org/variable#97	1
http://ex.org/variable#5 http://www.ibm.com/timex#b http://ex.org/variable#98	1
http://ex.org/variable#5 http://www.ibm.com/timex#b http://ex.org/variable#99	1
http://ex.org/variable#5 http://www.ibm.com/timex#oi http://ex.org/variable#100	1
http://ex.org/variable#5 http://www.ibm.com/timex#o http://ex.org/variable#101	1
http://ex.org/variable#5 http://www.ibm.com/timex#b http://ex.org/variable#102	1
http://ex.org/variable#5 http://www.ibm.com/timex#d http://ex.org/variable#103	1
http://ex.org/variable#5 http://www.ibm.com/timex#b http://ex.org/variable#104	1
http://ex.org/variable#5 http://www.ibm.com/timex#d http://ex.org/variable#105	1
http://ex.org/variable#5 http://www.ibm.com/timex#d http://ex.org/variable#106	1
http://ex.org/variable#5 http://www.ibm.com/timex#o http://ex.org/variable#107	1
http://ex.org/variable#5 http://www.ibm.com/timex#o_di_fi http://ex.org/variable#108	1
http://ex.org/variable#5 http://www.ibm.com/timex#b http://ex.org/variable#109	1
http://ex.org/variable#5 http://www.ibm.com/timex#d http://ex.org/variable#110	1
http://ex.org/variable#5 http://www.ibm.com/timex#o http://ex.org/variable#111	1
http://ex.org/variable#5 http://www.ibm.com/timex#d http://ex.org/variable#112	1
http://ex.org/variable#5 http://www.ibm.com/timex#b_m_o_di_fi http://ex.org/variable#113	1
http://ex.org/variable#5 http://www.ibm.com/timex#d http://ex.org/variable#114	1
http://ex.org/variable#5 http://www.ibm.com/timex#b http://ex.org/variable#115	1
http://ex.org/variable#5 http://www.ibm.com/timex#b_m http://ex.org/variable#116	1
http://ex.org/variable#5 http://www.ibm.com/timex#oi_d http://ex.org/variable#117	1
http://ex.org/variable#5 http://www.ibm.com/timex#d http://ex.org/variable#118	1
http://ex.org/variable#5 http://www.ibm.com/timex#d http://ex.org/variable#119	1
http://ex.org/variable#5 http://www.ibm.com/timex#oi_d_f http://ex.org/variable#120	1
http://ex.org/variable#5 http://www.ibm.com/timex#b http://ex.org/variable#121	1
http://ex.org/variable#5 http://www.ibm.com/timex#d http://ex.org/variable#122	1
http://ex.org/variable#5 http://www.ibm.com/timex#o http://ex.org/variable#123	1
http://ex.org/variable#5 http://www.ibm.com/timex#oi_d http://ex.org/variable#124	1
http://ex.org/variable#5 http://www.ibm.com/timex#d_f http://ex.org/variable#125	1
http://ex.org/variable#5 http://www.ibm.com/timex#o http://ex.org/variable#126	1
http://ex.org/variable#5 http://www.ibm.com/timex#b http://ex.org/variable#127	1
http://ex.org/variable#5 http://www.ibm.com/timex#o http://ex.org/variable#128	1
http://ex.org/variable#5 http://www.ibm.com/timex#oi_d_f http://ex.org/variable#129	1
http://ex.org/variable#5 http://www.ibm.com/timex#o_di_fi http://ex.org/variable#130	1
http://ex.org/variable#5 http://www.ibm.com/timex#b http://ex.org/variable#131	1
http://ex.org/variable#5 http://www.ibm.com/timex#d http://ex.org/variable#132	1
http://ex.org/variable#5 http://www.ibm.com/timex#o http://ex.org/variable#133	1
http://ex.org/variable#5 http://www.ibm.com/timex#d_f http://ex.org/variable#134	1
http://ex.org/variable#5 http://www.ibm.com/timex#d http://ex.org/variable#135	1
http://ex.org/variable#5 http://www.ibm.com/timex#d http://ex.org/variable#136	1
http://ex.org/variable#5 http://www.ibm.com/timex#o_fi http://ex.org/variable#137	1
http://ex.org/variable#5 http://www.ibm.com/timex#b http://ex.org/variable#138	1
http://ex.org/variable#5 http://www.ibm.com/timex#o_di_fi http://ex.org/variable#139	1
http://ex.org/variable#5 http://www.ibm.com/timex#o_di_fi http://ex.org/variable#140	1
http://ex.org/variable#5 http://www.ibm.com/timex#d http://ex.org/variable#141	1
http://ex.org/variable#5 http://www.ibm.com/timex#d http://ex.org/variable#142	1
http://ex.org/variable#5 http://www.ibm.com/timex#d http://ex.org/variable#143	1
http://ex.org/variable#5 http://www.ibm.com/timex#o http://ex.org/variable#144	1
http://ex.org/variable#5 http://www.ibm.com/timex#b http://ex.org/variable#145	1
http://ex.org/variable#5 http://www.ibm.com/timex#o http://ex.org/variable#146	1
http://ex.org/variable#5 http://www.ibm.com/timex#d http://ex.org/variable#147	1
http://ex.org/variable#5 http://www.ibm.com/timex#o http://ex.org/variable#148	1
http://ex.org/variable#5 http://www.ibm.com/timex#oi http://ex.org/variable#149	1
http://ex.org/variable#5 http://www.ibm.com/timex#b http://ex.org/variable#150	1
http://ex.org/variable#5 http://www.ibm.com/timex#o http://ex.org/variable#151	1
http://ex.org/variable#5 http://www.ibm.com/timex#oi http://ex.org/variable#152	1
http://ex.org/variable#5 http://www.ibm.com/timex#d http://ex.org/variable#153	1
http://ex.org/variable#5 http://www.ibm.com/timex#o_fi http://ex.org/variable#154	1
http://ex.org/variable#5 http://www.ibm.com/timex#d http://ex.org/variable#155	1
http://ex.org/variable#5 http://www.ibm.com/timex#d http://ex.org/variable#156	1
http://ex.org/variable#5 http://www.ibm.com/timex#bi http://ex.org/variable#157	1
http://ex.org/variable#5 http://www.ibm.com/timex#d http://ex.org/variable#158	1
http://ex.org/variable#5 http://www.ibm.com/timex#o http://ex.org/variable#159	1
http://ex.org/variable#5 http://www.ibm.com/timex#o http://ex.org/variable#160	1
http://ex.org/variable#5 http://www.ibm.com/timex#o_fi http://ex.org/variable#161	1
http://ex.org/variable#5 http://www.ibm.com/timex#oi_d_f http://ex.org/variable#162	1
http://ex.org/variable#5 http://www.ibm.com/timex#o http://ex.org/variable#163	1
http://ex.org/variable#5 http://www.ibm.com/timex#o http://ex.org/variable#164	1
http://ex.org/variable#5 http://www.ibm.com/timex#o_di_fi http://ex.org/variable#165	1
http://ex.org/variable#5 http://www.ibm.com/timex#d http://ex.org/variable#166	1
http://ex.org/variable#5 http://www.ibm.com/timex#d http://ex.org/variable#167	1
http://ex.org/variable#5 http://www.ibm.com/timex#o http://ex.org/variable#168	1
http://ex.org/variable#5 http://www.ibm.com/timex#d http://ex.org/variable#169	1
http://ex.org/variable#5 http://www.ibm.com/timex#b http://ex.org/variable#170	1
http://ex.org/variable#5 http://www.ibm.com/timex#d http://ex.org/variable#171	1
http://ex.org/variable#5 http://www.ibm.com/timex#bi http://ex.org/variable#172	1
http://ex.org/variable#5 http://www.ibm.com/timex#b http://ex.org/variable#173	1
http://ex.org/variable#5 http://www.ibm.com/timex#m_o http://ex.org/variable#174	1
http://ex.org/variable#5 http://www.ibm.com/timex#d http://ex.org/variable#175	1
http://ex.org/variable#5 http://www.ibm.com/timex#o http://ex.org/variable#176	1
http://ex.org/variable#5 http://www.ibm.com/timex#o http://ex.org/variable#177	1
http://ex.org/variable#5 http://www.ibm.com/timex#o http://ex.org/variable#178	1
http://ex.org/variable#5 http://www.ibm.com/timex#o http://ex.org/variable#179	1
http://ex.org/variable#5 http://www.ibm.com/timex#oi_si http://ex.org/variable#180	1
http://ex.org/variable#5 http://www.ibm.com/timex#oi http://ex.org/variable#181	1
http://ex.org/variable#5 http://www.ibm.com/timex#o_di_fi http://ex.org/variable#182	1
http://ex.org/variable#5 http://www.ibm.com/timex#b http://ex.org/variable#183	1
http://ex.org/variable#5 http://www.ibm.com/timex#d http://ex.org/variable#184	1
http://ex.org/variable#5 http://www.ibm.com/timex#o http://ex.org/variable#185	1
http://ex.org/variable#5 http://www.ibm.com/timex#o http://ex.org/variable#186	1
http://ex.org/variable#5 http://www.ibm.com/timex#d http://ex.org/variable#187	1
http://ex.org/variable#5 http://www.ibm.com/timex#o http://ex.org/variable#188	1
http://ex.org/variable#5 http://www.ibm.com/timex#o http://ex.org/variable#189	1
http://ex.org/variable#6 http://www.ibm.com/timex#d http://ex.org/variable#0	1
http://ex.org/variable#6 http://www.ibm.com/timex#o http://ex.org/variable#1	1
http://ex.org/variable#6 http://www.ibm.com/timex#d http://ex.org/variable#2	1
http://ex.org/variable#6 http://www.ibm.com/timex#oi http://ex.org/variable#3	1
http://ex.org/variable#6 http://www.ibm.com/timex#d http://ex.org/variable#4	1
http://ex.org/variable#6 http://www.ibm.com/timex#bi_mi http://ex.org/variable#5	1
http://ex.org/variable#6 http://www.ibm.com/timex#d http://ex.org/variable#7	1
http://ex.org/variable#6 http://www.ibm.com/timex#bi http://ex.org/variable#8	1
http://ex.org/variable#6 http://www.ibm.com/timex#d http://ex.org/variable#9	1
http://ex.org/variable#6 http://www.ibm.com/timex#d http://ex.org/variable#10	1
http://ex.org/variable#6 http://www.ibm.com/timex#d http://ex.org/variable#11	1
http://ex.org/variable#6 http://www.ibm.com/timex#d http://ex.org/variable#12	1
http://ex.org/variable#6 http://www.ibm.com/timex#bi http://ex.org/variable#13	1
http://ex.org/variable#6 http://www.ibm.com/timex#oi http://ex.org/variable#14	1
http://ex.org/variable#6 http://www.ibm.com/timex#oi http://ex.org/variable#15	1
http://ex.org/variable#6 http://www.ibm.com/timex#oi http://ex.org/variable#16	1
http://ex.org/variable#6 http://www.ibm.com/timex#di http://ex.org/variable#17	1
http://ex.org/variable#6 http://www.ibm.com/timex#oi http://ex.org/variable#18	1
http://ex.org/variable#6 http://www.ibm.com/timex#bi http://ex.org/variable#19	1
http://ex.org/variable#6 http://www.ibm.com/timex#d http://ex.org/variable#20	1
http://ex.org/variable#6 http://www.ibm.com/timex#o http://ex.org/variable#21	1
http://ex.org/variable#6 http://www.ibm.com/timex#d http://ex.org/variable#22	1
http://ex.org/variable#6 http://www.ibm.com/timex#bi http://ex.org/variable#23	1
http://ex.org/variable#6 http://www.ibm.com/timex#d http://ex.org/variable#24	1
http://ex.org/variable#6 http://www.ibm.com/timex#bi http://ex.org/variable#25	1
http://ex.org/variable#6 http://www.ibm.com/timex#di http://ex.org/variable#26	1
http://ex.org/variable#6 http://www.ibm.com/timex#bi http://ex.org/variable#27	1
http://ex.org/variable#6 http://www.ibm.com/timex#d http://ex.org/variable#28	1
http://ex.org/variable#6 http://www.ibm.com/timex#d http://ex.org/variable#29	1
http://ex.org/variable#6 http://www.ibm.com/timex#bi http://ex.org/variable#30	1
http://ex.org/variable#6 http://www.ibm.com/timex#bi http://ex.org/variable#31	1
http://ex.org/variable#6 http://www.ibm.com/timex#bi http://ex.org/variable#32	1
http://ex.org/variable#6 http://www.ibm.com/timex#o http://ex.org/variable#33	1
http://ex.org/variable#6 http://www.ibm.com/timex#oi http://ex.org/variable#34	1
http://ex.org/variable#6 http://www.ibm.com/timex#bi http://ex.org/variable#35	1
http://ex.org/variable#6 http://www.ibm.com/timex#bi http://ex.org/variable#36	1
http://ex.org/variable#6 http://www.ibm.com/timex#bi http://ex.org/variable#37	1
http://ex.org/variable#6 http://www.ibm.com/timex#oi http://ex.org/variable#38	1
http://ex.org/variable#6 http://www.ibm.com/timex#di http://ex.org/variable#39	1
http://ex.org/variable#6 http://www.ibm.com/timex#oi http://ex.org/variable#40	1
http://ex.org/variable#6 http://www.ibm.com/timex#d http://ex.org/variable#41	1
http://ex.org/variable#6 http://www.ibm.com/timex#d http://ex.org/variable#42	1
http://ex.org/variable#6 http://www.ibm.com/timex#oi http://ex.org/variable#43	1
http://ex.org/variable#6 http://www.ibm.com/timex#d http://ex.org/variable#44	1
http://ex.org/variable#6 http://www.ibm.com/timex#d http://ex.org/variable#45	1
http://ex.org/variable#6 http://www.ibm.com/timex#oi http://ex.org/variable#46	1
http://ex.org/variable#6 http://www.ibm.com/timex#oi http://ex.org/variable#47	1
http://ex.org/variable#6 http://www.ibm.com/timex#di http://ex.org/variable#48	1
http://ex.org/variable#6 http://www.ibm.com/timex#bi http://ex.org/variable#49	1
http://ex.org/variable#6 http://www.ibm.com/timex#d http://ex.org/variable#50	1
http://ex.org/variable#6 http://www.ibm.com/timex#di http://ex.org/variable#51	1
http://ex.org/variable#6 http://www.ibm.com/timex#oi http://ex.org/variable#52	1
http://ex.org/variable#6 http://www.ibm.com/timex#d http://ex.org/variable#53	1
http://ex.org/variable#6 http://www.ibm.com/timex#oi http://ex.org/variable#54	1
http://ex.org/variable#6 http://www.ibm.com/timex#oi http://ex.org/variable#55	1
http://ex.org/variable#6 http://www.ibm.com/timex#bi http://ex.org/variable#56	1
http://ex.org/variable#6 http://www.ibm.com/timex#oi http://ex.org/variable#57	1
http://ex.org/variable#6 http://www.ibm.com/timex#oi http://ex.org/variable#58	1
http://ex.org/variable#6 http://www.ibm.com/timex#d http://ex.org/variable#59	1
http://ex.org/variable#6 http://www.ibm.com/timex#d http://ex.org/variable#60	1
http://ex.org/variable#6 http://www.ibm.com/timex#d http://ex.org/variable#61	1
http://ex.org/variable#6 http://www.ibm.com/timex#d http://ex.org/variable#62	1
http://ex.org/variable#6 http://www.ibm.com/timex#oi http://ex.org/variable#63	1
http://ex.org/variable#6 http://www.ibm.com/timex#d http://ex.org/variable#64	1
http://ex.org/variable#6 http://www.ibm.com/timex#bi http://ex.org/variable#65	1
http://ex.org/variable#6 http://www.ibm.com/timex#bi http://ex.org/variable#66	1
http://ex.org/variable#6 http://www.ibm.com/timex#d http://ex.org/variable#67	1
http://ex.org/variable#6 http://www.ibm.com/timex#d http://ex.org/variable#68	1
http://ex.org/variable#6 http://www.ibm.com/timex#oi http://ex.org/variable#69	1
http://ex.org/variable#6 http://www.ibm.com/timex#d http://ex.org/variable#70	1
http://ex.org/variable#6 http://www.ibm.com/timex#oi http://ex.org/variable#71	1
http://ex.org/variable#6 http://www.ibm.com/timex#oi http://ex.org/variable#72	1
http://ex.org/variable#6 http://www.ibm.com/timex#oi http://ex.org/variable#73	1
http://ex.org/variable#6 http://www.ibm.com/timex#d http://ex.org/variable#74	1
http://ex.org/variable#6 http://www.ibm.com/timex#oi http://ex.org/variable#75	1
http://ex.org/variable#6 http://www.ibm.com/timex#d http://ex.org/variable#76	1
http://ex.org/variable#6 http://www.ibm.com/timex#d http://ex.org/variable#77	1
http://ex.org/variable#6 http://www.ibm.com/timex#oi http://ex.org/variable#78	1
http://ex.org/variable#6 http://www.ibm.com/timex#bi_oi http://ex.org/variable#79	1
http://ex.org/variable#6 http://www.ibm.com/timex#d http://ex.org/variable#80	1
http://ex.org/variable#6 http://www.ibm.com/timex#oi http://ex.org/variable#81	1
http://ex.org/variable#6 http://www.ibm.com/timex#bi http://ex.org/variable#82	1
http://ex.org/variable#6 http://www.ibm.com/timex#d http://ex.org/variable#83	1
http://ex.org/variable#6 http://www.ibm.com/timex#d http://ex.org/variable#84	1
http://ex.org/variable#6 http://www.ibm.com/timex#di http://ex.org/variable#85	1
http://ex.org/variable#6 http://www.ibm.com/timex#d http://ex.org/variable#86	1
http://ex.org/variable#6 http://www.ibm.com/timex#d http://ex.org/variable#87	1
http://ex.org/variable#6 http://www.ibm.com/timex#b http://ex.org/variable#88	1
http://ex.org/variable#6 http://www.ibm.com/timex#d http://ex.org/variable#89	1
http://ex.org/variable#6 http://www.ibm.com/timex#oi http://ex.org/variable#90	1
http://ex.org/variable#6 http://www.ibm.com/timex#d http://ex.org/variable#91	1
http://ex.org/variable#6 http://www.ibm.com/timex#d http://ex.org/variable#92	1
http://ex.org/variable#6 http://www.ibm.com/timex#d http://ex.org/variable#93	1
http://ex.org/variable#6 http://www.ibm.com/timex#oi http://ex.org/variable#94	1
http://ex.org/variable#6 http://www.ibm.com/timex#bi http://ex.org/variable#95	1
http://ex.org/variable#6 http://www.ibm.com/timex#bi http://ex.org/variable#96	1
http://ex.org/variable#6 http://www.ibm.com/timex#d http://ex.org/variable#97	1
http://ex.org/variable#6 http://www.ibm.com/timex#o http://ex.org/variable#98	1
http://ex.org/variable#6 http://www.ibm.com/timex#o http://ex.org/variable#99	1
http://ex.org/variable#6 http://www.ibm.com/timex#bi http://ex.org/variable#100	1
http://ex.org/variable#6 http://www.ibm.com/timex#d http://ex.org/variable#101	1
http://ex.org/variable#6 http://www.ibm.com/timex#di http://ex.org/variable#102	1
http://ex.org/variable#6 http://www.ibm.com/timex#oi http://ex.org/variable#103	1
http://ex.org/variable#6 http://www.ibm.com/timex#b http://ex.org/variable#104	1
http://ex.org/variable#6 http://www.ibm.com/timex#d http://ex.org/variable#105	1
http://ex.org/variable#6 http://www.ibm.com/timex#d http://ex.org/variable#106	1
http://ex.org/variable#6 http://www.ibm.com/timex#oi http://ex.org/variable#107	1
http://ex.org/variable#6 http://www.ibm.com/timex#bi_oi http://ex.org/variable#108	1
http://ex.org/variable#6 http://www.ibm.com/timex#di http://ex.org/variable#109	1
http://ex.org/variable#6 http://www.ibm.com/timex#d http://ex.org/variable#110	1
http://ex.org/variable#6 http://www.ibm.com/timex#oi http://ex.org/variable#111	1
http://ex.org/variable#6 http://www.ibm.com/timex#oi http://ex.org/variable#112	1
http://ex.org/variable#6 http://www.ibm.com/timex#bi http://ex.org/variable#113	1
http://ex.org/variable#6 http://www.ibm.com/timex#oi_f http://ex.org/variable#114	1
http://ex.org/variable#6 http://www.ibm.com/timex#b http://ex.org/variable#115	1
http://ex.org/variable#6 http://www.ibm.com/timex#si http://ex.org/variable#116	1
http://ex.org/variable#6 http://www.ibm.com/timex#bi http://ex.org/variable#117	1
http://ex.org/variable#6 http://www.ibm.com/timex#oi http://ex.org/variable#118	1
http://ex.org/variable#6 http://www.ibm.com/timex#d http://ex.org/variable#119	1
http://ex.org/variable#6 http://www.ibm.com/timex#bi http://ex.org/variable#120	1
http://ex.org/variable#6 http://www.ibm.com/timex#b http://ex.org/variable#121	1
http://ex.org/variable#6 http://www.ibm.com/timex#oi_f http://ex.org/variable#122	1
http://ex.org/variable#6 http://www.ibm.com/timex#d http://ex.org/variable#123	1
http://ex.org/variable#6 http://www.ibm.com/timex#bi http://ex.org/variable#124	1
http://ex.org/variable#6 http://www.ibm.com/timex#mi http://ex.org/variable#125	1
http://ex.org/variable#6 http://www.ibm.com/timex#oi http://ex.org/variable#126	1
http://ex.org/variable#6 http://www.ibm.com/timex#o http://ex.org/variable#127	1
http://ex.org/variable#6 http://www.ibm.com/timex#d http://ex.org/variable#128	1
http://ex.org/variable#6 http://www.ibm.com/timex#bi http://ex.org/variable#129	1
http://ex.org/variable#6 http://www.ibm.com/timex#bi http://ex.org/variable#130	1
http://ex.org/variable#6 http://www.ibm.com/timex#o http://ex.org/variable#131	1
http://ex.org/variable#6 http://www.ibm.com/timex#d http://ex.org/variable#132	1
http://ex.org/variable#6 http://www.ibm.com/timex#d http://ex.org/variable#133	1
http://ex.org/variable#6 http://www.ibm.com/timex#mi http://ex.org/variable#134	1
http://ex.org/variable#6 http://www.ibm.com/timex#d http://ex.org/variable#135	1
http://ex.org/variable#6 http://www.ibm.com/timex#d http://ex.org/variable#136	1
http://ex.org/variable#6 http://www.ibm.com/timex#mi http://ex.org/variable#137	1
http://ex.org/variable#6 http://www.ibm.com/timex#o http://ex.org/variable#138	1
http://ex.org/variable#6 http://www.ibm.com/timex#bi http://ex.org/variable#139	1
http://ex.org/variable#6 http://www.ibm.com/timex#bi http://ex.org/variable#140	1
http://ex.org/variable#6 http://www.ibm.com/timex#d http://ex.org/variable#141	1
http://ex.org/variable#6 http://www.ibm.com/timex#oi http://ex.org/variable#142	1
http://ex.org/variable#6 http://www.ibm.com/timex#d http://ex.org/variable#143	1
http://ex.org/variable#6 http://www.ibm.com/timex#d http://ex.org/variable#144	1
http://ex.org/variable#6 http://www.ibm.com/timex#o http://ex.org/variable#145	1
http://ex.org/variable#6 http://www.ibm.com/timex#d http://ex.org/variable#146	1
http://ex.org/variable#6 http://www.ibm.com/timex#oi http://ex.org/variable#147	1
http://ex.org/variable#6 http://www.ibm.com/timex#oi_f http://ex.org/variable#148	1
http://ex.org/variable#6 http://www.ibm.com/timex#bi http://ex.org/variable#149	1
http://ex.org/variable#6 http://www.ibm.com/timex#o http://ex.org/variable#150	1
http://ex.org/variable#6 http://www.ibm.com/timex#d http://ex.org/variable#151	1
http://ex.org/variable#6 http://www.ibm.com/timex#bi http://ex.org/variable#152	1
http://ex.org/variable#6 http://www.ibm.com/timex#d http://ex.org/variable#153	1
http://ex.org/variable#6 http://www.ibm.com/timex#mi http://ex.org/variable#154	1
http://ex.org/variable#6 http://www.ibm.com/timex#oi http://ex.org/variable#155	1
http://ex.org/variable#6 http://www.ibm.com/timex#d http://ex.org/variable#156	1
http://ex.org/variable#6 http://www.ibm.com/timex#bi http://ex.org/variable#157	1
http://ex.org/variable#6 http://www.ibm.com/timex#oi http://ex.org/variable#158	1
http://ex.org/variable#6 http://www.ibm.com/timex#d http://ex.org/variable#159	1
http://ex.org/variable#6 http://www.ibm.com/timex#d http://ex.org/variable#160	1
http://ex.org/variable#6 http://www.ibm.com/timex#mi http://ex.org/variable#161	1
http://ex.org/variable#6 http://www.ibm.com/timex#bi http://ex.org/variable#162	1
http://ex.org/variable#6 http://www.ibm.com/timex#d http://ex.org/variable#163	1
http://ex.org/variable#6 http://www.ibm.com/timex#d http://ex.org/variable#164	1
http://ex.org/variable#6 http://www.ibm.com/timex#bi http://ex.org/variable#165	1
http://ex.org/variable#6 http://www.ibm.com/timex#oi http://ex.org/variable#166	1
http://ex.org/variable#6 http://www.ibm.com/timex#oi http://ex.org/variable#167	1
http://ex.org/variable#6 http://www.ibm.com/timex#d http://ex.org/variable#168	1
http://ex.org/variable#6 http://www.ibm.com/timex#d http://ex.org/variable#169	1
http://ex.org/variable#6 http://www.ibm.com/timex#o http://ex.org/variable#170	1
http://ex.org/variable#6 http://www.ibm.com/timex#oi http://ex.org/variable#171	1
http://ex.org/variable#6 http://www.ibm.com/timex#bi http://ex.org/variable#172	1
http://ex.org/variable#6 http://www.ibm.com/timex#di http://ex.org/variable#173	1
http://ex.org/variable#6 http://www.ibm.com/timex#d http://ex.org/variable#174	1
http://ex.org/variable#6 http://www.ibm.com/timex#oi http://ex.org/variable#175	1
http://ex.org/variable#6 http://www.ibm.com/timex#d http://ex.org/variable#176	1
http://ex.org/variable#6 http://www.ibm.com/timex#oi http://ex.org/variable#177	1
http://ex.org/variable#6 http://www.ibm.com/timex#d http://ex.org/variable#178	1
http://ex.org/variable#6 http://www.ibm.com/timex#d http://ex.org/variable#179	1
http://ex.org/variable#6 http://www.ibm.com/timex#bi http://ex.org/variable#180	1
http://ex.org/variable#6 http://www.ibm.com/timex#bi http://ex.org/variable#181	1
http://ex.org/variable#6 http://www.ibm.com/timex#bi http://ex.org/variable#182	1
http://ex.org/variable#6 http://www.ibm.com/timex#o http://ex.org/variable#183	1
http://ex.org/variable#6 http://www.ibm.com/timex#oi http://ex.org/variable#184	1
http://ex.org/variable#6 http://www.ibm.com/timex#d_f http://ex.org/variable#185	1
http://ex.org/variable#6 http://www.ibm.com/timex#d http://ex.org/variable#186	1
http://ex.org/variable#6 http://www.ibm.com/timex#d http://ex.org/variable#187	1
http://ex.org/variable#6 http://www.ibm.com/timex#oi http://ex.org/variable#188	1
http://ex.org/variable#6 http://www.ibm.com/timex#oi http://ex.org/variable#189	1
http://ex.org/variable#7 http://www.ibm.com/timex#o http://ex.org/variable#0	1
http://ex.org/variable#7 http://www.ibm.com/timex#o http://ex.org/variable#1	1
http://ex.org/variable#7 http://www.ibm.com/timex#oi http://ex.org/variable#2	1
http://ex.org/variable#7 http://www.ibm.com/timex#di http://ex.org/variable#3	1
http://ex.org/variable#7 http://www.ibm.com/timex#o http://ex.org/variable#4	1
http://ex.org/variable#7 http://www.ibm.com/timex#oi http://ex.org/variable#5	1
http://ex.org/variable#7 http://www.ibm.com/timex#di http://ex.org/variable#6	1
http://ex.org/variable#7 http://www.ibm.com/timex#bi http://ex.org/variable#8	1
http://ex.org/variable#7 http://www.ibm.com/timex#o http://ex.org/variable#9	1
http://ex.org/variable#7 http://www.ibm.com/timex#di http://ex.org/variable#10	1
http://ex.org/variable#7 http://www.ibm.com/timex#oi http://ex.org/variable#11	1
http://ex.org/variable#7 http://www.ibm.com/timex#d http://ex.org/variable#12	1
http://ex.org/variable#7 http://www.ibm.com/timex#oi http://ex.org/variable#13	1
http://ex.org/variable#7 http://www.ibm.com/timex#di http://ex.org/variable#14	1
http://ex.org/variable#7 http://www.ibm.com/timex#oi http://ex.org/variable#15	1
http://ex.org/variable#7 http://www.ibm.com/timex#oi http://ex.org/variable#16	1
http://ex.org/variable#7 http://www.ibm.com/timex#di http://ex.org/variable#17	1
http://ex.org/variable#7 http://www.ibm.com/timex#oi http://ex.org/variable#18	1
http://ex.org/variable#7 http://www.ibm.com/timex#oi http://ex.org/variable#19	1
http://ex.org/variable#7 http://www.ibm.com/timex#d http://ex.org/variable#20	1
http://ex.org/variable#7 http://www.ibm.com/timex#di http://ex.org/variable#21	1
http://ex.org/variable#7 http://www.ibm.com/timex#d http://ex.org/variable#22	1
http://ex.org/variable#7 http://www.ibm.com/timex#oi http://ex.org/variable#23	1
http://ex.org/variable#7 http://www.ibm.com/timex#oi http://ex.org/variable#24	1
http://ex.org/variable#7 http://www.ibm.com/timex#bi http://ex.org/variable#25	1
http://ex.org/variable#7 http://www.ibm.com/timex#di http://ex.org/variable#26	1
http://ex.org/variable#7 http://www.ibm.com/timex#oi http://ex.org/variable#27	1
http://ex.org/variable#7 http://www.ibm.com/timex#di http://ex.org/variable#28	1
http://ex.org/variable#7 http://www.ibm.com/timex#di http://ex.org/variable#29	1
http://ex.org/variable#7 http://www.ibm.com/timex#di http://ex.org/variable#30	1
http://ex.org/variable#7 http://www.ibm.com/timex#oi http://ex.org/variable#31	1
http://ex.org/variable#7 http://www.ibm.com/timex#oi http://ex.org/variable#32	1
http://ex.org/variable#7 http://www.ibm.com/timex#o http://ex.org/variable#33	1
http://ex.org/variable#7 http://www.ibm.com/timex#oi http://ex.org/variable#34	1
http://ex.org/variable#7 http://www.ibm.com/timex#di http://ex.org/variable#35	1
http://ex.org/variable#7 http://www.ibm.com/timex#oi http://ex.org/variable#36	1
http://ex.org/variable#7 http://www.ibm.com/timex#oi http://ex.org/variable#37	1
http://ex.org/variable#7 http://www.ibm.com/timex#oi http://ex.org/variable#38	1
http://ex.org/variable#7 http://www.ibm.com/timex#di http://ex.org/variable#39	1
http://ex.org/variable#7 http://www.ibm.com/timex#oi http://ex.org/variable#40	1
http://ex.org/variable#7 http://www.ibm.com/timex#oi http://ex.org/variable#41	1
http://ex.org/variable#7 http://www.ibm.com/timex#d http://ex.org/variable#42	1
http://ex.org/variable#7 http://www.ibm.com/timex#oi http://ex.org/variable#43	1
http://ex.org/variable#7 http://www.ibm.com/timex#oi http://ex.org/variable#44	1
http://ex.org/variable#7 http://www.ibm.com/timex#o http://ex.org/variable#45	1
http://ex.org/variable#7 http://www.ibm.com/timex#oi http://ex.org/variable#46	1
http://ex.org/variable#7 http://www.ibm.com/timex#oi http://ex.org/variable#47	1
http://ex.org/variable#7 http://www.ibm.com/timex#di http://ex.org/variable#48	1
http://ex.org/variable#7 http://www.ibm.com/timex#oi http://ex.org/variable#49	1
http://ex.org/variable#7 http://www.ibm.com/timex#o_di_fi http://ex.org/variable#50	1
http://ex.org/variable#7 http://www.ibm.com/timex#di http://ex.org/variable#51	1
http://ex.org/variable#7 http://www.ibm.com/timex#oi http://ex.org/variable#52	1
http://ex.org/variable#7 http://www.ibm.com/timex#oi http://ex.org/variable#53	1
http://ex.org/variable#7 http://www.ibm.com/timex#oi http://ex.org/variable#54	1
http://ex.org/variable#7 http://www.ibm.com/timex#di http://ex.org/variable#55	1
http://ex.org/variable#7 http://www.ibm.com/timex#oi http://ex.org/variable#56	1
http://ex.org/variable#7 http://www.ibm.com/timex#oi http://ex.org/variable#57	1
http://ex.org/variable#7 http://www.ibm.com/timex#oi http://ex.org/variable#58	1
http://ex.org/variable#7 http://www.ibm.com/timex#d http://ex.org/variable#59	1
http://ex.org/variable#7 http://www.ibm.com/timex#d_f http://ex.org/variable#60	1
http://ex.org/variable#7 http://www.ibm.com/timex#d http://ex.org/variable#61	1
http://ex.org/variable#7 http://www.ibm.com/timex#d http://ex.org/variable#62	1
http://ex.org/variable#7 http://www.ibm.com/timex#oi http://ex.org/variable#63	1
http://ex.org/variable#7 http://www.ibm.com/timex#oi http://ex.org/variable#64	1
http://ex.org/variable#7 http://www.ibm.com/timex#bi http://ex.org/variable#65	1
http://ex.org/variable#7 http://www.ibm.com/timex#oi http://ex.org/variable#66	1
http://ex.org/variable#7 http://www.ibm.com/timex#d http://ex.org/variable#67	1
http://ex.org/variable#7 http://www.ibm.com/timex#oi http://ex.org/variable#68	1
http://ex.org/variable#7 http://www.ibm.com/timex#oi http://ex.org/variable#69	1
http://ex.org/variable#7 http://www.ibm.com/timex#d http://ex.org/variable#70	1
http://ex.org/variable#7 http://www.ibm.com/timex#oi http://ex.org/variable#71	1
http://ex.org/variable#7 http://www.ibm.com/timex#di http://ex.org/variable#72	1
http://ex.org/variable#7 http://www.ibm.com/timex#oi http://ex.org/variable#73	1
http://ex.org/variable#7 http://www.ibm.com/timex#oi http://ex.org/variable#74	1
http://ex.org/variable#7 http://www.ibm.com/timex#oi http://ex.org/variable#75	1
http://ex.org/variable#7 http://www.ibm.com/timex#oi http://ex.org/variable#76	1
http://ex.org/variable#7 http://www.ibm.com/timex#d http://ex.org/variable#77	1
http://ex.org/variable#7 http://www.ibm.com/timex#oi http://ex.org/variable#78	1
http://ex.org/variable#7 http://www.ibm.com/timex#oi http://ex.org/variable#79	1
http://ex.org/variable#7 http://www.ibm.com/timex#d http://ex.org/variable#80	1
http://ex.org/variable#7 http://www.ibm.com/timex#oi http://ex.org/variable#81	1
http://ex.org/variable#7 http://www.ibm.com/timex#oi http://ex.org/variable#82	1
http://ex.org/variable#7 http://www.ibm.com/timex#oi http://ex.org/variable#83	1
http://ex.org/variable#7 http://www.ibm.com/timex#di http://ex.org/variable#84	1
http://ex.org/variable#7 http://www.ibm.com/timex#di http://ex.org/variable#85	1
http://ex.org/variable#7 http://www.ibm.com/timex#d http://ex.org/variable#86	1
http://ex.org/variable#7 http://www.ibm.com/timex#di http://ex.org/variable#87	1
http://ex.org/variable#7 http://www.ibm.com/timex#di http://ex.org/variable#88	1
http://ex.org/variable#7 http://www.ibm.com/timex#oi_d http://ex.org/variable#89	1
http://ex.org/variable#7 http://www.ibm.com/timex#di http://ex.org/variable#90	1
http://ex.org/variable#7 http://www.ibm.com/timex#d http://ex.org/variable#91	1
http://ex.org/variable#7 http://www.ibm.com/timex#o http://ex.org/variable#92	1
http://ex.org/variable#7 http://www.ibm.com/timex#oi http://ex.org/variable#93	1
http://ex.org/variable#7 http://www.ibm.com/timex#oi http://ex.org/variable#94	1
http://ex.org/variable#7 http://www.ibm.com/timex#di http://ex.org/variable#95	1
http://ex.org/variable#7 http://www.ibm.com/timex#bi http://ex.org/variable#96	1
http://ex.org/variable#7 http://www.ibm.com/timex#di http://ex.org/variable#97	1
http://ex.org/variable#7 http://www.ibm.com/timex#di http://ex.org/variable#98	1
http://ex.org/variable#7 http://www.ibm.com/timex#di http://ex.org/variable#99	1
http://ex.org/variable#7 http://www.ibm.com/timex#oi http://ex.org/variable#100	1
http://ex.org/variable#7 http://www.ibm.com/timex#oi http://ex.org/variable#101	1
http://ex.org/variable#7 http://www.ibm.com/timex#di http://ex.org/variable#102	1
http://ex.org/variable#7 http://www.ibm.com/timex#oi http://ex.org/variable#103	1
http://ex.org/variable#7 http://www.ibm.com/timex#di http://ex.org/variable#104	1
http://ex.org/variable#7 http://www.ibm.com/timex#oi http://ex.org/variable#105	1
http://ex.org/variable#7 http://www.ibm.com/timex#oi http://ex.org/variable#106	1
http://ex.org/variable#7 http://www.ibm.com/timex#di http://ex.org/variable#107	1
http://ex.org/variable#7 http://www.ibm.com/timex#di http://ex.org/variable#108	1
http://ex.org/variable#7 http://www.ibm.com/timex#di http://ex.org/variable#109	1
http://ex.org/variable#7 http://www.ibm.com/timex#oi http://ex.org/variable#110	1
http://ex.org/variable#7 http://www.ibm.com/timex#oi http://ex.org/variable#111	1
http://ex.org/variable#7 http://www.ibm.com/timex#oi http://ex.org/variable#112	1
http://ex.org/variable#7 http://www.ibm.com/timex#di http://ex.org/variable#113	1
http://ex.org/variable#7 http://www.ibm.com/timex#oi http://ex.org/variable#114	1
http://ex.org/variable#7 http://www.ibm.com/timex#di http://ex.org/variable#115	1
http://ex.org/variable#7 http://www.ibm.com/timex#di http://ex.org/variable#116	1
http://ex.org/variable#7 http://www.ibm.com/timex#oi http://ex.org/variable#117	1
http://ex.org/variable#7 http://www.ibm.com/timex#oi http://ex.org/variable#118	1
http://ex.org/variable#7 http://www.ibm.com/timex#oi http://ex.org/variable#119	1
http://ex.org/variable#7 http://www.ibm.com/timex#oi http://ex.org/variable#120	1
http://ex.org/variable#7 http://www.ibm.com/timex#di http://ex.org/variable#121	1
http://ex.org/variable#7 http://www.ibm.com/timex#oi http://ex.org/variable#122	1
http://ex.org/variable#7 http://www.ibm.com/timex#o http://ex.org/variable#123	1
http://ex.org/variable#7 http://www.ibm.com/timex#oi http://ex.org/variable#124	1
http://ex.org/variable#7 http://www.ibm.com/timex#oi http://ex.org/variable#125	1
http://ex.org/variable#7 http://www.ibm.com/timex#di http://ex.org/variable#126	1
http://ex.org/variable#7 http://www.ibm.com/timex#di http://ex.org/variable#127	1
http://ex.org/variable#7 http://www.ibm.com/timex#o http://ex.org/variable#128	1
http://ex.org/variable#7 http://www.ibm.com/timex#oi http://ex.org/variable#129	1
http://ex.org/variable#7 http://www.ibm.com/timex#oi http://ex.org/variable#130	1
http://ex.org/variable#7 http://www.ibm.com/timex#o http://ex.org/variable#131	1
http://ex.org/variable#7 http://www.ibm.com/timex#oi http://ex.org/variable#132	1
http://ex.org/variable#7 http://www.ibm.com/timex#o http://ex.org/variable#133	1
http://ex.org/variable#7 http://www.ibm.com/timex#oi http://ex.org/variable#134	1
http://ex.org/variable#7 http://www.ibm.com/timex#d http://ex.org/variable#135	1
http://ex.org/variable#7 http://www.ibm.com/timex#d http://ex.org/variable#136	1
http://ex.org/variable#7 http://www.ibm.com/timex#di http://ex.org/variable#137	1
http://ex.org/variable#7 http://www.ibm.com/timex#di http://ex.org/variable#138	1
http://ex.org/variable#7 http://www.ibm.com/timex#oi http://ex.org/variable#139	1
http://ex.org/variable#7 http://www.ibm.com/timex#di http://ex.org/variable#140	1
http://ex.org/variable#7 http://www.ibm.com/timex#d http://ex.org/variable#141	1
http://ex.org/variable#7 http://www.ibm.com/timex#oi http://ex.org/variable#142	1
http://ex.org/variable#7 http://www.ibm.com/timex#oi http://ex.org/variable#143	1
http://ex.org/variable#7 http://www.ibm.com/timex#d http://ex.org/variable#144	1
http://ex.org/variable#7 http://www.ibm.com/timex#di http://ex.org/variable#145	1
http://ex.org/variable#7 http://www.ibm.com/timex#o http://ex.org/variable#146	1
http://ex.org/variable#7 http://www.ibm.com/timex#oi http://ex.org/variable#147	1
http://ex.org/variable#7 http://www.ibm.com/timex#oi http://ex.org/variable#148	1
http://ex.org/variable#7 http://www.ibm.com/timex#oi http://ex.org/variable#149	1
http://ex.org/variable#7 http://www.ibm.com/timex#o http://ex.org/variable#150	1
http://ex.org/variable#7 http://www.ibm.com/timex#d http://ex.org/variable#151	1
http://ex.org/variable#7 http://www.ibm.com/timex#bi http://ex.org/variable#152	1
http://ex.org/variable#7 http://www.ibm.com/timex#d http://ex.org/variable#153	1
http://ex.org/variable#7 http://www.ibm.com/timex#di http://ex.org/variable#154	1
http://ex.org/variable#7 http://www.ibm.com/timex#oi http://ex.org/variable#155	1
http://ex.org/variable#7 http://www.ibm.com/timex#oi http://ex.org/variable#156	1
http://ex.org/variable#7 http://www.ibm.com/timex#bi http://ex.org/variable#157	1
http://ex.org/variable#7 http://www.ibm.com/timex#oi http://ex.org/variable#158	1
http://ex.org/variable#7 http://www.ibm.com/timex#o http://ex.org/variable#159	1
http://ex.org/variable#7 http://www.ibm.com/timex#oi http://ex.org/variable#160	1
http://ex.org/variable#7 http://www.ibm.com/timex#di http://ex.org/variable#161	1
http://ex.org/variable#7 http://www.ibm.com/timex#oi http://ex.org/variable#162	1
http://ex.org/variable#7 http://www.ibm.com/timex#di http://ex.org/variable#163	1
http://ex.org/variable#7 http://www.ibm.com/timex#di http://ex.org/variable#164	1
http://ex.org/variable#7 http://www.ibm.com/timex#di http://ex.org/variable#165	1
http://ex.org/variable#7 http://www.ibm.com/timex#oi http://ex.org/variable#166	1
http://ex.org/variable#7 http://www.ibm.com/timex#oi http://ex.org/variable#167	1
http://ex.org/variable#7 http://www.ibm.com/timex#di http://ex.org/variable#168	1
http://ex.org/variable#7 http://www.ibm.com/timex#oi http://ex.org/variable#169	1
http://ex.org/variable#7 http://www.ibm.com/timex#di http://ex.org/variable#170	1
http://ex.org/variable#7 http://www.ibm.com/timex#oi http://ex.org/variable#171	1
http://ex.org/variable#7 http://www.ibm.com/timex#bi http://ex.org/variable#172	1
http://ex.org/variable#7 http://www.ibm.com/timex#di http://ex.org/variable#173	1
http://ex.org/variable#7 http://www.ibm.com/timex#di http://ex.org/variable#174	1
http://ex.org/variable#7 http://www.ibm.com/timex#oi http://ex.org/variable#175	1
http://ex.org/variable#7 http://www.ibm.com/timex#o http://ex.org/variable#176	1
http://ex.org/variable#7 http://www.ibm.com/timex#oi http://ex.org/variable#177	1
http://ex.org/variable#7 http://www.ibm.com/timex#d http://ex.org/variable#178	1
http://ex.org/variable#7 http://www.ibm.com/timex#di http://ex.org/variable#179	1
http://ex.org/variable#7 http://www.ibm.com/timex#bi http://ex.org/variable#180	1
http://ex.org/variable#7 http://www.ibm.com/timex#oi http://ex.org/variable#181	1
http://ex.org/variable#7 http://www.ibm.com/timex#di http://ex.org/variable#182	1
http://ex.org/variable#7 http://www.ibm.com/timex#di http://ex.org/variable#183	1
http://ex.org/variable#7 http://www.ibm.com/timex#oi http://ex.org/variable#184	1
http://ex.org/variable#7 http://www.ibm.com/timex#oi http://ex.org/variable#185	1
http://ex.org/variable#7 http://www.ibm.com/timex#di http://ex.org/variable#186	1
http://ex.org/variable#7 http://www.ibm.com/timex#oi http://ex.org/variable#187	1
http://ex.org/variable#7 http://www.ibm.com/timex#di http://ex.org/variable#188	1
http://ex.org/variable#7 http://www.ibm.com/timex#di http://ex.org/variable#189	1
http://ex.org/variable#8 http://www.ibm.com/timex#b http://ex.org/variable#0	1
http://ex.org/variable#8 http://www.ibm.com/timex#b http://ex.org/variable#1	1
http://ex.org/variable#8 http://www.ibm.com/timex#m_o http://ex.org/variable#2	1
http://ex.org/variable#8 http://www.ibm.com/timex#b http://ex.org/variable#3	1
http://ex.org/variable#8 http://www.ibm.com/timex#b http://ex.org/variable#4	1
http://ex.org/variable#8 http://www.ibm.com/timex#o http://ex.org/variable#5	1
http://ex.org/variable#8 http://www.ibm.com/timex#b http://ex.org/variable#6	1
http://ex.org/variable#8 http://www.ibm.com/timex#b http://ex.org/variable#7	1
http://ex.org/variable#8 http://www.ibm.com/timex#b http://ex.org/variable#9	1
http://ex.org/variable#8 http://www.ibm.com/timex#b http://ex.org/variable#10	1
http://ex.org/variable#8 http://www.ibm.com/timex#o http://ex.org/variable#11	1
http://ex.org/variable#8 http://www.ibm.com/timex#d http://ex.org/variable#12	1
http://ex.org/variable#8 http://www.ibm.com/timex#o http://ex.org/variable#13	1
http://ex.org/variable#8 http://www.ibm.com/timex#b http://ex.org/variable#14	1
http://ex.org/variable#8 http://www.ibm.com/timex#o http://ex.org/variable#15	1
http://ex.org/variable#8 http://www.ibm.com/timex#o http://ex.org/variable#16	1
http://ex.org/variable#8 http://www.ibm.com/timex#b http://ex.org/variable#17	1
http://ex.org/variable#8 http://www.ibm.com/timex#o http://ex.org/variable#18	1
http://ex.org/variable#8 http://www.ibm.com/timex#o http://ex.org/variable#19	1
http://ex.org/variable#8 http://www.ibm.com/timex#d http://ex.org/variable#20	1
http://ex.org/variable#8 http://www.ibm.com/timex#b http://ex.org/variable#21	1
http://ex.org/variable#8 http://www.ibm.com/timex#o http://ex.org/variable#22	1
http://ex.org/variable#8 http://www.ibm.com/timex#o http://ex.org/variable#23	1
http://ex.org/variable#8 http://www.ibm.com/timex#o_d http://ex.org/variable#24	1
http://ex.org/variable#8 http://www.ibm.com/timex#oi http://ex.org/variable#25	1
http://ex.org/variable#8 http://www.ibm.com/timex#b http://ex.org/variable#26	1
http://ex.org/variable#8 http://www.ibm.com/timex#d http://ex.org/variable#27	1
http://ex.org/variable#8 http://www.ibm.com/timex#b http://ex.org/variable#28	1
http://ex.org/variable#8 http://www.ibm.com/timex#b http://ex.org/variable#29	1
http://ex.org/variable#8 http://www.ibm.com/timex#b http://ex.org/variable#30	1
http://ex.org/variable#8 http://www.ibm.com/timex#d http://ex.org/variable#31	1
http://ex.org/variable#8 http://www.ibm.com/timex#d http://ex.org/variable#32	1
http://ex.org/variable#8 http://www.ibm.com/timex#b http://ex.org/variable#33	1
http://ex.org/variable#8 http://www.ibm.com/timex#o http://ex.org/variable#34	1
http://ex.org/variable#8 http://www.ibm.com/timex#b http://ex.org/variable#35	1
http://ex.org/variable#8 http://www.ibm.com/timex#d_s http://ex.org/variable#36	1
http://ex.org/variable#8 http://www.ibm.com/timex#o http://ex.org/variable#37	1
http://ex.org/variable#8 http://www.ibm.com/timex#o http://ex.org/variable#38	1
http://ex.org/variable#8 http://www.ibm.com/timex#b http://ex.org/variable#39	1
http://ex.org/variable#8 http://www.ibm.com/timex#d http://ex.org/variable#40	1
http://ex.org/variable#8 http://www.ibm.com/timex#o http://ex.org/variable#41	1
http://ex.org/variable#8 http://www.ibm.com/timex#b http://ex.org/variable#42	1
http://ex.org/variable#8 http://www.ibm.com/timex#d http://ex.org/variable#43	1
http://ex.org/variable#8 http://www.ibm.com/timex#o http://ex.org/variable#44	1
http://ex.org/variable#8 http://www.ibm.com/timex#b http://ex.org/variable#45	1
http://ex.org/variable#8 http://www.ibm.com/timex#d http://ex.org/variable#46	1
http://ex.org/variable#8 http://www.ibm.com/timex#d http://ex.org/variable#47	1
http://ex.org/variable#8 http://www.ibm.com/timex#b http://ex.org/variable#48	1
http://ex.org/variable#8 http://www.ibm.com/timex#d http://ex.org/variable#49	1
http://ex.org/variable#8 http://www.ibm.com/timex#b http://ex.org/variable#50	1
http://ex.org/variable#8 http://www.ibm.com/timex#b http://ex.org/variable#51	1
http://ex.org/variable#8 http://www.ibm.com/timex#d http://ex.org/variable#52	1
http://ex.org/variable#8 http://www.ibm.com/timex#o_s http://ex.org/variable#53	1
http://ex.org/variable#8 http://www.ibm.com/timex#o http://ex.org/variable#54	1
http://ex.org/variable#8 http://www.ibm.com/timex#b http://ex.org/variable#55	1
http://ex.org/variable#8 http://www.ibm.com/timex#b http://ex.org/variable#56	1
http://ex.org/variable#8 http://www.ibm.com/timex#d http://ex.org/variable#57	1
http://ex.org/variable#8 http://www.ibm.com/timex#o http://ex.org/variable#58	1
http://ex.org/variable#8 http://www.ibm.com/timex#o http://ex.org/variable#59	1
http://ex.org/variable#8 http://www.ibm.com/timex#o_d_s http://ex.org/variable#60	1
http://ex.org/variable#8 http://www.ibm.com/timex#d http://ex.org/variable#61	1
http://ex.org/variable#8 http://www.ibm.com/timex#b http://ex.org/variable#62	1
http://ex.org/variable#8 http://www.ibm.com/timex#o_d_s http://ex.org/variable#63	1
http://ex.org/variable#8 http://www.ibm.com/timex#d_s http://ex.org/variable#64	1
http://ex.org/variable#8 http://www.ibm.com/timex#di http://ex.org/variable#65	1
http://ex.org/variable#8 http://www.ibm.com/timex#d http://ex.org/variable#66	1
http://ex.org/variable#8 http://www.ibm.com/timex#o http://ex.org/variable#67	1
http://ex.org/variable#8 http://www.ibm.com/timex#b http://ex.org/variable#68	1
http://ex.org/variable#8 http://www.ibm.com/timex#b http://ex.org/variable#69	1
http://ex.org/variable#8 http://www.ibm.com/timex#o http://ex.org/variable#70	1
http://ex.org/variable#8 http://www.ibm.com/timex#o http://ex.org/variable#71	1
http://ex.org/variable#8 http://www.ibm.com/timex#b http://ex.org/variable#72	1
http://ex.org/variable#8 http://www.ibm.com/timex#o http://ex.org/variable#73	1
http://ex.org/variable#8 http://www.ibm.com/timex#o http://ex.org/variable#74	1
http://ex.org/variable#8 http://www.ibm.com/timex#o http://ex.org/variable#75	1
http://ex.org/variable#8 http://www.ibm.com/timex#o http://ex.org/variable#76	1
http://ex.org/variable#8 http://www.ibm.com/timex#o http://ex.org/variable#77	1
http://ex.org/variable#8 http://www.ibm.com/timex#b http://ex.org/variable#78	1
http://ex.org/variable#8 http://www.ibm.com/timex#d http://ex.org/variable#79	1
http://ex.org/variable#8 http://www.ibm.com/timex#d http://ex.org/variable#80	1
http://ex.org/variable#8 http://www.ibm.com/timex#d http://ex.org/variable#81	1
http://ex.org/variable#8 http://www.ibm.com/timex#o http://ex.org/variable#82	1
http://ex.org/variable#8 http://www.ibm.com/timex#d http://ex.org/variable#83	1
http://ex.org/variable#8 http://www.ibm.com/timex#b http://ex.org/variable#84	1
http://ex.org/variable#8 http://www.ibm.com/timex#b http://ex.org/variable#85	1
http://ex.org/variable#8 http://www.ibm.com/timex#d http://ex.org/variable#86	1
http://ex.org/variable#8 http://www.ibm.com/timex#b http://ex.org/variable#87	1
http://ex.org/variable#8 http://www.ibm.com/timex#b http://ex.org/variable#88	1
http://ex.org/variable#8 http://www.ibm.com/timex#b http://ex.org/variable#89	1
http://ex.org/variable#8 http://www.ibm.com/timex#b http://ex.org/variable#90	1
http://ex.org/variable#8 http://www.ibm.com/timex#o http://ex.org/variable#91	1
http://ex.org/variable#8 http://www.ibm.com/timex#b http://ex.org/variable#92	1
http://ex.org/variable#8 http://www.ibm.com/timex#o http://ex.org/variable#93	1
http://ex.org/variable#8 http://www.ibm.com/timex#o http://ex.org/variable#94	1
http://ex.org/variable#8 http://www.ibm.com/timex#b http://ex.org/variable#95	1
http://ex.org/variable#8 http://www.ibm.com/timex#di_fi http://ex.org/variable#96	1
http://ex.org/variable#8 http://www.ibm.com/timex#b http://ex.org/variable#97	1
http://ex.org/variable#8 http://www.ibm.com/timex#b http://ex.org/variable#98	1
http://ex.org/variable#8 http://www.ibm.com/timex#b http://ex.org/variable#99	1
http://ex.org/variable#8 http://www.ibm.com/timex#o_d_s http://ex.org/variable#100	1
http://ex.org/variable#8 http://www.ibm.com/timex#b http://ex.org/variable#101	1
http://ex.org/variable#8 http://www.ibm.com/timex#b http://ex.org/variable#102	1
http://ex.org/variable#8 http://www.ibm.com/timex#o http://ex.org/variable#103	1
http://ex.org/variable#8 http://www.ibm.com/timex#b http://ex.org/variable#104	1
http://ex.org/variable#8 http://www.ibm.com/timex#o http://ex.org/variable#105	1
http://ex.org/variable#8 http://www.ibm.com/timex#o_d_s http://ex.org/variable#106	1
http://ex.org/variable#8 http://www.ibm.com/timex#b http://ex.org/variable#107	1
http://ex.org/variable#8 http://www.ibm.com/timex#b http://ex.org/variable#108	1
http://ex.org/variable#8 http://www.ibm.com/timex#b http://ex.org/variable#109	1
http://ex.org/variable#8 http://www.ibm.com/timex#o_d_s http://ex.org/variable#110	1
http://ex.org/variable#8 http://www.ibm.com/timex#b_m_o http://ex.org/variable#111	1
http://ex.org/variable#8 http://www.ibm.com/timex#d http://ex.org/variable#112	1
http://ex.org/variable#8 http://www.ibm.com/timex#b http://ex.org/variable#113	1
http://ex.org/variable#8 http://www.ibm.com/timex#o http://ex.org/variable#114	1
http://ex.org/variable#8 http://www.ibm.com/timex#b http://ex.org/variable#115	1
http://ex.org/variable#8 http://www.ibm.com/timex#b http://ex.org/variable#116	1
http://ex.org/variable#8 http://www.ibm.com/timex#o_d_s http://ex.org/variable#117	1
http://ex.org/variable#8 http://www.ibm.com/timex#o http://ex.org/variable#118	1
http://ex.org/variable#8 http://www.ibm.com/timex#d http://ex.org/variable#119	1
http://ex.org/variable#8 http://www.ibm.com/timex#o http://ex.org/variable#120	1
http://ex.org/variable#8 http://www.ibm.com/timex#b http://ex.org/variable#121	1
http://ex.org/variable#8 http://www.ibm.com/timex#d http://ex.org/variable#122	1
http://ex.org/variable#8 http://www.ibm.com/timex#b http://ex.org/variable#123	1
http://ex.org/variable#8 http://www.ibm.com/timex#d http://ex.org/variable#124	1
http://ex.org/variable#8 http://www.ibm.com/timex#d http://ex.org/variable#125	1
http://ex.org/variable#8 http://www.ibm.com/timex#b http://ex.org/variable#126	1
http://ex.org/variable#8 http://www.ibm.com/timex#b http://ex.org/variable#127	1
http://ex.org/variable#8 http://www.ibm.com/timex#b http://ex.org/variable#128	1
http://ex.org/variable#8 http://www.ibm.com/timex#d http://ex.org/variable#129	1
http://ex.org/variable#8 http://www.ibm.com/timex#b http://ex.org/variable#130	1
http://ex.org/variable#8 http://www.ibm.com/timex#b http://ex.org/variable#131	1
http://ex.org/variable#8 http://www.ibm.com/timex#o http://ex.org/variable#132	1
http://ex.org/variable#8 http://www.ibm.com/timex#b http://ex.org/variable#133	1
http://ex.org/variable#8 http://www.ibm.com/timex#d http://ex.org/variable#134	1
http://ex.org/variable#8 http://www.ibm.com/timex#o http://ex.org/variable#135	1
http://ex.org/variable#8 http://www.ibm.com/timex#o http://ex.org/variable#136	1
http://ex.org/variable#8 http://www.ibm.com/timex#b http://ex.org/variable#137	1
http://ex.org/variable#8 http://www.ibm.com/timex#b http://ex.org/variable#138	1
http://ex.org/variable#8 http://www.ibm.com/timex#b http://ex.org/variable#139	1
http://ex.org/variable#8 http://www.ibm.com/timex#b http://ex.org/variable#140	1
http://ex.org/variable#8 http://www.ibm.com/timex#d http://ex.org/variable#141	1
http://ex.org/variable#8 http://www.ibm.com/timex#o http://ex.org/variable#142	1
http://ex.org/variable#8 http://www.ibm.com/timex#o http://ex.org/variable#143	1
http://ex.org/variable#8 http://www.ibm.com/timex#b http://ex.org/variable#144	1
http://ex.org/variable#8 http://www.ibm.com/timex#b http://ex.org/variable#145	1
http://ex.org/variable#8 http://www.ibm.com/timex#b http://ex.org/variable#146	1
http://ex.org/variable#8 http://www.ibm.com/timex#o http://ex.org/variable#147	1
http://ex.org/variable#8 http://www.ibm.com/timex#b http://ex.org/variable#148	1
http://ex.org/variable#8 http://www.ibm.com/timex#d http://ex.org/variable#149	1
http://ex.org/variable#8 http://www.ibm.com/timex#b http://ex.org/variable#150	1
http://ex.org/variable#8 http://www.ibm.com/timex#b http://ex.org/variable#151	1
http://ex.org/variable#8 http://www.ibm.com/timex#oi_di http://ex.org/variable#152	1
http://ex.org/variable#8 http://www.ibm.com/timex#o http://ex.org/variable#153	1
http://ex.org/variable#8 http://www.ibm.com/timex#b http://ex.org/variable#154	1
http://ex.org/variable#8 http://www.ibm.com/timex#d http://ex.org/variable#155	1
http://ex.org/variable#8 http://www.ibm.com/timex#o http://ex.org/variable#156	1
http://ex.org/variable#8 http://www.ibm.com/timex#di http://ex.org/variable#157	1
http://ex.org/variable#8 http://www.ibm.com/timex#o http://ex.org/variable#158	1
http://ex.org/variable#8 http://www.ibm.com/timex#b http://ex.org/variable#159	1
http://ex.org/variable#8 http://www.ibm.com/timex#b http://ex.org/variable#160	1
http://ex.org/variable#8 http://www.ibm.com/timex#b http://ex.org/variable#161	1
http://ex.org/variable#8 http://www.ibm.com/timex#o http://ex.org/variable#162	1
http://ex.org/variable#8 http://www.ibm.com/timex#b http://ex.org/variable#163	1
http://ex.org/variable#8 http://www.ibm.com/timex#b http://ex.org/variable#164	1
http://ex.org/variable#8 http://www.ibm.com/timex#b http://ex.org/variable#165	1
http://ex.org/variable#8 http://www.ibm.com/timex#d http://ex.org/variable#166	1
http://ex.org/variable#8 http://www.ibm.com/timex#o_d http://ex.org/variable#167	1
http://ex.org/variable#8 http://www.ibm.com/timex#b http://ex.org/variable#168	1
http://ex.org/variable#8 http://www.ibm.com/timex#d_s http://ex.org/variable#169	1
http://ex.org/variable#8 http://www.ibm.com/timex#b http://ex.org/variable#170	1
http://ex.org/variable#8 http://www.ibm.com/timex#d http://ex.org/variable#171	1
http://ex.org/variable#8 http://www.ibm.com/timex#oi http://ex.org/variable#172	1
http://ex.org/variable#8 http://www.ibm.com/timex#b http://ex.org/variable#173	1
http://ex.org/variable#8 http://www.ibm.com/timex#b http://ex.org/variable#174	1
http://ex.org/variable#8 http://www.ibm.com/timex#o_d_s http://ex.org/variable#175	1
http://ex.org/variable#8 http://www.ibm.com/timex#b http://ex.org/variable#176	1
http://ex.org/variable#8 http://www.ibm.com/timex#b http://ex.org/variable#177	1
http://ex.org/variable#8 http://www.ibm.com/timex#b http://ex.org/variable#178	1
http://ex.org/variable#8 http://www.ibm.com/timex#b http://ex.org/variable#179	1
http://ex.org/variable#8 http://www.ibm.com/timex#di http://ex.org/variable#180	1
http://ex.org/variable#8 http://www.ibm.com/timex#o_d http://ex.org/variable#181	1
http://ex.org/variable#8 http://www.ibm.com/timex#b http://ex.org/variable#182	1
http://ex.org/variable#8 http://www.ibm.com/timex#b http://ex.org/variable#183	1
http://ex.org/variable#8 http://www.ibm.com/timex#o http://ex.org/variable#184	1
http://ex.org/variable#8 http://www.ibm.com/timex#b http://ex.org/variable#185	1
http://ex.org/variable#8 http://www.ibm.com/timex#b http://ex.org/variable#186	1
http://ex.org/variable#8 http://www.ibm.com/timex#d http://ex.org/variable#187	1
http://ex.org/variable#8 http://www.ibm.com/timex#b http://ex.org/variable#188	1
http://ex.org/variable#8 http://www.ibm.com/timex#b http://ex.org/variable#189	1
http://ex.org/variable#9 http://www.ibm.com/timex#oi http://ex.org/variable#0	1
http://ex.org/variable#9 http://www.ibm.com/timex#di http://ex.org/variable#1	1
http://ex.org/variable#9 http://www.ibm.com/timex#oi http://ex.org/variable#2	1
http://ex.org/variable#9 http://www.ibm.com/timex#oi http://ex.org/variable#3	1
http://ex.org/variable#9 http://www.ibm.com/timex#oi http://ex.org/variable#4	1
http://ex.org/variable#9 http://www.ibm.com/timex#bi_mi_oi http://ex.org/variable#5	1
http://ex.org/variable#9 http://www.ibm.com/timex#di http://ex.org/variable#6	1
http://ex.org/variable#9 http://www.ibm.com/timex#oi http://ex.org/variable#7	1
http://ex.org/variable#9 http://www.ibm.com/timex#bi http://ex.org/variable#8	1
http://ex.org/variable#9 http://www.ibm.com/timex#oi http://ex.org/variable#10	1
http://ex.org/variable#9 http://www.ibm.com/timex#oi http://ex.org/variable#11	1
http://ex.org/variable#9 http://www.ibm.com/timex#oi http://ex.org/variable#12	1
http://ex.org/variable#9 http://www.ibm.com/timex#bi_mi_oi http://ex.org/variable#13	1
http://ex.org/variable#9 http://www.ibm.com/timex#oi_di_si http://ex.org/variable#14	1
http://ex.org/variable#9 http://www.ibm.com/timex#oi http://ex.org/variable#15	1
http://ex.org/variable#9 http://www.ibm.com/timex#oi http://ex.org/variable#16	1
http://ex.org/variable#9 http://www.ibm.com/timex#di http://ex.org/variable#17	1
http://ex.org/variable#9 http://www.ibm.com/timex#oi http://ex.org/variable#18	1
http://ex.org/variable#9 http://www.ibm.com/timex#bi http://ex.org/variable#19	1
http://ex.org/variable#9 http://www.ibm.com/timex#oi_d_f http://ex.org/variable#20	1
http://ex.org/variable#9 http://www.ibm.com/timex#di http://ex.org/variable#21	1
http://ex.org/variable#9 http://www.ibm.com/timex#oi http://ex.org/variable#22	1
http://ex.org/variable#9 http://www.ibm.com/timex#bi http://ex.org/variable#23	1
http://ex.org/variable#9 http://www.ibm.com/timex#oi http://ex.org/variable#24	1
http://ex.org/variable#9 http://www.ibm.com/timex#bi http://ex.org/variable#25	1
http://ex.org/variable#9 http://www.ibm.com/timex#di http://ex.org/variable#26	1
http://ex.org/variable#9 http://www.ibm.com/timex#bi http://ex.org/variable#27	1
http://ex.org/variable#9 http://www.ibm.com/timex#oi_di_si http://ex.org/variable#28	1
http://ex.org/variable#9 http://www.ibm.com/timex#oi http://ex.org/variable#29	1
http://ex.org/variable#9 http://www.ibm.com/timex#oi http://ex.org/variable#30	1
http://ex.org/variable#9 http://www.ibm.com/timex#oi http://ex.org/variable#31	1
http://ex.org/variable#9 http://www.ibm.com/timex#bi http://ex.org/variable#32	1
http://ex.org/variable#9 http://www.ibm.com/timex#o_di_fi http://ex.org/variable#33	1
http://ex.org/variable#9 http://www.ibm.com/timex#oi http://ex.org/variable#34	1
http://ex.org/variable#9 http://www.ibm.com/timex#bi_mi_oi http://ex.org/variable#35	1
http://ex.org/variable#9 http://www.ibm.com/timex#bi_mi_oi http://ex.org/variable#36	1
http://ex.org/variable#9 http://www.ibm.com/timex#bi http://ex.org/variable#37	1
http://ex.org/variable#9 http://www.ibm.com/timex#oi http://ex.org/variable#38	1
http://ex.org/variable#9 http://www.ibm.com/timex#di http://ex.org/variable#39	1
http://ex.org/variable#9 http://www.ibm.com/timex#oi http://ex.org/variable#40	1
http://ex.org/variable#9 http://www.ibm.com/timex#oi http://ex.org/variable#41	1
http://ex.org/variable#9 http://www.ibm.com/timex#oi http://ex.org/variable#42	1
http://ex.org/variable#9 http://www.ibm.com/timex#oi http://ex.org/variable#43	1
http://ex.org/variable#9 http://www.ibm.com/timex#oi http://ex.org/variable#44	1
http://ex.org/variable#9 http://www.ibm.com/timex#oi http://ex.org/variable#45	1
http://ex.org/variable#9 http://www.ibm.com/timex#oi http://ex.org/variable#46	1
http://ex.org/variable#9 http://www.ibm.com/timex#oi http://ex.org/variable#47	1
http://ex.org/variable#9 http://www.ibm.com/timex#di http://ex.org/variable#48	1
http://ex.org/variable#9 http://www.ibm.com/timex#bi http://ex.org/variable#49	1
http://ex.org/variable#9 http://www.ibm.com/timex#oi http://ex.org/variable#50	1
http://ex.org/variable#9 http://www.ibm.com/timex#di http://ex.org/variable#51	1
http://ex.org/variable#9 http://www.ibm.com/timex#oi http://ex.org/variable#52	1
http://ex.org/variable#9 http://www.ibm.com/timex#oi http://ex.org/variable#53	1
http://ex.org/variable#9 http://www.ibm.com/timex#oi http://ex.org/variable#54	1
http://ex.org/variable#9 http://www.ibm.com/timex#oi http://ex.org/variable#55	1
http://ex.org/variable#9 http://www.ibm.com/timex#bi_mi_oi http://ex.org/variable#56	1
http://ex.org/variable#9 http://www.ibm.com/timex#oi http://ex.org/variable#57	1
http://ex.org/variable#9 http://www.ibm.com/timex#oi http://ex.org/variable#58	1
http://ex.org/variable#9 http://www.ibm.com/timex#oi_d_f http://ex.org/variable#59	1
http://ex.org/variable#9 http://www.ibm.com/timex#oi http://ex.org/variable#60	1
http://ex.org/variable#9 http://www.ibm.com/timex#oi http://ex.org/variable#61	1
http://ex.org/variable#9 http://www.ibm.com/timex#oi http://ex.org/variable#62	1
http://ex.org/variable#9 http://www.ibm.com/timex#oi http://ex.org/variable#63	1
http://ex.org/variable#9 http://www.ibm.com/timex#oi http://ex.org/variable#64	1
http://ex.org/variable#9 http://www.ibm.com/timex#bi http://ex.org/variable#65	1
http://ex.org/variable#9 http://www.ibm.com/timex#bi http://ex.org/variable#66	1
http://ex.org/variable#9 http://www.ibm.com/timex#oi http://ex.org/variable#67	1
http://ex.org/variable#9 http://www.ibm.com/timex#oi http://ex.org/variable#68	1
http://ex.org/variable#9 http://www.ibm.com/timex#oi http://ex.org/variable#69	1
http://ex.org/variable#9 http://www.ibm.com/timex#oi_d_f http://ex.org/variable#70	1
http://ex.org/variable#9 http://www.ibm.com/timex#oi http://ex.org/variable#71	1
http://ex.org/variable#9 http://www.ibm.com/timex#oi http://ex.org/variable#72	1
http://ex.org/variable#9 http://www.ibm.com/timex#oi http://ex.org/variable#73	1
http://ex.org/variable#9 http://www.ibm.com/timex#oi http://ex.org/variable#74	1
http://ex.org/variable#9 http://www.ibm.com/timex#oi http://ex.org/variable#75	1
http://ex.org/variable#9 http://www.ibm.com/timex#oi http://ex.org/variable#76	1
http://ex.org/variable#9 http://www.ibm.com/timex#oi_d http://ex.org/variable#77	1
http://ex.org/variable#9 http://www.ibm.com/timex#oi http://ex.org/variable#78	1
http://ex.org/variable#9 http://www.ibm.com/timex#oi http://ex.org/variable#79	1
http://ex.org/variable#9 http://www.ibm.com/timex#oi http://ex.org/variable#80	1
http://ex.org/variable#9 http://www.ibm.com/timex#oi http://ex.org/variable#81	1
http://ex.org/variable#9 http://www.ibm.com/timex#bi http://ex.org/variable#82	1
http://ex.org/variable#9 http://www.ibm.com/timex#oi http://ex.org/variable#83	1
http://ex.org/variable#9 http://www.ibm.com/timex#oi_di_si http://ex.org/variable#84	1
http://ex.org/variable#9 http://www.ibm.com/timex#di http://ex.org/variable#85	1
http://ex.org/variable#9 http://www.ibm.com/timex#oi http://ex.org/variable#86	1
http://ex.org/variable#9 http://www.ibm.com/timex#oi_di http://ex.org/variable#87	1
http://ex.org/variable#9 http://www.ibm.com/timex#di http://ex.org/variable#88	1
http://ex.org/variable#9 http://www.ibm.com/timex#oi http://ex.org/variable#89	1
http://ex.org/variable#9 http://www.ibm.com/timex#oi http://ex.org/variable#90	1
http://ex.org/variable#9 http://www.ibm.com/timex#oi http://ex.org/variable#91	1
http://ex.org/variable#9 http://www.ibm.com/timex#oi_d_f http://ex.org/variable#92	1
http://ex.org/variable#9 http://www.ibm.com/timex#oi http://ex.org/variable#93	1
http://ex.org/variable#9 http://www.ibm.com/timex#oi http://ex.org/variable#94	1
http://ex.org/variable#9 http://www.ibm.com/timex#bi http://ex.org/variable#95	1
http://ex.org/variable#9 http://www.ibm.com/timex#bi http://ex.org/variable#96	1
http://ex.org/variable#9 http://www.ibm.com/timex#oi http://ex.org/variable#97	1
http://ex.org/variable#9 http://www.ibm.com/timex#di http://ex.org/variable#98	1
http://ex.org/variable#9 http://www.ibm.com/timex#di http://ex.org/variable#99	1
http://ex.org/variable#9 http://www.ibm.com/timex#bi http://ex.org/variable#100	1
http://ex.org/variable#9 http://www.ibm.com/timex#oi http://ex.org/variable#101	1
http://ex.org/variable#9 http://www.ibm.com/timex#di http://ex.org/variable#102	1
http://ex.org/variable#9 http://www.ibm.com/timex#oi http://ex.org/variable#103	1
http://ex.org/variable#9 http://www.ibm.com/timex#di http://ex.org/variable#104	1
http://ex.org/variable#9 http://www.ibm.com/timex#oi http://ex.org/variable#105	1
http://ex.org/variable#9 http://www.ibm.com/timex#oi http://ex.org/variable#106	1
http://ex.org/variable#9 http://www.ibm.com/timex#oi http://ex.org/variable#107	1
http://ex.org/variable#9 http://www.ibm.com/timex#bi_mi_oi http://ex.org/variable#108	1
http://ex.org/variable#9 http://www.ibm.com/timex#di http://ex.org/variable#109	1
http://ex.org/variable#9 http://www.ibm.com/timex#oi http://ex.org/variable#110	1
http://ex.org/variable#9 http://www.ibm.com/timex#oi http://ex.org/variable#111	1
http://ex.org/variable#9 http://www.ibm.com/timex#oi http://ex.org/variable#112	1
http://ex.org/variable#9 http://www.ibm.com/timex#oi_di_si http://ex.org/variable#113	1
http://ex.org/variable#9 http://www.ibm.com/timex#oi http://ex.org/variable#114	1
http://ex.org/variable#9 http://www.ibm.com/timex#di http://ex.org/variable#115	1
http://ex.org/variable#9 http://www.ibm.com/timex#di http://ex.org/variable#116	1
http://ex.org/variable#9 http://www.ibm.com/timex#bi_mi_oi http://ex.org/variable#117	1
http://ex.org/variable#9 http://www.ibm.com/timex#oi http://ex.org/variable#118	1
http://ex.org/variable#9 http://www.ibm.com/timex#oi http://ex.org/variable#119	1
http://ex.org/variable#9 http://www.ibm.com/timex#bi_mi_oi http://ex.org/variable#120	1
http://ex.org/variable#9 http://www.ibm.com/timex#di http://ex.org/variable#121	1
http://ex.org/variable#9 http://www.ibm.com/timex#oi http://ex.org/variable#122	1
http://ex.org/variable#9 http://www.ibm.com/timex#oi http://ex.org/variable#123	1
http://ex.org/variable#9 http://www.ibm.com/timex#oi http://ex.org/variable#124	1
http://ex.org/variable#9 http://www.ibm.com/timex#oi http://ex.org/variable#125	1
http://ex.org/variable#9 http://www.ibm.com/timex#oi_di_si http://ex.org/variable#126	1
http://ex.org/variable#9 http://www.ibm.com/timex#di http://ex.org/variable#127	1
http://ex.org/variable#9 http://www.ibm.com/timex#oi http://ex.org/variable#128	1
http://ex.org/variable#9 http://www.ibm.com/timex#bi_mi_oi http://ex.org/variable#129	1
http://ex.org/variable#9 http://www.ibm.com/timex#bi_mi_oi http://ex.org/variable#130	1
http://ex.org/variable#9 http://www.ibm.com/timex#di http://ex.org/variable#131	1
http://ex.org/variable#9 http://www.ibm.com/timex#oi http://ex.org/variable#132	1
http://ex.org/variable#9 http://www.ibm.com/timex#oi_d_f http://ex.org/variable#133	1
http://ex.org/variable#9 http://www.ibm.com/timex#oi http://ex.org/variable#134	1
http://ex.org/variable#9 http://www.ibm.com/timex#oi http://ex.org/variable#135	1
http://ex.org/variable#9 http://www.ibm.com/timex#oi http://ex.org/variable#136	1
http://ex.org/variable#9 http://www.ibm.com/timex#oi http://ex.org/variable#137	1
http://ex.org/variable#9 http://www.ibm.com/timex#di http://ex.org/variable#138	1
http://ex.org/variable#9 http://www.ibm.com/timex#oi http://ex.org/variable#139	1
http://ex.org/variable#9 http://www.ibm.com/timex#oi http://ex.org/variable#140	1
http://ex.org/variable#9 http://www.ibm.com/timex#oi http://ex.org/variable#141	1
http://ex.org/variable#9 http://www.ibm.com/timex#oi http://ex.org/variable#142	1
http://ex.org/variable#9 http://www.ibm.com/timex#oi http://ex.org/variable#143	1
http://ex.org/variable#9 http://www.ibm.com/timex#oi http://ex.org/variable#144	1
http://ex.org/variable#9 http://www.ibm.com/timex#di http://ex.org/variable#145	1
http://ex.org/variable#9 http://www.ibm.com/timex#oi http://ex.org/variable#146	1
http://ex.org/variable#9 http://www.ibm.com/timex#oi http://ex.org/variable#147	1
http://ex.org/variable#9 http://www.ibm.com/timex#oi http://ex.org/variable#148	1
http://ex.org/variable#9 http://www.ibm.com/timex#bi http://ex.org/variable#149	1
http://ex.org/variable#9 http://www.ibm.com/timex#di http://ex.org/variable#150	1
http://ex.org/variable#9 http://www.ibm.com/timex#oi http://ex.org/variable#151	1
http://ex.org/variable#9 http://www.ibm.com/timex#bi http://ex.org/variable#152	1
http://ex.org/variable#9 http://www.ibm.com/timex#oi http://ex.org/variable#153	1
http://ex.org/variable#9 http://www.ibm.com/timex#oi http://ex.org/variable#154	1
http://ex.org/variable#9 http://www.ibm.com/timex#oi http://ex.org/variable#155	1
http://ex.org/variable#9 http://www.ibm.com/timex#oi http://ex.org/variable#156	1
http://ex.org/variable#9 http://www.ibm.com/timex#bi http://ex.org/variable#157	1
http://ex.org/variable#9 http://www.ibm.com/timex#oi http://ex.org/variable#158	1
http://ex.org/variable#9 http://www.ibm.com/timex#oi http://ex.org/variable#159	1
http://ex.org/variable#9 http://www.ibm.com/timex#oi http://ex.org/variable#160	1
http://ex.org/variable#9 http://www.ibm.com/timex#oi http://ex.org/variable#161	1
http://ex.org/variable#9 http://www.ibm.com/timex#bi_mi_oi http://ex.org/variable#162	1
http://ex.org/variable#9 http://www.ibm.com/timex#oi http://ex.org/variable#163	1
http://ex.org/variable#9 http://www.ibm.com/timex#oi http://ex.org/variable#164	1
http://ex.org/variable#9 http://www.ibm.com/timex#oi http://ex.org/variable#165	1
http://ex.org/variable#9 http://www.ibm.com/timex#oi http://ex.org/variable#166	1
http://ex.org/variable#9 http://www.ibm.com/timex#oi http://ex.org/variable#167	1
http://ex.org/variable#9 http://www.ibm.com/timex#oi http://ex.org/variable#168	1
http://ex.org/variable#9 http://www.ibm.com/timex#oi http://ex.org/variable#169	1
http://ex.org/variable#9 http://www.ibm.com/timex#di http://ex.org/variable#170	1
http://ex.org/variable#9 http://www.ibm.com/timex#oi http://ex.org/variable#171	1
http://ex.org/variable#9 http://www.ibm.com/timex#bi http://ex.org/variable#172	1
http://ex.org/variable#9 http://www.ibm.com/timex#di http://ex.org/variable#173	1
http://ex.org/variable#9 http://www.ibm.com/timex#oi_di_si http://ex.org/variable#174	1
http://ex.org/variable#9 http://www.ibm.com/timex#oi http://ex.org/variable#175	1
http://ex.org/variable#9 http://www.ibm.com/timex#oi http://ex.org/variable#176	1
http://ex.org/variable#9 http://www.ibm.com/timex#oi http://ex.org/variable#177	1
http://ex.org/variable#9 http://www.ibm.com/timex#oi_d_f http://ex.org/variable#178	1
http://ex.org/variable#9 http://www.ibm.com/timex#oi http://ex.org/variable#179	1
http://ex.org/variable#9 http://www.ibm.com/timex#bi http://ex.org/variable#180	1
http://ex.org/variable#9 http://www.ibm.com/timex#bi http://ex.org/variable#181	1
http://ex.org/variable#9 http://www.ibm.com/timex#oi http://ex.org/variable#182	1
http://ex.org/variable#9 http://www.ibm.com/timex#di http://ex.org/variable#183	1
http://ex.org/variable#9 http://www.ibm.com/timex#oi http://ex.org/variable#184	1
http://ex.org/variable#9 http://www.ibm.com/timex#oi http://ex.org/variable#185	1
http://ex.org/variable#9 http://www.ibm.com/timex#oi http://ex.org/variable#186	1
http://ex.org/variable#9 http://www.ibm.com/timex#oi http://ex.org/variable#187	1
http://ex.org/variable#9 http://www.ibm.com/timex#oi http://ex.org/variable#188	1
http://ex.org/variable#9 http://www.ibm.com/timex#oi http://ex.org/variable#189	1
http://ex.org/variable#10 http://www.ibm.com/timex#d http://ex.org/variable#0	1
http://ex.org/variable#10 http://www.ibm.com/timex#o http://ex.org/variable#1	1
http://ex.org/variable#10 http://www.ibm.com/timex#d http://ex.org/variable#2	1
http://ex.org/variable#10 http://www.ibm.com/timex#di http://ex.org/variable#3	1
http://ex.org/variable#10 http://www.ibm.com/timex#d http://ex.org/variable#4	1
http://ex.org/variable#10 http://www.ibm.com/timex#oi http://ex.org/variable#5	1
http://ex.org/variable#10 http://www.ibm.com/timex#di http://ex.org/variable#6	1
http://ex.org/variable#10 http://www.ibm.com/timex#d http://ex.org/variable#7	1
http://ex.org/variable#10 http://www.ibm.com/timex#bi http://ex.org/variable#8	1
http://ex.org/variable#10 http://www.ibm.com/timex#o http://ex.org/variable#9	1
http://ex.org/variable#10 http://www.ibm.com/timex#d http://ex.org/variable#11	1
http://ex.org/variable#10 http://www.ibm.com/timex#d http://ex.org/variable#12	1
http://ex.org/variable#10 http://www.ibm.com/timex#oi http://ex.org/variable#13	1
http://ex.org/variable#10 http://www.ibm.com/timex#di http://ex.org/variable#14	1
http://ex.org/variable#10 http://www.ibm.com/timex#oi http://ex.org/variable#15	1
http://ex.org/variable#10 http://www.ibm.com/timex#oi http://ex.org/variable#16	1
http://ex.org/variable#10 http://www.ibm.com/timex#di http://ex.org/variable#17	1
http://ex.org/variable#10 http://www.ibm.com/timex#oi http://ex.org/variable#18	1
http://ex.org/variable#10 http://www.ibm.com/timex#oi http://ex.org/variable#19	1
http://ex.org/variable#10 http://www.ibm.com/timex#d http://ex.org/variable#20	1
http://ex.org/variable#10 http://www.ibm.com/timex#o http://ex.org/variable#21	1
http://ex.org/variable#10 http://www.ibm.com/timex#d http://ex.org/variable#22	1
http://ex.org/variable#10 http://www.ibm.com/timex#oi http://ex.org/variable#23	1
http://ex.org/variable#10 http://www.ibm.com/timex#d http://ex.org/variable#24	1
http://ex.org/variable#10 http://www.ibm.com/timex#bi http://ex.org/variable#25	1
http://ex.org/variable#10 http://www.ibm.com/timex#di http://ex.org/variable#26	1
http://ex.org/variable#10 http://www.ibm.com/timex#oi http://ex.org/variable#27	1
http://ex.org/variable#10 http://www.ibm.com/timex#o_di_fi http://ex.org/variable#28	1
http://ex.org/variable#10 http://www.ibm.com/timex#d http://ex.org/variable#29	1
http://ex.org/variable#10 http://www.ibm.com/timex#di http://ex.org/variable#30	1
http://ex.org/variable#10 http://www.ibm.com/timex#oi http://ex.org/variable#31	1
http://ex.org/variable#10 http://www.ibm.com/timex#oi http://ex.org/variable#32	1
http://ex.org/variable#10 http://www.ibm.com/timex#o http://ex.org/variable#33	1
http://ex.org/variable#10 http://www.ibm.com/timex#oi http://ex.org/variable#34	1
http://ex.org/variable#10 http://www.ibm.com/timex#di http://ex.org/variable#35	1
http://ex.org/variable#10 http://www.ibm.com/timex#oi http://ex.org/variable#36	1
http://ex.org/variable#10 http://www.ibm.com/timex#oi http://ex.org/variable#37	1
http://ex.org/variable#10 http://www.ibm.com/timex#oi http://ex.org/variable#38	1
http://ex.org/variable#10 http://www.ibm.com/timex#di http://ex.org/variable#39	1
http://ex.org/variable#10 http://www.ibm.com/timex#oi http://ex.org/variable#40	1
http://ex.org/variable#10 http://www.ibm.com/timex#d http://ex.org/variable#41	1
http://ex.org/variable#10 http://www.ibm.com/timex#d http://ex.org/variable#42	1
http://ex.org/variable#10 http://www.ibm.com/timex#oi http://ex.org/variable#43	1
http://ex.org/variable#10 http://www.ibm.com/timex#oi http://ex.org/variable#44	1
http://ex.org/variable#10 http://www.ibm.com/timex#o http://ex.org/variable#45	1
http://ex.org/variable#10 http://www.ibm.com/timex#oi http://ex.org/variable#46	1
http://ex.org/variable#10 http://www.ibm.com/timex#oi http://ex.org/variable#47	1
http://ex.org/variable#10 http://www.ibm.com/timex#di http://ex.org/variable#48	1
http://ex.org/variable#10 http://www.ibm.com/timex#oi http://ex.org/variable#49	1
http://ex.org/variable#10 http://www.ibm.com/timex#o_s http://ex.org/variable#50	1
http://ex.org/variable#10 http://www.ibm.com/timex#di http://ex.org/variable#51	1
http://ex.org/variable#10 http://www.ibm.com/timex#oi http://ex.org/variable#52	1
http://ex.org/variable#10 http://www.ibm.com/timex#oi http://ex.org/variable#53	1
http://ex.org/variable#10 http://www.ibm.com/timex#oi http://ex.org/variable#54	1
http://ex.org/variable#10 http://www.ibm.com/timex#oi_si http://ex.org/variable#55	1
http://ex.org/variable#10 http://www.ibm.com/timex#oi http://ex.org/variable#56	1
http://ex.org/variable#10 http://www.ibm.com/timex#oi http://ex.org/variable#57	1
http://ex.org/variable#10 http://www.ibm.com/timex#oi http://ex.org/variable#58	1
http://ex.org/variable#10 http://www.ibm.com/timex#d http://ex.org/variable#59	1
http://ex.org/variable#10 http://www.ibm.com/timex#d http://ex.org/variable#60	1
http://ex.org/variable#10 http://www.ibm.com/timex#d http://ex.org/variable#61	1
http://ex.org/variable#10 http://www.ibm.com/timex#d http://ex.org/variable#62	1
http://ex.org/variable#10 http://www.ibm.com/timex#oi http://ex.org/variable#63	1
http://ex.org/variable#10 http://www.ibm.com/timex#d http://ex.org/variable#64	1
http://ex.org/variable#10 http://www.ibm.com/timex#bi http://ex.org/variable#65	1
http://ex.org/variable#10 http://www.ibm.com/timex#oi http://ex.org/variable#66	1
http://ex.org/variable#10 http://www.ibm.com/timex#d http://ex.org/variable#67	1
http://ex.org/variable#10 http://www.ibm.com/timex#d http://ex.org/variable#68	1
http://ex.org/variable#10 http://www.ibm.com/timex#oi http://ex.org/variable#69	1
http://ex.org/variable#10 http://www.ibm.com/timex#d http://ex.org/variable#70	1
http://ex.org/variable#10 http://www.ibm.com/timex#oi http://ex.org/variable#71	1
http://ex.org/variable#10 http://www.ibm.com/timex#di_si http://ex.org/variable#72	1
http://ex.org/variable#10 http://www.ibm.com/timex#oi http://ex.org/variable#73	1
http://ex.org/variable#10 http://www.ibm.com/timex#d http://ex.org/variable#74	1
http://ex.org/variable#10 http://www.ibm.com/timex#oi http://ex.org/variable#75	1
http://ex.org/variable#10 http://www.ibm.com/timex#oi http://ex.org/variable#76	1
http://ex.org/variable#10 http://www.ibm.com/timex#d http://ex.org/variable#77	1
http://ex.org/variable#10 http://www.ibm.com/timex#oi http://ex.org/variable#78	1
http://ex.org/variable#10 http://www.ibm.com/timex#oi http://ex.org/variable#79	1
http://ex.org/variable#10 http://www.ibm.com/timex#d http://ex.org/variable#80	1
http://ex.org/variable#10 http://www.ibm.com/timex#oi http://ex.org/variable#81	1
http://ex.org/variable#10 http://www.ibm.com/timex#oi http://ex.org/variable#82	1
http://ex.org/variable#10 http://www.ibm.com/timex#d http://ex.org/variable#83	1
http://ex.org/variable#10 http://www.ibm.com/timex#di http://ex.org/variable#84	1
http://ex.org/variable#10 http://www.ibm.com/timex#di http://ex.org/variable#85	1
http://ex.org/variable#10 http://www.ibm.com/timex#d http://ex.org/variable#86	1
http://ex.org/variable#10 http://www.ibm.com/timex#o http://ex.org/variable#87	1
http://ex.org/variable#10 http://www.ibm.com/timex#o_di_fi http://ex.org/variable#88	1
http://ex.org/variable#10 http://www.ibm.com/timex#d http://ex.org/variable#89	1
http://ex.org/variable#10 http://www.ibm.com/timex#oi http://ex.org/variable#90	1
http://ex.org/variable#10 http://www.ibm.com/timex#d http://ex.org/variable#91	1
http://ex.org/variable#10 http://www.ibm.com/timex#o http://ex.org/variable#92	1
http://ex.org/variable#10 http://www.ibm.com/timex#oi http://ex.org/variable#93	1
http://ex.org/variable#10 http://www.ibm.com/timex#oi http://ex.org/variable#94	1
http://ex.org/variable#10 http://www.ibm.com/timex#di http://ex.org/variable#95	1
http://ex.org/variable#10 http://www.ibm.com/timex#bi http://ex.org/variable#96	1
http://ex.org/variable#10 http://www.ibm.com/timex#d http://ex.org/variable#97	1
http://ex.org/variable#10 http://www.ibm.com/timex#o http://ex.org/variable#98	1
http://ex.org/variable#10 http://www.ibm.com/timex#di http://ex.org/variable#99	1
http://ex.org/variable#10 http://www.ibm.com/timex#bi http://ex.org/variable#100	1
http://ex.org/variable#10 http://www.ibm.com/timex#d http://ex.org/variable#101	1
http://ex.org/variable#10 http://www.ibm.com/timex#di http://ex.org/variable#102	1
http://ex.org/variable#10 http://www.ibm.com/timex#oi http://ex.org/variable#103	1
http://ex.org/variable#10 http://www.ibm.com/timex#b http://ex.org/variable#104	1
http://ex.org/variable#10 http://www.ibm.com/timex#d http://ex.org/variable#105	1
http://ex.org/variable#10 http://www.ibm.com/timex#d http://ex.org/variable#106	1
http://ex.org/variable#10 http://www.ibm.com/timex#oi http://ex.org/variable#107	1
http://ex.org/variable#10 http://www.ibm.com/timex#di http://ex.org/variable#108	1
http://ex.org/variable#10 http://www.ibm.com/timex#di http://ex.org/variable#109	1
http://ex.org/variable#10 http://www.ibm.com/timex#d http://ex.org/variable#110	1
http://ex.org/variable#10 http://www.ibm.com/timex#oi http://ex.org/variable#111	1
http://ex.org/variable#10 http://www.ibm.com/timex#oi http://ex.org/variable#112	1
http://ex.org/variable#10 http://www.ibm.com/timex#di http://ex.org/variable#113	1
http://ex.org/variable#10 http://www.ibm.com/timex#oi http://ex.org/variable#114	1
http://ex.org/variable#10 http://www.ibm.com/timex#o http://ex.org/variable#115	1
http://ex.org/variable#10 http://www.ibm.com/timex#di http://ex.org/variable#116	1
http://ex.org/variable#10 http://www.ibm.com/timex#oi http://ex.org/variable#117	1
http://ex.org/variable#10 http://www.ibm.com/timex#oi http://ex.org/variable#118	1
http://ex.org/variable#10 http://www.ibm.com/timex#d http://ex.org/variable#119	1
http://ex.org/variable#10 http://www.ibm.com/timex#oi http://ex.org/variable#120	1
http://ex.org/variable#10 http://www.ibm.com/timex#o http://ex.org/variable#121	1
http://ex.org/variable#10 http://www.ibm.com/timex#oi http://ex.org/variable#122	1
http://ex.org/variable#10 http://www.ibm.com/timex#o_s http://ex.org/variable#123	1
http://ex.org/variable#10 http://www.ibm.com/timex#oi http://ex.org/variable#124	1
http://ex.org/variable#10 http://www.ibm.com/timex#oi http://ex.org/variable#125	1
http://ex.org/variable#10 http://www.ibm.com/timex#di http://ex.org/variable#126	1
http://ex.org/variable#10 http://www.ibm.com/timex#o_di http://ex.org/variable#127	1
http://ex.org/variable#10 http://www.ibm.com/timex#d http://ex.org/variable#128	1
http://ex.org/variable#10 http://www.ibm.com/timex#oi http://ex.org/variable#129	1
http://ex.org/variable#10 http://www.ibm.com/timex#oi http://ex.org/variable#130	1
http://ex.org/variable#10 http://www.ibm.com/timex#o http://ex.org/variable#131	1
http://ex.org/variable#10 http://www.ibm.com/timex#d http://ex.org/variable#132	1
http://ex.org/variable#10 http://www.ibm.com/timex#o http://ex.org/variable#133	1
http://ex.org/variable#10 http://www.ibm.com/timex#oi http://ex.org/variable#134	1
http://ex.org/variable#10 http://www.ibm.com/timex#d http://ex.org/variable#135	1
http://ex.org/variable#10 http://www.ibm.com/timex#d http://ex.org/variable#136	1
http://ex.org/variable#10 http://www.ibm.com/timex#di http://ex.org/variable#137	1
http://ex.org/variable#10 http://www.ibm.com/timex#o http://ex.org/variable#138	1
http://ex.org/variable#10 http://www.ibm.com/timex#oi http://ex.org/variable#139	1
http://ex.org/variable#10 http://www.ibm.com/timex#oi http://ex.org/variable#140	1
http://ex.org/variable#10 http://www.ibm.com/timex#d http://ex.org/variable#141	1
http://ex.org/variable#10 http://www.ibm.com/timex#oi http://ex.org/variable#142	1
http://ex.org/variable#10 http://www.ibm.com/timex#d http://ex.org/variable#143	1
http://ex.org/variable#10 http://www.ibm.com/timex#d http://ex.org/variable#144	1
http://ex.org/variable#10 http://www.ibm.com/timex#o http://ex.org/variable#145	1
http://ex.org/variable#10 http://www.ibm.com/timex#d http://ex.org/variable#146	1
http://ex.org/variable#10 http://www.ibm.com/timex#oi http://ex.org/variable#147	1
http://ex.org/variable#10 http://www.ibm.com/timex#oi http://ex.org/variable#148	1
http://ex.org/variable#10 http://www.ibm.com/timex#bi_oi http://ex.org/variable#149	1
http://ex.org/variable#10 http://www.ibm.com/timex#o http://ex.org/variable#150	1
http://ex.org/variable#10 http://www.ibm.com/timex#d http://ex.org/variable#151	1
http://ex.org/variable#10 http://www.ibm.com/timex#bi http://ex.org/variable#152	1
http://ex.org/variable#10 http://www.ibm.com/timex#d http://ex.org/variable#153	1
http://ex.org/variable#10 http://www.ibm.com/timex#di http://ex.org/variable#154	1
http://ex.org/variable#10 http://www.ibm.com/timex#oi http://ex.org/variable#155	1
http://ex.org/variable#10 http://www.ibm.com/timex#oi http://ex.org/variable#156	1
http://ex.org/variable#10 http://www.ibm.com/timex#bi http://ex.org/variable#157	1
http://ex.org/variable#10 http://www.ibm.com/timex#oi http://ex.org/variable#158	1
http://ex.org/variable#10 http://www.ibm.com/timex#o http://ex.org/variable#159	1
http://ex.org/variable#10 http://www.ibm.com/timex#oi_d_f http://ex.org/variable#160	1
http://ex.org/variable#10 http://www.ibm.com/timex#di http://ex.org/variable#161	1
http://ex.org/variable#10 http://www.ibm.com/timex#oi http://ex.org/variable#162	1
http://ex.org/variable#10 http://www.ibm.com/timex#o http://ex.org/variable#163	1
http://ex.org/variable#10 http://www.ibm.com/timex#o_d_s http://ex.org/variable#164	1
http://ex.org/variable#10 http://www.ibm.com/timex#oi http://ex.org/variable#165	1
http://ex.org/variable#10 http://www.ibm.com/timex#oi http://ex.org/variable#166	1
http://ex.org/variable#10 http://www.ibm.com/timex#oi http://ex.org/variable#167	1
http://ex.org/variable#10 http://www.ibm.com/timex#o http://ex.org/variable#168	1
http://ex.org/variable#10 http://www.ibm.com/timex#d http://ex.org/variable#169	1
http://ex.org/variable#10 http://www.ibm.com/timex#o http://ex.org/variable#170	1
http://ex.org/variable#10 http://www.ibm.com/timex#oi http://ex.org/variable#171	1
http://ex.org/variable#10 http://www.ibm.com/timex#bi http://ex.org/variable#172	1
http://ex.org/variable#10 http://www.ibm.com/timex#di http://ex.org/variable#173	1
http://ex.org/variable#10 http://www.ibm.com/timex#di http://ex.org/variable#174	1
http://ex.org/variable#10 http://www.ibm.com/timex#oi http://ex.org/variable#175	1
http://ex.org/variable#10 http://www.ibm.com/timex#o http://ex.org/variable#176	1
http://ex.org/variable#10 http://www.ibm.com/timex#oi http://ex.org/variable#177	1
http://ex.org/variable#10 http://www.ibm.com/timex#d http://ex.org/variable#178	1
http://ex.org/variable#10 http://www.ibm.com/timex#o http://ex.org/variable#179	1
http://ex.org/variable#10 http://www.ibm.com/timex#bi http://ex.org/variable#180	1
http://ex.org/variable#10 http://www.ibm.com/timex#bi http://ex.org/variable#181	1
http://ex.org/variable#10 http://www.ibm.com/timex#di http://ex.org/variable#182	1
http://ex.org/variable#10 http://www.ibm.com/timex#o http://ex.org/variable#183	1
http://ex.org/variable#10 http://www.ibm.com/timex#oi http://ex.org/variable#184	1
http://ex.org/variable#10 http://www.ibm.com/timex#oi http://ex.org/variable#185	1
http://ex.org/variable#10 http://www.ibm.com/timex#o http://ex.org/variable#186	1
http://ex.org/variable#10 http://www.ibm.com/timex#oi http://ex.org/variable#187	1
http://ex.org/variable#10 http://www.ibm.com/timex#di http://ex.org/variable#188	1
http://ex.org/variable#10 http://www.ibm.com/timex#di http://ex.org/variable#189	1
http://ex.org/variable#11 http://www.ibm.com/timex#o http://ex.org/variable#0	1
http://ex.org/variable#11 http://www.ibm.com/timex#o http://ex.org/variable#1	1
http://ex.org/variable#11 http://www.ibm.com/timex#o http://ex.org/variable#2	1
http://ex.org/variable#11 http://www.ibm.com/timex#di http://ex.org/variable#3	1
http://ex.org/variable#11 http://www.ibm.com/timex#o http://ex.org/variable#4	1
http://ex.org/variable#11 http://www.ibm.com/timex#di http://ex.org/variable#5	1
http://ex.org/variable#11 http://www.ibm.com/timex#di http://ex.org/variable#6	1
http://ex.org/variable#11 http://www.ibm.com/timex#o http://ex.org/variable#7	1
http://ex.org/variable#11 http://www.ibm.com/timex#oi http://ex.org/variable#8	1
http://ex.org/variable#11 http://www.ibm.com/timex#o http://ex.org/variable#9	1
http://ex.org/variable#11 http://www.ibm.com/timex#di http://ex.org/variable#10	1
http://ex.org/variable#11 http://www.ibm.com/timex#d http://ex.org/variable#12	1
http://ex.org/variable#11 http://www.ibm.com/timex#oi http://ex.org/variable#13	1
http://ex.org/variable#11 http://www.ibm.com/timex#di http://ex.org/variable#14	1
http://ex.org/variable#11 http://www.ibm.com/timex#oi http://ex.org/variable#15	1
http://ex.org/variable#11 http://www.ibm.com/timex#di http://ex.org/variable#16	1
http://ex.org/variable#11 http://www.ibm.com/timex#di http://ex.org/variable#17	1
http://ex.org/variable#11 http://www.ibm.com/timex#di http://ex.org/variable#18	1
http://ex.org/variable#11 http://www.ibm.com/timex#oi http://ex.org/variable#19	1
http://ex.org/variable#11 http://www.ibm.com/timex#d http://ex.org/variable#20	1
http://ex.org/variable#11 http://www.ibm.com/timex#di http://ex.org/variable#21	1
http://ex.org/variable#11 http://www.ibm.com/timex#o http://ex.org/variable#22	1
http://ex.org/variable#11 http://www.ibm.com/timex#di http://ex.org/variable#23	1
http://ex.org/variable#11 http://www.ibm.com/timex#d http://ex.org/variable#24	1
http://ex.org/variable#11 http://www.ibm.com/timex#oi http://ex.org/variable#25	1
http://ex.org/variable#11 http://www.ibm.com/timex#di http://ex.org/variable#26	1
http://ex.org/variable#11 http://www.ibm.com/timex#oi http://ex.org/variable#27	1
http://ex.org/variable#11 http://www.ibm.com/timex#di http://ex.org/variable#28	1
http://ex.org/variable#11 http://www.ibm.com/timex#di http://ex.org/variable#29	1
http://ex.org/variable#11 http://www.ibm.com/timex#di http://ex.org/variable#30	1
http://ex.org/variable#11 http://www.ibm.com/timex#oi http://ex.org/variable#31	1
http://ex.org/variable#11 http://www.ibm.com/timex#oi http://ex.org/variable#32	1
http://ex.org/variable#11 http://www.ibm.com/timex#o http://ex.org/variable#33	1
http://ex.org/variable#11 http://www.ibm.com/timex#si http://ex.org/variable#34	1
http://ex.org/variable#11 http://www.ibm.com/timex#di http://ex.org/variable#35	1
http://ex.org/variable#11 http://www.ibm.com/timex#oi http://ex.org/variable#36	1
http://ex.org/variable#11 http://www.ibm.com/timex#oi http://ex.org/variable#37	1
http://ex.org/variable#11 http://www.ibm.com/timex#oi http://ex.org/variable#38	1
http://ex.org/variable#11 http://www.ibm.com/timex#di http://ex.org/variable#39	1
http://ex.org/variable#11 http://www.ibm.com/timex#oi http://ex.org/variable#40	1
http://ex.org/variable#11 http://www.ibm.com/timex#di http://ex.org/variable#41	1
http://ex.org/variable#11 http://www.ibm.com/timex#o http://ex.org/variable#42	1
http://ex.org/variable#11 http://www.ibm.com/timex#oi http://ex.org/variable#43	1
http://ex.org/variable#11 http://www.ibm.com/timex#oi http://ex.org/variable#44	1
http://ex.org/variable#11 http://www.ibm.com/timex#o http://ex.org/variable#45	1
http://ex.org/variable#11 http://www.ibm.com/timex#oi http://ex.org/variable#46	1
http://ex.org/variable#11 http://www.ibm.com/timex#oi http://ex.org/variable#47	1
http://ex.org/variable#11 http://www.ibm.com/timex#di http://ex.org/variable#48	1
http://ex.org/variable#11 http://www.ibm.com/timex#oi http://ex.org/variable#49	1
http://ex.org/variable#11 http://www.ibm.com/timex#o http://ex.org/variable#50	1
http://ex.org/variable#11 http://www.ibm.com/timex#di http://ex.org/variable#51	1
http://ex.org/variable#11 http://www.ibm.com/timex#oi http://ex.org/variable#52	1
http://ex.org/variable#11 http://www.ibm.com/timex#oi http://ex.org/variable#53	1
http://ex.org/variable#11 http://www.ibm.com/timex#di http://ex.org/variable#54	1
http://ex.org/variable#11 http://www.ibm.com/timex#di http://ex.org/variable#55	1
http://ex.org/variable#11 http://www.ibm.com/timex#di http://ex.org/variable#56	1
http://ex.org/variable#11 http://www.ibm.com/timex#oi http://ex.org/variable#57	1
http://ex.org/variable#11 http://www.ibm.com/timex#di_si http://ex.org/variable#58	1
http://ex.org/variable#11 http://www.ibm.com/timex#s http://ex.org/variable#59	1
http://ex.org/variable#11 http://www.ibm.com/timex#d http://ex.org/variable#60	1
http://ex.org/variable#11 http://www.ibm.com/timex#d http://ex.org/variable#61	1
http://ex.org/variable#11 http://www.ibm.com/timex#o http://ex.org/variable#62	1
http://ex.org/variable#11 http://www.ibm.com/timex#oi http://ex.org/variable#63	1
http://ex.org/variable#11 http://www.ibm.com/timex#oi_f http://ex.org/variable#64	1
http://ex.org/variable#11 http://www.ibm.com/timex#di http://ex.org/variable#65	1
http://ex.org/variable#11 http://www.ibm.com/timex#oi http://ex.org/variable#66	1
http://ex.org/variable#11 http://www.ibm.com/timex#o http://ex.org/variable#67	1
http://ex.org/variable#11 http://www.ibm.com/timex#o_di_fi http://ex.org/variable#68	1
http://ex.org/variable#11 http://www.ibm.com/timex#di http://ex.org/variable#69	1
http://ex.org/variable#11 http://www.ibm.com/timex#o http://ex.org/variable#70	1
http://ex.org/variable#11 http://www.ibm.com/timex#oi http://ex.org/variable#71	1
http://ex.org/variable#11 http://www.ibm.com/timex#di http://ex.org/variable#72	1
http://ex.org/variable#11 http://www.ibm.com/timex#di http://ex.org/variable#73	1
http://ex.org/variable#11 http://www.ibm.com/timex#o_di_fi http://ex.org/variable#74	1
http://ex.org/variable#11 http://www.ibm.com/timex#si http://ex.org/variable#75	1
http://ex.org/variable#11 http://www.ibm.com/timex#di http://ex.org/variable#76	1
http://ex.org/variable#11 http://www.ibm.com/timex#o http://ex.org/variable#77	1
http://ex.org/variable#11 http://www.ibm.com/timex#di http://ex.org/variable#78	1
http://ex.org/variable#11 http://www.ibm.com/timex#oi http://ex.org/variable#79	1
http://ex.org/variable#11 http://www.ibm.com/timex#d http://ex.org/variable#80	1
http://ex.org/variable#11 http://www.ibm.com/timex#oi http://ex.org/variable#81	1
http://ex.org/variable#11 http://www.ibm.com/timex#di http://ex.org/variable#82	1
http://ex.org/variable#11 http://www.ibm.com/timex#oi_d_f http://ex.org/variable#83	1
http://ex.org/variable#11 http://www.ibm.com/timex#di http://ex.org/variable#84	1
http://ex.org/variable#11 http://www.ibm.com/timex#di http://ex.org/variable#85	1
http://ex.org/variable#11 http://www.ibm.com/timex#d http://ex.org/variable#86	1
http://ex.org/variable#11 http://www.ibm.com/timex#o http://ex.org/variable#87	1
http://ex.org/variable#11 http://www.ibm.com/timex#di http://ex.org/variable#88	1
http://ex.org/variable#11 http://www.ibm.com/timex#o http://ex.org/variable#89	1
http://ex.org/variable#11 http://www.ibm.com/timex#di http://ex.org/variable#90	1
http://ex.org/variable#11 http://www.ibm.com/timex#o http://ex.org/variable#91	1
http://ex.org/variable#11 http://www.ibm.com/timex#o http://ex.org/variable#92	1
http://ex.org/variable#11 http://www.ibm.com/timex#di http://ex.org/variable#93	1
http://ex.org/variable#11 http://www.ibm.com/timex#oi http://ex.org/variable#94	1
http://ex.org/variable#11 http://www.ibm.com/timex#di http://ex.org/variable#95	1
http://ex.org/variable#11 http://www.ibm.com/timex#di http://ex.org/variable#96	1
http://ex.org/variable#11 http://www.ibm.com/timex#di http://ex.org/variable#97	1
http://ex.org/variable#11 http://www.ibm.com/timex#o_di http://ex.org/variable#98	1
http://ex.org/variable#11 http://www.ibm.com/timex#di http://ex.org/variable#99	1
http://ex.org/variable#11 http://www.ibm.com/timex#oi http://ex.org/variable#100	1
http://ex.org/variable#11 http://www.ibm.com/timex#o_di_fi http://ex.org/variable#101	1
http://ex.org/variable#11 http://www.ibm.com/timex#di http://ex.org/variable#102	1
http://ex.org/variable#11 http://www.ibm.com/timex#oi http://ex.org/variable#103	1
http://ex.org/variable#11 http://www.ibm.com/timex#di_fi http://ex.org/variable#104	1
http://ex.org/variable#11 http://www.ibm.com/timex#o_di_fi http://ex.org/variable#105	1
http://ex.org/variable#11 http://www.ibm.com/timex#d http://ex.org/variable#106	1
http://ex.org/variable#11 http://www.ibm.com/timex#di http://ex.org/variable#107	1
http://ex.org/variable#11 http://www.ibm.com/timex#di http://ex.org/variable#108	1
http://ex.org/variable#11 http://www.ibm.com/timex#di http://ex.org/variable#109	1
http://ex.org/variable#11 http://www.ibm.com/timex#oi_d http://ex.org/variable#110	1
http://ex.org/variable#11 http://www.ibm.com/timex#di http://ex.org/variable#111	1
http://ex.org/variable#11 http://www.ibm.com/timex#oi http://ex.org/variable#112	1
http://ex.org/variable#11 http://www.ibm.com/timex#di http://ex.org/variable#113	1
http://ex.org/variable#11 http://www.ibm.com/timex#si http://ex.org/variable#114	1
http://ex.org/variable#11 http://www.ibm.com/timex#di http://ex.org/variable#115	1
http://ex.org/variable#11 http://www.ibm.com/timex#di http://ex.org/variable#116	1
http://ex.org/variable#11 http://www.ibm.com/timex#oi http://ex.org/variable#117	1
http://ex.org/variable#11 http://www.ibm.com/timex#oi http://ex.org/variable#118	1
http://ex.org/variable#11 http://www.ibm.com/timex#oi_d_f http://ex.org/variable#119	1
http://ex.org/variable#11 http://www.ibm.com/timex#di http://ex.org/variable#120	1
http://ex.org/variable#11 http://www.ibm.com/timex#di http://ex.org/variable#121	1
http://ex.org/variable#11 http://www.ibm.com/timex#oi http://ex.org/variable#122	1
http://ex.org/variable#11 http://www.ibm.com/timex#o http://ex.org/variable#123	1
http://ex.org/variable#11 http://www.ibm.com/timex#oi http://ex.org/variable#124	1
http://ex.org/variable#11 http://www.ibm.com/timex#oi http://ex.org/variable#125	1
http://ex.org/variable#11 http://www.ibm.com/timex#di http://ex.org/variable#126	1
http://ex.org/variable#11 http://www.ibm.com/timex#di http://ex.org/variable#127	1
http://ex.org/variable#11 http://www.ibm.com/timex#o http://ex.org/variable#128	1
http://ex.org/variable#11 http://www.ibm.com/timex#oi http://ex.org/variable#129	1
http://ex.org/variable#11 http://www.ibm.com/timex#di http://ex.org/variable#130	1
http://ex.org/variable#11 http://www.ibm.com/timex#o http://ex.org/variable#131	1
http://ex.org/variable#11 http://www.ibm.com/timex#oi_d_f http://ex.org/variable#132	1
http://ex.org/variable#11 http://www.ibm.com/timex#o http://ex.org/variable#133	1
http://ex.org/variable#11 http://www.ibm.com/timex#oi http://ex.org/variable#134	1
http://ex.org/variable#11 http://www.ibm.com/timex#o http://ex.org/variable#135	1
http://ex.org/variable#11 http://www.ibm.com/timex#o http://ex.org/variable#136	1
http://ex.org/variable#11 http://www.ibm.com/timex#di http://ex.org/variable#137	1
http://ex.org/variable#11 http://www.ibm.com/timex#o_di_fi http://ex.org/variable#138	1
http://ex.org/variable#11 http://www.ibm.com/timex#di http://ex.org/variable#139	1
http://ex.org/variable#11 http://www.ibm.com/timex#di http://ex.org/variable#140	1
http://ex.org/variable#11 http://www.ibm.com/timex#d http://ex.org/variable#141	1
http://ex.org/variable#11 http://www.ibm.com/timex#oi http://ex.org/variable#142	1
http://ex.org/variable#11 http://www.ibm.com/timex#d http://ex.org/variable#143	1
http://ex.org/variable#11 http://www.ibm.com/timex#o http://ex.org/variable#144	1
http://ex.org/variable#11 http://www.ibm.com/timex#di http://ex.org/variable#145	1
http://ex.org/variable#11 http://www.ibm.com/timex#o http://ex.org/variable#146	1
http://ex.org/variable#11 http://www.ibm.com/timex#di http://ex.org/variable#147	1
http://ex.org/variable#11 http://www.ibm.com/timex#di http://ex.org/variable#148	1
http://ex.org/variable#11 http://www.ibm.com/timex#oi http://ex.org/variable#149	1
http://ex.org/variable#11 http://www.ibm.com/timex#o http://ex.org/variable#150	1
http://ex.org/variable#11 http://www.ibm.com/timex#o http://ex.org/variable#151	1
http://ex.org/variable#11 http://www.ibm.com/timex#oi http://ex.org/variable#152	1
http://ex.org/variable#11 http://www.ibm.com/timex#o http://ex.org/variable#153	1
http://ex.org/variable#11 http://www.ibm.com/timex#di http://ex.org/variable#154	1
http://ex.org/variable#11 http://www.ibm.com/timex#oi http://ex.org/variable#155	1
http://ex.org/variable#11 http://www.ibm.com/timex#di http://ex.org/variable#156	1
http://ex.org/variable#11 http://www.ibm.com/timex#di http://ex.org/variable#157	1
http://ex.org/variable#11 http://www.ibm.com/timex#si http://ex.org/variable#158	1
http://ex.org/variable#11 http://www.ibm.com/timex#o http://ex.org/variable#159	1
http://ex.org/variable#11 http://www.ibm.com/timex#di http://ex.org/variable#160	1
http://ex.org/variable#11 http://www.ibm.com/timex#di http://ex.org/variable#161	1
http://ex.org/variable#11 http://www.ibm.com/timex#si http://ex.org/variable#162	1
http://ex.org/variable#11 http://www.ibm.com/timex#di http://ex.org/variable#163	1
http://ex.org/variable#11 http://www.ibm.com/timex#o_di_fi http://ex.org/variable#164	1
http://ex.org/variable#11 http://www.ibm.com/timex#di http://ex.org/variable#165	1
http://ex.org/variable#11 http://www.ibm.com/timex#oi http://ex.org/variable#166	1
http://ex.org/variable#11 http://www.ibm.com/timex#oi http://ex.org/variable#167	1
http://ex.org/variable#11 http://www.ibm.com/timex#o_di_fi http://ex.org/variable#168	1
http://ex.org/variable#11 http://www.ibm.com/timex#oi http://ex.org/variable#169	1
http://ex.org/variable#11 http://www.ibm.com/timex#o_di_fi http://ex.org/variable#170	1
http://ex.org/variable#11 http://www.ibm.com/timex#oi http://ex.org/variable#171	1
http://ex.org/variable#11 http://www.ibm.com/timex#oi http://ex.org/variable#172	1
http://ex.org/variable#11 http://www.ibm.com/timex#di http://ex.org/variable#173	1
http://ex.org/variable#11 http://www.ibm.com/timex#di http://ex.org/variable#174	1
http://ex.org/variable#11 http://www.ibm.com/timex#oi http://ex.org/variable#175	1
http://ex.org/variable#11 http://www.ibm.com/timex#o http://ex.org/variable#176	1
http://ex.org/variable#11 http://www.ibm.com/timex#di http://ex.org/variable#177	1
http://ex.org/variable#11 http://www.ibm.com/timex#o http://ex.org/variable#178	1
http://ex.org/variable#11 http://www.ibm.com/timex#o_di_fi http://ex.org/variable#179	1
http://ex.org/variable#11 http://www.ibm.com/timex#di http://ex.org/variable#180	1
http://ex.org/variable#11 http://www.ibm.com/timex#oi http://ex.org/variable#181	1
http://ex.org/variable#11 http://www.ibm.com/timex#di http://ex.org/variable#182	1
http://ex.org/variable#11 http://www.ibm.com/timex#o_di_fi http://ex.org/variable#183	1
http://ex.org/variable#11 http://www.ibm.com/timex#oi http://ex.org/variable#184	1
http://ex.org/variable#11 http://www.ibm.com/timex#di http://ex.org/variable#185	1
http://ex.org/variable#11 http://www.ibm.com/timex#di http://ex.org/variable#186	1
http://ex.org/variable#11 http://www.ibm.com/timex#oi http://ex.org/variable#187	1
http://ex.org/variable#11 http://www.ibm.com/timex#di http://ex.org/variable#188	1
http://ex.org/variable#11 http://www.ibm.com/timex#di http://ex.org/variable#189	1
http://ex.org/variable#12 http://www.ibm.com/timex#di http://ex.org/variable#0	1
http://ex.org/variable#12 http://www.ibm.com/timex#o_di http://ex.org/variable#1	1
http://ex.org/variable#12 http://www.ibm.com/timex#di http://ex.org/variable#2	1
http://ex.org/variable#12 http://www.ibm.com/timex#di http://ex.org/variable#3	1
http://ex.org/variable#12 http://www.ibm.com/timex#o http://ex.org/variable#4	1
http://ex.org/variable#12 http://www.ibm.com/timex#di http://ex.org/variable#5	1
http://ex.org/variable#12 http://www.ibm.com/timex#di http://ex.org/variable#6	1
http://ex.org/variable#12 http://www.ibm.com/timex#di http://ex.org/variable#7	1
http://ex.org/variable#12 http://www.ibm.com/timex#di http://ex.org/variable#8	1
http://ex.org/variable#12 http://www.ibm.com/timex#o http://ex.org/variable#9	1
http://ex.org/variable#12 http://www.ibm.com/timex#di http://ex.org/variable#10	1
http://ex.org/variable#12 http://www.ibm.com/timex#di http://ex.org/variable#11	1
http://ex.org/variable#12 http://www.ibm.com/timex#di http://ex.org/variable#13	1
http://ex.org/variable#12 http://www.ibm.com/timex#di http://ex.org/variable#14	1
http://ex.org/variable#12 http://www.ibm.com/timex#di http://ex.org/variable#15	1
http://ex.org/variable#12 http://www.ibm.com/timex#di http://ex.org/variable#16	1
http://ex.org/variable#12 http://www.ibm.com/timex#di http://ex.org/variable#17	1
http://ex.org/variable#12 http://www.ibm.com/timex#di http://ex.org/variable#18	1
http://ex.org/variable#12 http://www.ibm.com/timex#di http://ex.org/variable#19	1
http://ex.org/variable#12 http://www.ibm.com/timex#o http://ex.org/variable#20	1
http://ex.org/variable#12 http://www.ibm.com/timex#di http://ex.org/variable#21	1
http://ex.org/variable#12 http://www.ibm.com/timex#o http://ex.org/variable#22	1
http://ex.org/variable#12 http://www.ibm.com/timex#di http://ex.org/variable#23	1
http://ex.org/variable#12 http://www.ibm.com/timex#di http://ex.org/variable#24	1
http://ex.org/variable#12 http://www.ibm.com/timex#di http://ex.org/variable#25	1
http://ex.org/variable#12 http://www.ibm.com/timex#di http://ex.org/variable#26	1
http://ex.org/variable#12 http://www.ibm.com/timex#oi http://ex.org/variable#27	1
http://ex.org/variable#12 http://www.ibm.com/timex#di http://ex.org/variable#28	1
http://ex.org/variable#12 http://www.ibm.com/timex#di http://ex.org/variable#29	1
http://ex.org/variable#12 http://www.ibm.com/timex#di http://ex.org/variable#30	1
http://ex.org/variable#12 http://www.ibm.com/timex#oi http://ex.org/variable#31	1
http://ex.org/variable#12 http://www.ibm.com/timex#di http://ex.org/variable#32	1
http://ex.org/variable#12 http://www.ibm.com/timex#o http://ex.org/variable#33	1
http://ex.org/variable#12 http://www.ibm.com/timex#di http://ex.org/variable#34	1
http://ex.org/variable#12 http://www.ibm.com/timex#di http://ex.org/variable#35	1
http://ex.org/variable#12 http://www.ibm.com/timex#di http://ex.org/variable#36	1
http://ex.org/variable#12 http://www.ibm.com/timex#di http://ex.org/variable#37	1
http://ex.org/variable#12 http://www.ibm.com/timex#di http://ex.org/variable#38	1
http://ex.org/variable#12 http://www.ibm.com/timex#di http://ex.org/variable#39	1
http://ex.org/variable#12 http://www.ibm.com/timex#di http://ex.org/variable#40	1
http://ex.org/variable#12 http://www.ibm.com/timex#di http://ex.org/variable#41	1
http://ex.org/variable#12 http://www.ibm.com/timex#di http://ex.org/variable#42	1
http://ex.org/variable#12 http://www.ibm.com/timex#di http://ex.org/variable#43	1
http://ex.org/variable#12 http://www.ibm.com/timex#di http://ex.org/variable#44	1
http://ex.org/variable#12 http://www.ibm.com/timex#o http://ex.org/variable#45	1
http://ex.org/variable#12 http://www.ibm.com/timex#di http://ex.org/variable#46	1
http://ex.org/variable#12 http://www.ibm.com/timex#oi http://ex.org/variable#47	1
http://ex.org/variable#12 http://www.ibm.com/timex#di http://ex.org/variable#48	1
http://ex.org/variable#12 http://www.ibm.com/timex#di http://ex.org/variable#49	1
http://ex.org/variable#12 http://www.ibm.com/timex#di http://ex.org/variable#50	1
http://ex.org/variable#12 http://www.ibm.com/timex#di http://ex.org/variable#51	1
http://ex.org/variable#12 http://www.ibm.com/timex#di http://ex.org/variable#52	1
http://ex.org/variable#12 http://www.ibm.com/timex#di http://ex.org/variable#53	1
http://ex.org/variable#12 http://www.ibm.com/timex#di http://ex.org/variable#54	1
http://ex.org/variable#12 http://www.ibm.com/timex#di http://ex.org/variable#55	1
http://ex.org/variable#12 http://www.ibm.com/timex#di http://ex.org/variable#56	1
http://ex.org/variable#12 http://www.ibm.com/timex#di http://ex.org/variable#57	1
http://ex.org/variable#12 http://www.ibm.com/timex#di http://ex.org/variable#58	1
http://ex.org/variable#12 http://www.ibm.com/timex#o http://ex.org/variable#59	1
http://ex.org/variable#12 http://www.ibm.com/timex#o_di_fi http://ex.org/variable#60	1
http://ex.org/variable#12 http://www.ibm.com/timex#o http://ex.org/variable#61	1
http://ex.org/variable#12 http://www.ibm.com/timex#fi http://ex.org/variable#62	1
http://ex.org/variable#12 http://www.ibm.com/timex#di http://ex.org/variable#63	1
http://ex.org/variable#12 http://www.ibm.com/timex#di http://ex.org/variable#64	1
http://ex.org/variable#12 http://www.ibm.com/timex#di http://ex.org/variable#65	1
http://ex.org/variable#12 http://www.ibm.com/timex#oi http://ex.org/variable#66	1
http://ex.org/variable#12 http://www.ibm.com/timex#o http://ex.org/variable#67	1
http://ex.org/variable#12 http://www.ibm.com/timex#di http://ex.org/variable#68	1
http://ex.org/variable#12 http://www.ibm.com/timex#di http://ex.org/variable#69	1
http://ex.org/variable#12 http://www.ibm.com/timex#o http://ex.org/variable#70	1
http://ex.org/variable#12 http://www.ibm.com/timex#di http://ex.org/variable#71	1
http://ex.org/variable#12 http://www.ibm.com/timex#di http://ex.org/variable#72	1
http://ex.org/variable#12 http://www.ibm.com/timex#di http://ex.org/variable#73	1
http://ex.org/variable#12 http://www.ibm.com/timex#di http://ex.org/variable#74	1
http://ex.org/variable#12 http://www.ibm.com/timex#di http://ex.org/variable#75	1
http://ex.org/variable#12 http://www.ibm.com/timex#di http://ex.org/variable#76	1
http://ex.org/variable#12 http://www.ibm.com/timex#o http://ex.org/variable#77	1
http://ex.org/variable#12 http://www.ibm.com/timex#di http://ex.org/variable#78	1
http://ex.org/variable#12 http://www.ibm.com/timex#oi http://ex.org/variable#79	1
http://ex.org/variable#12 http://www.ibm.com/timex#di http://ex.org/variable#80	1
http://ex.org/variable#12 http://www.ibm.com/timex#oi http://ex.org/variable#81	1
http://ex.org/variable#12 http://www.ibm.com/timex#di http://ex.org/variable#82	1
http://ex.org/variable#12 http://www.ibm.com/timex#di http://ex.org/variable#83	1
http://ex.org/variable#12 http://www.ibm.com/timex#di http://ex.org/variable#84	1
http://ex.org/variable#12 http://www.ibm.com/timex#di http://ex.org/variable#85	1
http://ex.org/variable#12 http://www.ibm.com/timex#o http://ex.org/variable#86	1
http://ex.org/variable#12 http://www.ibm.com/timex#di http://ex.org/variable#87	1
http://ex.org/variable#12 http://www.ibm.com/timex#di http://ex.org/variable#88	1
http://ex.org/variable#12 http://www.ibm.com/timex#di http://ex.org/variable#89	1
http://ex.org/variable#12 http://www.ibm.com/timex#di http://ex.org/variable#90	1
http://ex.org/variable#12 http://www.ibm.com/timex#di http://ex.org/variable#91	1
http://ex.org/variable#12 http://www.ibm.com/timex#o http://ex.org/variable#92	1
http://ex.org/variable#12 http://www.ibm.com/timex#di http://ex.org/variable#93	1
http://ex.org/variable#12 http://www.ibm.com/timex#di http://ex.org/variable#94	1
http://ex.org/variable#12 http://www.ibm.com/timex#di http://ex.org/variable#95	1
http://ex.org/variable#12 http://www.ibm.com/timex#di http://ex.org/variable#96	1
http://ex.org/variable#12 http://www.ibm.com/timex#di http://ex.org/variable#97	1
http://ex.org/variable#12 http://www.ibm.com/timex#di http://ex.org/variable#98	1
http://ex.org/variable#12 http://www.ibm.com/timex#di http://ex.org/variable#99	1
http://ex.org/variable#12 http://www.ibm.com/timex#di http://ex.org/variable#100	1
http://ex.org/variable#12 http://www.ibm.com/timex#di http://ex.org/variable#101	1
http://ex.org/variable#12 http://www.ibm.com/timex#di http://ex.org/variable#102	1
http://ex.org/variable#12 http://www.ibm.com/timex#di http://ex.org/variable#103	1
http://ex.org/variable#12 http://www.ibm.com/timex#di http://ex.org/variable#104	1
http://ex.org/variable#12 http://www.ibm.com/timex#di http://ex.org/variable#105	1
http://ex.org/variable#12 http://www.ibm.com/timex#di http://ex.org/variable#106	1
http://ex.org/variable#12 http://www.ibm.com/timex#di http://ex.org/variable#107	1
http://ex.org/variable#12 http://www.ibm.com/timex#di http://ex.org/variable#108	1
http://ex.org/variable#12 http://www.ibm.com/timex#di http://ex.org/variable#109	1
http://ex.org/variable#12 http://www.ibm.com/timex#di http://ex.org/variable#110	1
http://ex.org/variable#12 http://www.ibm.com/timex#di http://ex.org/variable#111	1
http://ex.org/variable#12 http://www.ibm.com/timex#di http://ex.org/variable#112	1
http://ex.org/variable#12 http://www.ibm.com/timex#di http://ex.org/variable#113	1
http://ex.org/variable#12 http://www.ibm.com/timex#di http://ex.org/variable#114	1
http://ex.org/variable#12 http://www.ibm.com/timex#di http://ex.org/variable#115	1
http://ex.org/variable#12 http://www.ibm.com/timex#di http://ex.org/variable#116	1
http://ex.org/variable#12 http://www.ibm.com/timex#di http://ex.org/variable#117	1
http://ex.org/variable#12 http://www.ibm.com/timex#di http://ex.org/variable#118	1
http://ex.org/variable#12 http://www.ibm.com/timex#oi http://ex.org/variable#119	1
http://ex.org/variable#12 http://www.ibm.com/timex#di http://ex.org/variable#120	1
http://ex.org/variable#12 http://www.ibm.com/timex#di http://ex.org/variable#121	1
http://ex.org/variable#12 http://www.ibm.com/timex#di http://ex.org/variable#122	1
http://ex.org/variable#12 http://www.ibm.com/timex#di http://ex.org/variable#123	1
http://ex.org/variable#12 http://www.ibm.com/timex#di http://ex.org/variable#124	1
http://ex.org/variable#12 http://www.ibm.com/timex#di_si http://ex.org/variable#125	1
http://ex.org/variable#12 http://www.ibm.com/timex#di http://ex.org/variable#126	1
http://ex.org/variable#12 http://www.ibm.com/timex#di http://ex.org/variable#127	1
http://ex.org/variable#12 http://www.ibm.com/timex#di http://ex.org/variable#128	1
http://ex.org/variable#12 http://www.ibm.com/timex#oi http://ex.org/variable#129	1
http://ex.org/variable#12 http://www.ibm.com/timex#di http://ex.org/variable#130	1
http://ex.org/variable#12 http://www.ibm.com/timex#o http://ex.org/variable#131	1
http://ex.org/variable#12 http://www.ibm.com/timex#di http://ex.org/variable#132	1
http://ex.org/variable#12 http://www.ibm.com/timex#o http://ex.org/variable#133	1
http://ex.org/variable#12 http://www.ibm.com/timex#di http://ex.org/variable#134	1
http://ex.org/variable#12 http://www.ibm.com/timex#o http://ex.org/variable#135	1
http://ex.org/variable#12 http://www.ibm.com/timex#o http://ex.org/variable#136	1
http://ex.org/variable#12 http://www.ibm.com/timex#di http://ex.org/variable#137	1
http://ex.org/variable#12 http://www.ibm.com/timex#di http://ex.org/variable#138	1
http://ex.org/variable#12 http://www.ibm.com/timex#di http://ex.org/variable#139	1
http://ex.org/variable#12 http://www.ibm.com/timex#di http://ex.org/variable#140	1
http://ex.org/variable#12 http://www.ibm.com/timex#o_di_fi http://ex.org/variable#141	1
http://ex.org/variable#12 http://www.ibm.com/timex#di http://ex.org/variable#142	1
http://ex.org/variable#12 http://www.ibm.com/timex#di http://ex.org/variable#143	1
http://ex.org/variable#12 http://www.ibm.com/timex#di http://ex.org/variable#144	1
http://ex.org/variable#12 http://www.ibm.com/timex#di http://ex.org/variable#145	1
http://ex.org/variable#12 http://www.ibm.com/timex#o http://ex.org/variable#146	1
http://ex.org/variable#12 http://www.ibm.com/timex#di http://ex.org/variable#147	1
http://ex.org/variable#12 http://www.ibm.com/timex#di http://ex.org/variable#148	1
http://ex.org/variable#12 http://www.ibm.com/timex#di http://ex.org/variable#149	1
http://ex.org/variable#12 http://www.ibm.com/timex#o http://ex.org/variable#150	1
http://ex.org/variable#12 http://www.ibm.com/timex#di http://ex.org/variable#151	1
http://ex.org/variable#12 http://www.ibm.com/timex#di http://ex.org/variable#152	1
http://ex.org/variable#12 http://www.ibm.com/timex#o http://ex.org/variable#153	1
http://ex.org/variable#12 http://www.ibm.com/timex#di http://ex.org/variable#154	1
http://ex.org/variable#12 http://www.ibm.com/timex#si http://ex.org/variable#155	1
http://ex.org/variable#12 http://www.ibm.com/timex#di http://ex.org/variable#156	1
http://ex.org/variable#12 http://www.ibm.com/timex#di http://ex.org/variable#157	1
http://ex.org/variable#12 http://www.ibm.com/timex#di http://ex.org/variable#158	1
http://ex.org/variable#12 http://www.ibm.com/timex#o http://ex.org/variable#159	1
http://ex.org/variable#12 http://www.ibm.com/timex#di http://ex.org/variable#160	1
http://ex.org/variable#12 http://www.ibm.com/timex#di http://ex.org/variable#161	1
http://ex.org/variable#12 http://www.ibm.com/timex#di http://ex.org/variable#162	1
http://ex.org/variable#12 http://www.ibm.com/timex#di http://ex.org/variable#163	1
http://ex.org/variable#12 http://www.ibm.com/timex#di http://ex.org/variable#164	1
http://ex.org/variable#12 http://www.ibm.com/timex#di http://ex.org/variable#165	1
http://ex.org/variable#12 http://www.ibm.com/timex#di http://ex.org/variable#166	1
http://ex.org/variable#12 http://www.ibm.com/timex#di http://ex.org/variable#167	1
http://ex.org/variable#12 http://www.ibm.com/timex#di http://ex.org/variable#168	1
http://ex.org/variable#12 http://www.ibm.com/timex#di http://ex.org/variable#169	1
http://ex.org/variable#12 http://www.ibm.com/timex#di http://ex.org/variable#170	1
http://ex.org/variable#12 http://www.ibm.com/timex#di http://ex.org/variable#171	1
http://ex.org/variable#12 http://www.ibm.com/timex#si http://ex.org/variable#172	1
http://ex.org/variable#12 http://www.ibm.com/timex#di http://ex.org/variable#173	1
http://ex.org/variable#12 http://www.ibm.com/timex#di http://ex.org/variable#174	1
http://ex.org/variable#12 http://www.ibm.com/timex#di http://ex.org/variable#175	1
http://ex.org/variable#12 http://www.ibm.com/timex#o http://ex.org/variable#176	1
http://ex.org/variable#12 http://www.ibm.com/timex#di http://ex.org/variable#177	1
http://ex.org/variable#12 http://www.ibm.com/timex#o http://ex.org/variable#178	1
http://ex.org/variable#12 http://www.ibm.com/timex#di http://ex.org/variable#179	1
http://ex.org/variable#12 http://www.ibm.com/timex#di http://ex.org/variable#180	1
http://ex.org/variable#12 http://www.ibm.com/timex#di http://ex.org/variable#181	1
http://ex.org/variable#12 http://www.ibm.com/timex#di http://ex.org/variable#182	1
http://ex.org/variable#12 http://www.ibm.com/timex#di http://ex.org/variable#183	1
http://ex.org/variable#12 http://www.ibm.com/timex#di http://ex.org/variable#184	1
http://ex.org/variable#12 http://www.ibm.com/timex#di http://ex.org/variable#185	1
http://ex.org/variable#12 http://www.ibm.com/timex#di http://ex.org/variable#186	1
http://ex.org/variable#12 http://www.ibm.com/timex#oi http://ex.org/variable#187	1
http://ex.org/variable#12 http://www.ibm.com/timex#di http://ex.org/variable#188	1
http://ex.org/variable#12 http://www.ibm.com/timex#di http://ex.org/variable#189	1
http://ex.org/variable#13 http://www.ibm.com/timex#o http://ex.org/variable#0	1
http://ex.org/variable#13 http://www.ibm.com/timex#b http://ex.org/variable#1	1
http://ex.org/variable#13 http://www.ibm.com/timex#o http://ex.org/variable#2	1
http://ex.org/variable#13 http://www.ibm.com/timex#o http://ex.org/variable#3	1
http://ex.org/variable#13 http://www.ibm.com/timex#o http://ex.org/variable#4	1
http://ex.org/variable#13 http://www.ibm.com/timex#o_di_fi http://ex.org/variable#5	1
http://ex.org/variable#13 http://www.ibm.com/timex#b http://ex.org/variable#6	1
http://ex.org/variable#13 http://www.ibm.com/timex#o http://ex.org/variable#7	1
http://ex.org/variable#13 http://www.ibm.com/timex#oi http://ex.org/variable#8	1
http://ex.org/variable#13 http://www.ibm.com/timex#b_m_o http://ex.org/variable#9	1
http://ex.org/variable#13 http://www.ibm.com/timex#o http://ex.org/variable#10	1
http://ex.org/variable#13 http://www.ibm.com/timex#o http://ex.org/variable#11	1
http://ex.org/variable#13 http://www.ibm.com/timex#d http://ex.org/variable#12	1
http://ex.org/variable#13 http://www.ibm.com/timex#m_o http://ex.org/variable#14	1
http://ex.org/variable#13 http://www.ibm.com/timex#d http://ex.org/variable#15	1
http://ex.org/variable#13 http://www.ibm.com/timex#o http://ex.org/variable#16	1
http://ex.org/variable#13 http://www.ibm.com/timex#b http://ex.org/variable#17	1
http://ex.org/variable#13 http://www.ibm.com/timex#o http://ex.org/variable#18	1
http://ex.org/variable#13 http://www.ibm.com/timex#oi_di_si http://ex.org/variable#19	1
http://ex.org/variable#13 http://www.ibm.com/timex#d http://ex.org/variable#20	1
http://ex.org/variable#13 http://www.ibm.com/timex#b http://ex.org/variable#21	1
http://ex.org/variable#13 http://www.ibm.com/timex#o http://ex.org/variable#22	1
http://ex.org/variable#13 http://www.ibm.com/timex#di http://ex.org/variable#23	1
http://ex.org/variable#13 http://www.ibm.com/timex#d http://ex.org/variable#24	1
http://ex.org/variable#13 http://www.ibm.com/timex#oi http://ex.org/variable#25	1
http://ex.org/variable#13 http://www.ibm.com/timex#b http://ex.org/variable#26	1
http://ex.org/variable#13 http://www.ibm.com/timex#oi http://ex.org/variable#27	1
http://ex.org/variable#13 http://www.ibm.com/timex#o http://ex.org/variable#28	1
http://ex.org/variable#13 http://www.ibm.com/timex#o http://ex.org/variable#29	1
http://ex.org/variable#13 http://www.ibm.com/timex#o http://ex.org/variable#30	1
http://ex.org/variable#13 http://www.ibm.com/timex#d http://ex.org/variable#31	1
http://ex.org/variable#13 http://www.ibm.com/timex#oi http://ex.org/variable#32	1
http://ex.org/variable#13 http://www.ibm.com/timex#b http://ex.org/variable#33	1
http://ex.org/variable#13 http://www.ibm.com/timex#o http://ex.org/variable#34	1
http://ex.org/variable#13 http://www.ibm.com/timex#di http://ex.org/variable#35	1
http://ex.org/variable#13 http://www.ibm.com/timex#oi http://ex.org/variable#36	1
http://ex.org/variable#13 http://www.ibm.com/timex#oi http://ex.org/variable#37	1
http://ex.org/variable#13 http://www.ibm.com/timex#d http://ex.org/variable#38	1
http://ex.org/variable#13 http://www.ibm.com/timex#b http://ex.org/variable#39	1
http://ex.org/variable#13 http://www.ibm.com/timex#d http://ex.org/variable#40	1
http://ex.org/variable#13 http://www.ibm.com/timex#o http://ex.org/variable#41	1
http://ex.org/variable#13 http://www.ibm.com/timex#o http://ex.org/variable#42	1
http://ex.org/variable#13 http://www.ibm.com/timex#d http://ex.org/variable#43	1
http://ex.org/variable#13 http://www.ibm.com/timex#d http://ex.org/variable#44	1
http://ex.org/variable#13 http://www.ibm.com/timex#o http://ex.org/variable#45	1
http://ex.org/variable#13 http://www.ibm.com/timex#d http://ex.org/variable#46	1
http://ex.org/variable#13 http://www.ibm.com/timex#d http://ex.org/variable#47	1
http://ex.org/variable#13 http://www.ibm.com/timex#b http://ex.org/variable#48	1
http://ex.org/variable#13 http://www.ibm.com/timex#oi http://ex.org/variable#49	1
http://ex.org/variable#13 http://www.ibm.com/timex#o http://ex.org/variable#50	1
http://ex.org/variable#13 http://www.ibm.com/timex#b http://ex.org/variable#51	1
http://ex.org/variable#13 http://www.ibm.com/timex#d http://ex.org/variable#52	1
http://ex.org/variable#13 http://www.ibm.com/timex#d http://ex.org/variable#53	1
http://ex.org/variable#13 http://www.ibm.com/timex#o http://ex.org/variable#54	1
http://ex.org/variable#13 http://www.ibm.com/timex#o http://ex.org/variable#55	1
http://ex.org/variable#13 http://www.ibm.com/timex#o_di_fi http://ex.org/variable#56	1
http://ex.org/variable#13 http://www.ibm.com/timex#d http://ex.org/variable#57	1
http://ex.org/variable#13 http://www.ibm.com/timex#o http://ex.org/variable#58	1
http://ex.org/variable#13 http://www.ibm.com/timex#o http://ex.org/variable#59	1
http://ex.org/variable#13 http://www.ibm.com/timex#d http://ex.org/variable#60	1
http://ex.org/variable#13 http://www.ibm.com/timex#d http://ex.org/variable#61	1
http://ex.org/variable#13 http://www.ibm.com/timex#o http://ex.org/variable#62	1
http://ex.org/variable#13 http://www.ibm.com/timex#d http://ex.org/variable#63	1
http://ex.org/variable#13 http://www.ibm.com/timex#d http://ex.org/variable#64	1
http://ex.org/variable#13 http://www.ibm.com/timex#di http://ex.org/variable#65	1
http://ex.org/variable#13 http://www.ibm.com/timex#oi http://ex.org/variable#66	1
http://ex.org/variable#13 http://www.ibm.com/timex#o http://ex.org/variable#67	1
http://ex.org/variable#13 http://www.ibm.com/timex#o http://ex.org/variable#68	1
http://ex.org/variable#13 http://www.ibm.com/timex#o http://ex.org/variable#69	1
http://ex.org/variable#13 http://www.ibm.com/timex#o http://ex.org/variable#70	1
http://ex.org/variable#13 http://www.ibm.com/timex#o http://ex.org/variable#71	1
http://ex.org/variable#13 http://www.ibm.com/timex#o http://ex.org/variable#72	1
http://ex.org/variable#13 http://www.ibm.com/timex#o http://ex.org/variable#73	1
http://ex.org/variable#13 http://www.ibm.com/timex#o http://ex.org/variable#74	1
http://ex.org/variable#13 http://www.ibm.com/timex#o http://ex.org/variable#75	1
http://ex.org/variable#13 http://www.ibm.com/timex#o http://ex.org/variable#76	1
http://ex.org/variable#13 http://www.ibm.com/timex#o http://ex.org/variable#77	1
http://ex.org/variable#13 http://www.ibm.com/timex#o http://ex.org/variable#78	1
http://ex.org/variable#13 http://www.ibm.com/timex#d http://ex.org/variable#79	1
http://ex.org/variable#13 http://www.ibm.com/timex#d http://ex.org/variable#80	1
http://ex.org/variable#13 http://www.ibm.com/timex#d http://ex.org/variable#81	1
http://ex.org/variable#13 http://www.ibm.com/timex#di http://ex.org/variable#82	1
http://ex.org/variable#13 http://www.ibm.com/timex#d http://ex.org/variable#83	1
http://ex.org/variable#13 http://www.ibm.com/timex#o http://ex.org/variable#84	1
http://ex.org/variable#13 http://www.ibm.com/timex#b http://ex.org/variable#85	1
http://ex.org/variable#13 http://www.ibm.com/timex#d http://ex.org/variable#86	1
http://ex.org/variable#13 http://www.ibm.com/timex#o http://ex.org/variable#87	1
http://ex.org/variable#13 http://www.ibm.com/timex#b http://ex.org/variable#88	1
http://ex.org/variable#13 http://www.ibm.com/timex#o http://ex.org/variable#89	1
http://ex.org/variable#13 http://www.ibm.com/timex#o http://ex.org/variable#90	1
http://ex.org/variable#13 http://www.ibm.com/timex#o http://ex.org/variable#91	1
http://ex.org/variable#13 http://www.ibm.com/timex#o http://ex.org/variable#92	1
http://ex.org/variable#13 http://www.ibm.com/timex#o http://ex.org/variable#93	1
http://ex.org/variable#13 http://www.ibm.com/timex#o http://ex.org/variable#94	1
http://ex.org/variable#13 http://www.ibm.com/timex#di http://ex.org/variable#95	1
http://ex.org/variable#13 http://www.ibm.com/timex#di http://ex.org/variable#96	1
http://ex.org/variable#13 http://www.ibm.com/timex#o http://ex.org/variable#97	1
http://ex.org/variable#13 http://www.ibm.com/timex#b http://ex.org/variable#98	1
http://ex.org/variable#13 http://www.ibm.com/timex#b http://ex.org/variable#99	1
http://ex.org/variable#13 http://www.ibm.com/timex#oi http://ex.org/variable#100	1
http://ex.org/variable#13 http://www.ibm.com/timex#o http://ex.org/variable#101	1
http://ex.org/variable#13 http://www.ibm.com/timex#b http://ex.org/variable#102	1
http://ex.org/variable#13 http://www.ibm.com/timex#d http://ex.org/variable#103	1
http://ex.org/variable#13 http://www.ibm.com/timex#b http://ex.org/variable#104	1
http://ex.org/variable#13 http://www.ibm.com/timex#o http://ex.org/variable#105	1
http://ex.org/variable#13 http://www.ibm.com/timex#d http://ex.org/variable#106	1
http://ex.org/variable#13 http://www.ibm.com/timex#o http://ex.org/variable#107	1
http://ex.org/variable#13 http://www.ibm.com/timex#o_di_fi http://ex.org/variable#108	1
http://ex.org/variable#13 http://www.ibm.com/timex#b http://ex.org/variable#109	1
http://ex.org/variable#13 http://www.ibm.com/timex#d http://ex.org/variable#110	1
http://ex.org/variable#13 http://www.ibm.com/timex#o http://ex.org/variable#111	1
http://ex.org/variable#13 http://www.ibm.com/timex#d http://ex.org/variable#112	1
http://ex.org/variable#13 http://www.ibm.com/timex#o http://ex.org/variable#113	1
http://ex.org/variable#13 http://www.ibm.com/timex#o http://ex.org/variable#114	1
http://ex.org/variable#13 http://www.ibm.com/timex#b http://ex.org/variable#115	1
http://ex.org/variable#13 http://www.ibm.com/timex#b http://ex.org/variable#116	1
http://ex.org/variable#13 http://www.ibm.com/timex#oi http://ex.org/variable#117	1
http://ex.org/variable#13 http://www.ibm.com/timex#o_d http://ex.org/variable#118	1
http://ex.org/variable#13 http://www.ibm.com/timex#d http://ex.org/variable#119	1
http://ex.org/variable#13 http://www.ibm.com/timex#di_fi http://ex.org/variable#120	1
http://ex.org/variable#13 http://www.ibm.com/timex#b http://ex.org/variable#121	1
http://ex.org/variable#13 http://www.ibm.com/timex#d http://ex.org/variable#122	1
http://ex.org/variable#13 http://www.ibm.com/timex#o http://ex.org/variable#123	1
http://ex.org/variable#13 http://www.ibm.com/timex#d http://ex.org/variable#124	1
http://ex.org/variable#13 http://www.ibm.com/timex#d http://ex.org/variable#125	1
http://ex.org/variable#13 http://www.ibm.com/timex#o http://ex.org/variable#126	1
http://ex.org/variable#13 http://www.ibm.com/timex#b http://ex.org/variable#127	1
http://ex.org/variable#13 http://www.ibm.com/timex#o http://ex.org/variable#128	1
http://ex.org/variable#13 http://www.ibm.com/timex#oi_f http://ex.org/variable#129	1
http://ex.org/variable#13 http://www.ibm.com/timex#di http://ex.org/variable#130	1
http://ex.org/variable#13 http://www.ibm.com/timex#b http://ex.org/variable#131	1
http://ex.org/variable#13 http://www.ibm.com/timex#d http://ex.org/variable#132	1
http://ex.org/variable#13 http://www.ibm.com/timex#o http://ex.org/variable#133	1
http://ex.org/variable#13 http://www.ibm.com/timex#d http://ex.org/variable#134	1
http://ex.org/variable#13 http://www.ibm.com/timex#o http://ex.org/variable#135	1
http://ex.org/variable#13 http://www.ibm.com/timex#o http://ex.org/variable#136	1
http://ex.org/variable#13 http://www.ibm.com/timex#o http://ex.org/variable#137	1
http://ex.org/variable#13 http://www.ibm.com/timex#b http://ex.org/variable#138	1
http://ex.org/variable#13 http://www.ibm.com/timex#o http://ex.org/variable#139	1
http://ex.org/variable#13 http://www.ibm.com/timex#o http://ex.org/variable#140	1
http://ex.org/variable#13 http://www.ibm.com/timex#d http://ex.org/variable#141	1
http://ex.org/variable#13 http://www.ibm.com/timex#o_d http://ex.org/variable#142	1
http://ex.org/variable#13 http://www.ibm.com/timex#o_s http://ex.org/variable#143	1
http://ex.org/variable#13 http://www.ibm.com/timex#o http://ex.org/variable#144	1
http://ex.org/variable#13 http://www.ibm.com/timex#b http://ex.org/variable#145	1
http://ex.org/variable#13 http://www.ibm.com/timex#o http://ex.org/variable#146	1
http://ex.org/variable#13 http://www.ibm.com/timex#o http://ex.org/variable#147	1
http://ex.org/variable#13 http://www.ibm.com/timex#o http://ex.org/variable#148	1
http://ex.org/variable#13 http://www.ibm.com/timex#oi http://ex.org/variable#149	1
http://ex.org/variable#13 http://www.ibm.com/timex#b http://ex.org/variable#150	1
http://ex.org/variable#13 http://www.ibm.com/timex#o http://ex.org/variable#151	1
http://ex.org/variable#13 http://www.ibm.com/timex#oi http://ex.org/variable#152	1
http://ex.org/variable#13 http://www.ibm.com/timex#o http://ex.org/variable#153	1
http://ex.org/variable#13 http://www.ibm.com/timex#o http://ex.org/variable#154	1
http://ex.org/variable#13 http://www.ibm.com/timex#d http://ex.org/variable#155	1
http://ex.org/variable#13 http://www.ibm.com/timex#o http://ex.org/variable#156	1
http://ex.org/variable#13 http://www.ibm.com/timex#di http://ex.org/variable#157	1
http://ex.org/variable#13 http://www.ibm.com/timex#o http://ex.org/variable#158	1
http://ex.org/variable#13 http://www.ibm.com/timex#o http://ex.org/variable#159	1
http://ex.org/variable#13 http://www.ibm.com/timex#o http://ex.org/variable#160	1
http://ex.org/variable#13 http://www.ibm.com/timex#o http://ex.org/variable#161	1
http://ex.org/variable#13 http://www.ibm.com/timex#o_di_fi http://ex.org/variable#162	1
http://ex.org/variable#13 http://www.ibm.com/timex#o http://ex.org/variable#163	1
http://ex.org/variable#13 http://www.ibm.com/timex#o http://ex.org/variable#164	1
http://ex.org/variable#13 http://www.ibm.com/timex#o http://ex.org/variable#165	1
http://ex.org/variable#13 http://www.ibm.com/timex#d http://ex.org/variable#166	1
http://ex.org/variable#13 http://www.ibm.com/timex#d http://ex.org/variable#167	1
http://ex.org/variable#13 http://www.ibm.com/timex#o http://ex.org/variable#168	1
http://ex.org/variable#13 http://www.ibm.com/timex#d http://ex.org/variable#169	1
http://ex.org/variable#13 http://www.ibm.com/timex#b http://ex.org/variable#170	1
http://ex.org/variable#13 http://www.ibm.com/timex#d http://ex.org/variable#171	1
http://ex.org/variable#13 http://www.ibm.com/timex#oi http://ex.org/variable#172	1
http://ex.org/variable#13 http://www.ibm.com/timex#b http://ex.org/variable#173	1
http://ex.org/variable#13 http://www.ibm.com/timex#o http://ex.org/variable#174	1
http://ex.org/variable#13 http://www.ibm.com/timex#d http://ex.org/variable#175	1
http://ex.org/variable#13 http://www.ibm.com/timex#o http://ex.org/variable#176	1
http://ex.org/variable#13 http://www.ibm.com/timex#o http://ex.org/variable#177	1
http://ex.org/variable#13 http://www.ibm.com/timex#o http://ex.org/variable#178	1
http://ex.org/variable#13 http://www.ibm.com/timex#o http://ex.org/variable#179	1
http://ex.org/variable#13 http://www.ibm.com/timex#di http://ex.org/variable#180	1
http://ex.org/variable#13 http://www.ibm.com/timex#oi http://ex.org/variable#181	1
http://ex.org/variable#13 http://www.ibm.com/timex#o http://ex.org/variable#182	1
http://ex.org/variable#13 http://www.ibm.com/timex#b http://ex.org/variable#183	1
http://ex.org/variable#13 http://www.ibm.com/timex#d http://ex.org/variable#184	1
http://ex.org/variable#13 http://www.ibm.com/timex#o http://ex.org/variable#185	1
http://ex.org/variable#13 http://www.ibm.com/timex#o http://ex.org/variable#186	1
http://ex.org/variable#13 http://www.ibm.com/timex#d http://ex.org/variable#187	1
http://ex.org/variable#13 http://www.ibm.com/timex#o http://ex.org/variable#188	1
http://ex.org/variable#13 http://www.ibm.com/timex#o http://ex.org/variable#189	1
http://ex.org/variable#14 http://www.ibm.com/timex#d http://ex.org/variable#0	1
http://ex.org/variable#14 http://www.ibm.com/timex#b http://ex.org/variable#1	1
http://ex.org/variable#14 http://www.ibm.com/timex#d http://ex.org/variable#2	1
http://ex.org/variable#14 http://www.ibm.com/timex#d http://ex.org/variable#3	1
http://ex.org/variable#14 http://www.ibm.com/timex#d http://ex.org/variable#4	1
http://ex.org/variable#14 http://www.ibm.com/timex#bi_mi_oi http://ex.org/variable#5	1
http://ex.org/variable#14 http://www.ibm.com/timex#o http://ex.org/variable#6	1
http://ex.org/variable#14 http://www.ibm.com/timex#d http://ex.org/variable#7	1
http://ex.org/variable#14 http://www.ibm.com/timex#bi http://ex.org/variable#8	1
http://ex.org/variable#14 http://www.ibm.com/timex#o_d_s http://ex.org/variable#9	1
http://ex.org/variable#14 http://www.ibm.com/timex#d http://ex.org/variable#10	1
http://ex.org/variable#14 http://www.ibm.com/timex#d http://ex.org/variable#11	1
http://ex.org/variable#14 http://www.ibm.com/timex#d http://ex.org/variable#12	1
http://ex.org/variable#14 http://www.ibm.com/timex#mi_oi http://ex.org/variable#13	1
http://ex.org/variable#14 http://www.ibm.com/timex#d http://ex.org/variable#15	1
http://ex.org/variable#14 http://www.ibm.com/timex#d http://ex.org/variable#16	1
http://ex.org/variable#14 http://www.ibm.com/timex#b http://ex.org/variable#17	1
http://ex.org/variable#14 http://www.ibm.com/timex#d http://ex.org/variable#18	1
http://ex.org/variable#14 http://www.ibm.com/timex#bi http://ex.org/variable#19	1
http://ex.org/variable#14 http://www.ibm.com/timex#d http://ex.org/variable#20	1
http://ex.org/variable#14 http://www.ibm.com/timex#b http://ex.org/variable#21	1
http://ex.org/variable#14 http://www.ibm.com/timex#d http://ex.org/variable#22	1
http://ex.org/variable#14 http://www.ibm.com/timex#bi http://ex.org/variable#23	1
http://ex.org/variable#14 http://www.ibm.com/timex#d http://ex.org/variable#24	1
http://ex.org/variable#14 http://www.ibm.com/timex#bi http://ex.org/variable#25	1
http://ex.org/variable#14 http://www.ibm.com/timex#b http://ex.org/variable#26	1
http://ex.org/variable#14 http://www.ibm.com/timex#bi http://ex.org/variable#27	1
http://ex.org/variable#14 http://www.ibm.com/timex#d http://ex.org/variable#28	1
http://ex.org/variable#14 http://www.ibm.com/timex#d http://ex.org/variable#29	1
http://ex.org/variable#14 http://www.ibm.com/timex#oi http://ex.org/variable#30	1
http://ex.org/variable#14 http://www.ibm.com/timex#oi http://ex.org/variable#31	1
http://ex.org/variable#14 http://www.ibm.com/timex#bi http://ex.org/variable#32	1
http://ex.org/variable#14 http://www.ibm.com/timex#b http://ex.org/variable#33	1
http://ex.org/variable#14 http://www.ibm.com/timex#d http://ex.org/variable#34	1
http://ex.org/variable#14 http://www.ibm.com/timex#bi http://ex.org/variable#35	1
http://ex.org/variable#14 http://www.ibm.com/timex#bi http://ex.org/variable#36	1
http://ex.org/variable#14 http://www.ibm.com/timex#bi http://ex.org/variable#37	1
http://ex.org/variable#14 http://www.ibm.com/timex#d http://ex.org/variable#38	1
http://ex.org/variable#14 http://www.ibm.com/timex#b http://ex.org/variable#39	1
http://ex.org/variable#14 http://www.ibm.com/timex#d http://ex.org/variable#40	1
http://ex.org/variable#14 http://www.ibm.com/timex#d http://ex.org/variable#41	1
http://ex.org/variable#14 http://www.ibm.com/timex#d http://ex.org/variable#42	1
http://ex.org/variable#14 http://www.ibm.com/timex#d http://ex.org/variable#43	1
http://ex.org/variable#14 http://www.ibm.com/timex#d http://ex.org/variable#44	1
http://ex.org/variable#14 http://www.ibm.com/timex#d http://ex.org/variable#45	1
http://ex.org/variable#14 http://www.ibm.com/timex#oi http://ex.org/variable#46	1
http://ex.org/variable#14 http://www.ibm.com/timex#d http://ex.org/variable#47	1
http://ex.org/variable#14 http://www.ibm.com/timex#b http://ex.org/variable#48	1
http://ex.org/variable#14 http://www.ibm.com/timex#bi http://ex.org/variable#49	1
http://ex.org/variable#14 http://www.ibm.com/timex#d http://ex.org/variable#50	1
http://ex.org/variable#14 http://www.ibm.com/timex#b http://ex.org/variable#51	1
http://ex.org/variable#14 http://www.ibm.com/timex#d http://ex.org/variable#52	1
http://ex.org/variable#14 http://www.ibm.com/timex#d http://ex.org/variable#53	1
http://ex.org/variable#14 http://www.ibm.com/timex#d http://ex.org/variable#54	1
http://ex.org/variable#14 http://www.ibm.com/timex#d http://ex.org/variable#55	1
http://ex.org/variable#14 http://www.ibm.com/timex#bi_mi_oi http://ex.org/variable#56	1
http://ex.org/variable#14 http://www.ibm.com/timex#oi http://ex.org/variable#57	1
http://ex.org/variable#14 http://www.ibm.com/timex#d http://ex.org/variable#58	1
http://ex.org/variable#14 http://www.ibm.com/timex#d http://ex.org/variable#59	1
http://ex.org/variable#14 http://www.ibm.com/timex#d http://ex.org/variable#60	1
http://ex.org/variable#14 http://www.ibm.com/timex#d http://ex.org/variable#61	1
http://ex.org/variable#14 http://www.ibm.com/timex#d http://ex.org/variable#62	1
http://ex.org/variable#14 http://www.ibm.com/timex#d http://ex.org/variable#63	1
http://ex.org/variable#14 http://www.ibm.com/timex#d http://ex.org/variable#64	1
http://ex.org/variable#14 http://www.ibm.com/timex#bi http://ex.org/variable#65	1
http://ex.org/variable#14 http://www.ibm.com/timex#bi http://ex.org/variable#66	1
http://ex.org/variable#14 http://www.ibm.com/timex#d http://ex.org/variable#67	1
http://ex.org/variable#14 http://www.ibm.com/timex#d http://ex.org/variable#68	1
http://ex.org/variable#14 http://www.ibm.com/timex#d http://ex.org/variable#69	1
http://ex.org/variable#14 http://www.ibm.com/timex#d http://ex.org/variable#70	1
http://ex.org/variable#14 http://www.ibm.com/timex#oi http://ex.org/variable#71	1
http://ex.org/variable#14 http://www.ibm.com/timex#d http://ex.org/variable#72	1
http://ex.org/variable#14 http://www.ibm.com/timex#d http://ex.org/variable#73	1
http://ex.org/variable#14 http://www.ibm.com/timex#d http://ex.org/variable#74	1
http://ex.org/variable#14 http://www.ibm.com/timex#d http://ex.org/variable#75	1
http://ex.org/variable#14 http://www.ibm.com/timex#d http://ex.org/variable#76	1
http://ex.org/variable#14 http://www.ibm.com/timex#d http://ex.org/variable#77	1
http://ex.org/variable#14 http://www.ibm.com/timex#d http://ex.org/variable#78	1
http://ex.org/variable#14 http://www.ibm.com/timex#oi http://ex.org/variable#79	1
http://ex.org/variable#14 http://www.ibm.com/timex#d http://ex.org/variable#80	1
http://ex.org/variable#14 http://www.ibm.com/timex#oi http://ex.org/variable#81	1
http://ex.org/variable#14 http://www.ibm.com/timex#bi http://ex.org/variable#82	1
http://ex.org/variable#14 http://www.ibm.com/timex#d http://ex.org/variable#83	1
http://ex.org/variable#14 http://www.ibm.com/timex#d http://ex.org/variable#84	1
http://ex.org/variable#14 http://www.ibm.com/timex#b http://ex.org/variable#85	1
http://ex.org/variable#14 http://www.ibm.com/timex#d http://ex.org/variable#86	1
http://ex.org/variable#14 http://www.ibm.com/timex#d http://ex.org/variable#87	1
http://ex.org/variable#14 http://www.ibm.com/timex#b http://ex.org/variable#88	1
http://ex.org/variable#14 http://www.ibm.com/timex#d http://ex.org/variable#89	1
http://ex.org/variable#14 http://www.ibm.com/timex#d http://ex.org/variable#90	1
http://ex.org/variable#14 http://www.ibm.com/timex#d http://ex.org/variable#91	1
http://ex.org/variable#14 http://www.ibm.com/timex#d http://ex.org/variable#92	1
http://ex.org/variable#14 http://www.ibm.com/timex#d http://ex.org/variable#93	1
http://ex.org/variable#14 http://www.ibm.com/timex#oi http://ex.org/variable#94	1
http://ex.org/variable#14 http://www.ibm.com/timex#bi http://ex.org/variable#95	1
http://ex.org/variable#14 http://www.ibm.com/timex#bi http://ex.org/variable#96	1
http://ex.org/variable#14 http://www.ibm.com/timex#d http://ex.org/variable#97	1
http://ex.org/variable#14 http://www.ibm.com/timex#b http://ex.org/variable#98	1
http://ex.org/variable#14 http://www.ibm.com/timex#b http://ex.org/variable#99	1
http://ex.org/variable#14 http://www.ibm.com/timex#bi http://ex.org/variable#100	1
http://ex.org/variable#14 http://www.ibm.com/timex#d http://ex.org/variable#101	1
http://ex.org/variable#14 http://www.ibm.com/timex#o http://ex.org/variable#102	1
http://ex.org/variable#14 http://www.ibm.com/timex#d http://ex.org/variable#103	1
http://ex.org/variable#14 http://www.ibm.com/timex#b http://ex.org/variable#104	1
http://ex.org/variable#14 http://www.ibm.com/timex#d http://ex.org/variable#105	1
http://ex.org/variable#14 http://www.ibm.com/timex#d http://ex.org/variable#106	1
http://ex.org/variable#14 http://www.ibm.com/timex#d http://ex.org/variable#107	1
http://ex.org/variable#14 http://www.ibm.com/timex#bi_mi_oi http://ex.org/variable#108	1
http://ex.org/variable#14 http://www.ibm.com/timex#o http://ex.org/variable#109	1
http://ex.org/variable#14 http://www.ibm.com/timex#d http://ex.org/variable#110	1
http://ex.org/variable#14 http://www.ibm.com/timex#d http://ex.org/variable#111	1
http://ex.org/variable#14 http://www.ibm.com/timex#d http://ex.org/variable#112	1
http://ex.org/variable#14 http://www.ibm.com/timex#oi http://ex.org/variable#113	1
http://ex.org/variable#14 http://www.ibm.com/timex#d http://ex.org/variable#114	1
http://ex.org/variable#14 http://www.ibm.com/timex#b http://ex.org/variable#115	1
http://ex.org/variable#14 http://www.ibm.com/timex#o http://ex.org/variable#116	1
http://ex.org/variable#14 http://www.ibm.com/timex#bi_mi http://ex.org/variable#117	1
http://ex.org/variable#14 http://www.ibm.com/timex#oi http://ex.org/variable#118	1
http://ex.org/variable#14 http://www.ibm.com/timex#d http://ex.org/variable#119	1
http://ex.org/variable#14 http://www.ibm.com/timex#mi_oi http://ex.org/variable#120	1
http://ex.org/variable#14 http://www.ibm.com/timex#b http://ex.org/variable#121	1
http://ex.org/variable#14 http://www.ibm.com/timex#d http://ex.org/variable#122	1
http://ex.org/variable#14 http://www.ibm.com/timex#d http://ex.org/variable#123	1
http://ex.org/variable#14 http://www.ibm.com/timex#oi http://ex.org/variable#124	1
http://ex.org/variable#14 http://www.ibm.com/timex#oi http://ex.org/variable#125	1
http://ex.org/variable#14 http://www.ibm.com/timex#d http://ex.org/variable#126	1
http://ex.org/variable#14 http://www.ibm.com/timex#b http://ex.org/variable#127	1
http://ex.org/variable#14 http://www.ibm.com/timex#d http://ex.org/variable#128	1
http://ex.org/variable#14 http://www.ibm.com/timex#bi_mi_oi http://ex.org/variable#129	1
http://ex.org/variable#14 http://www.ibm.com/timex#bi http://ex.org/variable#130	1
http://ex.org/variable#14 http://www.ibm.com/timex#b http://ex.org/variable#131	1
http://ex.org/variable#14 http://www.ibm.com/timex#d http://ex.org/variable#132	1
http://ex.org/variable#14 http://www.ibm.com/timex#d http://ex.org/variable#133	1
http://ex.org/variable#14 http://www.ibm.com/timex#oi http://ex.org/variable#134	1
http://ex.org/variable#14 http://www.ibm.com/timex#d http://ex.org/variable#135	1
http://ex.org/variable#14 http://www.ibm.com/timex#d http://ex.org/variable#136	1
http://ex.org/variable#14 http://www.ibm.com/timex#oi http://ex.org/variable#137	1
http://ex.org/variable#14 http://www.ibm.com/timex#b http://ex.org/variable#138	1
http://ex.org/variable#14 http://www.ibm.com/timex#oi http://ex.org/variable#139	1
http://ex.org/variable#14 http://www.ibm.com/timex#oi http://ex.org/variable#140	1
http://ex.org/variable#14 http://www.ibm.com/timex#d http://ex.org/variable#141	1
http://ex.org/variable#14 http://www.ibm.com/timex#oi http://ex.org/variable#142	1
http://ex.org/variable#14 http://www.ibm.com/timex#d http://ex.org/variable#143	1
http://ex.org/variable#14 http://www.ibm.com/timex#d http://ex.org/variable#144	1
http://ex.org/variable#14 http://www.ibm.com/timex#b http://ex.org/variable#145	1
http://ex.org/variable#14 http://www.ibm.com/timex#d http://ex.org/variable#146	1
http://ex.org/variable#14 http://www.ibm.com/timex#d http://ex.org/variable#147	1
http://ex.org/variable#14 http://www.ibm.com/timex#d http://ex.org/variable#148	1
http://ex.org/variable#14 http://www.ibm.com/timex#bi http://ex.org/variable#149	1
http://ex.org/variable#14 http://www.ibm.com/timex#b http://ex.org/variable#150	1
http://ex.org/variable#14 http://www.ibm.com/timex#d http://ex.org/variable#151	1
http://ex.org/variable#14 http://www.ibm.com/timex#bi http://ex.org/variable#152	1
http://ex.org/variable#14 http://www.ibm.com/timex#d http://ex.org/variable#153	1
http://ex.org/variable#14 http://www.ibm.com/timex#oi http://ex.org/variable#154	1
http://ex.org/variable#14 http://www.ibm.com/timex#d http://ex.org/variable#155	1
http://ex.org/variable#14 http://www.ibm.com/timex#d http://ex.org/variable#156	1
http://ex.org/variable#14 http://www.ibm.com/timex#bi http://ex.org/variable#157	1
http://ex.org/variable#14 http://www.ibm.com/timex#oi http://ex.org/variable#158	1
http://ex.org/variable#14 http://www.ibm.com/timex#d http://ex.org/variable#159	1
http://ex.org/variable#14 http://www.ibm.com/timex#d http://ex.org/variable#160	1
http://ex.org/variable#14 http://www.ibm.com/timex#oi http://ex.org/variable#161	1
http://ex.org/variable#14 http://www.ibm.com/timex#bi_mi_oi http://ex.org/variable#162	1
http://ex.org/variable#14 http://www.ibm.com/timex#d http://ex.org/variable#163	1
http://ex.org/variable#14 http://www.ibm.com/timex#d http://ex.org/variable#164	1
http://ex.org/variable#14 http://www.ibm.com/timex#oi http://ex.org/variable#165	1
http://ex.org/variable#14 http://www.ibm.com/timex#oi http://ex.org/variable#166	1
http://ex.org/variable#14 http://www.ibm.com/timex#d http://ex.org/variable#167	1
http://ex.org/variable#14 http://www.ibm.com/timex#d http://ex.org/variable#168	1
http://ex.org/variable#14 http://www.ibm.com/timex#d http://ex.org/variable#169	1
http://ex.org/variable#14 http://www.ibm.com/timex#b http://ex.org/variable#170	1
http://ex.org/variable#14 http://www.ibm.com/timex#oi http://ex.org/variable#171	1
http://ex.org/variable#14 http://www.ibm.com/timex#bi http://ex.org/variable#172	1
http://ex.org/variable#14 http://www.ibm.com/timex#b http://ex.org/variable#173	1
http://ex.org/variable#14 http://www.ibm.com/timex#d http://ex.org/variable#174	1
http://ex.org/variable#14 http://www.ibm.com/timex#d http://ex.org/variable#175	1
http://ex.org/variable#14 http://www.ibm.com/timex#d http://ex.org/variable#176	1
http://ex.org/variable#14 http://www.ibm.com/timex#d http://ex.org/variable#177	1
http://ex.org/variable#14 http://www.ibm.com/timex#d http://ex.org/variable#178	1
http://ex.org/variable#14 http://www.ibm.com/timex#d http://ex.org/variable#179	1
http://ex.org/variable#14 http://www.ibm.com/timex#bi http://ex.org/variable#180	1
http://ex.org/variable#14 http://www.ibm.com/timex#bi http://ex.org/variable#181	1
http://ex.org/variable#14 http://www.ibm.com/timex#oi http://ex.org/variable#182	1
http://ex.org/variable#14 http://www.ibm.com/timex#b http://ex.org/variable#183	1
http://ex.org/variable#14 http://www.ibm.com/timex#oi http://ex.org/variable#184	1
http://ex.org/variable#14 http://www.ibm.com/timex#d http://ex.org/variable#185	1
http://ex.org/variable#14 http://www.ibm.com/timex#d http://ex.org/variable#186	1
http://ex.org/variable#14 http://www.ibm.com/timex#d http://ex.org/variable#187	1
http://ex.org/variable#14 http://www.ibm.com/timex#d http://ex.org/variable#188	1
http://ex.org/variable#14 http://www.ibm.com/timex#oi http://ex.org/variable#189	1
http://ex.org/variable#15 http://www.ibm.com/timex#o http://ex.org/variable#0	1
http://ex.org/variable#15 http://www.ibm.com/timex#b http://ex.org/variable#1	1
http://ex.org/variable#15 http://www.ibm.com/timex#o http://ex.org/variable#2	1
http://ex.org/variable#15 http://www.ibm.com/timex#o http://ex.org/variable#3	1
http://ex.org/variable#15 http://www.ibm.com/timex#o http://ex.org/variable#4	1
http://ex.org/variable#15 http://www.ibm.com/timex#di http://ex.org/variable#5	1
http://ex.org/variable#15 http://www.ibm.com/timex#o http://ex.org/variable#6	1
http://ex.org/variable#15 http://www.ibm.com/timex#o http://ex.org/variable#7	1
http://ex.org/variable#15 http://www.ibm.com/timex#oi http://ex.org/variable#8	1
http://ex.org/variable#15 http://www.ibm.com/timex#o http://ex.org/variable#9	1
http://ex.org/variable#15 http://www.ibm.com/timex#o http://ex.org/variable#10	1
http://ex.org/variable#15 http://www.ibm.com/timex#o http://ex.org/variable#11	1
http://ex.org/variable#15 http://www.ibm.com/timex#d http://ex.org/variable#12	1
http://ex.org/variable#15 http://www.ibm.com/timex#di http://ex.org/variable#13	1
http://ex.org/variable#15 http://www.ibm.com/timex#di http://ex.org/variable#14	1
http://ex.org/variable#15 http://www.ibm.com/timex#di http://ex.org/variable#16	1
http://ex.org/variable#15 http://www.ibm.com/timex#b http://ex.org/variable#17	1
http://ex.org/variable#15 http://www.ibm.com/timex#o http://ex.org/variable#18	1
http://ex.org/variable#15 http://www.ibm.com/timex#di http://ex.org/variable#19	1
http://ex.org/variable#15 http://www.ibm.com/timex#d http://ex.org/variable#20	1
http://ex.org/variable#15 http://www.ibm.com/timex#o http://ex.org/variable#21	1
http://ex.org/variable#15 http://www.ibm.com/timex#o http://ex.org/variable#22	1
http://ex.org/variable#15 http://www.ibm.com/timex#di http://ex.org/variable#23	1
http://ex.org/variable#15 http://www.ibm.com/timex#d http://ex.org/variable#24	1
http://ex.org/variable#15 http://www.ibm.com/timex#oi http://ex.org/variable#25	1
http://ex.org/variable#15 http://www.ibm.com/timex#o http://ex.org/variable#26	1
http://ex.org/variable#15 http://www.ibm.com/timex#oi http://ex.org/variable#27	1
http://ex.org/variable#15 http://www.ibm.com/timex#o http://ex.org/variable#28	1
http://ex.org/variable#15 http://www.ibm.com/timex#o http://ex.org/variable#29	1
http://ex.org/variable#15 http://www.ibm.com/timex#di http://ex.org/variable#30	1
http://ex.org/variable#15 http://www.ibm.com/timex#oi http://ex.org/variable#31	1
http://ex.org/variable#15 http://www.ibm.com/timex#oi http://ex.org/variable#32	1
http://ex.org/variable#15 http://www.ibm.com/timex#o http://ex.org/variable#33	1
http://ex.org/variable#15 http://www.ibm.com/timex#o http://ex.org/variable#34	1
http://ex.org/variable#15 http://www.ibm.com/timex#di http://ex.org/variable#35	1
http://ex.org/variable#15 http://www.ibm.com/timex#oi http://ex.org/variable#36	1
http://ex.org/variable#15 http://www.ibm.com/timex#si http://ex.org/variable#37	1
http://ex.org/variable#15 http://www.ibm.com/timex#d http://ex.org/variable#38	1
http://ex.org/variable#15 http://www.ibm.com/timex#o http://ex.org/variable#39	1
http://ex.org/variable#15 http://www.ibm.com/timex#oi http://ex.org/variable#40	1
http://ex.org/variable#15 http://www.ibm.com/timex#o http://ex.org/variable#41	1
http://ex.org/variable#15 http://www.ibm.com/timex#o http://ex.org/variable#42	1
http://ex.org/variable#15 http://www.ibm.com/timex#d http://ex.org/variable#43	1
http://ex.org/variable#15 http://www.ibm.com/timex#d http://ex.org/variable#44	1
http://ex.org/variable#15 http://www.ibm.com/timex#o http://ex.org/variable#45	1
http://ex.org/variable#15 http://www.ibm.com/timex#oi http://ex.org/variable#46	1
http://ex.org/variable#15 http://www.ibm.com/timex#f http://ex.org/variable#47	1
http://ex.org/variable#15 http://www.ibm.com/timex#m http://ex.org/variable#48	1
http://ex.org/variable#15 http://www.ibm.com/timex#oi http://ex.org/variable#49	1
http://ex.org/variable#15 http://www.ibm.com/timex#o http://ex.org/variable#50	1
http://ex.org/variable#15 http://www.ibm.com/timex#o http://ex.org/variable#51	1
http://ex.org/variable#15 http://www.ibm.com/timex#d http://ex.org/variable#52	1
http://ex.org/variable#15 http://www.ibm.com/timex#d http://ex.org/variable#53	1
http://ex.org/variable#15 http://www.ibm.com/timex#o http://ex.org/variable#54	1
http://ex.org/variable#15 http://www.ibm.com/timex#o http://ex.org/variable#55	1
http://ex.org/variable#15 http://www.ibm.com/timex#di http://ex.org/variable#56	1
http://ex.org/variable#15 http://www.ibm.com/timex#oi http://ex.org/variable#57	1
http://ex.org/variable#15 http://www.ibm.com/timex#o http://ex.org/variable#58	1
http://ex.org/variable#15 http://www.ibm.com/timex#o http://ex.org/variable#59	1
http://ex.org/variable#15 http://www.ibm.com/timex#d http://ex.org/variable#60	1
http://ex.org/variable#15 http://www.ibm.com/timex#d http://ex.org/variable#61	1
http://ex.org/variable#15 http://www.ibm.com/timex#o http://ex.org/variable#62	1
http://ex.org/variable#15 http://www.ibm.com/timex#d http://ex.org/variable#63	1
http://ex.org/variable#15 http://www.ibm.com/timex#d http://ex.org/variable#64	1
http://ex.org/variable#15 http://www.ibm.com/timex#di http://ex.org/variable#65	1
http://ex.org/variable#15 http://www.ibm.com/timex#oi http://ex.org/variable#66	1
http://ex.org/variable#15 http://www.ibm.com/timex#o http://ex.org/variable#67	1
http://ex.org/variable#15 http://www.ibm.com/timex#o http://ex.org/variable#68	1
http://ex.org/variable#15 http://www.ibm.com/timex#di http://ex.org/variable#69	1
http://ex.org/variable#15 http://www.ibm.com/timex#o http://ex.org/variable#70	1
http://ex.org/variable#15 http://www.ibm.com/timex#di http://ex.org/variable#71	1
http://ex.org/variable#15 http://www.ibm.com/timex#o http://ex.org/variable#72	1
http://ex.org/variable#15 http://www.ibm.com/timex#o http://ex.org/variable#73	1
http://ex.org/variable#15 http://www.ibm.com/timex#o http://ex.org/variable#74	1
http://ex.org/variable#15 http://www.ibm.com/timex#o http://ex.org/variable#75	1
http://ex.org/variable#15 http://www.ibm.com/timex#o http://ex.org/variable#76	1
http://ex.org/variable#15 http://www.ibm.com/timex#o http://ex.org/variable#77	1
http://ex.org/variable#15 http://www.ibm.com/timex#fi http://ex.org/variable#78	1
http://ex.org/variable#15 http://www.ibm.com/timex#oi http://ex.org/variable#79	1
http://ex.org/variable#15 http://www.ibm.com/timex#d http://ex.org/variable#80	1
http://ex.org/variable#15 http://www.ibm.com/timex#oi http://ex.org/variable#81	1
http://ex.org/variable#15 http://www.ibm.com/timex#di http://ex.org/variable#82	1
http://ex.org/variable#15 http://www.ibm.com/timex#d http://ex.org/variable#83	1
http://ex.org/variable#15 http://www.ibm.com/timex#o http://ex.org/variable#84	1
http://ex.org/variable#15 http://www.ibm.com/timex#o http://ex.org/variable#85	1
http://ex.org/variable#15 http://www.ibm.com/timex#d http://ex.org/variable#86	1
http://ex.org/variable#15 http://www.ibm.com/timex#o http://ex.org/variable#87	1
http://ex.org/variable#15 http://www.ibm.com/timex#b http://ex.org/variable#88	1
http://ex.org/variable#15 http://www.ibm.com/timex#o http://ex.org/variable#89	1
http://ex.org/variable#15 http://www.ibm.com/timex#o_fi http://ex.org/variable#90	1
http://ex.org/variable#15 http://www.ibm.com/timex#o http://ex.org/variable#91	1
http://ex.org/variable#15 http://www.ibm.com/timex#o http://ex.org/variable#92	1
http://ex.org/variable#15 http://www.ibm.com/timex#o http://ex.org/variable#93	1
http://ex.org/variable#15 http://www.ibm.com/timex#di http://ex.org/variable#94	1
http://ex.org/variable#15 http://www.ibm.com/timex#di http://ex.org/variable#95	1
http://ex.org/variable#15 http://www.ibm.com/timex#di http://ex.org/variable#96	1
http://ex.org/variable#15 http://www.ibm.com/timex#o http://ex.org/variable#97	1
http://ex.org/variable#15 http://www.ibm.com/timex#b http://ex.org/variable#98	1
http://ex.org/variable#15 http://www.ibm.com/timex#o http://ex.org/variable#99	1
http://ex.org/variable#15 http://www.ibm.com/timex#oi http://ex.org/variable#100	1
http://ex.org/variable#15 http://www.ibm.com/timex#o http://ex.org/variable#101	1
http://ex.org/variable#15 http://www.ibm.com/timex#di http://ex.org/variable#102	1
http://ex.org/variable#15 http://www.ibm.com/timex#d http://ex.org/variable#103	1
http://ex.org/variable#15 http://www.ibm.com/timex#b http://ex.org/variable#104	1
http://ex.org/variable#15 http://www.ibm.com/timex#o http://ex.org/variable#105	1
http://ex.org/variable#15 http://www.ibm.com/timex#d http://ex.org/variable#106	1
http://ex.org/variable#15 http://www.ibm.com/timex#o http://ex.org/variable#107	1
http://ex.org/variable#15 http://www.ibm.com/timex#di http://ex.org/variable#108	1
http://ex.org/variable#15 http://www.ibm.com/timex#di http://ex.org/variable#109	1
http://ex.org/variable#15 http://www.ibm.com/timex#d http://ex.org/variable#110	1
http://ex.org/variable#15 http://www.ibm.com/timex#di http://ex.org/variable#111	1
http://ex.org/variable#15 http://www.ibm.com/timex#d_f http://ex.org/variable#112	1
http://ex.org/variable#15 http://www.ibm.com/timex#di http://ex.org/variable#113	1
http://ex.org/variable#15 http://www.ibm.com/timex#o http://ex.org/variable#114	1
http://ex.org/variable#15 http://www.ibm.com/timex#b http://ex.org/variable#115	1
http://ex.org/variable#15 http://www.ibm.com/timex#di http://ex.org/variable#116	1
http://ex.org/variable#15 http://www.ibm.com/timex#oi http://ex.org/variable#117	1
http://ex.org/variable#15 http://www.ibm.com/timex#di http://ex.org/variable#118	1
http://ex.org/variable#15 http://www.ibm.com/timex#d http://ex.org/variable#119	1
http://ex.org/variable#15 http://www.ibm.com/timex#di http://ex.org/variable#120	1
http://ex.org/variable#15 http://www.ibm.com/timex#b http://ex.org/variable#121	1
http://ex.org/variable#15 http://www.ibm.com/timex#d http://ex.org/variable#122	1
http://ex.org/variable#15 http://www.ibm.com/timex#o http://ex.org/variable#123	1
http://ex.org/variable#15 http://www.ibm.com/timex#oi http://ex.org/variable#124	1
http://ex.org/variable#15 http://www.ibm.com/timex#oi http://ex.org/variable#125	1
http://ex.org/variable#15 http://www.ibm.com/timex#o http://ex.org/variable#126	1
http://ex.org/variable#15 http://www.ibm.com/timex#o http://ex.org/variable#127	1
http://ex.org/variable#15 http://www.ibm.com/timex#o http://ex.org/variable#128	1
http://ex.org/variable#15 http://www.ibm.com/timex#oi http://ex.org/variable#129	1
http://ex.org/variable#15 http://www.ibm.com/timex#di http://ex.org/variable#130	1
http://ex.org/variable#15 http://www.ibm.com/timex#b http://ex.org/variable#131	1
http://ex.org/variable#15 http://www.ibm.com/timex#d http://ex.org/variable#132	1
http://ex.org/variable#15 http://www.ibm.com/timex#o http://ex.org/variable#133	1
http://ex.org/variable#15 http://www.ibm.com/timex#oi http://ex.org/variable#134	1
http://ex.org/variable#15 http://www.ibm.com/timex#o http://ex.org/variable#135	1
http://ex.org/variable#15 http://www.ibm.com/timex#o http://ex.org/variable#136	1
http://ex.org/variable#15 http://www.ibm.com/timex#di http://ex.org/variable#137	1
http://ex.org/variable#15 http://www.ibm.com/timex#o http://ex.org/variable#138	1
http://ex.org/variable#15 http://www.ibm.com/timex#di http://ex.org/variable#139	1
http://ex.org/variable#15 http://www.ibm.com/timex#di http://ex.org/variable#140	1
http://ex.org/variable#15 http://www.ibm.com/timex#d http://ex.org/variable#141	1
http://ex.org/variable#15 http://www.ibm.com/timex#di http://ex.org/variable#142	1
http://ex.org/variable#15 http://www.ibm.com/timex#o http://ex.org/variable#143	1
http://ex.org/variable#15 http://www.ibm.com/timex#o http://ex.org/variable#144	1
http://ex.org/variable#15 http://www.ibm.com/timex#o http://ex.org/variable#145	1
http://ex.org/variable#15 http://www.ibm.com/timex#o http://ex.org/variable#146	1
http://ex.org/variable#15 http://www.ibm.com/timex#o http://ex.org/variable#147	1
http://ex.org/variable#15 http://www.ibm.com/timex#o http://ex.org/variable#148	1
http://ex.org/variable#15 http://www.ibm.com/timex#oi http://ex.org/variable#149	1
http://ex.org/variable#15 http://www.ibm.com/timex#o http://ex.org/variable#150	1
http://ex.org/variable#15 http://www.ibm.com/timex#o http://ex.org/variable#151	1
http://ex.org/variable#15 http://www.ibm.com/timex#oi http://ex.org/variable#152	1
http://ex.org/variable#15 http://www.ibm.com/timex#o http://ex.org/variable#153	1
http://ex.org/variable#15 http://www.ibm.com/timex#di http://ex.org/variable#154	1
http://ex.org/variable#15 http://www.ibm.com/timex#d http://ex.org/variable#155	1
http://ex.org/variable#15 http://www.ibm.com/timex#o http://ex.org/variable#156	1
http://ex.org/variable#15 http://www.ibm.com/timex#di http://ex.org/variable#157	1
http://ex.org/variable#15 http://www.ibm.com/timex#di http://ex.org/variable#158	1
http://ex.org/variable#15 http://www.ibm.com/timex#o http://ex.org/variable#159	1
http://ex.org/variable#15 http://www.ibm.com/timex#o http://ex.org/variable#160	1
http://ex.org/variable#15 http://www.ibm.com/timex#di http://ex.org/variable#161	1
http://ex.org/variable#15 http://www.ibm.com/timex#di http://ex.org/variable#162	1
http://ex.org/variable#15 http://www.ibm.com/timex#o http://ex.org/variable#163	1
http://ex.org/variable#15 http://www.ibm.com/timex#o http://ex.org/variable#164	1
http://ex.org/variable#15 http://www.ibm.com/timex#di http://ex.org/variable#165	1
http://ex.org/variable#15 http://www.ibm.com/timex#oi http://ex.org/variable#166	1
http://ex.org/variable#15 http://www.ibm.com/timex#f http://ex.org/variable#167	1
http://ex.org/variable#15 http://www.ibm.com/timex#o http://ex.org/variable#168	1
http://ex.org/variable#15 http://www.ibm.com/timex#d http://ex.org/variable#169	1
http://ex.org/variable#15 http://www.ibm.com/timex#o http://ex.org/variable#170	1
http://ex.org/variable#15 http://www.ibm.com/timex#oi http://ex.org/variable#171	1
http://ex.org/variable#15 http://www.ibm.com/timex#oi http://ex.org/variable#172	1
http://ex.org/variable#15 http://www.ibm.com/timex#b http://ex.org/variable#173	1
http://ex.org/variable#15 http://www.ibm.com/timex#o http://ex.org/variable#174	1
http://ex.org/variable#15 http://www.ibm.com/timex#d http://ex.org/variable#175	1
http://ex.org/variable#15 http://www.ibm.com/timex#o http://ex.org/variable#176	1
http://ex.org/variable#15 http://www.ibm.com/timex#o http://ex.org/variable#177	1
http://ex.org/variable#15 http://www.ibm.com/timex#o http://ex.org/variable#178	1
http://ex.org/variable#15 http://www.ibm.com/timex#o http://ex.org/variable#179	1
http://ex.org/variable#15 http://www.ibm.com/timex#di http://ex.org/variable#180	1
http://ex.org/variable#15 http://www.ibm.com/timex#oi http://ex.org/variable#181	1
http://ex.org/variable#15 http://www.ibm.com/timex#di http://ex.org/variable#182	1
http://ex.org/variable#15 http://www.ibm.com/timex#o http://ex.org/variable#183	1
http://ex.org/variable#15 http://www.ibm.com/timex#si http://ex.org/variable#184	1
http://ex.org/variable#15 http://www.ibm.com/timex#o http://ex.org/variable#185	1
http://ex.org/variable#15 http://www.ibm.com/timex#o http://ex.org/variable#186	1
http://ex.org/variable#15 http://www.ibm.com/timex#d http://ex.org/variable#187	1
http://ex.org/variable#15 http://www.ibm.com/timex#o http://ex.org/variable#188	1
http://ex.org/variable#15 http://www.ibm.com/timex#di http://ex.org/variable#189	1
http://ex.org/variable#16 http://www.ibm.com/timex#o http://ex.org/variable#0	1
http://ex.org/variable#16 http://www.ibm.com/timex#b http://ex.org/variable#1	1
http://ex.org/variable#16 http://www.ibm.com/timex#o http://ex.org/variable#2	1
http://ex.org/variable#16 http://www.ibm.com/timex#o http://ex.org/variable#3	1
http://ex.org/variable#16 http://www.ibm.com/timex#o http://ex.org/variable#4	1
http://ex.org/variable#16 http://www.ibm.com/timex#di http://ex.org/variable#5	1
http://ex.org/variable#16 http://www.ibm.com/timex#o http://ex.org/variable#6	1
http://ex.org/variable#16 http://www.ibm.com/timex#o http://ex.org/variable#7	1
http://ex.org/variable#16 http://www.ibm.com/timex#oi http://ex.org/variable#8	1
http://ex.org/variable#16 http://www.ibm.com/timex#o http://ex.org/variable#9	1
http://ex.org/variable#16 http://www.ibm.com/timex#o http://ex.org/variable#10	1
http://ex.org/variable#16 http://www.ibm.com/timex#d http://ex.org/variable#11	1
http://ex.org/variable#16 http://www.ibm.com/timex#d http://ex.org/variable#12	1
http://ex.org/variable#16 http://www.ibm.com/timex#oi http://ex.org/variable#13	1
http://ex.org/variable#16 http://www.ibm.com/timex#di http://ex.org/variable#14	1
http://ex.org/variable#16 http://www.ibm.com/timex#d http://ex.org/variable#15	1
http://ex.org/variable#16 http://www.ibm.com/timex#b http://ex.org/variable#17	1
http://ex.org/variable#16 http://www.ibm.com/timex#o http://ex.org/variable#18	1
http://ex.org/variable#16 http://www.ibm.com/timex#oi http://ex.org/variable#19	1
http://ex.org/variable#16 http://www.ibm.com/timex#d http://ex.org/variable#20	1
http://ex.org/variable#16 http://www.ibm.com/timex#m http://ex.org/variable#21	1
http://ex.org/variable#16 http://www.ibm.com/timex#o http://ex.org/variable#22	1
http://ex.org/variable#16 http://www.ibm.com/timex#di http://ex.org/variable#23	1
http://ex.org/variable#16 http://www.ibm.com/timex#d http://ex.org/variable#24	1
http://ex.org/variable#16 http://www.ibm.com/timex#oi http://ex.org/variable#25	1
http://ex.org/variable#16 http://www.ibm.com/timex#b http://ex.org/variable#26	1
http://ex.org/variable#16 http://www.ibm.com/timex#oi http://ex.org/variable#27	1
http://ex.org/variable#16 http://www.ibm.com/timex#o http://ex.org/variable#28	1
http://ex.org/variable#16 http://www.ibm.com/timex#o http://ex.org/variable#29	1
http://ex.org/variable#16 http://www.ibm.com/timex#di http://ex.org/variable#30	1
http://ex.org/variable#16 http://www.ibm.com/timex#oi http://ex.org/variable#31	1
http://ex.org/variable#16 http://www.ibm.com/timex#oi http://ex.org/variable#32	1
http://ex.org/variable#16 http://www.ibm.com/timex#b http://ex.org/variable#33	1
http://ex.org/variable#16 http://www.ibm.com/timex#d http://ex.org/variable#34	1
http://ex.org/variable#16 http://www.ibm.com/timex#di http://ex.org/variable#35	1
http://ex.org/variable#16 http://www.ibm.com/timex#oi http://ex.org/variable#36	1
http://ex.org/variable#16 http://www.ibm.com/timex#oi http://ex.org/variable#37	1
http://ex.org/variable#16 http://www.ibm.com/timex#d http://ex.org/variable#38	1
http://ex.org/variable#16 http://www.ibm.com/timex#b http://ex.org/variable#39	1
http://ex.org/variable#16 http://www.ibm.com/timex#d http://ex.org/variable#40	1
http://ex.org/variable#16 http://www.ibm.com/timex#d http://ex.org/variable#41	1
http://ex.org/variable#16 http://www.ibm.com/timex#o http://ex.org/variable#42	1
http://ex.org/variable#16 http://www.ibm.com/timex#d http://ex.org/variable#43	1
http://ex.org/variable#16 http://www.ibm.com/timex#d http://ex.org/variable#44	1
http://ex.org/variable#16 http://www.ibm.com/timex#o http://ex.org/variable#45	1
http://ex.org/variable#16 http://www.ibm.com/timex#oi http://ex.org/variable#46	1
http://ex.org/variable#16 http://www.ibm.com/timex#d http://ex.org/variable#47	1
http://ex.org/variable#16 http://www.ibm.com/timex#b http://ex.org/variable#48	1
http://ex.org/variable#16 http://www.ibm.com/timex#oi http://ex.org/variable#49	1
http://ex.org/variable#16 http://www.ibm.com/timex#o http://ex.org/variable#50	1
http://ex.org/variable#16 http://www.ibm.com/timex#b http://ex.org/variable#51	1
http://ex.org/variable#16 http://www.ibm.com/timex#d http://ex.org/variable#52	1
http://ex.org/variable#16 http://www.ibm.com/timex#d http://ex.org/variable#53	1
http://ex.org/variable#16 http://www.ibm.com/timex#o http://ex.org/variable#54	1
http://ex.org/variable#16 http://www.ibm.com/timex#o http://ex.org/variable#55	1
http://ex.org/variable#16 http://www.ibm.com/timex#di http://ex.org/variable#56	1
http://ex.org/variable#16 http://www.ibm.com/timex#oi http://ex.org/variable#57	1
http://ex.org/variable#16 http://www.ibm.com/timex#d http://ex.org/variable#58	1
http://ex.org/variable#16 http://www.ibm.com/timex#d http://ex.org/variable#59	1
http://ex.org/variable#16 http://www.ibm.com/timex#d http://ex.org/variable#60	1
http://ex.org/variable#16 http://www.ibm.com/timex#d http://ex.org/variable#61	1
http://ex.org/variable#16 http://www.ibm.com/timex#o http://ex.org/variable#62	1
http://ex.org/variable#16 http://www.ibm.com/timex#d http://ex.org/variable#63	1
http://ex.org/variable#16 http://www.ibm.com/timex#d http://ex.org/variable#64	1
http://ex.org/variable#16 http://www.ibm.com/timex#oi_di http://ex.org/variable#65	1
http://ex.org/variable#16 http://www.ibm.com/timex#oi http://ex.org/variable#66	1
http://ex.org/variable#16 http://www.ibm.com/timex#o http://ex.org/variable#67	1
http://ex.org/variable#16 http://www.ibm.com/timex#o http://ex.org/variable#68	1
http://ex.org/variable#16 http://www.ibm.com/timex#di http://ex.org/variable#69	1
http://ex.org/variable#16 http://www.ibm.com/timex#o http://ex.org/variable#70	1
http://ex.org/variable#16 http://www.ibm.com/timex#oi http://ex.org/variable#71	1
http://ex.org/variable#16 http://www.ibm.com/timex#o http://ex.org/variable#72	1
http://ex.org/variable#16 http://www.ibm.com/timex#o http://ex.org/variable#73	1
http://ex.org/variable#16 http://www.ibm.com/timex#o http://ex.org/variable#74	1
http://ex.org/variable#16 http://www.ibm.com/timex#d http://ex.org/variable#75	1
http://ex.org/variable#16 http://www.ibm.com/timex#o http://ex.org/variable#76	1
http://ex.org/variable#16 http://www.ibm.com/timex#o http://ex.org/variable#77	1
http://ex.org/variable#16 http://www.ibm.com/timex#o http://ex.org/variable#78	1
http://ex.org/variable#16 http://www.ibm.com/timex#oi http://ex.org/variable#79	1
http://ex.org/variable#16 http://www.ibm.com/timex#d http://ex.org/variable#80	1
http://ex.org/variable#16 http://www.ibm.com/timex#oi http://ex.org/variable#81	1
http://ex.org/variable#16 http://www.ibm.com/timex#di http://ex.org/variable#82	1
http://ex.org/variable#16 http://www.ibm.com/timex#d http://ex.org/variable#83	1
http://ex.org/variable#16 http://www.ibm.com/timex#o http://ex.org/variable#84	1
http://ex.org/variable#16 http://www.ibm.com/timex#m http://ex.org/variable#85	1
http://ex.org/variable#16 http://www.ibm.com/timex#d http://ex.org/variable#86	1
http://ex.org/variable#16 http://www.ibm.com/timex#o http://ex.org/variable#87	1
http://ex.org/variable#16 http://www.ibm.com/timex#b http://ex.org/variable#88	1
http://ex.org/variable#16 http://www.ibm.com/timex#o http://ex.org/variable#89	1
http://ex.org/variable#16 http://www.ibm.com/timex#o http://ex.org/variable#90	1
http://ex.org/variable#16 http://www.ibm.com/timex#d http://ex.org/variable#91	1
http://ex.org/variable#16 http://www.ibm.com/timex#o http://ex.org/variable#92	1
http://ex.org/variable#16 http://www.ibm.com/timex#o http://ex.org/variable#93	1
http://ex.org/variable#16 http://www.ibm.com/timex#oi http://ex.org/variable#94	1
http://ex.org/variable#16 http://www.ibm.com/timex#di http://ex.org/variable#95	1
http://ex.org/variable#16 http://www.ibm.com/timex#di http://ex.org/variable#96	1
http://ex.org/variable#16 http://www.ibm.com/timex#o http://ex.org/variable#97	1
http://ex.org/variable#16 http://www.ibm.com/timex#b http://ex.org/variable#98	1
http://ex.org/variable#16 http://www.ibm.com/timex#b http://ex.org/variable#99	1
http://ex.org/variable#16 http://www.ibm.com/timex#oi http://ex.org/variable#100	1
http://ex.org/variable#16 http://www.ibm.com/timex#o http://ex.org/variable#101	1
http://ex.org/variable#16 http://www.ibm.com/timex#fi http://ex.org/variable#102	1
http://ex.org/variable#16 http://www.ibm.com/timex#d http://ex.org/variable#103	1
http://ex.org/variable#16 http://www.ibm.com/timex#b http://ex.org/variable#104	1
http://ex.org/variable#16 http://www.ibm.com/timex#o http://ex.org/variable#105	1
http://ex.org/variable#16 http://www.ibm.com/timex#d http://ex.org/variable#106	1
http://ex.org/variable#16 http://www.ibm.com/timex#o http://ex.org/variable#107	1
http://ex.org/variable#16 http://www.ibm.com/timex#di http://ex.org/variable#108	1
http://ex.org/variable#16 http://www.ibm.com/timex#di http://ex.org/variable#109	1
http://ex.org/variable#16 http://www.ibm.com/timex#d http://ex.org/variable#110	1
http://ex.org/variable#16 http://www.ibm.com/timex#di http://ex.org/variable#111	1
http://ex.org/variable#16 http://www.ibm.com/timex#d http://ex.org/variable#112	1
http://ex.org/variable#16 http://www.ibm.com/timex#di http://ex.org/variable#113	1
http://ex.org/variable#16 http://www.ibm.com/timex#d http://ex.org/variable#114	1
http://ex.org/variable#16 http://www.ibm.com/timex#b http://ex.org/variable#115	1
http://ex.org/variable#16 http://www.ibm.com/timex#di http://ex.org/variable#116	1
http://ex.org/variable#16 http://www.ibm.com/timex#oi http://ex.org/variable#117	1
http://ex.org/variable#16 http://www.ibm.com/timex#oi http://ex.org/variable#118	1
http://ex.org/variable#16 http://www.ibm.com/timex#d http://ex.org/variable#119	1
http://ex.org/variable#16 http://www.ibm.com/timex#oi_di_si http://ex.org/variable#120	1
http://ex.org/variable#16 http://www.ibm.com/timex#b http://ex.org/variable#121	1
http://ex.org/variable#16 http://www.ibm.com/timex#d http://ex.org/variable#122	1
http://ex.org/variable#16 http://www.ibm.com/timex#o http://ex.org/variable#123	1
http://ex.org/variable#16 http://www.ibm.com/timex#oi http://ex.org/variable#124	1
http://ex.org/variable#16 http://www.ibm.com/timex#oi http://ex.org/variable#125	1
http://ex.org/variable#16 http://www.ibm.com/timex#o http://ex.org/variable#126	1
http://ex.org/variable#16 http://www.ibm.com/timex#m http://ex.org/variable#127	1
http://ex.org/variable#16 http://www.ibm.com/timex#o http://ex.org/variable#128	1
http://ex.org/variable#16 http://www.ibm.com/timex#oi http://ex.org/variable#129	1
http://ex.org/variable#16 http://www.ibm.com/timex#di http://ex.org/variable#130	1
http://ex.org/variable#16 http://www.ibm.com/timex#b http://ex.org/variable#131	1
http://ex.org/variable#16 http://www.ibm.com/timex#d http://ex.org/variable#132	1
http://ex.org/variable#16 http://www.ibm.com/timex#o http://ex.org/variable#133	1
http://ex.org/variable#16 http://www.ibm.com/timex#oi http://ex.org/variable#134	1
http://ex.org/variable#16 http://www.ibm.com/timex#o_d_s http://ex.org/variable#135	1
http://ex.org/variable#16 http://www.ibm.com/timex#o http://ex.org/variable#136	1
http://ex.org/variable#16 http://www.ibm.com/timex#di http://ex.org/variable#137	1
http://ex.org/variable#16 http://www.ibm.com/timex#b http://ex.org/variable#138	1
http://ex.org/variable#16 http://www.ibm.com/timex#di http://ex.org/variable#139	1
http://ex.org/variable#16 http://www.ibm.com/timex#di http://ex.org/variable#140	1
http://ex.org/variable#16 http://www.ibm.com/timex#d http://ex.org/variable#141	1
http://ex.org/variable#16 http://www.ibm.com/timex#oi http://ex.org/variable#142	1
http://ex.org/variable#16 http://www.ibm.com/timex#d http://ex.org/variable#143	1
http://ex.org/variable#16 http://www.ibm.com/timex#o http://ex.org/variable#144	1
http://ex.org/variable#16 http://www.ibm.com/timex#m http://ex.org/variable#145	1
http://ex.org/variable#16 http://www.ibm.com/timex#o http://ex.org/variable#146	1
http://ex.org/variable#16 http://www.ibm.com/timex#o_d_s http://ex.org/variable#147	1
http://ex.org/variable#16 http://www.ibm.com/timex#o http://ex.org/variable#148	1
http://ex.org/variable#16 http://www.ibm.com/timex#oi http://ex.org/variable#149	1
http://ex.org/variable#16 http://www.ibm.com/timex#b http://ex.org/variable#150	1
http://ex.org/variable#16 http://www.ibm.com/timex#o http://ex.org/variable#151	1
http://ex.org/variable#16 http://www.ibm.com/timex#oi http://ex.org/variable#152	1
http://ex.org/variable#16 http://www.ibm.com/timex#o http://ex.org/variable#153	1
http://ex.org/variable#16 http://www.ibm.com/timex#di http://ex.org/variable#154	1
http://ex.org/variable#16 http://www.ibm.com/timex#d http://ex.org/variable#155	1
http://ex.org/variable#16 http://www.ibm.com/timex#o http://ex.org/variable#156	1
http://ex.org/variable#16 http://www.ibm.com/timex#oi_di_si http://ex.org/variable#157	1
http://ex.org/variable#16 http://www.ibm.com/timex#oi http://ex.org/variable#158	1
http://ex.org/variable#16 http://www.ibm.com/timex#o http://ex.org/variable#159	1
http://ex.org/variable#16 http://www.ibm.com/timex#o http://ex.org/variable#160	1
http://ex.org/variable#16 http://www.ibm.com/timex#di http://ex.org/variable#161	1
http://ex.org/variable#16 http://www.ibm.com/timex#oi http://ex.org/variable#162	1
http://ex.org/variable#16 http://www.ibm.com/timex#o http://ex.org/variable#163	1
http://ex.org/variable#16 http://www.ibm.com/timex#o http://ex.org/variable#164	1
http://ex.org/variable#16 http://www.ibm.com/timex#di http://ex.org/variable#165	1
http://ex.org/variable#16 http://www.ibm.com/timex#oi http://ex.org/variable#166	1
http://ex.org/variable#16 http://www.ibm.com/timex#d http://ex.org/variable#167	1
http://ex.org/variable#16 http://www.ibm.com/timex#o http://ex.org/variable#168	1
http://ex.org/variable#16 http://www.ibm.com/timex#d http://ex.org/variable#169	1
http://ex.org/variable#16 http://www.ibm.com/timex#m http://ex.org/variable#170	1
http://ex.org/variable#16 http://www.ibm.com/timex#oi http://ex.org/variable#171	1
http://ex.org/variable#16 http://www.ibm.com/timex#oi http://ex.org/variable#172	1
http://ex.org/variable#16 http://www.ibm.com/timex#b http://ex.org/variable#173	1
http://ex.org/variable#16 http://www.ibm.com/timex#o http://ex.org/variable#174	1
http://ex.org/variable#16 http://www.ibm.com/timex#d http://ex.org/variable#175	1
http://ex.org/variable#16 http://www.ibm.com/timex#o http://ex.org/variable#176	1
http://ex.org/variable#16 http://www.ibm.com/timex#o http://ex.org/variable#177	1
http://ex.org/variable#16 http://www.ibm.com/timex#o http://ex.org/variable#178	1
http://ex.org/variable#16 http://www.ibm.com/timex#o http://ex.org/variable#179	1
http://ex.org/variable#16 http://www.ibm.com/timex#di http://ex.org/variable#180	1
http://ex.org/variable#16 http://www.ibm.com/timex#oi http://ex.org/variable#181	1
http://ex.org/variable#16 http://www.ibm.com/timex#di http://ex.org/variable#182	1
http://ex.org/variable#16 http://www.ibm.com/timex#o http://ex.org/variable#183	1
http://ex.org/variable#16 http://www.ibm.com/timex#oi http://ex.org/variable#184	1
http://ex.org/variable#16 http://www.ibm.com/timex#o http://ex.org/variable#185	1
http://ex.org/variable#16 http://www.ibm.com/timex#o http://ex.org/variable#186	1
http://ex.org/variable#16 http://www.ibm.com/timex#d http://ex.org/variable#187	1
http://ex.org/variable#16 http://www.ibm.com/timex#o http://ex.org/variable#188	1
http://ex.org/variable#16 http://www.ibm.com/timex#di http://ex.org/variable#189	1
http://ex.org/variable#17 http://www.ibm.com/timex#d http://ex.org/variable#0	1
http://ex.org/variable#17 http://www.ibm.com/timex#o_d_s http://ex.org/variable#1	1
http://ex.org/variable#17 http://www.ibm.com/timex#d http://ex.org/variable#2	1
http://ex.org/variable#17 http://www.ibm.com/timex#mi_oi http://ex.org/variable#3	1
http://ex.org/variable#17 http://www.ibm.com/timex#d http://ex.org/variable#4	1
http://ex.org/variable#17 http://www.ibm.com/timex#bi http://ex.org/variable#5	1
http://ex.org/variable#17 http://www.ibm.com/timex#d http://ex.org/variable#6	1
http://ex.org/variable#17 http://www.ibm.com/timex#d http://ex.org/variable#7	1
http://ex.org/variable#17 http://www.ibm.com/timex#bi http://ex.org/variable#8	1
http://ex.org/variable#17 http://www.ibm.com/timex#d http://ex.org/variable#9	1
http://ex.org/variable#17 http://www.ibm.com/timex#d http://ex.org/variable#10	1
http://ex.org/variable#17 http://www.ibm.com/timex#d http://ex.org/variable#11	1
http://ex.org/variable#17 http://www.ibm.com/timex#d http://ex.org/variable#12	1
http://ex.org/variable#17 http://www.ibm.com/timex#bi http://ex.org/variable#13	1
http://ex.org/variable#17 http://www.ibm.com/timex#bi http://ex.org/variable#14	1
http://ex.org/variable#17 http://www.ibm.com/timex#bi http://ex.org/variable#15	1
http://ex.org/variable#17 http://www.ibm.com/timex#bi http://ex.org/variable#16	1
http://ex.org/variable#17 http://www.ibm.com/timex#d_f http://ex.org/variable#18	1
http://ex.org/variable#17 http://www.ibm.com/timex#bi http://ex.org/variable#19	1
http://ex.org/variable#17 http://www.ibm.com/timex#d http://ex.org/variable#20	1
http://ex.org/variable#17 http://www.ibm.com/timex#d http://ex.org/variable#21	1
http://ex.org/variable#17 http://www.ibm.com/timex#d http://ex.org/variable#22	1
http://ex.org/variable#17 http://www.ibm.com/timex#bi http://ex.org/variable#23	1
http://ex.org/variable#17 http://www.ibm.com/timex#d http://ex.org/variable#24	1
http://ex.org/variable#17 http://www.ibm.com/timex#bi http://ex.org/variable#25	1
http://ex.org/variable#17 http://www.ibm.com/timex#d http://ex.org/variable#26	1
http://ex.org/variable#17 http://www.ibm.com/timex#bi http://ex.org/variable#27	1
http://ex.org/variable#17 http://www.ibm.com/timex#d http://ex.org/variable#28	1
http://ex.org/variable#17 http://www.ibm.com/timex#d http://ex.org/variable#29	1
http://ex.org/variable#17 http://www.ibm.com/timex#bi http://ex.org/variable#30	1
http://ex.org/variable#17 http://www.ibm.com/timex#bi http://ex.org/variable#31	1
http://ex.org/variable#17 http://www.ibm.com/timex#bi http://ex.org/variable#32	1
http://ex.org/variable#17 http://www.ibm.com/timex#d http://ex.org/variable#33	1
http://ex.org/variable#17 http://www.ibm.com/timex#mi_oi_d http://ex.org/variable#34	1
http://ex.org/variable#17 http://www.ibm.com/timex#bi http://ex.org/variable#35	1
http://ex.org/variable#17 http://www.ibm.com/timex#bi http://ex.org/variable#36	1
http://ex.org/variable#17 http://www.ibm.com/timex#bi http://ex.org/variable#37	1
http://ex.org/variable#17 http://www.ibm.com/timex#bi_mi_oi http://ex.org/variable#38	1
http://ex.org/variable#17 http://www.ibm.com/timex#bi_mi_oi http://ex.org/variable#39	1
http://ex.org/variable#17 http://www.ibm.com/timex#bi http://ex.org/variable#40	1
http://ex.org/variable#17 http://www.ibm.com/timex#d http://ex.org/variable#41	1
http://ex.org/variable#17 http://www.ibm.com/timex#d http://ex.org/variable#42	1
http://ex.org/variable#17 http://www.ibm.com/timex#mi_oi_d http://ex.org/variable#43	1
http://ex.org/variable#17 http://www.ibm.com/timex#d http://ex.org/variable#44	1
http://ex.org/variable#17 http://www.ibm.com/timex#d http://ex.org/variable#45	1
http://ex.org/variable#17 http://www.ibm.com/timex#bi http://ex.org/variable#46	1
http://ex.org/variable#17 http://www.ibm.com/timex#bi http://ex.org/variable#47	1
http://ex.org/variable#17 http://www.ibm.com/timex#f http://ex.org/variable#48	1
http://ex.org/variable#17 http://www.ibm.com/timex#bi http://ex.org/variable#49	1
http://ex.org/variable#17 http://www.ibm.com/timex#d http://ex.org/variable#50	1
http://ex.org/variable#17 http://www.ibm.com/timex#d http://ex.org/variable#51	1
http://ex.org/variable#17 http://www.ibm.com/timex#d http://ex.org/variable#52	1
http://ex.org/variable#17 http://www.ibm.com/timex#d http://ex.org/variable#53	1
http://ex.org/variable#17 http://www.ibm.com/timex#d http://ex.org/variable#54	1
http://ex.org/variable#17 http://www.ibm.com/timex#bi_oi http://ex.org/variable#55	1
http://ex.org/variable#17 http://www.ibm.com/timex#bi http://ex.org/variable#56	1
http://ex.org/variable#17 http://www.ibm.com/timex#bi http://ex.org/variable#57	1
http://ex.org/variable#17 http://www.ibm.com/timex#bi_mi_oi http://ex.org/variable#58	1
http://ex.org/variable#17 http://www.ibm.com/timex#d http://ex.org/variable#59	1
http://ex.org/variable#17 http://www.ibm.com/timex#d http://ex.org/variable#60	1
http://ex.org/variable#17 http://www.ibm.com/timex#d http://ex.org/variable#61	1
http://ex.org/variable#17 http://www.ibm.com/timex#d http://ex.org/variable#62	1
http://ex.org/variable#17 http://www.ibm.com/timex#d http://ex.org/variable#63	1
http://ex.org/variable#17 http://www.ibm.com/timex#d http://ex.org/variable#64	1
http://ex.org/variable#17 http://www.ibm.com/timex#bi http://ex.org/variable#65	1
http://ex.org/variable#17 http://www.ibm.com/timex#bi http://ex.org/variable#66	1
http://ex.org/variable#17 http://www.ibm.com/timex#d http://ex.org/variable#67	1
http://ex.org/variable#17 http://www.ibm.com/timex#d http://ex.org/variable#68	1
http://ex.org/variable#17 http://www.ibm.com/timex#bi http://ex.org/variable#69	1
http://ex.org/variable#17 http://www.ibm.com/timex#d http://ex.org/variable#70	1
http://ex.org/variable#17 http://www.ibm.com/timex#bi http://ex.org/variable#71	1
http://ex.org/variable#17 http://www.ibm.com/timex#d http://ex.org/variable#72	1
http://ex.org/variable#17 http://www.ibm.com/timex#bi_mi_oi http://ex.org/variable#73	1
http://ex.org/variable#17 http://www.ibm.com/timex#d http://ex.org/variable#74	1
http://ex.org/variable#17 http://www.ibm.com/timex#bi_oi http://ex.org/variable#75	1
http://ex.org/variable#17 http://www.ibm.com/timex#d http://ex.org/variable#76	1
http://ex.org/variable#17 http://www.ibm.com/timex#d http://ex.org/variable#77	1
http://ex.org/variable#17 http://www.ibm.com/timex#bi http://ex.org/variable#78	1
http://ex.org/variable#17 http://www.ibm.com/timex#bi http://ex.org/variable#79	1
http://ex.org/variable#17 http://www.ibm.com/timex#d http://ex.org/variable#80	1
http://ex.org/variable#17 http://www.ibm.com/timex#bi http://ex.org/variable#81	1
http://ex.org/variable#17 http://www.ibm.com/timex#bi http://ex.org/variable#82	1
http://ex.org/variable#17 http://www.ibm.com/timex#d http://ex.org/variable#83	1
http://ex.org/variable#17 http://www.ibm.com/timex#d http://ex.org/variable#84	1
http://ex.org/variable#17 http://www.ibm.com/timex#d http://ex.org/variable#85	1
http://ex.org/variable#17 http://www.ibm.com/timex#d http://ex.org/variable#86	1
http://ex.org/variable#17 http://www.ibm.com/timex#d http://ex.org/variable#87	1
http://ex.org/variable#17 http://www.ibm.com/timex#b http://ex.org/variable#88	1
http://ex.org/variable#17 http://www.ibm.com/timex#d http://ex.org/variable#89	1
http://ex.org/variable#17 http://www.ibm.com/timex#bi_mi_oi_d_f http://ex.org/variable#90	1
http://ex.org/variable#17 http://www.ibm.com/timex#d http://ex.org/variable#91	1
http://ex.org/variable#17 http://www.ibm.com/timex#d http://ex.org/variable#92	1
http://ex.org/variable#17 http://www.ibm.com/timex#d http://ex.org/variable#93	1
http://ex.org/variable#17 http://www.ibm.com/timex#bi http://ex.org/variable#94	1
http://ex.org/variable#17 http://www.ibm.com/timex#bi http://ex.org/variable#95	1
http://ex.org/variable#17 http://www.ibm.com/timex#bi http://ex.org/variable#96	1
http://ex.org/variable#17 http://www.ibm.com/timex#d http://ex.org/variable#97	1
http://ex.org/variable#17 http://www.ibm.com/timex#o_d http://ex.org/variable#98	1
http://ex.org/variable#17 http://www.ibm.com/timex#d http://ex.org/variable#99	1
http://ex.org/variable#17 http://www.ibm.com/timex#bi http://ex.org/variable#100	1
http://ex.org/variable#17 http://www.ibm.com/timex#d http://ex.org/variable#101	1
http://ex.org/variable#17 http://www.ibm.com/timex#bi http://ex.org/variable#102	1
http://ex.org/variable#17 http://www.ibm.com/timex#mi_oi http://ex.org/variable#103	1
http://ex.org/variable#17 http://www.ibm.com/timex#b http://ex.org/variable#104	1
http://ex.org/variable#17 http://www.ibm.com/timex#d http://ex.org/variable#105	1
http://ex.org/variable#17 http://www.ibm.com/timex#d http://ex.org/variable#106	1
http://ex.org/variable#17 http://www.ibm.com/timex#d_f http://ex.org/variable#107	1
http://ex.org/variable#17 http://www.ibm.com/timex#bi http://ex.org/variable#108	1
http://ex.org/variable#17 http://www.ibm.com/timex#bi http://ex.org/variable#109	1
http://ex.org/variable#17 http://www.ibm.com/timex#d http://ex.org/variable#110	1
http://ex.org/variable#17 http://www.ibm.com/timex#bi http://ex.org/variable#111	1
http://ex.org/variable#17 http://www.ibm.com/timex#bi_mi_oi_d_f http://ex.org/variable#112	1
http://ex.org/variable#17 http://www.ibm.com/timex#bi http://ex.org/variable#113	1
http://ex.org/variable#17 http://www.ibm.com/timex#d http://ex.org/variable#114	1
http://ex.org/variable#17 http://www.ibm.com/timex#b http://ex.org/variable#115	1
http://ex.org/variable#17 http://www.ibm.com/timex#bi http://ex.org/variable#116	1
http://ex.org/variable#17 http://www.ibm.com/timex#bi http://ex.org/variable#117	1
http://ex.org/variable#17 http://www.ibm.com/timex#bi http://ex.org/variable#118	1
http://ex.org/variable#17 http://www.ibm.com/timex#d http://ex.org/variable#119	1
http://ex.org/variable#17 http://www.ibm.com/timex#bi http://ex.org/variable#120	1
http://ex.org/variable#17 http://www.ibm.com/timex#b http://ex.org/variable#121	1
http://ex.org/variable#17 http://www.ibm.com/timex#d http://ex.org/variable#122	1
http://ex.org/variable#17 http://www.ibm.com/timex#d http://ex.org/variable#123	1
http://ex.org/variable#17 http://www.ibm.com/timex#bi http://ex.org/variable#124	1
http://ex.org/variable#17 http://www.ibm.com/timex#bi http://ex.org/variable#125	1
http://ex.org/variable#17 http://www.ibm.com/timex#d http://ex.org/variable#126	1
http://ex.org/variable#17 http://www.ibm.com/timex#d http://ex.org/variable#127	1
http://ex.org/variable#17 http://www.ibm.com/timex#d http://ex.org/variable#128	1
http://ex.org/variable#17 http://www.ibm.com/timex#bi http://ex.org/variable#129	1
http://ex.org/variable#17 http://www.ibm.com/timex#bi http://ex.org/variable#130	1
http://ex.org/variable#17 http://www.ibm.com/timex#b http://ex.org/variable#131	1
http://ex.org/variable#17 http://www.ibm.com/timex#d http://ex.org/variable#132	1
http://ex.org/variable#17 http://www.ibm.com/timex#d http://ex.org/variable#133	1
http://ex.org/variable#17 http://www.ibm.com/timex#bi http://ex.org/variable#134	1
http://ex.org/variable#17 http://www.ibm.com/timex#d http://ex.org/variable#135	1
http://ex.org/variable#17 http://www.ibm.com/timex#d http://ex.org/variable#136	1
http://ex.org/variable#17 http://www.ibm.com/timex#bi http://ex.org/variable#137	1
http://ex.org/variable#17 http://www.ibm.com/timex#d http://ex.org/variable#138	1
http://ex.org/variable#17 http://www.ibm.com/timex#bi http://ex.org/variable#139	1
http://ex.org/variable#17 http://www.ibm.com/timex#bi http://ex.org/variable#140	1
http://ex.org/variable#17 http://www.ibm.com/timex#d http://ex.org/variable#141	1
http://ex.org/variable#17 http://www.ibm.com/timex#bi http://ex.org/variable#142	1
http://ex.org/variable#17 http://www.ibm.com/timex#d http://ex.org/variable#143	1
http://ex.org/variable#17 http://www.ibm.com/timex#d http://ex.org/variable#144	1
http://ex.org/variable#17 http://www.ibm.com/timex#d http://ex.org/variable#145	1
http://ex.org/variable#17 http://www.ibm.com/timex#d http://ex.org/variable#146	1
http://ex.org/variable#17 http://www.ibm.com/timex#bi_mi_oi http://ex.org/variable#147	1
http://ex.org/variable#17 http://www.ibm.com/timex#d http://ex.org/variable#148	1
http://ex.org/variable#17 http://www.ibm.com/timex#bi http://ex.org/variable#149	1
http://ex.org/variable#17 http://www.ibm.com/timex#d http://ex.org/variable#150	1
http://ex.org/variable#17 http://www.ibm.com/timex#d http://ex.org/variable#151	1
http://ex.org/variable#17 http://www.ibm.com/timex#bi http://ex.org/variable#152	1
http://ex.org/variable#17 http://www.ibm.com/timex#d http://ex.org/variable#153	1
http://ex.org/variable#17 http://www.ibm.com/timex#bi http://ex.org/variable#154	1
http://ex.org/variable#17 http://www.ibm.com/timex#bi_mi_oi http://ex.org/variable#155	1
http://ex.org/variable#17 http://www.ibm.com/timex#d http://ex.org/variable#156	1
http://ex.org/variable#17 http://www.ibm.com/timex#bi http://ex.org/variable#157	1
http://ex.org/variable#17 http://www.ibm.com/timex#bi http://ex.org/variable#158	1
http://ex.org/variable#17 http://www.ibm.com/timex#d http://ex.org/variable#159	1
http://ex.org/variable#17 http://www.ibm.com/timex#d http://ex.org/variable#160	1
http://ex.org/variable#17 http://www.ibm.com/timex#bi http://ex.org/variable#161	1
http://ex.org/variable#17 http://www.ibm.com/timex#bi http://ex.org/variable#162	1
http://ex.org/variable#17 http://www.ibm.com/timex#d http://ex.org/variable#163	1
http://ex.org/variable#17 http://www.ibm.com/timex#d http://ex.org/variable#164	1
http://ex.org/variable#17 http://www.ibm.com/timex#bi http://ex.org/variable#165	1
http://ex.org/variable#17 http://www.ibm.com/timex#bi http://ex.org/variable#166	1
http://ex.org/variable#17 http://www.ibm.com/timex#bi http://ex.org/variable#167	1
http://ex.org/variable#17 http://www.ibm.com/timex#d http://ex.org/variable#168	1
http://ex.org/variable#17 http://www.ibm.com/timex#d http://ex.org/variable#169	1
http://ex.org/variable#17 http://www.ibm.com/timex#d http://ex.org/variable#170	1
http://ex.org/variable#17 http://www.ibm.com/timex#bi http://ex.org/variable#171	1
http://ex.org/variable#17 http://www.ibm.com/timex#bi http://ex.org/variable#172	1
http://ex.org/variable#17 http://www.ibm.com/timex#b_m http://ex.org/variable#173	1
http://ex.org/variable#17 http://www.ibm.com/timex#d http://ex.org/variable#174	1
http://ex.org/variable#17 http://www.ibm.com/timex#bi_mi_oi http://ex.org/variable#175	1
http://ex.org/variable#17 http://www.ibm.com/timex#d http://ex.org/variable#176	1
http://ex.org/variable#17 http://www.ibm.com/timex#d http://ex.org/variable#177	1
http://ex.org/variable#17 http://www.ibm.com/timex#d http://ex.org/variable#178	1
http://ex.org/variable#17 http://www.ibm.com/timex#d http://ex.org/variable#179	1
http://ex.org/variable#17 http://www.ibm.com/timex#bi http://ex.org/variable#180	1
http://ex.org/variable#17 http://www.ibm.com/timex#bi http://ex.org/variable#181	1
http://ex.org/variable#17 http://www.ibm.com/timex#bi http://ex.org/variable#182	1
http://ex.org/variable#17 http://www.ibm.com/timex#d http://ex.org/variable#183	1
http://ex.org/variable#17 http://www.ibm.com/timex#bi http://ex.org/variable#184	1
http://ex.org/variable#17 http://www.ibm.com/timex#d http://ex.org/variable#185	1
http://ex.org/variable#17 http://www.ibm.com/timex#d http://ex.org/variable#186	1
http://ex.org/variable#17 http://www.ibm.com/timex#d http://ex.org/variable#187	1
http://ex.org/variable#17 http://www.ibm.com/timex#bi_mi_oi_d_f http://ex.org/variable#188	1
http://ex.org/variable#17 http://www.ibm.com/timex#bi http://ex.org/variable#189	1
http://ex.org/variable#18 http://www.ibm.com/timex#o http://ex.org/variable#0	1
http://ex.org/variable#18 http://www.ibm.com/timex#o http://ex.org/variable#1	1
http://ex.org/variable#18 http://www.ibm.com/timex#o http://ex.org/variable#2	1
http://ex.org/variable#18 http://www.ibm.com/timex#di http://ex.org/variable#3	1
http://ex.org/variable#18 http://www.ibm.com/timex#o http://ex.org/variable#4	1
http://ex.org/variable#18 http://www.ibm.com/timex#di http://ex.org/variable#5	1
http://ex.org/variable#18 http://www.ibm.com/timex#o http://ex.org/variable#6	1
http://ex.org/variable#18 http://www.ibm.com/timex#o http://ex.org/variable#7	1
http://ex.org/variable#18 http://www.ibm.com/timex#oi http://ex.org/variable#8	1
http://ex.org/variable#18 http://www.ibm.com/timex#o http://ex.org/variable#9	1
http://ex.org/variable#18 http://www.ibm.com/timex#o http://ex.org/variable#10	1
http://ex.org/variable#18 http://www.ibm.com/timex#d http://ex.org/variable#11	1
http://ex.org/variable#18 http://www.ibm.com/timex#d http://ex.org/variable#12	1
http://ex.org/variable#18 http://www.ibm.com/timex#oi http://ex.org/variable#13	1
http://ex.org/variable#18 http://www.ibm.com/timex#di http://ex.org/variable#14	1
http://ex.org/variable#18 http://www.ibm.com/timex#oi http://ex.org/variable#15	1
http://ex.org/variable#18 http://www.ibm.com/timex#oi http://ex.org/variable#16	1
http://ex.org/variable#18 http://www.ibm.com/timex#di_fi http://ex.org/variable#17	1
http://ex.org/variable#18 http://www.ibm.com/timex#oi http://ex.org/variable#19	1
http://ex.org/variable#18 http://www.ibm.com/timex#d http://ex.org/variable#20	1
http://ex.org/variable#18 http://www.ibm.com/timex#o http://ex.org/variable#21	1
http://ex.org/variable#18 http://www.ibm.com/timex#s http://ex.org/variable#22	1
http://ex.org/variable#18 http://www.ibm.com/timex#oi http://ex.org/variable#23	1
http://ex.org/variable#18 http://www.ibm.com/timex#d http://ex.org/variable#24	1
http://ex.org/variable#18 http://www.ibm.com/timex#oi http://ex.org/variable#25	1
http://ex.org/variable#18 http://www.ibm.com/timex#o http://ex.org/variable#26	1
http://ex.org/variable#18 http://www.ibm.com/timex#oi http://ex.org/variable#27	1
http://ex.org/variable#18 http://www.ibm.com/timex#o http://ex.org/variable#28	1
http://ex.org/variable#18 http://www.ibm.com/timex#o http://ex.org/variable#29	1
http://ex.org/variable#18 http://www.ibm.com/timex#di http://ex.org/variable#30	1
http://ex.org/variable#18 http://www.ibm.com/timex#oi http://ex.org/variable#31	1
http://ex.org/variable#18 http://www.ibm.com/timex#oi http://ex.org/variable#32	1
http://ex.org/variable#18 http://www.ibm.com/timex#o http://ex.org/variable#33	1
http://ex.org/variable#18 http://www.ibm.com/timex#oi http://ex.org/variable#34	1
http://ex.org/variable#18 http://www.ibm.com/timex#di http://ex.org/variable#35	1
http://ex.org/variable#18 http://www.ibm.com/timex#oi http://ex.org/variable#36	1
http://ex.org/variable#18 http://www.ibm.com/timex#oi http://ex.org/variable#37	1
http://ex.org/variable#18 http://www.ibm.com/timex#oi http://ex.org/variable#38	1
http://ex.org/variable#18 http://www.ibm.com/timex#di http://ex.org/variable#39	1
http://ex.org/variable#18 http://www.ibm.com/timex#oi http://ex.org/variable#40	1
http://ex.org/variable#18 http://www.ibm.com/timex#d http://ex.org/variable#41	1
http://ex.org/variable#18 http://www.ibm.com/timex#o http://ex.org/variable#42	1
http://ex.org/variable#18 http://www.ibm.com/timex#oi http://ex.org/variable#43	1
http://ex.org/variable#18 http://www.ibm.com/timex#d http://ex.org/variable#44	1
http://ex.org/variable#18 http://www.ibm.com/timex#o http://ex.org/variable#45	1
http://ex.org/variable#18 http://www.ibm.com/timex#oi http://ex.org/variable#46	1
http://ex.org/variable#18 http://www.ibm.com/timex#oi http://ex.org/variable#47	1
http://ex.org/variable#18 http://www.ibm.com/timex#di_fi http://ex.org/variable#48	1
http://ex.org/variable#18 http://www.ibm.com/timex#oi http://ex.org/variable#49	1
http://ex.org/variable#18 http://www.ibm.com/timex#o http://ex.org/variable#50	1
http://ex.org/variable#18 http://www.ibm.com/timex#o http://ex.org/variable#51	1
http://ex.org/variable#18 http://www.ibm.com/timex#d http://ex.org/variable#52	1
http://ex.org/variable#18 http://www.ibm.com/timex#d http://ex.org/variable#53	1
http://ex.org/variable#18 http://www.ibm.com/timex#d_f http://ex.org/variable#54	1
http://ex.org/variable#18 http://www.ibm.com/timex#di http://ex.org/variable#55	1
http://ex.org/variable#18 http://www.ibm.com/timex#di http://ex.org/variable#56	1
http://ex.org/variable#18 http://www.ibm.com/timex#oi http://ex.org/variable#57	1
http://ex.org/variable#18 http://www.ibm.com/timex#oi http://ex.org/variable#58	1
http://ex.org/variable#18 http://www.ibm.com/timex#d http://ex.org/variable#59	1
http://ex.org/variable#18 http://www.ibm.com/timex#d http://ex.org/variable#60	1
http://ex.org/variable#18 http://www.ibm.com/timex#d http://ex.org/variable#61	1
http://ex.org/variable#18 http://www.ibm.com/timex#o http://ex.org/variable#62	1
http://ex.org/variable#18 http://www.ibm.com/timex#d http://ex.org/variable#63	1
http://ex.org/variable#18 http://www.ibm.com/timex#d http://ex.org/variable#64	1
http://ex.org/variable#18 http://www.ibm.com/timex#oi http://ex.org/variable#65	1
http://ex.org/variable#18 http://www.ibm.com/timex#oi http://ex.org/variable#66	1
http://ex.org/variable#18 http://www.ibm.com/timex#d http://ex.org/variable#67	1
http://ex.org/variable#18 http://www.ibm.com/timex#o http://ex.org/variable#68	1
http://ex.org/variable#18 http://www.ibm.com/timex#di http://ex.org/variable#69	1
http://ex.org/variable#18 http://www.ibm.com/timex#d http://ex.org/variable#70	1
http://ex.org/variable#18 http://www.ibm.com/timex#oi http://ex.org/variable#71	1
http://ex.org/variable#18 http://www.ibm.com/timex#o http://ex.org/variable#72	1
http://ex.org/variable#18 http://www.ibm.com/timex#oi http://ex.org/variable#73	1
http://ex.org/variable#18 http://www.ibm.com/timex#d http://ex.org/variable#74	1
http://ex.org/variable#18 http://www.ibm.com/timex#oi http://ex.org/variable#75	1
http://ex.org/variable#18 http://www.ibm.com/timex#o http://ex.org/variable#76	1
http://ex.org/variable#18 http://www.ibm.com/timex#s http://ex.org/variable#77	1
http://ex.org/variable#18 http://www.ibm.com/timex#di http://ex.org/variable#78	1
http://ex.org/variable#18 http://www.ibm.com/timex#oi http://ex.org/variable#79	1
http://ex.org/variable#18 http://www.ibm.com/timex#d http://ex.org/variable#80	1
http://ex.org/variable#18 http://www.ibm.com/timex#oi http://ex.org/variable#81	1
http://ex.org/variable#18 http://www.ibm.com/timex#di_si http://ex.org/variable#82	1
http://ex.org/variable#18 http://www.ibm.com/timex#d http://ex.org/variable#83	1
http://ex.org/variable#18 http://www.ibm.com/timex#o http://ex.org/variable#84	1
http://ex.org/variable#18 http://www.ibm.com/timex#o http://ex.org/variable#85	1
http://ex.org/variable#18 http://www.ibm.com/timex#d http://ex.org/variable#86	1
http://ex.org/variable#18 http://www.ibm.com/timex#o http://ex.org/variable#87	1
http://ex.org/variable#18 http://www.ibm.com/timex#b http://ex.org/variable#88	1
http://ex.org/variable#18 http://www.ibm.com/timex#o http://ex.org/variable#89	1
http://ex.org/variable#18 http://www.ibm.com/timex#di http://ex.org/variable#90	1
http://ex.org/variable#18 http://www.ibm.com/timex#d http://ex.org/variable#91	1
http://ex.org/variable#18 http://www.ibm.com/timex#o http://ex.org/variable#92	1
http://ex.org/variable#18 http://www.ibm.com/timex#o http://ex.org/variable#93	1
http://ex.org/variable#18 http://www.ibm.com/timex#oi http://ex.org/variable#94	1
http://ex.org/variable#18 http://www.ibm.com/timex#di http://ex.org/variable#95	1
http://ex.org/variable#18 http://www.ibm.com/timex#si http://ex.org/variable#96	1
http://ex.org/variable#18 http://www.ibm.com/timex#o http://ex.org/variable#97	1
http://ex.org/variable#18 http://www.ibm.com/timex#o http://ex.org/variable#98	1
http://ex.org/variable#18 http://www.ibm.com/timex#o http://ex.org/variable#99	1
http://ex.org/variable#18 http://www.ibm.com/timex#oi http://ex.org/variable#100	1
http://ex.org/variable#18 http://www.ibm.com/timex#o http://ex.org/variable#101	1
http://ex.org/variable#18 http://www.ibm.com/timex#di http://ex.org/variable#102	1
http://ex.org/variable#18 http://www.ibm.com/timex#oi http://ex.org/variable#103	1
http://ex.org/variable#18 http://www.ibm.com/timex#b http://ex.org/variable#104	1
http://ex.org/variable#18 http://www.ibm.com/timex#d http://ex.org/variable#105	1
http://ex.org/variable#18 http://www.ibm.com/timex#d http://ex.org/variable#106	1
http://ex.org/variable#18 http://www.ibm.com/timex#fi http://ex.org/variable#107	1
http://ex.org/variable#18 http://www.ibm.com/timex#di http://ex.org/variable#108	1
http://ex.org/variable#18 http://www.ibm.com/timex#di http://ex.org/variable#109	1
http://ex.org/variable#18 http://www.ibm.com/timex#d http://ex.org/variable#110	1
http://ex.org/variable#18 http://www.ibm.com/timex#di http://ex.org/variable#111	1
http://ex.org/variable#18 http://www.ibm.com/timex#oi http://ex.org/variable#112	1
http://ex.org/variable#18 http://www.ibm.com/timex#di http://ex.org/variable#113	1
http://ex.org/variable#18 http://www.ibm.com/timex#d http://ex.org/variable#114	1
http://ex.org/variable#18 http://www.ibm.com/timex#b http://ex.org/variable#115	1
http://ex.org/variable#18 http://www.ibm.com/timex#di http://ex.org/variable#116	1
http://ex.org/variable#18 http://www.ibm.com/timex#oi http://ex.org/variable#117	1
http://ex.org/variable#18 http://www.ibm.com/timex#oi http://ex.org/variable#118	1
http://ex.org/variable#18 http://www.ibm.com/timex#d http://ex.org/variable#119	1
http://ex.org/variable#18 http://www.ibm.com/timex#oi http://ex.org/variable#120	1
http://ex.org/variable#18 http://www.ibm.com/timex#b http://ex.org/variable#121	1
http://ex.org/variable#18 http://www.ibm.com/timex#d http://ex.org/variable#122	1
http://ex.org/variable#18 http://www.ibm.com/timex#o http://ex.org/variable#123	1
http://ex.org/variable#18 http://www.ibm.com/timex#oi http://ex.org/variable#124	1
http://ex.org/variable#18 http://www.ibm.com/timex#oi http://ex.org/variable#125	1
http://ex.org/variable#18 http://www.ibm.com/timex#o http://ex.org/variable#126	1
http://ex.org/variable#18 http://www.ibm.com/timex#o http://ex.org/variable#127	1
http://ex.org/variable#18 http://www.ibm.com/timex#o http://ex.org/variable#128	1
http://ex.org/variable#18 http://www.ibm.com/timex#oi http://ex.org/variable#129	1
http://ex.org/variable#18 http://www.ibm.com/timex#di http://ex.org/variable#130	1
http://ex.org/variable#18 http://www.ibm.com/timex#b http://ex.org/variable#131	1
http://ex.org/variable#18 http://www.ibm.com/timex#d http://ex.org/variable#132	1
http://ex.org/variable#18 http://www.ibm.com/timex#o http://ex.org/variable#133	1
http://ex.org/variable#18 http://www.ibm.com/timex#oi http://ex.org/variable#134	1
http://ex.org/variable#18 http://www.ibm.com/timex#d http://ex.org/variable#135	1
http://ex.org/variable#18 http://www.ibm.com/timex#d http://ex.org/variable#136	1
http://ex.org/variable#18 http://www.ibm.com/timex#di http://ex.org/variable#137	1
http://ex.org/variable#18 http://www.ibm.com/timex#o http://ex.org/variable#138	1
http://ex.org/variable#18 http://www.ibm.com/timex#di http://ex.org/variable#139	1
http://ex.org/variable#18 http://www.ibm.com/timex#di http://ex.org/variable#140	1
http://ex.org/variable#18 http://www.ibm.com/timex#d http://ex.org/variable#141	1
http://ex.org/variable#18 http://www.ibm.com/timex#oi http://ex.org/variable#142	1
http://ex.org/variable#18 http://www.ibm.com/timex#d http://ex.org/variable#143	1
http://ex.org/variable#18 http://www.ibm.com/timex#o http://ex.org/variable#144	1
http://ex.org/variable#18 http://www.ibm.com/timex#o http://ex.org/variable#145	1
http://ex.org/variable#18 http://www.ibm.com/timex#o http://ex.org/variable#146	1
http://ex.org/variable#18 http://www.ibm.com/timex#oi http://ex.org/variable#147	1
http://ex.org/variable#18 http://www.ibm.com/timex#o http://ex.org/variable#148	1
http://ex.org/variable#18 http://www.ibm.com/timex#oi http://ex.org/variable#149	1
http://ex.org/variable#18 http://www.ibm.com/timex#o http://ex.org/variable#150	1
http://ex.org/variable#18 http://www.ibm.com/timex#o http://ex.org/variable#151	1
http://ex.org/variable#18 http://www.ibm.com/timex#oi http://ex.org/variable#152	1
http://ex.org/variable#18 http://www.ibm.com/timex#d http://ex.org/variable#153	1
http://ex.org/variable#18 http://www.ibm.com/timex#di http://ex.org/variable#154	1
http://ex.org/variable#18 http://www.ibm.com/timex#oi http://ex.org/variable#155	1
http://ex.org/variable#18 http://www.ibm.com/timex#d http://ex.org/variable#156	1
http://ex.org/variable#18 http://www.ibm.com/timex#bi_mi http://ex.org/variable#157	1
http://ex.org/variable#18 http://www.ibm.com/timex#oi http://ex.org/variable#158	1
http://ex.org/variable#18 http://www.ibm.com/timex#o http://ex.org/variable#159	1
http://ex.org/variable#18 http://www.ibm.com/timex#o http://ex.org/variable#160	1
http://ex.org/variable#18 http://www.ibm.com/timex#di http://ex.org/variable#161	1
http://ex.org/variable#18 http://www.ibm.com/timex#oi http://ex.org/variable#162	1
http://ex.org/variable#18 http://www.ibm.com/timex#o http://ex.org/variable#163	1
http://ex.org/variable#18 http://www.ibm.com/timex#o http://ex.org/variable#164	1
http://ex.org/variable#18 http://www.ibm.com/timex#di http://ex.org/variable#165	1
http://ex.org/variable#18 http://www.ibm.com/timex#oi http://ex.org/variable#166	1
http://ex.org/variable#18 http://www.ibm.com/timex#oi http://ex.org/variable#167	1
http://ex.org/variable#18 http://www.ibm.com/timex#o http://ex.org/variable#168	1
http://ex.org/variable#18 http://www.ibm.com/timex#d http://ex.org/variable#169	1
http://ex.org/variable#18 http://www.ibm.com/timex#o http://ex.org/variable#170	1
http://ex.org/variable#18 http://www.ibm.com/timex#oi http://ex.org/variable#171	1
http://ex.org/variable#18 http://www.ibm.com/timex#bi http://ex.org/variable#172	1
http://ex.org/variable#18 http://www.ibm.com/timex#m http://ex.org/variable#173	1
http://ex.org/variable#18 http://www.ibm.com/timex#o http://ex.org/variable#174	1
http://ex.org/variable#18 http://www.ibm.com/timex#oi http://ex.org/variable#175	1
http://ex.org/variable#18 http://www.ibm.com/timex#o http://ex.org/variable#176	1
http://ex.org/variable#18 http://www.ibm.com/timex#o http://ex.org/variable#177	1
http://ex.org/variable#18 http://www.ibm.com/timex#o http://ex.org/variable#178	1
http://ex.org/variable#18 http://www.ibm.com/timex#o http://ex.org/variable#179	1
http://ex.org/variable#18 http://www.ibm.com/timex#di http://ex.org/variable#180	1
http://ex.org/variable#18 http://www.ibm.com/timex#oi http://ex.org/variable#181	1
http://ex.org/variable#18 http://www.ibm.com/timex#di http://ex.org/variable#182	1
http://ex.org/variable#18 http://www.ibm.com/timex#o http://ex.org/variable#183	1
http://ex.org/variable#18 http://www.ibm.com/timex#oi http://ex.org/variable#184	1
http://ex.org/variable#18 http://www.ibm.com/timex#o http://ex.org/variable#185	1
http://ex.org/variable#18 http://www.ibm.com/timex#o http://ex.org/variable#186	1
http://ex.org/variable#18 http://www.ibm.com/timex#d http://ex.org/variable#187	1
http://ex.org/variable#18 http://www.ibm.com/timex#o_di_fi http://ex.org/variable#188	1
http://ex.org/variable#18 http://www.ibm.com/timex#di http://ex.org/variable#189	1
http://ex.org/variable#19 http://www.ibm.com/timex#o http://ex.org/variable#0	1
http://ex.org/variable#19 http://www.ibm.com/timex#b http://ex.org/variable#1	1
http://ex.org/variable#19 http://www.ibm.com/timex#o http://ex.org/variable#2	1
http://ex.org/variable#19 http://www.ibm.com/timex#o http://ex.org/variable#3	1
http://ex.org/variable#19 http://www.ibm.com/timex#o http://ex.org/variable#4	1
http://ex.org/variable#19 http://www.ibm.com/timex#o http://ex.org/variable#5	1
http://ex.org/variable#19 http://www.ibm.com/timex#b http://ex.org/variable#6	1
http://ex.org/variable#19 http://www.ibm.com/timex#o http://ex.org/variable#7	1
http://ex.org/variable#19 http://www.ibm.com/timex#oi http://ex.org/variable#8	1
http://ex.org/variable#19 http://www.ibm.com/timex#b http://ex.org/variable#9	1
http://ex.org/variable#19 http://www.ibm.com/timex#o http://ex.org/variable#10	1
http://ex.org/variable#19 http://www.ibm.com/timex#o http://ex.org/variable#11	1
http://ex.org/variable#19 http://www.ibm.com/timex#d http://ex.org/variable#12	1
http://ex.org/variable#19 http://www.ibm.com/timex#o_d_s http://ex.org/variable#13	1
http://ex.org/variable#19 http://www.ibm.com/timex#b http://ex.org/variable#14	1
http://ex.org/variable#19 http://www.ibm.com/timex#d http://ex.org/variable#15	1
http://ex.org/variable#19 http://www.ibm.com/timex#o http://ex.org/variable#16	1
http://ex.org/variable#19 http://www.ibm.com/timex#b http://ex.org/variable#17	1
http://ex.org/variable#19 http://www.ibm.com/timex#o http://ex.org/variable#18	1
http://ex.org/variable#19 http://www.ibm.com/timex#d http://ex.org/variable#20	1
http://ex.org/variable#19 http://www.ibm.com/timex#b http://ex.org/variable#21	1
http://ex.org/variable#19 http://www.ibm.com/timex#o http://ex.org/variable#22	1
http://ex.org/variable#19 http://www.ibm.com/timex#di http://ex.org/variable#23	1
http://ex.org/variable#19 http://www.ibm.com/timex#d http://ex.org/variable#24	1
http://ex.org/variable#19 http://www.ibm.com/timex#oi http://ex.org/variable#25	1
http://ex.org/variable#19 http://www.ibm.com/timex#b http://ex.org/variable#26	1
http://ex.org/variable#19 http://www.ibm.com/timex#oi http://ex.org/variable#27	1
http://ex.org/variable#19 http://www.ibm.com/timex#b http://ex.org/variable#28	1
http://ex.org/variable#19 http://www.ibm.com/timex#o http://ex.org/variable#29	1
http://ex.org/variable#19 http://www.ibm.com/timex#b http://ex.org/variable#30	1
http://ex.org/variable#19 http://www.ibm.com/timex#d http://ex.org/variable#31	1
http://ex.org/variable#19 http://www.ibm.com/timex#oi http://ex.org/variable#32	1
http://ex.org/variable#19 http://www.ibm.com/timex#b http://ex.org/variable#33	1
http://ex.org/variable#19 http://www.ibm.com/timex#o http://ex.org/variable#34	1
http://ex.org/variable#19 http://www.ibm.com/timex#o http://ex.org/variable#35	1
http://ex.org/variable#19 http://www.ibm.com/timex#d http://ex.org/variable#36	1
http://ex.org/variable#19 http://www.ibm.com/timex#oi_f http://ex.org/variable#37	1
http://ex.org/variable#19 http://www.ibm.com/timex#d http://ex.org/variable#38	1
http://ex.org/variable#19 http://www.ibm.com/timex#b http://ex.org/variable#39	1
http://ex.org/variable#19 http://www.ibm.com/timex#d http://ex.org/variable#40	1
http://ex.org/variable#19 http://www.ibm.com/timex#o http://ex.org/variable#41	1
http://ex.org/variable#19 http://www.ibm.com/timex#o http://ex.org/variable#42	1
http://ex.org/variable#19 http://www.ibm.com/timex#d http://ex.org/variable#43	1
http://ex.org/variable#19 http://www.ibm.com/timex#d http://ex.org/variable#44	1
http://ex.org/variable#19 http://www.ibm.com/timex#o http://ex.org/variable#45	1
http://ex.org/variable#19 http://www.ibm.com/timex#d http://ex.org/variable#46	1
http://ex.org/variable#19 http://www.ibm.com/timex#d http://ex.org/variable#47	1
http://ex.org/variable#19 http://www.ibm.com/timex#b http://ex.org/variable#48	1
http://ex.org/variable#19 http://www.ibm.com/timex#oi_d http://ex.org/variable#49	1
http://ex.org/variable#19 http://www.ibm.com/timex#o http://ex.org/variable#50	1
http://ex.org/variable#19 http://www.ibm.com/timex#b http://ex.org/variable#51	1
http://ex.org/variable#19 http://www.ibm.com/timex#d http://ex.org/variable#52	1
http://ex.org/variable#19 http://www.ibm.com/timex#d http://ex.org/variable#53	1
http://ex.org/variable#19 http://www.ibm.com/timex#o http://ex.org/variable#54	1
http://ex.org/variable#19 http://www.ibm.com/timex#o http://ex.org/variable#55	1
http://ex.org/variable#19 http://www.ibm.com/timex#o http://ex.org/variable#56	1
http://ex.org/variable#19 http://www.ibm.com/timex#d http://ex.org/variable#57	1
http://ex.org/variable#19 http://www.ibm.com/timex#o http://ex.org/variable#58	1
http://ex.org/variable#19 http://www.ibm.com/timex#o http://ex.org/variable#59	1
http://ex.org/variable#19 http://www.ibm.com/timex#d http://ex.org/variable#60	1
http://ex.org/variable#19 http://www.ibm.com/timex#d http://ex.org/variable#61	1
http://ex.org/variable#19 http://www.ibm.com/timex#o http://ex.org/variable#62	1
http://ex.org/variable#19 http://www.ibm.com/timex#d http://ex.org/variable#63	1
http://ex.org/variable#19 http://www.ibm.com/timex#d http://ex.org/variable#64	1
http://ex.org/variable#19 http://www.ibm.com/timex#di http://ex.org/variable#65	1
http://ex.org/variable#19 http://www.ibm.com/timex#oi http://ex.org/variable#66	1
http://ex.org/variable#19 http://www.ibm.com/timex#o http://ex.org/variable#67	1
http://ex.org/variable#19 http://www.ibm.com/timex#o http://ex.org/variable#68	1
http://ex.org/variable#19 http://www.ibm.com/timex#o http://ex.org/variable#69	1
http://ex.org/variable#19 http://www.ibm.com/timex#o http://ex.org/variable#70	1
http://ex.org/variable#19 http://www.ibm.com/timex#o_d_s http://ex.org/variable#71	1
http://ex.org/variable#19 http://www.ibm.com/timex#o http://ex.org/variable#72	1
http://ex.org/variable#19 http://www.ibm.com/timex#o http://ex.org/variable#73	1
http://ex.org/variable#19 http://www.ibm.com/timex#o http://ex.org/variable#74	1
http://ex.org/variable#19 http://www.ibm.com/timex#o http://ex.org/variable#75	1
http://ex.org/variable#19 http://www.ibm.com/timex#o http://ex.org/variable#76	1
http://ex.org/variable#19 http://www.ibm.com/timex#o http://ex.org/variable#77	1
http://ex.org/variable#19 http://www.ibm.com/timex#o http://ex.org/variable#78	1
http://ex.org/variable#19 http://www.ibm.com/timex#d http://ex.org/variable#79	1
http://ex.org/variable#19 http://www.ibm.com/timex#d http://ex.org/variable#80	1
http://ex.org/variable#19 http://www.ibm.com/timex#d http://ex.org/variable#81	1
http://ex.org/variable#19 http://www.ibm.com/timex#o http://ex.org/variable#82	1
http://ex.org/variable#19 http://www.ibm.com/timex#d http://ex.org/variable#83	1
http://ex.org/variable#19 http://www.ibm.com/timex#b http://ex.org/variable#84	1
http://ex.org/variable#19 http://www.ibm.com/timex#b http://ex.org/variable#85	1
http://ex.org/variable#19 http://www.ibm.com/timex#d http://ex.org/variable#86	1
http://ex.org/variable#19 http://www.ibm.com/timex#b http://ex.org/variable#87	1
http://ex.org/variable#19 http://www.ibm.com/timex#b http://ex.org/variable#88	1
http://ex.org/variable#19 http://www.ibm.com/timex#o http://ex.org/variable#89	1
http://ex.org/variable#19 http://www.ibm.com/timex#o http://ex.org/variable#90	1
http://ex.org/variable#19 http://www.ibm.com/timex#o http://ex.org/variable#91	1
http://ex.org/variable#19 http://www.ibm.com/timex#b http://ex.org/variable#92	1
http://ex.org/variable#19 http://www.ibm.com/timex#o http://ex.org/variable#93	1
http://ex.org/variable#19 http://www.ibm.com/timex#o_d_s http://ex.org/variable#94	1
http://ex.org/variable#19 http://www.ibm.com/timex#b http://ex.org/variable#95	1
http://ex.org/variable#19 http://www.ibm.com/timex#di http://ex.org/variable#96	1
http://ex.org/variable#19 http://www.ibm.com/timex#o http://ex.org/variable#97	1
http://ex.org/variable#19 http://www.ibm.com/timex#b http://ex.org/variable#98	1
http://ex.org/variable#19 http://www.ibm.com/timex#b http://ex.org/variable#99	1
http://ex.org/variable#19 http://www.ibm.com/timex#oi http://ex.org/variable#100	1
http://ex.org/variable#19 http://www.ibm.com/timex#o http://ex.org/variable#101	1
http://ex.org/variable#19 http://www.ibm.com/timex#b http://ex.org/variable#102	1
http://ex.org/variable#19 http://www.ibm.com/timex#d http://ex.org/variable#103	1
http://ex.org/variable#19 http://www.ibm.com/timex#b http://ex.org/variable#104	1
http://ex.org/variable#19 http://www.ibm.com/timex#o http://ex.org/variable#105	1
http://ex.org/variable#19 http://www.ibm.com/timex#d http://ex.org/variable#106	1
http://ex.org/variable#19 http://www.ibm.com/timex#o http://ex.org/variable#107	1
http://ex.org/variable#19 http://www.ibm.com/timex#o http://ex.org/variable#108	1
http://ex.org/variable#19 http://www.ibm.com/timex#b http://ex.org/variable#109	1
http://ex.org/variable#19 http://www.ibm.com/timex#d http://ex.org/variable#110	1
http://ex.org/variable#19 http://www.ibm.com/timex#o http://ex.org/variable#111	1
http://ex.org/variable#19 http://www.ibm.com/timex#d http://ex.org/variable#112	1
http://ex.org/variable#19 http://www.ibm.com/timex#b http://ex.org/variable#113	1
http://ex.org/variable#19 http://www.ibm.com/timex#o http://ex.org/variable#114	1
http://ex.org/variable#19 http://www.ibm.com/timex#b http://ex.org/variable#115	1
http://ex.org/variable#19 http://www.ibm.com/timex#b http://ex.org/variable#116	1
http://ex.org/variable#19 http://www.ibm.com/timex#d http://ex.org/variable#117	1
http://ex.org/variable#19 http://www.ibm.com/timex#d_s http://ex.org/variable#118	1
http://ex.org/variable#19 http://www.ibm.com/timex#d http://ex.org/variable#119	1
http://ex.org/variable#19 http://www.ibm.com/timex#o http://ex.org/variable#120	1
http://ex.org/variable#19 http://www.ibm.com/timex#b http://ex.org/variable#121	1
http://ex.org/variable#19 http://www.ibm.com/timex#d http://ex.org/variable#122	1
http://ex.org/variable#19 http://www.ibm.com/timex#o http://ex.org/variable#123	1
http://ex.org/variable#19 http://www.ibm.com/timex#d http://ex.org/variable#124	1
http://ex.org/variable#19 http://www.ibm.com/timex#d http://ex.org/variable#125	1
http://ex.org/variable#19 http://www.ibm.com/timex#b http://ex.org/variable#126	1
http://ex.org/variable#19 http://www.ibm.com/timex#b http://ex.org/variable#127	1
http://ex.org/variable#19 http://www.ibm.com/timex#o http://ex.org/variable#128	1
http://ex.org/variable#19 http://www.ibm.com/timex#d http://ex.org/variable#129	1
http://ex.org/variable#19 http://www.ibm.com/timex#o http://ex.org/variable#130	1
http://ex.org/variable#19 http://www.ibm.com/timex#b http://ex.org/variable#131	1
http://ex.org/variable#19 http://www.ibm.com/timex#d http://ex.org/variable#132	1
http://ex.org/variable#19 http://www.ibm.com/timex#o http://ex.org/variable#133	1
http://ex.org/variable#19 http://www.ibm.com/timex#d http://ex.org/variable#134	1
http://ex.org/variable#19 http://www.ibm.com/timex#o http://ex.org/variable#135	1
http://ex.org/variable#19 http://www.ibm.com/timex#o http://ex.org/variable#136	1
http://ex.org/variable#19 http://www.ibm.com/timex#o http://ex.org/variable#137	1
http://ex.org/variable#19 http://www.ibm.com/timex#b http://ex.org/variable#138	1
http://ex.org/variable#19 http://www.ibm.com/timex#o http://ex.org/variable#139	1
http://ex.org/variable#19 http://www.ibm.com/timex#o http://ex.org/variable#140	1
http://ex.org/variable#19 http://www.ibm.com/timex#d http://ex.org/variable#141	1
http://ex.org/variable#19 http://www.ibm.com/timex#d_s http://ex.org/variable#142	1
http://ex.org/variable#19 http://www.ibm.com/timex#o_d_s http://ex.org/variable#143	1
http://ex.org/variable#19 http://www.ibm.com/timex#o http://ex.org/variable#144	1
http://ex.org/variable#19 http://www.ibm.com/timex#b http://ex.org/variable#145	1
http://ex.org/variable#19 http://www.ibm.com/timex#o http://ex.org/variable#146	1
http://ex.org/variable#19 http://www.ibm.com/timex#o http://ex.org/variable#147	1
http://ex.org/variable#19 http://www.ibm.com/timex#o http://ex.org/variable#148	1
http://ex.org/variable#19 http://www.ibm.com/timex#oi_f http://ex.org/variable#149	1
http://ex.org/variable#19 http://www.ibm.com/timex#b http://ex.org/variable#150	1
http://ex.org/variable#19 http://www.ibm.com/timex#o http://ex.org/variable#151	1
http://ex.org/variable#19 http://www.ibm.com/timex#oi http://ex.org/variable#152	1
http://ex.org/variable#19 http://www.ibm.com/timex#o http://ex.org/variable#153	1
http://ex.org/variable#19 http://www.ibm.com/timex#o http://ex.org/variable#154	1
http://ex.org/variable#19 http://www.ibm.com/timex#d http://ex.org/variable#155	1
http://ex.org/variable#19 http://www.ibm.com/timex#o http://ex.org/variable#156	1
http://ex.org/variable#19 http://www.ibm.com/timex#di http://ex.org/variable#157	1
http://ex.org/variable#19 http://www.ibm.com/timex#o http://ex.org/variable#158	1
http://ex.org/variable#19 http://www.ibm.com/timex#o http://ex.org/variable#159	1
http://ex.org/variable#19 http://www.ibm.com/timex#o http://ex.org/variable#160	1
http://ex.org/variable#19 http://www.ibm.com/timex#o http://ex.org/variable#161	1
http://ex.org/variable#19 http://www.ibm.com/timex#o http://ex.org/variable#162	1
http://ex.org/variable#19 http://www.ibm.com/timex#o http://ex.org/variable#163	1
http://ex.org/variable#19 http://www.ibm.com/timex#o http://ex.org/variable#164	1
http://ex.org/variable#19 http://www.ibm.com/timex#o http://ex.org/variable#165	1
http://ex.org/variable#19 http://www.ibm.com/timex#d http://ex.org/variable#166	1
http://ex.org/variable#19 http://www.ibm.com/timex#d http://ex.org/variable#167	1
http://ex.org/variable#19 http://www.ibm.com/timex#b http://ex.org/variable#168	1
http://ex.org/variable#19 http://www.ibm.com/timex#d http://ex.org/variable#169	1
http://ex.org/variable#19 http://www.ibm.com/timex#b http://ex.org/variable#170	1
http://ex.org/variable#19 http://www.ibm.com/timex#d http://ex.org/variable#171	1
http://ex.org/variable#19 http://www.ibm.com/timex#oi http://ex.org/variable#172	1
http://ex.org/variable#19 http://www.ibm.com/timex#b http://ex.org/variable#173	1
http://ex.org/variable#19 http://www.ibm.com/timex#b http://ex.org/variable#174	1
http://ex.org/variable#19 http://www.ibm.com/timex#d http://ex.org/variable#175	1
http://ex.org/variable#19 http://www.ibm.com/timex#o http://ex.org/variable#176	1
http://ex.org/variable#19 http://www.ibm.com/timex#o http://ex.org/variable#177	1
http://ex.org/variable#19 http://www.ibm.com/timex#o http://ex.org/variable#178	1
http://ex.org/variable#19 http://www.ibm.com/timex#o http://ex.org/variable#179	1
http://ex.org/variable#19 http://www.ibm.com/timex#di http://ex.org/variable#180	1
http://ex.org/variable#19 http://www.ibm.com/timex#oi http://ex.org/variable#181	1
http://ex.org/variable#19 http://www.ibm.com/timex#o http://ex.org/variable#182	1
http://ex.org/variable#19 http://www.ibm.com/timex#b http://ex.org/variable#183	1
http://ex.org/variable#19 http://www.ibm.com/timex#d http://ex.org/variable#184	1
http://ex.org/variable#19 http://www.ibm.com/timex#o http://ex.org/variable#185	1
http://ex.org/variable#19 http://www.ibm.com/timex#b http://ex.org/variable#186	1
http://ex.org/variable#19 http://www.ibm.com/timex#d http://ex.org/variable#187	1
http://ex.org/variable#19 http://www.ibm.com/timex#b http://ex.org/variable#188	1
http://ex.org/variable#19 http://www.ibm.com/timex#o http://ex.org/variable#189	1
http://ex.org/variable#20 http://www.ibm.com/timex#di http://ex.org/variable#0	1
http://ex.org/variable#20 http://www.ibm.com/timex#di http://ex.org/variable#1	1
http://ex.org/variable#20 http://www.ibm.com/timex#di http://ex.org/variable#2	1
http://ex.org/variable#20 http://www.ibm.com/timex#di http://ex.org/variable#3	1
http://ex.org/variable#20 http://www.ibm.com/timex#di http://ex.org/variable#4	1
http://ex.org/variable#20 http://www.ibm.com/timex#di http://ex.org/variable#5	1
http://ex.org/variable#20 http://www.ibm.com/timex#di http://ex.org/variable#6	1
http://ex.org/variable#20 http://www.ibm.com/timex#di http://ex.org/variable#7	1
http://ex.org/variable#20 http://www.ibm.com/timex#di http://ex.org/variable#8	1
http://ex.org/variable#20 http://www.ibm.com/timex#o_di_fi http://ex.org/variable#9	1
http://ex.org/variable#20 http://www.ibm.com/timex#di http://ex.org/variable#10	1
http://ex.org/variable#20 http://www.ibm.com/timex#di http://ex.org/variable#11	1
http://ex.org/variable#20 http://www.ibm.com/timex#oi http://ex.org/variable#12	1
http://ex.org/variable#20 http://www.ibm.com/timex#di http://ex.org/variable#13	1
http://ex.org/variable#20 http://www.ibm.com/timex#di http://ex.org/variable#14	1
http://ex.org/variable#20 http://www.ibm.com/timex#di http://ex.org/variable#15	1
http://ex.org/variable#20 http://www.ibm.com/timex#di http://ex.org/variable#16	1
http://ex.org/variable#20 http://www.ibm.com/timex#di http://ex.org/variable#17	1
http://ex.org/variable#20 http://www.ibm.com/timex#di http://ex.org/variable#18	1
http://ex.org/variable#20 http://www.ibm.com/timex#di http://ex.org/variable#19	1
http://ex.org/variable#20 http://www.ibm.com/timex#di http://ex.org/variable#21	1
http://ex.org/variable#20 http://www.ibm.com/timex#di http://ex.org/variable#22	1
http://ex.org/variable#20 http://www.ibm.com/timex#di http://ex.org/variable#23	1
http://ex.org/variable#20 http://www.ibm.com/timex#di http://ex.org/variable#24	1
http://ex.org/variable#20 http://www.ibm.com/timex#di http://ex.org/variable#25	1
http://ex.org/variable#20 http://www.ibm.com/timex#di http://ex.org/variable#26	1
http://ex.org/variable#20 http://www.ibm.com/timex#oi http://ex.org/variable#27	1
http://ex.org/variable#20 http://www.ibm.com/timex#di http://ex.org/variable#28	1
http://ex.org/variable#20 http://www.ibm.com/timex#di http://ex.org/variable#29	1
http://ex.org/variable#20 http://www.ibm.com/timex#di http://ex.org/variable#30	1
http://ex.org/variable#20 http://www.ibm.com/timex#oi http://ex.org/variable#31	1
http://ex.org/variable#20 http://www.ibm.com/timex#di http://ex.org/variable#32	1
http://ex.org/variable#20 http://www.ibm.com/timex#di_fi http://ex.org/variable#33	1
http://ex.org/variable#20 http://www.ibm.com/timex#di http://ex.org/variable#34	1
http://ex.org/variable#20 http://www.ibm.com/timex#di http://ex.org/variable#35	1
http://ex.org/variable#20 http://www.ibm.com/timex#di http://ex.org/variable#36	1
http://ex.org/variable#20 http://www.ibm.com/timex#di http://ex.org/variable#37	1
http://ex.org/variable#20 http://www.ibm.com/timex#di http://ex.org/variable#38	1
http://ex.org/variable#20 http://www.ibm.com/timex#di http://ex.org/variable#39	1
http://ex.org/variable#20 http://www.ibm.com/timex#di http://ex.org/variable#40	1
http://ex.org/variable#20 http://www.ibm.com/timex#di http://ex.org/variable#41	1
http://ex.org/variable#20 http://www.ibm.com/timex#di http://ex.org/variable#42	1
http://ex.org/variable#20 http://www.ibm.com/timex#di http://ex.org/variable#43	1
http://ex.org/variable#20 http://www.ibm.com/timex#di http://ex.org/variable#44	1
http://ex.org/variable#20 http://www.ibm.com/timex#o_di http://ex.org/variable#45	1
http://ex.org/variable#20 http://www.ibm.com/timex#oi http://ex.org/variable#46	1
http://ex.org/variable#20 http://www.ibm.com/timex#oi http://ex.org/variable#47	1
http://ex.org/variable#20 http://www.ibm.com/timex#di http://ex.org/variable#48	1
http://ex.org/variable#20 http://www.ibm.com/timex#oi http://ex.org/variable#49	1
http://ex.org/variable#20 http://www.ibm.com/timex#di http://ex.org/variable#50	1
http://ex.org/variable#20 http://www.ibm.com/timex#di http://ex.org/variable#51	1
http://ex.org/variable#20 http://www.ibm.com/timex#oi http://ex.org/variable#52	1
http://ex.org/variable#20 http://www.ibm.com/timex#di http://ex.org/variable#53	1
http://ex.org/variable#20 http://www.ibm.com/timex#di http://ex.org/variable#54	1
http://ex.org/variable#20 http://www.ibm.com/timex#di http://ex.org/variable#55	1
http://ex.org/variable#20 http://www.ibm.com/timex#di http://ex.org/variable#56	1
http://ex.org/variable#20 http://www.ibm.com/timex#oi http://ex.org/variable#57	1
http://ex.org/variable#20 http://www.ibm.com/timex#di http://ex.org/variable#58	1
http://ex.org/variable#20 http://www.ibm.com/timex#o_di http://ex.org/variable#59	1
http://ex.org/variable#20 http://www.ibm.com/timex#di http://ex.org/variable#60	1
http://ex.org/variable#20 http://www.ibm.com/timex#di http://ex.org/variable#61	1
http://ex.org/variable#20 http://www.ibm.com/timex#di http://ex.org/variable#62	1
http://ex.org/variable#20 http://www.ibm.com/timex#di http://ex.org/variable#63	1
http://ex.org/variable#20 http://www.ibm.com/timex#di http://ex.org/variable#64	1
http://ex.org/variable#20 http://www.ibm.com/timex#di http://ex.org/variable#65	1
http://ex.org/variable#20 http://www.ibm.com/timex#oi http://ex.org/variable#66	1
http://ex.org/variable#20 http://www.ibm.com/timex#di http://ex.org/variable#67	1
http://ex.org/variable#20 http://www.ibm.com/timex#di http://ex.org/variable#68	1
http://ex.org/variable#20 http://www.ibm.com/timex#di http://ex.org/variable#69	1
http://ex.org/variable#20 http://www.ibm.com/timex#o_fi http://ex.org/variable#70	1
http://ex.org/variable#20 http://www.ibm.com/timex#di http://ex.org/variable#71	1
http://ex.org/variable#20 http://www.ibm.com/timex#di http://ex.org/variable#72	1
http://ex.org/variable#20 http://www.ibm.com/timex#di http://ex.org/variable#73	1
http://ex.org/variable#20 http://www.ibm.com/timex#di http://ex.org/variable#74	1
http://ex.org/variable#20 http://www.ibm.com/timex#di http://ex.org/variable#75	1
http://ex.org/variable#20 http://www.ibm.com/timex#di http://ex.org/variable#76	1
http://ex.org/variable#20 http://www.ibm.com/timex#o_di_fi http://ex.org/variable#77	1
http://ex.org/variable#20 http://www.ibm.com/timex#di http://ex.org/variable#78	1
http://ex.org/variable#20 http://www.ibm.com/timex#oi http://ex.org/variable#79	1
http://ex.org/variable#20 http://www.ibm.com/timex#oi http://ex.org/variable#80	1
http://ex.org/variable#20 http://www.ibm.com/timex#oi http://ex.org/variable#81	1
http://ex.org/variable#20 http://www.ibm.com/timex#di http://ex.org/variable#82	1
http://ex.org/variable#20 http://www.ibm.com/timex#oi http://ex.org/variable#83	1
http://ex.org/variable#20 http://www.ibm.com/timex#di http://ex.org/variable#84	1
http://ex.org/variable#20 http://www.ibm.com/timex#di http://ex.org/variable#85	1
http://ex.org/variable#20 http://www.ibm.com/timex#oi http://ex.org/variable#86	1
http://ex.org/variable#20 http://www.ibm.com/timex#di http://ex.org/variable#87	1
http://ex.org/variable#20 http://www.ibm.com/timex#di http://ex.org/variable#88	1
http://ex.org/variable#20 http://www.ibm.com/timex#di http://ex.org/variable#89	1
http://ex.org/variable#20 http://www.ibm.com/timex#di http://ex.org/variable#90	1
http://ex.org/variable#20 http://www.ibm.com/timex#di http://ex.org/variable#91	1
http://ex.org/variable#20 http://www.ibm.com/timex#o_di_fi http://ex.org/variable#92	1
http://ex.org/variable#20 http://www.ibm.com/timex#di http://ex.org/variable#93	1
http://ex.org/variable#20 http://www.ibm.com/timex#di http://ex.org/variable#94	1
http://ex.org/variable#20 http://www.ibm.com/timex#di http://ex.org/variable#95	1
http://ex.org/variable#20 http://www.ibm.com/timex#di http://ex.org/variable#96	1
http://ex.org/variable#20 http://www.ibm.com/timex#di http://ex.org/variable#97	1
http://ex.org/variable#20 http://www.ibm.com/timex#di http://ex.org/variable#98	1
http://ex.org/variable#20 http://www.ibm.com/timex#di http://ex.org/variable#99	1
http://ex.org/variable#20 http://www.ibm.com/timex#di http://ex.org/variable#100	1
http://ex.org/variable#20 http://www.ibm.com/timex#di http://ex.org/variable#101	1
http://ex.org/variable#20 http://www.ibm.com/timex#di http://ex.org/variable#102	1
http://ex.org/variable#20 http://www.ibm.com/timex#di http://ex.org/variable#103	1
http://ex.org/variable#20 http://www.ibm.com/timex#di http://ex.org/variable#104	1
http://ex.org/variable#20 http://www.ibm.com/timex#di http://ex.org/variable#105	1
http://ex.org/variable#20 http://www.ibm.com/timex#di http://ex.org/variable#106	1
http://ex.org/variable#20 http://www.ibm.com/timex#di http://ex.org/variable#107	1
http://ex.org/variable#20 http://www.ibm.com/timex#di http://ex.org/variable#108	1
http://ex.org/variable#20 http://www.ibm.com/timex#di http://ex.org/variable#109	1
http://ex.org/variable#20 http://www.ibm.com/timex#di http://ex.org/variable#110	1
http://ex.org/variable#20 http://www.ibm.com/timex#di http://ex.org/variable#111	1
http://ex.org/variable#20 http://www.ibm.com/timex#di http://ex.org/variable#112	1
http://ex.org/variable#20 http://www.ibm.com/timex#di http://ex.org/variable#113	1
http://ex.org/variable#20 http://www.ibm.com/timex#di http://ex.org/variable#114	1
http://ex.org/variable#20 http://www.ibm.com/timex#di http://ex.org/variable#115	1
http://ex.org/variable#20 http://www.ibm.com/timex#di http://ex.org/variable#116	1
http://ex.org/variable#20 http://www.ibm.com/timex#di http://ex.org/variable#117	1
http://ex.org/variable#20 http://www.ibm.com/timex#di http://ex.org/variable#118	1
http://ex.org/variable#20 http://www.ibm.com/timex#oi http://ex.org/variable#119	1
http://ex.org/variable#20 http://www.ibm.com/timex#di http://ex.org/variable#120	1
http://ex.org/variable#20 http://www.ibm.com/timex#di http://ex.org/variable#121	1
http://ex.org/variable#20 http://www.ibm.com/timex#di http://ex.org/variable#122	1
http://ex.org/variable#20 http://www.ibm.com/timex#di http://ex.org/variable#123	1
http://ex.org/variable#20 http://www.ibm.com/timex#oi http://ex.org/variable#124	1
http://ex.org/variable#20 http://www.ibm.com/timex#oi http://ex.org/variable#125	1
http://ex.org/variable#20 http://www.ibm.com/timex#di http://ex.org/variable#126	1
http://ex.org/variable#20 http://www.ibm.com/timex#di http://ex.org/variable#127	1
http://ex.org/variable#20 http://www.ibm.com/timex#di http://ex.org/variable#128	1
http://ex.org/variable#20 http://www.ibm.com/timex#oi http://ex.org/variable#129	1
http://ex.org/variable#20 http://www.ibm.com/timex#di http://ex.org/variable#130	1
http://ex.org/variable#20 http://www.ibm.com/timex#di http://ex.org/variable#131	1
http://ex.org/variable#20 http://www.ibm.com/timex#di http://ex.org/variable#132	1
http://ex.org/variable#20 http://www.ibm.com/timex#o_di_fi http://ex.org/variable#133	1
http://ex.org/variable#20 http://www.ibm.com/timex#oi_si http://ex.org/variable#134	1
http://ex.org/variable#20 http://www.ibm.com/timex#di http://ex.org/variable#135	1
http://ex.org/variable#20 http://www.ibm.com/timex#di http://ex.org/variable#136	1
http://ex.org/variable#20 http://www.ibm.com/timex#di http://ex.org/variable#137	1
http://ex.org/variable#20 http://www.ibm.com/timex#di http://ex.org/variable#138	1
http://ex.org/variable#20 http://www.ibm.com/timex#di http://ex.org/variable#139	1
http://ex.org/variable#20 http://www.ibm.com/timex#di http://ex.org/variable#140	1
http://ex.org/variable#20 http://www.ibm.com/timex#oi http://ex.org/variable#141	1
http://ex.org/variable#20 http://www.ibm.com/timex#di http://ex.org/variable#142	1
http://ex.org/variable#20 http://www.ibm.com/timex#di http://ex.org/variable#143	1
http://ex.org/variable#20 http://www.ibm.com/timex#di http://ex.org/variable#144	1
http://ex.org/variable#20 http://www.ibm.com/timex#di http://ex.org/variable#145	1
http://ex.org/variable#20 http://www.ibm.com/timex#di http://ex.org/variable#146	1
http://ex.org/variable#20 http://www.ibm.com/timex#di http://ex.org/variable#147	1
http://ex.org/variable#20 http://www.ibm.com/timex#di http://ex.org/variable#148	1
http://ex.org/variable#20 http://www.ibm.com/timex#oi http://ex.org/variable#149	1
http://ex.org/variable#20 http://www.ibm.com/timex#o_di http://ex.org/variable#150	1
http://ex.org/variable#20 http://www.ibm.com/timex#di http://ex.org/variable#151	1
http://ex.org/variable#20 http://www.ibm.com/timex#di http://ex.org/variable#152	1
http://ex.org/variable#20 http://www.ibm.com/timex#di http://ex.org/variable#153	1
http://ex.org/variable#20 http://www.ibm.com/timex#di http://ex.org/variable#154	1
http://ex.org/variable#20 http://www.ibm.com/timex#oi http://ex.org/variable#155	1
http://ex.org/variable#20 http://www.ibm.com/timex#di http://ex.org/variable#156	1
http://ex.org/variable#20 http://www.ibm.com/timex#di http://ex.org/variable#157	1
http://ex.org/variable#20 http://www.ibm.com/timex#di http://ex.org/variable#158	1
http://ex.org/variable#20 http://www.ibm.com/timex#di http://ex.org/variable#159	1
http://ex.org/variable#20 http://www.ibm.com/timex#di http://ex.org/variable#160	1
http://ex.org/variable#20 http://www.ibm.com/timex#di http://ex.org/variable#161	1
http://ex.org/variable#20 http://www.ibm.com/timex#di http://ex.org/variable#162	1
http://ex.org/variable#20 http://www.ibm.com/timex#di http://ex.org/variable#163	1
http://ex.org/variable#20 http://www.ibm.com/timex#di http://ex.org/variable#164	1
http://ex.org/variable#20 http://www.ibm.com/timex#di http://ex.org/variable#165	1
http://ex.org/variable#20 http://www.ibm.com/timex#si http://ex.org/variable#166	1
http://ex.org/variable#20 http://www.ibm.com/timex#di http://ex.org/variable#167	1
http://ex.org/variable#20 http://www.ibm.com/timex#di http://ex.org/variable#168	1
http://ex.org/variable#20 http://www.ibm.com/timex#di http://ex.org/variable#169	1
http://ex.org/variable#20 http://www.ibm.com/timex#di http://ex.org/variable#170	1
http://ex.org/variable#20 http://www.ibm.com/timex#di http://ex.org/variable#171	1
http://ex.org/variable#20 http://www.ibm.com/timex#oi http://ex.org/variable#172	1
http://ex.org/variable#20 http://www.ibm.com/timex#di http://ex.org/variable#173	1
http://ex.org/variable#20 http://www.ibm.com/timex#di http://ex.org/variable#174	1
http://ex.org/variable#20 http://www.ibm.com/timex#di http://ex.org/variable#175	1
http://ex.org/variable#20 http://www.ibm.com/timex#di http://ex.org/variable#176	1
http://ex.org/variable#20 http://www.ibm.com/timex#di http://ex.org/variable#177	1
http://ex.org/variable#20 http://www.ibm.com/timex#o_di_fi http://ex.org/variable#178	1
http://ex.org/variable#20 http://www.ibm.com/timex#di http://ex.org/variable#179	1
http://ex.org/variable#20 http://www.ibm.com/timex#di http://ex.org/variable#180	1
http://ex.org/variable#20 http://www.ibm.com/timex#di http://ex.org/variable#181	1
http://ex.org/variable#20 http://www.ibm.com/timex#di http://ex.org/variable#182	1
http://ex.org/variable#20 http://www.ibm.com/timex#di http://ex.org/variable#183	1
http://ex.org/variable#20 http://www.ibm.com/timex#di http://ex.org/variable#184	1
http://ex.org/variable#20 http://www.ibm.com/timex#di http://ex.org/variable#185	1
http://ex.org/variable#20 http://www.ibm.com/timex#di http://ex.org/variable#186	1
http://ex.org/variable#20 http://www.ibm.com/timex#oi http://ex.org/variable#187	1
http://ex.org/variable#20 http://www.ibm.com/timex#di http://ex.org/variable#188	1
http://ex.org/variable#20 http://www.ibm.com/timex#di http://ex.org/variable#189	1
http://ex.org/variable#21 http://www.ibm.com/timex#d http://ex.org/variable#0	1
http://ex.org/variable#21 http://www.ibm.com/timex#o http://ex.org/variable#1	1
http://ex.org/variable#21 http://www.ibm.com/timex#d http://ex.org/variable#2	1
http://ex.org/variable#21 http://www.ibm.com/timex#oi http://ex.org/variable#3	1
http://ex.org/variable#21 http://www.ibm.com/timex#d http://ex.org/variable#4	1
http://ex.org/variable#21 http://www.ibm.com/timex#bi http://ex.org/variable#5	1
http://ex.org/variable#21 http://www.ibm.com/timex#oi http://ex.org/variable#6	1
http://ex.org/variable#21 http://www.ibm.com/timex#d http://ex.org/variable#7	1
http://ex.org/variable#21 http://www.ibm.com/timex#bi http://ex.org/variable#8	1
http://ex.org/variable#21 http://www.ibm.com/timex#d http://ex.org/variable#9	1
http://ex.org/variable#21 http://www.ibm.com/timex#oi http://ex.org/variable#10	1
http://ex.org/variable#21 http://www.ibm.com/timex#d http://ex.org/variable#11	1
http://ex.org/variable#21 http://www.ibm.com/timex#d http://ex.org/variable#12	1
http://ex.org/variable#21 http://www.ibm.com/timex#bi http://ex.org/variable#13	1
http://ex.org/variable#21 http://www.ibm.com/timex#bi http://ex.org/variable#14	1
http://ex.org/variable#21 http://www.ibm.com/timex#oi http://ex.org/variable#15	1
http://ex.org/variable#21 http://www.ibm.com/timex#mi http://ex.org/variable#16	1
http://ex.org/variable#21 http://www.ibm.com/timex#di http://ex.org/variable#17	1
http://ex.org/variable#21 http://www.ibm.com/timex#oi http://ex.org/variable#18	1
http://ex.org/variable#21 http://www.ibm.com/timex#bi http://ex.org/variable#19	1
http://ex.org/variable#21 http://www.ibm.com/timex#d http://ex.org/variable#20	1
http://ex.org/variable#21 http://www.ibm.com/timex#d http://ex.org/variable#22	1
http://ex.org/variable#21 http://www.ibm.com/timex#bi http://ex.org/variable#23	1
http://ex.org/variable#21 http://www.ibm.com/timex#d http://ex.org/variable#24	1
http://ex.org/variable#21 http://www.ibm.com/timex#bi http://ex.org/variable#25	1
http://ex.org/variable#21 http://www.ibm.com/timex#di http://ex.org/variable#26	1
http://ex.org/variable#21 http://www.ibm.com/timex#bi http://ex.org/variable#27	1
http://ex.org/variable#21 http://www.ibm.com/timex#oi http://ex.org/variable#28	1
http://ex.org/variable#21 http://www.ibm.com/timex#oi http://ex.org/variable#29	1
http://ex.org/variable#21 http://www.ibm.com/timex#bi http://ex.org/variable#30	1
http://ex.org/variable#21 http://www.ibm.com/timex#bi http://ex.org/variable#31	1
http://ex.org/variable#21 http://www.ibm.com/timex#bi http://ex.org/variable#32	1
http://ex.org/variable#21 http://www.ibm.com/timex#o http://ex.org/variable#33	1
http://ex.org/variable#21 http://www.ibm.com/timex#oi http://ex.org/variable#34	1
http://ex.org/variable#21 http://www.ibm.com/timex#bi http://ex.org/variable#35	1
http://ex.org/variable#21 http://www.ibm.com/timex#bi http://ex.org/variable#36	1
http://ex.org/variable#21 http://www.ibm.com/timex#bi http://ex.org/variable#37	1
http://ex.org/variable#21 http://www.ibm.com/timex#oi http://ex.org/variable#38	1
http://ex.org/variable#21 http://www.ibm.com/timex#di http://ex.org/variable#39	1
http://ex.org/variable#21 http://www.ibm.com/timex#oi http://ex.org/variable#40	1
http://ex.org/variable#21 http://www.ibm.com/timex#oi http://ex.org/variable#41	1
http://ex.org/variable#21 http://www.ibm.com/timex#d http://ex.org/variable#42	1
http://ex.org/variable#21 http://www.ibm.com/timex#oi http://ex.org/variable#43	1
http://ex.org/variable#21 http://www.ibm.com/timex#oi http://ex.org/variable#44	1
http://ex.org/variable#21 http://www.ibm.com/timex#d http://ex.org/variable#45	1
http://ex.org/variable#21 http://www.ibm.com/timex#bi http://ex.org/variable#46	1
http://ex.org/variable#21 http://www.ibm.com/timex#oi http://ex.org/variable#47	1
http://ex.org/variable#21 http://www.ibm.com/timex#di http://ex.org/variable#48	1
http://ex.org/variable#21 http://www.ibm.com/timex#bi http://ex.org/variable#49	1
http://ex.org/variable#21 http://www.ibm.com/timex#d http://ex.org/variable#50	1
http://ex.org/variable#21 http://www.ibm.com/timex#di http://ex.org/variable#51	1
http://ex.org/variable#21 http://www.ibm.com/timex#oi http://ex.org/variable#52	1
http://ex.org/variable#21 http://www.ibm.com/timex#oi http://ex.org/variable#53	1
http://ex.org/variable#21 http://www.ibm.com/timex#oi http://ex.org/variable#54	1
http://ex.org/variable#21 http://www.ibm.com/timex#oi http://ex.org/variable#55	1
http://ex.org/variable#21 http://www.ibm.com/timex#bi http://ex.org/variable#56	1
http://ex.org/variable#21 http://www.ibm.com/timex#bi http://ex.org/variable#57	1
http://ex.org/variable#21 http://www.ibm.com/timex#oi http://ex.org/variable#58	1
http://ex.org/variable#21 http://www.ibm.com/timex#d http://ex.org/variable#59	1
http://ex.org/variable#21 http://www.ibm.com/timex#d http://ex.org/variable#60	1
http://ex.org/variable#21 http://www.ibm.com/timex#d http://ex.org/variable#61	1
http://ex.org/variable#21 http://www.ibm.com/timex#d http://ex.org/variable#62	1
http://ex.org/variable#21 http://www.ibm.com/timex#oi http://ex.org/variable#63	1
http://ex.org/variable#21 http://www.ibm.com/timex#d http://ex.org/variable#64	1
http://ex.org/variable#21 http://www.ibm.com/timex#bi http://ex.org/variable#65	1
http://ex.org/variable#21 http://www.ibm.com/timex#bi http://ex.org/variable#66	1
http://ex.org/variable#21 http://www.ibm.com/timex#d http://ex.org/variable#67	1
http://ex.org/variable#21 http://www.ibm.com/timex#d http://ex.org/variable#68	1
http://ex.org/variable#21 http://www.ibm.com/timex#bi http://ex.org/variable#69	1
http://ex.org/variable#21 http://www.ibm.com/timex#d http://ex.org/variable#70	1
http://ex.org/variable#21 http://www.ibm.com/timex#bi http://ex.org/variable#71	1
http://ex.org/variable#21 http://www.ibm.com/timex#oi http://ex.org/variable#72	1
http://ex.org/variable#21 http://www.ibm.com/timex#oi http://ex.org/variable#73	1
http://ex.org/variable#21 http://www.ibm.com/timex#d http://ex.org/variable#74	1
http://ex.org/variable#21 http://www.ibm.com/timex#oi http://ex.org/variable#75	1
http://ex.org/variable#21 http://www.ibm.com/timex#oi http://ex.org/variable#76	1
http://ex.org/variable#21 http://www.ibm.com/timex#d http://ex.org/variable#77	1
http://ex.org/variable#21 http://www.ibm.com/timex#oi http://ex.org/variable#78	1
http://ex.org/variable#21 http://www.ibm.com/timex#bi http://ex.org/variable#79	1
http://ex.org/variable#21 http://www.ibm.com/timex#d http://ex.org/variable#80	1
http://ex.org/variable#21 http://www.ibm.com/timex#bi http://ex.org/variable#81	1
http://ex.org/variable#21 http://www.ibm.com/timex#bi http://ex.org/variable#82	1
http://ex.org/variable#21 http://www.ibm.com/timex#d http://ex.org/variable#83	1
http://ex.org/variable#21 http://www.ibm.com/timex#oi http://ex.org/variable#84	1
http://ex.org/variable#21 http://www.ibm.com/timex#si http://ex.org/variable#85	1
http://ex.org/variable#21 http://www.ibm.com/timex#d http://ex.org/variable#86	1
http://ex.org/variable#21 http://www.ibm.com/timex#d http://ex.org/variable#87	1
http://ex.org/variable#21 http://www.ibm.com/timex#di http://ex.org/variable#88	1
http://ex.org/variable#21 http://www.ibm.com/timex#d http://ex.org/variable#89	1
http://ex.org/variable#21 http://www.ibm.com/timex#oi http://ex.org/variable#90	1
http://ex.org/variable#21 http://www.ibm.com/timex#d http://ex.org/variable#91	1
http://ex.org/variable#21 http://www.ibm.com/timex#d http://ex.org/variable#92	1
http://ex.org/variable#21 http://www.ibm.com/timex#oi http://ex.org/variable#93	1
http://ex.org/variable#21 http://www.ibm.com/timex#bi http://ex.org/variable#94	1
http://ex.org/variable#21 http://www.ibm.com/timex#bi http://ex.org/variable#95	1
http://ex.org/variable#21 http://www.ibm.com/timex#bi http://ex.org/variable#96	1
http://ex.org/variable#21 http://www.ibm.com/timex#oi http://ex.org/variable#97	1
http://ex.org/variable#21 http://www.ibm.com/timex#o http://ex.org/variable#98	1
http://ex.org/variable#21 http://www.ibm.com/timex#di http://ex.org/variable#99	1
http://ex.org/variable#21 http://www.ibm.com/timex#bi http://ex.org/variable#100	1
http://ex.org/variable#21 http://www.ibm.com/timex#d http://ex.org/variable#101	1
http://ex.org/variable#21 http://www.ibm.com/timex#mi http://ex.org/variable#102	1
http://ex.org/variable#21 http://www.ibm.com/timex#oi http://ex.org/variable#103	1
http://ex.org/variable#21 http://www.ibm.com/timex#m http://ex.org/variable#104	1
http://ex.org/variable#21 http://www.ibm.com/timex#oi_d_f http://ex.org/variable#105	1
http://ex.org/variable#21 http://www.ibm.com/timex#d http://ex.org/variable#106	1
http://ex.org/variable#21 http://www.ibm.com/timex#oi http://ex.org/variable#107	1
http://ex.org/variable#21 http://www.ibm.com/timex#bi http://ex.org/variable#108	1
http://ex.org/variable#21 http://www.ibm.com/timex#bi http://ex.org/variable#109	1
http://ex.org/variable#21 http://www.ibm.com/timex#d http://ex.org/variable#110	1
http://ex.org/variable#21 http://www.ibm.com/timex#bi http://ex.org/variable#111	1
http://ex.org/variable#21 http://www.ibm.com/timex#oi http://ex.org/variable#112	1
http://ex.org/variable#21 http://www.ibm.com/timex#bi http://ex.org/variable#113	1
http://ex.org/variable#21 http://www.ibm.com/timex#oi http://ex.org/variable#114	1
http://ex.org/variable#21 http://www.ibm.com/timex#di http://ex.org/variable#115	1
http://ex.org/variable#21 http://www.ibm.com/timex#bi http://ex.org/variable#116	1
http://ex.org/variable#21 http://www.ibm.com/timex#bi http://ex.org/variable#117	1
http://ex.org/variable#21 http://www.ibm.com/timex#bi http://ex.org/variable#118	1
http://ex.org/variable#21 http://www.ibm.com/timex#d http://ex.org/variable#119	1
http://ex.org/variable#21 http://www.ibm.com/timex#bi http://ex.org/variable#120	1
http://ex.org/variable#21 http://www.ibm.com/timex#di http://ex.org/variable#121	1
http://ex.org/variable#21 http://www.ibm.com/timex#oi http://ex.org/variable#122	1
http://ex.org/variable#21 http://www.ibm.com/timex#d http://ex.org/variable#123	1
http://ex.org/variable#21 http://www.ibm.com/timex#bi http://ex.org/variable#124	1
http://ex.org/variable#21 http://www.ibm.com/timex#bi http://ex.org/variable#125	1
http://ex.org/variable#21 http://www.ibm.com/timex#oi http://ex.org/variable#126	1
http://ex.org/variable#21 http://www.ibm.com/timex#si http://ex.org/variable#127	1
http://ex.org/variable#21 http://www.ibm.com/timex#d http://ex.org/variable#128	1
http://ex.org/variable#21 http://www.ibm.com/timex#bi http://ex.org/variable#129	1
http://ex.org/variable#21 http://www.ibm.com/timex#bi http://ex.org/variable#130	1
http://ex.org/variable#21 http://www.ibm.com/timex#o http://ex.org/variable#131	1
http://ex.org/variable#21 http://www.ibm.com/timex#d_f http://ex.org/variable#132	1
http://ex.org/variable#21 http://www.ibm.com/timex#d http://ex.org/variable#133	1
http://ex.org/variable#21 http://www.ibm.com/timex#bi http://ex.org/variable#134	1
http://ex.org/variable#21 http://www.ibm.com/timex#d http://ex.org/variable#135	1
http://ex.org/variable#21 http://www.ibm.com/timex#d http://ex.org/variable#136	1
http://ex.org/variable#21 http://www.ibm.com/timex#bi http://ex.org/variable#137	1
http://ex.org/variable#21 http://www.ibm.com/timex#o http://ex.org/variable#138	1
http://ex.org/variable#21 http://www.ibm.com/timex#bi http://ex.org/variable#139	1
http://ex.org/variable#21 http://www.ibm.com/timex#bi http://ex.org/variable#140	1
http://ex.org/variable#21 http://www.ibm.com/timex#d http://ex.org/variable#141	1
http://ex.org/variable#21 http://www.ibm.com/timex#bi http://ex.org/variable#142	1
http://ex.org/variable#21 http://www.ibm.com/timex#d http://ex.org/variable#143	1
http://ex.org/variable#21 http://www.ibm.com/timex#d http://ex.org/variable#144	1
http://ex.org/variable#21 http://www.ibm.com/timex#si http://ex.org/variable#145	1
http://ex.org/variable#21 http://www.ibm.com/timex#d http://ex.org/variable#146	1
http://ex.org/variable#21 http://www.ibm.com/timex#oi http://ex.org/variable#147	1
http://ex.org/variable#21 http://www.ibm.com/timex#oi http://ex.org/variable#148	1
http://ex.org/variable#21 http://www.ibm.com/timex#bi http://ex.org/variable#149	1
http://ex.org/variable#21 http://www.ibm.com/timex#o http://ex.org/variable#150	1
http://ex.org/variable#21 http://www.ibm.com/timex#d http://ex.org/variable#151	1
http://ex.org/variable#21 http://www.ibm.com/timex#bi http://ex.org/variable#152	1
http://ex.org/variable#21 http://www.ibm.com/timex#d http://ex.org/variable#153	1
http://ex.org/variable#21 http://www.ibm.com/timex#bi http://ex.org/variable#154	1
http://ex.org/variable#21 http://www.ibm.com/timex#oi http://ex.org/variable#155	1
http://ex.org/variable#21 http://www.ibm.com/timex#oi http://ex.org/variable#156	1
http://ex.org/variable#21 http://www.ibm.com/timex#bi http://ex.org/variable#157	1
http://ex.org/variable#21 http://www.ibm.com/timex#bi http://ex.org/variable#158	1
http://ex.org/variable#21 http://www.ibm.com/timex#d http://ex.org/variable#159	1
http://ex.org/variable#21 http://www.ibm.com/timex#oi http://ex.org/variable#160	1
http://ex.org/variable#21 http://www.ibm.com/timex#bi http://ex.org/variable#161	1
http://ex.org/variable#21 http://www.ibm.com/timex#bi http://ex.org/variable#162	1
http://ex.org/variable#21 http://www.ibm.com/timex#oi http://ex.org/variable#163	1
http://ex.org/variable#21 http://www.ibm.com/timex#d http://ex.org/variable#164	1
http://ex.org/variable#21 http://www.ibm.com/timex#bi http://ex.org/variable#165	1
http://ex.org/variable#21 http://www.ibm.com/timex#bi http://ex.org/variable#166	1
http://ex.org/variable#21 http://www.ibm.com/timex#oi http://ex.org/variable#167	1
http://ex.org/variable#21 http://www.ibm.com/timex#d http://ex.org/variable#168	1
http://ex.org/variable#21 http://www.ibm.com/timex#oi_d http://ex.org/variable#169	1
http://ex.org/variable#21 http://www.ibm.com/timex#s http://ex.org/variable#170	1
http://ex.org/variable#21 http://www.ibm.com/timex#bi http://ex.org/variable#171	1
http://ex.org/variable#21 http://www.ibm.com/timex#bi http://ex.org/variable#172	1
http://ex.org/variable#21 http://www.ibm.com/timex#di http://ex.org/variable#173	1
http://ex.org/variable#21 http://www.ibm.com/timex#oi http://ex.org/variable#174	1
http://ex.org/variable#21 http://www.ibm.com/timex#oi http://ex.org/variable#175	1
http://ex.org/variable#21 http://www.ibm.com/timex#d http://ex.org/variable#176	1
http://ex.org/variable#21 http://www.ibm.com/timex#oi http://ex.org/variable#177	1
http://ex.org/variable#21 http://www.ibm.com/timex#d http://ex.org/variable#178	1
http://ex.org/variable#21 http://www.ibm.com/timex#d http://ex.org/variable#179	1
http://ex.org/variable#21 http://www.ibm.com/timex#bi http://ex.org/variable#180	1
http://ex.org/variable#21 http://www.ibm.com/timex#bi http://ex.org/variable#181	1
http://ex.org/variable#21 http://www.ibm.com/timex#bi http://ex.org/variable#182	1
http://ex.org/variable#21 http://www.ibm.com/timex#d http://ex.org/variable#183	1
http://ex.org/variable#21 http://www.ibm.com/timex#bi http://ex.org/variable#184	1
http://ex.org/variable#21 http://www.ibm.com/timex#oi http://ex.org/variable#185	1
http://ex.org/variable#21 http://www.ibm.com/timex#oi http://ex.org/variable#186	1
http://ex.org/variable#21 http://www.ibm.com/timex#oi http://ex.org/variable#187	1
http://ex.org/variable#21 http://www.ibm.com/timex#oi http://ex.org/variable#188	1
http://ex.org/variable#21 http://www.ibm.com/timex#bi http://ex.org/variable#189	1
http://ex.org/variable#22 http://www.ibm.com/timex#di http://ex.org/variable#0	1
http://ex.org/variable#22 http://www.ibm.com/timex#di http://ex.org/variable#1	1
http://ex.org/variable#22 http://www.ibm.com/timex#di http://ex.org/variable#2	1
http://ex.org/variable#22 http://www.ibm.com/timex#di http://ex.org/variable#3	1
http://ex.org/variable#22 http://www.ibm.com/timex#o_di_fi http://ex.org/variable#4	1
http://ex.org/variable#22 http://www.ibm.com/timex#di http://ex.org/variable#5	1
http://ex.org/variable#22 http://www.ibm.com/timex#di http://ex.org/variable#6	1
http://ex.org/variable#22 http://www.ibm.com/timex#di http://ex.org/variable#7	1
http://ex.org/variable#22 http://www.ibm.com/timex#oi http://ex.org/variable#8	1
http://ex.org/variable#22 http://www.ibm.com/timex#o http://ex.org/variable#9	1
http://ex.org/variable#22 http://www.ibm.com/timex#di http://ex.org/variable#10	1
http://ex.org/variable#22 http://www.ibm.com/timex#oi http://ex.org/variable#11	1
http://ex.org/variable#22 http://www.ibm.com/timex#oi http://ex.org/variable#12	1
http://ex.org/variable#22 http://www.ibm.com/timex#oi http://ex.org/variable#13	1
http://ex.org/variable#22 http://www.ibm.com/timex#di http://ex.org/variable#14	1
http://ex.org/variable#22 http://www.ibm.com/timex#oi http://ex.org/variable#15	1
http://ex.org/variable#22 http://www.ibm.com/timex#oi http://ex.org/variable#16	1
http://ex.org/variable#22 http://www.ibm.com/timex#di http://ex.org/variable#17	1
http://ex.org/variable#22 http://www.ibm.com/timex#si http://ex.org/variable#18	1
http://ex.org/variable#22 http://www.ibm.com/timex#oi http://ex.org/variable#19	1
http://ex.org/variable#22 http://www.ibm.com/timex#d http://ex.org/variable#20	1
http://ex.org/variable#22 http://www.ibm.com/timex#di http://ex.org/variable#21	1
http://ex.org/variable#22 http://www.ibm.com/timex#oi http://ex.org/variable#23	1
http://ex.org/variable#22 http://www.ibm.com/timex#oi http://ex.org/variable#24	1
http://ex.org/variable#22 http://www.ibm.com/timex#oi http://ex.org/variable#25	1
http://ex.org/variable#22 http://www.ibm.com/timex#di http://ex.org/variable#26	1
http://ex.org/variable#22 http://www.ibm.com/timex#oi http://ex.org/variable#27	1
http://ex.org/variable#22 http://www.ibm.com/timex#di http://ex.org/variable#28	1
http://ex.org/variable#22 http://www.ibm.com/timex#di http://ex.org/variable#29	1
http://ex.org/variable#22 http://www.ibm.com/timex#di http://ex.org/variable#30	1
http://ex.org/variable#22 http://www.ibm.com/timex#oi http://ex.org/variable#31	1
http://ex.org/variable#22 http://www.ibm.com/timex#oi http://ex.org/variable#32	1
http://ex.org/variable#22 http://www.ibm.com/timex#o_di_fi http://ex.org/variable#33	1
http://ex.org/variable#22 http://www.ibm.com/timex#oi http://ex.org/variable#34	1
http://ex.org/variable#22 http://www.ibm.com/timex#di http://ex.org/variable#35	1
http://ex.org/variable#22 http://www.ibm.com/timex#oi http://ex.org/variable#36	1
http://ex.org/variable#22 http://www.ibm.com/timex#oi http://ex.org/variable#37	1
http://ex.org/variable#22 http://www.ibm.com/timex#oi http://ex.org/variable#38	1
http://ex.org/variable#22 http://www.ibm.com/timex#di http://ex.org/variable#39	1
http://ex.org/variable#22 http://www.ibm.com/timex#oi http://ex.org/variable#40	1
http://ex.org/variable#22 http://www.ibm.com/timex#oi http://ex.org/variable#41	1
http://ex.org/variable#22 http://www.ibm.com/timex#di http://ex.org/variable#42	1
http://ex.org/variable#22 http://www.ibm.com/timex#oi http://ex.org/variable#43	1
http://ex.org/variable#22 http://www.ibm.com/timex#oi http://ex.org/variable#44	1
http://ex.org/variable#22 http://www.ibm.com/timex#o http://ex.org/variable#45	1
http://ex.org/variable#22 http://www.ibm.com/timex#oi http://ex.org/variable#46	1
http://ex.org/variable#22 http://www.ibm.com/timex#oi http://ex.org/variable#47	1
http://ex.org/variable#22 http://www.ibm.com/timex#di http://ex.org/variable#48	1
http://ex.org/variable#22 http://www.ibm.com/timex#oi http://ex.org/variable#49	1
http://ex.org/variable#22 http://www.ibm.com/timex#di http://ex.org/variable#50	1
http://ex.org/variable#22 http://www.ibm.com/timex#di http://ex.org/variable#51	1
http://ex.org/variable#22 http://www.ibm.com/timex#oi http://ex.org/variable#52	1
http://ex.org/variable#22 http://www.ibm.com/timex#oi http://ex.org/variable#53	1
http://ex.org/variable#22 http://www.ibm.com/timex#oi http://ex.org/variable#54	1
http://ex.org/variable#22 http://www.ibm.com/timex#di http://ex.org/variable#55	1
http://ex.org/variable#22 http://www.ibm.com/timex#di http://ex.org/variable#56	1
http://ex.org/variable#22 http://www.ibm.com/timex#oi http://ex.org/variable#57	1
http://ex.org/variable#22 http://www.ibm.com/timex#oi http://ex.org/variable#58	1
http://ex.org/variable#22 http://www.ibm.com/timex#d http://ex.org/variable#59	1
http://ex.org/variable#22 http://www.ibm.com/timex#oi http://ex.org/variable#60	1
http://ex.org/variable#22 http://www.ibm.com/timex#oi http://ex.org/variable#61	1
http://ex.org/variable#22 http://www.ibm.com/timex#di http://ex.org/variable#62	1
http://ex.org/variable#22 http://www.ibm.com/timex#oi http://ex.org/variable#63	1
http://ex.org/variable#22 http://www.ibm.com/timex#oi http://ex.org/variable#64	1
http://ex.org/variable#22 http://www.ibm.com/timex#oi http://ex.org/variable#65	1
http://ex.org/variable#22 http://www.ibm.com/timex#oi http://ex.org/variable#66	1
http://ex.org/variable#22 http://www.ibm.com/timex#d http://ex.org/variable#67	1
http://ex.org/variable#22 http://www.ibm.com/timex#di http://ex.org/variable#68	1
http://ex.org/variable#22 http://www.ibm.com/timex#di http://ex.org/variable#69	1
http://ex.org/variable#22 http://www.ibm.com/timex#d http://ex.org/variable#70	1
http://ex.org/variable#22 http://www.ibm.com/timex#oi http://ex.org/variable#71	1
http://ex.org/variable#22 http://www.ibm.com/timex#di http://ex.org/variable#72	1
http://ex.org/variable#22 http://www.ibm.com/timex#oi http://ex.org/variable#73	1
http://ex.org/variable#22 http://www.ibm.com/timex#oi http://ex.org/variable#74	1
http://ex.org/variable#22 http://www.ibm.com/timex#oi http://ex.org/variable#75	1
http://ex.org/variable#22 http://www.ibm.com/timex#di http://ex.org/variable#76	1
http://ex.org/variable#22 http://www.ibm.com/timex#s http://ex.org/variable#77	1
http://ex.org/variable#22 http://www.ibm.com/timex#di http://ex.org/variable#78	1
http://ex.org/variable#22 http://www.ibm.com/timex#oi http://ex.org/variable#79	1
http://ex.org/variable#22 http://www.ibm.com/timex#oi http://ex.org/variable#80	1
http://ex.org/variable#22 http://www.ibm.com/timex#oi http://ex.org/variable#81	1
http://ex.org/variable#22 http://www.ibm.com/timex#di_si http://ex.org/variable#82	1
http://ex.org/variable#22 http://www.ibm.com/timex#oi http://ex.org/variable#83	1
http://ex.org/variable#22 http://www.ibm.com/timex#di http://ex.org/variable#84	1
http://ex.org/variable#22 http://www.ibm.com/timex#di http://ex.org/variable#85	1
http://ex.org/variable#22 http://www.ibm.com/timex#d http://ex.org/variable#86	1
http://ex.org/variable#22 http://www.ibm.com/timex#di http://ex.org/variable#87	1
http://ex.org/variable#22 http://www.ibm.com/timex#di http://ex.org/variable#88	1
http://ex.org/variable#22 http://www.ibm.com/timex#di http://ex.org/variable#89	1
http://ex.org/variable#22 http://www.ibm.com/timex#di http://ex.org/variable#90	1
http://ex.org/variable#22 http://www.ibm.com/timex#oi http://ex.org/variable#91	1
http://ex.org/variable#22 http://www.ibm.com/timex#o http://ex.org/variable#92	1
http://ex.org/variable#22 http://www.ibm.com/timex#di http://ex.org/variable#93	1
http://ex.org/variable#22 http://www.ibm.com/timex#oi http://ex.org/variable#94	1
http://ex.org/variable#22 http://www.ibm.com/timex#di http://ex.org/variable#95	1
http://ex.org/variable#22 http://www.ibm.com/timex#si http://ex.org/variable#96	1
http://ex.org/variable#22 http://www.ibm.com/timex#di http://ex.org/variable#97	1
http://ex.org/variable#22 http://www.ibm.com/timex#di http://ex.org/variable#98	1
http://ex.org/variable#22 http://www.ibm.com/timex#di http://ex.org/variable#99	1
http://ex.org/variable#22 http://www.ibm.com/timex#oi http://ex.org/variable#100	1
http://ex.org/variable#22 http://www.ibm.com/timex#di http://ex.org/variable#101	1
http://ex.org/variable#22 http://www.ibm.com/timex#di http://ex.org/variable#102	1
http://ex.org/variable#22 http://www.ibm.com/timex#oi http://ex.org/variable#103	1
http://ex.org/variable#22 http://www.ibm.com/timex#di http://ex.org/variable#104	1
http://ex.org/variable#22 http://www.ibm.com/timex#oi http://ex.org/variable#105	1
http://ex.org/variable#22 http://www.ibm.com/timex#oi http://ex.org/variable#106	1
http://ex.org/variable#22 http://www.ibm.com/timex#di http://ex.org/variable#107	1
http://ex.org/variable#22 http://www.ibm.com/timex#di http://ex.org/variable#108	1
http://ex.org/variable#22 http://www.ibm.com/timex#di http://ex.org/variable#109	1
http://ex.org/variable#22 http://www.ibm.com/timex#oi http://ex.org/variable#110	1
http://ex.org/variable#22 http://www.ibm.com/timex#di http://ex.org/variable#111	1
http://ex.org/variable#22 http://www.ibm.com/timex#oi http://ex.org/variable#112	1
http://ex.org/variable#22 http://www.ibm.com/timex#di http://ex.org/variable#113	1
http://ex.org/variable#22 http://www.ibm.com/timex#oi http://ex.org/variable#114	1
http://ex.org/variable#22 http://www.ibm.com/timex#di http://ex.org/variable#115	1
http://ex.org/variable#22 http://www.ibm.com/timex#di http://ex.org/variable#116	1
http://ex.org/variable#22 http://www.ibm.com/timex#oi http://ex.org/variable#117	1
http://ex.org/variable#22 http://www.ibm.com/timex#oi http://ex.org/variable#118	1
http://ex.org/variable#22 http://www.ibm.com/timex#oi http://ex.org/variable#119	1
http://ex.org/variable#22 http://www.ibm.com/timex#oi http://ex.org/variable#120	1
http://ex.org/variable#22 http://www.ibm.com/timex#di http://ex.org/variable#121	1
http://ex.org/variable#22 http://www.ibm.com/timex#oi http://ex.org/variable#122	1
http://ex.org/variable#22 http://www.ibm.com/timex#di http://ex.org/variable#123	1
http://ex.org/variable#22 http://www.ibm.com/timex#oi http://ex.org/variable#124	1
http://ex.org/variable#22 http://www.ibm.com/timex#oi http://ex.org/variable#125	1
http://ex.org/variable#22 http://www.ibm.com/timex#di http://ex.org/variable#126	1
http://ex.org/variable#22 http://www.ibm.com/timex#di http://ex.org/variable#127	1
http://ex.org/variable#22 http://www.ibm.com/timex#di http://ex.org/variable#128	1
http://ex.org/variable#22 http://www.ibm.com/timex#oi http://ex.org/variable#129	1
http://ex.org/variable#22 http://www.ibm.com/timex#di http://ex.org/variable#130	1
http://ex.org/variable#22 http://www.ibm.com/timex#di http://ex.org/variable#131	1
http://ex.org/variable#22 http://www.ibm.com/timex#oi http://ex.org/variable#132	1
http://ex.org/variable#22 http://www.ibm.com/timex#o http://ex.org/variable#133	1
http://ex.org/variable#22 http://www.ibm.com/timex#oi http://ex.org/variable#134	1
http://ex.org/variable#22 http://www.ibm.com/timex#oi http://ex.org/variable#135	1
http://ex.org/variable#22 http://www.ibm.com/timex#oi_f http://ex.org/variable#136	1
http://ex.org/variable#22 http://www.ibm.com/timex#di http://ex.org/variable#137	1
http://ex.org/variable#22 http://www.ibm.com/timex#di http://ex.org/variable#138	1
http://ex.org/variable#22 http://www.ibm.com/timex#di http://ex.org/variable#139	1
http://ex.org/variable#22 http://www.ibm.com/timex#di http://ex.org/variable#140	1
http://ex.org/variable#22 http://www.ibm.com/timex#oi_d http://ex.org/variable#141	1
http://ex.org/variable#22 http://www.ibm.com/timex#oi http://ex.org/variable#142	1
http://ex.org/variable#22 http://www.ibm.com/timex#oi http://ex.org/variable#143	1
http://ex.org/variable#22 http://www.ibm.com/timex#di http://ex.org/variable#144	1
http://ex.org/variable#22 http://www.ibm.com/timex#di http://ex.org/variable#145	1
http://ex.org/variable#22 http://www.ibm.com/timex#o http://ex.org/variable#146	1
http://ex.org/variable#22 http://www.ibm.com/timex#oi http://ex.org/variable#147	1
http://ex.org/variable#22 http://www.ibm.com/timex#di http://ex.org/variable#148	1
http://ex.org/variable#22 http://www.ibm.com/timex#oi http://ex.org/variable#149	1
http://ex.org/variable#22 http://www.ibm.com/timex#o http://ex.org/variable#150	1
http://ex.org/variable#22 http://www.ibm.com/timex#di http://ex.org/variable#151	1
http://ex.org/variable#22 http://www.ibm.com/timex#oi http://ex.org/variable#152	1
http://ex.org/variable#22 http://www.ibm.com/timex#oi http://ex.org/variable#153	1
http://ex.org/variable#22 http://www.ibm.com/timex#di http://ex.org/variable#154	1
http://ex.org/variable#22 http://www.ibm.com/timex#oi http://ex.org/variable#155	1
http://ex.org/variable#22 http://www.ibm.com/timex#oi http://ex.org/variable#156	1
http://ex.org/variable#22 http://www.ibm.com/timex#bi_mi http://ex.org/variable#157	1
http://ex.org/variable#22 http://www.ibm.com/timex#oi http://ex.org/variable#158	1
http://ex.org/variable#22 http://www.ibm.com/timex#di http://ex.org/variable#159	1
http://ex.org/variable#22 http://www.ibm.com/timex#di http://ex.org/variable#160	1
http://ex.org/variable#22 http://www.ibm.com/timex#di http://ex.org/variable#161	1
http://ex.org/variable#22 http://www.ibm.com/timex#oi http://ex.org/variable#162	1
http://ex.org/variable#22 http://www.ibm.com/timex#di http://ex.org/variable#163	1
http://ex.org/variable#22 http://www.ibm.com/timex#di http://ex.org/variable#164	1
http://ex.org/variable#22 http://www.ibm.com/timex#di http://ex.org/variable#165	1
http://ex.org/variable#22 http://www.ibm.com/timex#oi http://ex.org/variable#166	1
http://ex.org/variable#22 http://www.ibm.com/timex#oi http://ex.org/variable#167	1
http://ex.org/variable#22 http://www.ibm.com/timex#di http://ex.org/variable#168	1
http://ex.org/variable#22 http://www.ibm.com/timex#oi http://ex.org/variable#169	1
http://ex.org/variable#22 http://www.ibm.com/timex#di http://ex.org/variable#170	1
http://ex.org/variable#22 http://www.ibm.com/timex#oi http://ex.org/variable#171	1
http://ex.org/variable#22 http://www.ibm.com/timex#bi http://ex.org/variable#172	1
http://ex.org/variable#22 http://www.ibm.com/timex#di http://ex.org/variable#173	1
http://ex.org/variable#22 http://www.ibm.com/timex#di http://ex.org/variable#174	1
http://ex.org/variable#22 http://www.ibm.com/timex#oi http://ex.org/variable#175	1
http://ex.org/variable#22 http://www.ibm.com/timex#di http://ex.org/variable#176	1
http://ex.org/variable#22 http://www.ibm.com/timex#di http://ex.org/variable#177	1
http://ex.org/variable#22 http://www.ibm.com/timex#o http://ex.org/variable#178	1
http://ex.org/variable#22 http://www.ibm.com/timex#di http://ex.org/variable#179	1
http://ex.org/variable#22 http://www.ibm.com/timex#di http://ex.org/variable#180	1
http://ex.org/variable#22 http://www.ibm.com/timex#oi http://ex.org/variable#181	1
http://ex.org/variable#22 http://www.ibm.com/timex#di http://ex.org/variable#182	1
http://ex.org/variable#22 http://www.ibm.com/timex#di http://ex.org/variable#183	1
http://ex.org/variable#22 http://www.ibm.com/timex#oi http://ex.org/variable#184	1
http://ex.org/variable#22 http://www.ibm.com/timex#di http://ex.org/variable#185	1
http://ex.org/variable#22 http://www.ibm.com/timex#di http://ex.org/variable#186	1
http://ex.org/variable#22 http://www.ibm.com/timex#oi http://ex.org/variable#187	1
http://ex.org/variable#22 http://www.ibm.com/timex#di http://ex.org/variable#188	1
http://ex.org/variable#22 http://www.ibm.com/timex#di http://ex.org/variable#189	1
http://ex.org/variable#23 http://www.ibm.com/timex#o http://ex.org/variable#0	1
http://ex.org/variable#23 http://www.ibm.com/timex#b http://ex.org/variable#1	1
http://ex.org/variable#23 http://www.ibm.com/timex#o http://ex.org/variable#2	1
http://ex.org/variable#23 http://www.ibm.com/timex#b http://ex.org/variable#3	1
http://ex.org/variable#23 http://www.ibm.com/timex#o http://ex.org/variable#4	1
http://ex.org/variable#23 http://www.ibm.com/timex#o http://ex.org/variable#5	1
http://ex.org/variable#23 http://www.ibm.com/timex#b http://ex.org/variable#6	1
http://ex.org/variable#23 http://www.ibm.com/timex#o http://ex.org/variable#7	1
http://ex.org/variable#23 http://www.ibm.com/timex#oi http://ex.org/variable#8	1
http://ex.org/variable#23 http://www.ibm.com/timex#b http://ex.org/variable#9	1
http://ex.org/variable#23 http://www.ibm.com/timex#o http://ex.org/variable#10	1
http://ex.org/variable#23 http://www.ibm.com/timex#d http://ex.org/variable#11	1
http://ex.org/variable#23 http://www.ibm.com/timex#d http://ex.org/variable#12	1
http://ex.org/variable#23 http://www.ibm.com/timex#d http://ex.org/variable#13	1
http://ex.org/variable#23 http://www.ibm.com/timex#b http://ex.org/variable#14	1
http://ex.org/variable#23 http://www.ibm.com/timex#d http://ex.org/variable#15	1
http://ex.org/variable#23 http://www.ibm.com/timex#d http://ex.org/variable#16	1
http://ex.org/variable#23 http://www.ibm.com/timex#b http://ex.org/variable#17	1
http://ex.org/variable#23 http://www.ibm.com/timex#o http://ex.org/variable#18	1
http://ex.org/variable#23 http://www.ibm.com/timex#d http://ex.org/variable#19	1
http://ex.org/variable#23 http://www.ibm.com/timex#d http://ex.org/variable#20	1
http://ex.org/variable#23 http://www.ibm.com/timex#b http://ex.org/variable#21	1
http://ex.org/variable#23 http://www.ibm.com/timex#o http://ex.org/variable#22	1
http://ex.org/variable#23 http://www.ibm.com/timex#d http://ex.org/variable#24	1
http://ex.org/variable#23 http://www.ibm.com/timex#oi http://ex.org/variable#25	1
http://ex.org/variable#23 http://www.ibm.com/timex#b http://ex.org/variable#26	1
http://ex.org/variable#23 http://www.ibm.com/timex#d http://ex.org/variable#27	1
http://ex.org/variable#23 http://www.ibm.com/timex#b http://ex.org/variable#28	1
http://ex.org/variable#23 http://www.ibm.com/timex#o http://ex.org/variable#29	1
http://ex.org/variable#23 http://www.ibm.com/timex#b http://ex.org/variable#30	1
http://ex.org/variable#23 http://www.ibm.com/timex#d http://ex.org/variable#31	1
http://ex.org/variable#23 http://www.ibm.com/timex#oi http://ex.org/variable#32	1
http://ex.org/variable#23 http://www.ibm.com/timex#b http://ex.org/variable#33	1
http://ex.org/variable#23 http://www.ibm.com/timex#d http://ex.org/variable#34	1
http://ex.org/variable#23 http://www.ibm.com/timex#o http://ex.org/variable#35	1
http://ex.org/variable#23 http://www.ibm.com/timex#d http://ex.org/variable#36	1
http://ex.org/variable#23 http://www.ibm.com/timex#oi_d_f http://ex.org/variable#37	1
http://ex.org/variable#23 http://www.ibm.com/timex#d http://ex.org/variable#38	1
http://ex.org/variable#23 http://www.ibm.com/timex#b http://ex.org/variable#39	1
http://ex.org/variable#23 http://www.ibm.com/timex#d http://ex.org/variable#40	1
http://ex.org/variable#23 http://www.ibm.com/timex#d http://ex.org/variable#41	1
http://ex.org/variable#23 http://www.ibm.com/timex#o http://ex.org/variable#42	1
http://ex.org/variable#23 http://www.ibm.com/timex#d http://ex.org/variable#43	1
http://ex.org/variable#23 http://www.ibm.com/timex#d http://ex.org/variable#44	1
http://ex.org/variable#23 http://www.ibm.com/timex#o http://ex.org/variable#45	1
http://ex.org/variable#23 http://www.ibm.com/timex#d http://ex.org/variable#46	1
http://ex.org/variable#23 http://www.ibm.com/timex#d http://ex.org/variable#47	1
http://ex.org/variable#23 http://www.ibm.com/timex#b http://ex.org/variable#48	1
http://ex.org/variable#23 http://www.ibm.com/timex#d http://ex.org/variable#49	1
http://ex.org/variable#23 http://www.ibm.com/timex#o http://ex.org/variable#50	1
http://ex.org/variable#23 http://www.ibm.com/timex#b http://ex.org/variable#51	1
http://ex.org/variable#23 http://www.ibm.com/timex#d http://ex.org/variable#52	1
http://ex.org/variable#23 http://www.ibm.com/timex#d http://ex.org/variable#53	1
http://ex.org/variable#23 http://www.ibm.com/timex#o http://ex.org/variable#54	1
http://ex.org/variable#23 http://www.ibm.com/timex#o http://ex.org/variable#55	1
http://ex.org/variable#23 http://www.ibm.com/timex#o http://ex.org/variable#56	1
http://ex.org/variable#23 http://www.ibm.com/timex#d http://ex.org/variable#57	1
http://ex.org/variable#23 http://www.ibm.com/timex#d http://ex.org/variable#58	1
http://ex.org/variable#23 http://www.ibm.com/timex#d http://ex.org/variable#59	1
http://ex.org/variable#23 http://www.ibm.com/timex#d http://ex.org/variable#60	1
http://ex.org/variable#23 http://www.ibm.com/timex#d http://ex.org/variable#61	1
http://ex.org/variable#23 http://www.ibm.com/timex#o http://ex.org/variable#62	1
http://ex.org/variable#23 http://www.ibm.com/timex#d http://ex.org/variable#63	1
http://ex.org/variable#23 http://www.ibm.com/timex#d http://ex.org/variable#64	1
http://ex.org/variable#23 http://www.ibm.com/timex#oi_di_si http://ex.org/variable#65	1
http://ex.org/variable#23 http://www.ibm.com/timex#oi http://ex.org/variable#66	1
http://ex.org/variable#23 http://www.ibm.com/timex#o http://ex.org/variable#67	1
http://ex.org/variable#23 http://www.ibm.com/timex#o http://ex.org/variable#68	1
http://ex.org/variable#23 http://www.ibm.com/timex#o http://ex.org/variable#69	1
http://ex.org/variable#23 http://www.ibm.com/timex#o http://ex.org/variable#70	1
http://ex.org/variable#23 http://www.ibm.com/timex#d http://ex.org/variable#71	1
http://ex.org/variable#23 http://www.ibm.com/timex#o http://ex.org/variable#72	1
http://ex.org/variable#23 http://www.ibm.com/timex#o http://ex.org/variable#73	1
http://ex.org/variable#23 http://www.ibm.com/timex#o http://ex.org/variable#74	1
http://ex.org/variable#23 http://www.ibm.com/timex#d http://ex.org/variable#75	1
http://ex.org/variable#23 http://www.ibm.com/timex#o http://ex.org/variable#76	1
http://ex.org/variable#23 http://www.ibm.com/timex#o http://ex.org/variable#77	1
http://ex.org/variable#23 http://www.ibm.com/timex#o http://ex.org/variable#78	1
http://ex.org/variable#23 http://www.ibm.com/timex#d http://ex.org/variable#79	1
http://ex.org/variable#23 http://www.ibm.com/timex#d http://ex.org/variable#80	1
http://ex.org/variable#23 http://www.ibm.com/timex#d http://ex.org/variable#81	1
http://ex.org/variable#23 http://www.ibm.com/timex#o http://ex.org/variable#82	1
http://ex.org/variable#23 http://www.ibm.com/timex#d http://ex.org/variable#83	1
http://ex.org/variable#23 http://www.ibm.com/timex#b http://ex.org/variable#84	1
http://ex.org/variable#23 http://www.ibm.com/timex#b http://ex.org/variable#85	1
http://ex.org/variable#23 http://www.ibm.com/timex#d http://ex.org/variable#86	1
http://ex.org/variable#23 http://www.ibm.com/timex#b http://ex.org/variable#87	1
http://ex.org/variable#23 http://www.ibm.com/timex#b http://ex.org/variable#88	1
http://ex.org/variable#23 http://www.ibm.com/timex#o http://ex.org/variable#89	1
http://ex.org/variable#23 http://www.ibm.com/timex#o http://ex.org/variable#90	1
http://ex.org/variable#23 http://www.ibm.com/timex#d http://ex.org/variable#91	1
http://ex.org/variable#23 http://www.ibm.com/timex#b http://ex.org/variable#92	1
http://ex.org/variable#23 http://www.ibm.com/timex#o http://ex.org/variable#93	1
http://ex.org/variable#23 http://www.ibm.com/timex#d http://ex.org/variable#94	1
http://ex.org/variable#23 http://www.ibm.com/timex#b http://ex.org/variable#95	1
http://ex.org/variable#23 http://www.ibm.com/timex#di http://ex.org/variable#96	1
http://ex.org/variable#23 http://www.ibm.com/timex#o http://ex.org/variable#97	1
http://ex.org/variable#23 http://www.ibm.com/timex#b http://ex.org/variable#98	1
http://ex.org/variable#23 http://www.ibm.com/timex#b http://ex.org/variable#99	1
http://ex.org/variable#23 http://www.ibm.com/timex#oi http://ex.org/variable#100	1
http://ex.org/variable#23 http://www.ibm.com/timex#o http://ex.org/variable#101	1
http://ex.org/variable#23 http://www.ibm.com/timex#b http://ex.org/variable#102	1
http://ex.org/variable#23 http://www.ibm.com/timex#d http://ex.org/variable#103	1
http://ex.org/variable#23 http://www.ibm.com/timex#b http://ex.org/variable#104	1
http://ex.org/variable#23 http://www.ibm.com/timex#o http://ex.org/variable#105	1
http://ex.org/variable#23 http://www.ibm.com/timex#d http://ex.org/variable#106	1
http://ex.org/variable#23 http://www.ibm.com/timex#o http://ex.org/variable#107	1
http://ex.org/variable#23 http://www.ibm.com/timex#o http://ex.org/variable#108	1
http://ex.org/variable#23 http://www.ibm.com/timex#b http://ex.org/variable#109	1
http://ex.org/variable#23 http://www.ibm.com/timex#d http://ex.org/variable#110	1
http://ex.org/variable#23 http://www.ibm.com/timex#o http://ex.org/variable#111	1
http://ex.org/variable#23 http://www.ibm.com/timex#d http://ex.org/variable#112	1
http://ex.org/variable#23 http://www.ibm.com/timex#b http://ex.org/variable#113	1
http://ex.org/variable#23 http://www.ibm.com/timex#d http://ex.org/variable#114	1
http://ex.org/variable#23 http://www.ibm.com/timex#b http://ex.org/variable#115	1
http://ex.org/variable#23 http://www.ibm.com/timex#b http://ex.org/variable#116	1
http://ex.org/variable#23 http://www.ibm.com/timex#d http://ex.org/variable#117	1
http://ex.org/variable#23 http://www.ibm.com/timex#d http://ex.org/variable#118	1
http://ex.org/variable#23 http://www.ibm.com/timex#d http://ex.org/variable#119	1
http://ex.org/variable#23 http://www.ibm.com/timex#o_d http://ex.org/variable#120	1
http://ex.org/variable#23 http://www.ibm.com/timex#b http://ex.org/variable#121	1
http://ex.org/variable#23 http://www.ibm.com/timex#d http://ex.org/variable#122	1
http://ex.org/variable#23 http://www.ibm.com/timex#o http://ex.org/variable#123	1
http://ex.org/variable#23 http://www.ibm.com/timex#d http://ex.org/variable#124	1
http://ex.org/variable#23 http://www.ibm.com/timex#d http://ex.org/variable#125	1
http://ex.org/variable#23 http://www.ibm.com/timex#b http://ex.org/variable#126	1
http://ex.org/variable#23 http://www.ibm.com/timex#b http://ex.org/variable#127	1
http://ex.org/variable#23 http://www.ibm.com/timex#o http://ex.org/variable#128	1
http://ex.org/variable#23 http://www.ibm.com/timex#d http://ex.org/variable#129	1
http://ex.org/variable#23 http://www.ibm.com/timex#o http://ex.org/variable#130	1
http://ex.org/variable#23 http://www.ibm.com/timex#b http://ex.org/variable#131	1
http://ex.org/variable#23 http://www.ibm.com/timex#d http://ex.org/variable#132	1
http://ex.org/variable#23 http://www.ibm.com/timex#o http://ex.org/variable#133	1
http://ex.org/variable#23 http://www.ibm.com/timex#d http://ex.org/variable#134	1
http://ex.org/variable#23 http://www.ibm.com/timex#o_d http://ex.org/variable#135	1
http://ex.org/variable#23 http://www.ibm.com/timex#o http://ex.org/variable#136	1
http://ex.org/variable#23 http://www.ibm.com/timex#o http://ex.org/variable#137	1
http://ex.org/variable#23 http://www.ibm.com/timex#b http://ex.org/variable#138	1
http://ex.org/variable#23 http://www.ibm.com/timex#o http://ex.org/variable#139	1
http://ex.org/variable#23 http://www.ibm.com/timex#o http://ex.org/variable#140	1
http://ex.org/variable#23 http://www.ibm.com/timex#d http://ex.org/variable#141	1
http://ex.org/variable#23 http://www.ibm.com/timex#d http://ex.org/variable#142	1
http://ex.org/variable#23 http://www.ibm.com/timex#d http://ex.org/variable#143	1
http://ex.org/variable#23 http://www.ibm.com/timex#o http://ex.org/variable#144	1
http://ex.org/variable#23 http://www.ibm.com/timex#b http://ex.org/variable#145	1
http://ex.org/variable#23 http://www.ibm.com/timex#o http://ex.org/variable#146	1
http://ex.org/variable#23 http://www.ibm.com/timex#o_d_s http://ex.org/variable#147	1
http://ex.org/variable#23 http://www.ibm.com/timex#o http://ex.org/variable#148	1
http://ex.org/variable#23 http://www.ibm.com/timex#oi_d http://ex.org/variable#149	1
http://ex.org/variable#23 http://www.ibm.com/timex#b http://ex.org/variable#150	1
http://ex.org/variable#23 http://www.ibm.com/timex#o http://ex.org/variable#151	1
http://ex.org/variable#23 http://www.ibm.com/timex#oi http://ex.org/variable#152	1
http://ex.org/variable#23 http://www.ibm.com/timex#o_s http://ex.org/variable#153	1
http://ex.org/variable#23 http://www.ibm.com/timex#o http://ex.org/variable#154	1
http://ex.org/variable#23 http://www.ibm.com/timex#d http://ex.org/variable#155	1
http://ex.org/variable#23 http://www.ibm.com/timex#o http://ex.org/variable#156	1
http://ex.org/variable#23 http://www.ibm.com/timex#oi_di http://ex.org/variable#157	1
http://ex.org/variable#23 http://www.ibm.com/timex#d http://ex.org/variable#158	1
http://ex.org/variable#23 http://www.ibm.com/timex#o http://ex.org/variable#159	1
http://ex.org/variable#23 http://www.ibm.com/timex#o http://ex.org/variable#160	1
http://ex.org/variable#23 http://www.ibm.com/timex#o http://ex.org/variable#161	1
http://ex.org/variable#23 http://www.ibm.com/timex#d http://ex.org/variable#162	1
http://ex.org/variable#23 http://www.ibm.com/timex#b http://ex.org/variable#163	1
http://ex.org/variable#23 http://www.ibm.com/timex#o http://ex.org/variable#164	1
http://ex.org/variable#23 http://www.ibm.com/timex#o http://ex.org/variable#165	1
http://ex.org/variable#23 http://www.ibm.com/timex#d http://ex.org/variable#166	1
http://ex.org/variable#23 http://www.ibm.com/timex#d http://ex.org/variable#167	1
http://ex.org/variable#23 http://www.ibm.com/timex#b http://ex.org/variable#168	1
http://ex.org/variable#23 http://www.ibm.com/timex#d http://ex.org/variable#169	1
http://ex.org/variable#23 http://www.ibm.com/timex#b http://ex.org/variable#170	1
http://ex.org/variable#23 http://www.ibm.com/timex#d http://ex.org/variable#171	1
http://ex.org/variable#23 http://www.ibm.com/timex#oi http://ex.org/variable#172	1
http://ex.org/variable#23 http://www.ibm.com/timex#b http://ex.org/variable#173	1
http://ex.org/variable#23 http://www.ibm.com/timex#b http://ex.org/variable#174	1
http://ex.org/variable#23 http://www.ibm.com/timex#d http://ex.org/variable#175	1
http://ex.org/variable#23 http://www.ibm.com/timex#o http://ex.org/variable#176	1
http://ex.org/variable#23 http://www.ibm.com/timex#o http://ex.org/variable#177	1
http://ex.org/variable#23 http://www.ibm.com/timex#o http://ex.org/variable#178	1
http://ex.org/variable#23 http://www.ibm.com/timex#o http://ex.org/variable#179	1
http://ex.org/variable#23 http://www.ibm.com/timex#di http://ex.org/variable#180	1
http://ex.org/variable#23 http://www.ibm.com/timex#oi http://ex.org/variable#181	1
http://ex.org/variable#23 http://www.ibm.com/timex#b_m http://ex.org/variable#182	1
http://ex.org/variable#23 http://www.ibm.com/timex#b http://ex.org/variable#183	1
http://ex.org/variable#23 http://www.ibm.com/timex#d http://ex.org/variable#184	1
http://ex.org/variable#23 http://www.ibm.com/timex#o http://ex.org/variable#185	1
http://ex.org/variable#23 http://www.ibm.com/timex#b http://ex.org/variable#186	1
http://ex.org/variable#23 http://www.ibm.com/timex#d http://ex.org/variable#187	1
http://ex.org/variable#23 http://www.ibm.com/timex#b http://ex.org/variable#188	1
http://ex.org/variable#23 http://www.ibm.com/timex#o http://ex.org/variable#189	1
http://ex.org/variable#24 http://www.ibm.com/timex#o http://ex.org/variable#0	1
http://ex.org/variable#24 http://www.ibm.com/timex#o http://ex.org/variable#1	1
http://ex.org/variable#24 http://www.ibm.com/timex#di http://ex.org/variable#2	1
http://ex.org/variable#24 http://www.ibm.com/timex#di http://ex.org/variable#3	1
http://ex.org/variable#24 http://www.ibm.com/timex#o http://ex.org/variable#4	1
http://ex.org/variable#24 http://www.ibm.com/timex#di http://ex.org/variable#5	1
http://ex.org/variable#24 http://www.ibm.com/timex#di http://ex.org/variable#6	1
http://ex.org/variable#24 http://www.ibm.com/timex#o http://ex.org/variable#7	1
http://ex.org/variable#24 http://www.ibm.com/timex#oi_di http://ex.org/variable#8	1
http://ex.org/variable#24 http://www.ibm.com/timex#o http://ex.org/variable#9	1
http://ex.org/variable#24 http://www.ibm.com/timex#di http://ex.org/variable#10	1
http://ex.org/variable#24 http://www.ibm.com/timex#di http://ex.org/variable#11	1
http://ex.org/variable#24 http://www.ibm.com/timex#d http://ex.org/variable#12	1
http://ex.org/variable#24 http://www.ibm.com/timex#di http://ex.org/variable#13	1
http://ex.org/variable#24 http://www.ibm.com/timex#di http://ex.org/variable#14	1
http://ex.org/variable#24 http://www.ibm.com/timex#di http://ex.org/variable#15	1
http://ex.org/variable#24 http://www.ibm.com/timex#di http://ex.org/variable#16	1
http://ex.org/variable#24 http://www.ibm.com/timex#di http://ex.org/variable#17	1
http://ex.org/variable#24 http://www.ibm.com/timex#di http://ex.org/variable#18	1
http://ex.org/variable#24 http://www.ibm.com/timex#di http://ex.org/variable#19	1
http://ex.org/variable#24 http://www.ibm.com/timex#d http://ex.org/variable#20	1
http://ex.org/variable#24 http://www.ibm.com/timex#di http://ex.org/variable#21	1
http://ex.org/variable#24 http://www.ibm.com/timex#o http://ex.org/variable#22	1
http://ex.org/variable#24 http://www.ibm.com/timex#di http://ex.org/variable#23	1
http://ex.org/variable#24 http://www.ibm.com/timex#oi_si http://ex.org/variable#25	1
http://ex.org/variable#24 http://www.ibm.com/timex#di http://ex.org/variable#26	1
http://ex.org/variable#24 http://www.ibm.com/timex#oi http://ex.org/variable#27	1
http://ex.org/variable#24 http://www.ibm.com/timex#di http://ex.org/variable#28	1
http://ex.org/variable#24 http://www.ibm.com/timex#di http://ex.org/variable#29	1
http://ex.org/variable#24 http://www.ibm.com/timex#di http://ex.org/variable#30	1
http://ex.org/variable#24 http://www.ibm.com/timex#oi http://ex.org/variable#31	1
http://ex.org/variable#24 http://www.ibm.com/timex#oi_di_si http://ex.org/variable#32	1
http://ex.org/variable#24 http://www.ibm.com/timex#o http://ex.org/variable#33	1
http://ex.org/variable#24 http://www.ibm.com/timex#di http://ex.org/variable#34	1
http://ex.org/variable#24 http://www.ibm.com/timex#di http://ex.org/variable#35	1
http://ex.org/variable#24 http://www.ibm.com/timex#oi_di_si http://ex.org/variable#36	1
http://ex.org/variable#24 http://www.ibm.com/timex#di http://ex.org/variable#37	1
http://ex.org/variable#24 http://www.ibm.com/timex#di http://ex.org/variable#38	1
http://ex.org/variable#24 http://www.ibm.com/timex#di http://ex.org/variable#39	1
http://ex.org/variable#24 http://www.ibm.com/timex#oi_di_si http://ex.org/variable#40	1
http://ex.org/variable#24 http://www.ibm.com/timex#di http://ex.org/variable#41	1
http://ex.org/variable#24 http://www.ibm.com/timex#o http://ex.org/variable#42	1
http://ex.org/variable#24 http://www.ibm.com/timex#oi http://ex.org/variable#43	1
http://ex.org/variable#24 http://www.ibm.com/timex#di http://ex.org/variable#44	1
http://ex.org/variable#24 http://www.ibm.com/timex#o http://ex.org/variable#45	1
http://ex.org/variable#24 http://www.ibm.com/timex#oi http://ex.org/variable#46	1
http://ex.org/variable#24 http://www.ibm.com/timex#oi http://ex.org/variable#47	1
http://ex.org/variable#24 http://www.ibm.com/timex#di http://ex.org/variable#48	1
http://ex.org/variable#24 http://www.ibm.com/timex#oi http://ex.org/variable#49	1
http://ex.org/variable#24 http://www.ibm.com/timex#o http://ex.org/variable#50	1
http://ex.org/variable#24 http://www.ibm.com/timex#di http://ex.org/variable#51	1
http://ex.org/variable#24 http://www.ibm.com/timex#oi http://ex.org/variable#52	1
http://ex.org/variable#24 http://www.ibm.com/timex#di http://ex.org/variable#53	1
http://ex.org/variable#24 http://www.ibm.com/timex#di http://ex.org/variable#54	1
http://ex.org/variable#24 http://www.ibm.com/timex#di http://ex.org/variable#55	1
http://ex.org/variable#24 http://www.ibm.com/timex#di http://ex.org/variable#56	1
http://ex.org/variable#24 http://www.ibm.com/timex#oi http://ex.org/variable#57	1
http://ex.org/variable#24 http://www.ibm.com/timex#di http://ex.org/variable#58	1
http://ex.org/variable#24 http://www.ibm.com/timex#o http://ex.org/variable#59	1
http://ex.org/variable#24 http://www.ibm.com/timex#o http://ex.org/variable#60	1
http://ex.org/variable#24 http://www.ibm.com/timex#d_s http://ex.org/variable#61	1
http://ex.org/variable#24 http://www.ibm.com/timex#o http://ex.org/variable#62	1
http://ex.org/variable#24 http://www.ibm.com/timex#oi_di_si http://ex.org/variable#63	1
http://ex.org/variable#24 http://www.ibm.com/timex#oi_di_si http://ex.org/variable#64	1
http://ex.org/variable#24 http://www.ibm.com/timex#di http://ex.org/variable#65	1
http://ex.org/variable#24 http://www.ibm.com/timex#oi http://ex.org/variable#66	1
http://ex.org/variable#24 http://www.ibm.com/timex#o http://ex.org/variable#67	1
http://ex.org/variable#24 http://www.ibm.com/timex#di http://ex.org/variable#68	1
http://ex.org/variable#24 http://www.ibm.com/timex#di http://ex.org/variable#69	1
http://ex.org/variable#24 http://www.ibm.com/timex#o http://ex.org/variable#70	1
http://ex.org/variable#24 http://www.ibm.com/timex#di http://ex.org/variable#71	1
http://ex.org/variable#24 http://www.ibm.com/timex#di http://ex.org/variable#72	1
http://ex.org/variable#24 http://www.ibm.com/timex#di http://ex.org/variable#73	1
http://ex.org/variable#24 http://www.ibm.com/timex#di http://ex.org/variable#74	1
http://ex.org/variable#24 http://www.ibm.com/timex#di http://ex.org/variable#75	1
http://ex.org/variable#24 http://www.ibm.com/timex#di http://ex.org/variable#76	1
http://ex.org/variable#24 http://www.ibm.com/timex#o http://ex.org/variable#77	1
http://ex.org/variable#24 http://www.ibm.com/timex#di http://ex.org/variable#78	1
http://ex.org/variable#24 http://www.ibm.com/timex#oi http://ex.org/variable#79	1
http://ex.org/variable#24 http://www.ibm.com/timex#d http://ex.org/variable#80	1
http://ex.org/variable#24 http://www.ibm.com/timex#oi http://ex.org/variable#81	1
http://ex.org/variable#24 http://www.ibm.com/timex#di http://ex.org/variable#82	1
http://ex.org/variable#24 http://www.ibm.com/timex#oi http://ex.org/variable#83	1
http://ex.org/variable#24 http://www.ibm.com/timex#di http://ex.org/variable#84	1
http://ex.org/variable#24 http://www.ibm.com/timex#di http://ex.org/variable#85	1
http://ex.org/variable#24 http://www.ibm.com/timex#d http://ex.org/variable#86	1
http://ex.org/variable#24 http://www.ibm.com/timex#di http://ex.org/variable#87	1
http://ex.org/variable#24 http://www.ibm.com/timex#di http://ex.org/variable#88	1
http://ex.org/variable#24 http://www.ibm.com/timex#o_fi http://ex.org/variable#89	1
http://ex.org/variable#24 http://www.ibm.com/timex#di http://ex.org/variable#90	1
http://ex.org/variable#24 http://www.ibm.com/timex#o http://ex.org/variable#91	1
http://ex.org/variable#24 http://www.ibm.com/timex#o http://ex.org/variable#92	1
http://ex.org/variable#24 http://www.ibm.com/timex#di http://ex.org/variable#93	1
http://ex.org/variable#24 http://www.ibm.com/timex#di http://ex.org/variable#94	1
http://ex.org/variable#24 http://www.ibm.com/timex#di http://ex.org/variable#95	1
http://ex.org/variable#24 http://www.ibm.com/timex#di http://ex.org/variable#96	1
http://ex.org/variable#24 http://www.ibm.com/timex#di http://ex.org/variable#97	1
http://ex.org/variable#24 http://www.ibm.com/timex#di http://ex.org/variable#98	1
http://ex.org/variable#24 http://www.ibm.com/timex#di http://ex.org/variable#99	1
http://ex.org/variable#24 http://www.ibm.com/timex#oi_di_si http://ex.org/variable#100	1
http://ex.org/variable#24 http://www.ibm.com/timex#di http://ex.org/variable#101	1
http://ex.org/variable#24 http://www.ibm.com/timex#di http://ex.org/variable#102	1
http://ex.org/variable#24 http://www.ibm.com/timex#di http://ex.org/variable#103	1
http://ex.org/variable#24 http://www.ibm.com/timex#di http://ex.org/variable#104	1
http://ex.org/variable#24 http://www.ibm.com/timex#di http://ex.org/variable#105	1
http://ex.org/variable#24 http://www.ibm.com/timex#fi http://ex.org/variable#106	1
http://ex.org/variable#24 http://www.ibm.com/timex#di http://ex.org/variable#107	1
http://ex.org/variable#24 http://www.ibm.com/timex#di http://ex.org/variable#108	1
http://ex.org/variable#24 http://www.ibm.com/timex#di http://ex.org/variable#109	1
http://ex.org/variable#24 http://www.ibm.com/timex#oi_di_si http://ex.org/variable#110	1
http://ex.org/variable#24 http://www.ibm.com/timex#di http://ex.org/variable#111	1
http://ex.org/variable#24 http://www.ibm.com/timex#oi http://ex.org/variable#112	1
http://ex.org/variable#24 http://www.ibm.com/timex#di http://ex.org/variable#113	1
http://ex.org/variable#24 http://www.ibm.com/timex#di http://ex.org/variable#114	1
http://ex.org/variable#24 http://www.ibm.com/timex#di http://ex.org/variable#115	1
http://ex.org/variable#24 http://www.ibm.com/timex#di http://ex.org/variable#116	1
http://ex.org/variable#24 http://www.ibm.com/timex#di http://ex.org/variable#117	1
http://ex.org/variable#24 http://www.ibm.com/timex#di http://ex.org/variable#118	1
http://ex.org/variable#24 http://www.ibm.com/timex#oi http://ex.org/variable#119	1
http://ex.org/variable#24 http://www.ibm.com/timex#di http://ex.org/variable#120	1
http://ex.org/variable#24 http://www.ibm.com/timex#di http://ex.org/variable#121	1
http://ex.org/variable#24 http://www.ibm.com/timex#oi_si http://ex.org/variable#122	1
http://ex.org/variable#24 http://www.ibm.com/timex#o http://ex.org/variable#123	1
http://ex.org/variable#24 http://www.ibm.com/timex#oi http://ex.org/variable#124	1
http://ex.org/variable#24 http://www.ibm.com/timex#oi http://ex.org/variable#125	1
http://ex.org/variable#24 http://www.ibm.com/timex#di http://ex.org/variable#126	1
http://ex.org/variable#24 http://www.ibm.com/timex#di http://ex.org/variable#127	1
http://ex.org/variable#24 http://www.ibm.com/timex#o http://ex.org/variable#128	1
http://ex.org/variable#24 http://www.ibm.com/timex#oi http://ex.org/variable#129	1
http://ex.org/variable#24 http://www.ibm.com/timex#di http://ex.org/variable#130	1
http://ex.org/variable#24 http://www.ibm.com/timex#o http://ex.org/variable#131	1
http://ex.org/variable#24 http://www.ibm.com/timex#di http://ex.org/variable#132	1
http://ex.org/variable#24 http://www.ibm.com/timex#o http://ex.org/variable#133	1
http://ex.org/variable#24 http://www.ibm.com/timex#oi http://ex.org/variable#134	1
http://ex.org/variable#24 http://www.ibm.com/timex#o http://ex.org/variable#135	1
http://ex.org/variable#24 http://www.ibm.com/timex#o http://ex.org/variable#136	1
http://ex.org/variable#24 http://www.ibm.com/timex#di http://ex.org/variable#137	1
http://ex.org/variable#24 http://www.ibm.com/timex#di http://ex.org/variable#138	1
http://ex.org/variable#24 http://www.ibm.com/timex#di http://ex.org/variable#139	1
http://ex.org/variable#24 http://www.ibm.com/timex#di http://ex.org/variable#140	1
http://ex.org/variable#24 http://www.ibm.com/timex#d http://ex.org/variable#141	1
http://ex.org/variable#24 http://www.ibm.com/timex#di http://ex.org/variable#142	1
http://ex.org/variable#24 http://www.ibm.com/timex#di http://ex.org/variable#143	1
http://ex.org/variable#24 http://www.ibm.com/timex#o http://ex.org/variable#144	1
http://ex.org/variable#24 http://www.ibm.com/timex#di http://ex.org/variable#145	1
http://ex.org/variable#24 http://www.ibm.com/timex#o http://ex.org/variable#146	1
http://ex.org/variable#24 http://www.ibm.com/timex#di http://ex.org/variable#147	1
http://ex.org/variable#24 http://www.ibm.com/timex#di http://ex.org/variable#148	1
http://ex.org/variable#24 http://www.ibm.com/timex#oi http://ex.org/variable#149	1
http://ex.org/variable#24 http://www.ibm.com/timex#o http://ex.org/variable#150	1
http://ex.org/variable#24 http://www.ibm.com/timex#o http://ex.org/variable#151	1
http://ex.org/variable#24 http://www.ibm.com/timex#di http://ex.org/variable#152	1
http://ex.org/variable#24 http://www.ibm.com/timex#o http://ex.org/variable#153	1
http://ex.org/variable#24 http://www.ibm.com/timex#di http://ex.org/variable#154	1
http://ex.org/variable#24 http://www.ibm.com/timex#oi http://ex.org/variable#155	1
http://ex.org/variable#24 http://www.ibm.com/timex#di http://ex.org/variable#156	1
http://ex.org/variable#24 http://www.ibm.com/timex#di http://ex.org/variable#157	1
http://ex.org/variable#24 http://www.ibm.com/timex#di http://ex.org/variable#158	1
http://ex.org/variable#24 http://www.ibm.com/timex#o http://ex.org/variable#159	1
http://ex.org/variable#24 http://www.ibm.com/timex#di http://ex.org/variable#160	1
http://ex.org/variable#24 http://www.ibm.com/timex#di http://ex.org/variable#161	1
http://ex.org/variable#24 http://www.ibm.com/timex#di http://ex.org/variable#162	1
http://ex.org/variable#24 http://www.ibm.com/timex#di http://ex.org/variable#163	1
http://ex.org/variable#24 http://www.ibm.com/timex#di http://ex.org/variable#164	1
http://ex.org/variable#24 http://www.ibm.com/timex#di http://ex.org/variable#165	1
http://ex.org/variable#24 http://www.ibm.com/timex#oi http://ex.org/variable#166	1
http://ex.org/variable#24 http://www.ibm.com/timex#di http://ex.org/variable#167	1
http://ex.org/variable#24 http://www.ibm.com/timex#di http://ex.org/variable#168	1
http://ex.org/variable#24 http://www.ibm.com/timex#oi_si http://ex.org/variable#169	1
http://ex.org/variable#24 http://www.ibm.com/timex#di http://ex.org/variable#170	1
http://ex.org/variable#24 http://www.ibm.com/timex#oi http://ex.org/variable#171	1
http://ex.org/variable#24 http://www.ibm.com/timex#oi http://ex.org/variable#172	1
http://ex.org/variable#24 http://www.ibm.com/timex#di http://ex.org/variable#173	1
http://ex.org/variable#24 http://www.ibm.com/timex#di http://ex.org/variable#174	1
http://ex.org/variable#24 http://www.ibm.com/timex#di http://ex.org/variable#175	1
http://ex.org/variable#24 http://www.ibm.com/timex#o http://ex.org/variable#176	1
http://ex.org/variable#24 http://www.ibm.com/timex#di http://ex.org/variable#177	1
http://ex.org/variable#24 http://www.ibm.com/timex#o http://ex.org/variable#178	1
http://ex.org/variable#24 http://www.ibm.com/timex#di http://ex.org/variable#179	1
http://ex.org/variable#24 http://www.ibm.com/timex#di http://ex.org/variable#180	1
http://ex.org/variable#24 http://www.ibm.com/timex#oi_di http://ex.org/variable#181	1
http://ex.org/variable#24 http://www.ibm.com/timex#di http://ex.org/variable#182	1
http://ex.org/variable#24 http://www.ibm.com/timex#di http://ex.org/variable#183	1
http://ex.org/variable#24 http://www.ibm.com/timex#di http://ex.org/variable#184	1
http://ex.org/variable#24 http://www.ibm.com/timex#di http://ex.org/variable#185	1
http://ex.org/variable#24 http://www.ibm.com/timex#di http://ex.org/variable#186	1
http://ex.org/variable#24 http://www.ibm.com/timex#oi http://ex.org/variable#187	1
http://ex.org/variable#24 http://www.ibm.com/timex#di http://ex.org/variable#188	1
http://ex.org/variable#24 http://www.ibm.com/timex#di http://ex.org/variable#189	1
http://ex.org/variable#25 http://www.ibm.com/timex#b http://ex.org/variable#0	1
http://ex.org/variable#25 http://www.ibm.com/timex#b http://ex.org/variable#1	1
http://ex.org/variable#25 http://www.ibm.com/timex#b http://ex.org/variable#2	1
http://ex.org/variable#25 http://www.ibm.com/timex#b http://ex.org/variable#3	1
http://ex.org/variable#25 http://www.ibm.com/timex#b http://ex.org/variable#4	1
http://ex.org/variable#25 http://www.ibm.com/timex#b_m_o http://ex.org/variable#5	1
http://ex.org/variable#25 http://www.ibm.com/timex#b http://ex.org/variable#6	1
http://ex.org/variable#25 http://www.ibm.com/timex#b http://ex.org/variable#7	1
http://ex.org/variable#25 http://www.ibm.com/timex#o http://ex.org/variable#8	1
http://ex.org/variable#25 http://www.ibm.com/timex#b http://ex.org/variable#9	1
http://ex.org/variable#25 http://www.ibm.com/timex#b http://ex.org/variable#10	1
http://ex.org/variable#25 http://www.ibm.com/timex#o http://ex.org/variable#11	1
http://ex.org/variable#25 http://www.ibm.com/timex#d http://ex.org/variable#12	1
http://ex.org/variable#25 http://www.ibm.com/timex#o http://ex.org/variable#13	1
http://ex.org/variable#25 http://www.ibm.com/timex#b http://ex.org/variable#14	1
http://ex.org/variable#25 http://www.ibm.com/timex#o http://ex.org/variable#15	1
http://ex.org/variable#25 http://www.ibm.com/timex#o http://ex.org/variable#16	1
http://ex.org/variable#25 http://www.ibm.com/timex#b http://ex.org/variable#17	1
http://ex.org/variable#25 http://www.ibm.com/timex#o http://ex.org/variable#18	1
http://ex.org/variable#25 http://www.ibm.com/timex#o http://ex.org/variable#19	1
http://ex.org/variable#25 http://www.ibm.com/timex#d http://ex.org/variable#20	1
http://ex.org/variable#25 http://www.ibm.com/timex#b http://ex.org/variable#21	1
http://ex.org/variable#25 http://www.ibm.com/timex#o http://ex.org/variable#22	1
http://ex.org/variable#25 http://www.ibm.com/timex#o http://ex.org/variable#23	1
http://ex.org/variable#25 http://www.ibm.com/timex#o_s http://ex.org/variable#24	1
http://ex.org/variable#25 http://www.ibm.com/timex#b http://ex.org/variable#26	1
http://ex.org/variable#25 http://www.ibm.com/timex#d http://ex.org/variable#27	1
http://ex.org/variable#25 http://www.ibm.com/timex#b http://ex.org/variable#28	1
http://ex.org/variable#25 http://www.ibm.com/timex#b http://ex.org/variable#29	1
http://ex.org/variable#25 http://www.ibm.com/timex#b http://ex.org/variable#30	1
http://ex.org/variable#25 http://www.ibm.com/timex#d http://ex.org/variable#31	1
http://ex.org/variable#25 http://www.ibm.com/timex#o_d_s http://ex.org/variable#32	1
http://ex.org/variable#25 http://www.ibm.com/timex#b http://ex.org/variable#33	1
http://ex.org/variable#25 http://www.ibm.com/timex#o http://ex.org/variable#34	1
http://ex.org/variable#25 http://www.ibm.com/timex#b http://ex.org/variable#35	1
http://ex.org/variable#25 http://www.ibm.com/timex#o http://ex.org/variable#36	1
http://ex.org/variable#25 http://www.ibm.com/timex#o http://ex.org/variable#37	1
http://ex.org/variable#25 http://www.ibm.com/timex#o http://ex.org/variable#38	1
http://ex.org/variable#25 http://www.ibm.com/timex#b http://ex.org/variable#39	1
http://ex.org/variable#25 http://www.ibm.com/timex#o_d_s http://ex.org/variable#40	1
http://ex.org/variable#25 http://www.ibm.com/timex#o http://ex.org/variable#41	1
http://ex.org/variable#25 http://www.ibm.com/timex#b http://ex.org/variable#42	1
http://ex.org/variable#25 http://www.ibm.com/timex#d http://ex.org/variable#43	1
http://ex.org/variable#25 http://www.ibm.com/timex#o http://ex.org/variable#44	1
http://ex.org/variable#25 http://www.ibm.com/timex#b http://ex.org/variable#45	1
http://ex.org/variable#25 http://www.ibm.com/timex#d http://ex.org/variable#46	1
http://ex.org/variable#25 http://www.ibm.com/timex#d http://ex.org/variable#47	1
http://ex.org/variable#25 http://www.ibm.com/timex#b http://ex.org/variable#48	1
http://ex.org/variable#25 http://www.ibm.com/timex#d http://ex.org/variable#49	1
http://ex.org/variable#25 http://www.ibm.com/timex#b http://ex.org/variable#50	1
http://ex.org/variable#25 http://www.ibm.com/timex#b http://ex.org/variable#51	1
http://ex.org/variable#25 http://www.ibm.com/timex#d http://ex.org/variable#52	1
http://ex.org/variable#25 http://www.ibm.com/timex#o http://ex.org/variable#53	1
http://ex.org/variable#25 http://www.ibm.com/timex#o http://ex.org/variable#54	1
http://ex.org/variable#25 http://www.ibm.com/timex#b http://ex.org/variable#55	1
http://ex.org/variable#25 http://www.ibm.com/timex#b http://ex.org/variable#56	1
http://ex.org/variable#25 http://www.ibm.com/timex#d http://ex.org/variable#57	1
http://ex.org/variable#25 http://www.ibm.com/timex#o http://ex.org/variable#58	1
http://ex.org/variable#25 http://www.ibm.com/timex#o http://ex.org/variable#59	1
http://ex.org/variable#25 http://www.ibm.com/timex#o http://ex.org/variable#60	1
http://ex.org/variable#25 http://www.ibm.com/timex#d_s http://ex.org/variable#61	1
http://ex.org/variable#25 http://www.ibm.com/timex#b http://ex.org/variable#62	1
http://ex.org/variable#25 http://www.ibm.com/timex#o http://ex.org/variable#63	1
http://ex.org/variable#25 http://www.ibm.com/timex#o http://ex.org/variable#64	1
http://ex.org/variable#25 http://www.ibm.com/timex#o_di_fi http://ex.org/variable#65	1
http://ex.org/variable#25 http://www.ibm.com/timex#d http://ex.org/variable#66	1
http://ex.org/variable#25 http://www.ibm.com/timex#o http://ex.org/variable#67	1
http://ex.org/variable#25 http://www.ibm.com/timex#b http://ex.org/variable#68	1
http://ex.org/variable#25 http://www.ibm.com/timex#b http://ex.org/variable#69	1
http://ex.org/variable#25 http://www.ibm.com/timex#o http://ex.org/variable#70	1
http://ex.org/variable#25 http://www.ibm.com/timex#o http://ex.org/variable#71	1
http://ex.org/variable#25 http://www.ibm.com/timex#b http://ex.org/variable#72	1
http://ex.org/variable#25 http://www.ibm.com/timex#o http://ex.org/variable#73	1
http://ex.org/variable#25 http://www.ibm.com/timex#o http://ex.org/variable#74	1
http://ex.org/variable#25 http://www.ibm.com/timex#o http://ex.org/variable#75	1
http://ex.org/variable#25 http://www.ibm.com/timex#b_m_o http://ex.org/variable#76	1
http://ex.org/variable#25 http://www.ibm.com/timex#o http://ex.org/variable#77	1
http://ex.org/variable#25 http://www.ibm.com/timex#b http://ex.org/variable#78	1
http://ex.org/variable#25 http://www.ibm.com/timex#d http://ex.org/variable#79	1
http://ex.org/variable#25 http://www.ibm.com/timex#d http://ex.org/variable#80	1
http://ex.org/variable#25 http://www.ibm.com/timex#d http://ex.org/variable#81	1
http://ex.org/variable#25 http://www.ibm.com/timex#b_o http://ex.org/variable#82	1
http://ex.org/variable#25 http://www.ibm.com/timex#d http://ex.org/variable#83	1
http://ex.org/variable#25 http://www.ibm.com/timex#b http://ex.org/variable#84	1
http://ex.org/variable#25 http://www.ibm.com/timex#b http://ex.org/variable#85	1
http://ex.org/variable#25 http://www.ibm.com/timex#d http://ex.org/variable#86	1
http://ex.org/variable#25 http://www.ibm.com/timex#b http://ex.org/variable#87	1
http://ex.org/variable#25 http://www.ibm.com/timex#b http://ex.org/variable#88	1
http://ex.org/variable#25 http://www.ibm.com/timex#b http://ex.org/variable#89	1
http://ex.org/variable#25 http://www.ibm.com/timex#b http://ex.org/variable#90	1
http://ex.org/variable#25 http://www.ibm.com/timex#o http://ex.org/variable#91	1
http://ex.org/variable#25 http://www.ibm.com/timex#b http://ex.org/variable#92	1
http://ex.org/variable#25 http://www.ibm.com/timex#b_m_o http://ex.org/variable#93	1
http://ex.org/variable#25 http://www.ibm.com/timex#o http://ex.org/variable#94	1
http://ex.org/variable#25 http://www.ibm.com/timex#b http://ex.org/variable#95	1
http://ex.org/variable#25 http://www.ibm.com/timex#o http://ex.org/variable#96	1
http://ex.org/variable#25 http://www.ibm.com/timex#b http://ex.org/variable#97	1
http://ex.org/variable#25 http://www.ibm.com/timex#b http://ex.org/variable#98	1
http://ex.org/variable#25 http://www.ibm.com/timex#b http://ex.org/variable#99	1
http://ex.org/variable#25 http://www.ibm.com/timex#o http://ex.org/variable#100	1
http://ex.org/variable#25 http://www.ibm.com/timex#b http://ex.org/variable#101	1
http://ex.org/variable#25 http://www.ibm.com/timex#b http://ex.org/variable#102	1
http://ex.org/variable#25 http://www.ibm.com/timex#o http://ex.org/variable#103	1
http://ex.org/variable#25 http://www.ibm.com/timex#b http://ex.org/variable#104	1
http://ex.org/variable#25 http://www.ibm.com/timex#o http://ex.org/variable#105	1
http://ex.org/variable#25 http://www.ibm.com/timex#o http://ex.org/variable#106	1
http://ex.org/variable#25 http://www.ibm.com/timex#b http://ex.org/variable#107	1
http://ex.org/variable#25 http://www.ibm.com/timex#b http://ex.org/variable#108	1
http://ex.org/variable#25 http://www.ibm.com/timex#b http://ex.org/variable#109	1
http://ex.org/variable#25 http://www.ibm.com/timex#o http://ex.org/variable#110	1
http://ex.org/variable#25 http://www.ibm.com/timex#b http://ex.org/variable#111	1
http://ex.org/variable#25 http://www.ibm.com/timex#d http://ex.org/variable#112	1
http://ex.org/variable#25 http://www.ibm.com/timex#b http://ex.org/variable#113	1
http://ex.org/variable#25 http://www.ibm.com/timex#o http://ex.org/variable#114	1
http://ex.org/variable#25 http://www.ibm.com/timex#b http://ex.org/variable#115	1
http://ex.org/variable#25 http://www.ibm.com/timex#b http://ex.org/variable#116	1
http://ex.org/variable#25 http://www.ibm.com/timex#o http://ex.org/variable#117	1
http://ex.org/variable#25 http://www.ibm.com/timex#o http://ex.org/variable#118	1
http://ex.org/variable#25 http://www.ibm.com/timex#d http://ex.org/variable#119	1
http://ex.org/variable#25 http://www.ibm.com/timex#o http://ex.org/variable#120	1
http://ex.org/variable#25 http://www.ibm.com/timex#b http://ex.org/variable#121	1
http://ex.org/variable#25 http://www.ibm.com/timex#s http://ex.org/variable#122	1
http://ex.org/variable#25 http://www.ibm.com/timex#b http://ex.org/variable#123	1
http://ex.org/variable#25 http://www.ibm.com/timex#d http://ex.org/variable#124	1
http://ex.org/variable#25 http://www.ibm.com/timex#d http://ex.org/variable#125	1
http://ex.org/variable#25 http://www.ibm.com/timex#b http://ex.org/variable#126	1
http://ex.org/variable#25 http://www.ibm.com/timex#b http://ex.org/variable#127	1
http://ex.org/variable#25 http://www.ibm.com/timex#b http://ex.org/variable#128	1
http://ex.org/variable#25 http://www.ibm.com/timex#d http://ex.org/variable#129	1
http://ex.org/variable#25 http://www.ibm.com/timex#b http://ex.org/variable#130	1
http://ex.org/variable#25 http://www.ibm.com/timex#b http://ex.org/variable#131	1
http://ex.org/variable#25 http://www.ibm.com/timex#o http://ex.org/variable#132	1
http://ex.org/variable#25 http://www.ibm.com/timex#b http://ex.org/variable#133	1
http://ex.org/variable#25 http://www.ibm.com/timex#d http://ex.org/variable#134	1
http://ex.org/variable#25 http://www.ibm.com/timex#o http://ex.org/variable#135	1
http://ex.org/variable#25 http://www.ibm.com/timex#o http://ex.org/variable#136	1
http://ex.org/variable#25 http://www.ibm.com/timex#b http://ex.org/variable#137	1
http://ex.org/variable#25 http://www.ibm.com/timex#b http://ex.org/variable#138	1
http://ex.org/variable#25 http://www.ibm.com/timex#b http://ex.org/variable#139	1
http://ex.org/variable#25 http://www.ibm.com/timex#b http://ex.org/variable#140	1
http://ex.org/variable#25 http://www.ibm.com/timex#d http://ex.org/variable#141	1
http://ex.org/variable#25 http://www.ibm.com/timex#o http://ex.org/variable#142	1
http://ex.org/variable#25 http://www.ibm.com/timex#o http://ex.org/variable#143	1
http://ex.org/variable#25 http://www.ibm.com/timex#b http://ex.org/variable#144	1
http://ex.org/variable#25 http://www.ibm.com/timex#b http://ex.org/variable#145	1
http://ex.org/variable#25 http://www.ibm.com/timex#b http://ex.org/variable#146	1
http://ex.org/variable#25 http://www.ibm.com/timex#o http://ex.org/variable#147	1
http://ex.org/variable#25 http://www.ibm.com/timex#b http://ex.org/variable#148	1
http://ex.org/variable#25 http://www.ibm.com/timex#d http://ex.org/variable#149	1
http://ex.org/variable#25 http://www.ibm.com/timex#b http://ex.org/variable#150	1
http://ex.org/variable#25 http://www.ibm.com/timex#b http://ex.org/variable#151	1
http://ex.org/variable#25 http://www.ibm.com/timex#o_di_fi http://ex.org/variable#152	1
http://ex.org/variable#25 http://www.ibm.com/timex#o http://ex.org/variable#153	1
http://ex.org/variable#25 http://www.ibm.com/timex#b http://ex.org/variable#154	1
http://ex.org/variable#25 http://www.ibm.com/timex#d http://ex.org/variable#155	1
http://ex.org/variable#25 http://www.ibm.com/timex#o http://ex.org/variable#156	1
http://ex.org/variable#25 http://www.ibm.com/timex#di http://ex.org/variable#157	1
http://ex.org/variable#25 http://www.ibm.com/timex#o http://ex.org/variable#158	1
http://ex.org/variable#25 http://www.ibm.com/timex#b http://ex.org/variable#159	1
http://ex.org/variable#25 http://www.ibm.com/timex#b http://ex.org/variable#160	1
http://ex.org/variable#25 http://www.ibm.com/timex#b http://ex.org/variable#161	1
http://ex.org/variable#25 http://www.ibm.com/timex#o http://ex.org/variable#162	1
http://ex.org/variable#25 http://www.ibm.com/timex#b http://ex.org/variable#163	1
http://ex.org/variable#25 http://www.ibm.com/timex#b http://ex.org/variable#164	1
http://ex.org/variable#25 http://www.ibm.com/timex#b http://ex.org/variable#165	1
http://ex.org/variable#25 http://www.ibm.com/timex#d http://ex.org/variable#166	1
http://ex.org/variable#25 http://www.ibm.com/timex#o http://ex.org/variable#167	1
http://ex.org/variable#25 http://www.ibm.com/timex#b http://ex.org/variable#168	1
http://ex.org/variable#25 http://www.ibm.com/timex#o_s http://ex.org/variable#169	1
http://ex.org/variable#25 http://www.ibm.com/timex#b http://ex.org/variable#170	1
http://ex.org/variable#25 http://www.ibm.com/timex#d http://ex.org/variable#171	1
http://ex.org/variable#25 http://www.ibm.com/timex#oi http://ex.org/variable#172	1
http://ex.org/variable#25 http://www.ibm.com/timex#b http://ex.org/variable#173	1
http://ex.org/variable#25 http://www.ibm.com/timex#b http://ex.org/variable#174	1
http://ex.org/variable#25 http://www.ibm.com/timex#o http://ex.org/variable#175	1
http://ex.org/variable#25 http://www.ibm.com/timex#b http://ex.org/variable#176	1
http://ex.org/variable#25 http://www.ibm.com/timex#b http://ex.org/variable#177	1
http://ex.org/variable#25 http://www.ibm.com/timex#b http://ex.org/variable#178	1
http://ex.org/variable#25 http://www.ibm.com/timex#b http://ex.org/variable#179	1
http://ex.org/variable#25 http://www.ibm.com/timex#b_m_o_di_fi http://ex.org/variable#180	1
http://ex.org/variable#25 http://www.ibm.com/timex#o http://ex.org/variable#181	1
http://ex.org/variable#25 http://www.ibm.com/timex#b http://ex.org/variable#182	1
http://ex.org/variable#25 http://www.ibm.com/timex#b http://ex.org/variable#183	1
http://ex.org/variable#25 http://www.ibm.com/timex#o http://ex.org/variable#184	1
http://ex.org/variable#25 http://www.ibm.com/timex#b http://ex.org/variable#185	1
http://ex.org/variable#25 http://www.ibm.com/timex#b http://ex.org/variable#186	1
http://ex.org/variable#25 http://www.ibm.com/timex#d http://ex.org/variable#187	1
http://ex.org/variable#25 http://www.ibm.com/timex#b http://ex.org/variable#188	1
http://ex.org/variable#25 http://www.ibm.com/timex#b http://ex.org/variable#189	1
http://ex.org/variable#26 http://www.ibm.com/timex#d http://ex.org/variable#0	1
http://ex.org/variable#26 http://www.ibm.com/timex#o http://ex.org/variable#1	1
http://ex.org/variable#26 http://www.ibm.com/timex#d http://ex.org/variable#2	1
http://ex.org/variable#26 http://www.ibm.com/timex#oi http://ex.org/variable#3	1
http://ex.org/variable#26 http://www.ibm.com/timex#d http://ex.org/variable#4	1
http://ex.org/variable#26 http://www.ibm.com/timex#bi http://ex.org/variable#5	1
http://ex.org/variable#26 http://www.ibm.com/timex#d http://ex.org/variable#6	1
http://ex.org/variable#26 http://www.ibm.com/timex#d http://ex.org/variable#7	1
http://ex.org/variable#26 http://www.ibm.com/timex#bi http://ex.org/variable#8	1
http://ex.org/variable#26 http://www.ibm.com/timex#d http://ex.org/variable#9	1
http://ex.org/variable#26 http://www.ibm.com/timex#d http://ex.org/variable#10	1
http://ex.org/variable#26 http://www.ibm.com/timex#d http://ex.org/variable#11	1
http://ex.org/variable#26 http://www.ibm.com/timex#d http://ex.org/variable#12	1
http://ex.org/variable#26 http://www.ibm.com/timex#bi http://ex.org/variable#13	1
http://ex.org/variable#26 http://www.ibm.com/timex#bi http://ex.org/variable#14	1
http://ex.org/variable#26 http://www.ibm.com/timex#oi http://ex.org/variable#15	1
http://ex.org/variable#26 http://www.ibm.com/timex#bi http://ex.org/variable#16	1
http://ex.org/variable#26 http://www.ibm.com/timex#di http://ex.org/variable#17	1
http://ex.org/variable#26 http://www.ibm.com/timex#oi http://ex.org/variable#18	1
http://ex.org/variable#26 http://www.ibm.com/timex#bi http://ex.org/variable#19	1
http://ex.org/variable#26 http://www.ibm.com/timex#d http://ex.org/variable#20	1
http://ex.org/variable#26 http://www.ibm.com/timex#d http://ex.org/variable#21	1
http://ex.org/variable#26 http://www.ibm.com/timex#d http://ex.org/variable#22	1
http://ex.org/variable#26 http://www.ibm.com/timex#bi http://ex.org/variable#23	1
http://ex.org/variable#26 http://www.ibm.com/timex#d http://ex.org/variable#24	1
http://ex.org/variable#26 http://www.ibm.com/timex#bi http://ex.org/variable#25	1
http://ex.org/variable#26 http://www.ibm.com/timex#bi http://ex.org/variable#27	1
http://ex.org/variable#26 http://www.ibm.com/timex#d http://ex.org/variable#28	1
http://ex.org/variable#26 http://www.ibm.com/timex#d http://ex.org/variable#29	1
http://ex.org/variable#26 http://www.ibm.com/timex#bi http://ex.org/variable#30	1
http://ex.org/variable#26 http://www.ibm.com/timex#bi http://ex.org/variable#31	1
http://ex.org/variable#26 http://www.ibm.com/timex#bi http://ex.org/variable#32	1
http://ex.org/variable#26 http://www.ibm.com/timex#o_s http://ex.org/variable#33	1
http://ex.org/variable#26 http://www.ibm.com/timex#oi http://ex.org/variable#34	1
http://ex.org/variable#26 http://www.ibm.com/timex#bi http://ex.org/variable#35	1
http://ex.org/variable#26 http://www.ibm.com/timex#bi http://ex.org/variable#36	1
http://ex.org/variable#26 http://www.ibm.com/timex#bi http://ex.org/variable#37	1
http://ex.org/variable#26 http://www.ibm.com/timex#oi http://ex.org/variable#38	1
http://ex.org/variable#26 http://www.ibm.com/timex#oi_di_si http://ex.org/variable#39	1
http://ex.org/variable#26 http://www.ibm.com/timex#mi_oi http://ex.org/variable#40	1
http://ex.org/variable#26 http://www.ibm.com/timex#d http://ex.org/variable#41	1
http://ex.org/variable#26 http://www.ibm.com/timex#d http://ex.org/variable#42	1
http://ex.org/variable#26 http://www.ibm.com/timex#oi http://ex.org/variable#43	1
http://ex.org/variable#26 http://www.ibm.com/timex#d http://ex.org/variable#44	1
http://ex.org/variable#26 http://www.ibm.com/timex#d http://ex.org/variable#45	1
http://ex.org/variable#26 http://www.ibm.com/timex#bi http://ex.org/variable#46	1
http://ex.org/variable#26 http://www.ibm.com/timex#oi http://ex.org/variable#47	1
http://ex.org/variable#26 http://www.ibm.com/timex#di http://ex.org/variable#48	1
http://ex.org/variable#26 http://www.ibm.com/timex#bi http://ex.org/variable#49	1
http://ex.org/variable#26 http://www.ibm.com/timex#d http://ex.org/variable#50	1
http://ex.org/variable#26 http://www.ibm.com/timex#si http://ex.org/variable#51	1
http://ex.org/variable#26 http://www.ibm.com/timex#oi_f http://ex.org/variable#52	1
http://ex.org/variable#26 http://www.ibm.com/timex#d http://ex.org/variable#53	1
http://ex.org/variable#26 http://www.ibm.com/timex#oi http://ex.org/variable#54	1
http://ex.org/variable#26 http://www.ibm.com/timex#oi http://ex.org/variable#55	1
http://ex.org/variable#26 http://www.ibm.com/timex#bi http://ex.org/variable#56	1
http://ex.org/variable#26 http://www.ibm.com/timex#bi http://ex.org/variable#57	1
http://ex.org/variable#26 http://www.ibm.com/timex#oi http://ex.org/variable#58	1
http://ex.org/variable#26 http://www.ibm.com/timex#d http://ex.org/variable#59	1
http://ex.org/variable#26 http://www.ibm.com/timex#d http://ex.org/variable#60	1
http://ex.org/variable#26 http://www.ibm.com/timex#d http://ex.org/variable#61	1
http://ex.org/variable#26 http://www.ibm.com/timex#d http://ex.org/variable#62	1
http://ex.org/variable#26 http://www.ibm.com/timex#oi http://ex.org/variable#63	1
http://ex.org/variable#26 http://www.ibm.com/timex#d http://ex.org/variable#64	1
http://ex.org/variable#26 http://www.ibm.com/timex#bi http://ex.org/variable#65	1
http://ex.org/variable#26 http://www.ibm.com/timex#bi http://ex.org/variable#66	1
http://ex.org/variable#26 http://www.ibm.com/timex#d http://ex.org/variable#67	1
http://ex.org/variable#26 http://www.ibm.com/timex#d http://ex.org/variable#68	1
http://ex.org/variable#26 http://www.ibm.com/timex#bi http://ex.org/variable#69	1
http://ex.org/variable#26 http://www.ibm.com/timex#d http://ex.org/variable#70	1
http://ex.org/variable#26 http://www.ibm.com/timex#bi http://ex.org/variable#71	1
http://ex.org/variable#26 http://www.ibm.com/timex#f http://ex.org/variable#72	1
http://ex.org/variable#26 http://www.ibm.com/timex#oi http://ex.org/variable#73	1
http://ex.org/variable#26 http://www.ibm.com/timex#d http://ex.org/variable#74	1
http://ex.org/variable#26 http://www.ibm.com/timex#oi http://ex.org/variable#75	1
http://ex.org/variable#26 http://www.ibm.com/timex#d http://ex.org/variable#76	1
http://ex.org/variable#26 http://www.ibm.com/timex#d http://ex.org/variable#77	1
http://ex.org/variable#26 http://www.ibm.com/timex#oi http://ex.org/variable#78	1
http://ex.org/variable#26 http://www.ibm.com/timex#bi http://ex.org/variable#79	1
http://ex.org/variable#26 http://www.ibm.com/timex#d http://ex.org/variable#80	1
http://ex.org/variable#26 http://www.ibm.com/timex#bi http://ex.org/variable#81	1
http://ex.org/variable#26 http://www.ibm.com/timex#bi http://ex.org/variable#82	1
http://ex.org/variable#26 http://www.ibm.com/timex#d http://ex.org/variable#83	1
http://ex.org/variable#26 http://www.ibm.com/timex#d http://ex.org/variable#84	1
http://ex.org/variable#26 http://www.ibm.com/timex#d http://ex.org/variable#85	1
http://ex.org/variable#26 http://www.ibm.com/timex#d http://ex.org/variable#86	1
http://ex.org/variable#26 http://www.ibm.com/timex#d http://ex.org/variable#87	1
http://ex.org/variable#26 http://www.ibm.com/timex#b http://ex.org/variable#88	1
http://ex.org/variable#26 http://www.ibm.com/timex#d http://ex.org/variable#89	1
http://ex.org/variable#26 http://www.ibm.com/timex#oi http://ex.org/variable#90	1
http://ex.org/variable#26 http://www.ibm.com/timex#d http://ex.org/variable#91	1
http://ex.org/variable#26 http://www.ibm.com/timex#d http://ex.org/variable#92	1
http://ex.org/variable#26 http://www.ibm.com/timex#d http://ex.org/variable#93	1
http://ex.org/variable#26 http://www.ibm.com/timex#bi http://ex.org/variable#94	1
http://ex.org/variable#26 http://www.ibm.com/timex#bi http://ex.org/variable#95	1
http://ex.org/variable#26 http://www.ibm.com/timex#bi http://ex.org/variable#96	1
http://ex.org/variable#26 http://www.ibm.com/timex#d http://ex.org/variable#97	1
http://ex.org/variable#26 http://www.ibm.com/timex#o http://ex.org/variable#98	1
http://ex.org/variable#26 http://www.ibm.com/timex#s http://ex.org/variable#99	1
http://ex.org/variable#26 http://www.ibm.com/timex#bi http://ex.org/variable#100	1
http://ex.org/variable#26 http://www.ibm.com/timex#d http://ex.org/variable#101	1
http://ex.org/variable#26 http://www.ibm.com/timex#bi http://ex.org/variable#102	1
http://ex.org/variable#26 http://www.ibm.com/timex#oi http://ex.org/variable#103	1
http://ex.org/variable#26 http://www.ibm.com/timex#b http://ex.org/variable#104	1
http://ex.org/variable#26 http://www.ibm.com/timex#d http://ex.org/variable#105	1
http://ex.org/variable#26 http://www.ibm.com/timex#d http://ex.org/variable#106	1
http://ex.org/variable#26 http://www.ibm.com/timex#oi http://ex.org/variable#107	1
http://ex.org/variable#26 http://www.ibm.com/timex#bi http://ex.org/variable#108	1
http://ex.org/variable#26 http://www.ibm.com/timex#bi http://ex.org/variable#109	1
http://ex.org/variable#26 http://www.ibm.com/timex#d http://ex.org/variable#110	1
http://ex.org/variable#26 http://www.ibm.com/timex#bi http://ex.org/variable#111	1
http://ex.org/variable#26 http://www.ibm.com/timex#oi http://ex.org/variable#112	1
http://ex.org/variable#26 http://www.ibm.com/timex#bi http://ex.org/variable#113	1
http://ex.org/variable#26 http://www.ibm.com/timex#oi_d http://ex.org/variable#114	1
http://ex.org/variable#26 http://www.ibm.com/timex#b http://ex.org/variable#115	1
http://ex.org/variable#26 http://www.ibm.com/timex#bi http://ex.org/variable#116	1
http://ex.org/variable#26 http://www.ibm.com/timex#bi http://ex.org/variable#117	1
http://ex.org/variable#26 http://www.ibm.com/timex#bi http://ex.org/variable#118	1
http://ex.org/variable#26 http://www.ibm.com/timex#d http://ex.org/variable#119	1
http://ex.org/variable#26 http://www.ibm.com/timex#bi http://ex.org/variable#120	1
http://ex.org/variable#26 http://www.ibm.com/timex#b http://ex.org/variable#121	1
http://ex.org/variable#26 http://www.ibm.com/timex#oi_d_f http://ex.org/variable#122	1
http://ex.org/variable#26 http://www.ibm.com/timex#d http://ex.org/variable#123	1
http://ex.org/variable#26 http://www.ibm.com/timex#bi http://ex.org/variable#124	1
http://ex.org/variable#26 http://www.ibm.com/timex#bi http://ex.org/variable#125	1
http://ex.org/variable#26 http://www.ibm.com/timex#d http://ex.org/variable#126	1
http://ex.org/variable#26 http://www.ibm.com/timex#d http://ex.org/variable#127	1
http://ex.org/variable#26 http://www.ibm.com/timex#d http://ex.org/variable#128	1
http://ex.org/variable#26 http://www.ibm.com/timex#bi http://ex.org/variable#129	1
http://ex.org/variable#26 http://www.ibm.com/timex#bi http://ex.org/variable#130	1
http://ex.org/variable#26 http://www.ibm.com/timex#o http://ex.org/variable#131	1
http://ex.org/variable#26 http://www.ibm.com/timex#d http://ex.org/variable#132	1
http://ex.org/variable#26 http://www.ibm.com/timex#d http://ex.org/variable#133	1
http://ex.org/variable#26 http://www.ibm.com/timex#bi http://ex.org/variable#134	1
http://ex.org/variable#26 http://www.ibm.com/timex#d http://ex.org/variable#135	1
http://ex.org/variable#26 http://www.ibm.com/timex#d http://ex.org/variable#136	1
http://ex.org/variable#26 http://www.ibm.com/timex#bi http://ex.org/variable#137	1
http://ex.org/variable#26 http://www.ibm.com/timex#d_s http://ex.org/variable#138	1
http://ex.org/variable#26 http://www.ibm.com/timex#bi http://ex.org/variable#139	1
http://ex.org/variable#26 http://www.ibm.com/timex#bi http://ex.org/variable#140	1
http://ex.org/variable#26 http://www.ibm.com/timex#d http://ex.org/variable#141	1
http://ex.org/variable#26 http://www.ibm.com/timex#bi http://ex.org/variable#142	1
http://ex.org/variable#26 http://www.ibm.com/timex#d http://ex.org/variable#143	1
http://ex.org/variable#26 http://www.ibm.com/timex#d http://ex.org/variable#144	1
http://ex.org/variable#26 http://www.ibm.com/timex#d http://ex.org/variable#145	1
http://ex.org/variable#26 http://www.ibm.com/timex#d http://ex.org/variable#146	1
http://ex.org/variable#26 http://www.ibm.com/timex#oi http://ex.org/variable#147	1
http://ex.org/variable#26 http://www.ibm.com/timex#oi_d_f http://ex.org/variable#148	1
http://ex.org/variable#26 http://www.ibm.com/timex#bi http://ex.org/variable#149	1
http://ex.org/variable#26 http://www.ibm.com/timex#o_s http://ex.org/variable#150	1
http://ex.org/variable#26 http://www.ibm.com/timex#d http://ex.org/variable#151	1
http://ex.org/variable#26 http://www.ibm.com/timex#bi http://ex.org/variable#152	1
http://ex.org/variable#26 http://www.ibm.com/timex#d http://ex.org/variable#153	1
http://ex.org/variable#26 http://www.ibm.com/timex#bi http://ex.org/variable#154	1
http://ex.org/variable#26 http://www.ibm.com/timex#oi http://ex.org/variable#155	1
http://ex.org/variable#26 http://www.ibm.com/timex#d http://ex.org/variable#156	1
http://ex.org/variable#26 http://www.ibm.com/timex#bi http://ex.org/variable#157	1
http://ex.org/variable#26 http://www.ibm.com/timex#bi http://ex.org/variable#158	1
http://ex.org/variable#26 http://www.ibm.com/timex#d http://ex.org/variable#159	1
http://ex.org/variable#26 http://www.ibm.com/timex#d http://ex.org/variable#160	1
http://ex.org/variable#26 http://www.ibm.com/timex#bi http://ex.org/variable#161	1
http://ex.org/variable#26 http://www.ibm.com/timex#bi http://ex.org/variable#162	1
http://ex.org/variable#26 http://www.ibm.com/timex#d http://ex.org/variable#163	1
http://ex.org/variable#26 http://www.ibm.com/timex#d http://ex.org/variable#164	1
http://ex.org/variable#26 http://www.ibm.com/timex#bi http://ex.org/variable#165	1
http://ex.org/variable#26 http://www.ibm.com/timex#bi http://ex.org/variable#166	1
http://ex.org/variable#26 http://www.ibm.com/timex#oi http://ex.org/variable#167	1
http://ex.org/variable#26 http://www.ibm.com/timex#d http://ex.org/variable#168	1
http://ex.org/variable#26 http://www.ibm.com/timex#d http://ex.org/variable#169	1
http://ex.org/variable#26 http://www.ibm.com/timex#d http://ex.org/variable#170	1
http://ex.org/variable#26 http://www.ibm.com/timex#bi http://ex.org/variable#171	1
http://ex.org/variable#26 http://www.ibm.com/timex#bi http://ex.org/variable#172	1
http://ex.org/variable#26 http://www.ibm.com/timex#di http://ex.org/variable#173	1
http://ex.org/variable#26 http://www.ibm.com/timex#d http://ex.org/variable#174	1
http://ex.org/variable#26 http://www.ibm.com/timex#oi http://ex.org/variable#175	1
http://ex.org/variable#26 http://www.ibm.com/timex#d http://ex.org/variable#176	1
http://ex.org/variable#26 http://www.ibm.com/timex#d http://ex.org/variable#177	1
http://ex.org/variable#26 http://www.ibm.com/timex#d http://ex.org/variable#178	1
http://ex.org/variable#26 http://www.ibm.com/timex#d http://ex.org/variable#179	1
http://ex.org/variable#26 http://www.ibm.com/timex#bi http://ex.org/variable#180	1
http://ex.org/variable#26 http://www.ibm.com/timex#bi http://ex.org/variable#181	1
http://ex.org/variable#26 http://www.ibm.com/timex#bi http://ex.org/variable#182	1
http://ex.org/variable#26 http://www.ibm.com/timex#d http://ex.org/variable#183	1
http://ex.org/variable#26 http://www.ibm.com/timex#bi http://ex.org/variable#184	1
http://ex.org/variable#26 http://www.ibm.com/timex#d http://ex.org/variable#185	1
http://ex.org/variable#26 http://www.ibm.com/timex#d http://ex.org/variable#186	1
http://ex.org/variable#26 http://www.ibm.com/timex#d http://ex.org/variable#187	1
http://ex.org/variable#26 http://www.ibm.com/timex#oi http://ex.org/variable#188	1
http://ex.org/variable#26 http://www.ibm.com/timex#bi http://ex.org/variable#189	1
http://ex.org/variable#27 http://www.ibm.com/timex#o http://ex.org/variable#0	1
http://ex.org/variable#27 http://www.ibm.com/timex#b http://ex.org/variable#1	1
http://ex.org/variable#27 http://www.ibm.com/timex#o http://ex.org/variable#2	1
http://ex.org/variable#27 http://www.ibm.com/timex#o http://ex.org/variable#3	1
http://ex.org/variable#27 http://www.ibm.com/timex#o http://ex.org/variable#4	1
http://ex.org/variable#27 http://www.ibm.com/timex#o http://ex.org/variable#5	1
http://ex.org/variable#27 http://www.ibm.com/timex#b http://ex.org/variable#6	1
http://ex.org/variable#27 http://www.ibm.com/timex#o http://ex.org/variable#7	1
http://ex.org/variable#27 http://www.ibm.com/timex#di http://ex.org/variable#8	1
http://ex.org/variable#27 http://www.ibm.com/timex#b http://ex.org/variable#9	1
http://ex.org/variable#27 http://www.ibm.com/timex#o http://ex.org/variable#10	1
http://ex.org/variable#27 http://www.ibm.com/timex#o http://ex.org/variable#11	1
http://ex.org/variable#27 http://www.ibm.com/timex#o http://ex.org/variable#12	1
http://ex.org/variable#27 http://www.ibm.com/timex#o http://ex.org/variable#13	1
http://ex.org/variable#27 http://www.ibm.com/timex#b http://ex.org/variable#14	1
http://ex.org/variable#27 http://www.ibm.com/timex#o http://ex.org/variable#15	1
http://ex.org/variable#27 http://www.ibm.com/timex#o http://ex.org/variable#16	1
http://ex.org/variable#27 http://www.ibm.com/timex#b http://ex.org/variable#17	1
http://ex.org/variable#27 http://www.ibm.com/timex#o http://ex.org/variable#18	1
http://ex.org/variable#27 http://www.ibm.com/timex#o http://ex.org/variable#19	1
http://ex.org/variable#27 http://www.ibm.com/timex#o http://ex.org/variable#20	1
http://ex.org/variable#27 http://www.ibm.com/timex#b http://ex.org/variable#21	1
http://ex.org/variable#27 http://www.ibm.com/timex#o http://ex.org/variable#22	1
http://ex.org/variable#27 http://www.ibm.com/timex#di http://ex.org/variable#23	1
http://ex.org/variable#27 http://www.ibm.com/timex#o http://ex.org/variable#24	1
http://ex.org/variable#27 http://www.ibm.com/timex#di http://ex.org/variable#25	1
http://ex.org/variable#27 http://www.ibm.com/timex#b http://ex.org/variable#26	1
http://ex.org/variable#27 http://www.ibm.com/timex#b http://ex.org/variable#28	1
http://ex.org/variable#27 http://www.ibm.com/timex#o http://ex.org/variable#29	1
http://ex.org/variable#27 http://www.ibm.com/timex#b http://ex.org/variable#30	1
http://ex.org/variable#27 http://www.ibm.com/timex#o_d_s http://ex.org/variable#31	1
http://ex.org/variable#27 http://www.ibm.com/timex#di http://ex.org/variable#32	1
http://ex.org/variable#27 http://www.ibm.com/timex#b http://ex.org/variable#33	1
http://ex.org/variable#27 http://www.ibm.com/timex#o http://ex.org/variable#34	1
http://ex.org/variable#27 http://www.ibm.com/timex#o http://ex.org/variable#35	1
http://ex.org/variable#27 http://www.ibm.com/timex#o http://ex.org/variable#36	1
http://ex.org/variable#27 http://www.ibm.com/timex#o_di_fi http://ex.org/variable#37	1
http://ex.org/variable#27 http://www.ibm.com/timex#o http://ex.org/variable#38	1
http://ex.org/variable#27 http://www.ibm.com/timex#b http://ex.org/variable#39	1
http://ex.org/variable#27 http://www.ibm.com/timex#o http://ex.org/variable#40	1
http://ex.org/variable#27 http://www.ibm.com/timex#o http://ex.org/variable#41	1
http://ex.org/variable#27 http://www.ibm.com/timex#o http://ex.org/variable#42	1
http://ex.org/variable#27 http://www.ibm.com/timex#o http://ex.org/variable#43	1
http://ex.org/variable#27 http://www.ibm.com/timex#o http://ex.org/variable#44	1
http://ex.org/variable#27 http://www.ibm.com/timex#o http://ex.org/variable#45	1
http://ex.org/variable#27 http://www.ibm.com/timex#o http://ex.org/variable#46	1
http://ex.org/variable#27 http://www.ibm.com/timex#o http://ex.org/variable#47	1
http://ex.org/variable#27 http://www.ibm.com/timex#b http://ex.org/variable#48	1
http://ex.org/variable#27 http://www.ibm.com/timex#o_di_fi http://ex.org/variable#49	1
http://ex.org/variable#27 http://www.ibm.com/timex#o http://ex.org/variable#50	1
http://ex.org/variable#27 http://www.ibm.com/timex#b http://ex.org/variable#51	1
http://ex.org/variable#27 http://www.ibm.com/timex#o http://ex.org/variable#52	1
http://ex.org/variable#27 http://www.ibm.com/timex#o http://ex.org/variable#53	1
http://ex.org/variable#27 http://www.ibm.com/timex#o http://ex.org/variable#54	1
http://ex.org/variable#27 http://www.ibm.com/timex#o http://ex.org/variable#55	1
http://ex.org/variable#27 http://www.ibm.com/timex#o http://ex.org/variable#56	1
http://ex.org/variable#27 http://www.ibm.com/timex#o http://ex.org/variable#57	1
http://ex.org/variable#27 http://www.ibm.com/timex#o http://ex.org/variable#58	1
http://ex.org/variable#27 http://www.ibm.com/timex#o http://ex.org/variable#59	1
http://ex.org/variable#27 http://www.ibm.com/timex#o http://ex.org/variable#60	1
http://ex.org/variable#27 http://www.ibm.com/timex#o http://ex.org/variable#61	1
http://ex.org/variable#27 http://www.ibm.com/timex#o http://ex.org/variable#62	1
http://ex.org/variable#27 http://www.ibm.com/timex#o http://ex.org/variable#63	1
http://ex.org/variable#27 http://www.ibm.com/timex#o http://ex.org/variable#64	1
http://ex.org/variable#27 http://www.ibm.com/timex#di http://ex.org/variable#65	1
http://ex.org/variable#27 http://www.ibm.com/timex#oi_si http://ex.org/variable#66	1
http://ex.org/variable#27 http://www.ibm.com/timex#o http://ex.org/variable#67	1
http://ex.org/variable#27 http://www.ibm.com/timex#o http://ex.org/variable#68	1
http://ex.org/variable#27 http://www.ibm.com/timex#o http://ex.org/variable#69	1
http://ex.org/variable#27 http://www.ibm.com/timex#o http://ex.org/variable#70	1
http://ex.org/variable#27 http://www.ibm.com/timex#o http://ex.org/variable#71	1
http://ex.org/variable#27 http://www.ibm.com/timex#o http://ex.org/variable#72	1
http://ex.org/variable#27 http://www.ibm.com/timex#o http://ex.org/variable#73	1
http://ex.org/variable#27 http://www.ibm.com/timex#o http://ex.org/variable#74	1
http://ex.org/variable#27 http://www.ibm.com/timex#o http://ex.org/variable#75	1
http://ex.org/variable#27 http://www.ibm.com/timex#o http://ex.org/variable#76	1
http://ex.org/variable#27 http://www.ibm.com/timex#o http://ex.org/variable#77	1
http://ex.org/variable#27 http://www.ibm.com/timex#o http://ex.org/variable#78	1
http://ex.org/variable#27 http://www.ibm.com/timex#o_d_s http://ex.org/variable#79	1
http://ex.org/variable#27 http://www.ibm.com/timex#o http://ex.org/variable#80	1
http://ex.org/variable#27 http://www.ibm.com/timex#o_d_s http://ex.org/variable#81	1
http://ex.org/variable#27 http://www.ibm.com/timex#o http://ex.org/variable#82	1
http://ex.org/variable#27 http://www.ibm.com/timex#o http://ex.org/variable#83	1
http://ex.org/variable#27 http://www.ibm.com/timex#b http://ex.org/variable#84	1
http://ex.org/variable#27 http://www.ibm.com/timex#b http://ex.org/variable#85	1
http://ex.org/variable#27 http://www.ibm.com/timex#o http://ex.org/variable#86	1
http://ex.org/variable#27 http://www.ibm.com/timex#b http://ex.org/variable#87	1
http://ex.org/variable#27 http://www.ibm.com/timex#b http://ex.org/variable#88	1
http://ex.org/variable#27 http://www.ibm.com/timex#o http://ex.org/variable#89	1
http://ex.org/variable#27 http://www.ibm.com/timex#o http://ex.org/variable#90	1
http://ex.org/variable#27 http://www.ibm.com/timex#o http://ex.org/variable#91	1
http://ex.org/variable#27 http://www.ibm.com/timex#b http://ex.org/variable#92	1
http://ex.org/variable#27 http://www.ibm.com/timex#o http://ex.org/variable#93	1
http://ex.org/variable#27 http://www.ibm.com/timex#o http://ex.org/variable#94	1
http://ex.org/variable#27 http://www.ibm.com/timex#b http://ex.org/variable#95	1
http://ex.org/variable#27 http://www.ibm.com/timex#di http://ex.org/variable#96	1
http://ex.org/variable#27 http://www.ibm.com/timex#o http://ex.org/variable#97	1
http://ex.org/variable#27 http://www.ibm.com/timex#b http://ex.org/variable#98	1
http://ex.org/variable#27 http://www.ibm.com/timex#b http://ex.org/variable#99	1
http://ex.org/variable#27 http://www.ibm.com/timex#di http://ex.org/variable#100	1
http://ex.org/variable#27 http://www.ibm.com/timex#o http://ex.org/variable#101	1
http://ex.org/variable#27 http://www.ibm.com/timex#b http://ex.org/variable#102	1
http://ex.org/variable#27 http://www.ibm.com/timex#o http://ex.org/variable#103	1
http://ex.org/variable#27 http://www.ibm.com/timex#b http://ex.org/variable#104	1
http://ex.org/variable#27 http://www.ibm.com/timex#o http://ex.org/variable#105	1
http://ex.org/variable#27 http://www.ibm.com/timex#o http://ex.org/variable#106	1
http://ex.org/variable#27 http://www.ibm.com/timex#o http://ex.org/variable#107	1
http://ex.org/variable#27 http://www.ibm.com/timex#o http://ex.org/variable#108	1
http://ex.org/variable#27 http://www.ibm.com/timex#b http://ex.org/variable#109	1
http://ex.org/variable#27 http://www.ibm.com/timex#o http://ex.org/variable#110	1
http://ex.org/variable#27 http://www.ibm.com/timex#o http://ex.org/variable#111	1
http://ex.org/variable#27 http://www.ibm.com/timex#o http://ex.org/variable#112	1
http://ex.org/variable#27 http://www.ibm.com/timex#b http://ex.org/variable#113	1
http://ex.org/variable#27 http://www.ibm.com/timex#o http://ex.org/variable#114	1
http://ex.org/variable#27 http://www.ibm.com/timex#b http://ex.org/variable#115	1
http://ex.org/variable#27 http://www.ibm.com/timex#b http://ex.org/variable#116	1
http://ex.org/variable#27 http://www.ibm.com/timex#o http://ex.org/variable#117	1
http://ex.org/variable#27 http://www.ibm.com/timex#o http://ex.org/variable#118	1
http://ex.org/variable#27 http://www.ibm.com/timex#o_d_s http://ex.org/variable#119	1
http://ex.org/variable#27 http://www.ibm.com/timex#o http://ex.org/variable#120	1
http://ex.org/variable#27 http://www.ibm.com/timex#b http://ex.org/variable#121	1
http://ex.org/variable#27 http://www.ibm.com/timex#o http://ex.org/variable#122	1
http://ex.org/variable#27 http://www.ibm.com/timex#o http://ex.org/variable#123	1
http://ex.org/variable#27 http://www.ibm.com/timex#o http://ex.org/variable#124	1
http://ex.org/variable#27 http://www.ibm.com/timex#o http://ex.org/variable#125	1
http://ex.org/variable#27 http://www.ibm.com/timex#b http://ex.org/variable#126	1
http://ex.org/variable#27 http://www.ibm.com/timex#b http://ex.org/variable#127	1
http://ex.org/variable#27 http://www.ibm.com/timex#o http://ex.org/variable#128	1
http://ex.org/variable#27 http://www.ibm.com/timex#o_d_s http://ex.org/variable#129	1
http://ex.org/variable#27 http://www.ibm.com/timex#o http://ex.org/variable#130	1
http://ex.org/variable#27 http://www.ibm.com/timex#b http://ex.org/variable#131	1
http://ex.org/variable#27 http://www.ibm.com/timex#o http://ex.org/variable#132	1
http://ex.org/variable#27 http://www.ibm.com/timex#o http://ex.org/variable#133	1
http://ex.org/variable#27 http://www.ibm.com/timex#o http://ex.org/variable#134	1
http://ex.org/variable#27 http://www.ibm.com/timex#o http://ex.org/variable#135	1
http://ex.org/variable#27 http://www.ibm.com/timex#o http://ex.org/variable#136	1
http://ex.org/variable#27 http://www.ibm.com/timex#o http://ex.org/variable#137	1
http://ex.org/variable#27 http://www.ibm.com/timex#b http://ex.org/variable#138	1
http://ex.org/variable#27 http://www.ibm.com/timex#o http://ex.org/variable#139	1
http://ex.org/variable#27 http://www.ibm.com/timex#o http://ex.org/variable#140	1
http://ex.org/variable#27 http://www.ibm.com/timex#o http://ex.org/variable#141	1
http://ex.org/variable#27 http://www.ibm.com/timex#o http://ex.org/variable#142	1
http://ex.org/variable#27 http://www.ibm.com/timex#o http://ex.org/variable#143	1
http://ex.org/variable#27 http://www.ibm.com/timex#o http://ex.org/variable#144	1
http://ex.org/variable#27 http://www.ibm.com/timex#b http://ex.org/variable#145	1
http://ex.org/variable#27 http://www.ibm.com/timex#o http://ex.org/variable#146	1
http://ex.org/variable#27 http://www.ibm.com/timex#o http://ex.org/variable#147	1
http://ex.org/variable#27 http://www.ibm.com/timex#o http://ex.org/variable#148	1
http://ex.org/variable#27 http://www.ibm.com/timex#o_di_fi http://ex.org/variable#149	1
http://ex.org/variable#27 http://www.ibm.com/timex#b http://ex.org/variable#150	1
http://ex.org/variable#27 http://www.ibm.com/timex#o http://ex.org/variable#151	1
http://ex.org/variable#27 http://www.ibm.com/timex#di http://ex.org/variable#152	1
http://ex.org/variable#27 http://www.ibm.com/timex#o http://ex.org/variable#153	1
http://ex.org/variable#27 http://www.ibm.com/timex#o http://ex.org/variable#154	1
http://ex.org/variable#27 http://www.ibm.com/timex#o http://ex.org/variable#155	1
http://ex.org/variable#27 http://www.ibm.com/timex#o http://ex.org/variable#156	1
http://ex.org/variable#27 http://www.ibm.com/timex#di http://ex.org/variable#157	1
http://ex.org/variable#27 http://www.ibm.com/timex#o http://ex.org/variable#158	1
http://ex.org/variable#27 http://www.ibm.com/timex#o http://ex.org/variable#159	1
http://ex.org/variable#27 http://www.ibm.com/timex#o http://ex.org/variable#160	1
http://ex.org/variable#27 http://www.ibm.com/timex#o http://ex.org/variable#161	1
http://ex.org/variable#27 http://www.ibm.com/timex#o http://ex.org/variable#162	1
http://ex.org/variable#27 http://www.ibm.com/timex#m_o http://ex.org/variable#163	1
http://ex.org/variable#27 http://www.ibm.com/timex#o http://ex.org/variable#164	1
http://ex.org/variable#27 http://www.ibm.com/timex#o http://ex.org/variable#165	1
http://ex.org/variable#27 http://www.ibm.com/timex#o http://ex.org/variable#166	1
http://ex.org/variable#27 http://www.ibm.com/timex#o http://ex.org/variable#167	1
http://ex.org/variable#27 http://www.ibm.com/timex#b http://ex.org/variable#168	1
http://ex.org/variable#27 http://www.ibm.com/timex#o http://ex.org/variable#169	1
http://ex.org/variable#27 http://www.ibm.com/timex#b http://ex.org/variable#170	1
http://ex.org/variable#27 http://www.ibm.com/timex#o http://ex.org/variable#171	1
http://ex.org/variable#27 http://www.ibm.com/timex#di http://ex.org/variable#172	1
http://ex.org/variable#27 http://www.ibm.com/timex#b http://ex.org/variable#173	1
http://ex.org/variable#27 http://www.ibm.com/timex#b http://ex.org/variable#174	1
http://ex.org/variable#27 http://www.ibm.com/timex#o http://ex.org/variable#175	1
http://ex.org/variable#27 http://www.ibm.com/timex#o http://ex.org/variable#176	1
http://ex.org/variable#27 http://www.ibm.com/timex#o http://ex.org/variable#177	1
http://ex.org/variable#27 http://www.ibm.com/timex#o http://ex.org/variable#178	1
http://ex.org/variable#27 http://www.ibm.com/timex#o http://ex.org/variable#179	1
http://ex.org/variable#27 http://www.ibm.com/timex#di http://ex.org/variable#180	1
http://ex.org/variable#27 http://www.ibm.com/timex#di http://ex.org/variable#181	1
http://ex.org/variable#27 http://www.ibm.com/timex#o http://ex.org/variable#182	1
http://ex.org/variable#27 http://www.ibm.com/timex#b http://ex.org/variable#183	1
http://ex.org/variable#27 http://www.ibm.com/timex#o http://ex.org/variable#184	1
http://ex.org/variable#27 http://www.ibm.com/timex#o http://ex.org/variable#185	1
http://ex.org/variable#27 http://www.ibm.com/timex#b http://ex.org/variable#186	1
http://ex.org/variable#27 http://www.ibm.com/timex#o_d http://ex.org/variable#187	1
http://ex.org/variable#27 http://www.ibm.com/timex#b http://ex.org/variable#188	1
http://ex.org/variable#27 http://www.ibm.com/timex#o http://ex.org/variable#189	1
http://ex.org/variable#28 http://www.ibm.com/timex#d http://ex.org/variable#0	1
http://ex.org/variable#28 http://www.ibm.com/timex#o http://ex.org/variable#1	1
http://ex.org/variable#28 http://www.ibm.com/timex#d http://ex.org/variable#2	1
http://ex.org/variable#28 http://www.ibm.com/timex#oi http://ex.org/variable#3	1
http://ex.org/variable#28 http://www.ibm.com/timex#d http://ex.org/variable#4	1
http://ex.org/variable#28 http://www.ibm.com/timex#oi http://ex.org/variable#5	1
http://ex.org/variable#28 http://www.ibm.com/timex#di http://ex.org/variable#6	1
http://ex.org/variable#28 http://www.ibm.com/timex#d http://ex.org/variable#7	1
http://ex.org/variable#28 http://www.ibm.com/timex#bi http://ex.org/variable#8	1
http://ex.org/variable#28 http://www.ibm.com/timex#o_d_s http://ex.org/variable#9	1
http://ex.org/variable#28 http://www.ibm.com/timex#oi_d_f http://ex.org/variable#10	1
http://ex.org/variable#28 http://www.ibm.com/timex#d http://ex.org/variable#11	1
http://ex.org/variable#28 http://www.ibm.com/timex#d http://ex.org/variable#12	1
http://ex.org/variable#28 http://www.ibm.com/timex#oi http://ex.org/variable#13	1
http://ex.org/variable#28 http://www.ibm.com/timex#di http://ex.org/variable#14	1
http://ex.org/variable#28 http://www.ibm.com/timex#oi http://ex.org/variable#15	1
http://ex.org/variable#28 http://www.ibm.com/timex#oi http://ex.org/variable#16	1
http://ex.org/variable#28 http://www.ibm.com/timex#di http://ex.org/variable#17	1
http://ex.org/variable#28 http://www.ibm.com/timex#oi http://ex.org/variable#18	1
http://ex.org/variable#28 http://www.ibm.com/timex#bi http://ex.org/variable#19	1
http://ex.org/variable#28 http://www.ibm.com/timex#d http://ex.org/variable#20	1
http://ex.org/variable#28 http://www.ibm.com/timex#o http://ex.org/variable#21	1
http://ex.org/variable#28 http://www.ibm.com/timex#d http://ex.org/variable#22	1
http://ex.org/variable#28 http://www.ibm.com/timex#bi http://ex.org/variable#23	1
http://ex.org/variable#28 http://www.ibm.com/timex#d http://ex.org/variable#24	1
http://ex.org/variable#28 http://www.ibm.com/timex#bi http://ex.org/variable#25	1
http://ex.org/variable#28 http://www.ibm.com/timex#di http://ex.org/variable#26	1
http://ex.org/variable#28 http://www.ibm.com/timex#bi http://ex.org/variable#27	1
http://ex.org/variable#28 http://www.ibm.com/timex#d http://ex.org/variable#29	1
http://ex.org/variable#28 http://www.ibm.com/timex#oi http://ex.org/variable#30	1
http://ex.org/variable#28 http://www.ibm.com/timex#oi http://ex.org/variable#31	1
http://ex.org/variable#28 http://www.ibm.com/timex#bi http://ex.org/variable#32	1
http://ex.org/variable#28 http://www.ibm.com/timex#o http://ex.org/variable#33	1
http://ex.org/variable#28 http://www.ibm.com/timex#oi http://ex.org/variable#34	1
http://ex.org/variable#28 http://www.ibm.com/timex#bi_mi_oi http://ex.org/variable#35	1
http://ex.org/variable#28 http://www.ibm.com/timex#mi_oi http://ex.org/variable#36	1
http://ex.org/variable#28 http://www.ibm.com/timex#bi http://ex.org/variable#37	1
http://ex.org/variable#28 http://www.ibm.com/timex#oi http://ex.org/variable#38	1
http://ex.org/variable#28 http://www.ibm.com/timex#di http://ex.org/variable#39	1
http://ex.org/variable#28 http://www.ibm.com/timex#oi http://ex.org/variable#40	1
http://ex.org/variable#28 http://www.ibm.com/timex#d http://ex.org/variable#41	1
http://ex.org/variable#28 http://www.ibm.com/timex#d http://ex.org/variable#42	1
http://ex.org/variable#28 http://www.ibm.com/timex#oi http://ex.org/variable#43	1
http://ex.org/variable#28 http://www.ibm.com/timex#oi http://ex.org/variable#44	1
http://ex.org/variable#28 http://www.ibm.com/timex#d http://ex.org/variable#45	1
http://ex.org/variable#28 http://www.ibm.com/timex#oi http://ex.org/variable#46	1
http://ex.org/variable#28 http://www.ibm.com/timex#oi http://ex.org/variable#47	1
http://ex.org/variable#28 http://www.ibm.com/timex#di http://ex.org/variable#48	1
http://ex.org/variable#28 http://www.ibm.com/timex#bi http://ex.org/variable#49	1
http://ex.org/variable#28 http://www.ibm.com/timex#d http://ex.org/variable#50	1
http://ex.org/variable#28 http://www.ibm.com/timex#di http://ex.org/variable#51	1
http://ex.org/variable#28 http://www.ibm.com/timex#oi http://ex.org/variable#52	1
http://ex.org/variable#28 http://www.ibm.com/timex#oi_d_f http://ex.org/variable#53	1
http://ex.org/variable#28 http://www.ibm.com/timex#oi http://ex.org/variable#54	1
http://ex.org/variable#28 http://www.ibm.com/timex#oi http://ex.org/variable#55	1
http://ex.org/variable#28 http://www.ibm.com/timex#oi http://ex.org/variable#56	1
http://ex.org/variable#28 http://www.ibm.com/timex#oi http://ex.org/variable#57	1
http://ex.org/variable#28 http://www.ibm.com/timex#oi http://ex.org/variable#58	1
http://ex.org/variable#28 http://www.ibm.com/timex#d http://ex.org/variable#59	1
http://ex.org/variable#28 http://www.ibm.com/timex#d http://ex.org/variable#60	1
http://ex.org/variable#28 http://www.ibm.com/timex#d http://ex.org/variable#61	1
http://ex.org/variable#28 http://www.ibm.com/timex#d http://ex.org/variable#62	1
http://ex.org/variable#28 http://www.ibm.com/timex#oi http://ex.org/variable#63	1
http://ex.org/variable#28 http://www.ibm.com/timex#d http://ex.org/variable#64	1
http://ex.org/variable#28 http://www.ibm.com/timex#bi http://ex.org/variable#65	1
http://ex.org/variable#28 http://www.ibm.com/timex#bi http://ex.org/variable#66	1
http://ex.org/variable#28 http://www.ibm.com/timex#d http://ex.org/variable#67	1
http://ex.org/variable#28 http://www.ibm.com/timex#d http://ex.org/variable#68	1
http://ex.org/variable#28 http://www.ibm.com/timex#oi http://ex.org/variable#69	1
http://ex.org/variable#28 http://www.ibm.com/timex#d http://ex.org/variable#70	1
http://ex.org/variable#28 http://www.ibm.com/timex#oi http://ex.org/variable#71	1
http://ex.org/variable#28 http://www.ibm.com/timex#oi http://ex.org/variable#72	1
http://ex.org/variable#28 http://www.ibm.com/timex#oi http://ex.org/variable#73	1
http://ex.org/variable#28 http://www.ibm.com/timex#d http://ex.org/variable#74	1
http://ex.org/variable#28 http://www.ibm.com/timex#oi http://ex.org/variable#75	1
http://ex.org/variable#28 http://www.ibm.com/timex#oi_d_f http://ex.org/variable#76	1
http://ex.org/variable#28 http://www.ibm.com/timex#d http://ex.org/variable#77	1
http://ex.org/variable#28 http://www.ibm.com/timex#oi http://ex.org/variable#78	1
http://ex.org/variable#28 http://www.ibm.com/timex#oi http://ex.org/variable#79	1
http://ex.org/variable#28 http://www.ibm.com/timex#d http://ex.org/variable#80	1
http://ex.org/variable#28 http://www.ibm.com/timex#oi http://ex.org/variable#81	1
http://ex.org/variable#28 http://www.ibm.com/timex#bi http://ex.org/variable#82	1
http://ex.org/variable#28 http://www.ibm.com/timex#d http://ex.org/variable#83	1
http://ex.org/variable#28 http://www.ibm.com/timex#di http://ex.org/variable#84	1
http://ex.org/variable#28 http://www.ibm.com/timex#di http://ex.org/variable#85	1
http://ex.org/variable#28 http://www.ibm.com/timex#d http://ex.org/variable#86	1
http://ex.org/variable#28 http://www.ibm.com/timex#d http://ex.org/variable#87	1
http://ex.org/variable#28 http://www.ibm.com/timex#o_fi http://ex.org/variable#88	1
http://ex.org/variable#28 http://www.ibm.com/timex#d http://ex.org/variable#89	1
http://ex.org/variable#28 http://www.ibm.com/timex#oi http://ex.org/variable#90	1
http://ex.org/variable#28 http://www.ibm.com/timex#d http://ex.org/variable#91	1
http://ex.org/variable#28 http://www.ibm.com/timex#d http://ex.org/variable#92	1
http://ex.org/variable#28 http://www.ibm.com/timex#oi_d http://ex.org/variable#93	1
http://ex.org/variable#28 http://www.ibm.com/timex#oi http://ex.org/variable#94	1
http://ex.org/variable#28 http://www.ibm.com/timex#bi http://ex.org/variable#95	1
http://ex.org/variable#28 http://www.ibm.com/timex#bi http://ex.org/variable#96	1
http://ex.org/variable#28 http://www.ibm.com/timex#d http://ex.org/variable#97	1
http://ex.org/variable#28 http://www.ibm.com/timex#o http://ex.org/variable#98	1
http://ex.org/variable#28 http://www.ibm.com/timex#di http://ex.org/variable#99	1
http://ex.org/variable#28 http://www.ibm.com/timex#bi http://ex.org/variable#100	1
http://ex.org/variable#28 http://www.ibm.com/timex#d http://ex.org/variable#101	1
http://ex.org/variable#28 http://www.ibm.com/timex#di http://ex.org/variable#102	1
http://ex.org/variable#28 http://www.ibm.com/timex#oi http://ex.org/variable#103	1
http://ex.org/variable#28 http://www.ibm.com/timex#b http://ex.org/variable#104	1
http://ex.org/variable#28 http://www.ibm.com/timex#d http://ex.org/variable#105	1
http://ex.org/variable#28 http://www.ibm.com/timex#d http://ex.org/variable#106	1
http://ex.org/variable#28 http://www.ibm.com/timex#oi http://ex.org/variable#107	1
http://ex.org/variable#28 http://www.ibm.com/timex#oi http://ex.org/variable#108	1
http://ex.org/variable#28 http://www.ibm.com/timex#di http://ex.org/variable#109	1
http://ex.org/variable#28 http://www.ibm.com/timex#d http://ex.org/variable#110	1
http://ex.org/variable#28 http://www.ibm.com/timex#oi http://ex.org/variable#111	1
http://ex.org/variable#28 http://www.ibm.com/timex#oi http://ex.org/variable#112	1
http://ex.org/variable#28 http://www.ibm.com/timex#di http://ex.org/variable#113	1
http://ex.org/variable#28 http://www.ibm.com/timex#oi http://ex.org/variable#114	1
http://ex.org/variable#28 http://www.ibm.com/timex#b_m_o http://ex.org/variable#115	1
http://ex.org/variable#28 http://www.ibm.com/timex#di http://ex.org/variable#116	1
http://ex.org/variable#28 http://www.ibm.com/timex#oi http://ex.org/variable#117	1
http://ex.org/variable#28 http://www.ibm.com/timex#oi http://ex.org/variable#118	1
http://ex.org/variable#28 http://www.ibm.com/timex#d http://ex.org/variable#119	1
http://ex.org/variable#28 http://www.ibm.com/timex#oi http://ex.org/variable#120	1
http://ex.org/variable#28 http://www.ibm.com/timex#b_m_o http://ex.org/variable#121	1
http://ex.org/variable#28 http://www.ibm.com/timex#oi http://ex.org/variable#122	1
http://ex.org/variable#28 http://www.ibm.com/timex#d http://ex.org/variable#123	1
http://ex.org/variable#28 http://www.ibm.com/timex#oi http://ex.org/variable#124	1
http://ex.org/variable#28 http://www.ibm.com/timex#oi http://ex.org/variable#125	1
http://ex.org/variable#28 http://www.ibm.com/timex#oi http://ex.org/variable#126	1
http://ex.org/variable#28 http://www.ibm.com/timex#o_di http://ex.org/variable#127	1
http://ex.org/variable#28 http://www.ibm.com/timex#d http://ex.org/variable#128	1
http://ex.org/variable#28 http://www.ibm.com/timex#mi_oi http://ex.org/variable#129	1
http://ex.org/variable#28 http://www.ibm.com/timex#oi http://ex.org/variable#130	1
http://ex.org/variable#28 http://www.ibm.com/timex#o http://ex.org/variable#131	1
http://ex.org/variable#28 http://www.ibm.com/timex#d http://ex.org/variable#132	1
http://ex.org/variable#28 http://www.ibm.com/timex#d http://ex.org/variable#133	1
http://ex.org/variable#28 http://www.ibm.com/timex#oi http://ex.org/variable#134	1
http://ex.org/variable#28 http://www.ibm.com/timex#d http://ex.org/variable#135	1
http://ex.org/variable#28 http://www.ibm.com/timex#d http://ex.org/variable#136	1
http://ex.org/variable#28 http://www.ibm.com/timex#oi http://ex.org/variable#137	1
http://ex.org/variable#28 http://www.ibm.com/timex#o http://ex.org/variable#138	1
http://ex.org/variable#28 http://www.ibm.com/timex#oi http://ex.org/variable#139	1
http://ex.org/variable#28 http://www.ibm.com/timex#oi http://ex.org/variable#140	1
http://ex.org/variable#28 http://www.ibm.com/timex#d http://ex.org/variable#141	1
http://ex.org/variable#28 http://www.ibm.com/timex#oi http://ex.org/variable#142	1
http://ex.org/variable#28 http://www.ibm.com/timex#d http://ex.org/variable#143	1
http://ex.org/variable#28 http://www.ibm.com/timex#d http://ex.org/variable#144	1
http://ex.org/variable#28 http://www.ibm.com/timex#o http://ex.org/variable#145	1
http://ex.org/variable#28 http://www.ibm.com/timex#d http://ex.org/variable#146	1
http://ex.org/variable#28 http://www.ibm.com/timex#oi http://ex.org/variable#147	1
http://ex.org/variable#28 http://www.ibm.com/timex#oi http://ex.org/variable#148	1
http://ex.org/variable#28 http://www.ibm.com/timex#bi http://ex.org/variable#149	1
http://ex.org/variable#28 http://www.ibm.com/timex#o http://ex.org/variable#150	1
http://ex.org/variable#28 http://www.ibm.com/timex#d http://ex.org/variable#151	1
http://ex.org/variable#28 http://www.ibm.com/timex#bi http://ex.org/variable#152	1
http://ex.org/variable#28 http://www.ibm.com/timex#d http://ex.org/variable#153	1
http://ex.org/variable#28 http://www.ibm.com/timex#oi http://ex.org/variable#154	1
http://ex.org/variable#28 http://www.ibm.com/timex#oi http://ex.org/variable#155	1
http://ex.org/variable#28 http://www.ibm.com/timex#oi http://ex.org/variable#156	1
http://ex.org/variable#28 http://www.ibm.com/timex#bi http://ex.org/variable#157	1
http://ex.org/variable#28 http://www.ibm.com/timex#oi http://ex.org/variable#158	1
http://ex.org/variable#28 http://www.ibm.com/timex#d http://ex.org/variable#159	1
http://ex.org/variable#28 http://www.ibm.com/timex#d http://ex.org/variable#160	1
http://ex.org/variable#28 http://www.ibm.com/timex#oi http://ex.org/variable#161	1
http://ex.org/variable#28 http://www.ibm.com/timex#oi http://ex.org/variable#162	1
http://ex.org/variable#28 http://www.ibm.com/timex#d http://ex.org/variable#163	1
http://ex.org/variable#28 http://www.ibm.com/timex#d http://ex.org/variable#164	1
http://ex.org/variable#28 http://www.ibm.com/timex#oi http://ex.org/variable#165	1
http://ex.org/variable#28 http://www.ibm.com/timex#oi http://ex.org/variable#166	1
http://ex.org/variable#28 http://www.ibm.com/timex#oi http://ex.org/variable#167	1
http://ex.org/variable#28 http://www.ibm.com/timex#d http://ex.org/variable#168	1
http://ex.org/variable#28 http://www.ibm.com/timex#d http://ex.org/variable#169	1
http://ex.org/variable#28 http://www.ibm.com/timex#o http://ex.org/variable#170	1
http://ex.org/variable#28 http://www.ibm.com/timex#oi http://ex.org/variable#171	1
http://ex.org/variable#28 http://www.ibm.com/timex#bi http://ex.org/variable#172	1
http://ex.org/variable#28 http://www.ibm.com/timex#di http://ex.org/variable#173	1
http://ex.org/variable#28 http://www.ibm.com/timex#di http://ex.org/variable#174	1
http://ex.org/variable#28 http://www.ibm.com/timex#oi http://ex.org/variable#175	1
http://ex.org/variable#28 http://www.ibm.com/timex#d http://ex.org/variable#176	1
http://ex.org/variable#28 http://www.ibm.com/timex#oi http://ex.org/variable#177	1
http://ex.org/variable#28 http://www.ibm.com/timex#d http://ex.org/variable#178	1
http://ex.org/variable#28 http://www.ibm.com/timex#d http://ex.org/variable#179	1
http://ex.org/variable#28 http://www.ibm.com/timex#bi http://ex.org/variable#180	1
http://ex.org/variable#28 http://www.ibm.com/timex#bi http://ex.org/variable#181	1
http://ex.org/variable#28 http://www.ibm.com/timex#oi http://ex.org/variable#182	1
http://ex.org/variable#28 http://www.ibm.com/timex#o http://ex.org/variable#183	1
http://ex.org/variable#28 http://www.ibm.com/timex#oi http://ex.org/variable#184	1
http://ex.org/variable#28 http://www.ibm.com/timex#oi http://ex.org/variable#185	1
http://ex.org/variable#28 http://www.ibm.com/timex#d http://ex.org/variable#186	1
http://ex.org/variable#28 http://www.ibm.com/timex#oi http://ex.org/variable#187	1
http://ex.org/variable#28 http://www.ibm.com/timex#oi http://ex.org/variable#188	1
http://ex.org/variable#28 http://www.ibm.com/timex#oi http://ex.org/variable#189	1
http://ex.org/variable#29 http://www.ibm.com/timex#d_s http://ex.org/variable#0	1
http://ex.org/variable#29 http://www.ibm.com/timex#o http://ex.org/variable#1	1
http://ex.org/variable#29 http://www.ibm.com/timex#d http://ex.org/variable#2	1
http://ex.org/variable#29 http://www.ibm.com/timex#di http://ex.org/variable#3	1
http://ex.org/variable#29 http://www.ibm.com/timex#o http://ex.org/variable#4	1
http://ex.org/variable#29 http://www.ibm.com/timex#oi http://ex.org/variable#5	1
http://ex.org/variable#29 http://www.ibm.com/timex#di http://ex.org/variable#6	1
http://ex.org/variable#29 http://www.ibm.com/timex#d http://ex.org/variable#7	1
http://ex.org/variable#29 http://www.ibm.com/timex#bi http://ex.org/variable#8	1
http://ex.org/variable#29 http://www.ibm.com/timex#o http://ex.org/variable#9	1
http://ex.org/variable#29 http://www.ibm.com/timex#di http://ex.org/variable#10	1
http://ex.org/variable#29 http://www.ibm.com/timex#d http://ex.org/variable#11	1
http://ex.org/variable#29 http://www.ibm.com/timex#d http://ex.org/variable#12	1
http://ex.org/variable#29 http://www.ibm.com/timex#oi http://ex.org/variable#13	1
http://ex.org/variable#29 http://www.ibm.com/timex#di http://ex.org/variable#14	1
http://ex.org/variable#29 http://www.ibm.com/timex#oi http://ex.org/variable#15	1
http://ex.org/variable#29 http://www.ibm.com/timex#oi http://ex.org/variable#16	1
http://ex.org/variable#29 http://www.ibm.com/timex#di http://ex.org/variable#17	1
http://ex.org/variable#29 http://www.ibm.com/timex#oi http://ex.org/variable#18	1
http://ex.org/variable#29 http://www.ibm.com/timex#oi http://ex.org/variable#19	1
http://ex.org/variable#29 http://www.ibm.com/timex#d http://ex.org/variable#20	1
http://ex.org/variable#29 http://www.ibm.com/timex#o http://ex.org/variable#21	1
http://ex.org/variable#29 http://www.ibm.com/timex#d http://ex.org/variable#22	1
http://ex.org/variable#29 http://www.ibm.com/timex#oi http://ex.org/variable#23	1
http://ex.org/variable#29 http://www.ibm.com/timex#d http://ex.org/variable#24	1
http://ex.org/variable#29 http://www.ibm.com/timex#bi http://ex.org/variable#25	1
http://ex.org/variable#29 http://www.ibm.com/timex#di http://ex.org/variable#26	1
http://ex.org/variable#29 http://www.ibm.com/timex#oi http://ex.org/variable#27	1
http://ex.org/variable#29 http://www.ibm.com/timex#di http://ex.org/variable#28	1
http://ex.org/variable#29 http://www.ibm.com/timex#di http://ex.org/variable#30	1
http://ex.org/variable#29 http://www.ibm.com/timex#oi http://ex.org/variable#31	1
http://ex.org/variable#29 http://www.ibm.com/timex#oi http://ex.org/variable#32	1
http://ex.org/variable#29 http://www.ibm.com/timex#o http://ex.org/variable#33	1
http://ex.org/variable#29 http://www.ibm.com/timex#oi http://ex.org/variable#34	1
http://ex.org/variable#29 http://www.ibm.com/timex#di http://ex.org/variable#35	1
http://ex.org/variable#29 http://www.ibm.com/timex#oi http://ex.org/variable#36	1
http://ex.org/variable#29 http://www.ibm.com/timex#oi http://ex.org/variable#37	1
http://ex.org/variable#29 http://www.ibm.com/timex#oi http://ex.org/variable#38	1
http://ex.org/variable#29 http://www.ibm.com/timex#di http://ex.org/variable#39	1
http://ex.org/variable#29 http://www.ibm.com/timex#oi http://ex.org/variable#40	1
http://ex.org/variable#29 http://www.ibm.com/timex#f http://ex.org/variable#41	1
http://ex.org/variable#29 http://www.ibm.com/timex#d http://ex.org/variable#42	1
http://ex.org/variable#29 http://www.ibm.com/timex#oi http://ex.org/variable#43	1
http://ex.org/variable#29 http://www.ibm.com/timex#oi http://ex.org/variable#44	1
http://ex.org/variable#29 http://www.ibm.com/timex#o http://ex.org/variable#45	1
http://ex.org/variable#29 http://www.ibm.com/timex#oi http://ex.org/variable#46	1
http://ex.org/variable#29 http://www.ibm.com/timex#oi http://ex.org/variable#47	1
http://ex.org/variable#29 http://www.ibm.com/timex#di http://ex.org/variable#48	1
http://ex.org/variable#29 http://www.ibm.com/timex#oi http://ex.org/variable#49	1
http://ex.org/variable#29 http://www.ibm.com/timex#o http://ex.org/variable#50	1
http://ex.org/variable#29 http://www.ibm.com/timex#di http://ex.org/variable#51	1
http://ex.org/variable#29 http://www.ibm.com/timex#oi http://ex.org/variable#52	1
http://ex.org/variable#29 http://www.ibm.com/timex#oi http://ex.org/variable#53	1
http://ex.org/variable#29 http://www.ibm.com/timex#oi http://ex.org/variable#54	1
http://ex.org/variable#29 http://www.ibm.com/timex#di http://ex.org/variable#55	1
http://ex.org/variable#29 http://www.ibm.com/timex#oi http://ex.org/variable#56	1
http://ex.org/variable#29 http://www.ibm.com/timex#oi http://ex.org/variable#57	1
http://ex.org/variable#29 http://www.ibm.com/timex#oi http://ex.org/variable#58	1
http://ex.org/variable#29 http://www.ibm.com/timex#d http://ex.org/variable#59	1
http://ex.org/variable#29 http://www.ibm.com/timex#d http://ex.org/variable#60	1
http://ex.org/variable#29 http://www.ibm.com/timex#d http://ex.org/variable#61	1
http://ex.org/variable#29 http://www.ibm.com/timex#d http://ex.org/variable#62	1
http://ex.org/variable#29 http://www.ibm.com/timex#oi http://ex.org/variable#63	1
http://ex.org/variable#29 http://www.ibm.com/timex#d http://ex.org/variable#64	1
http://ex.org/variable#29 http://www.ibm.com/timex#bi http://ex.org/variable#65	1
http://ex.org/variable#29 http://www.ibm.com/timex#oi http://ex.org/variable#66	1
http://ex.org/variable#29 http://www.ibm.com/timex#d http://ex.org/variable#67	1
http://ex.org/variable#29 http://www.ibm.com/timex#d http://ex.org/variable#68	1
http://ex.org/variable#29 http://www.ibm.com/timex#oi http://ex.org/variable#69	1
http://ex.org/variable#29 http://www.ibm.com/timex#d http://ex.org/variable#70	1
http://ex.org/variable#29 http://www.ibm.com/timex#oi http://ex.org/variable#71	1
http://ex.org/variable#29 http://www.ibm.com/timex#di http://ex.org/variable#72	1
http://ex.org/variable#29 http://www.ibm.com/timex#oi http://ex.org/variable#73	1
http://ex.org/variable#29 http://www.ibm.com/timex#d http://ex.org/variable#74	1
http://ex.org/variable#29 http://www.ibm.com/timex#oi http://ex.org/variable#75	1
http://ex.org/variable#29 http://www.ibm.com/timex#oi http://ex.org/variable#76	1
http://ex.org/variable#29 http://www.ibm.com/timex#d http://ex.org/variable#77	1
http://ex.org/variable#29 http://www.ibm.com/timex#oi http://ex.org/variable#78	1
http://ex.org/variable#29 http://www.ibm.com/timex#oi http://ex.org/variable#79	1
http://ex.org/variable#29 http://www.ibm.com/timex#d http://ex.org/variable#80	1
http://ex.org/variable#29 http://www.ibm.com/timex#oi http://ex.org/variable#81	1
http://ex.org/variable#29 http://www.ibm.com/timex#oi http://ex.org/variable#82	1
http://ex.org/variable#29 http://www.ibm.com/timex#d http://ex.org/variable#83	1
http://ex.org/variable#29 http://www.ibm.com/timex#di http://ex.org/variable#84	1
http://ex.org/variable#29 http://www.ibm.com/timex#di http://ex.org/variable#85	1
http://ex.org/variable#29 http://www.ibm.com/timex#d http://ex.org/variable#86	1
http://ex.org/variable#29 http://www.ibm.com/timex#o http://ex.org/variable#87	1
http://ex.org/variable#29 http://www.ibm.com/timex#di http://ex.org/variable#88	1
http://ex.org/variable#29 http://www.ibm.com/timex#d http://ex.org/variable#89	1
http://ex.org/variable#29 http://www.ibm.com/timex#oi_di_si http://ex.org/variable#90	1
http://ex.org/variable#29 http://www.ibm.com/timex#d http://ex.org/variable#91	1
http://ex.org/variable#29 http://www.ibm.com/timex#o http://ex.org/variable#92	1
http://ex.org/variable#29 http://www.ibm.com/timex#oi http://ex.org/variable#93	1
http://ex.org/variable#29 http://www.ibm.com/timex#oi http://ex.org/variable#94	1
http://ex.org/variable#29 http://www.ibm.com/timex#di http://ex.org/variable#95	1
http://ex.org/variable#29 http://www.ibm.com/timex#bi http://ex.org/variable#96	1
http://ex.org/variable#29 http://www.ibm.com/timex#eq_f http://ex.org/variable#97	1
http://ex.org/variable#29 http://www.ibm.com/timex#o http://ex.org/variable#98	1
http://ex.org/variable#29 http://www.ibm.com/timex#di http://ex.org/variable#99	1
http://ex.org/variable#29 http://www.ibm.com/timex#mi_oi http://ex.org/variable#100	1
http://ex.org/variable#29 http://www.ibm.com/timex#d http://ex.org/variable#101	1
http://ex.org/variable#29 http://www.ibm.com/timex#di http://ex.org/variable#102	1
http://ex.org/variable#29 http://www.ibm.com/timex#oi http://ex.org/variable#103	1
http://ex.org/variable#29 http://www.ibm.com/timex#b http://ex.org/variable#104	1
http://ex.org/variable#29 http://www.ibm.com/timex#d http://ex.org/variable#105	1
http://ex.org/variable#29 http://www.ibm.com/timex#d http://ex.org/variable#106	1
http://ex.org/variable#29 http://www.ibm.com/timex#oi http://ex.org/variable#107	1
http://ex.org/variable#29 http://www.ibm.com/timex#di http://ex.org/variable#108	1
http://ex.org/variable#29 http://www.ibm.com/timex#di http://ex.org/variable#109	1
http://ex.org/variable#29 http://www.ibm.com/timex#d http://ex.org/variable#110	1
http://ex.org/variable#29 http://www.ibm.com/timex#oi http://ex.org/variable#111	1
http://ex.org/variable#29 http://www.ibm.com/timex#oi http://ex.org/variable#112	1
http://ex.org/variable#29 http://www.ibm.com/timex#di http://ex.org/variable#113	1
http://ex.org/variable#29 http://www.ibm.com/timex#oi http://ex.org/variable#114	1
http://ex.org/variable#29 http://www.ibm.com/timex#fi http://ex.org/variable#115	1
http://ex.org/variable#29 http://www.ibm.com/timex#di http://ex.org/variable#116	1
http://ex.org/variable#29 http://www.ibm.com/timex#oi http://ex.org/variable#117	1
http://ex.org/variable#29 http://www.ibm.com/timex#oi http://ex.org/variable#118	1
http://ex.org/variable#29 http://www.ibm.com/timex#d http://ex.org/variable#119	1
http://ex.org/variable#29 http://www.ibm.com/timex#oi http://ex.org/variable#120	1
http://ex.org/variable#29 http://www.ibm.com/timex#fi http://ex.org/variable#121	1
http://ex.org/variable#29 http://www.ibm.com/timex#oi http://ex.org/variable#122	1
http://ex.org/variable#29 http://www.ibm.com/timex#o http://ex.org/variable#123	1
http://ex.org/variable#29 http://www.ibm.com/timex#oi http://ex.org/variable#124	1
http://ex.org/variable#29 http://www.ibm.com/timex#oi http://ex.org/variable#125	1
http://ex.org/variable#29 http://www.ibm.com/timex#di http://ex.org/variable#126	1
http://ex.org/variable#29 http://www.ibm.com/timex#di http://ex.org/variable#127	1
http://ex.org/variable#29 http://www.ibm.com/timex#o_s http://ex.org/variable#128	1
http://ex.org/variable#29 http://www.ibm.com/timex#oi http://ex.org/variable#129	1
http://ex.org/variable#29 http://www.ibm.com/timex#oi http://ex.org/variable#130	1
http://ex.org/variable#29 http://www.ibm.com/timex#o http://ex.org/variable#131	1
http://ex.org/variable#29 http://www.ibm.com/timex#d http://ex.org/variable#132	1
http://ex.org/variable#29 http://www.ibm.com/timex#o http://ex.org/variable#133	1
http://ex.org/variable#29 http://www.ibm.com/timex#oi http://ex.org/variable#134	1
http://ex.org/variable#29 http://www.ibm.com/timex#d http://ex.org/variable#135	1
http://ex.org/variable#29 http://www.ibm.com/timex#d http://ex.org/variable#136	1
http://ex.org/variable#29 http://www.ibm.com/timex#di http://ex.org/variable#137	1
http://ex.org/variable#29 http://www.ibm.com/timex#o http://ex.org/variable#138	1
http://ex.org/variable#29 http://www.ibm.com/timex#oi http://ex.org/variable#139	1
http://ex.org/variable#29 http://www.ibm.com/timex#oi http://ex.org/variable#140	1
http://ex.org/variable#29 http://www.ibm.com/timex#d http://ex.org/variable#141	1
http://ex.org/variable#29 http://www.ibm.com/timex#oi http://ex.org/variable#142	1
http://ex.org/variable#29 http://www.ibm.com/timex#d http://ex.org/variable#143	1
http://ex.org/variable#29 http://www.ibm.com/timex#d http://ex.org/variable#144	1
http://ex.org/variable#29 http://www.ibm.com/timex#fi http://ex.org/variable#145	1
http://ex.org/variable#29 http://www.ibm.com/timex#o http://ex.org/variable#146	1
http://ex.org/variable#29 http://www.ibm.com/timex#oi http://ex.org/variable#147	1
http://ex.org/variable#29 http://www.ibm.com/timex#oi http://ex.org/variable#148	1
http://ex.org/variable#29 http://www.ibm.com/timex#mi_oi http://ex.org/variable#149	1
http://ex.org/variable#29 http://www.ibm.com/timex#o http://ex.org/variable#150	1
http://ex.org/variable#29 http://www.ibm.com/timex#d http://ex.org/variable#151	1
http://ex.org/variable#29 http://www.ibm.com/timex#bi http://ex.org/variable#152	1
http://ex.org/variable#29 http://www.ibm.com/timex#d http://ex.org/variable#153	1
http://ex.org/variable#29 http://www.ibm.com/timex#di http://ex.org/variable#154	1
http://ex.org/variable#29 http://www.ibm.com/timex#oi http://ex.org/variable#155	1
http://ex.org/variable#29 http://www.ibm.com/timex#oi http://ex.org/variable#156	1
http://ex.org/variable#29 http://www.ibm.com/timex#bi http://ex.org/variable#157	1
http://ex.org/variable#29 http://www.ibm.com/timex#oi http://ex.org/variable#158	1
http://ex.org/variable#29 http://www.ibm.com/timex#o http://ex.org/variable#159	1
http://ex.org/variable#29 http://www.ibm.com/timex#oi http://ex.org/variable#160	1
http://ex.org/variable#29 http://www.ibm.com/timex#di http://ex.org/variable#161	1
http://ex.org/variable#29 http://www.ibm.com/timex#oi http://ex.org/variable#162	1
http://ex.org/variable#29 http://www.ibm.com/timex#fi http://ex.org/variable#163	1
http://ex.org/variable#29 http://www.ibm.com/timex#o_d_s http://ex.org/variable#164	1
http://ex.org/variable#29 http://www.ibm.com/timex#oi_si http://ex.org/variable#165	1
http://ex.org/variable#29 http://www.ibm.com/timex#oi http://ex.org/variable#166	1
http://ex.org/variable#29 http://www.ibm.com/timex#oi http://ex.org/variable#167	1
http://ex.org/variable#29 http://www.ibm.com/timex#o http://ex.org/variable#168	1
http://ex.org/variable#29 http://www.ibm.com/timex#d http://ex.org/variable#169	1
http://ex.org/variable#29 http://www.ibm.com/timex#o http://ex.org/variable#170	1
http://ex.org/variable#29 http://www.ibm.com/timex#oi http://ex.org/variable#171	1
http://ex.org/variable#29 http://www.ibm.com/timex#bi http://ex.org/variable#172	1
http://ex.org/variable#29 http://www.ibm.com/timex#di http://ex.org/variable#173	1
http://ex.org/variable#29 http://www.ibm.com/timex#di http://ex.org/variable#174	1
http://ex.org/variable#29 http://www.ibm.com/timex#oi http://ex.org/variable#175	1
http://ex.org/variable#29 http://www.ibm.com/timex#o http://ex.org/variable#176	1
http://ex.org/variable#29 http://www.ibm.com/timex#oi http://ex.org/variable#177	1
http://ex.org/variable#29 http://www.ibm.com/timex#d http://ex.org/variable#178	1
http://ex.org/variable#29 http://www.ibm.com/timex#o http://ex.org/variable#179	1
http://ex.org/variable#29 http://www.ibm.com/timex#bi http://ex.org/variable#180	1
http://ex.org/variable#29 http://www.ibm.com/timex#mi_oi http://ex.org/variable#181	1
http://ex.org/variable#29 http://www.ibm.com/timex#di http://ex.org/variable#182	1
http://ex.org/variable#29 http://www.ibm.com/timex#o http://ex.org/variable#183	1
http://ex.org/variable#29 http://www.ibm.com/timex#oi http://ex.org/variable#184	1
http://ex.org/variable#29 http://www.ibm.com/timex#oi http://ex.org/variable#185	1
http://ex.org/variable#29 http://www.ibm.com/timex#fi http://ex.org/variable#186	1
http://ex.org/variable#29 http://www.ibm.com/timex#oi http://ex.org/variable#187	1
http://ex.org/variable#29 http://www.ibm.com/timex#di http://ex.org/variable#188	1
http://ex.org/variable#29 http://www.ibm.com/timex#di http://ex.org/variable#189	1
http://ex.org/variable#30 http://www.ibm.com/timex#d http://ex.org/variable#0	1
http://ex.org/variable#30 http://www.ibm.com/timex#b http://ex.org/variable#1	1
http://ex.org/variable#30 http://www.ibm.com/timex#d http://ex.org/variable#2	1
http://ex.org/variable#30 http://www.ibm.com/timex#d http://ex.org/variable#3	1
http://ex.org/variable#30 http://www.ibm.com/timex#d http://ex.org/variable#4	1
http://ex.org/variable#30 http://www.ibm.com/timex#oi_d http://ex.org/variable#5	1
http://ex.org/variable#30 http://www.ibm.com/timex#b http://ex.org/variable#6	1
http://ex.org/variable#30 http://www.ibm.com/timex#d http://ex.org/variable#7	1
http://ex.org/variable#30 http://www.ibm.com/timex#bi http://ex.org/variable#8	1
http://ex.org/variable#30 http://www.ibm.com/timex#o http://ex.org/variable#9	1
http://ex.org/variable#30 http://www.ibm.com/timex#d http://ex.org/variable#10	1
http://ex.org/variable#30 http://www.ibm.com/timex#d http://ex.org/variable#11	1
http://ex.org/variable#30 http://www.ibm.com/timex#d http://ex.org/variable#12	1
http://ex.org/variable#30 http://www.ibm.com/timex#oi http://ex.org/variable#13	1
http://ex.org/variable#30 http://www.ibm.com/timex#o http://ex.org/variable#14	1
http://ex.org/variable#30 http://www.ibm.com/timex#d http://ex.org/variable#15	1
http://ex.org/variable#30 http://www.ibm.com/timex#d http://ex.org/variable#16	1
http://ex.org/variable#30 http://www.ibm.com/timex#b http://ex.org/variable#17	1
http://ex.org/variable#30 http://www.ibm.com/timex#d http://ex.org/variable#18	1
http://ex.org/variable#30 http://www.ibm.com/timex#bi http://ex.org/variable#19	1
http://ex.org/variable#30 http://www.ibm.com/timex#d http://ex.org/variable#20	1
http://ex.org/variable#30 http://www.ibm.com/timex#b http://ex.org/variable#21	1
http://ex.org/variable#30 http://www.ibm.com/timex#d http://ex.org/variable#22	1
http://ex.org/variable#30 http://www.ibm.com/timex#bi http://ex.org/variable#23	1
http://ex.org/variable#30 http://www.ibm.com/timex#d http://ex.org/variable#24	1
http://ex.org/variable#30 http://www.ibm.com/timex#bi http://ex.org/variable#25	1
http://ex.org/variable#30 http://www.ibm.com/timex#b http://ex.org/variable#26	1
http://ex.org/variable#30 http://www.ibm.com/timex#bi http://ex.org/variable#27	1
http://ex.org/variable#30 http://www.ibm.com/timex#o http://ex.org/variable#28	1
http://ex.org/variable#30 http://www.ibm.com/timex#d http://ex.org/variable#29	1
http://ex.org/variable#30 http://www.ibm.com/timex#d http://ex.org/variable#31	1
http://ex.org/variable#30 http://www.ibm.com/timex#bi http://ex.org/variable#32	1
http://ex.org/variable#30 http://www.ibm.com/timex#b http://ex.org/variable#33	1
http://ex.org/variable#30 http://www.ibm.com/timex#d http://ex.org/variable#34	1
http://ex.org/variable#30 http://www.ibm.com/timex#oi http://ex.org/variable#35	1
http://ex.org/variable#30 http://www.ibm.com/timex#oi http://ex.org/variable#36	1
http://ex.org/variable#30 http://www.ibm.com/timex#bi http://ex.org/variable#37	1
http://ex.org/variable#30 http://www.ibm.com/timex#d http://ex.org/variable#38	1
http://ex.org/variable#30 http://www.ibm.com/timex#b http://ex.org/variable#39	1
http://ex.org/variable#30 http://www.ibm.com/timex#d http://ex.org/variable#40	1
http://ex.org/variable#30 http://www.ibm.com/timex#d http://ex.org/variable#41	1
http://ex.org/variable#30 http://www.ibm.com/timex#d http://ex.org/variable#42	1
http://ex.org/variable#30 http://www.ibm.com/timex#d http://ex.org/variable#43	1
http://ex.org/variable#30 http://www.ibm.com/timex#d http://ex.org/variable#44	1
http://ex.org/variable#30 http://www.ibm.com/timex#d http://ex.org/variable#45	1
http://ex.org/variable#30 http://www.ibm.com/timex#d http://ex.org/variable#46	1
http://ex.org/variable#30 http://www.ibm.com/timex#d http://ex.org/variable#47	1
http://ex.org/variable#30 http://www.ibm.com/timex#b http://ex.org/variable#48	1
http://ex.org/variable#30 http://www.ibm.com/timex#bi http://ex.org/variable#49	1
http://ex.org/variable#30 http://www.ibm.com/timex#d http://ex.org/variable#50	1
http://ex.org/variable#30 http://www.ibm.com/timex#b http://ex.org/variable#51	1
http://ex.org/variable#30 http://www.ibm.com/timex#d http://ex.org/variable#52	1
http://ex.org/variable#30 http://www.ibm.com/timex#d http://ex.org/variable#53	1
http://ex.org/variable#30 http://www.ibm.com/timex#d http://ex.org/variable#54	1
http://ex.org/variable#30 http://www.ibm.com/timex#d http://ex.org/variable#55	1
http://ex.org/variable#30 http://www.ibm.com/timex#oi_d_f http://ex.org/variable#56	1
http://ex.org/variable#30 http://www.ibm.com/timex#d http://ex.org/variable#57	1
http://ex.org/variable#30 http://www.ibm.com/timex#d http://ex.org/variable#58	1
http://ex.org/variable#30 http://www.ibm.com/timex#d http://ex.org/variable#59	1
http://ex.org/variable#30 http://www.ibm.com/timex#d http://ex.org/variable#60	1
http://ex.org/variable#30 http://www.ibm.com/timex#d http://ex.org/variable#61	1
http://ex.org/variable#30 http://www.ibm.com/timex#d http://ex.org/variable#62	1
http://ex.org/variable#30 http://www.ibm.com/timex#d http://ex.org/variable#63	1
http://ex.org/variable#30 http://www.ibm.com/timex#d http://ex.org/variable#64	1
http://ex.org/variable#30 http://www.ibm.com/timex#bi http://ex.org/variable#65	1
http://ex.org/variable#30 http://www.ibm.com/timex#bi http://ex.org/variable#66	1
http://ex.org/variable#30 http://www.ibm.com/timex#d http://ex.org/variable#67	1
http://ex.org/variable#30 http://www.ibm.com/timex#d http://ex.org/variable#68	1
http://ex.org/variable#30 http://www.ibm.com/timex#d http://ex.org/variable#69	1
http://ex.org/variable#30 http://www.ibm.com/timex#d http://ex.org/variable#70	1
http://ex.org/variable#30 http://www.ibm.com/timex#d http://ex.org/variable#71	1
http://ex.org/variable#30 http://www.ibm.com/timex#d http://ex.org/variable#72	1
http://ex.org/variable#30 http://www.ibm.com/timex#d http://ex.org/variable#73	1
http://ex.org/variable#30 http://www.ibm.com/timex#d http://ex.org/variable#74	1
http://ex.org/variable#30 http://www.ibm.com/timex#d http://ex.org/variable#75	1
http://ex.org/variable#30 http://www.ibm.com/timex#d http://ex.org/variable#76	1
http://ex.org/variable#30 http://www.ibm.com/timex#d http://ex.org/variable#77	1
http://ex.org/variable#30 http://www.ibm.com/timex#d http://ex.org/variable#78	1
http://ex.org/variable#30 http://www.ibm.com/timex#d http://ex.org/variable#79	1
http://ex.org/variable#30 http://www.ibm.com/timex#d http://ex.org/variable#80	1
http://ex.org/variable#30 http://www.ibm.com/timex#d http://ex.org/variable#81	1
http://ex.org/variable#30 http://www.ibm.com/timex#bi http://ex.org/variable#82	1
http://ex.org/variable#30 http://www.ibm.com/timex#d http://ex.org/variable#83	1
http://ex.org/variable#30 http://www.ibm.com/timex#o http://ex.org/variable#84	1
http://ex.org/variable#30 http://www.ibm.com/timex#b http://ex.org/variable#85	1
http://ex.org/variable#30 http://www.ibm.com/timex#d http://ex.org/variable#86	1
http://ex.org/variable#30 http://www.ibm.com/timex#o http://ex.org/variable#87	1
http://ex.org/variable#30 http://www.ibm.com/timex#b http://ex.org/variable#88	1
http://ex.org/variable#30 http://www.ibm.com/timex#d http://ex.org/variable#89	1
http://ex.org/variable#30 http://www.ibm.com/timex#d http://ex.org/variable#90	1
http://ex.org/variable#30 http://www.ibm.com/timex#d http://ex.org/variable#91	1
http://ex.org/variable#30 http://www.ibm.com/timex#o http://ex.org/variable#92	1
http://ex.org/variable#30 http://www.ibm.com/timex#d http://ex.org/variable#93	1
http://ex.org/variable#30 http://www.ibm.com/timex#d http://ex.org/variable#94	1
http://ex.org/variable#30 http://www.ibm.com/timex#si http://ex.org/variable#95	1
http://ex.org/variable#30 http://www.ibm.com/timex#bi http://ex.org/variable#96	1
http://ex.org/variable#30 http://www.ibm.com/timex#d http://ex.org/variable#97	1
http://ex.org/variable#30 http://www.ibm.com/timex#b http://ex.org/variable#98	1
http://ex.org/variable#30 http://www.ibm.com/timex#b http://ex.org/variable#99	1
http://ex.org/variable#30 http://www.ibm.com/timex#bi http://ex.org/variable#100	1
http://ex.org/variable#30 http://www.ibm.com/timex#d http://ex.org/variable#101	1
http://ex.org/variable#30 http://www.ibm.com/timex#b http://ex.org/variable#102	1
http://ex.org/variable#30 http://www.ibm.com/timex#d http://ex.org/variable#103	1
http://ex.org/variable#30 http://www.ibm.com/timex#b http://ex.org/variable#104	1
http://ex.org/variable#30 http://www.ibm.com/timex#d http://ex.org/variable#105	1
http://ex.org/variable#30 http://www.ibm.com/timex#d http://ex.org/variable#106	1
http://ex.org/variable#30 http://www.ibm.com/timex#d http://ex.org/variable#107	1
http://ex.org/variable#30 http://www.ibm.com/timex#oi_d_f http://ex.org/variable#108	1
http://ex.org/variable#30 http://www.ibm.com/timex#b http://ex.org/variable#109	1
http://ex.org/variable#30 http://www.ibm.com/timex#d http://ex.org/variable#110	1
http://ex.org/variable#30 http://www.ibm.com/timex#d http://ex.org/variable#111	1
http://ex.org/variable#30 http://www.ibm.com/timex#d http://ex.org/variable#112	1
http://ex.org/variable#30 http://www.ibm.com/timex#o http://ex.org/variable#113	1
http://ex.org/variable#30 http://www.ibm.com/timex#d http://ex.org/variable#114	1
http://ex.org/variable#30 http://www.ibm.com/timex#b http://ex.org/variable#115	1
http://ex.org/variable#30 http://www.ibm.com/timex#b http://ex.org/variable#116	1
http://ex.org/variable#30 http://www.ibm.com/timex#oi http://ex.org/variable#117	1
http://ex.org/variable#30 http://www.ibm.com/timex#d http://ex.org/variable#118	1
http://ex.org/variable#30 http://www.ibm.com/timex#d http://ex.org/variable#119	1
http://ex.org/variable#30 http://www.ibm.com/timex#oi http://ex.org/variable#120	1
http://ex.org/variable#30 http://www.ibm.com/timex#b http://ex.org/variable#121	1
http://ex.org/variable#30 http://www.ibm.com/timex#d http://ex.org/variable#122	1
http://ex.org/variable#30 http://www.ibm.com/timex#d http://ex.org/variable#123	1
http://ex.org/variable#30 http://www.ibm.com/timex#f http://ex.org/variable#124	1
http://ex.org/variable#30 http://www.ibm.com/timex#d http://ex.org/variable#125	1
http://ex.org/variable#30 http://www.ibm.com/timex#o http://ex.org/variable#126	1
http://ex.org/variable#30 http://www.ibm.com/timex#b http://ex.org/variable#127	1
http://ex.org/variable#30 http://www.ibm.com/timex#d http://ex.org/variable#128	1
http://ex.org/variable#30 http://www.ibm.com/timex#oi http://ex.org/variable#129	1
http://ex.org/variable#30 http://www.ibm.com/timex#oi http://ex.org/variable#130	1
http://ex.org/variable#30 http://www.ibm.com/timex#b http://ex.org/variable#131	1
http://ex.org/variable#30 http://www.ibm.com/timex#d http://ex.org/variable#132	1
http://ex.org/variable#30 http://www.ibm.com/timex#d http://ex.org/variable#133	1
http://ex.org/variable#30 http://www.ibm.com/timex#d http://ex.org/variable#134	1
http://ex.org/variable#30 http://www.ibm.com/timex#d http://ex.org/variable#135	1
http://ex.org/variable#30 http://www.ibm.com/timex#d http://ex.org/variable#136	1
http://ex.org/variable#30 http://www.ibm.com/timex#d http://ex.org/variable#137	1
http://ex.org/variable#30 http://www.ibm.com/timex#b http://ex.org/variable#138	1
http://ex.org/variable#30 http://www.ibm.com/timex#d http://ex.org/variable#139	1
http://ex.org/variable#30 http://www.ibm.com/timex#d http://ex.org/variable#140	1
http://ex.org/variable#30 http://www.ibm.com/timex#d http://ex.org/variable#141	1
http://ex.org/variable#30 http://www.ibm.com/timex#d http://ex.org/variable#142	1
http://ex.org/variable#30 http://www.ibm.com/timex#d http://ex.org/variable#143	1
http://ex.org/variable#30 http://www.ibm.com/timex#d http://ex.org/variable#144	1
http://ex.org/variable#30 http://www.ibm.com/timex#b http://ex.org/variable#145	1
http://ex.org/variable#30 http://www.ibm.com/timex#d http://ex.org/variable#146	1
http://ex.org/variable#30 http://www.ibm.com/timex#d http://ex.org/variable#147	1
http://ex.org/variable#30 http://www.ibm.com/timex#d http://ex.org/variable#148	1
http://ex.org/variable#30 http://www.ibm.com/timex#bi http://ex.org/variable#149	1
http://ex.org/variable#30 http://www.ibm.com/timex#b http://ex.org/variable#150	1
http://ex.org/variable#30 http://www.ibm.com/timex#d http://ex.org/variable#151	1
http://ex.org/variable#30 http://www.ibm.com/timex#bi http://ex.org/variable#152	1
http://ex.org/variable#30 http://www.ibm.com/timex#d http://ex.org/variable#153	1
http://ex.org/variable#30 http://www.ibm.com/timex#d http://ex.org/variable#154	1
http://ex.org/variable#30 http://www.ibm.com/timex#d http://ex.org/variable#155	1
http://ex.org/variable#30 http://www.ibm.com/timex#d http://ex.org/variable#156	1
http://ex.org/variable#30 http://www.ibm.com/timex#bi http://ex.org/variable#157	1
http://ex.org/variable#30 http://www.ibm.com/timex#d http://ex.org/variable#158	1
http://ex.org/variable#30 http://www.ibm.com/timex#d http://ex.org/variable#159	1
http://ex.org/variable#30 http://www.ibm.com/timex#d http://ex.org/variable#160	1
http://ex.org/variable#30 http://www.ibm.com/timex#d http://ex.org/variable#161	1
http://ex.org/variable#30 http://www.ibm.com/timex#oi_d http://ex.org/variable#162	1
http://ex.org/variable#30 http://www.ibm.com/timex#d http://ex.org/variable#163	1
http://ex.org/variable#30 http://www.ibm.com/timex#d http://ex.org/variable#164	1
http://ex.org/variable#30 http://www.ibm.com/timex#d http://ex.org/variable#165	1
http://ex.org/variable#30 http://www.ibm.com/timex#d http://ex.org/variable#166	1
http://ex.org/variable#30 http://www.ibm.com/timex#d http://ex.org/variable#167	1
http://ex.org/variable#30 http://www.ibm.com/timex#o http://ex.org/variable#168	1
http://ex.org/variable#30 http://www.ibm.com/timex#d http://ex.org/variable#169	1
http://ex.org/variable#30 http://www.ibm.com/timex#b http://ex.org/variable#170	1
http://ex.org/variable#30 http://www.ibm.com/timex#d http://ex.org/variable#171	1
http://ex.org/variable#30 http://www.ibm.com/timex#bi http://ex.org/variable#172	1
http://ex.org/variable#30 http://www.ibm.com/timex#b http://ex.org/variable#173	1
http://ex.org/variable#30 http://www.ibm.com/timex#o http://ex.org/variable#174	1
http://ex.org/variable#30 http://www.ibm.com/timex#d http://ex.org/variable#175	1
http://ex.org/variable#30 http://www.ibm.com/timex#d http://ex.org/variable#176	1
http://ex.org/variable#30 http://www.ibm.com/timex#d http://ex.org/variable#177	1
http://ex.org/variable#30 http://www.ibm.com/timex#d http://ex.org/variable#178	1
http://ex.org/variable#30 http://www.ibm.com/timex#d http://ex.org/variable#179	1
http://ex.org/variable#30 http://www.ibm.com/timex#bi http://ex.org/variable#180	1
http://ex.org/variable#30 http://www.ibm.com/timex#bi http://ex.org/variable#181	1
http://ex.org/variable#30 http://www.ibm.com/timex#d http://ex.org/variable#182	1
http://ex.org/variable#30 http://www.ibm.com/timex#b http://ex.org/variable#183	1
http://ex.org/variable#30 http://www.ibm.com/timex#d http://ex.org/variable#184	1
http://ex.org/variable#30 http://www.ibm.com/timex#d http://ex.org/variable#185	1
http://ex.org/variable#30 http://www.ibm.com/timex#d_s http://ex.org/variable#186	1
http://ex.org/variable#30 http://www.ibm.com/timex#d http://ex.org/variable#187	1
http://ex.org/variable#30 http://www.ibm.com/timex#o http://ex.org/variable#188	1
http://ex.org/variable#30 http://www.ibm.com/timex#d http://ex.org/variable#189	1
http://ex.org/variable#31 http://www.ibm.com/timex#o http://ex.org/variable#0	1
http://ex.org/variable#31 http://www.ibm.com/timex#b http://ex.org/variable#1	1
http://ex.org/variable#31 http://www.ibm.com/timex#o http://ex.org/variable#2	1
http://ex.org/variable#31 http://www.ibm.com/timex#o http://ex.org/variable#3	1
http://ex.org/variable#31 http://www.ibm.com/timex#o http://ex.org/variable#4	1
http://ex.org/variable#31 http://www.ibm.com/timex#o_di http://ex.org/variable#5	1
http://ex.org/variable#31 http://www.ibm.com/timex#b http://ex.org/variable#6	1
http://ex.org/variable#31 http://www.ibm.com/timex#o http://ex.org/variable#7	1
http://ex.org/variable#31 http://www.ibm.com/timex#di http://ex.org/variable#8	1
http://ex.org/variable#31 http://www.ibm.com/timex#o http://ex.org/variable#9	1
http://ex.org/variable#31 http://www.ibm.com/timex#o http://ex.org/variable#10	1
http://ex.org/variable#31 http://www.ibm.com/timex#o http://ex.org/variable#11	1
http://ex.org/variable#31 http://www.ibm.com/timex#o http://ex.org/variable#12	1
http://ex.org/variable#31 http://www.ibm.com/timex#di http://ex.org/variable#13	1
http://ex.org/variable#31 http://www.ibm.com/timex#o http://ex.org/variable#14	1
http://ex.org/variable#31 http://www.ibm.com/timex#o http://ex.org/variable#15	1
http://ex.org/variable#31 http://www.ibm.com/timex#o http://ex.org/variable#16	1
http://ex.org/variable#31 http://www.ibm.com/timex#b http://ex.org/variable#17	1
http://ex.org/variable#31 http://www.ibm.com/timex#o http://ex.org/variable#18	1
http://ex.org/variable#31 http://www.ibm.com/timex#di http://ex.org/variable#19	1
http://ex.org/variable#31 http://www.ibm.com/timex#o http://ex.org/variable#20	1
http://ex.org/variable#31 http://www.ibm.com/timex#b http://ex.org/variable#21	1
http://ex.org/variable#31 http://www.ibm.com/timex#o http://ex.org/variable#22	1
http://ex.org/variable#31 http://www.ibm.com/timex#di http://ex.org/variable#23	1
http://ex.org/variable#31 http://www.ibm.com/timex#o http://ex.org/variable#24	1
http://ex.org/variable#31 http://www.ibm.com/timex#di http://ex.org/variable#25	1
http://ex.org/variable#31 http://www.ibm.com/timex#b http://ex.org/variable#26	1
http://ex.org/variable#31 http://www.ibm.com/timex#oi_di_si http://ex.org/variable#27	1
http://ex.org/variable#31 http://www.ibm.com/timex#o http://ex.org/variable#28	1
http://ex.org/variable#31 http://www.ibm.com/timex#o http://ex.org/variable#29	1
http://ex.org/variable#31 http://www.ibm.com/timex#di http://ex.org/variable#30	1
http://ex.org/variable#31 http://www.ibm.com/timex#di http://ex.org/variable#32	1
http://ex.org/variable#31 http://www.ibm.com/timex#b http://ex.org/variable#33	1
http://ex.org/variable#31 http://www.ibm.com/timex#o http://ex.org/variable#34	1
http://ex.org/variable#31 http://www.ibm.com/timex#di http://ex.org/variable#35	1
http://ex.org/variable#31 http://www.ibm.com/timex#di http://ex.org/variable#36	1
http://ex.org/variable#31 http://www.ibm.com/timex#di http://ex.org/variable#37	1
http://ex.org/variable#31 http://www.ibm.com/timex#o http://ex.org/variable#38	1
http://ex.org/variable#31 http://www.ibm.com/timex#b http://ex.org/variable#39	1
http://ex.org/variable#31 http://www.ibm.com/timex#o http://ex.org/variable#40	1
http://ex.org/variable#31 http://www.ibm.com/timex#o http://ex.org/variable#41	1
http://ex.org/variable#31 http://www.ibm.com/timex#o http://ex.org/variable#42	1
http://ex.org/variable#31 http://www.ibm.com/timex#o http://ex.org/variable#43	1
http://ex.org/variable#31 http://www.ibm.com/timex#o http://ex.org/variable#44	1
http://ex.org/variable#31 http://www.ibm.com/timex#o http://ex.org/variable#45	1
http://ex.org/variable#31 http://www.ibm.com/timex#o http://ex.org/variable#46	1
http://ex.org/variable#31 http://www.ibm.com/timex#o_d_s http://ex.org/variable#47	1
http://ex.org/variable#31 http://www.ibm.com/timex#b http://ex.org/variable#48	1
http://ex.org/variable#31 http://www.ibm.com/timex#di http://ex.org/variable#49	1
http://ex.org/variable#31 http://www.ibm.com/timex#o http://ex.org/variable#50	1
http://ex.org/variable#31 http://www.ibm.com/timex#b http://ex.org/variable#51	1
http://ex.org/variable#31 http://www.ibm.com/timex#o http://ex.org/variable#52	1
http://ex.org/variable#31 http://www.ibm.com/timex#o http://ex.org/variable#53	1
http://ex.org/variable#31 http://www.ibm.com/timex#o http://ex.org/variable#54	1
http://ex.org/variable#31 http://www.ibm.com/timex#o http://ex.org/variable#55	1
http://ex.org/variable#31 http://www.ibm.com/timex#di http://ex.org/variable#56	1
http://ex.org/variable#31 http://www.ibm.com/timex#o http://ex.org/variable#57	1
http://ex.org/variable#31 http://www.ibm.com/timex#o http://ex.org/variable#58	1
http://ex.org/variable#31 http://www.ibm.com/timex#o http://ex.org/variable#59	1
http://ex.org/variable#31 http://www.ibm.com/timex#o http://ex.org/variable#60	1
http://ex.org/variable#31 http://www.ibm.com/timex#o http://ex.org/variable#61	1
http://ex.org/variable#31 http://www.ibm.com/timex#o http://ex.org/variable#62	1
http://ex.org/variable#31 http://www.ibm.com/timex#o http://ex.org/variable#63	1
http://ex.org/variable#31 http://www.ibm.com/timex#o http://ex.org/variable#64	1
http://ex.org/variable#31 http://www.ibm.com/timex#di http://ex.org/variable#65	1
http://ex.org/variable#31 http://www.ibm.com/timex#oi_di_si http://ex.org/variable#66	1
http://ex.org/variable#31 http://www.ibm.com/timex#o http://ex.org/variable#67	1
http://ex.org/variable#31 http://www.ibm.com/timex#o http://ex.org/variable#68	1
http://ex.org/variable#31 http://www.ibm.com/timex#o http://ex.org/variable#69	1
http://ex.org/variable#31 http://www.ibm.com/timex#o http://ex.org/variable#70	1
http://ex.org/variable#31 http://www.ibm.com/timex#o http://ex.org/variable#71	1
http://ex.org/variable#31 http://www.ibm.com/timex#o http://ex.org/variable#72	1
http://ex.org/variable#31 http://www.ibm.com/timex#o http://ex.org/variable#73	1
http://ex.org/variable#31 http://www.ibm.com/timex#o http://ex.org/variable#74	1
http://ex.org/variable#31 http://www.ibm.com/timex#o http://ex.org/variable#75	1
http://ex.org/variable#31 http://www.ibm.com/timex#o http://ex.org/variable#76	1
http://ex.org/variable#31 http://www.ibm.com/timex#o http://ex.org/variable#77	1
http://ex.org/variable#31 http://www.ibm.com/timex#o http://ex.org/variable#78	1
http://ex.org/variable#31 http://www.ibm.com/timex#o http://ex.org/variable#79	1
http://ex.org/variable#31 http://www.ibm.com/timex#o http://ex.org/variable#80	1
http://ex.org/variable#31 http://www.ibm.com/timex#o http://ex.org/variable#81	1
http://ex.org/variable#31 http://www.ibm.com/timex#di http://ex.org/variable#82	1
http://ex.org/variable#31 http://www.ibm.com/timex#o http://ex.org/variable#83	1
http://ex.org/variable#31 http://www.ibm.com/timex#o http://ex.org/variable#84	1
http://ex.org/variable#31 http://www.ibm.com/timex#b http://ex.org/variable#85	1
http://ex.org/variable#31 http://www.ibm.com/timex#o http://ex.org/variable#86	1
http://ex.org/variable#31 http://www.ibm.com/timex#o http://ex.org/variable#87	1
http://ex.org/variable#31 http://www.ibm.com/timex#b http://ex.org/variable#88	1
http://ex.org/variable#31 http://www.ibm.com/timex#o http://ex.org/variable#89	1
http://ex.org/variable#31 http://www.ibm.com/timex#o http://ex.org/variable#90	1
http://ex.org/variable#31 http://www.ibm.com/timex#o http://ex.org/variable#91	1
http://ex.org/variable#31 http://www.ibm.com/timex#o http://ex.org/variable#92	1
http://ex.org/variable#31 http://www.ibm.com/timex#o http://ex.org/variable#93	1
http://ex.org/variable#31 http://www.ibm.com/timex#o http://ex.org/variable#94	1
http://ex.org/variable#31 http://www.ibm.com/timex#di http://ex.org/variable#95	1
http://ex.org/variable#31 http://www.ibm.com/timex#di http://ex.org/variable#96	1
http://ex.org/variable#31 http://www.ibm.com/timex#o http://ex.org/variable#97	1
http://ex.org/variable#31 http://www.ibm.com/timex#b http://ex.org/variable#98	1
http://ex.org/variable#31 http://www.ibm.com/timex#b http://ex.org/variable#99	1
http://ex.org/variable#31 http://www.ibm.com/timex#di http://ex.org/variable#100	1
http://ex.org/variable#31 http://www.ibm.com/timex#o http://ex.org/variable#101	1
http://ex.org/variable#31 http://www.ibm.com/timex#b http://ex.org/variable#102	1
http://ex.org/variable#31 http://www.ibm.com/timex#o http://ex.org/variable#103	1
http://ex.org/variable#31 http://www.ibm.com/timex#b http://ex.org/variable#104	1
http://ex.org/variable#31 http://www.ibm.com/timex#o http://ex.org/variable#105	1
http://ex.org/variable#31 http://www.ibm.com/timex#o http://ex.org/variable#106	1
http://ex.org/variable#31 http://www.ibm.com/timex#o http://ex.org/variable#107	1
http://ex.org/variable#31 http://www.ibm.com/timex#o_di_fi http://ex.org/variable#108	1
http://ex.org/variable#31 http://www.ibm.com/timex#b http://ex.org/variable#109	1
http://ex.org/variable#31 http://www.ibm.com/timex#o http://ex.org/variable#110	1
http://ex.org/variable#31 http://www.ibm.com/timex#o http://ex.org/variable#111	1
http://ex.org/variable#31 http://www.ibm.com/timex#o http://ex.org/variable#112	1
http://ex.org/variable#31 http://www.ibm.com/timex#di http://ex.org/variable#113	1
http://ex.org/variable#31 http://www.ibm.com/timex#o http://ex.org/variable#114	1
http://ex.org/variable#31 http://www.ibm.com/timex#b http://ex.org/variable#115	1
http://ex.org/variable#31 http://www.ibm.com/timex#b http://ex.org/variable#116	1
http://ex.org/variable#31 http://www.ibm.com/timex#di http://ex.org/variable#117	1
http://ex.org/variable#31 http://www.ibm.com/timex#o http://ex.org/variable#118	1
http://ex.org/variable#31 http://www.ibm.com/timex#o http://ex.org/variable#119	1
http://ex.org/variable#31 http://www.ibm.com/timex#di http://ex.org/variable#120	1
http://ex.org/variable#31 http://www.ibm.com/timex#b http://ex.org/variable#121	1
http://ex.org/variable#31 http://www.ibm.com/timex#o http://ex.org/variable#122	1
http://ex.org/variable#31 http://www.ibm.com/timex#o http://ex.org/variable#123	1
http://ex.org/variable#31 http://www.ibm.com/timex#di http://ex.org/variable#124	1
http://ex.org/variable#31 http://www.ibm.com/timex#o http://ex.org/variable#125	1
http://ex.org/variable#31 http://www.ibm.com/timex#o http://ex.org/variable#126	1
http://ex.org/variable#31 http://www.ibm.com/timex#b http://ex.org/variable#127	1
http://ex.org/variable#31 http://www.ibm.com/timex#o http://ex.org/variable#128	1
http://ex.org/variable#31 http://www.ibm.com/timex#di http://ex.org/variable#129	1
http://ex.org/variable#31 http://www.ibm.com/timex#di http://ex.org/variable#130	1
http://ex.org/variable#31 http://www.ibm.com/timex#b http://ex.org/variable#131	1
http://ex.org/variable#31 http://www.ibm.com/timex#o http://ex.org/variable#132	1
http://ex.org/variable#31 http://www.ibm.com/timex#o http://ex.org/variable#133	1
http://ex.org/variable#31 http://www.ibm.com/timex#o http://ex.org/variable#134	1
http://ex.org/variable#31 http://www.ibm.com/timex#o http://ex.org/variable#135	1
http://ex.org/variable#31 http://www.ibm.com/timex#o http://ex.org/variable#136	1
http://ex.org/variable#31 http://www.ibm.com/timex#o http://ex.org/variable#137	1
http://ex.org/variable#31 http://www.ibm.com/timex#b http://ex.org/variable#138	1
http://ex.org/variable#31 http://www.ibm.com/timex#di http://ex.org/variable#139	1
http://ex.org/variable#31 http://www.ibm.com/timex#o_fi http://ex.org/variable#140	1
http://ex.org/variable#31 http://www.ibm.com/timex#o http://ex.org/variable#141	1
http://ex.org/variable#31 http://www.ibm.com/timex#o http://ex.org/variable#142	1
http://ex.org/variable#31 http://www.ibm.com/timex#o http://ex.org/variable#143	1
http://ex.org/variable#31 http://www.ibm.com/timex#o http://ex.org/variable#144	1
http://ex.org/variable#31 http://www.ibm.com/timex#b http://ex.org/variable#145	1
http://ex.org/variable#31 http://www.ibm.com/timex#o http://ex.org/variable#146	1
http://ex.org/variable#31 http://www.ibm.com/timex#o http://ex.org/variable#147	1
http://ex.org/variable#31 http://www.ibm.com/timex#o http://ex.org/variable#148	1
http://ex.org/variable#31 http://www.ibm.com/timex#di http://ex.org/variable#149	1
http://ex.org/variable#31 http://www.ibm.com/timex#b http://ex.org/variable#150	1
http://ex.org/variable#31 http://www.ibm.com/timex#o http://ex.org/variable#151	1
http://ex.org/variable#31 http://www.ibm.com/timex#di http://ex.org/variable#152	1
http://ex.org/variable#31 http://www.ibm.com/timex#o http://ex.org/variable#153	1
http://ex.org/variable#31 http://www.ibm.com/timex#o http://ex.org/variable#154	1
http://ex.org/variable#31 http://www.ibm.com/timex#o http://ex.org/variable#155	1
http://ex.org/variable#31 http://www.ibm.com/timex#o http://ex.org/variable#156	1
http://ex.org/variable#31 http://www.ibm.com/timex#di http://ex.org/variable#157	1
http://ex.org/variable#31 http://www.ibm.com/timex#o http://ex.org/variable#158	1
http://ex.org/variable#31 http://www.ibm.com/timex#o http://ex.org/variable#159	1
http://ex.org/variable#31 http://www.ibm.com/timex#o http://ex.org/variable#160	1
http://ex.org/variable#31 http://www.ibm.com/timex#o http://ex.org/variable#161	1
http://ex.org/variable#31 http://www.ibm.com/timex#o_di_fi http://ex.org/variable#162	1
http://ex.org/variable#31 http://www.ibm.com/timex#o http://ex.org/variable#163	1
http://ex.org/variable#31 http://www.ibm.com/timex#o http://ex.org/variable#164	1
http://ex.org/variable#31 http://www.ibm.com/timex#o http://ex.org/variable#165	1
http://ex.org/variable#31 http://www.ibm.com/timex#o http://ex.org/variable#166	1
http://ex.org/variable#31 http://www.ibm.com/timex#o http://ex.org/variable#167	1
http://ex.org/variable#31 http://www.ibm.com/timex#o http://ex.org/variable#168	1
http://ex.org/variable#31 http://www.ibm.com/timex#o http://ex.org/variable#169	1
http://ex.org/variable#31 http://www.ibm.com/timex#b http://ex.org/variable#170	1
http://ex.org/variable#31 http://www.ibm.com/timex#o http://ex.org/variable#171	1
http://ex.org/variable#31 http://www.ibm.com/timex#di http://ex.org/variable#172	1
http://ex.org/variable#31 http://www.ibm.com/timex#b http://ex.org/variable#173	1
http://ex.org/variable#31 http://www.ibm.com/timex#o http://ex.org/variable#174	1
http://ex.org/variable#31 http://www.ibm.com/timex#o http://ex.org/variable#175	1
http://ex.org/variable#31 http://www.ibm.com/timex#o http://ex.org/variable#176	1
http://ex.org/variable#31 http://www.ibm.com/timex#o http://ex.org/variable#177	1
http://ex.org/variable#31 http://www.ibm.com/timex#o http://ex.org/variable#178	1
http://ex.org/variable#31 http://www.ibm.com/timex#o http://ex.org/variable#179	1
http://ex.org/variable#31 http://www.ibm.com/timex#di http://ex.org/variable#180	1
http://ex.org/variable#31 http://www.ibm.com/timex#di http://ex.org/variable#181	1
http://ex.org/variable#31 http://www.ibm.com/timex#o_fi http://ex.org/variable#182	1
http://ex.org/variable#31 http://www.ibm.com/timex#b http://ex.org/variable#183	1
http://ex.org/variable#31 http://www.ibm.com/timex#o http://ex.org/variable#184	1
http://ex.org/variable#31 http://www.ibm.com/timex#o http://ex.org/variable#185	1
http://ex.org/variable#31 http://www.ibm.com/timex#o http://ex.org/variable#186	1
http://ex.org/variable#31 http://www.ibm.com/timex#o http://ex.org/variable#187	1
http://ex.org/variable#31 http://www.ibm.com/timex#o http://ex.org/variable#188	1
http://ex.org/variable#31 http://www.ibm.com/timex#o http://ex.org/variable#189	1
http://ex.org/variable#32 http://www.ibm.com/timex#o http://ex.org/variable#0	1
http://ex.org/variable#32 http://www.ibm.com/timex#b http://ex.org/variable#1	1
http://ex.org/variable#32 http://www.ibm.com/timex#o http://ex.org/variable#2	1
http://ex.org/variable#32 http://www.ibm.com/timex#b http://ex.org/variable#3	1
http://ex.org/variable#32 http://www.ibm.com/timex#o http://ex.org/variable#4	1
http://ex.org/variable#32 http://www.ibm.com/timex#o http://ex.org/variable#5	1
http://ex.org/variable#32 http://www.ibm.com/timex#b http://ex.org/variable#6	1
http://ex.org/variable#32 http://www.ibm.com/timex#o http://ex.org/variable#7	1
http://ex.org/variable#32 http://www.ibm.com/timex#di http://ex.org/variable#8	1
http://ex.org/variable#32 http://www.ibm.com/timex#b http://ex.org/variable#9	1
http://ex.org/variable#32 http://www.ibm.com/timex#o http://ex.org/variable#10	1
http://ex.org/variable#32 http://www.ibm.com/timex#o http://ex.org/variable#11	1
http://ex.org/variable#32 http://www.ibm.com/timex#d http://ex.org/variable#12	1
http://ex.org/variable#32 http://www.ibm.com/timex#o http://ex.org/variable#13	1
http://ex.org/variable#32 http://www.ibm.com/timex#b http://ex.org/variable#14	1
http://ex.org/variable#32 http://www.ibm.com/timex#o http://ex.org/variable#15	1
http://ex.org/variable#32 http://www.ibm.com/timex#o http://ex.org/variable#16	1
http://ex.org/variable#32 http://www.ibm.com/timex#b http://ex.org/variable#17	1
http://ex.org/variable#32 http://www.ibm.com/timex#o http://ex.org/variable#18	1
http://ex.org/variable#32 http://www.ibm.com/timex#o http://ex.org/variable#19	1
http://ex.org/variable#32 http://www.ibm.com/timex#d http://ex.org/variable#20	1
http://ex.org/variable#32 http://www.ibm.com/timex#b http://ex.org/variable#21	1
http://ex.org/variable#32 http://www.ibm.com/timex#o http://ex.org/variable#22	1
http://ex.org/variable#32 http://www.ibm.com/timex#o http://ex.org/variable#23	1
http://ex.org/variable#32 http://www.ibm.com/timex#o_d_s http://ex.org/variable#24	1
http://ex.org/variable#32 http://www.ibm.com/timex#oi_di_si http://ex.org/variable#25	1
http://ex.org/variable#32 http://www.ibm.com/timex#b http://ex.org/variable#26	1
http://ex.org/variable#32 http://www.ibm.com/timex#d http://ex.org/variable#27	1
http://ex.org/variable#32 http://www.ibm.com/timex#b http://ex.org/variable#28	1
http://ex.org/variable#32 http://www.ibm.com/timex#o http://ex.org/variable#29	1
http://ex.org/variable#32 http://www.ibm.com/timex#b http://ex.org/variable#30	1
http://ex.org/variable#32 http://www.ibm.com/timex#d http://ex.org/variable#31	1
http://ex.org/variable#32 http://www.ibm.com/timex#b http://ex.org/variable#33	1
http://ex.org/variable#32 http://www.ibm.com/timex#o http://ex.org/variable#34	1
http://ex.org/variable#32 http://www.ibm.com/timex#b_o http://ex.org/variable#35	1
http://ex.org/variable#32 http://www.ibm.com/timex#o_s http://ex.org/variable#36	1
http://ex.org/variable#32 http://www.ibm.com/timex#o_di_fi http://ex.org/variable#37	1
http://ex.org/variable#32 http://www.ibm.com/timex#o http://ex.org/variable#38	1
http://ex.org/variable#32 http://www.ibm.com/timex#b http://ex.org/variable#39	1
http://ex.org/variable#32 http://www.ibm.com/timex#o http://ex.org/variable#40	1
http://ex.org/variable#32 http://www.ibm.com/timex#o http://ex.org/variable#41	1
http://ex.org/variable#32 http://www.ibm.com/timex#o http://ex.org/variable#42	1
http://ex.org/variable#32 http://www.ibm.com/timex#d http://ex.org/variable#43	1
http://ex.org/variable#32 http://www.ibm.com/timex#o http://ex.org/variable#44	1
http://ex.org/variable#32 http://www.ibm.com/timex#m_o http://ex.org/variable#45	1
http://ex.org/variable#32 http://www.ibm.com/timex#d http://ex.org/variable#46	1
http://ex.org/variable#32 http://www.ibm.com/timex#d http://ex.org/variable#47	1
http://ex.org/variable#32 http://www.ibm.com/timex#b http://ex.org/variable#48	1
http://ex.org/variable#32 http://www.ibm.com/timex#d http://ex.org/variable#49	1
http://ex.org/variable#32 http://www.ibm.com/timex#o http://ex.org/variable#50	1
http://ex.org/variable#32 http://www.ibm.com/timex#b http://ex.org/variable#51	1
http://ex.org/variable#32 http://www.ibm.com/timex#d http://ex.org/variable#52	1
http://ex.org/variable#32 http://www.ibm.com/timex#o http://ex.org/variable#53	1
http://ex.org/variable#32 http://www.ibm.com/timex#o http://ex.org/variable#54	1
http://ex.org/variable#32 http://www.ibm.com/timex#o http://ex.org/variable#55	1
http://ex.org/variable#32 http://www.ibm.com/timex#o http://ex.org/variable#56	1
http://ex.org/variable#32 http://www.ibm.com/timex#d http://ex.org/variable#57	1
http://ex.org/variable#32 http://www.ibm.com/timex#o http://ex.org/variable#58	1
http://ex.org/variable#32 http://www.ibm.com/timex#o http://ex.org/variable#59	1
http://ex.org/variable#32 http://www.ibm.com/timex#o http://ex.org/variable#60	1
http://ex.org/variable#32 http://www.ibm.com/timex#o_d_s http://ex.org/variable#61	1
http://ex.org/variable#32 http://www.ibm.com/timex#o http://ex.org/variable#62	1
http://ex.org/variable#32 http://www.ibm.com/timex#o http://ex.org/variable#63	1
http://ex.org/variable#32 http://www.ibm.com/timex#o_s http://ex.org/variable#64	1
http://ex.org/variable#32 http://www.ibm.com/timex#di http://ex.org/variable#65	1
http://ex.org/variable#32 http://www.ibm.com/timex#d_f http://ex.org/variable#66	1
http://ex.org/variable#32 http://www.ibm.com/timex#o http://ex.org/variable#67	1
http://ex.org/variable#32 http://www.ibm.com/timex#o http://ex.org/variable#68	1
http://ex.org/variable#32 http://www.ibm.com/timex#o http://ex.org/variable#69	1
http://ex.org/variable#32 http://www.ibm.com/timex#o http://ex.org/variable#70	1
http://ex.org/variable#32 http://www.ibm.com/timex#o http://ex.org/variable#71	1
http://ex.org/variable#32 http://www.ibm.com/timex#o http://ex.org/variable#72	1
http://ex.org/variable#32 http://www.ibm.com/timex#o http://ex.org/variable#73	1
http://ex.org/variable#32 http://www.ibm.com/timex#o http://ex.org/variable#74	1
http://ex.org/variable#32 http://www.ibm.com/timex#o http://ex.org/variable#75	1
http://ex.org/variable#32 http://www.ibm.com/timex#o http://ex.org/variable#76	1
http://ex.org/variable#32 http://www.ibm.com/timex#o http://ex.org/variable#77	1
http://ex.org/variable#32 http://www.ibm.com/timex#o http://ex.org/variable#78	1
http://ex.org/variable#32 http://www.ibm.com/timex#d http://ex.org/variable#79	1
http://ex.org/variable#32 http://www.ibm.com/timex#d http://ex.org/variable#80	1
http://ex.org/variable#32 http://www.ibm.com/timex#d http://ex.org/variable#81	1
http://ex.org/variable#32 http://www.ibm.com/timex#o http://ex.org/variable#82	1
http://ex.org/variable#32 http://www.ibm.com/timex#d http://ex.org/variable#83	1
http://ex.org/variable#32 http://www.ibm.com/timex#b http://ex.org/variable#84	1
http://ex.org/variable#32 http://www.ibm.com/timex#b http://ex.org/variable#85	1
http://ex.org/variable#32 http://www.ibm.com/timex#d http://ex.org/variable#86	1
http://ex.org/variable#32 http://www.ibm.com/timex#b http://ex.org/variable#87	1
http://ex.org/variable#32 http://www.ibm.com/timex#b http://ex.org/variable#88	1
http://ex.org/variable#32 http://www.ibm.com/timex#o http://ex.org/variable#89	1
http://ex.org/variable#32 http://www.ibm.com/timex#o http://ex.org/variable#90	1
http://ex.org/variable#32 http://www.ibm.com/timex#o http://ex.org/variable#91	1
http://ex.org/variable#32 http://www.ibm.com/timex#b http://ex.org/variable#92	1
http://ex.org/variable#32 http://www.ibm.com/timex#o http://ex.org/variable#93	1
http://ex.org/variable#32 http://www.ibm.com/timex#o http://ex.org/variable#94	1
http://ex.org/variable#32 http://www.ibm.com/timex#b http://ex.org/variable#95	1
http://ex.org/variable#32 http://www.ibm.com/timex#di http://ex.org/variable#96	1
http://ex.org/variable#32 http://www.ibm.com/timex#o http://ex.org/variable#97	1
http://ex.org/variable#32 http://www.ibm.com/timex#b http://ex.org/variable#98	1
http://ex.org/variable#32 http://www.ibm.com/timex#b http://ex.org/variable#99	1
http://ex.org/variable#32 http://www.ibm.com/timex#di http://ex.org/variable#100	1
http://ex.org/variable#32 http://www.ibm.com/timex#o http://ex.org/variable#101	1
http://ex.org/variable#32 http://www.ibm.com/timex#b http://ex.org/variable#102	1
http://ex.org/variable#32 http://www.ibm.com/timex#o http://ex.org/variable#103	1
http://ex.org/variable#32 http://www.ibm.com/timex#b http://ex.org/variable#104	1
http://ex.org/variable#32 http://www.ibm.com/timex#o http://ex.org/variable#105	1
http://ex.org/variable#32 http://www.ibm.com/timex#o http://ex.org/variable#106	1
http://ex.org/variable#32 http://www.ibm.com/timex#o http://ex.org/variable#107	1
http://ex.org/variable#32 http://www.ibm.com/timex#m_o http://ex.org/variable#108	1
http://ex.org/variable#32 http://www.ibm.com/timex#b http://ex.org/variable#109	1
http://ex.org/variable#32 http://www.ibm.com/timex#o http://ex.org/variable#110	1
http://ex.org/variable#32 http://www.ibm.com/timex#o http://ex.org/variable#111	1
http://ex.org/variable#32 http://www.ibm.com/timex#d http://ex.org/variable#112	1
http://ex.org/variable#32 http://www.ibm.com/timex#b http://ex.org/variable#113	1
http://ex.org/variable#32 http://www.ibm.com/timex#o http://ex.org/variable#114	1
http://ex.org/variable#32 http://www.ibm.com/timex#b http://ex.org/variable#115	1
http://ex.org/variable#32 http://www.ibm.com/timex#b http://ex.org/variable#116	1
http://ex.org/variable#32 http://www.ibm.com/timex#o http://ex.org/variable#117	1
http://ex.org/variable#32 http://www.ibm.com/timex#o http://ex.org/variable#118	1
http://ex.org/variable#32 http://www.ibm.com/timex#d http://ex.org/variable#119	1
http://ex.org/variable#32 http://www.ibm.com/timex#o http://ex.org/variable#120	1
http://ex.org/variable#32 http://www.ibm.com/timex#b http://ex.org/variable#121	1
http://ex.org/variable#32 http://www.ibm.com/timex#o_d_s http://ex.org/variable#122	1
http://ex.org/variable#32 http://www.ibm.com/timex#o http://ex.org/variable#123	1
http://ex.org/variable#32 http://www.ibm.com/timex#d http://ex.org/variable#124	1
http://ex.org/variable#32 http://www.ibm.com/timex#d http://ex.org/variable#125	1
http://ex.org/variable#32 http://www.ibm.com/timex#b http://ex.org/variable#126	1
http://ex.org/variable#32 http://www.ibm.com/timex#b http://ex.org/variable#127	1
http://ex.org/variable#32 http://www.ibm.com/timex#o http://ex.org/variable#128	1
http://ex.org/variable#32 http://www.ibm.com/timex#d http://ex.org/variable#129	1
http://ex.org/variable#32 http://www.ibm.com/timex#o http://ex.org/variable#130	1
http://ex.org/variable#32 http://www.ibm.com/timex#b http://ex.org/variable#131	1
http://ex.org/variable#32 http://www.ibm.com/timex#o http://ex.org/variable#132	1
http://ex.org/variable#32 http://www.ibm.com/timex#b_o http://ex.org/variable#133	1
http://ex.org/variable#32 http://www.ibm.com/timex#d http://ex.org/variable#134	1
http://ex.org/variable#32 http://www.ibm.com/timex#o http://ex.org/variable#135	1
http://ex.org/variable#32 http://www.ibm.com/timex#o http://ex.org/variable#136	1
http://ex.org/variable#32 http://www.ibm.com/timex#o http://ex.org/variable#137	1
http://ex.org/variable#32 http://www.ibm.com/timex#b http://ex.org/variable#138	1
http://ex.org/variable#32 http://www.ibm.com/timex#o http://ex.org/variable#139	1
http://ex.org/variable#32 http://www.ibm.com/timex#o http://ex.org/variable#140	1
http://ex.org/variable#32 http://www.ibm.com/timex#d http://ex.org/variable#141	1
http://ex.org/variable#32 http://www.ibm.com/timex#o http://ex.org/variable#142	1
http://ex.org/variable#32 http://www.ibm.com/timex#o http://ex.org/variable#143	1
http://ex.org/variable#32 http://www.ibm.com/timex#o http://ex.org/variable#144	1
http://ex.org/variable#32 http://www.ibm.com/timex#b http://ex.org/variable#145	1
http://ex.org/variable#32 http://www.ibm.com/timex#o http://ex.org/variable#146	1
http://ex.org/variable#32 http://www.ibm.com/timex#o http://ex.org/variable#147	1
http://ex.org/variable#32 http://www.ibm.com/timex#o http://ex.org/variable#148	1
http://ex.org/variable#32 http://www.ibm.com/timex#oi_d http://ex.org/variable#149	1
http://ex.org/variable#32 http://www.ibm.com/timex#b http://ex.org/variable#150	1
http://ex.org/variable#32 http://www.ibm.com/timex#o http://ex.org/variable#151	1
http://ex.org/variable#32 http://www.ibm.com/timex#di http://ex.org/variable#152	1
http://ex.org/variable#32 http://www.ibm.com/timex#o http://ex.org/variable#153	1
http://ex.org/variable#32 http://www.ibm.com/timex#o http://ex.org/variable#154	1
http://ex.org/variable#32 http://www.ibm.com/timex#d http://ex.org/variable#155	1
http://ex.org/variable#32 http://www.ibm.com/timex#o http://ex.org/variable#156	1
http://ex.org/variable#32 http://www.ibm.com/timex#di http://ex.org/variable#157	1
http://ex.org/variable#32 http://www.ibm.com/timex#o http://ex.org/variable#158	1
http://ex.org/variable#32 http://www.ibm.com/timex#m_o http://ex.org/variable#159	1
http://ex.org/variable#32 http://www.ibm.com/timex#o http://ex.org/variable#160	1
http://ex.org/variable#32 http://www.ibm.com/timex#o http://ex.org/variable#161	1
http://ex.org/variable#32 http://www.ibm.com/timex#o http://ex.org/variable#162	1
http://ex.org/variable#32 http://www.ibm.com/timex#b http://ex.org/variable#163	1
http://ex.org/variable#32 http://www.ibm.com/timex#o http://ex.org/variable#164	1
http://ex.org/variable#32 http://www.ibm.com/timex#o http://ex.org/variable#165	1
http://ex.org/variable#32 http://www.ibm.com/timex#d http://ex.org/variable#166	1
http://ex.org/variable#32 http://www.ibm.com/timex#o http://ex.org/variable#167	1
http://ex.org/variable#32 http://www.ibm.com/timex#b http://ex.org/variable#168	1
http://ex.org/variable#32 http://www.ibm.com/timex#o_d_s http://ex.org/variable#169	1
http://ex.org/variable#32 http://www.ibm.com/timex#b http://ex.org/variable#170	1
http://ex.org/variable#32 http://www.ibm.com/timex#o_d_s http://ex.org/variable#171	1
http://ex.org/variable#32 http://www.ibm.com/timex#oi http://ex.org/variable#172	1
http://ex.org/variable#32 http://www.ibm.com/timex#b http://ex.org/variable#173	1
http://ex.org/variable#32 http://www.ibm.com/timex#b http://ex.org/variable#174	1
http://ex.org/variable#32 http://www.ibm.com/timex#o http://ex.org/variable#175	1
http://ex.org/variable#32 http://www.ibm.com/timex#m_o http://ex.org/variable#176	1
http://ex.org/variable#32 http://www.ibm.com/timex#o http://ex.org/variable#177	1
http://ex.org/variable#32 http://www.ibm.com/timex#o http://ex.org/variable#178	1
http://ex.org/variable#32 http://www.ibm.com/timex#m_o http://ex.org/variable#179	1
http://ex.org/variable#32 http://www.ibm.com/timex#di http://ex.org/variable#180	1
http://ex.org/variable#32 http://www.ibm.com/timex#di http://ex.org/variable#181	1
http://ex.org/variable#32 http://www.ibm.com/timex#b http://ex.org/variable#182	1
http://ex.org/variable#32 http://www.ibm.com/timex#b http://ex.org/variable#183	1
http://ex.org/variable#32 http://www.ibm.com/timex#o http://ex.org/variable#184	1
http://ex.org/variable#32 http://www.ibm.com/timex#o http://ex.org/variable#185	1
http://ex.org/variable#32 http://www.ibm.com/timex#b http://ex.org/variable#186	1
http://ex.org/variable#32 http://www.ibm.com/timex#d http://ex.org/variable#187	1
http://ex.org/variable#32 http://www.ibm.com/timex#b http://ex.org/variable#188	1
http://ex.org/variable#32 http://www.ibm.com/timex#o http://ex.org/variable#189	1
http://ex.org/variable#33 http://www.ibm.com/timex#oi http://ex.org/variable#0	1
http://ex.org/variable#33 http://www.ibm.com/timex#di http://ex.org/variable#1	1
http://ex.org/variable#33 http://www.ibm.com/timex#oi http://ex.org/variable#2	1
http://ex.org/variable#33 http://www.ibm.com/timex#oi http://ex.org/variable#3	1
http://ex.org/variable#33 http://www.ibm.com/timex#oi_d_f http://ex.org/variable#4	1
http://ex.org/variable#33 http://www.ibm.com/timex#bi http://ex.org/variable#5	1
http://ex.org/variable#33 http://www.ibm.com/timex#oi http://ex.org/variable#6	1
http://ex.org/variable#33 http://www.ibm.com/timex#oi http://ex.org/variable#7	1
http://ex.org/variable#33 http://www.ibm.com/timex#bi http://ex.org/variable#8	1
http://ex.org/variable#33 http://www.ibm.com/timex#oi_d_f http://ex.org/variable#9	1
http://ex.org/variable#33 http://www.ibm.com/timex#oi http://ex.org/variable#10	1
http://ex.org/variable#33 http://www.ibm.com/timex#oi http://ex.org/variable#11	1
http://ex.org/variable#33 http://www.ibm.com/timex#oi http://ex.org/variable#12	1
http://ex.org/variable#33 http://www.ibm.com/timex#bi http://ex.org/variable#13	1
http://ex.org/variable#33 http://www.ibm.com/timex#bi http://ex.org/variable#14	1
http://ex.org/variable#33 http://www.ibm.com/timex#oi http://ex.org/variable#15	1
http://ex.org/variable#33 http://www.ibm.com/timex#bi http://ex.org/variable#16	1
http://ex.org/variable#33 http://www.ibm.com/timex#di http://ex.org/variable#17	1
http://ex.org/variable#33 http://www.ibm.com/timex#oi http://ex.org/variable#18	1
http://ex.org/variable#33 http://www.ibm.com/timex#bi http://ex.org/variable#19	1
http://ex.org/variable#33 http://www.ibm.com/timex#d_f http://ex.org/variable#20	1
http://ex.org/variable#33 http://www.ibm.com/timex#oi http://ex.org/variable#21	1
http://ex.org/variable#33 http://www.ibm.com/timex#oi_d_f http://ex.org/variable#22	1
http://ex.org/variable#33 http://www.ibm.com/timex#bi http://ex.org/variable#23	1
http://ex.org/variable#33 http://www.ibm.com/timex#oi http://ex.org/variable#24	1
http://ex.org/variable#33 http://www.ibm.com/timex#bi http://ex.org/variable#25	1
http://ex.org/variable#33 http://www.ibm.com/timex#oi_si http://ex.org/variable#26	1
http://ex.org/variable#33 http://www.ibm.com/timex#bi http://ex.org/variable#27	1
http://ex.org/variable#33 http://www.ibm.com/timex#oi http://ex.org/variable#28	1
http://ex.org/variable#33 http://www.ibm.com/timex#oi http://ex.org/variable#29	1
http://ex.org/variable#33 http://www.ibm.com/timex#bi http://ex.org/variable#30	1
http://ex.org/variable#33 http://www.ibm.com/timex#bi http://ex.org/variable#31	1
http://ex.org/variable#33 http://www.ibm.com/timex#bi http://ex.org/variable#32	1
http://ex.org/variable#33 http://www.ibm.com/timex#oi http://ex.org/variable#34	1
http://ex.org/variable#33 http://www.ibm.com/timex#bi http://ex.org/variable#35	1
http://ex.org/variable#33 http://www.ibm.com/timex#bi http://ex.org/variable#36	1
http://ex.org/variable#33 http://www.ibm.com/timex#bi http://ex.org/variable#37	1
http://ex.org/variable#33 http://www.ibm.com/timex#oi http://ex.org/variable#38	1
http://ex.org/variable#33 http://www.ibm.com/timex#oi_di_si http://ex.org/variable#39	1
http://ex.org/variable#33 http://www.ibm.com/timex#bi_oi http://ex.org/variable#40	1
http://ex.org/variable#33 http://www.ibm.com/timex#oi http://ex.org/variable#41	1
http://ex.org/variable#33 http://www.ibm.com/timex#oi http://ex.org/variable#42	1
http://ex.org/variable#33 http://www.ibm.com/timex#oi http://ex.org/variable#43	1
http://ex.org/variable#33 http://www.ibm.com/timex#oi http://ex.org/variable#44	1
http://ex.org/variable#33 http://www.ibm.com/timex#oi_d_f http://ex.org/variable#45	1
http://ex.org/variable#33 http://www.ibm.com/timex#bi http://ex.org/variable#46	1
http://ex.org/variable#33 http://www.ibm.com/timex#oi http://ex.org/variable#47	1
http://ex.org/variable#33 http://www.ibm.com/timex#di http://ex.org/variable#48	1
http://ex.org/variable#33 http://www.ibm.com/timex#bi http://ex.org/variable#49	1
http://ex.org/variable#33 http://www.ibm.com/timex#oi http://ex.org/variable#50	1
http://ex.org/variable#33 http://www.ibm.com/timex#oi_si http://ex.org/variable#51	1
http://ex.org/variable#33 http://www.ibm.com/timex#oi http://ex.org/variable#52	1
http://ex.org/variable#33 http://www.ibm.com/timex#oi http://ex.org/variable#53	1
http://ex.org/variable#33 http://www.ibm.com/timex#oi http://ex.org/variable#54	1
http://ex.org/variable#33 http://www.ibm.com/timex#oi http://ex.org/variable#55	1
http://ex.org/variable#33 http://www.ibm.com/timex#bi http://ex.org/variable#56	1
http://ex.org/variable#33 http://www.ibm.com/timex#bi http://ex.org/variable#57	1
http://ex.org/variable#33 http://www.ibm.com/timex#oi http://ex.org/variable#58	1
http://ex.org/variable#33 http://www.ibm.com/timex#oi_d_f http://ex.org/variable#59	1
http://ex.org/variable#33 http://www.ibm.com/timex#oi http://ex.org/variable#60	1
http://ex.org/variable#33 http://www.ibm.com/timex#oi http://ex.org/variable#61	1
http://ex.org/variable#33 http://www.ibm.com/timex#oi http://ex.org/variable#62	1
http://ex.org/variable#33 http://www.ibm.com/timex#oi http://ex.org/variable#63	1
http://ex.org/variable#33 http://www.ibm.com/timex#oi http://ex.org/variable#64	1
http://ex.org/variable#33 http://www.ibm.com/timex#bi http://ex.org/variable#65	1
http://ex.org/variable#33 http://www.ibm.com/timex#bi http://ex.org/variable#66	1
http://ex.org/variable#33 http://www.ibm.com/timex#oi_d_f http://ex.org/variable#67	1
http://ex.org/variable#33 http://www.ibm.com/timex#oi http://ex.org/variable#68	1
http://ex.org/variable#33 http://www.ibm.com/timex#bi http://ex.org/variable#69	1
http://ex.org/variable#33 http://www.ibm.com/timex#d_f http://ex.org/variable#70	1
http://ex.org/variable#33 http://www.ibm.com/timex#bi http://ex.org/variable#71	1
http://ex.org/variable#33 http://www.ibm.com/timex#oi http://ex.org/variable#72	1
http://ex.org/variable#33 http://www.ibm.com/timex#oi http://ex.org/variable#73	1
http://ex.org/variable#33 http://www.ibm.com/timex#oi http://ex.org/variable#74	1
http://ex.org/variable#33 http://www.ibm.com/timex#oi http://ex.org/variable#75	1
http://ex.org/variable#33 http://www.ibm.com/timex#oi http://ex.org/variable#76	1
http://ex.org/variable#33 http://www.ibm.com/timex#oi_d_f http://ex.org/variable#77	1
http://ex.org/variable#33 http://www.ibm.com/timex#oi http://ex.org/variable#78	1
http://ex.org/variable#33 http://www.ibm.com/timex#bi http://ex.org/variable#79	1
http://ex.org/variable#33 http://www.ibm.com/timex#oi http://ex.org/variable#80	1
http://ex.org/variable#33 http://www.ibm.com/timex#bi http://ex.org/variable#81	1
http://ex.org/variable#33 http://www.ibm.com/timex#bi http://ex.org/variable#82	1
http://ex.org/variable#33 http://www.ibm.com/timex#oi http://ex.org/variable#83	1
http://ex.org/variable#33 http://www.ibm.com/timex#oi http://ex.org/variable#84	1
http://ex.org/variable#33 http://www.ibm.com/timex#oi http://ex.org/variable#85	1
http://ex.org/variable#33 http://www.ibm.com/timex#oi_d_f http://ex.org/variable#86	1
http://ex.org/variable#33 http://www.ibm.com/timex#oi http://ex.org/variable#87	1
http://ex.org/variable#33 http://www.ibm.com/timex#di http://ex.org/variable#88	1
http://ex.org/variable#33 http://www.ibm.com/timex#oi http://ex.org/variable#89	1
http://ex.org/variable#33 http://www.ibm.com/timex#oi http://ex.org/variable#90	1
http://ex.org/variable#33 http://www.ibm.com/timex#oi http://ex.org/variable#91	1
http://ex.org/variable#33 http://www.ibm.com/timex#oi_d_f http://ex.org/variable#92	1
http://ex.org/variable#33 http://www.ibm.com/timex#oi http://ex.org/variable#93	1
http://ex.org/variable#33 http://www.ibm.com/timex#bi http://ex.org/variable#94	1
http://ex.org/variable#33 http://www.ibm.com/timex#bi http://ex.org/variable#95	1
http://ex.org/variable#33 http://www.ibm.com/timex#bi http://ex.org/variable#96	1
http://ex.org/variable#33 http://www.ibm.com/timex#oi http://ex.org/variable#97	1
http://ex.org/variable#33 http://www.ibm.com/timex#di http://ex.org/variable#98	1
http://ex.org/variable#33 http://www.ibm.com/timex#oi_si http://ex.org/variable#99	1
http://ex.org/variable#33 http://www.ibm.com/timex#bi http://ex.org/variable#100	1
http://ex.org/variable#33 http://www.ibm.com/timex#oi http://ex.org/variable#101	1
http://ex.org/variable#33 http://www.ibm.com/timex#bi http://ex.org/variable#102	1
http://ex.org/variable#33 http://www.ibm.com/timex#oi http://ex.org/variable#103	1
http://ex.org/variable#33 http://www.ibm.com/timex#di http://ex.org/variable#104	1
http://ex.org/variable#33 http://www.ibm.com/timex#oi http://ex.org/variable#105	1
http://ex.org/variable#33 http://www.ibm.com/timex#oi http://ex.org/variable#106	1
http://ex.org/variable#33 http://www.ibm.com/timex#oi http://ex.org/variable#107	1
http://ex.org/variable#33 http://www.ibm.com/timex#bi http://ex.org/variable#108	1
http://ex.org/variable#33 http://www.ibm.com/timex#bi http://ex.org/variable#109	1
http://ex.org/variable#33 http://www.ibm.com/timex#oi http://ex.org/variable#110	1
http://ex.org/variable#33 http://www.ibm.com/timex#bi http://ex.org/variable#111	1
http://ex.org/variable#33 http://www.ibm.com/timex#oi http://ex.org/variable#112	1
http://ex.org/variable#33 http://www.ibm.com/timex#bi http://ex.org/variable#113	1
http://ex.org/variable#33 http://www.ibm.com/timex#oi http://ex.org/variable#114	1
http://ex.org/variable#33 http://www.ibm.com/timex#di http://ex.org/variable#115	1
http://ex.org/variable#33 http://www.ibm.com/timex#bi http://ex.org/variable#116	1
http://ex.org/variable#33 http://www.ibm.com/timex#bi http://ex.org/variable#117	1
http://ex.org/variable#33 http://www.ibm.com/timex#bi http://ex.org/variable#118	1
http://ex.org/variable#33 http://www.ibm.com/timex#oi http://ex.org/variable#119	1
http://ex.org/variable#33 http://www.ibm.com/timex#bi http://ex.org/variable#120	1
http://ex.org/variable#33 http://www.ibm.com/timex#di http://ex.org/variable#121	1
http://ex.org/variable#33 http://www.ibm.com/timex#oi http://ex.org/variable#122	1
http://ex.org/variable#33 http://www.ibm.com/timex#oi http://ex.org/variable#123	1
http://ex.org/variable#33 http://www.ibm.com/timex#bi http://ex.org/variable#124	1
http://ex.org/variable#33 http://www.ibm.com/timex#bi http://ex.org/variable#125	1
http://ex.org/variable#33 http://www.ibm.com/timex#oi http://ex.org/variable#126	1
http://ex.org/variable#33 http://www.ibm.com/timex#oi http://ex.org/variable#127	1
http://ex.org/variable#33 http://www.ibm.com/timex#oi http://ex.org/variable#128	1
http://ex.org/variable#33 http://www.ibm.com/timex#bi http://ex.org/variable#129	1
http://ex.org/variable#33 http://www.ibm.com/timex#bi http://ex.org/variable#130	1
http://ex.org/variable#33 http://www.ibm.com/timex#di http://ex.org/variable#131	1
http://ex.org/variable#33 http://www.ibm.com/timex#oi http://ex.org/variable#132	1
http://ex.org/variable#33 http://www.ibm.com/timex#oi_d_f http://ex.org/variable#133	1
http://ex.org/variable#33 http://www.ibm.com/timex#bi http://ex.org/variable#134	1
http://ex.org/variable#33 http://www.ibm.com/timex#oi http://ex.org/variable#135	1
http://ex.org/variable#33 http://www.ibm.com/timex#oi_f http://ex.org/variable#136	1
http://ex.org/variable#33 http://www.ibm.com/timex#bi http://ex.org/variable#137	1
http://ex.org/variable#33 http://www.ibm.com/timex#oi_si http://ex.org/variable#138	1
http://ex.org/variable#33 http://www.ibm.com/timex#bi http://ex.org/variable#139	1
http://ex.org/variable#33 http://www.ibm.com/timex#bi http://ex.org/variable#140	1
http://ex.org/variable#33 http://www.ibm.com/timex#oi_d_f http://ex.org/variable#141	1
http://ex.org/variable#33 http://www.ibm.com/timex#bi http://ex.org/variable#142	1
http://ex.org/variable#33 http://www.ibm.com/timex#oi http://ex.org/variable#143	1
http://ex.org/variable#33 http://www.ibm.com/timex#oi http://ex.org/variable#144	1
http://ex.org/variable#33 http://www.ibm.com/timex#oi http://ex.org/variable#145	1
http://ex.org/variable#33 http://www.ibm.com/timex#oi_d http://ex.org/variable#146	1
http://ex.org/variable#33 http://www.ibm.com/timex#oi http://ex.org/variable#147	1
http://ex.org/variable#33 http://www.ibm.com/timex#oi http://ex.org/variable#148	1
http://ex.org/variable#33 http://www.ibm.com/timex#bi http://ex.org/variable#149	1
http://ex.org/variable#33 http://www.ibm.com/timex#eq_o_oi_d_di_s_si_f_fi http://ex.org/variable#150	1
http://ex.org/variable#33 http://www.ibm.com/timex#oi http://ex.org/variable#151	1
http://ex.org/variable#33 http://www.ibm.com/timex#bi http://ex.org/variable#152	1
http://ex.org/variable#33 http://www.ibm.com/timex#oi http://ex.org/variable#153	1
http://ex.org/variable#33 http://www.ibm.com/timex#bi http://ex.org/variable#154	1
http://ex.org/variable#33 http://www.ibm.com/timex#oi http://ex.org/variable#155	1
http://ex.org/variable#33 http://www.ibm.com/timex#oi http://ex.org/variable#156	1
http://ex.org/variable#33 http://www.ibm.com/timex#bi http://ex.org/variable#157	1
http://ex.org/variable#33 http://www.ibm.com/timex#bi http://ex.org/variable#158	1
http://ex.org/variable#33 http://www.ibm.com/timex#oi http://ex.org/variable#159	1
http://ex.org/variable#33 http://www.ibm.com/timex#oi http://ex.org/variable#160	1
http://ex.org/variable#33 http://www.ibm.com/timex#bi http://ex.org/variable#161	1
http://ex.org/variable#33 http://www.ibm.com/timex#bi http://ex.org/variable#162	1
http://ex.org/variable#33 http://www.ibm.com/timex#oi http://ex.org/variable#163	1
http://ex.org/variable#33 http://www.ibm.com/timex#oi http://ex.org/variable#164	1
http://ex.org/variable#33 http://www.ibm.com/timex#bi http://ex.org/variable#165	1
http://ex.org/variable#33 http://www.ibm.com/timex#bi http://ex.org/variable#166	1
http://ex.org/variable#33 http://www.ibm.com/timex#oi http://ex.org/variable#167	1
http://ex.org/variable#33 http://www.ibm.com/timex#oi http://ex.org/variable#168	1
http://ex.org/variable#33 http://www.ibm.com/timex#oi http://ex.org/variable#169	1
http://ex.org/variable#33 http://www.ibm.com/timex#oi http://ex.org/variable#170	1
http://ex.org/variable#33 http://www.ibm.com/timex#bi http://ex.org/variable#171	1
http://ex.org/variable#33 http://www.ibm.com/timex#bi http://ex.org/variable#172	1
http://ex.org/variable#33 http://www.ibm.com/timex#di http://ex.org/variable#173	1
http://ex.org/variable#33 http://www.ibm.com/timex#oi http://ex.org/variable#174	1
http://ex.org/variable#33 http://www.ibm.com/timex#oi http://ex.org/variable#175	1
http://ex.org/variable#33 http://www.ibm.com/timex#oi http://ex.org/variable#176	1
http://ex.org/variable#33 http://www.ibm.com/timex#oi http://ex.org/variable#177	1
http://ex.org/variable#33 http://www.ibm.com/timex#oi_d_f http://ex.org/variable#178	1
http://ex.org/variable#33 http://www.ibm.com/timex#oi http://ex.org/variable#179	1
http://ex.org/variable#33 http://www.ibm.com/timex#bi http://ex.org/variable#180	1
http://ex.org/variable#33 http://www.ibm.com/timex#bi http://ex.org/variable#181	1
http://ex.org/variable#33 http://www.ibm.com/timex#bi http://ex.org/variable#182	1
http://ex.org/variable#33 http://www.ibm.com/timex#oi http://ex.org/variable#183	1
http://ex.org/variable#33 http://www.ibm.com/timex#bi http://ex.org/variable#184	1
http://ex.org/variable#33 http://www.ibm.com/timex#oi http://ex.org/variable#185	1
http://ex.org/variable#33 http://www.ibm.com/timex#oi http://ex.org/variable#186	1
http://ex.org/variable#33 http://www.ibm.com/timex#oi http://ex.org/variable#187	1
http://ex.org/variable#33 http://www.ibm.com/timex#oi http://ex.org/variable#188	1
http://ex.org/variable#33 http://www.ibm.com/timex#bi http://ex.org/variable#189	1
http://ex.org/variable#34 http://www.ibm.com/timex#o http://ex.org/variable#0	1
http://ex.org/variable#34 http://www.ibm.com/timex#o http://ex.org/variable#1	1
http://ex.org/variable#34 http://www.ibm.com/timex#o http://ex.org/variable#2	1
http://ex.org/variable#34 http://www.ibm.com/timex#di_fi http://ex.org/variable#3	1
http://ex.org/variable#34 http://www.ibm.com/timex#o http://ex.org/variable#4	1
http://ex.org/variable#34 http://www.ibm.com/timex#di http://ex.org/variable#5	1
http://ex.org/variable#34 http://www.ibm.com/timex#o http://ex.org/variable#6	1
http://ex.org/variable#34 http://www.ibm.com/timex#o http://ex.org/variable#7	1
http://ex.org/variable#34 http://www.ibm.com/timex#oi http://ex.org/variable#8	1
http://ex.org/variable#34 http://www.ibm.com/timex#o http://ex.org/variable#9	1
http://ex.org/variable#34 http://www.ibm.com/timex#o http://ex.org/variable#10	1
http://ex.org/variable#34 http://www.ibm.com/timex#s http://ex.org/variable#11	1
http://ex.org/variable#34 http://www.ibm.com/timex#d http://ex.org/variable#12	1
http://ex.org/variable#34 http://www.ibm.com/timex#oi http://ex.org/variable#13	1
http://ex.org/variable#34 http://www.ibm.com/timex#di http://ex.org/variable#14	1
http://ex.org/variable#34 http://www.ibm.com/timex#oi http://ex.org/variable#15	1
http://ex.org/variable#34 http://www.ibm.com/timex#di http://ex.org/variable#16	1
http://ex.org/variable#34 http://www.ibm.com/timex#m_o_di http://ex.org/variable#17	1
http://ex.org/variable#34 http://www.ibm.com/timex#o http://ex.org/variable#18	1
http://ex.org/variable#34 http://www.ibm.com/timex#oi http://ex.org/variable#19	1
http://ex.org/variable#34 http://www.ibm.com/timex#d http://ex.org/variable#20	1
http://ex.org/variable#34 http://www.ibm.com/timex#o http://ex.org/variable#21	1
http://ex.org/variable#34 http://www.ibm.com/timex#o http://ex.org/variable#22	1
http://ex.org/variable#34 http://www.ibm.com/timex#di http://ex.org/variable#23	1
http://ex.org/variable#34 http://www.ibm.com/timex#d http://ex.org/variable#24	1
http://ex.org/variable#34 http://www.ibm.com/timex#oi http://ex.org/variable#25	1
http://ex.org/variable#34 http://www.ibm.com/timex#o http://ex.org/variable#26	1
http://ex.org/variable#34 http://www.ibm.com/timex#oi http://ex.org/variable#27	1
http://ex.org/variable#34 http://www.ibm.com/timex#o http://ex.org/variable#28	1
http://ex.org/variable#34 http://www.ibm.com/timex#o http://ex.org/variable#29	1
http://ex.org/variable#34 http://www.ibm.com/timex#di http://ex.org/variable#30	1
http://ex.org/variable#34 http://www.ibm.com/timex#oi http://ex.org/variable#31	1
http://ex.org/variable#34 http://www.ibm.com/timex#oi http://ex.org/variable#32	1
http://ex.org/variable#34 http://www.ibm.com/timex#o http://ex.org/variable#33	1
http://ex.org/variable#34 http://www.ibm.com/timex#di http://ex.org/variable#35	1
http://ex.org/variable#34 http://www.ibm.com/timex#oi http://ex.org/variable#36	1
http://ex.org/variable#34 http://www.ibm.com/timex#oi http://ex.org/variable#37	1
http://ex.org/variable#34 http://www.ibm.com/timex#oi http://ex.org/variable#38	1
http://ex.org/variable#34 http://www.ibm.com/timex#di http://ex.org/variable#39	1
http://ex.org/variable#34 http://www.ibm.com/timex#oi http://ex.org/variable#40	1
http://ex.org/variable#34 http://www.ibm.com/timex#o http://ex.org/variable#41	1
http://ex.org/variable#34 http://www.ibm.com/timex#o http://ex.org/variable#42	1
http://ex.org/variable#34 http://www.ibm.com/timex#f http://ex.org/variable#43	1
http://ex.org/variable#34 http://www.ibm.com/timex#d http://ex.org/variable#44	1
http://ex.org/variable#34 http://www.ibm.com/timex#o http://ex.org/variable#45	1
http://ex.org/variable#34 http://www.ibm.com/timex#oi http://ex.org/variable#46	1
http://ex.org/variable#34 http://www.ibm.com/timex#oi http://ex.org/variable#47	1
http://ex.org/variable#34 http://www.ibm.com/timex#o_di http://ex.org/variable#48	1
http://ex.org/variable#34 http://www.ibm.com/timex#oi http://ex.org/variable#49	1
http://ex.org/variable#34 http://www.ibm.com/timex#o http://ex.org/variable#50	1
http://ex.org/variable#34 http://www.ibm.com/timex#o http://ex.org/variable#51	1
http://ex.org/variable#34 http://www.ibm.com/timex#d http://ex.org/variable#52	1
http://ex.org/variable#34 http://www.ibm.com/timex#d http://ex.org/variable#53	1
http://ex.org/variable#34 http://www.ibm.com/timex#o http://ex.org/variable#54	1
http://ex.org/variable#34 http://www.ibm.com/timex#di http://ex.org/variable#55	1
http://ex.org/variable#34 http://www.ibm.com/timex#di http://ex.org/variable#56	1
http://ex.org/variable#34 http://www.ibm.com/timex#oi http://ex.org/variable#57	1
http://ex.org/variable#34 http://www.ibm.com/timex#di_si http://ex.org/variable#58	1
http://ex.org/variable#34 http://www.ibm.com/timex#s http://ex.org/variable#59	1
http://ex.org/variable#34 http://www.ibm.com/timex#d http://ex.org/variable#60	1
http://ex.org/variable#34 http://www.ibm.com/timex#d http://ex.org/variable#61	1
http://ex.org/variable#34 http://www.ibm.com/timex#o http://ex.org/variable#62	1
http://ex.org/variable#34 http://www.ibm.com/timex#d http://ex.org/variable#63	1
http://ex.org/variable#34 http://www.ibm.com/timex#d http://ex.org/variable#64	1
http://ex.org/variable#34 http://www.ibm.com/timex#di http://ex.org/variable#65	1
http://ex.org/variable#34 http://www.ibm.com/timex#oi http://ex.org/variable#66	1
http://ex.org/variable#34 http://www.ibm.com/timex#o http://ex.org/variable#67	1
http://ex.org/variable#34 http://www.ibm.com/timex#o http://ex.org/variable#68	1
http://ex.org/variable#34 http://www.ibm.com/timex#di http://ex.org/variable#69	1
http://ex.org/variable#34 http://www.ibm.com/timex#o http://ex.org/variable#70	1
http://ex.org/variable#34 http://www.ibm.com/timex#oi http://ex.org/variable#71	1
http://ex.org/variable#34 http://www.ibm.com/timex#o http://ex.org/variable#72	1
http://ex.org/variable#34 http://www.ibm.com/timex#di http://ex.org/variable#73	1
http://ex.org/variable#34 http://www.ibm.com/timex#o http://ex.org/variable#74	1
http://ex.org/variable#34 http://www.ibm.com/timex#si http://ex.org/variable#75	1
http://ex.org/variable#34 http://www.ibm.com/timex#o http://ex.org/variable#76	1
http://ex.org/variable#34 http://www.ibm.com/timex#o http://ex.org/variable#77	1
http://ex.org/variable#34 http://www.ibm.com/timex#di http://ex.org/variable#78	1
http://ex.org/variable#34 http://www.ibm.com/timex#oi http://ex.org/variable#79	1
http://ex.org/variable#34 http://www.ibm.com/timex#d http://ex.org/variable#80	1
http://ex.org/variable#34 http://www.ibm.com/timex#oi http://ex.org/variable#81	1
http://ex.org/variable#34 http://www.ibm.com/timex#di http://ex.org/variable#82	1
http://ex.org/variable#34 http://www.ibm.com/timex#d http://ex.org/variable#83	1
http://ex.org/variable#34 http://www.ibm.com/timex#o http://ex.org/variable#84	1
http://ex.org/variable#34 http://www.ibm.com/timex#o http://ex.org/variable#85	1
http://ex.org/variable#34 http://www.ibm.com/timex#d http://ex.org/variable#86	1
http://ex.org/variable#34 http://www.ibm.com/timex#o http://ex.org/variable#87	1
http://ex.org/variable#34 http://www.ibm.com/timex#b http://ex.org/variable#88	1
http://ex.org/variable#34 http://www.ibm.com/timex#o http://ex.org/variable#89	1
http://ex.org/variable#34 http://www.ibm.com/timex#di_fi http://ex.org/variable#90	1
http://ex.org/variable#34 http://www.ibm.com/timex#o http://ex.org/variable#91	1
http://ex.org/variable#34 http://www.ibm.com/timex#o http://ex.org/variable#92	1
http://ex.org/variable#34 http://www.ibm.com/timex#o http://ex.org/variable#93	1
http://ex.org/variable#34 http://www.ibm.com/timex#oi http://ex.org/variable#94	1
http://ex.org/variable#34 http://www.ibm.com/timex#di http://ex.org/variable#95	1
http://ex.org/variable#34 http://www.ibm.com/timex#di http://ex.org/variable#96	1
http://ex.org/variable#34 http://www.ibm.com/timex#o http://ex.org/variable#97	1
http://ex.org/variable#34 http://www.ibm.com/timex#o http://ex.org/variable#98	1
http://ex.org/variable#34 http://www.ibm.com/timex#o http://ex.org/variable#99	1
http://ex.org/variable#34 http://www.ibm.com/timex#oi http://ex.org/variable#100	1
http://ex.org/variable#34 http://www.ibm.com/timex#o http://ex.org/variable#101	1
http://ex.org/variable#34 http://www.ibm.com/timex#di http://ex.org/variable#102	1
http://ex.org/variable#34 http://www.ibm.com/timex#oi_f http://ex.org/variable#103	1
http://ex.org/variable#34 http://www.ibm.com/timex#b http://ex.org/variable#104	1
http://ex.org/variable#34 http://www.ibm.com/timex#o http://ex.org/variable#105	1
http://ex.org/variable#34 http://www.ibm.com/timex#d http://ex.org/variable#106	1
http://ex.org/variable#34 http://www.ibm.com/timex#o http://ex.org/variable#107	1
http://ex.org/variable#34 http://www.ibm.com/timex#di http://ex.org/variable#108	1
http://ex.org/variable#34 http://www.ibm.com/timex#di http://ex.org/variable#109	1
http://ex.org/variable#34 http://www.ibm.com/timex#d http://ex.org/variable#110	1
http://ex.org/variable#34 http://www.ibm.com/timex#di http://ex.org/variable#111	1
http://ex.org/variable#34 http://www.ibm.com/timex#oi_f http://ex.org/variable#112	1
http://ex.org/variable#34 http://www.ibm.com/timex#di http://ex.org/variable#113	1
http://ex.org/variable#34 http://www.ibm.com/timex#s http://ex.org/variable#114	1
http://ex.org/variable#34 http://www.ibm.com/timex#b http://ex.org/variable#115	1
http://ex.org/variable#34 http://www.ibm.com/timex#di http://ex.org/variable#116	1
http://ex.org/variable#34 http://www.ibm.com/timex#oi http://ex.org/variable#117	1
http://ex.org/variable#34 http://www.ibm.com/timex#oi http://ex.org/variable#118	1
http://ex.org/variable#34 http://www.ibm.com/timex#d http://ex.org/variable#119	1
http://ex.org/variable#34 http://www.ibm.com/timex#di http://ex.org/variable#120	1
http://ex.org/variable#34 http://www.ibm.com/timex#b http://ex.org/variable#121	1
http://ex.org/variable#34 http://www.ibm.com/timex#d http://ex.org/variable#122	1
http://ex.org/variable#34 http://www.ibm.com/timex#o http://ex.org/variable#123	1
http://ex.org/variable#34 http://www.ibm.com/timex#oi http://ex.org/variable#124	1
http://ex.org/variable#34 http://www.ibm.com/timex#oi http://ex.org/variable#125	1
http://ex.org/variable#34 http://www.ibm.com/timex#o http://ex.org/variable#126	1
http://ex.org/variable#34 http://www.ibm.com/timex#o http://ex.org/variable#127	1
http://ex.org/variable#34 http://www.ibm.com/timex#o http://ex.org/variable#128	1
http://ex.org/variable#34 http://www.ibm.com/timex#oi http://ex.org/variable#129	1
http://ex.org/variable#34 http://www.ibm.com/timex#di http://ex.org/variable#130	1
http://ex.org/variable#34 http://www.ibm.com/timex#b http://ex.org/variable#131	1
http://ex.org/variable#34 http://www.ibm.com/timex#d http://ex.org/variable#132	1
http://ex.org/variable#34 http://www.ibm.com/timex#o http://ex.org/variable#133	1
http://ex.org/variable#34 http://www.ibm.com/timex#oi http://ex.org/variable#134	1
http://ex.org/variable#34 http://www.ibm.com/timex#o http://ex.org/variable#135	1
http://ex.org/variable#34 http://www.ibm.com/timex#o http://ex.org/variable#136	1
http://ex.org/variable#34 http://www.ibm.com/timex#di http://ex.org/variable#137	1
http://ex.org/variable#34 http://www.ibm.com/timex#o http://ex.org/variable#138	1
http://ex.org/variable#34 http://www.ibm.com/timex#di http://ex.org/variable#139	1
http://ex.org/variable#34 http://www.ibm.com/timex#di http://ex.org/variable#140	1
http://ex.org/variable#34 http://www.ibm.com/timex#d http://ex.org/variable#141	1
http://ex.org/variable#34 http://www.ibm.com/timex#oi http://ex.org/variable#142	1
http://ex.org/variable#34 http://www.ibm.com/timex#d http://ex.org/variable#143	1
http://ex.org/variable#34 http://www.ibm.com/timex#o http://ex.org/variable#144	1
http://ex.org/variable#34 http://www.ibm.com/timex#o http://ex.org/variable#145	1
http://ex.org/variable#34 http://www.ibm.com/timex#o http://ex.org/variable#146	1
http://ex.org/variable#34 http://www.ibm.com/timex#di http://ex.org/variable#147	1
http://ex.org/variable#34 http://www.ibm.com/timex#o http://ex.org/variable#148	1
http://ex.org/variable#34 http://www.ibm.com/timex#oi http://ex.org/variable#149	1
http://ex.org/variable#34 http://www.ibm.com/timex#o http://ex.org/variable#150	1
http://ex.org/variable#34 http://www.ibm.com/timex#o http://ex.org/variable#151	1
http://ex.org/variable#34 http://www.ibm.com/timex#oi http://ex.org/variable#152	1
http://ex.org/variable#34 http://www.ibm.com/timex#o http://ex.org/variable#153	1
http://ex.org/variable#34 http://www.ibm.com/timex#di http://ex.org/variable#154	1
http://ex.org/variable#34 http://www.ibm.com/timex#oi http://ex.org/variable#155	1
http://ex.org/variable#34 http://www.ibm.com/timex#o http://ex.org/variable#156	1
http://ex.org/variable#34 http://www.ibm.com/timex#di http://ex.org/variable#157	1
http://ex.org/variable#34 http://www.ibm.com/timex#si http://ex.org/variable#158	1
http://ex.org/variable#34 http://www.ibm.com/timex#o http://ex.org/variable#159	1
http://ex.org/variable#34 http://www.ibm.com/timex#o http://ex.org/variable#160	1
http://ex.org/variable#34 http://www.ibm.com/timex#di http://ex.org/variable#161	1
http://ex.org/variable#34 http://www.ibm.com/timex#si http://ex.org/variable#162	1
http://ex.org/variable#34 http://www.ibm.com/timex#o http://ex.org/variable#163	1
http://ex.org/variable#34 http://www.ibm.com/timex#o http://ex.org/variable#164	1
http://ex.org/variable#34 http://www.ibm.com/timex#di http://ex.org/variable#165	1
http://ex.org/variable#34 http://www.ibm.com/timex#oi http://ex.org/variable#166	1
http://ex.org/variable#34 http://www.ibm.com/timex#oi http://ex.org/variable#167	1
http://ex.org/variable#34 http://www.ibm.com/timex#o http://ex.org/variable#168	1
http://ex.org/variable#34 http://www.ibm.com/timex#d http://ex.org/variable#169	1
http://ex.org/variable#34 http://www.ibm.com/timex#o http://ex.org/variable#170	1
http://ex.org/variable#34 http://www.ibm.com/timex#oi http://ex.org/variable#171	1
http://ex.org/variable#34 http://www.ibm.com/timex#oi http://ex.org/variable#172	1
http://ex.org/variable#34 http://www.ibm.com/timex#b http://ex.org/variable#173	1
http://ex.org/variable#34 http://www.ibm.com/timex#o http://ex.org/variable#174	1
http://ex.org/variable#34 http://www.ibm.com/timex#oi http://ex.org/variable#175	1
http://ex.org/variable#34 http://www.ibm.com/timex#o http://ex.org/variable#176	1
http://ex.org/variable#34 http://www.ibm.com/timex#o http://ex.org/variable#177	1
http://ex.org/variable#34 http://www.ibm.com/timex#o http://ex.org/variable#178	1
http://ex.org/variable#34 http://www.ibm.com/timex#o http://ex.org/variable#179	1
http://ex.org/variable#34 http://www.ibm.com/timex#di http://ex.org/variable#180	1
http://ex.org/variable#34 http://www.ibm.com/timex#oi http://ex.org/variable#181	1
http://ex.org/variable#34 http://www.ibm.com/timex#di http://ex.org/variable#182	1
http://ex.org/variable#34 http://www.ibm.com/timex#o http://ex.org/variable#183	1
http://ex.org/variable#34 http://www.ibm.com/timex#oi http://ex.org/variable#184	1
http://ex.org/variable#34 http://www.ibm.com/timex#o http://ex.org/variable#185	1
http://ex.org/variable#34 http://www.ibm.com/timex#o http://ex.org/variable#186	1
http://ex.org/variable#34 http://www.ibm.com/timex#d http://ex.org/variable#187	1
http://ex.org/variable#34 http://www.ibm.com/timex#o_di_fi http://ex.org/variable#188	1
http://ex.org/variable#34 http://www.ibm.com/timex#di http://ex.org/variable#189	1
http://ex.org/variable#35 http://www.ibm.com/timex#d http://ex.org/variable#0	1
http://ex.org/variable#35 http://www.ibm.com/timex#b http://ex.org/variable#1	1
http://ex.org/variable#35 http://www.ibm.com/timex#d http://ex.org/variable#2	1
http://ex.org/variable#35 http://www.ibm.com/timex#o http://ex.org/variable#3	1
http://ex.org/variable#35 http://www.ibm.com/timex#d http://ex.org/variable#4	1
http://ex.org/variable#35 http://www.ibm.com/timex#d http://ex.org/variable#5	1
http://ex.org/variable#35 http://www.ibm.com/timex#b http://ex.org/variable#6	1
http://ex.org/variable#35 http://www.ibm.com/timex#d http://ex.org/variable#7	1
http://ex.org/variable#35 http://www.ibm.com/timex#bi http://ex.org/variable#8	1
http://ex.org/variable#35 http://www.ibm.com/timex#b_m_o http://ex.org/variable#9	1
http://ex.org/variable#35 http://www.ibm.com/timex#d http://ex.org/variable#10	1
http://ex.org/variable#35 http://www.ibm.com/timex#d http://ex.org/variable#11	1
http://ex.org/variable#35 http://www.ibm.com/timex#d http://ex.org/variable#12	1
http://ex.org/variable#35 http://www.ibm.com/timex#d http://ex.org/variable#13	1
http://ex.org/variable#35 http://www.ibm.com/timex#b http://ex.org/variable#14	1
http://ex.org/variable#35 http://www.ibm.com/timex#d http://ex.org/variable#15	1
http://ex.org/variable#35 http://www.ibm.com/timex#d http://ex.org/variable#16	1
http://ex.org/variable#35 http://www.ibm.com/timex#b http://ex.org/variable#17	1
http://ex.org/variable#35 http://www.ibm.com/timex#d http://ex.org/variable#18	1
http://ex.org/variable#35 http://www.ibm.com/timex#oi http://ex.org/variable#19	1
http://ex.org/variable#35 http://www.ibm.com/timex#d http://ex.org/variable#20	1
http://ex.org/variable#35 http://www.ibm.com/timex#b http://ex.org/variable#21	1
http://ex.org/variable#35 http://www.ibm.com/timex#d http://ex.org/variable#22	1
http://ex.org/variable#35 http://www.ibm.com/timex#oi http://ex.org/variable#23	1
http://ex.org/variable#35 http://www.ibm.com/timex#d http://ex.org/variable#24	1
http://ex.org/variable#35 http://www.ibm.com/timex#bi http://ex.org/variable#25	1
http://ex.org/variable#35 http://www.ibm.com/timex#b http://ex.org/variable#26	1
http://ex.org/variable#35 http://www.ibm.com/timex#oi http://ex.org/variable#27	1
http://ex.org/variable#35 http://www.ibm.com/timex#b_m_o http://ex.org/variable#28	1
http://ex.org/variable#35 http://www.ibm.com/timex#d http://ex.org/variable#29	1
http://ex.org/variable#35 http://www.ibm.com/timex#o http://ex.org/variable#30	1
http://ex.org/variable#35 http://www.ibm.com/timex#d http://ex.org/variable#31	1
http://ex.org/variable#35 http://www.ibm.com/timex#bi_oi http://ex.org/variable#32	1
http://ex.org/variable#35 http://www.ibm.com/timex#b http://ex.org/variable#33	1
http://ex.org/variable#35 http://www.ibm.com/timex#d http://ex.org/variable#34	1
http://ex.org/variable#35 http://www.ibm.com/timex#d_f http://ex.org/variable#36	1
http://ex.org/variable#35 http://www.ibm.com/timex#oi http://ex.org/variable#37	1
http://ex.org/variable#35 http://www.ibm.com/timex#d http://ex.org/variable#38	1
http://ex.org/variable#35 http://www.ibm.com/timex#b http://ex.org/variable#39	1
http://ex.org/variable#35 http://www.ibm.com/timex#d http://ex.org/variable#40	1
http://ex.org/variable#35 http://www.ibm.com/timex#d http://ex.org/variable#41	1
http://ex.org/variable#35 http://www.ibm.com/timex#d http://ex.org/variable#42	1
http://ex.org/variable#35 http://www.ibm.com/timex#d http://ex.org/variable#43	1
http://ex.org/variable#35 http://www.ibm.com/timex#d http://ex.org/variable#44	1
http://ex.org/variable#35 http://www.ibm.com/timex#o_d http://ex.org/variable#45	1
http://ex.org/variable#35 http://www.ibm.com/timex#d http://ex.org/variable#46	1
http://ex.org/variable#35 http://www.ibm.com/timex#d http://ex.org/variable#47	1
http://ex.org/variable#35 http://www.ibm.com/timex#b http://ex.org/variable#48	1
http://ex.org/variable#35 http://www.ibm.com/timex#oi http://ex.org/variable#49	1
http://ex.org/variable#35 http://www.ibm.com/timex#d http://ex.org/variable#50	1
http://ex.org/variable#35 http://www.ibm.com/timex#b http://ex.org/variable#51	1
http://ex.org/variable#35 http://www.ibm.com/timex#d http://ex.org/variable#52	1
http://ex.org/variable#35 http://www.ibm.com/timex#d http://ex.org/variable#53	1
http://ex.org/variable#35 http://www.ibm.com/timex#d http://ex.org/variable#54	1
http://ex.org/variable#35 http://www.ibm.com/timex#d http://ex.org/variable#55	1
http://ex.org/variable#35 http://www.ibm.com/timex#d http://ex.org/variable#56	1
http://ex.org/variable#35 http://www.ibm.com/timex#d http://ex.org/variable#57	1
http://ex.org/variable#35 http://www.ibm.com/timex#d http://ex.org/variable#58	1
http://ex.org/variable#35 http://www.ibm.com/timex#d http://ex.org/variable#59	1
http://ex.org/variable#35 http://www.ibm.com/timex#d http://ex.org/variable#60	1
http://ex.org/variable#35 http://www.ibm.com/timex#d http://ex.org/variable#61	1
http://ex.org/variable#35 http://www.ibm.com/timex#d http://ex.org/variable#62	1
http://ex.org/variable#35 http://www.ibm.com/timex#d http://ex.org/variable#63	1
http://ex.org/variable#35 http://www.ibm.com/timex#d http://ex.org/variable#64	1
http://ex.org/variable#35 http://www.ibm.com/timex#bi http://ex.org/variable#65	1
http://ex.org/variable#35 http://www.ibm.com/timex#oi http://ex.org/variable#66	1
http://ex.org/variable#35 http://www.ibm.com/timex#d http://ex.org/variable#67	1
http://ex.org/variable#35 http://www.ibm.com/timex#d http://ex.org/variable#68	1
http://ex.org/variable#35 http://www.ibm.com/timex#d http://ex.org/variable#69	1
http://ex.org/variable#35 http://www.ibm.com/timex#d http://ex.org/variable#70	1
http://ex.org/variable#35 http://www.ibm.com/timex#d http://ex.org/variable#71	1
http://ex.org/variable#35 http://www.ibm.com/timex#d http://ex.org/variable#72	1
http://ex.org/variable#35 http://www.ibm.com/timex#d http://ex.org/variable#73	1
http://ex.org/variable#35 http://www.ibm.com/timex#d http://ex.org/variable#74	1
http://ex.org/variable#35 http://www.ibm.com/timex#d http://ex.org/variable#75	1
http://ex.org/variable#35 http://www.ibm.com/timex#d http://ex.org/variable#76	1
http://ex.org/variable#35 http://www.ibm.com/timex#d http://ex.org/variable#77	1
http://ex.org/variable#35 http://www.ibm.com/timex#d http://ex.org/variable#78	1
http://ex.org/variable#35 http://www.ibm.com/timex#d http://ex.org/variable#79	1
http://ex.org/variable#35 http://www.ibm.com/timex#d http://ex.org/variable#80	1
http://ex.org/variable#35 http://www.ibm.com/timex#d http://ex.org/variable#81	1
http://ex.org/variable#35 http://www.ibm.com/timex#oi http://ex.org/variable#82	1
http://ex.org/variable#35 http://www.ibm.com/timex#d http://ex.org/variable#83	1
http://ex.org/variable#35 http://www.ibm.com/timex#b http://ex.org/variable#84	1
http://ex.org/variable#35 http://www.ibm.com/timex#b http://ex.org/variable#85	1
http://ex.org/variable#35 http://www.ibm.com/timex#d http://ex.org/variable#86	1
http://ex.org/variable#35 http://www.ibm.com/timex#b_m_o http://ex.org/variable#87	1
http://ex.org/variable#35 http://www.ibm.com/timex#b http://ex.org/variable#88	1
http://ex.org/variable#35 http://www.ibm.com/timex#d http://ex.org/variable#89	1
http://ex.org/variable#35 http://www.ibm.com/timex#d http://ex.org/variable#90	1
http://ex.org/variable#35 http://www.ibm.com/timex#d http://ex.org/variable#91	1
http://ex.org/variable#35 http://www.ibm.com/timex#o http://ex.org/variable#92	1
http://ex.org/variable#35 http://www.ibm.com/timex#d http://ex.org/variable#93	1
http://ex.org/variable#35 http://www.ibm.com/timex#d http://ex.org/variable#94	1
http://ex.org/variable#35 http://www.ibm.com/timex#di http://ex.org/variable#95	1
http://ex.org/variable#35 http://www.ibm.com/timex#bi http://ex.org/variable#96	1
http://ex.org/variable#35 http://www.ibm.com/timex#d http://ex.org/variable#97	1
http://ex.org/variable#35 http://www.ibm.com/timex#b http://ex.org/variable#98	1
http://ex.org/variable#35 http://www.ibm.com/timex#b http://ex.org/variable#99	1
http://ex.org/variable#35 http://www.ibm.com/timex#bi http://ex.org/variable#100	1
http://ex.org/variable#35 http://www.ibm.com/timex#d http://ex.org/variable#101	1
http://ex.org/variable#35 http://www.ibm.com/timex#b http://ex.org/variable#102	1
http://ex.org/variable#35 http://www.ibm.com/timex#d http://ex.org/variable#103	1
http://ex.org/variable#35 http://www.ibm.com/timex#b http://ex.org/variable#104	1
http://ex.org/variable#35 http://www.ibm.com/timex#d http://ex.org/variable#105	1
http://ex.org/variable#35 http://www.ibm.com/timex#d http://ex.org/variable#106	1
http://ex.org/variable#35 http://www.ibm.com/timex#d http://ex.org/variable#107	1
http://ex.org/variable#35 http://www.ibm.com/timex#o_d_s http://ex.org/variable#108	1
http://ex.org/variable#35 http://www.ibm.com/timex#b http://ex.org/variable#109	1
http://ex.org/variable#35 http://www.ibm.com/timex#d http://ex.org/variable#110	1
http://ex.org/variable#35 http://www.ibm.com/timex#d http://ex.org/variable#111	1
http://ex.org/variable#35 http://www.ibm.com/timex#d http://ex.org/variable#112	1
http://ex.org/variable#35 http://www.ibm.com/timex#b http://ex.org/variable#113	1
http://ex.org/variable#35 http://www.ibm.com/timex#d http://ex.org/variable#114	1
http://ex.org/variable#35 http://www.ibm.com/timex#b http://ex.org/variable#115	1
http://ex.org/variable#35 http://www.ibm.com/timex#b http://ex.org/variable#116	1
http://ex.org/variable#35 http://www.ibm.com/timex#d http://ex.org/variable#117	1
http://ex.org/variable#35 http://www.ibm.com/timex#d http://ex.org/variable#118	1
http://ex.org/variable#35 http://www.ibm.com/timex#d http://ex.org/variable#119	1
http://ex.org/variable#35 http://www.ibm.com/timex#d http://ex.org/variable#120	1
http://ex.org/variable#35 http://www.ibm.com/timex#b http://ex.org/variable#121	1
http://ex.org/variable#35 http://www.ibm.com/timex#d http://ex.org/variable#122	1
http://ex.org/variable#35 http://www.ibm.com/timex#d http://ex.org/variable#123	1
http://ex.org/variable#35 http://www.ibm.com/timex#d http://ex.org/variable#124	1
http://ex.org/variable#35 http://www.ibm.com/timex#d http://ex.org/variable#125	1
http://ex.org/variable#35 http://www.ibm.com/timex#o http://ex.org/variable#126	1
http://ex.org/variable#35 http://www.ibm.com/timex#b http://ex.org/variable#127	1
http://ex.org/variable#35 http://www.ibm.com/timex#d http://ex.org/variable#128	1
http://ex.org/variable#35 http://www.ibm.com/timex#d_f http://ex.org/variable#129	1
http://ex.org/variable#35 http://www.ibm.com/timex#d http://ex.org/variable#130	1
http://ex.org/variable#35 http://www.ibm.com/timex#b http://ex.org/variable#131	1
http://ex.org/variable#35 http://www.ibm.com/timex#d http://ex.org/variable#132	1
http://ex.org/variable#35 http://www.ibm.com/timex#s http://ex.org/variable#133	1
http://ex.org/variable#35 http://www.ibm.com/timex#d http://ex.org/variable#134	1
http://ex.org/variable#35 http://www.ibm.com/timex#d http://ex.org/variable#135	1
http://ex.org/variable#35 http://www.ibm.com/timex#d http://ex.org/variable#136	1
http://ex.org/variable#35 http://www.ibm.com/timex#d http://ex.org/variable#137	1
http://ex.org/variable#35 http://www.ibm.com/timex#b http://ex.org/variable#138	1
http://ex.org/variable#35 http://www.ibm.com/timex#d http://ex.org/variable#139	1
http://ex.org/variable#35 http://www.ibm.com/timex#d http://ex.org/variable#140	1
http://ex.org/variable#35 http://www.ibm.com/timex#d http://ex.org/variable#141	1
http://ex.org/variable#35 http://www.ibm.com/timex#d http://ex.org/variable#142	1
http://ex.org/variable#35 http://www.ibm.com/timex#d http://ex.org/variable#143	1
http://ex.org/variable#35 http://www.ibm.com/timex#d http://ex.org/variable#144	1
http://ex.org/variable#35 http://www.ibm.com/timex#b http://ex.org/variable#145	1
http://ex.org/variable#35 http://www.ibm.com/timex#d http://ex.org/variable#146	1
http://ex.org/variable#35 http://www.ibm.com/timex#d http://ex.org/variable#147	1
http://ex.org/variable#35 http://www.ibm.com/timex#d http://ex.org/variable#148	1
http://ex.org/variable#35 http://www.ibm.com/timex#bi_mi_oi http://ex.org/variable#149	1
http://ex.org/variable#35 http://www.ibm.com/timex#b http://ex.org/variable#150	1
http://ex.org/variable#35 http://www.ibm.com/timex#d http://ex.org/variable#151	1
http://ex.org/variable#35 http://www.ibm.com/timex#bi http://ex.org/variable#152	1
http://ex.org/variable#35 http://www.ibm.com/timex#d http://ex.org/variable#153	1
http://ex.org/variable#35 http://www.ibm.com/timex#o_d http://ex.org/variable#154	1
http://ex.org/variable#35 http://www.ibm.com/timex#d http://ex.org/variable#155	1
http://ex.org/variable#35 http://www.ibm.com/timex#d http://ex.org/variable#156	1
http://ex.org/variable#35 http://www.ibm.com/timex#bi http://ex.org/variable#157	1
http://ex.org/variable#35 http://www.ibm.com/timex#d http://ex.org/variable#158	1
http://ex.org/variable#35 http://www.ibm.com/timex#o_d_s http://ex.org/variable#159	1
http://ex.org/variable#35 http://www.ibm.com/timex#d http://ex.org/variable#160	1
http://ex.org/variable#35 http://www.ibm.com/timex#d http://ex.org/variable#161	1
http://ex.org/variable#35 http://www.ibm.com/timex#d http://ex.org/variable#162	1
http://ex.org/variable#35 http://www.ibm.com/timex#o http://ex.org/variable#163	1
http://ex.org/variable#35 http://www.ibm.com/timex#o_d_s http://ex.org/variable#164	1
http://ex.org/variable#35 http://www.ibm.com/timex#d http://ex.org/variable#165	1
http://ex.org/variable#35 http://www.ibm.com/timex#d http://ex.org/variable#166	1
http://ex.org/variable#35 http://www.ibm.com/timex#d http://ex.org/variable#167	1
http://ex.org/variable#35 http://www.ibm.com/timex#o http://ex.org/variable#168	1
http://ex.org/variable#35 http://www.ibm.com/timex#d http://ex.org/variable#169	1
http://ex.org/variable#35 http://www.ibm.com/timex#b http://ex.org/variable#170	1
http://ex.org/variable#35 http://www.ibm.com/timex#d http://ex.org/variable#171	1
http://ex.org/variable#35 http://www.ibm.com/timex#bi http://ex.org/variable#172	1
http://ex.org/variable#35 http://www.ibm.com/timex#b http://ex.org/variable#173	1
http://ex.org/variable#35 http://www.ibm.com/timex#b http://ex.org/variable#174	1
http://ex.org/variable#35 http://www.ibm.com/timex#d http://ex.org/variable#175	1
http://ex.org/variable#35 http://www.ibm.com/timex#o_d_s http://ex.org/variable#176	1
http://ex.org/variable#35 http://www.ibm.com/timex#d http://ex.org/variable#177	1
http://ex.org/variable#35 http://www.ibm.com/timex#d http://ex.org/variable#178	1
http://ex.org/variable#35 http://www.ibm.com/timex#o_d_s http://ex.org/variable#179	1
http://ex.org/variable#35 http://www.ibm.com/timex#bi http://ex.org/variable#180	1
http://ex.org/variable#35 http://www.ibm.com/timex#bi http://ex.org/variable#181	1
http://ex.org/variable#35 http://www.ibm.com/timex#o http://ex.org/variable#182	1
http://ex.org/variable#35 http://www.ibm.com/timex#b http://ex.org/variable#183	1
http://ex.org/variable#35 http://www.ibm.com/timex#d http://ex.org/variable#184	1
http://ex.org/variable#35 http://www.ibm.com/timex#d http://ex.org/variable#185	1
http://ex.org/variable#35 http://www.ibm.com/timex#o http://ex.org/variable#186	1
http://ex.org/variable#35 http://www.ibm.com/timex#d http://ex.org/variable#187	1
http://ex.org/variable#35 http://www.ibm.com/timex#o http://ex.org/variable#188	1
http://ex.org/variable#35 http://www.ibm.com/timex#o_d_s http://ex.org/variable#189	1
http://ex.org/variable#36 http://www.ibm.com/timex#o http://ex.org/variable#0	1
http://ex.org/variable#36 http://www.ibm.com/timex#b http://ex.org/variable#1	1
http://ex.org/variable#36 http://www.ibm.com/timex#o http://ex.org/variable#2	1
http://ex.org/variable#36 http://www.ibm.com/timex#o http://ex.org/variable#3	1
http://ex.org/variable#36 http://www.ibm.com/timex#o http://ex.org/variable#4	1
http://ex.org/variable#36 http://www.ibm.com/timex#o http://ex.org/variable#5	1
http://ex.org/variable#36 http://www.ibm.com/timex#b http://ex.org/variable#6	1
http://ex.org/variable#36 http://www.ibm.com/timex#o http://ex.org/variable#7	1
http://ex.org/variable#36 http://www.ibm.com/timex#di_si http://ex.org/variable#8	1
http://ex.org/variable#36 http://www.ibm.com/timex#b_m_o http://ex.org/variable#9	1
http://ex.org/variable#36 http://www.ibm.com/timex#o http://ex.org/variable#10	1
http://ex.org/variable#36 http://www.ibm.com/timex#o http://ex.org/variable#11	1
http://ex.org/variable#36 http://www.ibm.com/timex#d http://ex.org/variable#12	1
http://ex.org/variable#36 http://www.ibm.com/timex#o http://ex.org/variable#13	1
http://ex.org/variable#36 http://www.ibm.com/timex#b http://ex.org/variable#14	1
http://ex.org/variable#36 http://www.ibm.com/timex#o http://ex.org/variable#15	1
http://ex.org/variable#36 http://www.ibm.com/timex#o http://ex.org/variable#16	1
http://ex.org/variable#36 http://www.ibm.com/timex#b http://ex.org/variable#17	1
http://ex.org/variable#36 http://www.ibm.com/timex#o http://ex.org/variable#18	1
http://ex.org/variable#36 http://www.ibm.com/timex#di http://ex.org/variable#19	1
http://ex.org/variable#36 http://www.ibm.com/timex#d http://ex.org/variable#20	1
http://ex.org/variable#36 http://www.ibm.com/timex#b http://ex.org/variable#21	1
http://ex.org/variable#36 http://www.ibm.com/timex#o http://ex.org/variable#22	1
http://ex.org/variable#36 http://www.ibm.com/timex#di http://ex.org/variable#23	1
http://ex.org/variable#36 http://www.ibm.com/timex#o_d_s http://ex.org/variable#24	1
http://ex.org/variable#36 http://www.ibm.com/timex#oi http://ex.org/variable#25	1
http://ex.org/variable#36 http://www.ibm.com/timex#b http://ex.org/variable#26	1
http://ex.org/variable#36 http://www.ibm.com/timex#oi http://ex.org/variable#27	1
http://ex.org/variable#36 http://www.ibm.com/timex#m_o http://ex.org/variable#28	1
http://ex.org/variable#36 http://www.ibm.com/timex#o http://ex.org/variable#29	1
http://ex.org/variable#36 http://www.ibm.com/timex#o http://ex.org/variable#30	1
http://ex.org/variable#36 http://www.ibm.com/timex#d http://ex.org/variable#31	1
http://ex.org/variable#36 http://www.ibm.com/timex#oi_si http://ex.org/variable#32	1
http://ex.org/variable#36 http://www.ibm.com/timex#b http://ex.org/variable#33	1
http://ex.org/variable#36 http://www.ibm.com/timex#o http://ex.org/variable#34	1
http://ex.org/variable#36 http://www.ibm.com/timex#di_fi http://ex.org/variable#35	1
http://ex.org/variable#36 http://www.ibm.com/timex#di http://ex.org/variable#37	1
http://ex.org/variable#36 http://www.ibm.com/timex#o http://ex.org/variable#38	1
http://ex.org/variable#36 http://www.ibm.com/timex#b http://ex.org/variable#39	1
http://ex.org/variable#36 http://www.ibm.com/timex#o_d_s http://ex.org/variable#40	1
http://ex.org/variable#36 http://www.ibm.com/timex#o http://ex.org/variable#41	1
http://ex.org/variable#36 http://www.ibm.com/timex#o http://ex.org/variable#42	1
http://ex.org/variable#36 http://www.ibm.com/timex#d http://ex.org/variable#43	1
http://ex.org/variable#36 http://www.ibm.com/timex#o http://ex.org/variable#44	1
http://ex.org/variable#36 http://www.ibm.com/timex#o http://ex.org/variable#45	1
http://ex.org/variable#36 http://www.ibm.com/timex#d http://ex.org/variable#46	1
http://ex.org/variable#36 http://www.ibm.com/timex#d http://ex.org/variable#47	1
http://ex.org/variable#36 http://www.ibm.com/timex#b http://ex.org/variable#48	1
http://ex.org/variable#36 http://www.ibm.com/timex#oi http://ex.org/variable#49	1
http://ex.org/variable#36 http://www.ibm.com/timex#o http://ex.org/variable#50	1
http://ex.org/variable#36 http://www.ibm.com/timex#b http://ex.org/variable#51	1
http://ex.org/variable#36 http://www.ibm.com/timex#d http://ex.org/variable#52	1
http://ex.org/variable#36 http://www.ibm.com/timex#o http://ex.org/variable#53	1
http://ex.org/variable#36 http://www.ibm.com/timex#o http://ex.org/variable#54	1
http://ex.org/variable#36 http://www.ibm.com/timex#o http://ex.org/variable#55	1
http://ex.org/variable#36 http://www.ibm.com/timex#o http://ex.org/variable#56	1
http://ex.org/variable#36 http://www.ibm.com/timex#d http://ex.org/variable#57	1
http://ex.org/variable#36 http://www.ibm.com/timex#o http://ex.org/variable#58	1
http://ex.org/variable#36 http://www.ibm.com/timex#o http://ex.org/variable#59	1
http://ex.org/variable#36 http://www.ibm.com/timex#o http://ex.org/variable#60	1
http://ex.org/variable#36 http://www.ibm.com/timex#d http://ex.org/variable#61	1
http://ex.org/variable#36 http://www.ibm.com/timex#o http://ex.org/variable#62	1
http://ex.org/variable#36 http://www.ibm.com/timex#o_s http://ex.org/variable#63	1
http://ex.org/variable#36 http://www.ibm.com/timex#s http://ex.org/variable#64	1
http://ex.org/variable#36 http://www.ibm.com/timex#di http://ex.org/variable#65	1
http://ex.org/variable#36 http://www.ibm.com/timex#oi http://ex.org/variable#66	1
http://ex.org/variable#36 http://www.ibm.com/timex#o http://ex.org/variable#67	1
http://ex.org/variable#36 http://www.ibm.com/timex#o http://ex.org/variable#68	1
http://ex.org/variable#36 http://www.ibm.com/timex#o http://ex.org/variable#69	1
http://ex.org/variable#36 http://www.ibm.com/timex#o http://ex.org/variable#70	1
http://ex.org/variable#36 http://www.ibm.com/timex#o http://ex.org/variable#71	1
http://ex.org/variable#36 http://www.ibm.com/timex#o http://ex.org/variable#72	1
http://ex.org/variable#36 http://www.ibm.com/timex#o http://ex.org/variable#73	1
http://ex.org/variable#36 http://www.ibm.com/timex#o http://ex.org/variable#74	1
http://ex.org/variable#36 http://www.ibm.com/timex#o http://ex.org/variable#75	1
http://ex.org/variable#36 http://www.ibm.com/timex#o http://ex.org/variable#76	1
http://ex.org/variable#36 http://www.ibm.com/timex#o http://ex.org/variable#77	1
http://ex.org/variable#36 http://www.ibm.com/timex#o http://ex.org/variable#78	1
http://ex.org/variable#36 http://www.ibm.com/timex#d http://ex.org/variable#79	1
http://ex.org/variable#36 http://www.ibm.com/timex#d http://ex.org/variable#80	1
http://ex.org/variable#36 http://www.ibm.com/timex#d http://ex.org/variable#81	1
http://ex.org/variable#36 http://www.ibm.com/timex#di http://ex.org/variable#82	1
http://ex.org/variable#36 http://www.ibm.com/timex#d http://ex.org/variable#83	1
http://ex.org/variable#36 http://www.ibm.com/timex#b http://ex.org/variable#84	1
http://ex.org/variable#36 http://www.ibm.com/timex#b http://ex.org/variable#85	1
http://ex.org/variable#36 http://www.ibm.com/timex#d http://ex.org/variable#86	1
http://ex.org/variable#36 http://www.ibm.com/timex#o http://ex.org/variable#87	1
http://ex.org/variable#36 http://www.ibm.com/timex#b http://ex.org/variable#88	1
http://ex.org/variable#36 http://www.ibm.com/timex#o http://ex.org/variable#89	1
http://ex.org/variable#36 http://www.ibm.com/timex#o http://ex.org/variable#90	1
http://ex.org/variable#36 http://www.ibm.com/timex#o http://ex.org/variable#91	1
http://ex.org/variable#36 http://www.ibm.com/timex#o http://ex.org/variable#92	1
http://ex.org/variable#36 http://www.ibm.com/timex#o http://ex.org/variable#93	1
http://ex.org/variable#36 http://www.ibm.com/timex#o http://ex.org/variable#94	1
http://ex.org/variable#36 http://www.ibm.com/timex#di http://ex.org/variable#95	1
http://ex.org/variable#36 http://www.ibm.com/timex#di http://ex.org/variable#96	1
http://ex.org/variable#36 http://www.ibm.com/timex#o http://ex.org/variable#97	1
http://ex.org/variable#36 http://www.ibm.com/timex#b http://ex.org/variable#98	1
http://ex.org/variable#36 http://www.ibm.com/timex#b http://ex.org/variable#99	1
http://ex.org/variable#36 http://www.ibm.com/timex#di http://ex.org/variable#100	1
http://ex.org/variable#36 http://www.ibm.com/timex#o http://ex.org/variable#101	1
http://ex.org/variable#36 http://www.ibm.com/timex#b http://ex.org/variable#102	1
http://ex.org/variable#36 http://www.ibm.com/timex#o http://ex.org/variable#103	1
http://ex.org/variable#36 http://www.ibm.com/timex#b http://ex.org/variable#104	1
http://ex.org/variable#36 http://www.ibm.com/timex#o http://ex.org/variable#105	1
http://ex.org/variable#36 http://www.ibm.com/timex#o http://ex.org/variable#106	1
http://ex.org/variable#36 http://www.ibm.com/timex#o http://ex.org/variable#107	1
http://ex.org/variable#36 http://www.ibm.com/timex#o http://ex.org/variable#108	1
http://ex.org/variable#36 http://www.ibm.com/timex#b http://ex.org/variable#109	1
http://ex.org/variable#36 http://www.ibm.com/timex#o http://ex.org/variable#110	1
http://ex.org/variable#36 http://www.ibm.com/timex#o http://ex.org/variable#111	1
http://ex.org/variable#36 http://www.ibm.com/timex#d http://ex.org/variable#112	1
http://ex.org/variable#36 http://www.ibm.com/timex#b http://ex.org/variable#113	1
http://ex.org/variable#36 http://www.ibm.com/timex#o http://ex.org/variable#114	1
http://ex.org/variable#36 http://www.ibm.com/timex#b http://ex.org/variable#115	1
http://ex.org/variable#36 http://www.ibm.com/timex#b http://ex.org/variable#116	1
http://ex.org/variable#36 http://www.ibm.com/timex#o http://ex.org/variable#117	1
http://ex.org/variable#36 http://www.ibm.com/timex#o http://ex.org/variable#118	1
http://ex.org/variable#36 http://www.ibm.com/timex#d http://ex.org/variable#119	1
http://ex.org/variable#36 http://www.ibm.com/timex#o http://ex.org/variable#120	1
http://ex.org/variable#36 http://www.ibm.com/timex#b http://ex.org/variable#121	1
http://ex.org/variable#36 http://www.ibm.com/timex#d http://ex.org/variable#122	1
http://ex.org/variable#36 http://www.ibm.com/timex#o http://ex.org/variable#123	1
http://ex.org/variable#36 http://www.ibm.com/timex#d http://ex.org/variable#124	1
http://ex.org/variable#36 http://www.ibm.com/timex#d http://ex.org/variable#125	1
http://ex.org/variable#36 http://www.ibm.com/timex#o http://ex.org/variable#126	1
http://ex.org/variable#36 http://www.ibm.com/timex#b http://ex.org/variable#127	1
http://ex.org/variable#36 http://www.ibm.com/timex#o http://ex.org/variable#128	1
http://ex.org/variable#36 http://www.ibm.com/timex#d_f http://ex.org/variable#129	1
http://ex.org/variable#36 http://www.ibm.com/timex#o http://ex.org/variable#130	1
http://ex.org/variable#36 http://www.ibm.com/timex#b http://ex.org/variable#131	1
http://ex.org/variable#36 http://www.ibm.com/timex#o http://ex.org/variable#132	1
http://ex.org/variable#36 http://www.ibm.com/timex#o http://ex.org/variable#133	1
http://ex.org/variable#36 http://www.ibm.com/timex#d http://ex.org/variable#134	1
http://ex.org/variable#36 http://www.ibm.com/timex#o http://ex.org/variable#135	1
http://ex.org/variable#36 http://www.ibm.com/timex#o http://ex.org/variable#136	1
http://ex.org/variable#36 http://www.ibm.com/timex#o http://ex.org/variable#137	1
http://ex.org/variable#36 http://www.ibm.com/timex#b http://ex.org/variable#138	1
http://ex.org/variable#36 http://www.ibm.com/timex#o http://ex.org/variable#139	1
http://ex.org/variable#36 http://www.ibm.com/timex#o http://ex.org/variable#140	1
http://ex.org/variable#36 http://www.ibm.com/timex#d http://ex.org/variable#141	1
http://ex.org/variable#36 http://www.ibm.com/timex#o http://ex.org/variable#142	1
http://ex.org/variable#36 http://www.ibm.com/timex#o http://ex.org/variable#143	1
http://ex.org/variable#36 http://www.ibm.com/timex#o http://ex.org/variable#144	1
http://ex.org/variable#36 http://www.ibm.com/timex#b http://ex.org/variable#145	1
http://ex.org/variable#36 http://www.ibm.com/timex#o http://ex.org/variable#146	1
http://ex.org/variable#36 http://www.ibm.com/timex#o http://ex.org/variable#147	1
http://ex.org/variable#36 http://www.ibm.com/timex#o http://ex.org/variable#148	1
http://ex.org/variable#36 http://www.ibm.com/timex#oi http://ex.org/variable#149	1
http://ex.org/variable#36 http://www.ibm.com/timex#b http://ex.org/variable#150	1
http://ex.org/variable#36 http://www.ibm.com/timex#o http://ex.org/variable#151	1
http://ex.org/variable#36 http://www.ibm.com/timex#di http://ex.org/variable#152	1
http://ex.org/variable#36 http://www.ibm.com/timex#o http://ex.org/variable#153	1
http://ex.org/variable#36 http://www.ibm.com/timex#o http://ex.org/variable#154	1
http://ex.org/variable#36 http://www.ibm.com/timex#d http://ex.org/variable#155	1
http://ex.org/variable#36 http://www.ibm.com/timex#o http://ex.org/variable#156	1
http://ex.org/variable#36 http://www.ibm.com/timex#di http://ex.org/variable#157	1
http://ex.org/variable#36 http://www.ibm.com/timex#o http://ex.org/variable#158	1
http://ex.org/variable#36 http://www.ibm.com/timex#o http://ex.org/variable#159	1
http://ex.org/variable#36 http://www.ibm.com/timex#o http://ex.org/variable#160	1
http://ex.org/variable#36 http://www.ibm.com/timex#o http://ex.org/variable#161	1
http://ex.org/variable#36 http://www.ibm.com/timex#o http://ex.org/variable#162	1
http://ex.org/variable#36 http://www.ibm.com/timex#o http://ex.org/variable#163	1
http://ex.org/variable#36 http://www.ibm.com/timex#o http://ex.org/variable#164	1
http://ex.org/variable#36 http://www.ibm.com/timex#o http://ex.org/variable#165	1
http://ex.org/variable#36 http://www.ibm.com/timex#d http://ex.org/variable#166	1
http://ex.org/variable#36 http://www.ibm.com/timex#o http://ex.org/variable#167	1
http://ex.org/variable#36 http://www.ibm.com/timex#o http://ex.org/variable#168	1
http://ex.org/variable#36 http://www.ibm.com/timex#d_s http://ex.org/variable#169	1
http://ex.org/variable#36 http://www.ibm.com/timex#b http://ex.org/variable#170	1
http://ex.org/variable#36 http://www.ibm.com/timex#d http://ex.org/variable#171	1
http://ex.org/variable#36 http://www.ibm.com/timex#oi http://ex.org/variable#172	1
http://ex.org/variable#36 http://www.ibm.com/timex#b http://ex.org/variable#173	1
http://ex.org/variable#36 http://www.ibm.com/timex#b http://ex.org/variable#174	1
http://ex.org/variable#36 http://www.ibm.com/timex#o http://ex.org/variable#175	1
http://ex.org/variable#36 http://www.ibm.com/timex#o http://ex.org/variable#176	1
http://ex.org/variable#36 http://www.ibm.com/timex#o http://ex.org/variable#177	1
http://ex.org/variable#36 http://www.ibm.com/timex#o http://ex.org/variable#178	1
http://ex.org/variable#36 http://www.ibm.com/timex#o http://ex.org/variable#179	1
http://ex.org/variable#36 http://www.ibm.com/timex#di http://ex.org/variable#180	1
http://ex.org/variable#36 http://www.ibm.com/timex#di http://ex.org/variable#181	1
http://ex.org/variable#36 http://www.ibm.com/timex#o http://ex.org/variable#182	1
http://ex.org/variable#36 http://www.ibm.com/timex#b http://ex.org/variable#183	1
http://ex.org/variable#36 http://www.ibm.com/timex#o http://ex.org/variable#184	1
http://ex.org/variable#36 http://www.ibm.com/timex#o http://ex.org/variable#185	1
http://ex.org/variable#36 http://www.ibm.com/timex#o http://ex.org/variable#186	1
http://ex.org/variable#36 http://www.ibm.com/timex#d http://ex.org/variable#187	1
http://ex.org/variable#36 http://www.ibm.com/timex#o http://ex.org/variable#188	1
http://ex.org/variable#36 http://www.ibm.com/timex#o http://ex.org/variable#189	1
http://ex.org/variable#37 http://www.ibm.com/timex#o http://ex.org/variable#0	1
http://ex.org/variable#37 http://www.ibm.com/timex#b http://ex.org/variable#1	1
http://ex.org/variable#37 http://www.ibm.com/timex#o http://ex.org/variable#2	1
http://ex.org/variable#37 http://www.ibm.com/timex#b_m_o http://ex.org/variable#3	1
http://ex.org/variable#37 http://www.ibm.com/timex#o http://ex.org/variable#4	1
http://ex.org/variable#37 http://www.ibm.com/timex#o http://ex.org/variable#5	1
http://ex.org/variable#37 http://www.ibm.com/timex#b http://ex.org/variable#6	1
http://ex.org/variable#37 http://www.ibm.com/timex#o http://ex.org/variable#7	1
http://ex.org/variable#37 http://www.ibm.com/timex#oi http://ex.org/variable#8	1
http://ex.org/variable#37 http://www.ibm.com/timex#b http://ex.org/variable#9	1
http://ex.org/variable#37 http://www.ibm.com/timex#o http://ex.org/variable#10	1
http://ex.org/variable#37 http://www.ibm.com/timex#o http://ex.org/variable#11	1
http://ex.org/variable#37 http://www.ibm.com/timex#d http://ex.org/variable#12	1
http://ex.org/variable#37 http://www.ibm.com/timex#o http://ex.org/variable#13	1
http://ex.org/variable#37 http://www.ibm.com/timex#b http://ex.org/variable#14	1
http://ex.org/variable#37 http://www.ibm.com/timex#s http://ex.org/variable#15	1
http://ex.org/variable#37 http://www.ibm.com/timex#o http://ex.org/variable#16	1
http://ex.org/variable#37 http://www.ibm.com/timex#b http://ex.org/variable#17	1
http://ex.org/variable#37 http://www.ibm.com/timex#o http://ex.org/variable#18	1
http://ex.org/variable#37 http://www.ibm.com/timex#o_fi http://ex.org/variable#19	1
http://ex.org/variable#37 http://www.ibm.com/timex#d http://ex.org/variable#20	1
http://ex.org/variable#37 http://www.ibm.com/timex#b http://ex.org/variable#21	1
http://ex.org/variable#37 http://www.ibm.com/timex#o http://ex.org/variable#22	1
http://ex.org/variable#37 http://www.ibm.com/timex#o_di_fi http://ex.org/variable#23	1
http://ex.org/variable#37 http://www.ibm.com/timex#d http://ex.org/variable#24	1
http://ex.org/variable#37 http://www.ibm.com/timex#oi http://ex.org/variable#25	1
http://ex.org/variable#37 http://www.ibm.com/timex#b http://ex.org/variable#26	1
http://ex.org/variable#37 http://www.ibm.com/timex#oi_d_f http://ex.org/variable#27	1
http://ex.org/variable#37 http://www.ibm.com/timex#b http://ex.org/variable#28	1
http://ex.org/variable#37 http://www.ibm.com/timex#o http://ex.org/variable#29	1
http://ex.org/variable#37 http://www.ibm.com/timex#b http://ex.org/variable#30	1
http://ex.org/variable#37 http://www.ibm.com/timex#d http://ex.org/variable#31	1
http://ex.org/variable#37 http://www.ibm.com/timex#oi_d_f http://ex.org/variable#32	1
http://ex.org/variable#37 http://www.ibm.com/timex#b http://ex.org/variable#33	1
http://ex.org/variable#37 http://www.ibm.com/timex#o http://ex.org/variable#34	1
http://ex.org/variable#37 http://www.ibm.com/timex#o http://ex.org/variable#35	1
http://ex.org/variable#37 http://www.ibm.com/timex#d http://ex.org/variable#36	1
http://ex.org/variable#37 http://www.ibm.com/timex#d http://ex.org/variable#38	1
http://ex.org/variable#37 http://www.ibm.com/timex#b http://ex.org/variable#39	1
http://ex.org/variable#37 http://www.ibm.com/timex#d http://ex.org/variable#40	1
http://ex.org/variable#37 http://www.ibm.com/timex#o http://ex.org/variable#41	1
http://ex.org/variable#37 http://www.ibm.com/timex#o http://ex.org/variable#42	1
http://ex.org/variable#37 http://www.ibm.com/timex#d http://ex.org/variable#43	1
http://ex.org/variable#37 http://www.ibm.com/timex#d http://ex.org/variable#44	1
http://ex.org/variable#37 http://www.ibm.com/timex#b_m_o http://ex.org/variable#45	1
http://ex.org/variable#37 http://www.ibm.com/timex#d http://ex.org/variable#46	1
http://ex.org/variable#37 http://www.ibm.com/timex#d http://ex.org/variable#47	1
http://ex.org/variable#37 http://www.ibm.com/timex#b http://ex.org/variable#48	1
http://ex.org/variable#37 http://www.ibm.com/timex#oi_d_f http://ex.org/variable#49	1
http://ex.org/variable#37 http://www.ibm.com/timex#o http://ex.org/variable#50	1
http://ex.org/variable#37 http://www.ibm.com/timex#b http://ex.org/variable#51	1
http://ex.org/variable#37 http://www.ibm.com/timex#d http://ex.org/variable#52	1
http://ex.org/variable#37 http://www.ibm.com/timex#d http://ex.org/variable#53	1
http://ex.org/variable#37 http://www.ibm.com/timex#o http://ex.org/variable#54	1
http://ex.org/variable#37 http://www.ibm.com/timex#o http://ex.org/variable#55	1
http://ex.org/variable#37 http://www.ibm.com/timex#o http://ex.org/variable#56	1
http://ex.org/variable#37 http://www.ibm.com/timex#d http://ex.org/variable#57	1
http://ex.org/variable#37 http://www.ibm.com/timex#o http://ex.org/variable#58	1
http://ex.org/variable#37 http://www.ibm.com/timex#o http://ex.org/variable#59	1
http://ex.org/variable#37 http://www.ibm.com/timex#d http://ex.org/variable#60	1
http://ex.org/variable#37 http://www.ibm.com/timex#d http://ex.org/variable#61	1
http://ex.org/variable#37 http://www.ibm.com/timex#o http://ex.org/variable#62	1
http://ex.org/variable#37 http://www.ibm.com/timex#d http://ex.org/variable#63	1
http://ex.org/variable#37 http://www.ibm.com/timex#d http://ex.org/variable#64	1
http://ex.org/variable#37 http://www.ibm.com/timex#di http://ex.org/variable#65	1
http://ex.org/variable#37 http://www.ibm.com/timex#oi_d_f http://ex.org/variable#66	1
http://ex.org/variable#37 http://www.ibm.com/timex#o http://ex.org/variable#67	1
http://ex.org/variable#37 http://www.ibm.com/timex#o http://ex.org/variable#68	1
http://ex.org/variable#37 http://www.ibm.com/timex#o http://ex.org/variable#69	1
http://ex.org/variable#37 http://www.ibm.com/timex#o http://ex.org/variable#70	1
http://ex.org/variable#37 http://www.ibm.com/timex#o http://ex.org/variable#71	1
http://ex.org/variable#37 http://www.ibm.com/timex#o http://ex.org/variable#72	1
http://ex.org/variable#37 http://www.ibm.com/timex#o http://ex.org/variable#73	1
http://ex.org/variable#37 http://www.ibm.com/timex#o http://ex.org/variable#74	1
http://ex.org/variable#37 http://www.ibm.com/timex#o http://ex.org/variable#75	1
http://ex.org/variable#37 http://www.ibm.com/timex#o http://ex.org/variable#76	1
http://ex.org/variable#37 http://www.ibm.com/timex#o http://ex.org/variable#77	1
http://ex.org/variable#37 http://www.ibm.com/timex#o http://ex.org/variable#78	1
http://ex.org/variable#37 http://www.ibm.com/timex#d http://ex.org/variable#79	1
http://ex.org/variable#37 http://www.ibm.com/timex#d http://ex.org/variable#80	1
http://ex.org/variable#37 http://www.ibm.com/timex#d http://ex.org/variable#81	1
http://ex.org/variable#37 http://www.ibm.com/timex#o http://ex.org/variable#82	1
http://ex.org/variable#37 http://www.ibm.com/timex#d http://ex.org/variable#83	1
http://ex.org/variable#37 http://www.ibm.com/timex#b http://ex.org/variable#84	1
http://ex.org/variable#37 http://www.ibm.com/timex#b http://ex.org/variable#85	1
http://ex.org/variable#37 http://www.ibm.com/timex#d http://ex.org/variable#86	1
http://ex.org/variable#37 http://www.ibm.com/timex#b http://ex.org/variable#87	1
http://ex.org/variable#37 http://www.ibm.com/timex#b http://ex.org/variable#88	1
http://ex.org/variable#37 http://www.ibm.com/timex#o http://ex.org/variable#89	1
http://ex.org/variable#37 http://www.ibm.com/timex#o http://ex.org/variable#90	1
http://ex.org/variable#37 http://www.ibm.com/timex#o http://ex.org/variable#91	1
http://ex.org/variable#37 http://www.ibm.com/timex#b http://ex.org/variable#92	1
http://ex.org/variable#37 http://www.ibm.com/timex#o http://ex.org/variable#93	1
http://ex.org/variable#37 http://www.ibm.com/timex#o http://ex.org/variable#94	1
http://ex.org/variable#37 http://www.ibm.com/timex#b http://ex.org/variable#95	1
http://ex.org/variable#37 http://www.ibm.com/timex#di http://ex.org/variable#96	1
http://ex.org/variable#37 http://www.ibm.com/timex#o http://ex.org/variable#97	1
http://ex.org/variable#37 http://www.ibm.com/timex#b http://ex.org/variable#98	1
http://ex.org/variable#37 http://www.ibm.com/timex#b http://ex.org/variable#99	1
http://ex.org/variable#37 http://www.ibm.com/timex#oi http://ex.org/variable#100	1
http://ex.org/variable#37 http://www.ibm.com/timex#o http://ex.org/variable#101	1
http://ex.org/variable#37 http://www.ibm.com/timex#b http://ex.org/variable#102	1
http://ex.org/variable#37 http://www.ibm.com/timex#d http://ex.org/variable#103	1
http://ex.org/variable#37 http://www.ibm.com/timex#b http://ex.org/variable#104	1
http://ex.org/variable#37 http://www.ibm.com/timex#o http://ex.org/variable#105	1
http://ex.org/variable#37 http://www.ibm.com/timex#d http://ex.org/variable#106	1
http://ex.org/variable#37 http://www.ibm.com/timex#o http://ex.org/variable#107	1
http://ex.org/variable#37 http://www.ibm.com/timex#b_m_o http://ex.org/variable#108	1
http://ex.org/variable#37 http://www.ibm.com/timex#b http://ex.org/variable#109	1
http://ex.org/variable#37 http://www.ibm.com/timex#d http://ex.org/variable#110	1
http://ex.org/variable#37 http://www.ibm.com/timex#o http://ex.org/variable#111	1
http://ex.org/variable#37 http://www.ibm.com/timex#d http://ex.org/variable#112	1
http://ex.org/variable#37 http://www.ibm.com/timex#b http://ex.org/variable#113	1
http://ex.org/variable#37 http://www.ibm.com/timex#o http://ex.org/variable#114	1
http://ex.org/variable#37 http://www.ibm.com/timex#b http://ex.org/variable#115	1
http://ex.org/variable#37 http://www.ibm.com/timex#b http://ex.org/variable#116	1
http://ex.org/variable#37 http://www.ibm.com/timex#d http://ex.org/variable#117	1
http://ex.org/variable#37 http://www.ibm.com/timex#o http://ex.org/variable#118	1
http://ex.org/variable#37 http://www.ibm.com/timex#d http://ex.org/variable#119	1
http://ex.org/variable#37 http://www.ibm.com/timex#o http://ex.org/variable#120	1
http://ex.org/variable#37 http://www.ibm.com/timex#b http://ex.org/variable#121	1
http://ex.org/variable#37 http://www.ibm.com/timex#d http://ex.org/variable#122	1
http://ex.org/variable#37 http://www.ibm.com/timex#o http://ex.org/variable#123	1
http://ex.org/variable#37 http://www.ibm.com/timex#d http://ex.org/variable#124	1
http://ex.org/variable#37 http://www.ibm.com/timex#d http://ex.org/variable#125	1
http://ex.org/variable#37 http://www.ibm.com/timex#b http://ex.org/variable#126	1
http://ex.org/variable#37 http://www.ibm.com/timex#b http://ex.org/variable#127	1
http://ex.org/variable#37 http://www.ibm.com/timex#o http://ex.org/variable#128	1
http://ex.org/variable#37 http://www.ibm.com/timex#d http://ex.org/variable#129	1
http://ex.org/variable#37 http://www.ibm.com/timex#o http://ex.org/variable#130	1
http://ex.org/variable#37 http://www.ibm.com/timex#b http://ex.org/variable#131	1
http://ex.org/variable#37 http://www.ibm.com/timex#d http://ex.org/variable#132	1
http://ex.org/variable#37 http://www.ibm.com/timex#o http://ex.org/variable#133	1
http://ex.org/variable#37 http://www.ibm.com/timex#d http://ex.org/variable#134	1
http://ex.org/variable#37 http://www.ibm.com/timex#o http://ex.org/variable#135	1
http://ex.org/variable#37 http://www.ibm.com/timex#o http://ex.org/variable#136	1
http://ex.org/variable#37 http://www.ibm.com/timex#o http://ex.org/variable#137	1
http://ex.org/variable#37 http://www.ibm.com/timex#b http://ex.org/variable#138	1
http://ex.org/variable#37 http://www.ibm.com/timex#o http://ex.org/variable#139	1
http://ex.org/variable#37 http://www.ibm.com/timex#o http://ex.org/variable#140	1
http://ex.org/variable#37 http://www.ibm.com/timex#d http://ex.org/variable#141	1
http://ex.org/variable#37 http://www.ibm.com/timex#o http://ex.org/variable#142	1
http://ex.org/variable#37 http://www.ibm.com/timex#o http://ex.org/variable#143	1
http://ex.org/variable#37 http://www.ibm.com/timex#o http://ex.org/variable#144	1
http://ex.org/variable#37 http://www.ibm.com/timex#b http://ex.org/variable#145	1
http://ex.org/variable#37 http://www.ibm.com/timex#o http://ex.org/variable#146	1
http://ex.org/variable#37 http://www.ibm.com/timex#o http://ex.org/variable#147	1
http://ex.org/variable#37 http://www.ibm.com/timex#o http://ex.org/variable#148	1
http://ex.org/variable#37 http://www.ibm.com/timex#oi_d_f http://ex.org/variable#149	1
http://ex.org/variable#37 http://www.ibm.com/timex#b http://ex.org/variable#150	1
http://ex.org/variable#37 http://www.ibm.com/timex#o http://ex.org/variable#151	1
http://ex.org/variable#37 http://www.ibm.com/timex#oi http://ex.org/variable#152	1
http://ex.org/variable#37 http://www.ibm.com/timex#o http://ex.org/variable#153	1
http://ex.org/variable#37 http://www.ibm.com/timex#o http://ex.org/variable#154	1
http://ex.org/variable#37 http://www.ibm.com/timex#d http://ex.org/variable#155	1
http://ex.org/variable#37 http://www.ibm.com/timex#o http://ex.org/variable#156	1
http://ex.org/variable#37 http://www.ibm.com/timex#di http://ex.org/variable#157	1
http://ex.org/variable#37 http://www.ibm.com/timex#o http://ex.org/variable#158	1
http://ex.org/variable#37 http://www.ibm.com/timex#o http://ex.org/variable#159	1
http://ex.org/variable#37 http://www.ibm.com/timex#o http://ex.org/variable#160	1
http://ex.org/variable#37 http://www.ibm.com/timex#o http://ex.org/variable#161	1
http://ex.org/variable#37 http://www.ibm.com/timex#o http://ex.org/variable#162	1
http://ex.org/variable#37 http://www.ibm.com/timex#b_m_o http://ex.org/variable#163	1
http://ex.org/variable#37 http://www.ibm.com/timex#o http://ex.org/variable#164	1
http://ex.org/variable#37 http://www.ibm.com/timex#o http://ex.org/variable#165	1
http://ex.org/variable#37 http://www.ibm.com/timex#d http://ex.org/variable#166	1
http://ex.org/variable#37 http://www.ibm.com/timex#d http://ex.org/variable#167	1
http://ex.org/variable#37 http://www.ibm.com/timex#b http://ex.org/variable#168	1
http://ex.org/variable#37 http://www.ibm.com/timex#d http://ex.org/variable#169	1
http://ex.org/variable#37 http://www.ibm.com/timex#b http://ex.org/variable#170	1
http://ex.org/variable#37 http://www.ibm.com/timex#d http://ex.org/variable#171	1
http://ex.org/variable#37 http://www.ibm.com/timex#oi http://ex.org/variable#172	1
http://ex.org/variable#37 http://www.ibm.com/timex#b http://ex.org/variable#173	1
http://ex.org/variable#37 http://www.ibm.com/timex#b http://ex.org/variable#174	1
http://ex.org/variable#37 http://www.ibm.com/timex#d http://ex.org/variable#175	1
http://ex.org/variable#37 http://www.ibm.com/timex#o http://ex.org/variable#176	1
http://ex.org/variable#37 http://www.ibm.com/timex#o http://ex.org/variable#177	1
http://ex.org/variable#37 http://www.ibm.com/timex#o http://ex.org/variable#178	1
http://ex.org/variable#37 http://www.ibm.com/timex#o http://ex.org/variable#179	1
http://ex.org/variable#37 http://www.ibm.com/timex#di http://ex.org/variable#180	1
http://ex.org/variable#37 http://www.ibm.com/timex#oi http://ex.org/variable#181	1
http://ex.org/variable#37 http://www.ibm.com/timex#b_m_o http://ex.org/variable#182	1
http://ex.org/variable#37 http://www.ibm.com/timex#b http://ex.org/variable#183	1
http://ex.org/variable#37 http://www.ibm.com/timex#s http://ex.org/variable#184	1
http://ex.org/variable#37 http://www.ibm.com/timex#o http://ex.org/variable#185	1
http://ex.org/variable#37 http://www.ibm.com/timex#b http://ex.org/variable#186	1
http://ex.org/variable#37 http://www.ibm.com/timex#d http://ex.org/variable#187	1
http://ex.org/variable#37 http://www.ibm.com/timex#b http://ex.org/variable#188	1
http://ex.org/variable#37 http://www.ibm.com/timex#o http://ex.org/variable#189	1
http://ex.org/variable#38 http://www.ibm.com/timex#o http://ex.org/variable#0	1
http://ex.org/variable#38 http://www.ibm.com/timex#o http://ex.org/variable#1	1
http://ex.org/variable#38 http://www.ibm.com/timex#o http://ex.org/variable#2	1
http://ex.org/variable#38 http://www.ibm.com/timex#o http://ex.org/variable#3	1
http://ex.org/variable#38 http://www.ibm.com/timex#o http://ex.org/variable#4	1
http://ex.org/variable#38 http://www.ibm.com/timex#di http://ex.org/variable#5	1
http://ex.org/variable#38 http://www.ibm.com/timex#o http://ex.org/variable#6	1
http://ex.org/variable#38 http://www.ibm.com/timex#o http://ex.org/variable#7	1
http://ex.org/variable#38 http://www.ibm.com/timex#oi http://ex.org/variable#8	1
http://ex.org/variable#38 http://www.ibm.com/timex#o http://ex.org/variable#9	1
http://ex.org/variable#38 http://www.ibm.com/timex#o http://ex.org/variable#10	1
http://ex.org/variable#38 http://www.ibm.com/timex#o http://ex.org/variable#11	1
http://ex.org/variable#38 http://www.ibm.com/timex#d http://ex.org/variable#12	1
http://ex.org/variable#38 http://www.ibm.com/timex#di http://ex.org/variable#13	1
http://ex.org/variable#38 http://www.ibm.com/timex#di http://ex.org/variable#14	1
http://ex.org/variable#38 http://www.ibm.com/timex#di http://ex.org/variable#15	1
http://ex.org/variable#38 http://www.ibm.com/timex#di http://ex.org/variable#16	1
http://ex.org/variable#38 http://www.ibm.com/timex#b_m_o http://ex.org/variable#17	1
http://ex.org/variable#38 http://www.ibm.com/timex#o http://ex.org/variable#18	1
http://ex.org/variable#38 http://www.ibm.com/timex#di http://ex.org/variable#19	1
http://ex.org/variable#38 http://www.ibm.com/timex#d http://ex.org/variable#20	1
http://ex.org/variable#38 http://www.ibm.com/timex#o http://ex.org/variable#21	1
http://ex.org/variable#38 http://www.ibm.com/timex#o http://ex.org/variable#22	1
http://ex.org/variable#38 http://www.ibm.com/timex#di http://ex.org/variable#23	1
http://ex.org/variable#38 http://www.ibm.com/timex#d http://ex.org/variable#24	1
http://ex.org/variable#38 http://www.ibm.com/timex#oi http://ex.org/variable#25	1
http://ex.org/variable#38 http://www.ibm.com/timex#o http://ex.org/variable#26	1
http://ex.org/variable#38 http://www.ibm.com/timex#oi http://ex.org/variable#27	1
http://ex.org/variable#38 http://www.ibm.com/timex#o http://ex.org/variable#28	1
http://ex.org/variable#38 http://www.ibm.com/timex#o http://ex.org/variable#29	1
http://ex.org/variable#38 http://www.ibm.com/timex#di http://ex.org/variable#30	1
http://ex.org/variable#38 http://www.ibm.com/timex#oi http://ex.org/variable#31	1
http://ex.org/variable#38 http://www.ibm.com/timex#oi http://ex.org/variable#32	1
http://ex.org/variable#38 http://www.ibm.com/timex#o http://ex.org/variable#33	1
http://ex.org/variable#38 http://www.ibm.com/timex#o http://ex.org/variable#34	1
http://ex.org/variable#38 http://www.ibm.com/timex#di http://ex.org/variable#35	1
http://ex.org/variable#38 http://www.ibm.com/timex#oi http://ex.org/variable#36	1
http://ex.org/variable#38 http://www.ibm.com/timex#di http://ex.org/variable#37	1
http://ex.org/variable#38 http://www.ibm.com/timex#o_di_fi http://ex.org/variable#39	1
http://ex.org/variable#38 http://www.ibm.com/timex#oi http://ex.org/variable#40	1
http://ex.org/variable#38 http://www.ibm.com/timex#o http://ex.org/variable#41	1
http://ex.org/variable#38 http://www.ibm.com/timex#o http://ex.org/variable#42	1
http://ex.org/variable#38 http://www.ibm.com/timex#d http://ex.org/variable#43	1
http://ex.org/variable#38 http://www.ibm.com/timex#s http://ex.org/variable#44	1
http://ex.org/variable#38 http://www.ibm.com/timex#o http://ex.org/variable#45	1
http://ex.org/variable#38 http://www.ibm.com/timex#oi http://ex.org/variable#46	1
http://ex.org/variable#38 http://www.ibm.com/timex#oi http://ex.org/variable#47	1
http://ex.org/variable#38 http://www.ibm.com/timex#o http://ex.org/variable#48	1
http://ex.org/variable#38 http://www.ibm.com/timex#oi http://ex.org/variable#49	1
http://ex.org/variable#38 http://www.ibm.com/timex#o http://ex.org/variable#50	1
http://ex.org/variable#38 http://www.ibm.com/timex#o http://ex.org/variable#51	1
http://ex.org/variable#38 http://www.ibm.com/timex#d http://ex.org/variable#52	1
http://ex.org/variable#38 http://www.ibm.com/timex#d http://ex.org/variable#53	1
http://ex.org/variable#38 http://www.ibm.com/timex#o http://ex.org/variable#54	1
http://ex.org/variable#38 http://www.ibm.com/timex#o_di http://ex.org/variable#55	1
http://ex.org/variable#38 http://www.ibm.com/timex#di http://ex.org/variable#56	1
http://ex.org/variable#38 http://www.ibm.com/timex#oi http://ex.org/variable#57	1
http://ex.org/variable#38 http://www.ibm.com/timex#di http://ex.org/variable#58	1
http://ex.org/variable#38 http://www.ibm.com/timex#o http://ex.org/variable#59	1
http://ex.org/variable#38 http://www.ibm.com/timex#d http://ex.org/variable#60	1
http://ex.org/variable#38 http://www.ibm.com/timex#d http://ex.org/variable#61	1
http://ex.org/variable#38 http://www.ibm.com/timex#o http://ex.org/variable#62	1
http://ex.org/variable#38 http://www.ibm.com/timex#d http://ex.org/variable#63	1
http://ex.org/variable#38 http://www.ibm.com/timex#d http://ex.org/variable#64	1
http://ex.org/variable#38 http://www.ibm.com/timex#di http://ex.org/variable#65	1
http://ex.org/variable#38 http://www.ibm.com/timex#oi http://ex.org/variable#66	1
http://ex.org/variable#38 http://www.ibm.com/timex#o http://ex.org/variable#67	1
http://ex.org/variable#38 http://www.ibm.com/timex#o http://ex.org/variable#68	1
http://ex.org/variable#38 http://www.ibm.com/timex#di http://ex.org/variable#69	1
http://ex.org/variable#38 http://www.ibm.com/timex#o http://ex.org/variable#70	1
http://ex.org/variable#38 http://www.ibm.com/timex#di http://ex.org/variable#71	1
http://ex.org/variable#38 http://www.ibm.com/timex#o http://ex.org/variable#72	1
http://ex.org/variable#38 http://www.ibm.com/timex#di http://ex.org/variable#73	1
http://ex.org/variable#38 http://www.ibm.com/timex#o http://ex.org/variable#74	1
http://ex.org/variable#38 http://www.ibm.com/timex#di http://ex.org/variable#75	1
http://ex.org/variable#38 http://www.ibm.com/timex#o http://ex.org/variable#76	1
http://ex.org/variable#38 http://www.ibm.com/timex#o http://ex.org/variable#77	1
http://ex.org/variable#38 http://www.ibm.com/timex#di http://ex.org/variable#78	1
http://ex.org/variable#38 http://www.ibm.com/timex#oi http://ex.org/variable#79	1
http://ex.org/variable#38 http://www.ibm.com/timex#d http://ex.org/variable#80	1
http://ex.org/variable#38 http://www.ibm.com/timex#oi http://ex.org/variable#81	1
http://ex.org/variable#38 http://www.ibm.com/timex#di http://ex.org/variable#82	1
http://ex.org/variable#38 http://www.ibm.com/timex#d http://ex.org/variable#83	1
http://ex.org/variable#38 http://www.ibm.com/timex#o http://ex.org/variable#84	1
http://ex.org/variable#38 http://www.ibm.com/timex#o http://ex.org/variable#85	1
http://ex.org/variable#38 http://www.ibm.com/timex#d http://ex.org/variable#86	1
http://ex.org/variable#38 http://www.ibm.com/timex#o http://ex.org/variable#87	1
http://ex.org/variable#38 http://www.ibm.com/timex#b http://ex.org/variable#88	1
http://ex.org/variable#38 http://www.ibm.com/timex#o http://ex.org/variable#89	1
http://ex.org/variable#38 http://www.ibm.com/timex#o_di http://ex.org/variable#90	1
http://ex.org/variable#38 http://www.ibm.com/timex#o http://ex.org/variable#91	1
http://ex.org/variable#38 http://www.ibm.com/timex#o http://ex.org/variable#92	1
http://ex.org/variable#38 http://www.ibm.com/timex#o http://ex.org/variable#93	1
http://ex.org/variable#38 http://www.ibm.com/timex#di http://ex.org/variable#94	1
http://ex.org/variable#38 http://www.ibm.com/timex#di http://ex.org/variable#95	1
http://ex.org/variable#38 http://www.ibm.com/timex#di http://ex.org/variable#96	1
http://ex.org/variable#38 http://www.ibm.com/timex#o http://ex.org/variable#97	1
http://ex.org/variable#38 http://www.ibm.com/timex#o http://ex.org/variable#98	1
http://ex.org/variable#38 http://www.ibm.com/timex#o http://ex.org/variable#99	1
http://ex.org/variable#38 http://www.ibm.com/timex#oi http://ex.org/variable#100	1
http://ex.org/variable#38 http://www.ibm.com/timex#o http://ex.org/variable#101	1
http://ex.org/variable#38 http://www.ibm.com/timex#di http://ex.org/variable#102	1
http://ex.org/variable#38 http://www.ibm.com/timex#s http://ex.org/variable#103	1
http://ex.org/variable#38 http://www.ibm.com/timex#b http://ex.org/variable#104	1
http://ex.org/variable#38 http://www.ibm.com/timex#o http://ex.org/variable#105	1
http://ex.org/variable#38 http://www.ibm.com/timex#d http://ex.org/variable#106	1
http://ex.org/variable#38 http://www.ibm.com/timex#o http://ex.org/variable#107	1
http://ex.org/variable#38 http://www.ibm.com/timex#di http://ex.org/variable#108	1
http://ex.org/variable#38 http://www.ibm.com/timex#di http://ex.org/variable#109	1
http://ex.org/variable#38 http://www.ibm.com/timex#d http://ex.org/variable#110	1
http://ex.org/variable#38 http://www.ibm.com/timex#di http://ex.org/variable#111	1
http://ex.org/variable#38 http://www.ibm.com/timex#oi_d http://ex.org/variable#112	1
http://ex.org/variable#38 http://www.ibm.com/timex#di http://ex.org/variable#113	1
http://ex.org/variable#38 http://www.ibm.com/timex#o http://ex.org/variable#114	1
http://ex.org/variable#38 http://www.ibm.com/timex#b http://ex.org/variable#115	1
http://ex.org/variable#38 http://www.ibm.com/timex#di http://ex.org/variable#116	1
http://ex.org/variable#38 http://www.ibm.com/timex#oi_di http://ex.org/variable#117	1
http://ex.org/variable#38 http://www.ibm.com/timex#di http://ex.org/variable#118	1
http://ex.org/variable#38 http://www.ibm.com/timex#d http://ex.org/variable#119	1
http://ex.org/variable#38 http://www.ibm.com/timex#di http://ex.org/variable#120	1
http://ex.org/variable#38 http://www.ibm.com/timex#b http://ex.org/variable#121	1
http://ex.org/variable#38 http://www.ibm.com/timex#d http://ex.org/variable#122	1
http://ex.org/variable#38 http://www.ibm.com/timex#o http://ex.org/variable#123	1
http://ex.org/variable#38 http://www.ibm.com/timex#oi http://ex.org/variable#124	1
http://ex.org/variable#38 http://www.ibm.com/timex#oi http://ex.org/variable#125	1
http://ex.org/variable#38 http://www.ibm.com/timex#o http://ex.org/variable#126	1
http://ex.org/variable#38 http://www.ibm.com/timex#o http://ex.org/variable#127	1
http://ex.org/variable#38 http://www.ibm.com/timex#o http://ex.org/variable#128	1
http://ex.org/variable#38 http://www.ibm.com/timex#oi http://ex.org/variable#129	1
http://ex.org/variable#38 http://www.ibm.com/timex#di http://ex.org/variable#130	1
http://ex.org/variable#38 http://www.ibm.com/timex#b http://ex.org/variable#131	1
http://ex.org/variable#38 http://www.ibm.com/timex#d http://ex.org/variable#132	1
http://ex.org/variable#38 http://www.ibm.com/timex#o http://ex.org/variable#133	1
http://ex.org/variable#38 http://www.ibm.com/timex#oi http://ex.org/variable#134	1
http://ex.org/variable#38 http://www.ibm.com/timex#o http://ex.org/variable#135	1
http://ex.org/variable#38 http://www.ibm.com/timex#o http://ex.org/variable#136	1
http://ex.org/variable#38 http://www.ibm.com/timex#di http://ex.org/variable#137	1
http://ex.org/variable#38 http://www.ibm.com/timex#o http://ex.org/variable#138	1
http://ex.org/variable#38 http://www.ibm.com/timex#di http://ex.org/variable#139	1
http://ex.org/variable#38 http://www.ibm.com/timex#di http://ex.org/variable#140	1
http://ex.org/variable#38 http://www.ibm.com/timex#d http://ex.org/variable#141	1
http://ex.org/variable#38 http://www.ibm.com/timex#di http://ex.org/variable#142	1
http://ex.org/variable#38 http://www.ibm.com/timex#o http://ex.org/variable#143	1
http://ex.org/variable#38 http://www.ibm.com/timex#o http://ex.org/variable#144	1
http://ex.org/variable#38 http://www.ibm.com/timex#o http://ex.org/variable#145	1
http://ex.org/variable#38 http://www.ibm.com/timex#o http://ex.org/variable#146	1
http://ex.org/variable#38 http://www.ibm.com/timex#di http://ex.org/variable#147	1
http://ex.org/variable#38 http://www.ibm.com/timex#o http://ex.org/variable#148	1
http://ex.org/variable#38 http://www.ibm.com/timex#oi http://ex.org/variable#149	1
http://ex.org/variable#38 http://www.ibm.com/timex#o http://ex.org/variable#150	1
http://ex.org/variable#38 http://www.ibm.com/timex#o http://ex.org/variable#151	1
http://ex.org/variable#38 http://www.ibm.com/timex#oi_di http://ex.org/variable#152	1
http://ex.org/variable#38 http://www.ibm.com/timex#o http://ex.org/variable#153	1
http://ex.org/variable#38 http://www.ibm.com/timex#di http://ex.org/variable#154	1
http://ex.org/variable#38 http://www.ibm.com/timex#f http://ex.org/variable#155	1
http://ex.org/variable#38 http://www.ibm.com/timex#o http://ex.org/variable#156	1
http://ex.org/variable#38 http://www.ibm.com/timex#di http://ex.org/variable#157	1
http://ex.org/variable#38 http://www.ibm.com/timex#di http://ex.org/variable#158	1
http://ex.org/variable#38 http://www.ibm.com/timex#o http://ex.org/variable#159	1
http://ex.org/variable#38 http://www.ibm.com/timex#o http://ex.org/variable#160	1
http://ex.org/variable#38 http://www.ibm.com/timex#di http://ex.org/variable#161	1
http://ex.org/variable#38 http://www.ibm.com/timex#di http://ex.org/variable#162	1
http://ex.org/variable#38 http://www.ibm.com/timex#o http://ex.org/variable#163	1
http://ex.org/variable#38 http://www.ibm.com/timex#o http://ex.org/variable#164	1
http://ex.org/variable#38 http://www.ibm.com/timex#di http://ex.org/variable#165	1
http://ex.org/variable#38 http://www.ibm.com/timex#oi http://ex.org/variable#166	1
http://ex.org/variable#38 http://www.ibm.com/timex#oi http://ex.org/variable#167	1
http://ex.org/variable#38 http://www.ibm.com/timex#o http://ex.org/variable#168	1
http://ex.org/variable#38 http://www.ibm.com/timex#d http://ex.org/variable#169	1
http://ex.org/variable#38 http://www.ibm.com/timex#o http://ex.org/variable#170	1
http://ex.org/variable#38 http://www.ibm.com/timex#oi http://ex.org/variable#171	1
http://ex.org/variable#38 http://www.ibm.com/timex#oi http://ex.org/variable#172	1
http://ex.org/variable#38 http://www.ibm.com/timex#b http://ex.org/variable#173	1
http://ex.org/variable#38 http://www.ibm.com/timex#o http://ex.org/variable#174	1
http://ex.org/variable#38 http://www.ibm.com/timex#f http://ex.org/variable#175	1
http://ex.org/variable#38 http://www.ibm.com/timex#o http://ex.org/variable#176	1
http://ex.org/variable#38 http://www.ibm.com/timex#o http://ex.org/variable#177	1
http://ex.org/variable#38 http://www.ibm.com/timex#o http://ex.org/variable#178	1
http://ex.org/variable#38 http://www.ibm.com/timex#o http://ex.org/variable#179	1
http://ex.org/variable#38 http://www.ibm.com/timex#di http://ex.org/variable#180	1
http://ex.org/variable#38 http://www.ibm.com/timex#oi http://ex.org/variable#181	1
http://ex.org/variable#38 http://www.ibm.com/timex#di http://ex.org/variable#182	1
http://ex.org/variable#38 http://www.ibm.com/timex#o http://ex.org/variable#183	1
http://ex.org/variable#38 http://www.ibm.com/timex#di http://ex.org/variable#184	1
http://ex.org/variable#38 http://www.ibm.com/timex#o http://ex.org/variable#185	1
http://ex.org/variable#38 http://www.ibm.com/timex#o http://ex.org/variable#186	1
http://ex.org/variable#38 http://www.ibm.com/timex#d http://ex.org/variable#187	1
http://ex.org/variable#38 http://www.ibm.com/timex#o_di http://ex.org/variable#188	1
http://ex.org/variable#38 http://www.ibm.com/timex#di http://ex.org/variable#189	1
http://ex.org/variable#39 http://www.ibm.com/timex#d http://ex.org/variable#0	1
http://ex.org/variable#39 http://www.ibm.com/timex#b_m_o http://ex.org/variable#1	1
http://ex.org/variable#39 http://www.ibm.com/timex#d http://ex.org/variable#2	1
http://ex.org/variable#39 http://www.ibm.com/timex#d http://ex.org/variable#3	1
http://ex.org/variable#39 http://www.ibm.com/timex#d http://ex.org/variable#4	1
http://ex.org/variable#39 http://www.ibm.com/timex#bi http://ex.org/variable#5	1
http://ex.org/variable#39 http://www.ibm.com/timex#d http://ex.org/variable#6	1
http://ex.org/variable#39 http://www.ibm.com/timex#d http://ex.org/variable#7	1
http://ex.org/variable#39 http://www.ibm.com/timex#bi http://ex.org/variable#8	1
http://ex.org/variable#39 http://www.ibm.com/timex#d http://ex.org/variable#9	1
http://ex.org/variable#39 http://www.ibm.com/timex#d http://ex.org/variable#10	1
http://ex.org/variable#39 http://www.ibm.com/timex#d http://ex.org/variable#11	1
http://ex.org/variable#39 http://www.ibm.com/timex#d http://ex.org/variable#12	1
http://ex.org/variable#39 http://www.ibm.com/timex#bi http://ex.org/variable#13	1
http://ex.org/variable#39 http://www.ibm.com/timex#bi http://ex.org/variable#14	1
http://ex.org/variable#39 http://www.ibm.com/timex#oi http://ex.org/variable#15	1
http://ex.org/variable#39 http://www.ibm.com/timex#bi http://ex.org/variable#16	1
http://ex.org/variable#39 http://www.ibm.com/timex#b_m_o http://ex.org/variable#17	1
http://ex.org/variable#39 http://www.ibm.com/timex#d http://ex.org/variable#18	1
http://ex.org/variable#39 http://www.ibm.com/timex#bi http://ex.org/variable#19	1
http://ex.org/variable#39 http://www.ibm.com/timex#d http://ex.org/variable#20	1
http://ex.org/variable#39 http://www.ibm.com/timex#d http://ex.org/variable#21	1
http://ex.org/variable#39 http://www.ibm.com/timex#d http://ex.org/variable#22	1
http://ex.org/variable#39 http://www.ibm.com/timex#bi http://ex.org/variable#23	1
http://ex.org/variable#39 http://www.ibm.com/timex#d http://ex.org/variable#24	1
http://ex.org/variable#39 http://www.ibm.com/timex#bi http://ex.org/variable#25	1
http://ex.org/variable#39 http://www.ibm.com/timex#o_d_s http://ex.org/variable#26	1
http://ex.org/variable#39 http://www.ibm.com/timex#bi http://ex.org/variable#27	1
http://ex.org/variable#39 http://www.ibm.com/timex#d http://ex.org/variable#28	1
http://ex.org/variable#39 http://www.ibm.com/timex#d http://ex.org/variable#29	1
http://ex.org/variable#39 http://www.ibm.com/timex#bi http://ex.org/variable#30	1
http://ex.org/variable#39 http://www.ibm.com/timex#bi http://ex.org/variable#31	1
http://ex.org/variable#39 http://www.ibm.com/timex#bi http://ex.org/variable#32	1
http://ex.org/variable#39 http://www.ibm.com/timex#o_d_s http://ex.org/variable#33	1
http://ex.org/variable#39 http://www.ibm.com/timex#d http://ex.org/variable#34	1
http://ex.org/variable#39 http://www.ibm.com/timex#bi http://ex.org/variable#35	1
http://ex.org/variable#39 http://www.ibm.com/timex#bi http://ex.org/variable#36	1
http://ex.org/variable#39 http://www.ibm.com/timex#bi http://ex.org/variable#37	1
http://ex.org/variable#39 http://www.ibm.com/timex#oi_d_f http://ex.org/variable#38	1
http://ex.org/variable#39 http://www.ibm.com/timex#bi_mi_oi http://ex.org/variable#40	1
http://ex.org/variable#39 http://www.ibm.com/timex#d http://ex.org/variable#41	1
http://ex.org/variable#39 http://www.ibm.com/timex#d http://ex.org/variable#42	1
http://ex.org/variable#39 http://www.ibm.com/timex#d http://ex.org/variable#43	1
http://ex.org/variable#39 http://www.ibm.com/timex#d http://ex.org/variable#44	1
http://ex.org/variable#39 http://www.ibm.com/timex#d http://ex.org/variable#45	1
http://ex.org/variable#39 http://www.ibm.com/timex#bi http://ex.org/variable#46	1
http://ex.org/variable#39 http://www.ibm.com/timex#oi http://ex.org/variable#47	1
http://ex.org/variable#39 http://www.ibm.com/timex#o http://ex.org/variable#48	1
http://ex.org/variable#39 http://www.ibm.com/timex#bi http://ex.org/variable#49	1
http://ex.org/variable#39 http://www.ibm.com/timex#d http://ex.org/variable#50	1
http://ex.org/variable#39 http://www.ibm.com/timex#o_d_s http://ex.org/variable#51	1
http://ex.org/variable#39 http://www.ibm.com/timex#d http://ex.org/variable#52	1
http://ex.org/variable#39 http://www.ibm.com/timex#d http://ex.org/variable#53	1
http://ex.org/variable#39 http://www.ibm.com/timex#d http://ex.org/variable#54	1
http://ex.org/variable#39 http://www.ibm.com/timex#d http://ex.org/variable#55	1
http://ex.org/variable#39 http://www.ibm.com/timex#bi http://ex.org/variable#56	1
http://ex.org/variable#39 http://www.ibm.com/timex#bi http://ex.org/variable#57	1
http://ex.org/variable#39 http://www.ibm.com/timex#oi_d_f http://ex.org/variable#58	1
http://ex.org/variable#39 http://www.ibm.com/timex#d http://ex.org/variable#59	1
http://ex.org/variable#39 http://www.ibm.com/timex#d http://ex.org/variable#60	1
http://ex.org/variable#39 http://www.ibm.com/timex#d http://ex.org/variable#61	1
http://ex.org/variable#39 http://www.ibm.com/timex#d http://ex.org/variable#62	1
http://ex.org/variable#39 http://www.ibm.com/timex#d http://ex.org/variable#63	1
http://ex.org/variable#39 http://www.ibm.com/timex#d http://ex.org/variable#64	1
http://ex.org/variable#39 http://www.ibm.com/timex#bi http://ex.org/variable#65	1
http://ex.org/variable#39 http://www.ibm.com/timex#bi http://ex.org/variable#66	1
http://ex.org/variable#39 http://www.ibm.com/timex#d http://ex.org/variable#67	1
http://ex.org/variable#39 http://www.ibm.com/timex#d http://ex.org/variable#68	1
http://ex.org/variable#39 http://www.ibm.com/timex#bi http://ex.org/variable#69	1
http://ex.org/variable#39 http://www.ibm.com/timex#d http://ex.org/variable#70	1
http://ex.org/variable#39 http://www.ibm.com/timex#bi http://ex.org/variable#71	1
http://ex.org/variable#39 http://www.ibm.com/timex#d http://ex.org/variable#72	1
http://ex.org/variable#39 http://www.ibm.com/timex#oi_d_f http://ex.org/variable#73	1
http://ex.org/variable#39 http://www.ibm.com/timex#d http://ex.org/variable#74	1
http://ex.org/variable#39 http://www.ibm.com/timex#oi_d_f http://ex.org/variable#75	1
http://ex.org/variable#39 http://www.ibm.com/timex#d http://ex.org/variable#76	1
http://ex.org/variable#39 http://www.ibm.com/timex#d http://ex.org/variable#77	1
http://ex.org/variable#39 http://www.ibm.com/timex#oi http://ex.org/variable#78	1
http://ex.org/variable#39 http://www.ibm.com/timex#bi http://ex.org/variable#79	1
http://ex.org/variable#39 http://www.ibm.com/timex#d http://ex.org/variable#80	1
http://ex.org/variable#39 http://www.ibm.com/timex#bi http://ex.org/variable#81	1
http://ex.org/variable#39 http://www.ibm.com/timex#bi http://ex.org/variable#82	1
http://ex.org/variable#39 http://www.ibm.com/timex#d http://ex.org/variable#83	1
http://ex.org/variable#39 http://www.ibm.com/timex#d http://ex.org/variable#84	1
http://ex.org/variable#39 http://www.ibm.com/timex#d http://ex.org/variable#85	1
http://ex.org/variable#39 http://www.ibm.com/timex#d http://ex.org/variable#86	1
http://ex.org/variable#39 http://www.ibm.com/timex#d http://ex.org/variable#87	1
http://ex.org/variable#39 http://www.ibm.com/timex#b http://ex.org/variable#88	1
http://ex.org/variable#39 http://www.ibm.com/timex#d http://ex.org/variable#89	1
http://ex.org/variable#39 http://www.ibm.com/timex#oi_d_f http://ex.org/variable#90	1
http://ex.org/variable#39 http://www.ibm.com/timex#d http://ex.org/variable#91	1
http://ex.org/variable#39 http://www.ibm.com/timex#d http://ex.org/variable#92	1
http://ex.org/variable#39 http://www.ibm.com/timex#d http://ex.org/variable#93	1
http://ex.org/variable#39 http://www.ibm.com/timex#bi http://ex.org/variable#94	1
http://ex.org/variable#39 http://www.ibm.com/timex#bi http://ex.org/variable#95	1
http://ex.org/variable#39 http://www.ibm.com/timex#bi http://ex.org/variable#96	1
http://ex.org/variable#39 http://www.ibm.com/timex#d http://ex.org/variable#97	1
http://ex.org/variable#39 http://www.ibm.com/timex#m_o http://ex.org/variable#98	1
http://ex.org/variable#39 http://www.ibm.com/timex#o_d_s http://ex.org/variable#99	1
http://ex.org/variable#39 http://www.ibm.com/timex#bi http://ex.org/variable#100	1
http://ex.org/variable#39 http://www.ibm.com/timex#d http://ex.org/variable#101	1
http://ex.org/variable#39 http://www.ibm.com/timex#bi http://ex.org/variable#102	1
http://ex.org/variable#39 http://www.ibm.com/timex#d http://ex.org/variable#103	1
http://ex.org/variable#39 http://www.ibm.com/timex#b http://ex.org/variable#104	1
http://ex.org/variable#39 http://www.ibm.com/timex#d http://ex.org/variable#105	1
http://ex.org/variable#39 http://www.ibm.com/timex#d http://ex.org/variable#106	1
http://ex.org/variable#39 http://www.ibm.com/timex#d http://ex.org/variable#107	1
http://ex.org/variable#39 http://www.ibm.com/timex#bi http://ex.org/variable#108	1
http://ex.org/variable#39 http://www.ibm.com/timex#bi http://ex.org/variable#109	1
http://ex.org/variable#39 http://www.ibm.com/timex#d http://ex.org/variable#110	1
http://ex.org/variable#39 http://www.ibm.com/timex#bi http://ex.org/variable#111	1
http://ex.org/variable#39 http://www.ibm.com/timex#oi_d_f http://ex.org/variable#112	1
http://ex.org/variable#39 http://www.ibm.com/timex#bi http://ex.org/variable#113	1
http://ex.org/variable#39 http://www.ibm.com/timex#d http://ex.org/variable#114	1
http://ex.org/variable#39 http://www.ibm.com/timex#b http://ex.org/variable#115	1
http://ex.org/variable#39 http://www.ibm.com/timex#bi http://ex.org/variable#116	1
http://ex.org/variable#39 http://www.ibm.com/timex#bi http://ex.org/variable#117	1
http://ex.org/variable#39 http://www.ibm.com/timex#bi http://ex.org/variable#118	1
http://ex.org/variable#39 http://www.ibm.com/timex#d http://ex.org/variable#119	1
http://ex.org/variable#39 http://www.ibm.com/timex#bi http://ex.org/variable#120	1
http://ex.org/variable#39 http://www.ibm.com/timex#b http://ex.org/variable#121	1
http://ex.org/variable#39 http://www.ibm.com/timex#d http://ex.org/variable#122	1
http://ex.org/variable#39 http://www.ibm.com/timex#d http://ex.org/variable#123	1
http://ex.org/variable#39 http://www.ibm.com/timex#bi http://ex.org/variable#124	1
http://ex.org/variable#39 http://www.ibm.com/timex#bi http://ex.org/variable#125	1
http://ex.org/variable#39 http://www.ibm.com/timex#d http://ex.org/variable#126	1
http://ex.org/variable#39 http://www.ibm.com/timex#d http://ex.org/variable#127	1
http://ex.org/variable#39 http://www.ibm.com/timex#d http://ex.org/variable#128	1
http://ex.org/variable#39 http://www.ibm.com/timex#bi http://ex.org/variable#129	1
http://ex.org/variable#39 http://www.ibm.com/timex#bi http://ex.org/variable#130	1
http://ex.org/variable#39 http://www.ibm.com/timex#b http://ex.org/variable#131	1
http://ex.org/variable#39 http://www.ibm.com/timex#d http://ex.org/variable#132	1
http://ex.org/variable#39 http://www.ibm.com/timex#d http://ex.org/variable#133	1
http://ex.org/variable#39 http://www.ibm.com/timex#bi http://ex.org/variable#134	1
http://ex.org/variable#39 http://www.ibm.com/timex#d http://ex.org/variable#135	1
http://ex.org/variable#39 http://www.ibm.com/timex#d http://ex.org/variable#136	1
http://ex.org/variable#39 http://www.ibm.com/timex#bi http://ex.org/variable#137	1
http://ex.org/variable#39 http://www.ibm.com/timex#o_d_s http://ex.org/variable#138	1
http://ex.org/variable#39 http://www.ibm.com/timex#bi http://ex.org/variable#139	1
http://ex.org/variable#39 http://www.ibm.com/timex#bi http://ex.org/variable#140	1
http://ex.org/variable#39 http://www.ibm.com/timex#d http://ex.org/variable#141	1
http://ex.org/variable#39 http://www.ibm.com/timex#bi http://ex.org/variable#142	1
http://ex.org/variable#39 http://www.ibm.com/timex#d http://ex.org/variable#143	1
http://ex.org/variable#39 http://www.ibm.com/timex#d http://ex.org/variable#144	1
http://ex.org/variable#39 http://www.ibm.com/timex#d http://ex.org/variable#145	1
http://ex.org/variable#39 http://www.ibm.com/timex#d http://ex.org/variable#146	1
http://ex.org/variable#39 http://www.ibm.com/timex#oi_d http://ex.org/variable#147	1
http://ex.org/variable#39 http://www.ibm.com/timex#d http://ex.org/variable#148	1
http://ex.org/variable#39 http://www.ibm.com/timex#bi http://ex.org/variable#149	1
http://ex.org/variable#39 http://www.ibm.com/timex#o http://ex.org/variable#150	1
http://ex.org/variable#39 http://www.ibm.com/timex#d http://ex.org/variable#151	1
http://ex.org/variable#39 http://www.ibm.com/timex#bi http://ex.org/variable#152	1
http://ex.org/variable#39 http://www.ibm.com/timex#d http://ex.org/variable#153	1
http://ex.org/variable#39 http://www.ibm.com/timex#bi http://ex.org/variable#154	1
http://ex.org/variable#39 http://www.ibm.com/timex#oi_d_f http://ex.org/variable#155	1
http://ex.org/variable#39 http://www.ibm.com/timex#d http://ex.org/variable#156	1
http://ex.org/variable#39 http://www.ibm.com/timex#bi http://ex.org/variable#157	1
http://ex.org/variable#39 http://www.ibm.com/timex#bi http://ex.org/variable#158	1
http://ex.org/variable#39 http://www.ibm.com/timex#d http://ex.org/variable#159	1
http://ex.org/variable#39 http://www.ibm.com/timex#d http://ex.org/variable#160	1
http://ex.org/variable#39 http://www.ibm.com/timex#bi http://ex.org/variable#161	1
http://ex.org/variable#39 http://www.ibm.com/timex#bi http://ex.org/variable#162	1
http://ex.org/variable#39 http://www.ibm.com/timex#d http://ex.org/variable#163	1
http://ex.org/variable#39 http://www.ibm.com/timex#d http://ex.org/variable#164	1
http://ex.org/variable#39 http://www.ibm.com/timex#bi http://ex.org/variable#165	1
http://ex.org/variable#39 http://www.ibm.com/timex#bi http://ex.org/variable#166	1
http://ex.org/variable#39 http://www.ibm.com/timex#oi http://ex.org/variable#167	1
http://ex.org/variable#39 http://www.ibm.com/timex#d http://ex.org/variable#168	1
http://ex.org/variable#39 http://www.ibm.com/timex#d http://ex.org/variable#169	1
http://ex.org/variable#39 http://www.ibm.com/timex#d http://ex.org/variable#170	1
http://ex.org/variable#39 http://www.ibm.com/timex#bi http://ex.org/variable#171	1
http://ex.org/variable#39 http://www.ibm.com/timex#bi http://ex.org/variable#172	1
http://ex.org/variable#39 http://www.ibm.com/timex#b http://ex.org/variable#173	1
http://ex.org/variable#39 http://www.ibm.com/timex#d http://ex.org/variable#174	1
http://ex.org/variable#39 http://www.ibm.com/timex#oi_d_f http://ex.org/variable#175	1
http://ex.org/variable#39 http://www.ibm.com/timex#d http://ex.org/variable#176	1
http://ex.org/variable#39 http://www.ibm.com/timex#d http://ex.org/variable#177	1
http://ex.org/variable#39 http://www.ibm.com/timex#d http://ex.org/variable#178	1
http://ex.org/variable#39 http://www.ibm.com/timex#d http://ex.org/variable#179	1
http://ex.org/variable#39 http://www.ibm.com/timex#bi http://ex.org/variable#180	1
http://ex.org/variable#39 http://www.ibm.com/timex#bi http://ex.org/variable#181	1
http://ex.org/variable#39 http://www.ibm.com/timex#bi http://ex.org/variable#182	1
http://ex.org/variable#39 http://www.ibm.com/timex#d http://ex.org/variable#183	1
http://ex.org/variable#39 http://www.ibm.com/timex#bi http://ex.org/variable#184	1
http://ex.org/variable#39 http://www.ibm.com/timex#d http://ex.org/variable#185	1
http://ex.org/variable#39 http://www.ibm.com/timex#d http://ex.org/variable#186	1
http://ex.org/variable#39 http://www.ibm.com/timex#d http://ex.org/variable#187	1
http://ex.org/variable#39 http://www.ibm.com/timex#oi_d http://ex.org/variable#188	1
http://ex.org/variable#39 http://www.ibm.com/timex#bi http://ex.org/variable#189	1
http://ex.org/variable#40 http://www.ibm.com/timex#o http://ex.org/variable#0	1
http://ex.org/variable#40 http://www.ibm.com/timex#b http://ex.org/variable#1	1
http://ex.org/variable#40 http://www.ibm.com/timex#o http://ex.org/variable#2	1
http://ex.org/variable#40 http://www.ibm.com/timex#o http://ex.org/variable#3	1
http://ex.org/variable#40 http://www.ibm.com/timex#o http://ex.org/variable#4	1
http://ex.org/variable#40 http://www.ibm.com/timex#di http://ex.org/variable#5	1
http://ex.org/variable#40 http://www.ibm.com/timex#o http://ex.org/variable#6	1
http://ex.org/variable#40 http://www.ibm.com/timex#o http://ex.org/variable#7	1
http://ex.org/variable#40 http://www.ibm.com/timex#di http://ex.org/variable#8	1
http://ex.org/variable#40 http://www.ibm.com/timex#o http://ex.org/variable#9	1
http://ex.org/variable#40 http://www.ibm.com/timex#o http://ex.org/variable#10	1
http://ex.org/variable#40 http://www.ibm.com/timex#o http://ex.org/variable#11	1
http://ex.org/variable#40 http://www.ibm.com/timex#d http://ex.org/variable#12	1
http://ex.org/variable#40 http://www.ibm.com/timex#di http://ex.org/variable#13	1
http://ex.org/variable#40 http://www.ibm.com/timex#di http://ex.org/variable#14	1
http://ex.org/variable#40 http://www.ibm.com/timex#o http://ex.org/variable#15	1
http://ex.org/variable#40 http://www.ibm.com/timex#di http://ex.org/variable#16	1
http://ex.org/variable#40 http://www.ibm.com/timex#b http://ex.org/variable#17	1
http://ex.org/variable#40 http://www.ibm.com/timex#o http://ex.org/variable#18	1
http://ex.org/variable#40 http://www.ibm.com/timex#di http://ex.org/variable#19	1
http://ex.org/variable#40 http://www.ibm.com/timex#d http://ex.org/variable#20	1
http://ex.org/variable#40 http://www.ibm.com/timex#o http://ex.org/variable#21	1
http://ex.org/variable#40 http://www.ibm.com/timex#o http://ex.org/variable#22	1
http://ex.org/variable#40 http://www.ibm.com/timex#di http://ex.org/variable#23	1
http://ex.org/variable#40 http://www.ibm.com/timex#o_d_s http://ex.org/variable#24	1
http://ex.org/variable#40 http://www.ibm.com/timex#oi_di_si http://ex.org/variable#25	1
http://ex.org/variable#40 http://www.ibm.com/timex#m_o http://ex.org/variable#26	1
http://ex.org/variable#40 http://www.ibm.com/timex#oi http://ex.org/variable#27	1
http://ex.org/variable#40 http://www.ibm.com/timex#o http://ex.org/variable#28	1
http://ex.org/variable#40 http://www.ibm.com/timex#o http://ex.org/variable#29	1
http://ex.org/variable#40 http://www.ibm.com/timex#di http://ex.org/variable#30	1
http://ex.org/variable#40 http://www.ibm.com/timex#oi http://ex.org/variable#31	1
http://ex.org/variable#40 http://www.ibm.com/timex#oi http://ex.org/variable#32	1
http://ex.org/variable#40 http://www.ibm.com/timex#b_o http://ex.org/variable#33	1
http://ex.org/variable#40 http://www.ibm.com/timex#o http://ex.org/variable#34	1
http://ex.org/variable#40 http://www.ibm.com/timex#di http://ex.org/variable#35	1
http://ex.org/variable#40 http://www.ibm.com/timex#oi_di_si http://ex.org/variable#36	1
http://ex.org/variable#40 http://www.ibm.com/timex#di http://ex.org/variable#37	1
http://ex.org/variable#40 http://www.ibm.com/timex#o http://ex.org/variable#38	1
http://ex.org/variable#40 http://www.ibm.com/timex#b_m_o http://ex.org/variable#39	1
http://ex.org/variable#40 http://www.ibm.com/timex#o http://ex.org/variable#41	1
http://ex.org/variable#40 http://www.ibm.com/timex#o http://ex.org/variable#42	1
http://ex.org/variable#40 http://www.ibm.com/timex#d http://ex.org/variable#43	1
http://ex.org/variable#40 http://www.ibm.com/timex#o http://ex.org/variable#44	1
http://ex.org/variable#40 http://www.ibm.com/timex#o http://ex.org/variable#45	1
http://ex.org/variable#40 http://www.ibm.com/timex#oi http://ex.org/variable#46	1
http://ex.org/variable#40 http://www.ibm.com/timex#d http://ex.org/variable#47	1
http://ex.org/variable#40 http://www.ibm.com/timex#b http://ex.org/variable#48	1
http://ex.org/variable#40 http://www.ibm.com/timex#oi http://ex.org/variable#49	1
http://ex.org/variable#40 http://www.ibm.com/timex#o http://ex.org/variable#50	1
http://ex.org/variable#40 http://www.ibm.com/timex#m_o http://ex.org/variable#51	1
http://ex.org/variable#40 http://www.ibm.com/timex#d http://ex.org/variable#52	1
http://ex.org/variable#40 http://www.ibm.com/timex#o http://ex.org/variable#53	1
http://ex.org/variable#40 http://www.ibm.com/timex#o http://ex.org/variable#54	1
http://ex.org/variable#40 http://www.ibm.com/timex#o http://ex.org/variable#55	1
http://ex.org/variable#40 http://www.ibm.com/timex#di http://ex.org/variable#56	1
http://ex.org/variable#40 http://www.ibm.com/timex#oi http://ex.org/variable#57	1
http://ex.org/variable#40 http://www.ibm.com/timex#o http://ex.org/variable#58	1
http://ex.org/variable#40 http://www.ibm.com/timex#o http://ex.org/variable#59	1
http://ex.org/variable#40 http://www.ibm.com/timex#o_d_s http://ex.org/variable#60	1
http://ex.org/variable#40 http://www.ibm.com/timex#o_d_s http://ex.org/variable#61	1
http://ex.org/variable#40 http://www.ibm.com/timex#o http://ex.org/variable#62	1
http://ex.org/variable#40 http://www.ibm.com/timex#o_d_s http://ex.org/variable#63	1
http://ex.org/variable#40 http://www.ibm.com/timex#o_d_s http://ex.org/variable#64	1
http://ex.org/variable#40 http://www.ibm.com/timex#di http://ex.org/variable#65	1
http://ex.org/variable#40 http://www.ibm.com/timex#oi http://ex.org/variable#66	1
http://ex.org/variable#40 http://www.ibm.com/timex#o http://ex.org/variable#67	1
http://ex.org/variable#40 http://www.ibm.com/timex#o http://ex.org/variable#68	1
http://ex.org/variable#40 http://www.ibm.com/timex#di http://ex.org/variable#69	1
http://ex.org/variable#40 http://www.ibm.com/timex#o http://ex.org/variable#70	1
http://ex.org/variable#40 http://www.ibm.com/timex#di http://ex.org/variable#71	1
http://ex.org/variable#40 http://www.ibm.com/timex#o http://ex.org/variable#72	1
http://ex.org/variable#40 http://www.ibm.com/timex#o http://ex.org/variable#73	1
http://ex.org/variable#40 http://www.ibm.com/timex#o http://ex.org/variable#74	1
http://ex.org/variable#40 http://www.ibm.com/timex#o http://ex.org/variable#75	1
http://ex.org/variable#40 http://www.ibm.com/timex#o http://ex.org/variable#76	1
http://ex.org/variable#40 http://www.ibm.com/timex#o http://ex.org/variable#77	1
http://ex.org/variable#40 http://www.ibm.com/timex#o http://ex.org/variable#78	1
http://ex.org/variable#40 http://www.ibm.com/timex#oi http://ex.org/variable#79	1
http://ex.org/variable#40 http://www.ibm.com/timex#d http://ex.org/variable#80	1
http://ex.org/variable#40 http://www.ibm.com/timex#oi http://ex.org/variable#81	1
http://ex.org/variable#40 http://www.ibm.com/timex#di http://ex.org/variable#82	1
http://ex.org/variable#40 http://www.ibm.com/timex#d http://ex.org/variable#83	1
http://ex.org/variable#40 http://www.ibm.com/timex#o http://ex.org/variable#84	1
http://ex.org/variable#40 http://www.ibm.com/timex#o http://ex.org/variable#85	1
http://ex.org/variable#40 http://www.ibm.com/timex#d http://ex.org/variable#86	1
http://ex.org/variable#40 http://www.ibm.com/timex#o http://ex.org/variable#87	1
http://ex.org/variable#40 http://www.ibm.com/timex#b http://ex.org/variable#88	1
http://ex.org/variable#40 http://www.ibm.com/timex#o http://ex.org/variable#89	1
http://ex.org/variable#40 http://www.ibm.com/timex#o http://ex.org/variable#90	1
http://ex.org/variable#40 http://www.ibm.com/timex#o http://ex.org/variable#91	1
http://ex.org/variable#40 http://www.ibm.com/timex#o http://ex.org/variable#92	1
http://ex.org/variable#40 http://www.ibm.com/timex#o http://ex.org/variable#93	1
http://ex.org/variable#40 http://www.ibm.com/timex#di http://ex.org/variable#94	1
http://ex.org/variable#40 http://www.ibm.com/timex#di http://ex.org/variable#95	1
http://ex.org/variable#40 http://www.ibm.com/timex#di http://ex.org/variable#96	1
http://ex.org/variable#40 http://www.ibm.com/timex#o http://ex.org/variable#97	1
http://ex.org/variable#40 http://www.ibm.com/timex#b http://ex.org/variable#98	1
http://ex.org/variable#40 http://www.ibm.com/timex#m_o http://ex.org/variable#99	1
http://ex.org/variable#40 http://www.ibm.com/timex#oi_di_si http://ex.org/variable#100	1
http://ex.org/variable#40 http://www.ibm.com/timex#o http://ex.org/variable#101	1
http://ex.org/variable#40 http://www.ibm.com/timex#di http://ex.org/variable#102	1
http://ex.org/variable#40 http://www.ibm.com/timex#o http://ex.org/variable#103	1
http://ex.org/variable#40 http://www.ibm.com/timex#b http://ex.org/variable#104	1
http://ex.org/variable#40 http://www.ibm.com/timex#o http://ex.org/variable#105	1
http://ex.org/variable#40 http://www.ibm.com/timex#o_d_s http://ex.org/variable#106	1
http://ex.org/variable#40 http://www.ibm.com/timex#o http://ex.org/variable#107	1
http://ex.org/variable#40 http://www.ibm.com/timex#di http://ex.org/variable#108	1
http://ex.org/variable#40 http://www.ibm.com/timex#di http://ex.org/variable#109	1
http://ex.org/variable#40 http://www.ibm.com/timex#o_d_s http://ex.org/variable#110	1
http://ex.org/variable#40 http://www.ibm.com/timex#di http://ex.org/variable#111	1
http://ex.org/variable#40 http://www.ibm.com/timex#d http://ex.org/variable#112	1
http://ex.org/variable#40 http://www.ibm.com/timex#di http://ex.org/variable#113	1
http://ex.org/variable#40 http://www.ibm.com/timex#o http://ex.org/variable#114	1
http://ex.org/variable#40 http://www.ibm.com/timex#b http://ex.org/variable#115	1
http://ex.org/variable#40 http://www.ibm.com/timex#di http://ex.org/variable#116	1
http://ex.org/variable#40 http://www.ibm.com/timex#oi_di_si http://ex.org/variable#117	1
http://ex.org/variable#40 http://www.ibm.com/timex#di http://ex.org/variable#118	1
http://ex.org/variable#40 http://www.ibm.com/timex#d http://ex.org/variable#119	1
http://ex.org/variable#40 http://www.ibm.com/timex#di http://ex.org/variable#120	1
http://ex.org/variable#40 http://www.ibm.com/timex#b http://ex.org/variable#121	1
http://ex.org/variable#40 http://www.ibm.com/timex#o_d_s http://ex.org/variable#122	1
http://ex.org/variable#40 http://www.ibm.com/timex#o http://ex.org/variable#123	1
http://ex.org/variable#40 http://www.ibm.com/timex#oi http://ex.org/variable#124	1
http://ex.org/variable#40 http://www.ibm.com/timex#oi http://ex.org/variable#125	1
http://ex.org/variable#40 http://www.ibm.com/timex#o http://ex.org/variable#126	1
http://ex.org/variable#40 http://www.ibm.com/timex#o http://ex.org/variable#127	1
http://ex.org/variable#40 http://www.ibm.com/timex#o http://ex.org/variable#128	1
http://ex.org/variable#40 http://www.ibm.com/timex#oi http://ex.org/variable#129	1
http://ex.org/variable#40 http://www.ibm.com/timex#di http://ex.org/variable#130	1
http://ex.org/variable#40 http://www.ibm.com/timex#b http://ex.org/variable#131	1
http://ex.org/variable#40 http://www.ibm.com/timex#o http://ex.org/variable#132	1
http://ex.org/variable#40 http://www.ibm.com/timex#o http://ex.org/variable#133	1
http://ex.org/variable#40 http://www.ibm.com/timex#oi http://ex.org/variable#134	1
http://ex.org/variable#40 http://www.ibm.com/timex#o http://ex.org/variable#135	1
http://ex.org/variable#40 http://www.ibm.com/timex#o http://ex.org/variable#136	1
http://ex.org/variable#40 http://www.ibm.com/timex#di http://ex.org/variable#137	1
http://ex.org/variable#40 http://www.ibm.com/timex#m_o http://ex.org/variable#138	1
http://ex.org/variable#40 http://www.ibm.com/timex#di http://ex.org/variable#139	1
http://ex.org/variable#40 http://www.ibm.com/timex#di http://ex.org/variable#140	1
http://ex.org/variable#40 http://www.ibm.com/timex#d http://ex.org/variable#141	1
http://ex.org/variable#40 http://www.ibm.com/timex#di http://ex.org/variable#142	1
http://ex.org/variable#40 http://www.ibm.com/timex#o http://ex.org/variable#143	1
http://ex.org/variable#40 http://www.ibm.com/timex#o http://ex.org/variable#144	1
http://ex.org/variable#40 http://www.ibm.com/timex#o http://ex.org/variable#145	1
http://ex.org/variable#40 http://www.ibm.com/timex#o http://ex.org/variable#146	1
http://ex.org/variable#40 http://www.ibm.com/timex#o http://ex.org/variable#147	1
http://ex.org/variable#40 http://www.ibm.com/timex#o http://ex.org/variable#148	1
http://ex.org/variable#40 http://www.ibm.com/timex#oi http://ex.org/variable#149	1
http://ex.org/variable#40 http://www.ibm.com/timex#b_m_o http://ex.org/variable#150	1
http://ex.org/variable#40 http://www.ibm.com/timex#o http://ex.org/variable#151	1
http://ex.org/variable#40 http://www.ibm.com/timex#oi_di_si http://ex.org/variable#152	1
http://ex.org/variable#40 http://www.ibm.com/timex#o http://ex.org/variable#153	1
http://ex.org/variable#40 http://www.ibm.com/timex#di http://ex.org/variable#154	1
http://ex.org/variable#40 http://www.ibm.com/timex#d http://ex.org/variable#155	1
http://ex.org/variable#40 http://www.ibm.com/timex#o http://ex.org/variable#156	1
http://ex.org/variable#40 http://www.ibm.com/timex#di http://ex.org/variable#157	1
http://ex.org/variable#40 http://www.ibm.com/timex#di http://ex.org/variable#158	1
http://ex.org/variable#40 http://www.ibm.com/timex#o http://ex.org/variable#159	1
http://ex.org/variable#40 http://www.ibm.com/timex#o http://ex.org/variable#160	1
http://ex.org/variable#40 http://www.ibm.com/timex#di http://ex.org/variable#161	1
http://ex.org/variable#40 http://www.ibm.com/timex#di http://ex.org/variable#162	1
http://ex.org/variable#40 http://www.ibm.com/timex#o http://ex.org/variable#163	1
http://ex.org/variable#40 http://www.ibm.com/timex#o http://ex.org/variable#164	1
http://ex.org/variable#40 http://www.ibm.com/timex#di http://ex.org/variable#165	1
http://ex.org/variable#40 http://www.ibm.com/timex#oi http://ex.org/variable#166	1
http://ex.org/variable#40 http://www.ibm.com/timex#o_d_s http://ex.org/variable#167	1
http://ex.org/variable#40 http://www.ibm.com/timex#o http://ex.org/variable#168	1
http://ex.org/variable#40 http://www.ibm.com/timex#o_d_s http://ex.org/variable#169	1
http://ex.org/variable#40 http://www.ibm.com/timex#o http://ex.org/variable#170	1
http://ex.org/variable#40 http://www.ibm.com/timex#oi_di http://ex.org/variable#171	1
http://ex.org/variable#40 http://www.ibm.com/timex#oi http://ex.org/variable#172	1
http://ex.org/variable#40 http://www.ibm.com/timex#b http://ex.org/variable#173	1
http://ex.org/variable#40 http://www.ibm.com/timex#o http://ex.org/variable#174	1
http://ex.org/variable#40 http://www.ibm.com/timex#o_d http://ex.org/variable#175	1
http://ex.org/variable#40 http://www.ibm.com/timex#o http://ex.org/variable#176	1
http://ex.org/variable#40 http://www.ibm.com/timex#o http://ex.org/variable#177	1
http://ex.org/variable#40 http://www.ibm.com/timex#o http://ex.org/variable#178	1
http://ex.org/variable#40 http://www.ibm.com/timex#o http://ex.org/variable#179	1
http://ex.org/variable#40 http://www.ibm.com/timex#di http://ex.org/variable#180	1
http://ex.org/variable#40 http://www.ibm.com/timex#oi_di_si http://ex.org/variable#181	1
http://ex.org/variable#40 http://www.ibm.com/timex#di http://ex.org/variable#182	1
http://ex.org/variable#40 http://www.ibm.com/timex#o http://ex.org/variable#183	1
http://ex.org/variable#40 http://www.ibm.com/timex#di http://ex.org/variable#184	1
http://ex.org/variable#40 http://www.ibm.com/timex#o http://ex.org/variable#185	1
http://ex.org/variable#40 http://www.ibm.com/timex#o http://ex.org/variable#186	1
http://ex.org/variable#40 http://www.ibm.com/timex#d http://ex.org/variable#187	1
http://ex.org/variable#40 http://www.ibm.com/timex#o http://ex.org/variable#188	1
http://ex.org/variable#40 http://www.ibm.com/timex#di http://ex.org/variable#189	1
http://ex.org/variable#41 http://www.ibm.com/timex#o http://ex.org/variable#0	1
http://ex.org/variable#41 http://www.ibm.com/timex#o http://ex.org/variable#1	1
http://ex.org/variable#41 http://www.ibm.com/timex#o http://ex.org/variable#2	1
http://ex.org/variable#41 http://www.ibm.com/timex#di http://ex.org/variable#3	1
http://ex.org/variable#41 http://www.ibm.com/timex#o http://ex.org/variable#4	1
http://ex.org/variable#41 http://www.ibm.com/timex#di http://ex.org/variable#5	1
http://ex.org/variable#41 http://www.ibm.com/timex#di http://ex.org/variable#6	1
http://ex.org/variable#41 http://www.ibm.com/timex#o http://ex.org/variable#7	1
http://ex.org/variable#41 http://www.ibm.com/timex#oi http://ex.org/variable#8	1
http://ex.org/variable#41 http://www.ibm.com/timex#o http://ex.org/variable#9	1
http://ex.org/variable#41 http://www.ibm.com/timex#di http://ex.org/variable#10	1
http://ex.org/variable#41 http://www.ibm.com/timex#d http://ex.org/variable#11	1
http://ex.org/variable#41 http://www.ibm.com/timex#d http://ex.org/variable#12	1
http://ex.org/variable#41 http://www.ibm.com/timex#oi http://ex.org/variable#13	1
http://ex.org/variable#41 http://www.ibm.com/timex#di http://ex.org/variable#14	1
http://ex.org/variable#41 http://www.ibm.com/timex#oi http://ex.org/variable#15	1
http://ex.org/variable#41 http://www.ibm.com/timex#di http://ex.org/variable#16	1
http://ex.org/variable#41 http://www.ibm.com/timex#di http://ex.org/variable#17	1
http://ex.org/variable#41 http://www.ibm.com/timex#di http://ex.org/variable#18	1
http://ex.org/variable#41 http://www.ibm.com/timex#oi http://ex.org/variable#19	1
http://ex.org/variable#41 http://www.ibm.com/timex#d http://ex.org/variable#20	1
http://ex.org/variable#41 http://www.ibm.com/timex#o http://ex.org/variable#21	1
http://ex.org/variable#41 http://www.ibm.com/timex#o http://ex.org/variable#22	1
http://ex.org/variable#41 http://www.ibm.com/timex#di http://ex.org/variable#23	1
http://ex.org/variable#41 http://www.ibm.com/timex#d http://ex.org/variable#24	1
http://ex.org/variable#41 http://www.ibm.com/timex#oi http://ex.org/variable#25	1
http://ex.org/variable#41 http://www.ibm.com/timex#di http://ex.org/variable#26	1
http://ex.org/variable#41 http://www.ibm.com/timex#oi http://ex.org/variable#27	1
http://ex.org/variable#41 http://www.ibm.com/timex#di http://ex.org/variable#28	1
http://ex.org/variable#41 http://www.ibm.com/timex#fi http://ex.org/variable#29	1
http://ex.org/variable#41 http://www.ibm.com/timex#di http://ex.org/variable#30	1
http://ex.org/variable#41 http://www.ibm.com/timex#oi http://ex.org/variable#31	1
http://ex.org/variable#41 http://www.ibm.com/timex#oi http://ex.org/variable#32	1
http://ex.org/variable#41 http://www.ibm.com/timex#o http://ex.org/variable#33	1
http://ex.org/variable#41 http://www.ibm.com/timex#oi http://ex.org/variable#34	1
http://ex.org/variable#41 http://www.ibm.com/timex#di http://ex.org/variable#35	1
http://ex.org/variable#41 http://www.ibm.com/timex#oi http://ex.org/variable#36	1
http://ex.org/variable#41 http://www.ibm.com/timex#oi http://ex.org/variable#37	1
http://ex.org/variable#41 http://www.ibm.com/timex#oi http://ex.org/variable#38	1
http://ex.org/variable#41 http://www.ibm.com/timex#di http://ex.org/variable#39	1
http://ex.org/variable#41 http://www.ibm.com/timex#oi http://ex.org/variable#40	1
http://ex.org/variable#41 http://www.ibm.com/timex#o http://ex.org/variable#42	1
http://ex.org/variable#41 http://www.ibm.com/timex#oi http://ex.org/variable#43	1
http://ex.org/variable#41 http://www.ibm.com/timex#oi http://ex.org/variable#44	1
http://ex.org/variable#41 http://www.ibm.com/timex#o http://ex.org/variable#45	1
http://ex.org/variable#41 http://www.ibm.com/timex#oi http://ex.org/variable#46	1
http://ex.org/variable#41 http://www.ibm.com/timex#oi http://ex.org/variable#47	1
http://ex.org/variable#41 http://www.ibm.com/timex#di http://ex.org/variable#48	1
http://ex.org/variable#41 http://www.ibm.com/timex#oi http://ex.org/variable#49	1
http://ex.org/variable#41 http://www.ibm.com/timex#o http://ex.org/variable#50	1
http://ex.org/variable#41 http://www.ibm.com/timex#di http://ex.org/variable#51	1
http://ex.org/variable#41 http://www.ibm.com/timex#oi http://ex.org/variable#52	1
http://ex.org/variable#41 http://www.ibm.com/timex#oi http://ex.org/variable#53	1
http://ex.org/variable#41 http://www.ibm.com/timex#di http://ex.org/variable#54	1
http://ex.org/variable#41 http://www.ibm.com/timex#di http://ex.org/variable#55	1
http://ex.org/variable#41 http://www.ibm.com/timex#di http://ex.org/variable#56	1
http://ex.org/variable#41 http://www.ibm.com/timex#oi http://ex.org/variable#57	1
http://ex.org/variable#41 http://www.ibm.com/timex#oi_si http://ex.org/variable#58	1
http://ex.org/variable#41 http://www.ibm.com/timex#d http://ex.org/variable#59	1
http://ex.org/variable#41 http://www.ibm.com/timex#d http://ex.org/variable#60	1
http://ex.org/variable#41 http://www.ibm.com/timex#d http://ex.org/variable#61	1
http://ex.org/variable#41 http://www.ibm.com/timex#o http://ex.org/variable#62	1
http://ex.org/variable#41 http://www.ibm.com/timex#oi http://ex.org/variable#63	1
http://ex.org/variable#41 http://www.ibm.com/timex#d http://ex.org/variable#64	1
http://ex.org/variable#41 http://www.ibm.com/timex#oi_di_si http://ex.org/variable#65	1
http://ex.org/variable#41 http://www.ibm.com/timex#oi http://ex.org/variable#66	1
http://ex.org/variable#41 http://www.ibm.com/timex#o http://ex.org/variable#67	1
http://ex.org/variable#41 http://www.ibm.com/timex#o http://ex.org/variable#68	1
http://ex.org/variable#41 http://www.ibm.com/timex#di http://ex.org/variable#69	1
http://ex.org/variable#41 http://www.ibm.com/timex#o http://ex.org/variable#70	1
http://ex.org/variable#41 http://www.ibm.com/timex#oi http://ex.org/variable#71	1
http://ex.org/variable#41 http://www.ibm.com/timex#di http://ex.org/variable#72	1
http://ex.org/variable#41 http://www.ibm.com/timex#di http://ex.org/variable#73	1
http://ex.org/variable#41 http://www.ibm.com/timex#o http://ex.org/variable#74	1
http://ex.org/variable#41 http://www.ibm.com/timex#oi http://ex.org/variable#75	1
http://ex.org/variable#41 http://www.ibm.com/timex#di http://ex.org/variable#76	1
http://ex.org/variable#41 http://www.ibm.com/timex#o http://ex.org/variable#77	1
http://ex.org/variable#41 http://www.ibm.com/timex#di http://ex.org/variable#78	1
http://ex.org/variable#41 http://www.ibm.com/timex#oi http://ex.org/variable#79	1
http://ex.org/variable#41 http://www.ibm.com/timex#d http://ex.org/variable#80	1
http://ex.org/variable#41 http://www.ibm.com/timex#oi http://ex.org/variable#81	1
http://ex.org/variable#41 http://www.ibm.com/timex#di http://ex.org/variable#82	1
http://ex.org/variable#41 http://www.ibm.com/timex#d http://ex.org/variable#83	1
http://ex.org/variable#41 http://www.ibm.com/timex#di http://ex.org/variable#84	1
http://ex.org/variable#41 http://www.ibm.com/timex#di http://ex.org/variable#85	1
http://ex.org/variable#41 http://www.ibm.com/timex#d http://ex.org/variable#86	1
http://ex.org/variable#41 http://www.ibm.com/timex#o http://ex.org/variable#87	1
http://ex.org/variable#41 http://www.ibm.com/timex#di http://ex.org/variable#88	1
http://ex.org/variable#41 http://www.ibm.com/timex#o http://ex.org/variable#89	1
http://ex.org/variable#41 http://www.ibm.com/timex#di http://ex.org/variable#90	1
http://ex.org/variable#41 http://www.ibm.com/timex#s http://ex.org/variable#91	1
http://ex.org/variable#41 http://www.ibm.com/timex#o http://ex.org/variable#92	1
http://ex.org/variable#41 http://www.ibm.com/timex#di http://ex.org/variable#93	1
http://ex.org/variable#41 http://www.ibm.com/timex#oi http://ex.org/variable#94	1
http://ex.org/variable#41 http://www.ibm.com/timex#di http://ex.org/variable#95	1
http://ex.org/variable#41 http://www.ibm.com/timex#di http://ex.org/variable#96	1
http://ex.org/variable#41 http://www.ibm.com/timex#fi http://ex.org/variable#97	1
http://ex.org/variable#41 http://www.ibm.com/timex#o http://ex.org/variable#98	1
http://ex.org/variable#41 http://www.ibm.com/timex#di http://ex.org/variable#99	1
http://ex.org/variable#41 http://www.ibm.com/timex#oi http://ex.org/variable#100	1
http://ex.org/variable#41 http://www.ibm.com/timex#o http://ex.org/variable#101	1
http://ex.org/variable#41 http://www.ibm.com/timex#di http://ex.org/variable#102	1
http://ex.org/variable#41 http://www.ibm.com/timex#oi http://ex.org/variable#103	1
http://ex.org/variable#41 http://www.ibm.com/timex#b http://ex.org/variable#104	1
http://ex.org/variable#41 http://www.ibm.com/timex#o http://ex.org/variable#105	1
http://ex.org/variable#41 http://www.ibm.com/timex#d http://ex.org/variable#106	1
http://ex.org/variable#41 http://www.ibm.com/timex#di http://ex.org/variable#107	1
http://ex.org/variable#41 http://www.ibm.com/timex#di http://ex.org/variable#108	1
http://ex.org/variable#41 http://www.ibm.com/timex#di http://ex.org/variable#109	1
http://ex.org/variable#41 http://www.ibm.com/timex#d http://ex.org/variable#110	1
http://ex.org/variable#41 http://www.ibm.com/timex#di http://ex.org/variable#111	1
http://ex.org/variable#41 http://www.ibm.com/timex#oi http://ex.org/variable#112	1
http://ex.org/variable#41 http://www.ibm.com/timex#di http://ex.org/variable#113	1
http://ex.org/variable#41 http://www.ibm.com/timex#oi http://ex.org/variable#114	1
http://ex.org/variable#41 http://www.ibm.com/timex#fi http://ex.org/variable#115	1
http://ex.org/variable#41 http://www.ibm.com/timex#di http://ex.org/variable#116	1
http://ex.org/variable#41 http://www.ibm.com/timex#oi http://ex.org/variable#117	1
http://ex.org/variable#41 http://www.ibm.com/timex#oi http://ex.org/variable#118	1
http://ex.org/variable#41 http://www.ibm.com/timex#d http://ex.org/variable#119	1
http://ex.org/variable#41 http://www.ibm.com/timex#di http://ex.org/variable#120	1
http://ex.org/variable#41 http://www.ibm.com/timex#fi http://ex.org/variable#121	1
http://ex.org/variable#41 http://www.ibm.com/timex#oi http://ex.org/variable#122	1
http://ex.org/variable#41 http://www.ibm.com/timex#o http://ex.org/variable#123	1
http://ex.org/variable#41 http://www.ibm.com/timex#oi http://ex.org/variable#124	1
http://ex.org/variable#41 http://www.ibm.com/timex#oi http://ex.org/variable#125	1
http://ex.org/variable#41 http://www.ibm.com/timex#di http://ex.org/variable#126	1
http://ex.org/variable#41 http://www.ibm.com/timex#di http://ex.org/variable#127	1
http://ex.org/variable#41 http://www.ibm.com/timex#o http://ex.org/variable#128	1
http://ex.org/variable#41 http://www.ibm.com/timex#oi http://ex.org/variable#129	1
http://ex.org/variable#41 http://www.ibm.com/timex#di http://ex.org/variable#130	1
http://ex.org/variable#41 http://www.ibm.com/timex#o http://ex.org/variable#131	1
http://ex.org/variable#41 http://www.ibm.com/timex#d http://ex.org/variable#132	1
http://ex.org/variable#41 http://www.ibm.com/timex#o http://ex.org/variable#133	1
http://ex.org/variable#41 http://www.ibm.com/timex#oi http://ex.org/variable#134	1
http://ex.org/variable#41 http://www.ibm.com/timex#o http://ex.org/variable#135	1
http://ex.org/variable#41 http://www.ibm.com/timex#o http://ex.org/variable#136	1
http://ex.org/variable#41 http://www.ibm.com/timex#di http://ex.org/variable#137	1
http://ex.org/variable#41 http://www.ibm.com/timex#o http://ex.org/variable#138	1
http://ex.org/variable#41 http://www.ibm.com/timex#di http://ex.org/variable#139	1
http://ex.org/variable#41 http://www.ibm.com/timex#di http://ex.org/variable#140	1
http://ex.org/variable#41 http://www.ibm.com/timex#d http://ex.org/variable#141	1
http://ex.org/variable#41 http://www.ibm.com/timex#oi http://ex.org/variable#142	1
http://ex.org/variable#41 http://www.ibm.com/timex#d http://ex.org/variable#143	1
http://ex.org/variable#41 http://www.ibm.com/timex#o http://ex.org/variable#144	1
http://ex.org/variable#41 http://www.ibm.com/timex#fi http://ex.org/variable#145	1
http://ex.org/variable#41 http://www.ibm.com/timex#o http://ex.org/variable#146	1
http://ex.org/variable#41 http://www.ibm.com/timex#oi_di http://ex.org/variable#147	1
http://ex.org/variable#41 http://www.ibm.com/timex#di http://ex.org/variable#148	1
http://ex.org/variable#41 http://www.ibm.com/timex#oi http://ex.org/variable#149	1
http://ex.org/variable#41 http://www.ibm.com/timex#o http://ex.org/variable#150	1
http://ex.org/variable#41 http://www.ibm.com/timex#o http://ex.org/variable#151	1
http://ex.org/variable#41 http://www.ibm.com/timex#oi http://ex.org/variable#152	1
http://ex.org/variable#41 http://www.ibm.com/timex#o http://ex.org/variable#153	1
http://ex.org/variable#41 http://www.ibm.com/timex#di http://ex.org/variable#154	1
http://ex.org/variable#41 http://www.ibm.com/timex#oi http://ex.org/variable#155	1
http://ex.org/variable#41 http://www.ibm.com/timex#di http://ex.org/variable#156	1
http://ex.org/variable#41 http://www.ibm.com/timex#oi_di_si http://ex.org/variable#157	1
http://ex.org/variable#41 http://www.ibm.com/timex#oi http://ex.org/variable#158	1
http://ex.org/variable#41 http://www.ibm.com/timex#o http://ex.org/variable#159	1
http://ex.org/variable#41 http://www.ibm.com/timex#di http://ex.org/variable#160	1
http://ex.org/variable#41 http://www.ibm.com/timex#di http://ex.org/variable#161	1
http://ex.org/variable#41 http://www.ibm.com/timex#oi http://ex.org/variable#162	1
http://ex.org/variable#41 http://www.ibm.com/timex#fi http://ex.org/variable#163	1
http://ex.org/variable#41 http://www.ibm.com/timex#o http://ex.org/variable#164	1
http://ex.org/variable#41 http://www.ibm.com/timex#di http://ex.org/variable#165	1
http://ex.org/variable#41 http://www.ibm.com/timex#oi http://ex.org/variable#166	1
http://ex.org/variable#41 http://www.ibm.com/timex#oi http://ex.org/variable#167	1
http://ex.org/variable#41 http://www.ibm.com/timex#o http://ex.org/variable#168	1
http://ex.org/variable#41 http://www.ibm.com/timex#d http://ex.org/variable#169	1
http://ex.org/variable#41 http://www.ibm.com/timex#o http://ex.org/variable#170	1
http://ex.org/variable#41 http://www.ibm.com/timex#oi http://ex.org/variable#171	1
http://ex.org/variable#41 http://www.ibm.com/timex#oi http://ex.org/variable#172	1
http://ex.org/variable#41 http://www.ibm.com/timex#di http://ex.org/variable#173	1
http://ex.org/variable#41 http://www.ibm.com/timex#di http://ex.org/variable#174	1
http://ex.org/variable#41 http://www.ibm.com/timex#oi http://ex.org/variable#175	1
http://ex.org/variable#41 http://www.ibm.com/timex#o http://ex.org/variable#176	1
http://ex.org/variable#41 http://www.ibm.com/timex#di http://ex.org/variable#177	1
http://ex.org/variable#41 http://www.ibm.com/timex#o http://ex.org/variable#178	1
http://ex.org/variable#41 http://www.ibm.com/timex#o http://ex.org/variable#179	1
http://ex.org/variable#41 http://www.ibm.com/timex#di http://ex.org/variable#180	1
http://ex.org/variable#41 http://www.ibm.com/timex#oi http://ex.org/variable#181	1
http://ex.org/variable#41 http://www.ibm.com/timex#di http://ex.org/variable#182	1
http://ex.org/variable#41 http://www.ibm.com/timex#o http://ex.org/variable#183	1
http://ex.org/variable#41 http://www.ibm.com/timex#oi http://ex.org/variable#184	1
http://ex.org/variable#41 http://www.ibm.com/timex#di http://ex.org/variable#185	1
http://ex.org/variable#41 http://www.ibm.com/timex#fi http://ex.org/variable#186	1
http://ex.org/variable#41 http://www.ibm.com/timex#oi http://ex.org/variable#187	1
http://ex.org/variable#41 http://www.ibm.com/timex#di http://ex.org/variable#188	1
http://ex.org/variable#41 http://www.ibm.com/timex#di http://ex.org/variable#189	1
http://ex.org/variable#42 http://www.ibm.com/timex#di http://ex.org/variable#0	1
http://ex.org/variable#42 http://www.ibm.com/timex#o http://ex.org/variable#1	1
http://ex.org/variable#42 http://www.ibm.com/timex#oi http://ex.org/variable#2	1
http://ex.org/variable#42 http://www.ibm.com/timex#di http://ex.org/variable#3	1
http://ex.org/variable#42 http://www.ibm.com/timex#o http://ex.org/variable#4	1
http://ex.org/variable#42 http://www.ibm.com/timex#oi http://ex.org/variable#5	1
http://ex.org/variable#42 http://www.ibm.com/timex#di http://ex.org/variable#6	1
http://ex.org/variable#42 http://www.ibm.com/timex#di http://ex.org/variable#7	1
http://ex.org/variable#42 http://www.ibm.com/timex#bi http://ex.org/variable#8	1
http://ex.org/variable#42 http://www.ibm.com/timex#o http://ex.org/variable#9	1
http://ex.org/variable#42 http://www.ibm.com/timex#di http://ex.org/variable#10	1
http://ex.org/variable#42 http://www.ibm.com/timex#oi http://ex.org/variable#11	1
http://ex.org/variable#42 http://www.ibm.com/timex#d http://ex.org/variable#12	1
http://ex.org/variable#42 http://www.ibm.com/timex#oi http://ex.org/variable#13	1
http://ex.org/variable#42 http://www.ibm.com/timex#di http://ex.org/variable#14	1
http://ex.org/variable#42 http://www.ibm.com/timex#oi http://ex.org/variable#15	1
http://ex.org/variable#42 http://www.ibm.com/timex#oi http://ex.org/variable#16	1
http://ex.org/variable#42 http://www.ibm.com/timex#di http://ex.org/variable#17	1
http://ex.org/variable#42 http://www.ibm.com/timex#oi http://ex.org/variable#18	1
http://ex.org/variable#42 http://www.ibm.com/timex#oi http://ex.org/variable#19	1
http://ex.org/variable#42 http://www.ibm.com/timex#d http://ex.org/variable#20	1
http://ex.org/variable#42 http://www.ibm.com/timex#di http://ex.org/variable#21	1
http://ex.org/variable#42 http://www.ibm.com/timex#d http://ex.org/variable#22	1
http://ex.org/variable#42 http://www.ibm.com/timex#oi http://ex.org/variable#23	1
http://ex.org/variable#42 http://www.ibm.com/timex#oi http://ex.org/variable#24	1
http://ex.org/variable#42 http://www.ibm.com/timex#bi http://ex.org/variable#25	1
http://ex.org/variable#42 http://www.ibm.com/timex#di http://ex.org/variable#26	1
http://ex.org/variable#42 http://www.ibm.com/timex#oi http://ex.org/variable#27	1
http://ex.org/variable#42 http://www.ibm.com/timex#di http://ex.org/variable#28	1
http://ex.org/variable#42 http://www.ibm.com/timex#di http://ex.org/variable#29	1
http://ex.org/variable#42 http://www.ibm.com/timex#di http://ex.org/variable#30	1
http://ex.org/variable#42 http://www.ibm.com/timex#oi http://ex.org/variable#31	1
http://ex.org/variable#42 http://www.ibm.com/timex#oi http://ex.org/variable#32	1
http://ex.org/variable#42 http://www.ibm.com/timex#o http://ex.org/variable#33	1
http://ex.org/variable#42 http://www.ibm.com/timex#oi http://ex.org/variable#34	1
http://ex.org/variable#42 http://www.ibm.com/timex#di http://ex.org/variable#35	1
http://ex.org/variable#42 http://www.ibm.com/timex#oi http://ex.org/variable#36	1
http://ex.org/variable#42 http://www.ibm.com/timex#oi http://ex.org/variable#37	1
http://ex.org/variable#42 http://www.ibm.com/timex#oi http://ex.org/variable#38	1
http://ex.org/variable#42 http://www.ibm.com/timex#di http://ex.org/variable#39	1
http://ex.org/variable#42 http://www.ibm.com/timex#oi http://ex.org/variable#40	1
http://ex.org/variable#42 http://www.ibm.com/timex#oi http://ex.org/variable#41	1
http://ex.org/variable#42 http://www.ibm.com/timex#oi http://ex.org/variable#43	1
http://ex.org/variable#42 http://www.ibm.com/timex#oi http://ex.org/variable#44	1
http://ex.org/variable#42 http://www.ibm.com/timex#o http://ex.org/variable#45	1
http://ex.org/variable#42 http://www.ibm.com/timex#oi http://ex.org/variable#46	1
http://ex.org/variable#42 http://www.ibm.com/timex#oi http://ex.org/variable#47	1
http://ex.org/variable#42 http://www.ibm.com/timex#di http://ex.org/variable#48	1
http://ex.org/variable#42 http://www.ibm.com/timex#oi http://ex.org/variable#49	1
http://ex.org/variable#42 http://www.ibm.com/timex#o_di_fi http://ex.org/variable#50	1
http://ex.org/variable#42 http://www.ibm.com/timex#di http://ex.org/variable#51	1
http://ex.org/variable#42 http://www.ibm.com/timex#oi http://ex.org/variable#52	1
http://ex.org/variable#42 http://www.ibm.com/timex#oi http://ex.org/variable#53	1
http://ex.org/variable#42 http://www.ibm.com/timex#oi http://ex.org/variable#54	1
http://ex.org/variable#42 http://www.ibm.com/timex#di http://ex.org/variable#55	1
http://ex.org/variable#42 http://www.ibm.com/timex#oi http://ex.org/variable#56	1
http://ex.org/variable#42 http://www.ibm.com/timex#oi http://ex.org/variable#57	1
http://ex.org/variable#42 http://www.ibm.com/timex#oi http://ex.org/variable#58	1
http://ex.org/variable#42 http://www.ibm.com/timex#d http://ex.org/variable#59	1
http://ex.org/variable#42 http://www.ibm.com/timex#oi_d http://ex.org/variable#60	1
http://ex.org/variable#42 http://www.ibm.com/timex#d http://ex.org/variable#61	1
http://ex.org/variable#42 http://www.ibm.com/timex#o http://ex.org/variable#62	1
http://ex.org/variable#42 http://www.ibm.com/timex#oi http://ex.org/variable#63	1
http://ex.org/variable#42 http://www.ibm.com/timex#oi http://ex.org/variable#64	1
http://ex.org/variable#42 http://www.ibm.com/timex#bi http://ex.org/variable#65	1
http://ex.org/variable#42 http://www.ibm.com/timex#oi http://ex.org/variable#66	1
http://ex.org/variable#42 http://www.ibm.com/timex#d http://ex.org/variable#67	1
http://ex.org/variable#42 http://www.ibm.com/timex#si http://ex.org/variable#68	1
http://ex.org/variable#42 http://www.ibm.com/timex#si http://ex.org/variable#69	1
http://ex.org/variable#42 http://www.ibm.com/timex#d http://ex.org/variable#70	1
http://ex.org/variable#42 http://www.ibm.com/timex#oi http://ex.org/variable#71	1
http://ex.org/variable#42 http://www.ibm.com/timex#di http://ex.org/variable#72	1
http://ex.org/variable#42 http://www.ibm.com/timex#oi http://ex.org/variable#73	1
http://ex.org/variable#42 http://www.ibm.com/timex#oi http://ex.org/variable#74	1
http://ex.org/variable#42 http://www.ibm.com/timex#oi http://ex.org/variable#75	1
http://ex.org/variable#42 http://www.ibm.com/timex#oi http://ex.org/variable#76	1
http://ex.org/variable#42 http://www.ibm.com/timex#d http://ex.org/variable#77	1
http://ex.org/variable#42 http://www.ibm.com/timex#di http://ex.org/variable#78	1
http://ex.org/variable#42 http://www.ibm.com/timex#oi http://ex.org/variable#79	1
http://ex.org/variable#42 http://www.ibm.com/timex#oi http://ex.org/variable#80	1
http://ex.org/variable#42 http://www.ibm.com/timex#oi http://ex.org/variable#81	1
http://ex.org/variable#42 http://www.ibm.com/timex#oi http://ex.org/variable#82	1
http://ex.org/variable#42 http://www.ibm.com/timex#oi http://ex.org/variable#83	1
http://ex.org/variable#42 http://www.ibm.com/timex#di http://ex.org/variable#84	1
http://ex.org/variable#42 http://www.ibm.com/timex#di http://ex.org/variable#85	1
http://ex.org/variable#42 http://www.ibm.com/timex#d http://ex.org/variable#86	1
http://ex.org/variable#42 http://www.ibm.com/timex#di http://ex.org/variable#87	1
http://ex.org/variable#42 http://www.ibm.com/timex#di http://ex.org/variable#88	1
http://ex.org/variable#42 http://www.ibm.com/timex#oi http://ex.org/variable#89	1
http://ex.org/variable#42 http://www.ibm.com/timex#di http://ex.org/variable#90	1
http://ex.org/variable#42 http://www.ibm.com/timex#oi http://ex.org/variable#91	1
http://ex.org/variable#42 http://www.ibm.com/timex#o http://ex.org/variable#92	1
http://ex.org/variable#42 http://www.ibm.com/timex#oi http://ex.org/variable#93	1
http://ex.org/variable#42 http://www.ibm.com/timex#oi http://ex.org/variable#94	1
http://ex.org/variable#42 http://www.ibm.com/timex#di http://ex.org/variable#95	1
http://ex.org/variable#42 http://www.ibm.com/timex#bi http://ex.org/variable#96	1
http://ex.org/variable#42 http://www.ibm.com/timex#di http://ex.org/variable#97	1
http://ex.org/variable#42 http://www.ibm.com/timex#di http://ex.org/variable#98	1
http://ex.org/variable#42 http://www.ibm.com/timex#di http://ex.org/variable#99	1
http://ex.org/variable#42 http://www.ibm.com/timex#oi http://ex.org/variable#100	1
http://ex.org/variable#42 http://www.ibm.com/timex#di http://ex.org/variable#101	1
http://ex.org/variable#42 http://www.ibm.com/timex#di http://ex.org/variable#102	1
http://ex.org/variable#42 http://www.ibm.com/timex#oi http://ex.org/variable#103	1
http://ex.org/variable#42 http://www.ibm.com/timex#di http://ex.org/variable#104	1
http://ex.org/variable#42 http://www.ibm.com/timex#oi http://ex.org/variable#105	1
http://ex.org/variable#42 http://www.ibm.com/timex#oi http://ex.org/variable#106	1
http://ex.org/variable#42 http://www.ibm.com/timex#di http://ex.org/variable#107	1
http://ex.org/variable#42 http://www.ibm.com/timex#di http://ex.org/variable#108	1
http://ex.org/variable#42 http://www.ibm.com/timex#di http://ex.org/variable#109	1
http://ex.org/variable#42 http://www.ibm.com/timex#oi http://ex.org/variable#110	1
http://ex.org/variable#42 http://www.ibm.com/timex#oi http://ex.org/variable#111	1
http://ex.org/variable#42 http://www.ibm.com/timex#oi http://ex.org/variable#112	1
http://ex.org/variable#42 http://www.ibm.com/timex#di http://ex.org/variable#113	1
http://ex.org/variable#42 http://www.ibm.com/timex#oi http://ex.org/variable#114	1
http://ex.org/variable#42 http://www.ibm.com/timex#di http://ex.org/variable#115	1
http://ex.org/variable#42 http://www.ibm.com/timex#di http://ex.org/variable#116	1
http://ex.org/variable#42 http://www.ibm.com/timex#oi http://ex.org/variable#117	1
http://ex.org/variable#42 http://www.ibm.com/timex#oi http://ex.org/variable#118	1
http://ex.org/variable#42 http://www.ibm.com/timex#oi http://ex.org/variable#119	1
http://ex.org/variable#42 http://www.ibm.com/timex#oi http://ex.org/variable#120	1
http://ex.org/variable#42 http://www.ibm.com/timex#di http://ex.org/variable#121	1
http://ex.org/variable#42 http://www.ibm.com/timex#oi http://ex.org/variable#122	1
http://ex.org/variable#42 http://www.ibm.com/timex#fi http://ex.org/variable#123	1
http://ex.org/variable#42 http://www.ibm.com/timex#oi http://ex.org/variable#124	1
http://ex.org/variable#42 http://www.ibm.com/timex#oi http://ex.org/variable#125	1
http://ex.org/variable#42 http://www.ibm.com/timex#di http://ex.org/variable#126	1
http://ex.org/variable#42 http://www.ibm.com/timex#di http://ex.org/variable#127	1
http://ex.org/variable#42 http://www.ibm.com/timex#fi http://ex.org/variable#128	1
http://ex.org/variable#42 http://www.ibm.com/timex#oi http://ex.org/variable#129	1
http://ex.org/variable#42 http://www.ibm.com/timex#oi http://ex.org/variable#130	1
http://ex.org/variable#42 http://www.ibm.com/timex#o http://ex.org/variable#131	1
http://ex.org/variable#42 http://www.ibm.com/timex#oi http://ex.org/variable#132	1
http://ex.org/variable#42 http://www.ibm.com/timex#o http://ex.org/variable#133	1
http://ex.org/variable#42 http://www.ibm.com/timex#oi http://ex.org/variable#134	1
http://ex.org/variable#42 http://www.ibm.com/timex#d http://ex.org/variable#135	1
http://ex.org/variable#42 http://www.ibm.com/timex#d http://ex.org/variable#136	1
http://ex.org/variable#42 http://www.ibm.com/timex#di http://ex.org/variable#137	1
http://ex.org/variable#42 http://www.ibm.com/timex#di http://ex.org/variable#138	1
http://ex.org/variable#42 http://www.ibm.com/timex#oi http://ex.org/variable#139	1
http://ex.org/variable#42 http://www.ibm.com/timex#di http://ex.org/variable#140	1
http://ex.org/variable#42 http://www.ibm.com/timex#oi_d http://ex.org/variable#141	1
http://ex.org/variable#42 http://www.ibm.com/timex#oi http://ex.org/variable#142	1
http://ex.org/variable#42 http://www.ibm.com/timex#oi http://ex.org/variable#143	1
http://ex.org/variable#42 http://www.ibm.com/timex#di http://ex.org/variable#144	1
http://ex.org/variable#42 http://www.ibm.com/timex#di http://ex.org/variable#145	1
http://ex.org/variable#42 http://www.ibm.com/timex#o http://ex.org/variable#146	1
http://ex.org/variable#42 http://www.ibm.com/timex#oi http://ex.org/variable#147	1
http://ex.org/variable#42 http://www.ibm.com/timex#di http://ex.org/variable#148	1
http://ex.org/variable#42 http://www.ibm.com/timex#oi http://ex.org/variable#149	1
http://ex.org/variable#42 http://www.ibm.com/timex#o http://ex.org/variable#150	1
http://ex.org/variable#42 http://www.ibm.com/timex#s http://ex.org/variable#151	1
http://ex.org/variable#42 http://www.ibm.com/timex#bi http://ex.org/variable#152	1
http://ex.org/variable#42 http://www.ibm.com/timex#d http://ex.org/variable#153	1
http://ex.org/variable#42 http://www.ibm.com/timex#di http://ex.org/variable#154	1
http://ex.org/variable#42 http://www.ibm.com/timex#oi http://ex.org/variable#155	1
http://ex.org/variable#42 http://www.ibm.com/timex#oi http://ex.org/variable#156	1
http://ex.org/variable#42 http://www.ibm.com/timex#bi http://ex.org/variable#157	1
http://ex.org/variable#42 http://www.ibm.com/timex#oi http://ex.org/variable#158	1
http://ex.org/variable#42 http://www.ibm.com/timex#o http://ex.org/variable#159	1
http://ex.org/variable#42 http://www.ibm.com/timex#si http://ex.org/variable#160	1
http://ex.org/variable#42 http://www.ibm.com/timex#di http://ex.org/variable#161	1
http://ex.org/variable#42 http://www.ibm.com/timex#oi http://ex.org/variable#162	1
http://ex.org/variable#42 http://www.ibm.com/timex#di http://ex.org/variable#163	1
http://ex.org/variable#42 http://www.ibm.com/timex#di http://ex.org/variable#164	1
http://ex.org/variable#42 http://www.ibm.com/timex#di http://ex.org/variable#165	1
http://ex.org/variable#42 http://www.ibm.com/timex#oi http://ex.org/variable#166	1
http://ex.org/variable#42 http://www.ibm.com/timex#oi http://ex.org/variable#167	1
http://ex.org/variable#42 http://www.ibm.com/timex#di http://ex.org/variable#168	1
http://ex.org/variable#42 http://www.ibm.com/timex#oi http://ex.org/variable#169	1
http://ex.org/variable#42 http://www.ibm.com/timex#di http://ex.org/variable#170	1
http://ex.org/variable#42 http://www.ibm.com/timex#oi http://ex.org/variable#171	1
http://ex.org/variable#42 http://www.ibm.com/timex#bi http://ex.org/variable#172	1
http://ex.org/variable#42 http://www.ibm.com/timex#di http://ex.org/variable#173	1
http://ex.org/variable#42 http://www.ibm.com/timex#di http://ex.org/variable#174	1
http://ex.org/variable#42 http://www.ibm.com/timex#oi http://ex.org/variable#175	1
http://ex.org/variable#42 http://www.ibm.com/timex#o http://ex.org/variable#176	1
http://ex.org/variable#42 http://www.ibm.com/timex#oi http://ex.org/variable#177	1
http://ex.org/variable#42 http://www.ibm.com/timex#s http://ex.org/variable#178	1
http://ex.org/variable#42 http://www.ibm.com/timex#di http://ex.org/variable#179	1
http://ex.org/variable#42 http://www.ibm.com/timex#bi http://ex.org/variable#180	1
http://ex.org/variable#42 http://www.ibm.com/timex#oi http://ex.org/variable#181	1
http://ex.org/variable#42 http://www.ibm.com/timex#di http://ex.org/variable#182	1
http://ex.org/variable#42 http://www.ibm.com/timex#di http://ex.org/variable#183	1
http://ex.org/variable#42 http://www.ibm.com/timex#oi http://ex.org/variable#184	1
http://ex.org/variable#42 http://www.ibm.com/timex#di http://ex.org/variable#185	1
http://ex.org/variable#42 http://www.ibm.com/timex#di http://ex.org/variable#186	1
http://ex.org/variable#42 http://www.ibm.com/timex#oi http://ex.org/variable#187	1
http://ex.org/variable#42 http://www.ibm.com/timex#di http://ex.org/variable#188	1
http://ex.org/variable#42 http://www.ibm.com/timex#di http://ex.org/variable#189	1
http://ex.org/variable#43 http://www.ibm.com/timex#o http://ex.org/variable#0	1
http://ex.org/variable#43 http://www.ibm.com/timex#o http://ex.org/variable#1	1
http://ex.org/variable#43 http://www.ibm.com/timex#o http://ex.org/variable#2	1
http://ex.org/variable#43 http://www.ibm.com/timex#di_fi http://ex.org/variable#3	1
http://ex.org/variable#43 http://www.ibm.com/timex#o http://ex.org/variable#4	1
http://ex.org/variable#43 http://www.ibm.com/timex#di http://ex.org/variable#5	1
http://ex.org/variable#43 http://www.ibm.com/timex#o http://ex.org/variable#6	1
http://ex.org/variable#43 http://www.ibm.com/timex#o http://ex.org/variable#7	1
http://ex.org/variable#43 http://www.ibm.com/timex#di http://ex.org/variable#8	1
http://ex.org/variable#43 http://www.ibm.com/timex#o http://ex.org/variable#9	1
http://ex.org/variable#43 http://www.ibm.com/timex#o http://ex.org/variable#10	1
http://ex.org/variable#43 http://www.ibm.com/timex#o http://ex.org/variable#11	1
http://ex.org/variable#43 http://www.ibm.com/timex#d http://ex.org/variable#12	1
http://ex.org/variable#43 http://www.ibm.com/timex#di http://ex.org/variable#13	1
http://ex.org/variable#43 http://www.ibm.com/timex#di http://ex.org/variable#14	1
http://ex.org/variable#43 http://www.ibm.com/timex#di http://ex.org/variable#15	1
http://ex.org/variable#43 http://www.ibm.com/timex#di http://ex.org/variable#16	1
http://ex.org/variable#43 http://www.ibm.com/timex#m_o_di http://ex.org/variable#17	1
http://ex.org/variable#43 http://www.ibm.com/timex#o http://ex.org/variable#18	1
http://ex.org/variable#43 http://www.ibm.com/timex#di http://ex.org/variable#19	1
http://ex.org/variable#43 http://www.ibm.com/timex#d http://ex.org/variable#20	1
http://ex.org/variable#43 http://www.ibm.com/timex#o http://ex.org/variable#21	1
http://ex.org/variable#43 http://www.ibm.com/timex#o http://ex.org/variable#22	1
http://ex.org/variable#43 http://www.ibm.com/timex#di http://ex.org/variable#23	1
http://ex.org/variable#43 http://www.ibm.com/timex#o http://ex.org/variable#24	1
http://ex.org/variable#43 http://www.ibm.com/timex#di http://ex.org/variable#25	1
http://ex.org/variable#43 http://www.ibm.com/timex#o http://ex.org/variable#26	1
http://ex.org/variable#43 http://www.ibm.com/timex#oi http://ex.org/variable#27	1
http://ex.org/variable#43 http://www.ibm.com/timex#o http://ex.org/variable#28	1
http://ex.org/variable#43 http://www.ibm.com/timex#o http://ex.org/variable#29	1
http://ex.org/variable#43 http://www.ibm.com/timex#di http://ex.org/variable#30	1
http://ex.org/variable#43 http://www.ibm.com/timex#oi http://ex.org/variable#31	1
http://ex.org/variable#43 http://www.ibm.com/timex#di http://ex.org/variable#32	1
http://ex.org/variable#43 http://www.ibm.com/timex#o http://ex.org/variable#33	1
http://ex.org/variable#43 http://www.ibm.com/timex#fi http://ex.org/variable#34	1
http://ex.org/variable#43 http://www.ibm.com/timex#di http://ex.org/variable#35	1
http://ex.org/variable#43 http://www.ibm.com/timex#di http://ex.org/variable#36	1
http://ex.org/variable#43 http://www.ibm.com/timex#di http://ex.org/variable#37	1
http://ex.org/variable#43 http://www.ibm.com/timex#di http://ex.org/variable#38	1
http://ex.org/variable#43 http://www.ibm.com/timex#di http://ex.org/variable#39	1
http://ex.org/variable#43 http://www.ibm.com/timex#di http://ex.org/variable#40	1
http://ex.org/variable#43 http://www.ibm.com/timex#o http://ex.org/variable#41	1
http://ex.org/variable#43 http://www.ibm.com/timex#o http://ex.org/variable#42	1
http://ex.org/variable#43 http://www.ibm.com/timex#o http://ex.org/variable#44	1
http://ex.org/variable#43 http://www.ibm.com/timex#o http://ex.org/variable#45	1
http://ex.org/variable#43 http://www.ibm.com/timex#oi http://ex.org/variable#46	1
http://ex.org/variable#43 http://www.ibm.com/timex#oi http://ex.org/variable#47	1
http://ex.org/variable#43 http://www.ibm.com/timex#o_di http://ex.org/variable#48	1
http://ex.org/variable#43 http://www.ibm.com/timex#oi http://ex.org/variable#49	1
http://ex.org/variable#43 http://www.ibm.com/timex#o http://ex.org/variable#50	1
http://ex.org/variable#43 http://www.ibm.com/timex#o http://ex.org/variable#51	1
http://ex.org/variable#43 http://www.ibm.com/timex#d http://ex.org/variable#52	1
http://ex.org/variable#43 http://www.ibm.com/timex#o http://ex.org/variable#53	1
http://ex.org/variable#43 http://www.ibm.com/timex#o http://ex.org/variable#54	1
http://ex.org/variable#43 http://www.ibm.com/timex#di http://ex.org/variable#55	1
http://ex.org/variable#43 http://www.ibm.com/timex#di http://ex.org/variable#56	1
http://ex.org/variable#43 http://www.ibm.com/timex#oi http://ex.org/variable#57	1
http://ex.org/variable#43 http://www.ibm.com/timex#di http://ex.org/variable#58	1
http://ex.org/variable#43 http://www.ibm.com/timex#o http://ex.org/variable#59	1
http://ex.org/variable#43 http://www.ibm.com/timex#o http://ex.org/variable#60	1
http://ex.org/variable#43 http://www.ibm.com/timex#o http://ex.org/variable#61	1
http://ex.org/variable#43 http://www.ibm.com/timex#o http://ex.org/variable#62	1
http://ex.org/variable#43 http://www.ibm.com/timex#o http://ex.org/variable#63	1
http://ex.org/variable#43 http://www.ibm.com/timex#o http://ex.org/variable#64	1
http://ex.org/variable#43 http://www.ibm.com/timex#di http://ex.org/variable#65	1
http://ex.org/variable#43 http://www.ibm.com/timex#oi http://ex.org/variable#66	1
http://ex.org/variable#43 http://www.ibm.com/timex#o http://ex.org/variable#67	1
http://ex.org/variable#43 http://www.ibm.com/timex#o http://ex.org/variable#68	1
http://ex.org/variable#43 http://www.ibm.com/timex#di http://ex.org/variable#69	1
http://ex.org/variable#43 http://www.ibm.com/timex#o http://ex.org/variable#70	1
http://ex.org/variable#43 http://www.ibm.com/timex#di http://ex.org/variable#71	1
http://ex.org/variable#43 http://www.ibm.com/timex#o http://ex.org/variable#72	1
http://ex.org/variable#43 http://www.ibm.com/timex#di http://ex.org/variable#73	1
http://ex.org/variable#43 http://www.ibm.com/timex#o http://ex.org/variable#74	1
http://ex.org/variable#43 http://www.ibm.com/timex#di http://ex.org/variable#75	1
http://ex.org/variable#43 http://www.ibm.com/timex#o http://ex.org/variable#76	1
http://ex.org/variable#43 http://www.ibm.com/timex#o http://ex.org/variable#77	1
http://ex.org/variable#43 http://www.ibm.com/timex#di http://ex.org/variable#78	1
http://ex.org/variable#43 http://www.ibm.com/timex#oi http://ex.org/variable#79	1
http://ex.org/variable#43 http://www.ibm.com/timex#d http://ex.org/variable#80	1
http://ex.org/variable#43 http://www.ibm.com/timex#oi http://ex.org/variable#81	1
http://ex.org/variable#43 http://www.ibm.com/timex#di http://ex.org/variable#82	1
http://ex.org/variable#43 http://www.ibm.com/timex#d http://ex.org/variable#83	1
http://ex.org/variable#43 http://www.ibm.com/timex#o http://ex.org/variable#84	1
http://ex.org/variable#43 http://www.ibm.com/timex#o http://ex.org/variable#85	1
http://ex.org/variable#43 http://www.ibm.com/timex#d http://ex.org/variable#86	1
http://ex.org/variable#43 http://www.ibm.com/timex#o http://ex.org/variable#87	1
http://ex.org/variable#43 http://www.ibm.com/timex#b http://ex.org/variable#88	1
http://ex.org/variable#43 http://www.ibm.com/timex#o http://ex.org/variable#89	1
http://ex.org/variable#43 http://www.ibm.com/timex#di_fi http://ex.org/variable#90	1
http://ex.org/variable#43 http://www.ibm.com/timex#o http://ex.org/variable#91	1
http://ex.org/variable#43 http://www.ibm.com/timex#o http://ex.org/variable#92	1
http://ex.org/variable#43 http://www.ibm.com/timex#o http://ex.org/variable#93	1
http://ex.org/variable#43 http://www.ibm.com/timex#di http://ex.org/variable#94	1
http://ex.org/variable#43 http://www.ibm.com/timex#di http://ex.org/variable#95	1
http://ex.org/variable#43 http://www.ibm.com/timex#di http://ex.org/variable#96	1
http://ex.org/variable#43 http://www.ibm.com/timex#o http://ex.org/variable#97	1
http://ex.org/variable#43 http://www.ibm.com/timex#o http://ex.org/variable#98	1
http://ex.org/variable#43 http://www.ibm.com/timex#o http://ex.org/variable#99	1
http://ex.org/variable#43 http://www.ibm.com/timex#di http://ex.org/variable#100	1
http://ex.org/variable#43 http://www.ibm.com/timex#o http://ex.org/variable#101	1
http://ex.org/variable#43 http://www.ibm.com/timex#di http://ex.org/variable#102	1
http://ex.org/variable#43 http://www.ibm.com/timex#di_fi http://ex.org/variable#103	1
http://ex.org/variable#43 http://www.ibm.com/timex#b http://ex.org/variable#104	1
http://ex.org/variable#43 http://www.ibm.com/timex#o http://ex.org/variable#105	1
http://ex.org/variable#43 http://www.ibm.com/timex#o http://ex.org/variable#106	1
http://ex.org/variable#43 http://www.ibm.com/timex#o http://ex.org/variable#107	1
http://ex.org/variable#43 http://www.ibm.com/timex#di http://ex.org/variable#108	1
http://ex.org/variable#43 http://www.ibm.com/timex#di http://ex.org/variable#109	1
http://ex.org/variable#43 http://www.ibm.com/timex#o http://ex.org/variable#110	1
http://ex.org/variable#43 http://www.ibm.com/timex#di http://ex.org/variable#111	1
http://ex.org/variable#43 http://www.ibm.com/timex#eq_si http://ex.org/variable#112	1
http://ex.org/variable#43 http://www.ibm.com/timex#di http://ex.org/variable#113	1
http://ex.org/variable#43 http://www.ibm.com/timex#o http://ex.org/variable#114	1
http://ex.org/variable#43 http://www.ibm.com/timex#b http://ex.org/variable#115	1
http://ex.org/variable#43 http://www.ibm.com/timex#di http://ex.org/variable#116	1
http://ex.org/variable#43 http://www.ibm.com/timex#di http://ex.org/variable#117	1
http://ex.org/variable#43 http://www.ibm.com/timex#di http://ex.org/variable#118	1
http://ex.org/variable#43 http://www.ibm.com/timex#d http://ex.org/variable#119	1
http://ex.org/variable#43 http://www.ibm.com/timex#di http://ex.org/variable#120	1
http://ex.org/variable#43 http://www.ibm.com/timex#b http://ex.org/variable#121	1
http://ex.org/variable#43 http://www.ibm.com/timex#o http://ex.org/variable#122	1
http://ex.org/variable#43 http://www.ibm.com/timex#o http://ex.org/variable#123	1
http://ex.org/variable#43 http://www.ibm.com/timex#oi http://ex.org/variable#124	1
http://ex.org/variable#43 http://www.ibm.com/timex#oi http://ex.org/variable#125	1
http://ex.org/variable#43 http://www.ibm.com/timex#o http://ex.org/variable#126	1
http://ex.org/variable#43 http://www.ibm.com/timex#o http://ex.org/variable#127	1
http://ex.org/variable#43 http://www.ibm.com/timex#o http://ex.org/variable#128	1
http://ex.org/variable#43 http://www.ibm.com/timex#oi http://ex.org/variable#129	1
http://ex.org/variable#43 http://www.ibm.com/timex#di http://ex.org/variable#130	1
http://ex.org/variable#43 http://www.ibm.com/timex#b http://ex.org/variable#131	1
http://ex.org/variable#43 http://www.ibm.com/timex#o http://ex.org/variable#132	1
http://ex.org/variable#43 http://www.ibm.com/timex#o http://ex.org/variable#133	1
http://ex.org/variable#43 http://www.ibm.com/timex#oi http://ex.org/variable#134	1
http://ex.org/variable#43 http://www.ibm.com/timex#o http://ex.org/variable#135	1
http://ex.org/variable#43 http://www.ibm.com/timex#o http://ex.org/variable#136	1
http://ex.org/variable#43 http://www.ibm.com/timex#di http://ex.org/variable#137	1
http://ex.org/variable#43 http://www.ibm.com/timex#o http://ex.org/variable#138	1
http://ex.org/variable#43 http://www.ibm.com/timex#di http://ex.org/variable#139	1
http://ex.org/variable#43 http://www.ibm.com/timex#di http://ex.org/variable#140	1
http://ex.org/variable#43 http://www.ibm.com/timex#d http://ex.org/variable#141	1
http://ex.org/variable#43 http://www.ibm.com/timex#di http://ex.org/variable#142	1
http://ex.org/variable#43 http://www.ibm.com/timex#o http://ex.org/variable#143	1
http://ex.org/variable#43 http://www.ibm.com/timex#o http://ex.org/variable#144	1
http://ex.org/variable#43 http://www.ibm.com/timex#o http://ex.org/variable#145	1
http://ex.org/variable#43 http://www.ibm.com/timex#o http://ex.org/variable#146	1
http://ex.org/variable#43 http://www.ibm.com/timex#di http://ex.org/variable#147	1
http://ex.org/variable#43 http://www.ibm.com/timex#o http://ex.org/variable#148	1
http://ex.org/variable#43 http://www.ibm.com/timex#oi http://ex.org/variable#149	1
http://ex.org/variable#43 http://www.ibm.com/timex#o http://ex.org/variable#150	1
http://ex.org/variable#43 http://www.ibm.com/timex#o http://ex.org/variable#151	1
http://ex.org/variable#43 http://www.ibm.com/timex#di http://ex.org/variable#152	1
http://ex.org/variable#43 http://www.ibm.com/timex#o http://ex.org/variable#153	1
http://ex.org/variable#43 http://www.ibm.com/timex#di http://ex.org/variable#154	1
http://ex.org/variable#43 http://www.ibm.com/timex#oi http://ex.org/variable#155	1
http://ex.org/variable#43 http://www.ibm.com/timex#o http://ex.org/variable#156	1
http://ex.org/variable#43 http://www.ibm.com/timex#di http://ex.org/variable#157	1
http://ex.org/variable#43 http://www.ibm.com/timex#di http://ex.org/variable#158	1
http://ex.org/variable#43 http://www.ibm.com/timex#o http://ex.org/variable#159	1
http://ex.org/variable#43 http://www.ibm.com/timex#o http://ex.org/variable#160	1
http://ex.org/variable#43 http://www.ibm.com/timex#di http://ex.org/variable#161	1
http://ex.org/variable#43 http://www.ibm.com/timex#di http://ex.org/variable#162	1
http://ex.org/variable#43 http://www.ibm.com/timex#o http://ex.org/variable#163	1
http://ex.org/variable#43 http://www.ibm.com/timex#o http://ex.org/variable#164	1
http://ex.org/variable#43 http://www.ibm.com/timex#di http://ex.org/variable#165	1
http://ex.org/variable#43 http://www.ibm.com/timex#oi http://ex.org/variable#166	1
http://ex.org/variable#43 http://www.ibm.com/timex#di http://ex.org/variable#167	1
http://ex.org/variable#43 http://www.ibm.com/timex#o http://ex.org/variable#168	1
http://ex.org/variable#43 http://www.ibm.com/timex#o http://ex.org/variable#169	1
http://ex.org/variable#43 http://www.ibm.com/timex#o http://ex.org/variable#170	1
http://ex.org/variable#43 http://www.ibm.com/timex#di_si http://ex.org/variable#171	1
http://ex.org/variable#43 http://www.ibm.com/timex#oi http://ex.org/variable#172	1
http://ex.org/variable#43 http://www.ibm.com/timex#b http://ex.org/variable#173	1
http://ex.org/variable#43 http://www.ibm.com/timex#o http://ex.org/variable#174	1
http://ex.org/variable#43 http://www.ibm.com/timex#di http://ex.org/variable#175	1
http://ex.org/variable#43 http://www.ibm.com/timex#o http://ex.org/variable#176	1
http://ex.org/variable#43 http://www.ibm.com/timex#o http://ex.org/variable#177	1
http://ex.org/variable#43 http://www.ibm.com/timex#o http://ex.org/variable#178	1
http://ex.org/variable#43 http://www.ibm.com/timex#o http://ex.org/variable#179	1
http://ex.org/variable#43 http://www.ibm.com/timex#di http://ex.org/variable#180	1
http://ex.org/variable#43 http://www.ibm.com/timex#di http://ex.org/variable#181	1
http://ex.org/variable#43 http://www.ibm.com/timex#di http://ex.org/variable#182	1
http://ex.org/variable#43 http://www.ibm.com/timex#o http://ex.org/variable#183	1
http://ex.org/variable#43 http://www.ibm.com/timex#di http://ex.org/variable#184	1
http://ex.org/variable#43 http://www.ibm.com/timex#o http://ex.org/variable#185	1
http://ex.org/variable#43 http://www.ibm.com/timex#o http://ex.org/variable#186	1
http://ex.org/variable#43 http://www.ibm.com/timex#d http://ex.org/variable#187	1
http://ex.org/variable#43 http://www.ibm.com/timex#o_di_fi http://ex.org/variable#188	1
http://ex.org/variable#43 http://www.ibm.com/timex#di http://ex.org/variable#189	1
http://ex.org/variable#44 http://www.ibm.com/timex#o http://ex.org/variable#0	1
http://ex.org/variable#44 http://www.ibm.com/timex#o http://ex.org/variable#1	1
http://ex.org/variable#44 http://www.ibm.com/timex#o http://ex.org/variable#2	1
http://ex.org/variable#44 http://www.ibm.com/timex#di http://ex.org/variable#3	1
http://ex.org/variable#44 http://www.ibm.com/timex#o http://ex.org/variable#4	1
http://ex.org/variable#44 http://www.ibm.com/timex#di http://ex.org/variable#5	1
http://ex.org/variable#44 http://www.ibm.com/timex#di http://ex.org/variable#6	1
http://ex.org/variable#44 http://www.ibm.com/timex#o http://ex.org/variable#7	1
http://ex.org/variable#44 http://www.ibm.com/timex#oi http://ex.org/variable#8	1
http://ex.org/variable#44 http://www.ibm.com/timex#o http://ex.org/variable#9	1
http://ex.org/variable#44 http://www.ibm.com/timex#o http://ex.org/variable#10	1
http://ex.org/variable#44 http://www.ibm.com/timex#o http://ex.org/variable#11	1
http://ex.org/variable#44 http://www.ibm.com/timex#d http://ex.org/variable#12	1
http://ex.org/variable#44 http://www.ibm.com/timex#di http://ex.org/variable#13	1
http://ex.org/variable#44 http://www.ibm.com/timex#di http://ex.org/variable#14	1
http://ex.org/variable#44 http://www.ibm.com/timex#di http://ex.org/variable#15	1
http://ex.org/variable#44 http://www.ibm.com/timex#di http://ex.org/variable#16	1
http://ex.org/variable#44 http://www.ibm.com/timex#di http://ex.org/variable#17	1
http://ex.org/variable#44 http://www.ibm.com/timex#di http://ex.org/variable#18	1
http://ex.org/variable#44 http://www.ibm.com/timex#di http://ex.org/variable#19	1
http://ex.org/variable#44 http://www.ibm.com/timex#d http://ex.org/variable#20	1
http://ex.org/variable#44 http://www.ibm.com/timex#o http://ex.org/variable#21	1
http://ex.org/variable#44 http://www.ibm.com/timex#o http://ex.org/variable#22	1
http://ex.org/variable#44 http://www.ibm.com/timex#di http://ex.org/variable#23	1
http://ex.org/variable#44 http://www.ibm.com/timex#d http://ex.org/variable#24	1
http://ex.org/variable#44 http://www.ibm.com/timex#oi http://ex.org/variable#25	1
http://ex.org/variable#44 http://www.ibm.com/timex#di http://ex.org/variable#26	1
http://ex.org/variable#44 http://www.ibm.com/timex#oi http://ex.org/variable#27	1
http://ex.org/variable#44 http://www.ibm.com/timex#o http://ex.org/variable#28	1
http://ex.org/variable#44 http://www.ibm.com/timex#o http://ex.org/variable#29	1
http://ex.org/variable#44 http://www.ibm.com/timex#di http://ex.org/variable#30	1
http://ex.org/variable#44 http://www.ibm.com/timex#oi http://ex.org/variable#31	1
http://ex.org/variable#44 http://www.ibm.com/timex#oi http://ex.org/variable#32	1
http://ex.org/variable#44 http://www.ibm.com/timex#o http://ex.org/variable#33	1
http://ex.org/variable#44 http://www.ibm.com/timex#di http://ex.org/variable#34	1
http://ex.org/variable#44 http://www.ibm.com/timex#di http://ex.org/variable#35	1
http://ex.org/variable#44 http://www.ibm.com/timex#oi http://ex.org/variable#36	1
http://ex.org/variable#44 http://www.ibm.com/timex#di http://ex.org/variable#37	1
http://ex.org/variable#44 http://www.ibm.com/timex#si http://ex.org/variable#38	1
http://ex.org/variable#44 http://www.ibm.com/timex#di http://ex.org/variable#39	1
http://ex.org/variable#44 http://www.ibm.com/timex#oi http://ex.org/variable#40	1
http://ex.org/variable#44 http://www.ibm.com/timex#o http://ex.org/variable#41	1
http://ex.org/variable#44 http://www.ibm.com/timex#o http://ex.org/variable#42	1
http://ex.org/variable#44 http://www.ibm.com/timex#oi http://ex.org/variable#43	1
http://ex.org/variable#44 http://www.ibm.com/timex#o http://ex.org/variable#45	1
http://ex.org/variable#44 http://www.ibm.com/timex#oi http://ex.org/variable#46	1
http://ex.org/variable#44 http://www.ibm.com/timex#oi http://ex.org/variable#47	1
http://ex.org/variable#44 http://www.ibm.com/timex#di http://ex.org/variable#48	1
http://ex.org/variable#44 http://www.ibm.com/timex#oi http://ex.org/variable#49	1
http://ex.org/variable#44 http://www.ibm.com/timex#o http://ex.org/variable#50	1
http://ex.org/variable#44 http://www.ibm.com/timex#di http://ex.org/variable#51	1
http://ex.org/variable#44 http://www.ibm.com/timex#oi http://ex.org/variable#52	1
http://ex.org/variable#44 http://www.ibm.com/timex#d http://ex.org/variable#53	1
http://ex.org/variable#44 http://www.ibm.com/timex#di http://ex.org/variable#54	1
http://ex.org/variable#44 http://www.ibm.com/timex#di http://ex.org/variable#55	1
http://ex.org/variable#44 http://www.ibm.com/timex#di http://ex.org/variable#56	1
http://ex.org/variable#44 http://www.ibm.com/timex#oi http://ex.org/variable#57	1
http://ex.org/variable#44 http://www.ibm.com/timex#di http://ex.org/variable#58	1
http://ex.org/variable#44 http://www.ibm.com/timex#o http://ex.org/variable#59	1
http://ex.org/variable#44 http://www.ibm.com/timex#d http://ex.org/variable#60	1
http://ex.org/variable#44 http://www.ibm.com/timex#d http://ex.org/variable#61	1
http://ex.org/variable#44 http://www.ibm.com/timex#o http://ex.org/variable#62	1
http://ex.org/variable#44 http://www.ibm.com/timex#oi http://ex.org/variable#63	1
http://ex.org/variable#44 http://www.ibm.com/timex#d http://ex.org/variable#64	1
http://ex.org/variable#44 http://www.ibm.com/timex#di http://ex.org/variable#65	1
http://ex.org/variable#44 http://www.ibm.com/timex#oi http://ex.org/variable#66	1
http://ex.org/variable#44 http://www.ibm.com/timex#o http://ex.org/variable#67	1
http://ex.org/variable#44 http://www.ibm.com/timex#o http://ex.org/variable#68	1
http://ex.org/variable#44 http://www.ibm.com/timex#di http://ex.org/variable#69	1
http://ex.org/variable#44 http://www.ibm.com/timex#o http://ex.org/variable#70	1
http://ex.org/variable#44 http://www.ibm.com/timex#di http://ex.org/variable#71	1
http://ex.org/variable#44 http://www.ibm.com/timex#di http://ex.org/variable#72	1
http://ex.org/variable#44 http://www.ibm.com/timex#di http://ex.org/variable#73	1
http://ex.org/variable#44 http://www.ibm.com/timex#o http://ex.org/variable#74	1
http://ex.org/variable#44 http://www.ibm.com/timex#di http://ex.org/variable#75	1
http://ex.org/variable#44 http://www.ibm.com/timex#o http://ex.org/variable#76	1
http://ex.org/variable#44 http://www.ibm.com/timex#o http://ex.org/variable#77	1
http://ex.org/variable#44 http://www.ibm.com/timex#di http://ex.org/variable#78	1
http://ex.org/variable#44 http://www.ibm.com/timex#oi http://ex.org/variable#79	1
http://ex.org/variable#44 http://www.ibm.com/timex#d http://ex.org/variable#80	1
http://ex.org/variable#44 http://www.ibm.com/timex#oi http://ex.org/variable#81	1
http://ex.org/variable#44 http://www.ibm.com/timex#di http://ex.org/variable#82	1
http://ex.org/variable#44 http://www.ibm.com/timex#d http://ex.org/variable#83	1
http://ex.org/variable#44 http://www.ibm.com/timex#o http://ex.org/variable#84	1
http://ex.org/variable#44 http://www.ibm.com/timex#di http://ex.org/variable#85	1
http://ex.org/variable#44 http://www.ibm.com/timex#d http://ex.org/variable#86	1
http://ex.org/variable#44 http://www.ibm.com/timex#o http://ex.org/variable#87	1
http://ex.org/variable#44 http://www.ibm.com/timex#b http://ex.org/variable#88	1
http://ex.org/variable#44 http://www.ibm.com/timex#o http://ex.org/variable#89	1
http://ex.org/variable#44 http://www.ibm.com/timex#di http://ex.org/variable#90	1
http://ex.org/variable#44 http://www.ibm.com/timex#o http://ex.org/variable#91	1
http://ex.org/variable#44 http://www.ibm.com/timex#o http://ex.org/variable#92	1
http://ex.org/variable#44 http://www.ibm.com/timex#o http://ex.org/variable#93	1
http://ex.org/variable#44 http://www.ibm.com/timex#di http://ex.org/variable#94	1
http://ex.org/variable#44 http://www.ibm.com/timex#di http://ex.org/variable#95	1
http://ex.org/variable#44 http://www.ibm.com/timex#di http://ex.org/variable#96	1
http://ex.org/variable#44 http://www.ibm.com/timex#o http://ex.org/variable#97	1
http://ex.org/variable#44 http://www.ibm.com/timex#o http://ex.org/variable#98	1
http://ex.org/variable#44 http://www.ibm.com/timex#o http://ex.org/variable#99	1
http://ex.org/variable#44 http://www.ibm.com/timex#oi http://ex.org/variable#100	1
http://ex.org/variable#44 http://www.ibm.com/timex#o http://ex.org/variable#101	1
http://ex.org/variable#44 http://www.ibm.com/timex#di http://ex.org/variable#102	1
http://ex.org/variable#44 http://www.ibm.com/timex#si http://ex.org/variable#103	1
http://ex.org/variable#44 http://www.ibm.com/timex#b http://ex.org/variable#104	1
http://ex.org/variable#44 http://www.ibm.com/timex#o http://ex.org/variable#105	1
http://ex.org/variable#44 http://www.ibm.com/timex#d http://ex.org/variable#106	1
http://ex.org/variable#44 http://www.ibm.com/timex#di http://ex.org/variable#107	1
http://ex.org/variable#44 http://www.ibm.com/timex#di http://ex.org/variable#108	1
http://ex.org/variable#44 http://www.ibm.com/timex#di http://ex.org/variable#109	1
http://ex.org/variable#44 http://www.ibm.com/timex#d http://ex.org/variable#110	1
http://ex.org/variable#44 http://www.ibm.com/timex#di http://ex.org/variable#111	1
http://ex.org/variable#44 http://www.ibm.com/timex#oi http://ex.org/variable#112	1
http://ex.org/variable#44 http://www.ibm.com/timex#di http://ex.org/variable#113	1
http://ex.org/variable#44 http://www.ibm.com/timex#di http://ex.org/variable#114	1
http://ex.org/variable#44 http://www.ibm.com/timex#b http://ex.org/variable#115	1
http://ex.org/variable#44 http://www.ibm.com/timex#di http://ex.org/variable#116	1
http://ex.org/variable#44 http://www.ibm.com/timex#oi_di http://ex.org/variable#117	1
http://ex.org/variable#44 http://www.ibm.com/timex#di http://ex.org/variable#118	1
http://ex.org/variable#44 http://www.ibm.com/timex#d http://ex.org/variable#119	1
http://ex.org/variable#44 http://www.ibm.com/timex#di http://ex.org/variable#120	1
http://ex.org/variable#44 http://www.ibm.com/timex#b http://ex.org/variable#121	1
http://ex.org/variable#44 http://www.ibm.com/timex#oi http://ex.org/variable#122	1
http://ex.org/variable#44 http://www.ibm.com/timex#o http://ex.org/variable#123	1
http://ex.org/variable#44 http://www.ibm.com/timex#oi http://ex.org/variable#124	1
http://ex.org/variable#44 http://www.ibm.com/timex#oi http://ex.org/variable#125	1
http://ex.org/variable#44 http://www.ibm.com/timex#di http://ex.org/variable#126	1
http://ex.org/variable#44 http://www.ibm.com/timex#o http://ex.org/variable#127	1
http://ex.org/variable#44 http://www.ibm.com/timex#o http://ex.org/variable#128	1
http://ex.org/variable#44 http://www.ibm.com/timex#oi http://ex.org/variable#129	1
http://ex.org/variable#44 http://www.ibm.com/timex#di http://ex.org/variable#130	1
http://ex.org/variable#44 http://www.ibm.com/timex#o http://ex.org/variable#131	1
http://ex.org/variable#44 http://www.ibm.com/timex#d http://ex.org/variable#132	1
http://ex.org/variable#44 http://www.ibm.com/timex#o http://ex.org/variable#133	1
http://ex.org/variable#44 http://www.ibm.com/timex#oi http://ex.org/variable#134	1
http://ex.org/variable#44 http://www.ibm.com/timex#o http://ex.org/variable#135	1
http://ex.org/variable#44 http://www.ibm.com/timex#o http://ex.org/variable#136	1
http://ex.org/variable#44 http://www.ibm.com/timex#di http://ex.org/variable#137	1
http://ex.org/variable#44 http://www.ibm.com/timex#o http://ex.org/variable#138	1
http://ex.org/variable#44 http://www.ibm.com/timex#di http://ex.org/variable#139	1
http://ex.org/variable#44 http://www.ibm.com/timex#di http://ex.org/variable#140	1
http://ex.org/variable#44 http://www.ibm.com/timex#d http://ex.org/variable#141	1
http://ex.org/variable#44 http://www.ibm.com/timex#di http://ex.org/variable#142	1
http://ex.org/variable#44 http://www.ibm.com/timex#o http://ex.org/variable#143	1
http://ex.org/variable#44 http://www.ibm.com/timex#o http://ex.org/variable#144	1
http://ex.org/variable#44 http://www.ibm.com/timex#o http://ex.org/variable#145	1
http://ex.org/variable#44 http://www.ibm.com/timex#o http://ex.org/variable#146	1
http://ex.org/variable#44 http://www.ibm.com/timex#di http://ex.org/variable#147	1
http://ex.org/variable#44 http://www.ibm.com/timex#di http://ex.org/variable#148	1
http://ex.org/variable#44 http://www.ibm.com/timex#oi http://ex.org/variable#149	1
http://ex.org/variable#44 http://www.ibm.com/timex#o http://ex.org/variable#150	1
http://ex.org/variable#44 http://www.ibm.com/timex#o http://ex.org/variable#151	1
http://ex.org/variable#44 http://www.ibm.com/timex#oi_di http://ex.org/variable#152	1
http://ex.org/variable#44 http://www.ibm.com/timex#o http://ex.org/variable#153	1
http://ex.org/variable#44 http://www.ibm.com/timex#di http://ex.org/variable#154	1
http://ex.org/variable#44 http://www.ibm.com/timex#oi http://ex.org/variable#155	1
http://ex.org/variable#44 http://www.ibm.com/timex#o http://ex.org/variable#156	1
http://ex.org/variable#44 http://www.ibm.com/timex#di http://ex.org/variable#157	1
http://ex.org/variable#44 http://www.ibm.com/timex#di http://ex.org/variable#158	1
http://ex.org/variable#44 http://www.ibm.com/timex#o http://ex.org/variable#159	1
http://ex.org/variable#44 http://www.ibm.com/timex#o http://ex.org/variable#160	1
http://ex.org/variable#44 http://www.ibm.com/timex#di http://ex.org/variable#161	1
http://ex.org/variable#44 http://www.ibm.com/timex#di http://ex.org/variable#162	1
http://ex.org/variable#44 http://www.ibm.com/timex#o http://ex.org/variable#163	1
http://ex.org/variable#44 http://www.ibm.com/timex#o http://ex.org/variable#164	1
http://ex.org/variable#44 http://www.ibm.com/timex#di http://ex.org/variable#165	1
http://ex.org/variable#44 http://www.ibm.com/timex#oi http://ex.org/variable#166	1
http://ex.org/variable#44 http://www.ibm.com/timex#oi http://ex.org/variable#167	1
http://ex.org/variable#44 http://www.ibm.com/timex#o http://ex.org/variable#168	1
http://ex.org/variable#44 http://www.ibm.com/timex#d http://ex.org/variable#169	1
http://ex.org/variable#44 http://www.ibm.com/timex#o http://ex.org/variable#170	1
http://ex.org/variable#44 http://www.ibm.com/timex#oi http://ex.org/variable#171	1
http://ex.org/variable#44 http://www.ibm.com/timex#oi http://ex.org/variable#172	1
http://ex.org/variable#44 http://www.ibm.com/timex#di http://ex.org/variable#173	1
http://ex.org/variable#44 http://www.ibm.com/timex#o http://ex.org/variable#174	1
http://ex.org/variable#44 http://www.ibm.com/timex#oi http://ex.org/variable#175	1
http://ex.org/variable#44 http://www.ibm.com/timex#o http://ex.org/variable#176	1
http://ex.org/variable#44 http://www.ibm.com/timex#di http://ex.org/variable#177	1
http://ex.org/variable#44 http://www.ibm.com/timex#o http://ex.org/variable#178	1
http://ex.org/variable#44 http://www.ibm.com/timex#o http://ex.org/variable#179	1
http://ex.org/variable#44 http://www.ibm.com/timex#di http://ex.org/variable#180	1
http://ex.org/variable#44 http://www.ibm.com/timex#oi http://ex.org/variable#181	1
http://ex.org/variable#44 http://www.ibm.com/timex#di http://ex.org/variable#182	1
http://ex.org/variable#44 http://www.ibm.com/timex#o http://ex.org/variable#183	1
http://ex.org/variable#44 http://www.ibm.com/timex#di http://ex.org/variable#184	1
http://ex.org/variable#44 http://www.ibm.com/timex#di http://ex.org/variable#185	1
http://ex.org/variable#44 http://www.ibm.com/timex#o http://ex.org/variable#186	1
http://ex.org/variable#44 http://www.ibm.com/timex#f http://ex.org/variable#187	1
http://ex.org/variable#44 http://www.ibm.com/timex#di http://ex.org/variable#188	1
http://ex.org/variable#44 http://www.ibm.com/timex#di http://ex.org/variable#189	1
http://ex.org/variable#45 http://www.ibm.com/timex#oi http://ex.org/variable#0	1
http://ex.org/variable#45 http://www.ibm.com/timex#di http://ex.org/variable#1	1
http://ex.org/variable#45 http://www.ibm.com/timex#oi http://ex.org/variable#2	1
http://ex.org/variable#45 http://www.ibm.com/timex#di http://ex.org/variable#3	1
http://ex.org/variable#45 http://www.ibm.com/timex#oi http://ex.org/variable#4	1
http://ex.org/variable#45 http://www.ibm.com/timex#oi http://ex.org/variable#5	1
http://ex.org/variable#45 http://www.ibm.com/timex#di http://ex.org/variable#6	1
http://ex.org/variable#45 http://www.ibm.com/timex#oi http://ex.org/variable#7	1
http://ex.org/variable#45 http://www.ibm.com/timex#bi http://ex.org/variable#8	1
http://ex.org/variable#45 http://www.ibm.com/timex#o http://ex.org/variable#9	1
http://ex.org/variable#45 http://www.ibm.com/timex#oi http://ex.org/variable#10	1
http://ex.org/variable#45 http://www.ibm.com/timex#oi http://ex.org/variable#11	1
http://ex.org/variable#45 http://www.ibm.com/timex#oi http://ex.org/variable#12	1
http://ex.org/variable#45 http://www.ibm.com/timex#oi http://ex.org/variable#13	1
http://ex.org/variable#45 http://www.ibm.com/timex#di http://ex.org/variable#14	1
http://ex.org/variable#45 http://www.ibm.com/timex#oi http://ex.org/variable#15	1
http://ex.org/variable#45 http://www.ibm.com/timex#oi http://ex.org/variable#16	1
http://ex.org/variable#45 http://www.ibm.com/timex#di http://ex.org/variable#17	1
http://ex.org/variable#45 http://www.ibm.com/timex#oi http://ex.org/variable#18	1
http://ex.org/variable#45 http://www.ibm.com/timex#oi http://ex.org/variable#19	1
http://ex.org/variable#45 http://www.ibm.com/timex#oi_d http://ex.org/variable#20	1
http://ex.org/variable#45 http://www.ibm.com/timex#di http://ex.org/variable#21	1
http://ex.org/variable#45 http://www.ibm.com/timex#oi http://ex.org/variable#22	1
http://ex.org/variable#45 http://www.ibm.com/timex#oi http://ex.org/variable#23	1
http://ex.org/variable#45 http://www.ibm.com/timex#oi http://ex.org/variable#24	1
http://ex.org/variable#45 http://www.ibm.com/timex#bi http://ex.org/variable#25	1
http://ex.org/variable#45 http://www.ibm.com/timex#di http://ex.org/variable#26	1
http://ex.org/variable#45 http://www.ibm.com/timex#oi http://ex.org/variable#27	1
http://ex.org/variable#45 http://www.ibm.com/timex#di http://ex.org/variable#28	1
http://ex.org/variable#45 http://www.ibm.com/timex#oi http://ex.org/variable#29	1
http://ex.org/variable#45 http://www.ibm.com/timex#di http://ex.org/variable#30	1
http://ex.org/variable#45 http://www.ibm.com/timex#oi http://ex.org/variable#31	1
http://ex.org/variable#45 http://www.ibm.com/timex#mi_oi http://ex.org/variable#32	1
http://ex.org/variable#45 http://www.ibm.com/timex#o_di_fi http://ex.org/variable#33	1
http://ex.org/variable#45 http://www.ibm.com/timex#oi http://ex.org/variable#34	1
http://ex.org/variable#45 http://www.ibm.com/timex#oi_di http://ex.org/variable#35	1
http://ex.org/variable#45 http://www.ibm.com/timex#oi http://ex.org/variable#36	1
http://ex.org/variable#45 http://www.ibm.com/timex#bi_mi_oi http://ex.org/variable#37	1
http://ex.org/variable#45 http://www.ibm.com/timex#oi http://ex.org/variable#38	1
http://ex.org/variable#45 http://www.ibm.com/timex#di http://ex.org/variable#39	1
http://ex.org/variable#45 http://www.ibm.com/timex#oi http://ex.org/variable#40	1
http://ex.org/variable#45 http://www.ibm.com/timex#oi http://ex.org/variable#41	1
http://ex.org/variable#45 http://www.ibm.com/timex#oi http://ex.org/variable#42	1
http://ex.org/variable#45 http://www.ibm.com/timex#oi http://ex.org/variable#43	1
http://ex.org/variable#45 http://www.ibm.com/timex#oi http://ex.org/variable#44	1
http://ex.org/variable#45 http://www.ibm.com/timex#oi http://ex.org/variable#46	1
http://ex.org/variable#45 http://www.ibm.com/timex#oi http://ex.org/variable#47	1
http://ex.org/variable#45 http://www.ibm.com/timex#di http://ex.org/variable#48	1
http://ex.org/variable#45 http://www.ibm.com/timex#oi http://ex.org/variable#49	1
http://ex.org/variable#45 http://www.ibm.com/timex#oi http://ex.org/variable#50	1
http://ex.org/variable#45 http://www.ibm.com/timex#di http://ex.org/variable#51	1
http://ex.org/variable#45 http://www.ibm.com/timex#oi http://ex.org/variable#52	1
http://ex.org/variable#45 http://www.ibm.com/timex#oi http://ex.org/variable#53	1
http://ex.org/variable#45 http://www.ibm.com/timex#oi http://ex.org/variable#54	1
http://ex.org/variable#45 http://www.ibm.com/timex#oi http://ex.org/variable#55	1
http://ex.org/variable#45 http://www.ibm.com/timex#oi http://ex.org/variable#56	1
http://ex.org/variable#45 http://www.ibm.com/timex#oi http://ex.org/variable#57	1
http://ex.org/variable#45 http://www.ibm.com/timex#oi http://ex.org/variable#58	1
http://ex.org/variable#45 http://www.ibm.com/timex#d http://ex.org/variable#59	1
http://ex.org/variable#45 http://www.ibm.com/timex#oi http://ex.org/variable#60	1
http://ex.org/variable#45 http://www.ibm.com/timex#oi http://ex.org/variable#61	1
http://ex.org/variable#45 http://www.ibm.com/timex#oi http://ex.org/variable#62	1
http://ex.org/variable#45 http://www.ibm.com/timex#oi http://ex.org/variable#63	1
http://ex.org/variable#45 http://www.ibm.com/timex#oi http://ex.org/variable#64	1
http://ex.org/variable#45 http://www.ibm.com/timex#bi http://ex.org/variable#65	1
http://ex.org/variable#45 http://www.ibm.com/timex#mi_oi http://ex.org/variable#66	1
http://ex.org/variable#45 http://www.ibm.com/timex#oi http://ex.org/variable#67	1
http://ex.org/variable#45 http://www.ibm.com/timex#oi http://ex.org/variable#68	1
http://ex.org/variable#45 http://www.ibm.com/timex#oi http://ex.org/variable#69	1
http://ex.org/variable#45 http://www.ibm.com/timex#oi_d_f http://ex.org/variable#70	1
http://ex.org/variable#45 http://www.ibm.com/timex#oi http://ex.org/variable#71	1
http://ex.org/variable#45 http://www.ibm.com/timex#oi http://ex.org/variable#72	1
http://ex.org/variable#45 http://www.ibm.com/timex#oi http://ex.org/variable#73	1
http://ex.org/variable#45 http://www.ibm.com/timex#oi http://ex.org/variable#74	1
http://ex.org/variable#45 http://www.ibm.com/timex#oi http://ex.org/variable#75	1
http://ex.org/variable#45 http://www.ibm.com/timex#oi http://ex.org/variable#76	1
http://ex.org/variable#45 http://www.ibm.com/timex#oi_d_f http://ex.org/variable#77	1
http://ex.org/variable#45 http://www.ibm.com/timex#oi http://ex.org/variable#78	1
http://ex.org/variable#45 http://www.ibm.com/timex#oi http://ex.org/variable#79	1
http://ex.org/variable#45 http://www.ibm.com/timex#oi http://ex.org/variable#80	1
http://ex.org/variable#45 http://www.ibm.com/timex#oi http://ex.org/variable#81	1
http://ex.org/variable#45 http://www.ibm.com/timex#oi http://ex.org/variable#82	1
http://ex.org/variable#45 http://www.ibm.com/timex#oi http://ex.org/variable#83	1
http://ex.org/variable#45 http://www.ibm.com/timex#di http://ex.org/variable#84	1
http://ex.org/variable#45 http://www.ibm.com/timex#di http://ex.org/variable#85	1
http://ex.org/variable#45 http://www.ibm.com/timex#oi http://ex.org/variable#86	1
http://ex.org/variable#45 http://www.ibm.com/timex#di http://ex.org/variable#87	1
http://ex.org/variable#45 http://www.ibm.com/timex#di http://ex.org/variable#88	1
http://ex.org/variable#45 http://www.ibm.com/timex#oi http://ex.org/variable#89	1
http://ex.org/variable#45 http://www.ibm.com/timex#oi http://ex.org/variable#90	1
http://ex.org/variable#45 http://www.ibm.com/timex#oi http://ex.org/variable#91	1
http://ex.org/variable#45 http://www.ibm.com/timex#o_di_fi http://ex.org/variable#92	1
http://ex.org/variable#45 http://www.ibm.com/timex#oi http://ex.org/variable#93	1
http://ex.org/variable#45 http://www.ibm.com/timex#oi http://ex.org/variable#94	1
http://ex.org/variable#45 http://www.ibm.com/timex#di http://ex.org/variable#95	1
http://ex.org/variable#45 http://www.ibm.com/timex#bi http://ex.org/variable#96	1
http://ex.org/variable#45 http://www.ibm.com/timex#oi http://ex.org/variable#97	1
http://ex.org/variable#45 http://www.ibm.com/timex#di http://ex.org/variable#98	1
http://ex.org/variable#45 http://www.ibm.com/timex#di http://ex.org/variable#99	1
http://ex.org/variable#45 http://www.ibm.com/timex#bi http://ex.org/variable#100	1
http://ex.org/variable#45 http://www.ibm.com/timex#oi http://ex.org/variable#101	1
http://ex.org/variable#45 http://www.ibm.com/timex#di http://ex.org/variable#102	1
http://ex.org/variable#45 http://www.ibm.com/timex#oi http://ex.org/variable#103	1
http://ex.org/variable#45 http://www.ibm.com/timex#di http://ex.org/variable#104	1
http://ex.org/variable#45 http://www.ibm.com/timex#oi http://ex.org/variable#105	1
http://ex.org/variable#45 http://www.ibm.com/timex#oi http://ex.org/variable#106	1
http://ex.org/variable#45 http://www.ibm.com/timex#oi http://ex.org/variable#107	1
http://ex.org/variable#45 http://www.ibm.com/timex#oi_di_si http://ex.org/variable#108	1
http://ex.org/variable#45 http://www.ibm.com/timex#di http://ex.org/variable#109	1
http://ex.org/variable#45 http://www.ibm.com/timex#oi http://ex.org/variable#110	1
http://ex.org/variable#45 http://www.ibm.com/timex#oi http://ex.org/variable#111	1
http://ex.org/variable#45 http://www.ibm.com/timex#oi http://ex.org/variable#112	1
http://ex.org/variable#45 http://www.ibm.com/timex#di http://ex.org/variable#113	1
http://ex.org/variable#45 http://www.ibm.com/timex#oi http://ex.org/variable#114	1
http://ex.org/variable#45 http://www.ibm.com/timex#di http://ex.org/variable#115	1
http://ex.org/variable#45 http://www.ibm.com/timex#di http://ex.org/variable#116	1
http://ex.org/variable#45 http://www.ibm.com/timex#oi http://ex.org/variable#117	1
http://ex.org/variable#45 http://www.ibm.com/timex#oi http://ex.org/variable#118	1
http://ex.org/variable#45 http://www.ibm.com/timex#oi http://ex.org/variable#119	1
http://ex.org/variable#45 http://www.ibm.com/timex#oi http://ex.org/variable#120	1
http://ex.org/variable#45 http://www.ibm.com/timex#di http://ex.org/variable#121	1
http://ex.org/variable#45 http://www.ibm.com/timex#oi http://ex.org/variable#122	1
http://ex.org/variable#45 http://www.ibm.com/timex#oi http://ex.org/variable#123	1
http://ex.org/variable#45 http://www.ibm.com/timex#oi http://ex.org/variable#124	1
http://ex.org/variable#45 http://www.ibm.com/timex#oi http://ex.org/variable#125	1
http://ex.org/variable#45 http://www.ibm.com/timex#di http://ex.org/variable#126	1
http://ex.org/variable#45 http://www.ibm.com/timex#di http://ex.org/variable#127	1
http://ex.org/variable#45 http://www.ibm.com/timex#oi http://ex.org/variable#128	1
http://ex.org/variable#45 http://www.ibm.com/timex#oi http://ex.org/variable#129	1
http://ex.org/variable#45 http://www.ibm.com/timex#oi http://ex.org/variable#130	1
http://ex.org/variable#45 http://www.ibm.com/timex#di http://ex.org/variable#131	1
http://ex.org/variable#45 http://www.ibm.com/timex#oi http://ex.org/variable#132	1
http://ex.org/variable#45 http://www.ibm.com/timex#o_d http://ex.org/variable#133	1
http://ex.org/variable#45 http://www.ibm.com/timex#oi http://ex.org/variable#134	1
http://ex.org/variable#45 http://www.ibm.com/timex#oi http://ex.org/variable#135	1
http://ex.org/variable#45 http://www.ibm.com/timex#oi http://ex.org/variable#136	1
http://ex.org/variable#45 http://www.ibm.com/timex#oi_si http://ex.org/variable#137	1
http://ex.org/variable#45 http://www.ibm.com/timex#di http://ex.org/variable#138	1
http://ex.org/variable#45 http://www.ibm.com/timex#oi http://ex.org/variable#139	1
http://ex.org/variable#45 http://www.ibm.com/timex#oi http://ex.org/variable#140	1
http://ex.org/variable#45 http://www.ibm.com/timex#oi http://ex.org/variable#141	1
http://ex.org/variable#45 http://www.ibm.com/timex#oi http://ex.org/variable#142	1
http://ex.org/variable#45 http://www.ibm.com/timex#oi http://ex.org/variable#143	1
http://ex.org/variable#45 http://www.ibm.com/timex#oi http://ex.org/variable#144	1
http://ex.org/variable#45 http://www.ibm.com/timex#di http://ex.org/variable#145	1
http://ex.org/variable#45 http://www.ibm.com/timex#oi http://ex.org/variable#146	1
http://ex.org/variable#45 http://www.ibm.com/timex#oi http://ex.org/variable#147	1
http://ex.org/variable#45 http://www.ibm.com/timex#oi http://ex.org/variable#148	1
http://ex.org/variable#45 http://www.ibm.com/timex#bi_mi_oi http://ex.org/variable#149	1
http://ex.org/variable#45 http://www.ibm.com/timex#di http://ex.org/variable#150	1
http://ex.org/variable#45 http://www.ibm.com/timex#oi http://ex.org/variable#151	1
http://ex.org/variable#45 http://www.ibm.com/timex#bi http://ex.org/variable#152	1
http://ex.org/variable#45 http://www.ibm.com/timex#oi http://ex.org/variable#153	1
http://ex.org/variable#45 http://www.ibm.com/timex#oi_di_si http://ex.org/variable#154	1
http://ex.org/variable#45 http://www.ibm.com/timex#oi http://ex.org/variable#155	1
http://ex.org/variable#45 http://www.ibm.com/timex#oi http://ex.org/variable#156	1
http://ex.org/variable#45 http://www.ibm.com/timex#bi http://ex.org/variable#157	1
http://ex.org/variable#45 http://www.ibm.com/timex#oi http://ex.org/variable#158	1
http://ex.org/variable#45 http://www.ibm.com/timex#oi_di_si http://ex.org/variable#159	1
http://ex.org/variable#45 http://www.ibm.com/timex#oi http://ex.org/variable#160	1
http://ex.org/variable#45 http://www.ibm.com/timex#oi_si http://ex.org/variable#161	1
http://ex.org/variable#45 http://www.ibm.com/timex#oi http://ex.org/variable#162	1
http://ex.org/variable#45 http://www.ibm.com/timex#di http://ex.org/variable#163	1
http://ex.org/variable#45 http://www.ibm.com/timex#oi_di http://ex.org/variable#164	1
http://ex.org/variable#45 http://www.ibm.com/timex#oi http://ex.org/variable#165	1
http://ex.org/variable#45 http://www.ibm.com/timex#oi http://ex.org/variable#166	1
http://ex.org/variable#45 http://www.ibm.com/timex#oi http://ex.org/variable#167	1
http://ex.org/variable#45 http://www.ibm.com/timex#di http://ex.org/variable#168	1
http://ex.org/variable#45 http://www.ibm.com/timex#oi http://ex.org/variable#169	1
http://ex.org/variable#45 http://www.ibm.com/timex#di http://ex.org/variable#170	1
http://ex.org/variable#45 http://www.ibm.com/timex#oi http://ex.org/variable#171	1
http://ex.org/variable#45 http://www.ibm.com/timex#bi http://ex.org/variable#172	1
http://ex.org/variable#45 http://www.ibm.com/timex#di http://ex.org/variable#173	1
http://ex.org/variable#45 http://www.ibm.com/timex#di http://ex.org/variable#174	1
http://ex.org/variable#45 http://www.ibm.com/timex#oi http://ex.org/variable#175	1
http://ex.org/variable#45 http://www.ibm.com/timex#oi_di_si http://ex.org/variable#176	1
http://ex.org/variable#45 http://www.ibm.com/timex#oi http://ex.org/variable#177	1
http://ex.org/variable#45 http://www.ibm.com/timex#oi_d_f http://ex.org/variable#178	1
http://ex.org/variable#45 http://www.ibm.com/timex#oi_di_si http://ex.org/variable#179	1
http://ex.org/variable#45 http://www.ibm.com/timex#bi http://ex.org/variable#180	1
http://ex.org/variable#45 http://www.ibm.com/timex#bi http://ex.org/variable#181	1
http://ex.org/variable#45 http://www.ibm.com/timex#di http://ex.org/variable#182	1
http://ex.org/variable#45 http://www.ibm.com/timex#di http://ex.org/variable#183	1
http://ex.org/variable#45 http://www.ibm.com/timex#oi http://ex.org/variable#184	1
http://ex.org/variable#45 http://www.ibm.com/timex#oi http://ex.org/variable#185	1
http://ex.org/variable#45 http://www.ibm.com/timex#di http://ex.org/variable#186	1
http://ex.org/variable#45 http://www.ibm.com/timex#oi http://ex.org/variable#187	1
http://ex.org/variable#45 http://www.ibm.com/timex#di http://ex.org/variable#188	1
http://ex.org/variable#45 http://www.ibm.com/timex#oi_di_si http://ex.org/variable#189	1
http://ex.org/variable#46 http://www.ibm.com/timex#o http://ex.org/variable#0	1
http://ex.org/variable#46 http://www.ibm.com/timex#b http://ex.org/variable#1	1
http://ex.org/variable#46 http://www.ibm.com/timex#o http://ex.org/variable#2	1
http://ex.org/variable#46 http://www.ibm.com/timex#o http://ex.org/variable#3	1
http://ex.org/variable#46 http://www.ibm.com/timex#o http://ex.org/variable#4	1
http://ex.org/variable#46 http://www.ibm.com/timex#di http://ex.org/variable#5	1
http://ex.org/variable#46 http://www.ibm.com/timex#o http://ex.org/variable#6	1
http://ex.org/variable#46 http://www.ibm.com/timex#o http://ex.org/variable#7	1
http://ex.org/variable#46 http://www.ibm.com/timex#di http://ex.org/variable#8	1
http://ex.org/variable#46 http://www.ibm.com/timex#o http://ex.org/variable#9	1
http://ex.org/variable#46 http://www.ibm.com/timex#o http://ex.org/variable#10	1
http://ex.org/variable#46 http://www.ibm.com/timex#o http://ex.org/variable#11	1
http://ex.org/variable#46 http://www.ibm.com/timex#d http://ex.org/variable#12	1
http://ex.org/variable#46 http://www.ibm.com/timex#di http://ex.org/variable#13	1
http://ex.org/variable#46 http://www.ibm.com/timex#o http://ex.org/variable#14	1
http://ex.org/variable#46 http://www.ibm.com/timex#o http://ex.org/variable#15	1
http://ex.org/variable#46 http://www.ibm.com/timex#o http://ex.org/variable#16	1
http://ex.org/variable#46 http://www.ibm.com/timex#b http://ex.org/variable#17	1
http://ex.org/variable#46 http://www.ibm.com/timex#o http://ex.org/variable#18	1
http://ex.org/variable#46 http://www.ibm.com/timex#di http://ex.org/variable#19	1
http://ex.org/variable#46 http://www.ibm.com/timex#o http://ex.org/variable#20	1
http://ex.org/variable#46 http://www.ibm.com/timex#b http://ex.org/variable#21	1
http://ex.org/variable#46 http://www.ibm.com/timex#o http://ex.org/variable#22	1
http://ex.org/variable#46 http://www.ibm.com/timex#di http://ex.org/variable#23	1
http://ex.org/variable#46 http://www.ibm.com/timex#o http://ex.org/variable#24	1
http://ex.org/variable#46 http://www.ibm.com/timex#di http://ex.org/variable#25	1
http://ex.org/variable#46 http://www.ibm.com/timex#b http://ex.org/variable#26	1
http://ex.org/variable#46 http://www.ibm.com/timex#oi http://ex.org/variable#27	1
http://ex.org/variable#46 http://www.ibm.com/timex#o http://ex.org/variable#28	1
http://ex.org/variable#46 http://www.ibm.com/timex#o http://ex.org/variable#29	1
http://ex.org/variable#46 http://www.ibm.com/timex#di http://ex.org/variable#30	1
http://ex.org/variable#46 http://www.ibm.com/timex#oi http://ex.org/variable#31	1
http://ex.org/variable#46 http://www.ibm.com/timex#di http://ex.org/variable#32	1
http://ex.org/variable#46 http://www.ibm.com/timex#b http://ex.org/variable#33	1
http://ex.org/variable#46 http://www.ibm.com/timex#o http://ex.org/variable#34	1
http://ex.org/variable#46 http://www.ibm.com/timex#di http://ex.org/variable#35	1
http://ex.org/variable#46 http://www.ibm.com/timex#di http://ex.org/variable#36	1
http://ex.org/variable#46 http://www.ibm.com/timex#di http://ex.org/variable#37	1
http://ex.org/variable#46 http://www.ibm.com/timex#o http://ex.org/variable#38	1
http://ex.org/variable#46 http://www.ibm.com/timex#b http://ex.org/variable#39	1
http://ex.org/variable#46 http://www.ibm.com/timex#o http://ex.org/variable#40	1
http://ex.org/variable#46 http://www.ibm.com/timex#o http://ex.org/variable#41	1
http://ex.org/variable#46 http://www.ibm.com/timex#o http://ex.org/variable#42	1
http://ex.org/variable#46 http://www.ibm.com/timex#o http://ex.org/variable#43	1
http://ex.org/variable#46 http://www.ibm.com/timex#o http://ex.org/variable#44	1
http://ex.org/variable#46 http://www.ibm.com/timex#o http://ex.org/variable#45	1
http://ex.org/variable#46 http://www.ibm.com/timex#d http://ex.org/variable#47	1
http://ex.org/variable#46 http://www.ibm.com/timex#b http://ex.org/variable#48	1
http://ex.org/variable#46 http://www.ibm.com/timex#di http://ex.org/variable#49	1
http://ex.org/variable#46 http://www.ibm.com/timex#o http://ex.org/variable#50	1
http://ex.org/variable#46 http://www.ibm.com/timex#b http://ex.org/variable#51	1
http://ex.org/variable#46 http://www.ibm.com/timex#o http://ex.org/variable#52	1
http://ex.org/variable#46 http://www.ibm.com/timex#o http://ex.org/variable#53	1
http://ex.org/variable#46 http://www.ibm.com/timex#o http://ex.org/variable#54	1
http://ex.org/variable#46 http://www.ibm.com/timex#o http://ex.org/variable#55	1
http://ex.org/variable#46 http://www.ibm.com/timex#di http://ex.org/variable#56	1
http://ex.org/variable#46 http://www.ibm.com/timex#eq http://ex.org/variable#57	1
http://ex.org/variable#46 http://www.ibm.com/timex#o http://ex.org/variable#58	1
http://ex.org/variable#46 http://www.ibm.com/timex#o http://ex.org/variable#59	1
http://ex.org/variable#46 http://www.ibm.com/timex#o http://ex.org/variable#60	1
http://ex.org/variable#46 http://www.ibm.com/timex#o http://ex.org/variable#61	1
http://ex.org/variable#46 http://www.ibm.com/timex#o http://ex.org/variable#62	1
http://ex.org/variable#46 http://www.ibm.com/timex#o http://ex.org/variable#63	1
http://ex.org/variable#46 http://www.ibm.com/timex#o http://ex.org/variable#64	1
http://ex.org/variable#46 http://www.ibm.com/timex#di http://ex.org/variable#65	1
http://ex.org/variable#46 http://www.ibm.com/timex#oi http://ex.org/variable#66	1
http://ex.org/variable#46 http://www.ibm.com/timex#o http://ex.org/variable#67	1
http://ex.org/variable#46 http://www.ibm.com/timex#o http://ex.org/variable#68	1
http://ex.org/variable#46 http://www.ibm.com/timex#o http://ex.org/variable#69	1
http://ex.org/variable#46 http://www.ibm.com/timex#o http://ex.org/variable#70	1
http://ex.org/variable#46 http://www.ibm.com/timex#o_fi http://ex.org/variable#71	1
http://ex.org/variable#46 http://www.ibm.com/timex#o http://ex.org/variable#72	1
http://ex.org/variable#46 http://www.ibm.com/timex#o http://ex.org/variable#73	1
http://ex.org/variable#46 http://www.ibm.com/timex#o http://ex.org/variable#74	1
http://ex.org/variable#46 http://www.ibm.com/timex#o http://ex.org/variable#75	1
http://ex.org/variable#46 http://www.ibm.com/timex#o http://ex.org/variable#76	1
http://ex.org/variable#46 http://www.ibm.com/timex#o http://ex.org/variable#77	1
http://ex.org/variable#46 http://www.ibm.com/timex#o http://ex.org/variable#78	1
http://ex.org/variable#46 http://www.ibm.com/timex#oi http://ex.org/variable#79	1
http://ex.org/variable#46 http://www.ibm.com/timex#o http://ex.org/variable#80	1
http://ex.org/variable#46 http://www.ibm.com/timex#f http://ex.org/variable#81	1
http://ex.org/variable#46 http://www.ibm.com/timex#di http://ex.org/variable#82	1
http://ex.org/variable#46 http://www.ibm.com/timex#o http://ex.org/variable#83	1
http://ex.org/variable#46 http://www.ibm.com/timex#o http://ex.org/variable#84	1
http://ex.org/variable#46 http://www.ibm.com/timex#b http://ex.org/variable#85	1
http://ex.org/variable#46 http://www.ibm.com/timex#o http://ex.org/variable#86	1
http://ex.org/variable#46 http://www.ibm.com/timex#o http://ex.org/variable#87	1
http://ex.org/variable#46 http://www.ibm.com/timex#b http://ex.org/variable#88	1
http://ex.org/variable#46 http://www.ibm.com/timex#o http://ex.org/variable#89	1
http://ex.org/variable#46 http://www.ibm.com/timex#o http://ex.org/variable#90	1
http://ex.org/variable#46 http://www.ibm.com/timex#o http://ex.org/variable#91	1
http://ex.org/variable#46 http://www.ibm.com/timex#o http://ex.org/variable#92	1
http://ex.org/variable#46 http://www.ibm.com/timex#o http://ex.org/variable#93	1
http://ex.org/variable#46 http://www.ibm.com/timex#o http://ex.org/variable#94	1
http://ex.org/variable#46 http://www.ibm.com/timex#di http://ex.org/variable#95	1
http://ex.org/variable#46 http://www.ibm.com/timex#di http://ex.org/variable#96	1
http://ex.org/variable#46 http://www.ibm.com/timex#o http://ex.org/variable#97	1
http://ex.org/variable#46 http://www.ibm.com/timex#b http://ex.org/variable#98	1
http://ex.org/variable#46 http://www.ibm.com/timex#b http://ex.org/variable#99	1
http://ex.org/variable#46 http://www.ibm.com/timex#di http://ex.org/variable#100	1
http://ex.org/variable#46 http://www.ibm.com/timex#o http://ex.org/variable#101	1
http://ex.org/variable#46 http://www.ibm.com/timex#o http://ex.org/variable#102	1
http://ex.org/variable#46 http://www.ibm.com/timex#o http://ex.org/variable#103	1
http://ex.org/variable#46 http://www.ibm.com/timex#b http://ex.org/variable#104	1
http://ex.org/variable#46 http://www.ibm.com/timex#o http://ex.org/variable#105	1
http://ex.org/variable#46 http://www.ibm.com/timex#o http://ex.org/variable#106	1
http://ex.org/variable#46 http://www.ibm.com/timex#o http://ex.org/variable#107	1
http://ex.org/variable#46 http://www.ibm.com/timex#di http://ex.org/variable#108	1
http://ex.org/variable#46 http://www.ibm.com/timex#o http://ex.org/variable#109	1
http://ex.org/variable#46 http://www.ibm.com/timex#o http://ex.org/variable#110	1
http://ex.org/variable#46 http://www.ibm.com/timex#o http://ex.org/variable#111	1
http://ex.org/variable#46 http://www.ibm.com/timex#o http://ex.org/variable#112	1
http://ex.org/variable#46 http://www.ibm.com/timex#di http://ex.org/variable#113	1
http://ex.org/variable#46 http://www.ibm.com/timex#o http://ex.org/variable#114	1
http://ex.org/variable#46 http://www.ibm.com/timex#b http://ex.org/variable#115	1
http://ex.org/variable#46 http://www.ibm.com/timex#o http://ex.org/variable#116	1
http://ex.org/variable#46 http://www.ibm.com/timex#di http://ex.org/variable#117	1
http://ex.org/variable#46 http://www.ibm.com/timex#di http://ex.org/variable#118	1
http://ex.org/variable#46 http://www.ibm.com/timex#d http://ex.org/variable#119	1
http://ex.org/variable#46 http://www.ibm.com/timex#di http://ex.org/variable#120	1
http://ex.org/variable#46 http://www.ibm.com/timex#b http://ex.org/variable#121	1
http://ex.org/variable#46 http://www.ibm.com/timex#o http://ex.org/variable#122	1
http://ex.org/variable#46 http://www.ibm.com/timex#o http://ex.org/variable#123	1
http://ex.org/variable#46 http://www.ibm.com/timex#oi http://ex.org/variable#124	1
http://ex.org/variable#46 http://www.ibm.com/timex#oi_di_si http://ex.org/variable#125	1
http://ex.org/variable#46 http://www.ibm.com/timex#o http://ex.org/variable#126	1
http://ex.org/variable#46 http://www.ibm.com/timex#b http://ex.org/variable#127	1
http://ex.org/variable#46 http://www.ibm.com/timex#o http://ex.org/variable#128	1
http://ex.org/variable#46 http://www.ibm.com/timex#oi http://ex.org/variable#129	1
http://ex.org/variable#46 http://www.ibm.com/timex#di http://ex.org/variable#130	1
http://ex.org/variable#46 http://www.ibm.com/timex#b http://ex.org/variable#131	1
http://ex.org/variable#46 http://www.ibm.com/timex#o http://ex.org/variable#132	1
http://ex.org/variable#46 http://www.ibm.com/timex#o http://ex.org/variable#133	1
http://ex.org/variable#46 http://www.ibm.com/timex#di http://ex.org/variable#134	1
http://ex.org/variable#46 http://www.ibm.com/timex#o http://ex.org/variable#135	1
http://ex.org/variable#46 http://www.ibm.com/timex#o http://ex.org/variable#136	1
http://ex.org/variable#46 http://www.ibm.com/timex#di http://ex.org/variable#137	1
http://ex.org/variable#46 http://www.ibm.com/timex#b http://ex.org/variable#138	1
http://ex.org/variable#46 http://www.ibm.com/timex#di http://ex.org/variable#139	1
http://ex.org/variable#46 http://www.ibm.com/timex#di http://ex.org/variable#140	1
http://ex.org/variable#46 http://www.ibm.com/timex#o http://ex.org/variable#141	1
http://ex.org/variable#46 http://www.ibm.com/timex#di http://ex.org/variable#142	1
http://ex.org/variable#46 http://www.ibm.com/timex#o http://ex.org/variable#143	1
http://ex.org/variable#46 http://www.ibm.com/timex#o http://ex.org/variable#144	1
http://ex.org/variable#46 http://www.ibm.com/timex#b http://ex.org/variable#145	1
http://ex.org/variable#46 http://www.ibm.com/timex#o http://ex.org/variable#146	1
http://ex.org/variable#46 http://www.ibm.com/timex#o http://ex.org/variable#147	1
http://ex.org/variable#46 http://www.ibm.com/timex#o http://ex.org/variable#148	1
http://ex.org/variable#46 http://www.ibm.com/timex#di http://ex.org/variable#149	1
http://ex.org/variable#46 http://www.ibm.com/timex#b http://ex.org/variable#150	1
http://ex.org/variable#46 http://www.ibm.com/timex#o http://ex.org/variable#151	1
http://ex.org/variable#46 http://www.ibm.com/timex#di http://ex.org/variable#152	1
http://ex.org/variable#46 http://www.ibm.com/timex#o http://ex.org/variable#153	1
http://ex.org/variable#46 http://www.ibm.com/timex#di http://ex.org/variable#154	1
http://ex.org/variable#46 http://www.ibm.com/timex#d http://ex.org/variable#155	1
http://ex.org/variable#46 http://www.ibm.com/timex#o http://ex.org/variable#156	1
http://ex.org/variable#46 http://www.ibm.com/timex#di http://ex.org/variable#157	1
http://ex.org/variable#46 http://www.ibm.com/timex#di http://ex.org/variable#158	1
http://ex.org/variable#46 http://www.ibm.com/timex#o http://ex.org/variable#159	1
http://ex.org/variable#46 http://www.ibm.com/timex#o http://ex.org/variable#160	1
http://ex.org/variable#46 http://www.ibm.com/timex#di http://ex.org/variable#161	1
http://ex.org/variable#46 http://www.ibm.com/timex#di http://ex.org/variable#162	1
http://ex.org/variable#46 http://www.ibm.com/timex#o http://ex.org/variable#163	1
http://ex.org/variable#46 http://www.ibm.com/timex#o http://ex.org/variable#164	1
http://ex.org/variable#46 http://www.ibm.com/timex#di http://ex.org/variable#165	1
http://ex.org/variable#46 http://www.ibm.com/timex#di http://ex.org/variable#166	1
http://ex.org/variable#46 http://www.ibm.com/timex#o http://ex.org/variable#167	1
http://ex.org/variable#46 http://www.ibm.com/timex#o http://ex.org/variable#168	1
http://ex.org/variable#46 http://www.ibm.com/timex#o http://ex.org/variable#169	1
http://ex.org/variable#46 http://www.ibm.com/timex#b http://ex.org/variable#170	1
http://ex.org/variable#46 http://www.ibm.com/timex#di http://ex.org/variable#171	1
http://ex.org/variable#46 http://www.ibm.com/timex#oi http://ex.org/variable#172	1
http://ex.org/variable#46 http://www.ibm.com/timex#b http://ex.org/variable#173	1
http://ex.org/variable#46 http://www.ibm.com/timex#o http://ex.org/variable#174	1
http://ex.org/variable#46 http://www.ibm.com/timex#o http://ex.org/variable#175	1
http://ex.org/variable#46 http://www.ibm.com/timex#o http://ex.org/variable#176	1
http://ex.org/variable#46 http://www.ibm.com/timex#o http://ex.org/variable#177	1
http://ex.org/variable#46 http://www.ibm.com/timex#o http://ex.org/variable#178	1
http://ex.org/variable#46 http://www.ibm.com/timex#o http://ex.org/variable#179	1
http://ex.org/variable#46 http://www.ibm.com/timex#di http://ex.org/variable#180	1
http://ex.org/variable#46 http://www.ibm.com/timex#di http://ex.org/variable#181	1
http://ex.org/variable#46 http://www.ibm.com/timex#di http://ex.org/variable#182	1
http://ex.org/variable#46 http://www.ibm.com/timex#b http://ex.org/variable#183	1
http://ex.org/variable#46 http://www.ibm.com/timex#di http://ex.org/variable#184	1
http://ex.org/variable#46 http://www.ibm.com/timex#o http://ex.org/variable#185	1
http://ex.org/variable#46 http://www.ibm.com/timex#o http://ex.org/variable#186	1
http://ex.org/variable#46 http://www.ibm.com/timex#d http://ex.org/variable#187	1
http://ex.org/variable#46 http://www.ibm.com/timex#o http://ex.org/variable#188	1
http://ex.org/variable#46 http://www.ibm.com/timex#di http://ex.org/variable#189	1
http://ex.org/variable#47 http://www.ibm.com/timex#o http://ex.org/variable#0	1
http://ex.org/variable#47 http://www.ibm.com/timex#b http://ex.org/variable#1	1
http://ex.org/variable#47 http://www.ibm.com/timex#o http://ex.org/variable#2	1
http://ex.org/variable#47 http://www.ibm.com/timex#o http://ex.org/variable#3	1
http://ex.org/variable#47 http://www.ibm.com/timex#o http://ex.org/variable#4	1
http://ex.org/variable#47 http://www.ibm.com/timex#di http://ex.org/variable#5	1
http://ex.org/variable#47 http://www.ibm.com/timex#o http://ex.org/variable#6	1
http://ex.org/variable#47 http://www.ibm.com/timex#o http://ex.org/variable#7	1
http://ex.org/variable#47 http://www.ibm.com/timex#di http://ex.org/variable#8	1
http://ex.org/variable#47 http://www.ibm.com/timex#o http://ex.org/variable#9	1
http://ex.org/variable#47 http://www.ibm.com/timex#o http://ex.org/variable#10	1
http://ex.org/variable#47 http://www.ibm.com/timex#o http://ex.org/variable#11	1
http://ex.org/variable#47 http://www.ibm.com/timex#o http://ex.org/variable#12	1
http://ex.org/variable#47 http://www.ibm.com/timex#di http://ex.org/variable#13	1
http://ex.org/variable#47 http://www.ibm.com/timex#di http://ex.org/variable#14	1
http://ex.org/variable#47 http://www.ibm.com/timex#fi http://ex.org/variable#15	1
http://ex.org/variable#47 http://www.ibm.com/timex#di http://ex.org/variable#16	1
http://ex.org/variable#47 http://www.ibm.com/timex#b http://ex.org/variable#17	1
http://ex.org/variable#47 http://www.ibm.com/timex#o http://ex.org/variable#18	1
http://ex.org/variable#47 http://www.ibm.com/timex#di http://ex.org/variable#19	1
http://ex.org/variable#47 http://www.ibm.com/timex#o http://ex.org/variable#20	1
http://ex.org/variable#47 http://www.ibm.com/timex#o http://ex.org/variable#21	1
http://ex.org/variable#47 http://www.ibm.com/timex#o http://ex.org/variable#22	1
http://ex.org/variable#47 http://www.ibm.com/timex#di http://ex.org/variable#23	1
http://ex.org/variable#47 http://www.ibm.com/timex#o http://ex.org/variable#24	1
http://ex.org/variable#47 http://www.ibm.com/timex#di http://ex.org/variable#25	1
http://ex.org/variable#47 http://www.ibm.com/timex#o http://ex.org/variable#26	1
http://ex.org/variable#47 http://www.ibm.com/timex#oi http://ex.org/variable#27	1
http://ex.org/variable#47 http://www.ibm.com/timex#o http://ex.org/variable#28	1
http://ex.org/variable#47 http://www.ibm.com/timex#o http://ex.org/variable#29	1
http://ex.org/variable#47 http://www.ibm.com/timex#di http://ex.org/variable#30	1
http://ex.org/variable#47 http://www.ibm.com/timex#oi_di_si http://ex.org/variable#31	1
http://ex.org/variable#47 http://www.ibm.com/timex#di http://ex.org/variable#32	1
http://ex.org/variable#47 http://www.ibm.com/timex#o http://ex.org/variable#33	1
http://ex.org/variable#47 http://www.ibm.com/timex#o http://ex.org/variable#34	1
http://ex.org/variable#47 http://www.ibm.com/timex#di http://ex.org/variable#35	1
http://ex.org/variable#47 http://www.ibm.com/timex#di http://ex.org/variable#36	1
http://ex.org/variable#47 http://www.ibm.com/timex#di http://ex.org/variable#37	1
http://ex.org/variable#47 http://www.ibm.com/timex#o http://ex.org/variable#38	1
http://ex.org/variable#47 http://www.ibm.com/timex#o http://ex.org/variable#39	1
http://ex.org/variable#47 http://www.ibm.com/timex#di http://ex.org/variable#40	1
http://ex.org/variable#47 http://www.ibm.com/timex#o http://ex.org/variable#41	1
http://ex.org/variable#47 http://www.ibm.com/timex#o http://ex.org/variable#42	1
http://ex.org/variable#47 http://www.ibm.com/timex#o http://ex.org/variable#43	1
http://ex.org/variable#47 http://www.ibm.com/timex#o http://ex.org/variable#44	1
http://ex.org/variable#47 http://www.ibm.com/timex#o http://ex.org/variable#45	1
http://ex.org/variable#47 http://www.ibm.com/timex#di http://ex.org/variable#46	1
http://ex.org/variable#47 http://www.ibm.com/timex#m http://ex.org/variable#48	1
http://ex.org/variable#47 http://www.ibm.com/timex#di http://ex.org/variable#49	1
http://ex.org/variable#47 http://www.ibm.com/timex#o http://ex.org/variable#50	1
http://ex.org/variable#47 http://www.ibm.com/timex#o http://ex.org/variable#51	1
http://ex.org/variable#47 http://www.ibm.com/timex#o http://ex.org/variable#52	1
http://ex.org/variable#47 http://www.ibm.com/timex#o http://ex.org/variable#53	1
http://ex.org/variable#47 http://www.ibm.com/timex#o http://ex.org/variable#54	1
http://ex.org/variable#47 http://www.ibm.com/timex#o http://ex.org/variable#55	1
http://ex.org/variable#47 http://www.ibm.com/timex#di http://ex.org/variable#56	1
http://ex.org/variable#47 http://www.ibm.com/timex#di http://ex.org/variable#57	1
http://ex.org/variable#47 http://www.ibm.com/timex#o http://ex.org/variable#58	1
http://ex.org/variable#47 http://www.ibm.com/timex#o http://ex.org/variable#59	1
http://ex.org/variable#47 http://www.ibm.com/timex#o http://ex.org/variable#60	1
http://ex.org/variable#47 http://www.ibm.com/timex#o http://ex.org/variable#61	1
http://ex.org/variable#47 http://www.ibm.com/timex#o http://ex.org/variable#62	1
http://ex.org/variable#47 http://www.ibm.com/timex#o http://ex.org/variable#63	1
http://ex.org/variable#47 http://www.ibm.com/timex#o http://ex.org/variable#64	1
http://ex.org/variable#47 http://www.ibm.com/timex#di http://ex.org/variable#65	1
http://ex.org/variable#47 http://www.ibm.com/timex#oi http://ex.org/variable#66	1
http://ex.org/variable#47 http://www.ibm.com/timex#o http://ex.org/variable#67	1
http://ex.org/variable#47 http://www.ibm.com/timex#o http://ex.org/variable#68	1
http://ex.org/variable#47 http://www.ibm.com/timex#di http://ex.org/variable#69	1
http://ex.org/variable#47 http://www.ibm.com/timex#o http://ex.org/variable#70	1
http://ex.org/variable#47 http://www.ibm.com/timex#di http://ex.org/variable#71	1
http://ex.org/variable#47 http://www.ibm.com/timex#o http://ex.org/variable#72	1
http://ex.org/variable#47 http://www.ibm.com/timex#o http://ex.org/variable#73	1
http://ex.org/variable#47 http://www.ibm.com/timex#o http://ex.org/variable#74	1
http://ex.org/variable#47 http://www.ibm.com/timex#o http://ex.org/variable#75	1
http://ex.org/variable#47 http://www.ibm.com/timex#o http://ex.org/variable#76	1
http://ex.org/variable#47 http://www.ibm.com/timex#o http://ex.org/variable#77	1
http://ex.org/variable#47 http://www.ibm.com/timex#fi http://ex.org/variable#78	1
http://ex.org/variable#47 http://www.ibm.com/timex#oi_di_si http://ex.org/variable#79	1
http://ex.org/variable#47 http://www.ibm.com/timex#o http://ex.org/variable#80	1
http://ex.org/variable#47 http://www.ibm.com/timex#oi_di_si http://ex.org/variable#81	1
http://ex.org/variable#47 http://www.ibm.com/timex#di http://ex.org/variable#82	1
http://ex.org/variable#47 http://www.ibm.com/timex#o http://ex.org/variable#83	1
http://ex.org/variable#47 http://www.ibm.com/timex#o http://ex.org/variable#84	1
http://ex.org/variable#47 http://www.ibm.com/timex#o http://ex.org/variable#85	1
http://ex.org/variable#47 http://www.ibm.com/timex#o http://ex.org/variable#86	1
http://ex.org/variable#47 http://www.ibm.com/timex#o http://ex.org/variable#87	1
http://ex.org/variable#47 http://www.ibm.com/timex#b http://ex.org/variable#88	1
http://ex.org/variable#47 http://www.ibm.com/timex#o http://ex.org/variable#89	1
http://ex.org/variable#47 http://www.ibm.com/timex#o_fi http://ex.org/variable#90	1
http://ex.org/variable#47 http://www.ibm.com/timex#o http://ex.org/variable#91	1
http://ex.org/variable#47 http://www.ibm.com/timex#o http://ex.org/variable#92	1
http://ex.org/variable#47 http://www.ibm.com/timex#o http://ex.org/variable#93	1
http://ex.org/variable#47 http://www.ibm.com/timex#di http://ex.org/variable#94	1
http://ex.org/variable#47 http://www.ibm.com/timex#di http://ex.org/variable#95	1
http://ex.org/variable#47 http://www.ibm.com/timex#di http://ex.org/variable#96	1
http://ex.org/variable#47 http://www.ibm.com/timex#o http://ex.org/variable#97	1
http://ex.org/variable#47 http://www.ibm.com/timex#b http://ex.org/variable#98	1
http://ex.org/variable#47 http://www.ibm.com/timex#o http://ex.org/variable#99	1
http://ex.org/variable#47 http://www.ibm.com/timex#di http://ex.org/variable#100	1
http://ex.org/variable#47 http://www.ibm.com/timex#o http://ex.org/variable#101	1
http://ex.org/variable#47 http://www.ibm.com/timex#di http://ex.org/variable#102	1
http://ex.org/variable#47 http://www.ibm.com/timex#o http://ex.org/variable#103	1
http://ex.org/variable#47 http://www.ibm.com/timex#b http://ex.org/variable#104	1
http://ex.org/variable#47 http://www.ibm.com/timex#o http://ex.org/variable#105	1
http://ex.org/variable#47 http://www.ibm.com/timex#o http://ex.org/variable#106	1
http://ex.org/variable#47 http://www.ibm.com/timex#o http://ex.org/variable#107	1
http://ex.org/variable#47 http://www.ibm.com/timex#di http://ex.org/variable#108	1
http://ex.org/variable#47 http://www.ibm.com/timex#di http://ex.org/variable#109	1
http://ex.org/variable#47 http://www.ibm.com/timex#o http://ex.org/variable#110	1
http://ex.org/variable#47 http://www.ibm.com/timex#di http://ex.org/variable#111	1
http://ex.org/variable#47 http://www.ibm.com/timex#o_fi http://ex.org/variable#112	1
http://ex.org/variable#47 http://www.ibm.com/timex#di http://ex.org/variable#113	1
http://ex.org/variable#47 http://www.ibm.com/timex#o http://ex.org/variable#114	1
http://ex.org/variable#47 http://www.ibm.com/timex#b http://ex.org/variable#115	1
http://ex.org/variable#47 http://www.ibm.com/timex#di http://ex.org/variable#116	1
http://ex.org/variable#47 http://www.ibm.com/timex#di http://ex.org/variable#117	1
http://ex.org/variable#47 http://www.ibm.com/timex#di http://ex.org/variable#118	1
http://ex.org/variable#47 http://www.ibm.com/timex#o_d_s http://ex.org/variable#119	1
http://ex.org/variable#47 http://www.ibm.com/timex#di http://ex.org/variable#120	1
http://ex.org/variable#47 http://www.ibm.com/timex#b http://ex.org/variable#121	1
http://ex.org/variable#47 http://www.ibm.com/timex#o http://ex.org/variable#122	1
http://ex.org/variable#47 http://www.ibm.com/timex#o http://ex.org/variable#123	1
http://ex.org/variable#47 http://www.ibm.com/timex#di http://ex.org/variable#124	1
http://ex.org/variable#47 http://www.ibm.com/timex#di http://ex.org/variable#125	1
http://ex.org/variable#47 http://www.ibm.com/timex#o http://ex.org/variable#126	1
http://ex.org/variable#47 http://www.ibm.com/timex#o http://ex.org/variable#127	1
http://ex.org/variable#47 http://www.ibm.com/timex#o http://ex.org/variable#128	1
http://ex.org/variable#47 http://www.ibm.com/timex#oi_di_si http://ex.org/variable#129	1
http://ex.org/variable#47 http://www.ibm.com/timex#di http://ex.org/variable#130	1
http://ex.org/variable#47 http://www.ibm.com/timex#b http://ex.org/variable#131	1
http://ex.org/variable#47 http://www.ibm.com/timex#o http://ex.org/variable#132	1
http://ex.org/variable#47 http://www.ibm.com/timex#o http://ex.org/variable#133	1
http://ex.org/variable#47 http://www.ibm.com/timex#di http://ex.org/variable#134	1
http://ex.org/variable#47 http://www.ibm.com/timex#o http://ex.org/variable#135	1
http://ex.org/variable#47 http://www.ibm.com/timex#o http://ex.org/variable#136	1
http://ex.org/variable#47 http://www.ibm.com/timex#di http://ex.org/variable#137	1
http://ex.org/variable#47 http://www.ibm.com/timex#o http://ex.org/variable#138	1
http://ex.org/variable#47 http://www.ibm.com/timex#di http://ex.org/variable#139	1
http://ex.org/variable#47 http://www.ibm.com/timex#di http://ex.org/variable#140	1
http://ex.org/variable#47 http://www.ibm.com/timex#o http://ex.org/variable#141	1
http://ex.org/variable#47 http://www.ibm.com/timex#di http://ex.org/variable#142	1
http://ex.org/variable#47 http://www.ibm.com/timex#o http://ex.org/variable#143	1
http://ex.org/variable#47 http://www.ibm.com/timex#o http://ex.org/variable#144	1
http://ex.org/variable#47 http://www.ibm.com/timex#o http://ex.org/variable#145	1
http://ex.org/variable#47 http://www.ibm.com/timex#o http://ex.org/variable#146	1
http://ex.org/variable#47 http://www.ibm.com/timex#o http://ex.org/variable#147	1
http://ex.org/variable#47 http://www.ibm.com/timex#o http://ex.org/variable#148	1
http://ex.org/variable#47 http://www.ibm.com/timex#di http://ex.org/variable#149	1
http://ex.org/variable#47 http://www.ibm.com/timex#o http://ex.org/variable#150	1
http://ex.org/variable#47 http://www.ibm.com/timex#o http://ex.org/variable#151	1
http://ex.org/variable#47 http://www.ibm.com/timex#di http://ex.org/variable#152	1
http://ex.org/variable#47 http://www.ibm.com/timex#o http://ex.org/variable#153	1
http://ex.org/variable#47 http://www.ibm.com/timex#di http://ex.org/variable#154	1
http://ex.org/variable#47 http://www.ibm.com/timex#o http://ex.org/variable#155	1
http://ex.org/variable#47 http://www.ibm.com/timex#o http://ex.org/variable#156	1
http://ex.org/variable#47 http://www.ibm.com/timex#di http://ex.org/variable#157	1
http://ex.org/variable#47 http://www.ibm.com/timex#di http://ex.org/variable#158	1
http://ex.org/variable#47 http://www.ibm.com/timex#o http://ex.org/variable#159	1
http://ex.org/variable#47 http://www.ibm.com/timex#o http://ex.org/variable#160	1
http://ex.org/variable#47 http://www.ibm.com/timex#di http://ex.org/variable#161	1
http://ex.org/variable#47 http://www.ibm.com/timex#di http://ex.org/variable#162	1
http://ex.org/variable#47 http://www.ibm.com/timex#o http://ex.org/variable#163	1
http://ex.org/variable#47 http://www.ibm.com/timex#o http://ex.org/variable#164	1
http://ex.org/variable#47 http://www.ibm.com/timex#di http://ex.org/variable#165	1
http://ex.org/variable#47 http://www.ibm.com/timex#di http://ex.org/variable#166	1
http://ex.org/variable#47 http://www.ibm.com/timex#fi http://ex.org/variable#167	1
http://ex.org/variable#47 http://www.ibm.com/timex#o http://ex.org/variable#168	1
http://ex.org/variable#47 http://www.ibm.com/timex#o http://ex.org/variable#169	1
http://ex.org/variable#47 http://www.ibm.com/timex#o http://ex.org/variable#170	1
http://ex.org/variable#47 http://www.ibm.com/timex#di http://ex.org/variable#171	1
http://ex.org/variable#47 http://www.ibm.com/timex#di http://ex.org/variable#172	1
http://ex.org/variable#47 http://www.ibm.com/timex#b http://ex.org/variable#173	1
http://ex.org/variable#47 http://www.ibm.com/timex#o http://ex.org/variable#174	1
http://ex.org/variable#47 http://www.ibm.com/timex#o http://ex.org/variable#175	1
http://ex.org/variable#47 http://www.ibm.com/timex#o http://ex.org/variable#176	1
http://ex.org/variable#47 http://www.ibm.com/timex#o http://ex.org/variable#177	1
http://ex.org/variable#47 http://www.ibm.com/timex#o http://ex.org/variable#178	1
http://ex.org/variable#47 http://www.ibm.com/timex#o http://ex.org/variable#179	1
http://ex.org/variable#47 http://www.ibm.com/timex#di http://ex.org/variable#180	1
http://ex.org/variable#47 http://www.ibm.com/timex#di http://ex.org/variable#181	1
http://ex.org/variable#47 http://www.ibm.com/timex#di http://ex.org/variable#182	1
http://ex.org/variable#47 http://www.ibm.com/timex#o http://ex.org/variable#183	1
http://ex.org/variable#47 http://www.ibm.com/timex#di http://ex.org/variable#184	1
http://ex.org/variable#47 http://www.ibm.com/timex#o http://ex.org/variable#185	1
http://ex.org/variable#47 http://www.ibm.com/timex#o http://ex.org/variable#186	1
http://ex.org/variable#47 http://www.ibm.com/timex#o_d_s http://ex.org/variable#187	1
http://ex.org/variable#47 http://www.ibm.com/timex#o http://ex.org/variable#188	1
http://ex.org/variable#47 http://www.ibm.com/timex#di http://ex.org/variable#189	1
http://ex.org/variable#48 http://www.ibm.com/timex#d http://ex.org/variable#0	1
http://ex.org/variable#48 http://www.ibm.com/timex#o http://ex.org/variable#1	1
http://ex.org/variable#48 http://www.ibm.com/timex#d http://ex.org/variable#2	1
http://ex.org/variable#48 http://www.ibm.com/timex#oi http://ex.org/variable#3	1
http://ex.org/variable#48 http://www.ibm.com/timex#d http://ex.org/variable#4	1
http://ex.org/variable#48 http://www.ibm.com/timex#bi http://ex.org/variable#5	1
http://ex.org/variable#48 http://www.ibm.com/timex#d http://ex.org/variable#6	1
http://ex.org/variable#48 http://www.ibm.com/timex#d http://ex.org/variable#7	1
http://ex.org/variable#48 http://www.ibm.com/timex#bi http://ex.org/variable#8	1
http://ex.org/variable#48 http://www.ibm.com/timex#d http://ex.org/variable#9	1
http://ex.org/variable#48 http://www.ibm.com/timex#d http://ex.org/variable#10	1
http://ex.org/variable#48 http://www.ibm.com/timex#d http://ex.org/variable#11	1
http://ex.org/variable#48 http://www.ibm.com/timex#d http://ex.org/variable#12	1
http://ex.org/variable#48 http://www.ibm.com/timex#bi http://ex.org/variable#13	1
http://ex.org/variable#48 http://www.ibm.com/timex#bi http://ex.org/variable#14	1
http://ex.org/variable#48 http://www.ibm.com/timex#mi http://ex.org/variable#15	1
http://ex.org/variable#48 http://www.ibm.com/timex#bi http://ex.org/variable#16	1
http://ex.org/variable#48 http://www.ibm.com/timex#fi http://ex.org/variable#17	1
http://ex.org/variable#48 http://www.ibm.com/timex#d_f http://ex.org/variable#18	1
http://ex.org/variable#48 http://www.ibm.com/timex#bi http://ex.org/variable#19	1
http://ex.org/variable#48 http://www.ibm.com/timex#d http://ex.org/variable#20	1
http://ex.org/variable#48 http://www.ibm.com/timex#d http://ex.org/variable#21	1
http://ex.org/variable#48 http://www.ibm.com/timex#d http://ex.org/variable#22	1
http://ex.org/variable#48 http://www.ibm.com/timex#bi http://ex.org/variable#23	1
http://ex.org/variable#48 http://www.ibm.com/timex#d http://ex.org/variable#24	1
http://ex.org/variable#48 http://www.ibm.com/timex#bi http://ex.org/variable#25	1
http://ex.org/variable#48 http://www.ibm.com/timex#d http://ex.org/variable#26	1
http://ex.org/variable#48 http://www.ibm.com/timex#bi http://ex.org/variable#27	1
http://ex.org/variable#48 http://www.ibm.com/timex#d http://ex.org/variable#28	1
http://ex.org/variable#48 http://www.ibm.com/timex#d http://ex.org/variable#29	1
http://ex.org/variable#48 http://www.ibm.com/timex#bi http://ex.org/variable#30	1
http://ex.org/variable#48 http://www.ibm.com/timex#bi http://ex.org/variable#31	1
http://ex.org/variable#48 http://www.ibm.com/timex#bi http://ex.org/variable#32	1
http://ex.org/variable#48 http://www.ibm.com/timex#d http://ex.org/variable#33	1
http://ex.org/variable#48 http://www.ibm.com/timex#oi_d http://ex.org/variable#34	1
http://ex.org/variable#48 http://www.ibm.com/timex#bi http://ex.org/variable#35	1
http://ex.org/variable#48 http://www.ibm.com/timex#bi http://ex.org/variable#36	1
http://ex.org/variable#48 http://www.ibm.com/timex#bi http://ex.org/variable#37	1
http://ex.org/variable#48 http://www.ibm.com/timex#oi http://ex.org/variable#38	1
http://ex.org/variable#48 http://www.ibm.com/timex#oi http://ex.org/variable#39	1
http://ex.org/variable#48 http://www.ibm.com/timex#bi http://ex.org/variable#40	1
http://ex.org/variable#48 http://www.ibm.com/timex#d http://ex.org/variable#41	1
http://ex.org/variable#48 http://www.ibm.com/timex#d http://ex.org/variable#42	1
http://ex.org/variable#48 http://www.ibm.com/timex#oi_d http://ex.org/variable#43	1
http://ex.org/variable#48 http://www.ibm.com/timex#d http://ex.org/variable#44	1
http://ex.org/variable#48 http://www.ibm.com/timex#d http://ex.org/variable#45	1
http://ex.org/variable#48 http://www.ibm.com/timex#bi http://ex.org/variable#46	1
http://ex.org/variable#48 http://www.ibm.com/timex#mi http://ex.org/variable#47	1
http://ex.org/variable#48 http://www.ibm.com/timex#bi http://ex.org/variable#49	1
http://ex.org/variable#48 http://www.ibm.com/timex#d http://ex.org/variable#50	1
http://ex.org/variable#48 http://www.ibm.com/timex#d http://ex.org/variable#51	1
http://ex.org/variable#48 http://www.ibm.com/timex#d http://ex.org/variable#52	1
http://ex.org/variable#48 http://www.ibm.com/timex#d http://ex.org/variable#53	1
http://ex.org/variable#48 http://www.ibm.com/timex#d http://ex.org/variable#54	1
http://ex.org/variable#48 http://www.ibm.com/timex#oi http://ex.org/variable#55	1
http://ex.org/variable#48 http://www.ibm.com/timex#bi http://ex.org/variable#56	1
http://ex.org/variable#48 http://www.ibm.com/timex#bi http://ex.org/variable#57	1
http://ex.org/variable#48 http://www.ibm.com/timex#oi http://ex.org/variable#58	1
http://ex.org/variable#48 http://www.ibm.com/timex#d http://ex.org/variable#59	1
http://ex.org/variable#48 http://www.ibm.com/timex#d http://ex.org/variable#60	1
http://ex.org/variable#48 http://www.ibm.com/timex#d http://ex.org/variable#61	1
http://ex.org/variable#48 http://www.ibm.com/timex#d http://ex.org/variable#62	1
http://ex.org/variable#48 http://www.ibm.com/timex#d http://ex.org/variable#63	1
http://ex.org/variable#48 http://www.ibm.com/timex#d http://ex.org/variable#64	1
http://ex.org/variable#48 http://www.ibm.com/timex#bi http://ex.org/variable#65	1
http://ex.org/variable#48 http://www.ibm.com/timex#bi http://ex.org/variable#66	1
http://ex.org/variable#48 http://www.ibm.com/timex#d http://ex.org/variable#67	1
http://ex.org/variable#48 http://www.ibm.com/timex#d http://ex.org/variable#68	1
http://ex.org/variable#48 http://www.ibm.com/timex#bi http://ex.org/variable#69	1
http://ex.org/variable#48 http://www.ibm.com/timex#d http://ex.org/variable#70	1
http://ex.org/variable#48 http://www.ibm.com/timex#bi http://ex.org/variable#71	1
http://ex.org/variable#48 http://www.ibm.com/timex#d http://ex.org/variable#72	1
http://ex.org/variable#48 http://www.ibm.com/timex#oi http://ex.org/variable#73	1
http://ex.org/variable#48 http://www.ibm.com/timex#d http://ex.org/variable#74	1
http://ex.org/variable#48 http://www.ibm.com/timex#oi http://ex.org/variable#75	1
http://ex.org/variable#48 http://www.ibm.com/timex#d http://ex.org/variable#76	1
http://ex.org/variable#48 http://www.ibm.com/timex#d http://ex.org/variable#77	1
http://ex.org/variable#48 http://www.ibm.com/timex#mi http://ex.org/variable#78	1
http://ex.org/variable#48 http://www.ibm.com/timex#bi http://ex.org/variable#79	1
http://ex.org/variable#48 http://www.ibm.com/timex#d http://ex.org/variable#80	1
http://ex.org/variable#48 http://www.ibm.com/timex#bi http://ex.org/variable#81	1
http://ex.org/variable#48 http://www.ibm.com/timex#bi http://ex.org/variable#82	1
http://ex.org/variable#48 http://www.ibm.com/timex#d http://ex.org/variable#83	1
http://ex.org/variable#48 http://www.ibm.com/timex#d http://ex.org/variable#84	1
http://ex.org/variable#48 http://www.ibm.com/timex#d http://ex.org/variable#85	1
http://ex.org/variable#48 http://www.ibm.com/timex#d http://ex.org/variable#86	1
http://ex.org/variable#48 http://www.ibm.com/timex#d http://ex.org/variable#87	1
http://ex.org/variable#48 http://www.ibm.com/timex#b http://ex.org/variable#88	1
http://ex.org/variable#48 http://www.ibm.com/timex#d http://ex.org/variable#89	1
http://ex.org/variable#48 http://www.ibm.com/timex#mi_oi_d_f http://ex.org/variable#90	1
http://ex.org/variable#48 http://www.ibm.com/timex#d http://ex.org/variable#91	1
http://ex.org/variable#48 http://www.ibm.com/timex#d http://ex.org/variable#92	1
http://ex.org/variable#48 http://www.ibm.com/timex#d http://ex.org/variable#93	1
http://ex.org/variable#48 http://www.ibm.com/timex#bi http://ex.org/variable#94	1
http://ex.org/variable#48 http://www.ibm.com/timex#bi http://ex.org/variable#95	1
http://ex.org/variable#48 http://www.ibm.com/timex#bi http://ex.org/variable#96	1
http://ex.org/variable#48 http://www.ibm.com/timex#d http://ex.org/variable#97	1
http://ex.org/variable#48 http://www.ibm.com/timex#o http://ex.org/variable#98	1
http://ex.org/variable#48 http://www.ibm.com/timex#d http://ex.org/variable#99	1
http://ex.org/variable#48 http://www.ibm.com/timex#bi http://ex.org/variable#100	1
http://ex.org/variable#48 http://www.ibm.com/timex#d http://ex.org/variable#101	1
http://ex.org/variable#48 http://www.ibm.com/timex#bi http://ex.org/variable#102	1
http://ex.org/variable#48 http://www.ibm.com/timex#oi http://ex.org/variable#103	1
http://ex.org/variable#48 http://www.ibm.com/timex#b http://ex.org/variable#104	1
http://ex.org/variable#48 http://www.ibm.com/timex#d http://ex.org/variable#105	1
http://ex.org/variable#48 http://www.ibm.com/timex#d http://ex.org/variable#106	1
http://ex.org/variable#48 http://www.ibm.com/timex#d_f http://ex.org/variable#107	1
http://ex.org/variable#48 http://www.ibm.com/timex#bi http://ex.org/variable#108	1
http://ex.org/variable#48 http://www.ibm.com/timex#bi http://ex.org/variable#109	1
http://ex.org/variable#48 http://www.ibm.com/timex#d http://ex.org/variable#110	1
http://ex.org/variable#48 http://www.ibm.com/timex#bi http://ex.org/variable#111	1
http://ex.org/variable#48 http://www.ibm.com/timex#mi_oi_d_f http://ex.org/variable#112	1
http://ex.org/variable#48 http://www.ibm.com/timex#bi http://ex.org/variable#113	1
http://ex.org/variable#48 http://www.ibm.com/timex#d http://ex.org/variable#114	1
http://ex.org/variable#48 http://www.ibm.com/timex#b http://ex.org/variable#115	1
http://ex.org/variable#48 http://www.ibm.com/timex#bi http://ex.org/variable#116	1
http://ex.org/variable#48 http://www.ibm.com/timex#bi http://ex.org/variable#117	1
http://ex.org/variable#48 http://www.ibm.com/timex#bi http://ex.org/variable#118	1
http://ex.org/variable#48 http://www.ibm.com/timex#d http://ex.org/variable#119	1
http://ex.org/variable#48 http://www.ibm.com/timex#bi http://ex.org/variable#120	1
http://ex.org/variable#48 http://www.ibm.com/timex#b http://ex.org/variable#121	1
http://ex.org/variable#48 http://www.ibm.com/timex#d http://ex.org/variable#122	1
http://ex.org/variable#48 http://www.ibm.com/timex#d http://ex.org/variable#123	1
http://ex.org/variable#48 http://www.ibm.com/timex#bi http://ex.org/variable#124	1
http://ex.org/variable#48 http://www.ibm.com/timex#bi http://ex.org/variable#125	1
http://ex.org/variable#48 http://www.ibm.com/timex#d http://ex.org/variable#126	1
http://ex.org/variable#48 http://www.ibm.com/timex#d http://ex.org/variable#127	1
http://ex.org/variable#48 http://www.ibm.com/timex#d http://ex.org/variable#128	1
http://ex.org/variable#48 http://www.ibm.com/timex#bi http://ex.org/variable#129	1
http://ex.org/variable#48 http://www.ibm.com/timex#bi http://ex.org/variable#130	1
http://ex.org/variable#48 http://www.ibm.com/timex#b http://ex.org/variable#131	1
http://ex.org/variable#48 http://www.ibm.com/timex#d http://ex.org/variable#132	1
http://ex.org/variable#48 http://www.ibm.com/timex#d http://ex.org/variable#133	1
http://ex.org/variable#48 http://www.ibm.com/timex#bi http://ex.org/variable#134	1
http://ex.org/variable#48 http://www.ibm.com/timex#d http://ex.org/variable#135	1
http://ex.org/variable#48 http://www.ibm.com/timex#d http://ex.org/variable#136	1
http://ex.org/variable#48 http://www.ibm.com/timex#bi http://ex.org/variable#137	1
http://ex.org/variable#48 http://www.ibm.com/timex#d http://ex.org/variable#138	1
http://ex.org/variable#48 http://www.ibm.com/timex#bi http://ex.org/variable#139	1
http://ex.org/variable#48 http://www.ibm.com/timex#bi http://ex.org/variable#140	1
http://ex.org/variable#48 http://www.ibm.com/timex#d http://ex.org/variable#141	1
http://ex.org/variable#48 http://www.ibm.com/timex#bi http://ex.org/variable#142	1
http://ex.org/variable#48 http://www.ibm.com/timex#d http://ex.org/variable#143	1
http://ex.org/variable#48 http://www.ibm.com/timex#d http://ex.org/variable#144	1
http://ex.org/variable#48 http://www.ibm.com/timex#d http://ex.org/variable#145	1
http://ex.org/variable#48 http://www.ibm.com/timex#d http://ex.org/variable#146	1
http://ex.org/variable#48 http://www.ibm.com/timex#oi http://ex.org/variable#147	1
http://ex.org/variable#48 http://www.ibm.com/timex#d http://ex.org/variable#148	1
http://ex.org/variable#48 http://www.ibm.com/timex#bi http://ex.org/variable#149	1
http://ex.org/variable#48 http://www.ibm.com/timex#d http://ex.org/variable#150	1
http://ex.org/variable#48 http://www.ibm.com/timex#d http://ex.org/variable#151	1
http://ex.org/variable#48 http://www.ibm.com/timex#bi http://ex.org/variable#152	1
http://ex.org/variable#48 http://www.ibm.com/timex#d http://ex.org/variable#153	1
http://ex.org/variable#48 http://www.ibm.com/timex#bi http://ex.org/variable#154	1
http://ex.org/variable#48 http://www.ibm.com/timex#oi http://ex.org/variable#155	1
http://ex.org/variable#48 http://www.ibm.com/timex#d http://ex.org/variable#156	1
http://ex.org/variable#48 http://www.ibm.com/timex#bi http://ex.org/variable#157	1
http://ex.org/variable#48 http://www.ibm.com/timex#bi http://ex.org/variable#158	1
http://ex.org/variable#48 http://www.ibm.com/timex#d http://ex.org/variable#159	1
http://ex.org/variable#48 http://www.ibm.com/timex#d http://ex.org/variable#160	1
http://ex.org/variable#48 http://www.ibm.com/timex#bi http://ex.org/variable#161	1
http://ex.org/variable#48 http://www.ibm.com/timex#bi http://ex.org/variable#162	1
http://ex.org/variable#48 http://www.ibm.com/timex#d http://ex.org/variable#163	1
http://ex.org/variable#48 http://www.ibm.com/timex#d http://ex.org/variable#164	1
http://ex.org/variable#48 http://www.ibm.com/timex#bi http://ex.org/variable#165	1
http://ex.org/variable#48 http://www.ibm.com/timex#bi http://ex.org/variable#166	1
http://ex.org/variable#48 http://www.ibm.com/timex#mi http://ex.org/variable#167	1
http://ex.org/variable#48 http://www.ibm.com/timex#d http://ex.org/variable#168	1
http://ex.org/variable#48 http://www.ibm.com/timex#d http://ex.org/variable#169	1
http://ex.org/variable#48 http://www.ibm.com/timex#d http://ex.org/variable#170	1
http://ex.org/variable#48 http://www.ibm.com/timex#bi http://ex.org/variable#171	1
http://ex.org/variable#48 http://www.ibm.com/timex#bi http://ex.org/variable#172	1
http://ex.org/variable#48 http://www.ibm.com/timex#b_m http://ex.org/variable#173	1
http://ex.org/variable#48 http://www.ibm.com/timex#d http://ex.org/variable#174	1
http://ex.org/variable#48 http://www.ibm.com/timex#oi http://ex.org/variable#175	1
http://ex.org/variable#48 http://www.ibm.com/timex#d http://ex.org/variable#176	1
http://ex.org/variable#48 http://www.ibm.com/timex#d http://ex.org/variable#177	1
http://ex.org/variable#48 http://www.ibm.com/timex#d http://ex.org/variable#178	1
http://ex.org/variable#48 http://www.ibm.com/timex#d http://ex.org/variable#179	1
http://ex.org/variable#48 http://www.ibm.com/timex#bi http://ex.org/variable#180	1
http://ex.org/variable#48 http://www.ibm.com/timex#bi http://ex.org/variable#181	1
http://ex.org/variable#48 http://www.ibm.com/timex#bi http://ex.org/variable#182	1
http://ex.org/variable#48 http://www.ibm.com/timex#d http://ex.org/variable#183	1
http://ex.org/variable#48 http://www.ibm.com/timex#bi http://ex.org/variable#184	1
http://ex.org/variable#48 http://www.ibm.com/timex#d http://ex.org/variable#185	1
http://ex.org/variable#48 http://www.ibm.com/timex#d http://ex.org/variable#186	1
http://ex.org/variable#48 http://www.ibm.com/timex#d http://ex.org/variable#187	1
http://ex.org/variable#48 http://www.ibm.com/timex#oi_d_f http://ex.org/variable#188	1
http://ex.org/variable#48 http://www.ibm.com/timex#bi http://ex.org/variable#189	1
http://ex.org/variable#49 http://www.ibm.com/timex#o http://ex.org/variable#0	1
http://ex.org/variable#49 http://www.ibm.com/timex#b http://ex.org/variable#1	1
http://ex.org/variable#49 http://www.ibm.com/timex#o http://ex.org/variable#2	1
http://ex.org/variable#49 http://www.ibm.com/timex#o http://ex.org/variable#3	1
http://ex.org/variable#49 http://www.ibm.com/timex#o http://ex.org/variable#4	1
http://ex.org/variable#49 http://www.ibm.com/timex#o http://ex.org/variable#5	1
http://ex.org/variable#49 http://www.ibm.com/timex#b http://ex.org/variable#6	1
http://ex.org/variable#49 http://www.ibm.com/timex#o http://ex.org/variable#7	1
http://ex.org/variable#49 http://www.ibm.com/timex#di http://ex.org/variable#8	1
http://ex.org/variable#49 http://www.ibm.com/timex#b http://ex.org/variable#9	1
http://ex.org/variable#49 http://www.ibm.com/timex#o http://ex.org/variable#10	1
http://ex.org/variable#49 http://www.ibm.com/timex#o http://ex.org/variable#11	1
http://ex.org/variable#49 http://www.ibm.com/timex#d http://ex.org/variable#12	1
http://ex.org/variable#49 http://www.ibm.com/timex#o http://ex.org/variable#13	1
http://ex.org/variable#49 http://www.ibm.com/timex#b http://ex.org/variable#14	1
http://ex.org/variable#49 http://www.ibm.com/timex#o http://ex.org/variable#15	1
http://ex.org/variable#49 http://www.ibm.com/timex#o http://ex.org/variable#16	1
http://ex.org/variable#49 http://www.ibm.com/timex#b http://ex.org/variable#17	1
http://ex.org/variable#49 http://www.ibm.com/timex#o http://ex.org/variable#18	1
http://ex.org/variable#49 http://www.ibm.com/timex#o_di http://ex.org/variable#19	1
http://ex.org/variable#49 http://www.ibm.com/timex#o http://ex.org/variable#20	1
http://ex.org/variable#49 http://www.ibm.com/timex#b http://ex.org/variable#21	1
http://ex.org/variable#49 http://www.ibm.com/timex#o http://ex.org/variable#22	1
http://ex.org/variable#49 http://www.ibm.com/timex#di http://ex.org/variable#23	1
http://ex.org/variable#49 http://www.ibm.com/timex#o http://ex.org/variable#24	1
http://ex.org/variable#49 http://www.ibm.com/timex#di http://ex.org/variable#25	1
http://ex.org/variable#49 http://www.ibm.com/timex#b http://ex.org/variable#26	1
http://ex.org/variable#49 http://www.ibm.com/timex#oi_d_f http://ex.org/variable#27	1
http://ex.org/variable#49 http://www.ibm.com/timex#b http://ex.org/variable#28	1
http://ex.org/variable#49 http://www.ibm.com/timex#o http://ex.org/variable#29	1
http://ex.org/variable#49 http://www.ibm.com/timex#b http://ex.org/variable#30	1
http://ex.org/variable#49 http://www.ibm.com/timex#d http://ex.org/variable#31	1
http://ex.org/variable#49 http://www.ibm.com/timex#di http://ex.org/variable#32	1
http://ex.org/variable#49 http://www.ibm.com/timex#b http://ex.org/variable#33	1
http://ex.org/variable#49 http://www.ibm.com/timex#o http://ex.org/variable#34	1
http://ex.org/variable#49 http://www.ibm.com/timex#o http://ex.org/variable#35	1
http://ex.org/variable#49 http://www.ibm.com/timex#o http://ex.org/variable#36	1
http://ex.org/variable#49 http://www.ibm.com/timex#o_di_fi http://ex.org/variable#37	1
http://ex.org/variable#49 http://www.ibm.com/timex#o http://ex.org/variable#38	1
http://ex.org/variable#49 http://www.ibm.com/timex#b http://ex.org/variable#39	1
http://ex.org/variable#49 http://www.ibm.com/timex#o http://ex.org/variable#40	1
http://ex.org/variable#49 http://www.ibm.com/timex#o http://ex.org/variable#41	1
http://ex.org/variable#49 http://www.ibm.com/timex#o http://ex.org/variable#42	1
http://ex.org/variable#49 http://www.ibm.com/timex#o http://ex.org/variable#43	1
http://ex.org/variable#49 http://www.ibm.com/timex#o http://ex.org/variable#44	1
http://ex.org/variable#49 http://www.ibm.com/timex#o http://ex.org/variable#45	1
http://ex.org/variable#49 http://www.ibm.com/timex#d http://ex.org/variable#46	1
http://ex.org/variable#49 http://www.ibm.com/timex#d http://ex.org/variable#47	1
http://ex.org/variable#49 http://www.ibm.com/timex#b http://ex.org/variable#48	1
http://ex.org/variable#49 http://www.ibm.com/timex#o http://ex.org/variable#50	1
http://ex.org/variable#49 http://www.ibm.com/timex#b http://ex.org/variable#51	1
http://ex.org/variable#49 http://www.ibm.com/timex#s http://ex.org/variable#52	1
http://ex.org/variable#49 http://www.ibm.com/timex#o http://ex.org/variable#53	1
http://ex.org/variable#49 http://www.ibm.com/timex#o http://ex.org/variable#54	1
http://ex.org/variable#49 http://www.ibm.com/timex#o http://ex.org/variable#55	1
http://ex.org/variable#49 http://www.ibm.com/timex#o http://ex.org/variable#56	1
http://ex.org/variable#49 http://www.ibm.com/timex#d http://ex.org/variable#57	1
http://ex.org/variable#49 http://www.ibm.com/timex#o http://ex.org/variable#58	1
http://ex.org/variable#49 http://www.ibm.com/timex#o http://ex.org/variable#59	1
http://ex.org/variable#49 http://www.ibm.com/timex#o http://ex.org/variable#60	1
http://ex.org/variable#49 http://www.ibm.com/timex#o http://ex.org/variable#61	1
http://ex.org/variable#49 http://www.ibm.com/timex#o http://ex.org/variable#62	1
http://ex.org/variable#49 http://www.ibm.com/timex#o http://ex.org/variable#63	1
http://ex.org/variable#49 http://www.ibm.com/timex#o http://ex.org/variable#64	1
http://ex.org/variable#49 http://www.ibm.com/timex#di http://ex.org/variable#65	1
http://ex.org/variable#49 http://www.ibm.com/timex#oi http://ex.org/variable#66	1
http://ex.org/variable#49 http://www.ibm.com/timex#o http://ex.org/variable#67	1
http://ex.org/variable#49 http://www.ibm.com/timex#o http://ex.org/variable#68	1
http://ex.org/variable#49 http://www.ibm.com/timex#o http://ex.org/variable#69	1
http://ex.org/variable#49 http://www.ibm.com/timex#o http://ex.org/variable#70	1
http://ex.org/variable#49 http://www.ibm.com/timex#o http://ex.org/variable#71	1
http://ex.org/variable#49 http://www.ibm.com/timex#o http://ex.org/variable#72	1
http://ex.org/variable#49 http://www.ibm.com/timex#o http://ex.org/variable#73	1
http://ex.org/variable#49 http://www.ibm.com/timex#o http://ex.org/variable#74	1
http://ex.org/variable#49 http://www.ibm.com/timex#o http://ex.org/variable#75	1
http://ex.org/variable#49 http://www.ibm.com/timex#o http://ex.org/variable#76	1
http://ex.org/variable#49 http://www.ibm.com/timex#o http://ex.org/variable#77	1
http://ex.org/variable#49 http://www.ibm.com/timex#o http://ex.org/variable#78	1
http://ex.org/variable#49 http://www.ibm.com/timex#d http://ex.org/variable#79	1
http://ex.org/variable#49 http://www.ibm.com/timex#s http://ex.org/variable#80	1
http://ex.org/variable#49 http://www.ibm.com/timex#d http://ex.org/variable#81	1
http://ex.org/variable#49 http://www.ibm.com/timex#o http://ex.org/variable#82	1
http://ex.org/variable#49 http://www.ibm.com/timex#s http://ex.org/variable#83	1
http://ex.org/variable#49 http://www.ibm.com/timex#b http://ex.org/variable#84	1
http://ex.org/variable#49 http://www.ibm.com/timex#b http://ex.org/variable#85	1
http://ex.org/variable#49 http://www.ibm.com/timex#d http://ex.org/variable#86	1
http://ex.org/variable#49 http://www.ibm.com/timex#b http://ex.org/variable#87	1
http://ex.org/variable#49 http://www.ibm.com/timex#b http://ex.org/variable#88	1
http://ex.org/variable#49 http://www.ibm.com/timex#o http://ex.org/variable#89	1
http://ex.org/variable#49 http://www.ibm.com/timex#o http://ex.org/variable#90	1
http://ex.org/variable#49 http://www.ibm.com/timex#o http://ex.org/variable#91	1
http://ex.org/variable#49 http://www.ibm.com/timex#b http://ex.org/variable#92	1
http://ex.org/variable#49 http://www.ibm.com/timex#o http://ex.org/variable#93	1
http://ex.org/variable#49 http://www.ibm.com/timex#o http://ex.org/variable#94	1
http://ex.org/variable#49 http://www.ibm.com/timex#b http://ex.org/variable#95	1
http://ex.org/variable#49 http://www.ibm.com/timex#di http://ex.org/variable#96	1
http://ex.org/variable#49 http://www.ibm.com/timex#o http://ex.org/variable#97	1
http://ex.org/variable#49 http://www.ibm.com/timex#b http://ex.org/variable#98	1
http://ex.org/variable#49 http://www.ibm.com/timex#b http://ex.org/variable#99	1
http://ex.org/variable#49 http://www.ibm.com/timex#di http://ex.org/variable#100	1
http://ex.org/variable#49 http://www.ibm.com/timex#o http://ex.org/variable#101	1
http://ex.org/variable#49 http://www.ibm.com/timex#b http://ex.org/variable#102	1
http://ex.org/variable#49 http://www.ibm.com/timex#o http://ex.org/variable#103	1
http://ex.org/variable#49 http://www.ibm.com/timex#b http://ex.org/variable#104	1
http://ex.org/variable#49 http://www.ibm.com/timex#o http://ex.org/variable#105	1
http://ex.org/variable#49 http://www.ibm.com/timex#o http://ex.org/variable#106	1
http://ex.org/variable#49 http://www.ibm.com/timex#o http://ex.org/variable#107	1
http://ex.org/variable#49 http://www.ibm.com/timex#o http://ex.org/variable#108	1
http://ex.org/variable#49 http://www.ibm.com/timex#b http://ex.org/variable#109	1
http://ex.org/variable#49 http://www.ibm.com/timex#o http://ex.org/variable#110	1
http://ex.org/variable#49 http://www.ibm.com/timex#o http://ex.org/variable#111	1
http://ex.org/variable#49 http://www.ibm.com/timex#o http://ex.org/variable#112	1
http://ex.org/variable#49 http://www.ibm.com/timex#b http://ex.org/variable#113	1
http://ex.org/variable#49 http://www.ibm.com/timex#o http://ex.org/variable#114	1
http://ex.org/variable#49 http://www.ibm.com/timex#b http://ex.org/variable#115	1
http://ex.org/variable#49 http://www.ibm.com/timex#b http://ex.org/variable#116	1
http://ex.org/variable#49 http://www.ibm.com/timex#o http://ex.org/variable#117	1
http://ex.org/variable#49 http://www.ibm.com/timex#o http://ex.org/variable#118	1
http://ex.org/variable#49 http://www.ibm.com/timex#d http://ex.org/variable#119	1
http://ex.org/variable#49 http://www.ibm.com/timex#o http://ex.org/variable#120	1
http://ex.org/variable#49 http://www.ibm.com/timex#b http://ex.org/variable#121	1
http://ex.org/variable#49 http://www.ibm.com/timex#o http://ex.org/variable#122	1
http://ex.org/variable#49 http://www.ibm.com/timex#o http://ex.org/variable#123	1
http://ex.org/variable#49 http://www.ibm.com/timex#d http://ex.org/variable#124	1
http://ex.org/variable#49 http://www.ibm.com/timex#d http://ex.org/variable#125	1
http://ex.org/variable#49 http://www.ibm.com/timex#b http://ex.org/variable#126	1
http://ex.org/variable#49 http://www.ibm.com/timex#b http://ex.org/variable#127	1
http://ex.org/variable#49 http://www.ibm.com/timex#o http://ex.org/variable#128	1
http://ex.org/variable#49 http://www.ibm.com/timex#d http://ex.org/variable#129	1
http://ex.org/variable#49 http://www.ibm.com/timex#o http://ex.org/variable#130	1
http://ex.org/variable#49 http://www.ibm.com/timex#b http://ex.org/variable#131	1
http://ex.org/variable#49 http://www.ibm.com/timex#o http://ex.org/variable#132	1
http://ex.org/variable#49 http://www.ibm.com/timex#o http://ex.org/variable#133	1
http://ex.org/variable#49 http://www.ibm.com/timex#o http://ex.org/variable#134	1
http://ex.org/variable#49 http://www.ibm.com/timex#o http://ex.org/variable#135	1
http://ex.org/variable#49 http://www.ibm.com/timex#o http://ex.org/variable#136	1
http://ex.org/variable#49 http://www.ibm.com/timex#o http://ex.org/variable#137	1
http://ex.org/variable#49 http://www.ibm.com/timex#b http://ex.org/variable#138	1
http://ex.org/variable#49 http://www.ibm.com/timex#o http://ex.org/variable#139	1
http://ex.org/variable#49 http://www.ibm.com/timex#o http://ex.org/variable#140	1
http://ex.org/variable#49 http://www.ibm.com/timex#d_s http://ex.org/variable#141	1
http://ex.org/variable#49 http://www.ibm.com/timex#o http://ex.org/variable#142	1
http://ex.org/variable#49 http://www.ibm.com/timex#o http://ex.org/variable#143	1
http://ex.org/variable#49 http://www.ibm.com/timex#o http://ex.org/variable#144	1
http://ex.org/variable#49 http://www.ibm.com/timex#b http://ex.org/variable#145	1
http://ex.org/variable#49 http://www.ibm.com/timex#o http://ex.org/variable#146	1
http://ex.org/variable#49 http://www.ibm.com/timex#o http://ex.org/variable#147	1
http://ex.org/variable#49 http://www.ibm.com/timex#o http://ex.org/variable#148	1
http://ex.org/variable#49 http://www.ibm.com/timex#oi_d_f http://ex.org/variable#149	1
http://ex.org/variable#49 http://www.ibm.com/timex#b http://ex.org/variable#150	1
http://ex.org/variable#49 http://www.ibm.com/timex#o http://ex.org/variable#151	1
http://ex.org/variable#49 http://www.ibm.com/timex#di http://ex.org/variable#152	1
http://ex.org/variable#49 http://www.ibm.com/timex#o http://ex.org/variable#153	1
http://ex.org/variable#49 http://www.ibm.com/timex#o http://ex.org/variable#154	1
http://ex.org/variable#49 http://www.ibm.com/timex#d http://ex.org/variable#155	1
http://ex.org/variable#49 http://www.ibm.com/timex#o http://ex.org/variable#156	1
http://ex.org/variable#49 http://www.ibm.com/timex#di http://ex.org/variable#157	1
http://ex.org/variable#49 http://www.ibm.com/timex#o http://ex.org/variable#158	1
http://ex.org/variable#49 http://www.ibm.com/timex#o http://ex.org/variable#159	1
http://ex.org/variable#49 http://www.ibm.com/timex#o http://ex.org/variable#160	1
http://ex.org/variable#49 http://www.ibm.com/timex#o http://ex.org/variable#161	1
http://ex.org/variable#49 http://www.ibm.com/timex#o http://ex.org/variable#162	1
http://ex.org/variable#49 http://www.ibm.com/timex#m_o http://ex.org/variable#163	1
http://ex.org/variable#49 http://www.ibm.com/timex#o http://ex.org/variable#164	1
http://ex.org/variable#49 http://www.ibm.com/timex#o http://ex.org/variable#165	1
http://ex.org/variable#49 http://www.ibm.com/timex#o http://ex.org/variable#166	1
http://ex.org/variable#49 http://www.ibm.com/timex#o http://ex.org/variable#167	1
http://ex.org/variable#49 http://www.ibm.com/timex#b http://ex.org/variable#168	1
http://ex.org/variable#49 http://www.ibm.com/timex#o http://ex.org/variable#169	1
http://ex.org/variable#49 http://www.ibm.com/timex#b http://ex.org/variable#170	1
http://ex.org/variable#49 http://www.ibm.com/timex#o http://ex.org/variable#171	1
http://ex.org/variable#49 http://www.ibm.com/timex#oi http://ex.org/variable#172	1
http://ex.org/variable#49 http://www.ibm.com/timex#b http://ex.org/variable#173	1
http://ex.org/variable#49 http://www.ibm.com/timex#b http://ex.org/variable#174	1
http://ex.org/variable#49 http://www.ibm.com/timex#o http://ex.org/variable#175	1
http://ex.org/variable#49 http://www.ibm.com/timex#o http://ex.org/variable#176	1
http://ex.org/variable#49 http://www.ibm.com/timex#o http://ex.org/variable#177	1
http://ex.org/variable#49 http://www.ibm.com/timex#o http://ex.org/variable#178	1
http://ex.org/variable#49 http://www.ibm.com/timex#o http://ex.org/variable#179	1
http://ex.org/variable#49 http://www.ibm.com/timex#di http://ex.org/variable#180	1
http://ex.org/variable#49 http://www.ibm.com/timex#di http://ex.org/variable#181	1
http://ex.org/variable#49 http://www.ibm.com/timex#o http://ex.org/variable#182	1
http://ex.org/variable#49 http://www.ibm.com/timex#b http://ex.org/variable#183	1
http://ex.org/variable#49 http://www.ibm.com/timex#o http://ex.org/variable#184	1
http://ex.org/variable#49 http://www.ibm.com/timex#o http://ex.org/variable#185	1
http://ex.org/variable#49 http://www.ibm.com/timex#b http://ex.org/variable#186	1
http://ex.org/variable#49 http://www.ibm.com/timex#d http://ex.org/variable#187	1
http://ex.org/variable#49 http://www.ibm.com/timex#b http://ex.org/variable#188	1
http://ex.org/variable#49 http://www.ibm.com/timex#o http://ex.org/variable#189	1
http://ex.org/variable#50 http://www.ibm.com/timex#oi_d_f http://ex.org/variable#0	1
http://ex.org/variable#50 http://www.ibm.com/timex#o_di_fi http://ex.org/variable#1	1
http://ex.org/variable#50 http://www.ibm.com/timex#oi http://ex.org/variable#2	1
http://ex.org/variable#50 http://www.ibm.com/timex#di http://ex.org/variable#3	1
http://ex.org/variable#50 http://www.ibm.com/timex#d http://ex.org/variable#4	1
http://ex.org/variable#50 http://www.ibm.com/timex#oi http://ex.org/variable#5	1
http://ex.org/variable#50 http://www.ibm.com/timex#di http://ex.org/variable#6	1
http://ex.org/variable#50 http://www.ibm.com/timex#oi_d_f http://ex.org/variable#7	1
http://ex.org/variable#50 http://www.ibm.com/timex#bi http://ex.org/variable#8	1
http://ex.org/variable#50 http://www.ibm.com/timex#o http://ex.org/variable#9	1
http://ex.org/variable#50 http://www.ibm.com/timex#oi_si http://ex.org/variable#10	1
http://ex.org/variable#50 http://www.ibm.com/timex#oi http://ex.org/variable#11	1
http://ex.org/variable#50 http://www.ibm.com/timex#d http://ex.org/variable#12	1
http://ex.org/variable#50 http://www.ibm.com/timex#oi http://ex.org/variable#13	1
http://ex.org/variable#50 http://www.ibm.com/timex#di http://ex.org/variable#14	1
http://ex.org/variable#50 http://www.ibm.com/timex#oi http://ex.org/variable#15	1
http://ex.org/variable#50 http://www.ibm.com/timex#oi http://ex.org/variable#16	1
http://ex.org/variable#50 http://www.ibm.com/timex#di http://ex.org/variable#17	1
http://ex.org/variable#50 http://www.ibm.com/timex#oi http://ex.org/variable#18	1
http://ex.org/variable#50 http://www.ibm.com/timex#oi http://ex.org/variable#19	1
http://ex.org/variable#50 http://www.ibm.com/timex#d http://ex.org/variable#20	1
http://ex.org/variable#50 http://www.ibm.com/timex#di http://ex.org/variable#21	1
http://ex.org/variable#50 http://www.ibm.com/timex#d http://ex.org/variable#22	1
http://ex.org/variable#50 http://www.ibm.com/timex#oi http://ex.org/variable#23	1
http://ex.org/variable#50 http://www.ibm.com/timex#oi http://ex.org/variable#24	1
http://ex.org/variable#50 http://www.ibm.com/timex#bi http://ex.org/variable#25	1
http://ex.org/variable#50 http://www.ibm.com/timex#di http://ex.org/variable#26	1
http://ex.org/variable#50 http://www.ibm.com/timex#oi http://ex.org/variable#27	1
http://ex.org/variable#50 http://www.ibm.com/timex#di http://ex.org/variable#28	1
http://ex.org/variable#50 http://www.ibm.com/timex#oi http://ex.org/variable#29	1
http://ex.org/variable#50 http://www.ibm.com/timex#di http://ex.org/variable#30	1
http://ex.org/variable#50 http://www.ibm.com/timex#oi http://ex.org/variable#31	1
http://ex.org/variable#50 http://www.ibm.com/timex#oi http://ex.org/variable#32	1
http://ex.org/variable#50 http://www.ibm.com/timex#o http://ex.org/variable#33	1
http://ex.org/variable#50 http://www.ibm.com/timex#oi http://ex.org/variable#34	1
http://ex.org/variable#50 http://www.ibm.com/timex#di http://ex.org/variable#35	1
http://ex.org/variable#50 http://www.ibm.com/timex#oi http://ex.org/variable#36	1
http://ex.org/variable#50 http://www.ibm.com/timex#oi http://ex.org/variable#37	1
http://ex.org/variable#50 http://www.ibm.com/timex#oi http://ex.org/variable#38	1
http://ex.org/variable#50 http://www.ibm.com/timex#di http://ex.org/variable#39	1
http://ex.org/variable#50 http://www.ibm.com/timex#oi http://ex.org/variable#40	1
http://ex.org/variable#50 http://www.ibm.com/timex#oi http://ex.org/variable#41	1
http://ex.org/variable#50 http://www.ibm.com/timex#oi_d_f http://ex.org/variable#42	1
http://ex.org/variable#50 http://www.ibm.com/timex#oi http://ex.org/variable#43	1
http://ex.org/variable#50 http://www.ibm.com/timex#oi http://ex.org/variable#44	1
http://ex.org/variable#50 http://www.ibm.com/timex#o http://ex.org/variable#45	1
http://ex.org/variable#50 http://www.ibm.com/timex#oi http://ex.org/variable#46	1
http://ex.org/variable#50 http://www.ibm.com/timex#oi http://ex.org/variable#47	1
http://ex.org/variable#50 http://www.ibm.com/timex#di http://ex.org/variable#48	1
http://ex.org/variable#50 http://www.ibm.com/timex#oi http://ex.org/variable#49	1
http://ex.org/variable#50 http://www.ibm.com/timex#di http://ex.org/variable#51	1
http://ex.org/variable#50 http://www.ibm.com/timex#oi http://ex.org/variable#52	1
http://ex.org/variable#50 http://www.ibm.com/timex#oi http://ex.org/variable#53	1
http://ex.org/variable#50 http://www.ibm.com/timex#oi http://ex.org/variable#54	1
http://ex.org/variable#50 http://www.ibm.com/timex#oi_si http://ex.org/variable#55	1
http://ex.org/variable#50 http://www.ibm.com/timex#oi http://ex.org/variable#56	1
http://ex.org/variable#50 http://www.ibm.com/timex#oi http://ex.org/variable#57	1
http://ex.org/variable#50 http://www.ibm.com/timex#oi http://ex.org/variable#58	1
http://ex.org/variable#50 http://www.ibm.com/timex#d http://ex.org/variable#59	1
http://ex.org/variable#50 http://www.ibm.com/timex#oi_d_f http://ex.org/variable#60	1
http://ex.org/variable#50 http://www.ibm.com/timex#d http://ex.org/variable#61	1
http://ex.org/variable#50 http://www.ibm.com/timex#d http://ex.org/variable#62	1
http://ex.org/variable#50 http://www.ibm.com/timex#oi http://ex.org/variable#63	1
http://ex.org/variable#50 http://www.ibm.com/timex#oi http://ex.org/variable#64	1
http://ex.org/variable#50 http://www.ibm.com/timex#bi http://ex.org/variable#65	1
http://ex.org/variable#50 http://www.ibm.com/timex#oi http://ex.org/variable#66	1
http://ex.org/variable#50 http://www.ibm.com/timex#d http://ex.org/variable#67	1
http://ex.org/variable#50 http://www.ibm.com/timex#oi http://ex.org/variable#68	1
http://ex.org/variable#50 http://www.ibm.com/timex#oi http://ex.org/variable#69	1
http://ex.org/variable#50 http://www.ibm.com/timex#d http://ex.org/variable#70	1
http://ex.org/variable#50 http://www.ibm.com/timex#oi http://ex.org/variable#71	1
http://ex.org/variable#50 http://www.ibm.com/timex#oi_di_si http://ex.org/variable#72	1
http://ex.org/variable#50 http://www.ibm.com/timex#oi http://ex.org/variable#73	1
http://ex.org/variable#50 http://www.ibm.com/timex#oi http://ex.org/variable#74	1
http://ex.org/variable#50 http://www.ibm.com/timex#oi http://ex.org/variable#75	1
http://ex.org/variable#50 http://www.ibm.com/timex#oi http://ex.org/variable#76	1
http://ex.org/variable#50 http://www.ibm.com/timex#d http://ex.org/variable#77	1
http://ex.org/variable#50 http://www.ibm.com/timex#oi http://ex.org/variable#78	1
http://ex.org/variable#50 http://www.ibm.com/timex#oi http://ex.org/variable#79	1
http://ex.org/variable#50 http://www.ibm.com/timex#oi_d_f http://ex.org/variable#80	1
http://ex.org/variable#50 http://www.ibm.com/timex#oi http://ex.org/variable#81	1
http://ex.org/variable#50 http://www.ibm.com/timex#oi http://ex.org/variable#82	1
http://ex.org/variable#50 http://www.ibm.com/timex#oi http://ex.org/variable#83	1
http://ex.org/variable#50 http://www.ibm.com/timex#di http://ex.org/variable#84	1
http://ex.org/variable#50 http://www.ibm.com/timex#di http://ex.org/variable#85	1
http://ex.org/variable#50 http://www.ibm.com/timex#d http://ex.org/variable#86	1
http://ex.org/variable#50 http://www.ibm.com/timex#di http://ex.org/variable#87	1
http://ex.org/variable#50 http://www.ibm.com/timex#di http://ex.org/variable#88	1
http://ex.org/variable#50 http://www.ibm.com/timex#oi_f http://ex.org/variable#89	1
http://ex.org/variable#50 http://www.ibm.com/timex#oi http://ex.org/variable#90	1
http://ex.org/variable#50 http://www.ibm.com/timex#oi_d_f http://ex.org/variable#91	1
http://ex.org/variable#50 http://www.ibm.com/timex#o http://ex.org/variable#92	1
http://ex.org/variable#50 http://www.ibm.com/timex#oi http://ex.org/variable#93	1
http://ex.org/variable#50 http://www.ibm.com/timex#oi http://ex.org/variable#94	1
http://ex.org/variable#50 http://www.ibm.com/timex#di http://ex.org/variable#95	1
http://ex.org/variable#50 http://www.ibm.com/timex#bi http://ex.org/variable#96	1
http://ex.org/variable#50 http://www.ibm.com/timex#oi http://ex.org/variable#97	1
http://ex.org/variable#50 http://www.ibm.com/timex#di http://ex.org/variable#98	1
http://ex.org/variable#50 http://www.ibm.com/timex#di http://ex.org/variable#99	1
http://ex.org/variable#50 http://www.ibm.com/timex#bi http://ex.org/variable#100	1
http://ex.org/variable#50 http://www.ibm.com/timex#oi http://ex.org/variable#101	1
http://ex.org/variable#50 http://www.ibm.com/timex#di http://ex.org/variable#102	1
http://ex.org/variable#50 http://www.ibm.com/timex#oi http://ex.org/variable#103	1
http://ex.org/variable#50 http://www.ibm.com/timex#di http://ex.org/variable#104	1
http://ex.org/variable#50 http://www.ibm.com/timex#oi http://ex.org/variable#105	1
http://ex.org/variable#50 http://www.ibm.com/timex#oi http://ex.org/variable#106	1
http://ex.org/variable#50 http://www.ibm.com/timex#oi http://ex.org/variable#107	1
http://ex.org/variable#50 http://www.ibm.com/timex#di http://ex.org/variable#108	1
http://ex.org/variable#50 http://www.ibm.com/timex#di http://ex.org/variable#109	1
http://ex.org/variable#50 http://www.ibm.com/timex#oi http://ex.org/variable#110	1
http://ex.org/variable#50 http://www.ibm.com/timex#oi http://ex.org/variable#111	1
http://ex.org/variable#50 http://www.ibm.com/timex#oi http://ex.org/variable#112	1
http://ex.org/variable#50 http://www.ibm.com/timex#di http://ex.org/variable#113	1
http://ex.org/variable#50 http://www.ibm.com/timex#oi http://ex.org/variable#114	1
http://ex.org/variable#50 http://www.ibm.com/timex#di http://ex.org/variable#115	1
http://ex.org/variable#50 http://www.ibm.com/timex#di http://ex.org/variable#116	1
http://ex.org/variable#50 http://www.ibm.com/timex#oi http://ex.org/variable#117	1
http://ex.org/variable#50 http://www.ibm.com/timex#oi http://ex.org/variable#118	1
http://ex.org/variable#50 http://www.ibm.com/timex#oi http://ex.org/variable#119	1
http://ex.org/variable#50 http://www.ibm.com/timex#oi http://ex.org/variable#120	1
http://ex.org/variable#50 http://www.ibm.com/timex#di http://ex.org/variable#121	1
http://ex.org/variable#50 http://www.ibm.com/timex#oi http://ex.org/variable#122	1
http://ex.org/variable#50 http://www.ibm.com/timex#eq_o_oi_d_di_s_si_f_fi http://ex.org/variable#123	1
http://ex.org/variable#50 http://www.ibm.com/timex#oi http://ex.org/variable#124	1
http://ex.org/variable#50 http://www.ibm.com/timex#oi http://ex.org/variable#125	1
http://ex.org/variable#50 http://www.ibm.com/timex#di http://ex.org/variable#126	1
http://ex.org/variable#50 http://www.ibm.com/timex#di http://ex.org/variable#127	1
http://ex.org/variable#50 http://www.ibm.com/timex#oi_d_f http://ex.org/variable#128	1
http://ex.org/variable#50 http://www.ibm.com/timex#oi http://ex.org/variable#129	1
http://ex.org/variable#50 http://www.ibm.com/timex#oi http://ex.org/variable#130	1
http://ex.org/variable#50 http://www.ibm.com/timex#o http://ex.org/variable#131	1
http://ex.org/variable#50 http://www.ibm.com/timex#oi http://ex.org/variable#132	1
http://ex.org/variable#50 http://www.ibm.com/timex#o http://ex.org/variable#133	1
http://ex.org/variable#50 http://www.ibm.com/timex#oi http://ex.org/variable#134	1
http://ex.org/variable#50 http://www.ibm.com/timex#d http://ex.org/variable#135	1
http://ex.org/variable#50 http://www.ibm.com/timex#d http://ex.org/variable#136	1
http://ex.org/variable#50 http://www.ibm.com/timex#di http://ex.org/variable#137	1
http://ex.org/variable#50 http://www.ibm.com/timex#di http://ex.org/variable#138	1
http://ex.org/variable#50 http://www.ibm.com/timex#oi http://ex.org/variable#139	1
http://ex.org/variable#50 http://www.ibm.com/timex#oi http://ex.org/variable#140	1
http://ex.org/variable#50 http://www.ibm.com/timex#oi_d_f http://ex.org/variable#141	1
http://ex.org/variable#50 http://www.ibm.com/timex#oi http://ex.org/variable#142	1
http://ex.org/variable#50 http://www.ibm.com/timex#oi http://ex.org/variable#143	1
http://ex.org/variable#50 http://www.ibm.com/timex#oi_d_f http://ex.org/variable#144	1
http://ex.org/variable#50 http://www.ibm.com/timex#di http://ex.org/variable#145	1
http://ex.org/variable#50 http://www.ibm.com/timex#d http://ex.org/variable#146	1
http://ex.org/variable#50 http://www.ibm.com/timex#oi http://ex.org/variable#147	1
http://ex.org/variable#50 http://www.ibm.com/timex#oi http://ex.org/variable#148	1
http://ex.org/variable#50 http://www.ibm.com/timex#bi_mi_oi http://ex.org/variable#149	1
http://ex.org/variable#50 http://www.ibm.com/timex#o http://ex.org/variable#150	1
http://ex.org/variable#50 http://www.ibm.com/timex#d http://ex.org/variable#151	1
http://ex.org/variable#50 http://www.ibm.com/timex#bi http://ex.org/variable#152	1
http://ex.org/variable#50 http://www.ibm.com/timex#d http://ex.org/variable#153	1
http://ex.org/variable#50 http://www.ibm.com/timex#di http://ex.org/variable#154	1
http://ex.org/variable#50 http://www.ibm.com/timex#oi http://ex.org/variable#155	1
http://ex.org/variable#50 http://www.ibm.com/timex#oi http://ex.org/variable#156	1
http://ex.org/variable#50 http://www.ibm.com/timex#bi http://ex.org/variable#157	1
http://ex.org/variable#50 http://www.ibm.com/timex#oi http://ex.org/variable#158	1
http://ex.org/variable#50 http://www.ibm.com/timex#o http://ex.org/variable#159	1
http://ex.org/variable#50 http://www.ibm.com/timex#oi http://ex.org/variable#160	1
http://ex.org/variable#50 http://www.ibm.com/timex#di http://ex.org/variable#161	1
http://ex.org/variable#50 http://www.ibm.com/timex#oi http://ex.org/variable#162	1
http://ex.org/variable#50 http://www.ibm.com/timex#di http://ex.org/variable#163	1
http://ex.org/variable#50 http://www.ibm.com/timex#oi_di_si http://ex.org/variable#164	1
http://ex.org/variable#50 http://www.ibm.com/timex#oi http://ex.org/variable#165	1
http://ex.org/variable#50 http://www.ibm.com/timex#oi http://ex.org/variable#166	1
http://ex.org/variable#50 http://www.ibm.com/timex#oi http://ex.org/variable#167	1
http://ex.org/variable#50 http://www.ibm.com/timex#di http://ex.org/variable#168	1
http://ex.org/variable#50 http://www.ibm.com/timex#oi http://ex.org/variable#169	1
http://ex.org/variable#50 http://www.ibm.com/timex#di http://ex.org/variable#170	1
http://ex.org/variable#50 http://www.ibm.com/timex#oi http://ex.org/variable#171	1
http://ex.org/variable#50 http://www.ibm.com/timex#bi http://ex.org/variable#172	1
http://ex.org/variable#50 http://www.ibm.com/timex#di http://ex.org/variable#173	1
http://ex.org/variable#50 http://www.ibm.com/timex#di http://ex.org/variable#174	1
http://ex.org/variable#50 http://www.ibm.com/timex#oi http://ex.org/variable#175	1
http://ex.org/variable#50 http://www.ibm.com/timex#o http://ex.org/variable#176	1
http://ex.org/variable#50 http://www.ibm.com/timex#oi http://ex.org/variable#177	1
http://ex.org/variable#50 http://www.ibm.com/timex#d http://ex.org/variable#178	1
http://ex.org/variable#50 http://www.ibm.com/timex#di http://ex.org/variable#179	1
http://ex.org/variable#50 http://www.ibm.com/timex#bi http://ex.org/variable#180	1
http://ex.org/variable#50 http://www.ibm.com/timex#bi http://ex.org/variable#181	1
http://ex.org/variable#50 http://www.ibm.com/timex#di http://ex.org/variable#182	1
http://ex.org/variable#50 http://www.ibm.com/timex#di http://ex.org/variable#183	1
http://ex.org/variable#50 http://www.ibm.com/timex#oi http://ex.org/variable#184	1
http://ex.org/variable#50 http://www.ibm.com/timex#oi http://ex.org/variable#185	1
http://ex.org/variable#50 http://www.ibm.com/timex#di http://ex.org/variable#186	1
http://ex.org/variable#50 http://www.ibm.com/timex#oi http://ex.org/variable#187	1
http://ex.org/variable#50 http://www.ibm.com/timex#di http://ex.org/variable#188	1
http://ex.org/variable#50 http://www.ibm.com/timex#di http://ex.org/variable#189	1
http://ex.org/variable#51 http://www.ibm.com/timex#d http://ex.org/variable#0	1
http://ex.org/variable#51 http://www.ibm.com/timex#o http://ex.org/variable#1	1
http://ex.org/variable#51 http://www.ibm.com/timex#d http://ex.org/variable#2	1
http://ex.org/variable#51 http://www.ibm.com/timex#oi http://ex.org/variable#3	1
http://ex.org/variable#51 http://www.ibm.com/timex#d http://ex.org/variable#4	1
http://ex.org/variable#51 http://www.ibm.com/timex#bi http://ex.org/variable#5	1
http://ex.org/variable#51 http://www.ibm.com/timex#d http://ex.org/variable#6	1
http://ex.org/variable#51 http://www.ibm.com/timex#d http://ex.org/variable#7	1
http://ex.org/variable#51 http://www.ibm.com/timex#bi http://ex.org/variable#8	1
http://ex.org/variable#51 http://www.ibm.com/timex#d http://ex.org/variable#9	1
http://ex.org/variable#51 http://www.ibm.com/timex#d http://ex.org/variable#10	1
http://ex.org/variable#51 http://www.ibm.com/timex#d http://ex.org/variable#11	1
http://ex.org/variable#51 http://www.ibm.com/timex#d http://ex.org/variable#12	1
http://ex.org/variable#51 http://www.ibm.com/timex#bi http://ex.org/variable#13	1
http://ex.org/variable#51 http://www.ibm.com/timex#bi http://ex.org/variable#14	1
http://ex.org/variable#51 http://www.ibm.com/timex#oi http://ex.org/variable#15	1
http://ex.org/variable#51 http://www.ibm.com/timex#bi http://ex.org/variable#16	1
http://ex.org/variable#51 http://www.ibm.com/timex#di http://ex.org/variable#17	1
http://ex.org/variable#51 http://www.ibm.com/timex#oi http://ex.org/variable#18	1
http://ex.org/variable#51 http://www.ibm.com/timex#bi http://ex.org/variable#19	1
http://ex.org/variable#51 http://www.ibm.com/timex#d http://ex.org/variable#20	1
http://ex.org/variable#51 http://www.ibm.com/timex#d http://ex.org/variable#21	1
http://ex.org/variable#51 http://www.ibm.com/timex#d http://ex.org/variable#22	1
http://ex.org/variable#51 http://www.ibm.com/timex#bi http://ex.org/variable#23	1
http://ex.org/variable#51 http://www.ibm.com/timex#d http://ex.org/variable#24	1
http://ex.org/variable#51 http://www.ibm.com/timex#bi http://ex.org/variable#25	1
http://ex.org/variable#51 http://www.ibm.com/timex#s http://ex.org/variable#26	1
http://ex.org/variable#51 http://www.ibm.com/timex#bi http://ex.org/variable#27	1
http://ex.org/variable#51 http://www.ibm.com/timex#d http://ex.org/variable#28	1
http://ex.org/variable#51 http://www.ibm.com/timex#d http://ex.org/variable#29	1
http://ex.org/variable#51 http://www.ibm.com/timex#bi http://ex.org/variable#30	1
http://ex.org/variable#51 http://www.ibm.com/timex#bi http://ex.org/variable#31	1
http://ex.org/variable#51 http://www.ibm.com/timex#bi http://ex.org/variable#32	1
http://ex.org/variable#51 http://www.ibm.com/timex#o_s http://ex.org/variable#33	1
http://ex.org/variable#51 http://www.ibm.com/timex#oi http://ex.org/variable#34	1
http://ex.org/variable#51 http://www.ibm.com/timex#bi http://ex.org/variable#35	1
http://ex.org/variable#51 http://www.ibm.com/timex#bi http://ex.org/variable#36	1
http://ex.org/variable#51 http://www.ibm.com/timex#bi http://ex.org/variable#37	1
http://ex.org/variable#51 http://www.ibm.com/timex#oi http://ex.org/variable#38	1
http://ex.org/variable#51 http://www.ibm.com/timex#oi_di_si http://ex.org/variable#39	1
http://ex.org/variable#51 http://www.ibm.com/timex#mi_oi http://ex.org/variable#40	1
http://ex.org/variable#51 http://www.ibm.com/timex#d http://ex.org/variable#41	1
http://ex.org/variable#51 http://www.ibm.com/timex#d http://ex.org/variable#42	1
http://ex.org/variable#51 http://www.ibm.com/timex#oi http://ex.org/variable#43	1
http://ex.org/variable#51 http://www.ibm.com/timex#d http://ex.org/variable#44	1
http://ex.org/variable#51 http://www.ibm.com/timex#d http://ex.org/variable#45	1
http://ex.org/variable#51 http://www.ibm.com/timex#bi http://ex.org/variable#46	1
http://ex.org/variable#51 http://www.ibm.com/timex#oi http://ex.org/variable#47	1
http://ex.org/variable#51 http://www.ibm.com/timex#di http://ex.org/variable#48	1
http://ex.org/variable#51 http://www.ibm.com/timex#bi http://ex.org/variable#49	1
http://ex.org/variable#51 http://www.ibm.com/timex#d http://ex.org/variable#50	1
http://ex.org/variable#51 http://www.ibm.com/timex#oi_d_f http://ex.org/variable#52	1
http://ex.org/variable#51 http://www.ibm.com/timex#d http://ex.org/variable#53	1
http://ex.org/variable#51 http://www.ibm.com/timex#oi http://ex.org/variable#54	1
http://ex.org/variable#51 http://www.ibm.com/timex#oi http://ex.org/variable#55	1
http://ex.org/variable#51 http://www.ibm.com/timex#bi http://ex.org/variable#56	1
http://ex.org/variable#51 http://www.ibm.com/timex#bi http://ex.org/variable#57	1
http://ex.org/variable#51 http://www.ibm.com/timex#oi http://ex.org/variable#58	1
http://ex.org/variable#51 http://www.ibm.com/timex#d http://ex.org/variable#59	1
http://ex.org/variable#51 http://www.ibm.com/timex#d http://ex.org/variable#60	1
http://ex.org/variable#51 http://www.ibm.com/timex#d http://ex.org/variable#61	1
http://ex.org/variable#51 http://www.ibm.com/timex#d http://ex.org/variable#62	1
http://ex.org/variable#51 http://www.ibm.com/timex#oi_d_f http://ex.org/variable#63	1
http://ex.org/variable#51 http://www.ibm.com/timex#d http://ex.org/variable#64	1
http://ex.org/variable#51 http://www.ibm.com/timex#bi http://ex.org/variable#65	1
http://ex.org/variable#51 http://www.ibm.com/timex#bi http://ex.org/variable#66	1
http://ex.org/variable#51 http://www.ibm.com/timex#d http://ex.org/variable#67	1
http://ex.org/variable#51 http://www.ibm.com/timex#d http://ex.org/variable#68	1
http://ex.org/variable#51 http://www.ibm.com/timex#bi http://ex.org/variable#69	1
http://ex.org/variable#51 http://www.ibm.com/timex#d http://ex.org/variable#70	1
http://ex.org/variable#51 http://www.ibm.com/timex#bi http://ex.org/variable#71	1
http://ex.org/variable#51 http://www.ibm.com/timex#d http://ex.org/variable#72	1
http://ex.org/variable#51 http://www.ibm.com/timex#oi http://ex.org/variable#73	1
http://ex.org/variable#51 http://www.ibm.com/timex#d http://ex.org/variable#74	1
http://ex.org/variable#51 http://www.ibm.com/timex#oi http://ex.org/variable#75	1
http://ex.org/variable#51 http://www.ibm.com/timex#d http://ex.org/variable#76	1
http://ex.org/variable#51 http://www.ibm.com/timex#d http://ex.org/variable#77	1
http://ex.org/variable#51 http://www.ibm.com/timex#oi http://ex.org/variable#78	1
http://ex.org/variable#51 http://www.ibm.com/timex#bi http://ex.org/variable#79	1
http://ex.org/variable#51 http://www.ibm.com/timex#d http://ex.org/variable#80	1
http://ex.org/variable#51 http://www.ibm.com/timex#bi http://ex.org/variable#81	1
http://ex.org/variable#51 http://www.ibm.com/timex#bi http://ex.org/variable#82	1
http://ex.org/variable#51 http://www.ibm.com/timex#d http://ex.org/variable#83	1
http://ex.org/variable#51 http://www.ibm.com/timex#d http://ex.org/variable#84	1
http://ex.org/variable#51 http://www.ibm.com/timex#d http://ex.org/variable#85	1
http://ex.org/variable#51 http://www.ibm.com/timex#d http://ex.org/variable#86	1
http://ex.org/variable#51 http://www.ibm.com/timex#d http://ex.org/variable#87	1
http://ex.org/variable#51 http://www.ibm.com/timex#b http://ex.org/variable#88	1
http://ex.org/variable#51 http://www.ibm.com/timex#d http://ex.org/variable#89	1
http://ex.org/variable#51 http://www.ibm.com/timex#oi http://ex.org/variable#90	1
http://ex.org/variable#51 http://www.ibm.com/timex#d http://ex.org/variable#91	1
http://ex.org/variable#51 http://www.ibm.com/timex#d http://ex.org/variable#92	1
http://ex.org/variable#51 http://www.ibm.com/timex#d http://ex.org/variable#93	1
http://ex.org/variable#51 http://www.ibm.com/timex#bi http://ex.org/variable#94	1
http://ex.org/variable#51 http://www.ibm.com/timex#bi http://ex.org/variable#95	1
http://ex.org/variable#51 http://www.ibm.com/timex#bi http://ex.org/variable#96	1
http://ex.org/variable#51 http://www.ibm.com/timex#d http://ex.org/variable#97	1
http://ex.org/variable#51 http://www.ibm.com/timex#o http://ex.org/variable#98	1
http://ex.org/variable#51 http://www.ibm.com/timex#s http://ex.org/variable#99	1
http://ex.org/variable#51 http://www.ibm.com/timex#bi http://ex.org/variable#100	1
http://ex.org/variable#51 http://www.ibm.com/timex#d http://ex.org/variable#101	1
http://ex.org/variable#51 http://www.ibm.com/timex#bi http://ex.org/variable#102	1
http://ex.org/variable#51 http://www.ibm.com/timex#oi http://ex.org/variable#103	1
http://ex.org/variable#51 http://www.ibm.com/timex#b http://ex.org/variable#104	1
http://ex.org/variable#51 http://www.ibm.com/timex#d http://ex.org/variable#105	1
http://ex.org/variable#51 http://www.ibm.com/timex#d http://ex.org/variable#106	1
http://ex.org/variable#51 http://www.ibm.com/timex#oi http://ex.org/variable#107	1
http://ex.org/variable#51 http://www.ibm.com/timex#bi http://ex.org/variable#108	1
http://ex.org/variable#51 http://www.ibm.com/timex#bi http://ex.org/variable#109	1
http://ex.org/variable#51 http://www.ibm.com/timex#d http://ex.org/variable#110	1
http://ex.org/variable#51 http://www.ibm.com/timex#bi http://ex.org/variable#111	1
http://ex.org/variable#51 http://www.ibm.com/timex#oi http://ex.org/variable#112	1
http://ex.org/variable#51 http://www.ibm.com/timex#bi http://ex.org/variable#113	1
http://ex.org/variable#51 http://www.ibm.com/timex#d http://ex.org/variable#114	1
http://ex.org/variable#51 http://www.ibm.com/timex#b http://ex.org/variable#115	1
http://ex.org/variable#51 http://www.ibm.com/timex#bi http://ex.org/variable#116	1
http://ex.org/variable#51 http://www.ibm.com/timex#bi http://ex.org/variable#117	1
http://ex.org/variable#51 http://www.ibm.com/timex#bi http://ex.org/variable#118	1
http://ex.org/variable#51 http://www.ibm.com/timex#d http://ex.org/variable#119	1
http://ex.org/variable#51 http://www.ibm.com/timex#bi http://ex.org/variable#120	1
http://ex.org/variable#51 http://www.ibm.com/timex#b http://ex.org/variable#121	1
http://ex.org/variable#51 http://www.ibm.com/timex#d http://ex.org/variable#122	1
http://ex.org/variable#51 http://www.ibm.com/timex#d http://ex.org/variable#123	1
http://ex.org/variable#51 http://www.ibm.com/timex#bi http://ex.org/variable#124	1
http://ex.org/variable#51 http://www.ibm.com/timex#bi http://ex.org/variable#125	1
http://ex.org/variable#51 http://www.ibm.com/timex#d http://ex.org/variable#126	1
http://ex.org/variable#51 http://www.ibm.com/timex#d http://ex.org/variable#127	1
http://ex.org/variable#51 http://www.ibm.com/timex#d http://ex.org/variable#128	1
http://ex.org/variable#51 http://www.ibm.com/timex#bi http://ex.org/variable#129	1
http://ex.org/variable#51 http://www.ibm.com/timex#bi http://ex.org/variable#130	1
http://ex.org/variable#51 http://www.ibm.com/timex#m_o http://ex.org/variable#131	1
http://ex.org/variable#51 http://www.ibm.com/timex#d http://ex.org/variable#132	1
http://ex.org/variable#51 http://www.ibm.com/timex#d http://ex.org/variable#133	1
http://ex.org/variable#51 http://www.ibm.com/timex#bi http://ex.org/variable#134	1
http://ex.org/variable#51 http://www.ibm.com/timex#d http://ex.org/variable#135	1
http://ex.org/variable#51 http://www.ibm.com/timex#d http://ex.org/variable#136	1
http://ex.org/variable#51 http://www.ibm.com/timex#bi http://ex.org/variable#137	1
http://ex.org/variable#51 http://www.ibm.com/timex#d_s http://ex.org/variable#138	1
http://ex.org/variable#51 http://www.ibm.com/timex#bi http://ex.org/variable#139	1
http://ex.org/variable#51 http://www.ibm.com/timex#bi http://ex.org/variable#140	1
http://ex.org/variable#51 http://www.ibm.com/timex#d http://ex.org/variable#141	1
http://ex.org/variable#51 http://www.ibm.com/timex#bi http://ex.org/variable#142	1
http://ex.org/variable#51 http://www.ibm.com/timex#d http://ex.org/variable#143	1
http://ex.org/variable#51 http://www.ibm.com/timex#d http://ex.org/variable#144	1
http://ex.org/variable#51 http://www.ibm.com/timex#d http://ex.org/variable#145	1
http://ex.org/variable#51 http://www.ibm.com/timex#d http://ex.org/variable#146	1
http://ex.org/variable#51 http://www.ibm.com/timex#oi http://ex.org/variable#147	1
http://ex.org/variable#51 http://www.ibm.com/timex#d http://ex.org/variable#148	1
http://ex.org/variable#51 http://www.ibm.com/timex#bi http://ex.org/variable#149	1
http://ex.org/variable#51 http://www.ibm.com/timex#o_s http://ex.org/variable#150	1
http://ex.org/variable#51 http://www.ibm.com/timex#d http://ex.org/variable#151	1
http://ex.org/variable#51 http://www.ibm.com/timex#bi http://ex.org/variable#152	1
http://ex.org/variable#51 http://www.ibm.com/timex#d http://ex.org/variable#153	1
http://ex.org/variable#51 http://www.ibm.com/timex#bi http://ex.org/variable#154	1
http://ex.org/variable#51 http://www.ibm.com/timex#oi http://ex.org/variable#155	1
http://ex.org/variable#51 http://www.ibm.com/timex#d http://ex.org/variable#156	1
http://ex.org/variable#51 http://www.ibm.com/timex#bi http://ex.org/variable#157	1
http://ex.org/variable#51 http://www.ibm.com/timex#bi http://ex.org/variable#158	1
http://ex.org/variable#51 http://www.ibm.com/timex#d http://ex.org/variable#159	1
http://ex.org/variable#51 http://www.ibm.com/timex#d http://ex.org/variable#160	1
http://ex.org/variable#51 http://www.ibm.com/timex#bi http://ex.org/variable#161	1
http://ex.org/variable#51 http://www.ibm.com/timex#bi http://ex.org/variable#162	1
http://ex.org/variable#51 http://www.ibm.com/timex#d http://ex.org/variable#163	1
http://ex.org/variable#51 http://www.ibm.com/timex#d http://ex.org/variable#164	1
http://ex.org/variable#51 http://www.ibm.com/timex#bi http://ex.org/variable#165	1
http://ex.org/variable#51 http://www.ibm.com/timex#bi http://ex.org/variable#166	1
http://ex.org/variable#51 http://www.ibm.com/timex#oi http://ex.org/variable#167	1
http://ex.org/variable#51 http://www.ibm.com/timex#d http://ex.org/variable#168	1
http://ex.org/variable#51 http://www.ibm.com/timex#d http://ex.org/variable#169	1
http://ex.org/variable#51 http://www.ibm.com/timex#d http://ex.org/variable#170	1
http://ex.org/variable#51 http://www.ibm.com/timex#bi http://ex.org/variable#171	1
http://ex.org/variable#51 http://www.ibm.com/timex#bi http://ex.org/variable#172	1
http://ex.org/variable#51 http://www.ibm.com/timex#di_fi http://ex.org/variable#173	1
http://ex.org/variable#51 http://www.ibm.com/timex#d http://ex.org/variable#174	1
http://ex.org/variable#51 http://www.ibm.com/timex#oi http://ex.org/variable#175	1
http://ex.org/variable#51 http://www.ibm.com/timex#d http://ex.org/variable#176	1
http://ex.org/variable#51 http://www.ibm.com/timex#d http://ex.org/variable#177	1
http://ex.org/variable#51 http://www.ibm.com/timex#d http://ex.org/variable#178	1
http://ex.org/variable#51 http://www.ibm.com/timex#d http://ex.org/variable#179	1
http://ex.org/variable#51 http://www.ibm.com/timex#bi http://ex.org/variable#180	1
http://ex.org/variable#51 http://www.ibm.com/timex#bi http://ex.org/variable#181	1
http://ex.org/variable#51 http://www.ibm.com/timex#bi http://ex.org/variable#182	1
http://ex.org/variable#51 http://www.ibm.com/timex#d http://ex.org/variable#183	1
http://ex.org/variable#51 http://www.ibm.com/timex#bi http://ex.org/variable#184	1
http://ex.org/variable#51 http://www.ibm.com/timex#d http://ex.org/variable#185	1
http://ex.org/variable#51 http://www.ibm.com/timex#d http://ex.org/variable#186	1
http://ex.org/variable#51 http://www.ibm.com/timex#d http://ex.org/variable#187	1
http://ex.org/variable#51 http://www.ibm.com/timex#oi_d_f http://ex.org/variable#188	1
http://ex.org/variable#51 http://www.ibm.com/timex#bi http://ex.org/variable#189	1
http://ex.org/variable#52 http://www.ibm.com/timex#o http://ex.org/variable#0	1
http://ex.org/variable#52 http://www.ibm.com/timex#o http://ex.org/variable#1	1
http://ex.org/variable#52 http://www.ibm.com/timex#o http://ex.org/variable#2	1
http://ex.org/variable#52 http://www.ibm.com/timex#di http://ex.org/variable#3	1
http://ex.org/variable#52 http://www.ibm.com/timex#o http://ex.org/variable#4	1
http://ex.org/variable#52 http://www.ibm.com/timex#di http://ex.org/variable#5	1
http://ex.org/variable#52 http://www.ibm.com/timex#o http://ex.org/variable#6	1
http://ex.org/variable#52 http://www.ibm.com/timex#o http://ex.org/variable#7	1
http://ex.org/variable#52 http://www.ibm.com/timex#di http://ex.org/variable#8	1
http://ex.org/variable#52 http://www.ibm.com/timex#o http://ex.org/variable#9	1
http://ex.org/variable#52 http://www.ibm.com/timex#o http://ex.org/variable#10	1
http://ex.org/variable#52 http://www.ibm.com/timex#o http://ex.org/variable#11	1
http://ex.org/variable#52 http://www.ibm.com/timex#d http://ex.org/variable#12	1
http://ex.org/variable#52 http://www.ibm.com/timex#di http://ex.org/variable#13	1
http://ex.org/variable#52 http://www.ibm.com/timex#di http://ex.org/variable#14	1
http://ex.org/variable#52 http://www.ibm.com/timex#di http://ex.org/variable#15	1
http://ex.org/variable#52 http://www.ibm.com/timex#di http://ex.org/variable#16	1
http://ex.org/variable#52 http://www.ibm.com/timex#di http://ex.org/variable#17	1
http://ex.org/variable#52 http://www.ibm.com/timex#di http://ex.org/variable#18	1
http://ex.org/variable#52 http://www.ibm.com/timex#di http://ex.org/variable#19	1
http://ex.org/variable#52 http://www.ibm.com/timex#o http://ex.org/variable#20	1
http://ex.org/variable#52 http://www.ibm.com/timex#o http://ex.org/variable#21	1
http://ex.org/variable#52 http://www.ibm.com/timex#o http://ex.org/variable#22	1
http://ex.org/variable#52 http://www.ibm.com/timex#di http://ex.org/variable#23	1
http://ex.org/variable#52 http://www.ibm.com/timex#o http://ex.org/variable#24	1
http://ex.org/variable#52 http://www.ibm.com/timex#di http://ex.org/variable#25	1
http://ex.org/variable#52 http://www.ibm.com/timex#o_fi http://ex.org/variable#26	1
http://ex.org/variable#52 http://www.ibm.com/timex#oi http://ex.org/variable#27	1
http://ex.org/variable#52 http://www.ibm.com/timex#o http://ex.org/variable#28	1
http://ex.org/variable#52 http://www.ibm.com/timex#o http://ex.org/variable#29	1
http://ex.org/variable#52 http://www.ibm.com/timex#di http://ex.org/variable#30	1
http://ex.org/variable#52 http://www.ibm.com/timex#oi http://ex.org/variable#31	1
http://ex.org/variable#52 http://www.ibm.com/timex#di http://ex.org/variable#32	1
http://ex.org/variable#52 http://www.ibm.com/timex#o http://ex.org/variable#33	1
http://ex.org/variable#52 http://www.ibm.com/timex#di http://ex.org/variable#34	1
http://ex.org/variable#52 http://www.ibm.com/timex#di http://ex.org/variable#35	1
http://ex.org/variable#52 http://www.ibm.com/timex#di http://ex.org/variable#36	1
http://ex.org/variable#52 http://www.ibm.com/timex#di http://ex.org/variable#37	1
http://ex.org/variable#52 http://www.ibm.com/timex#di http://ex.org/variable#38	1
http://ex.org/variable#52 http://www.ibm.com/timex#di http://ex.org/variable#39	1
http://ex.org/variable#52 http://www.ibm.com/timex#di http://ex.org/variable#40	1
http://ex.org/variable#52 http://www.ibm.com/timex#o http://ex.org/variable#41	1
http://ex.org/variable#52 http://www.ibm.com/timex#o http://ex.org/variable#42	1
http://ex.org/variable#52 http://www.ibm.com/timex#di http://ex.org/variable#43	1
http://ex.org/variable#52 http://www.ibm.com/timex#o http://ex.org/variable#44	1
http://ex.org/variable#52 http://www.ibm.com/timex#o http://ex.org/variable#45	1
http://ex.org/variable#52 http://www.ibm.com/timex#oi http://ex.org/variable#46	1
http://ex.org/variable#52 http://www.ibm.com/timex#oi http://ex.org/variable#47	1
http://ex.org/variable#52 http://www.ibm.com/timex#di http://ex.org/variable#48	1
http://ex.org/variable#52 http://www.ibm.com/timex#si http://ex.org/variable#49	1
http://ex.org/variable#52 http://www.ibm.com/timex#o http://ex.org/variable#50	1
http://ex.org/variable#52 http://www.ibm.com/timex#o_di_fi http://ex.org/variable#51	1
http://ex.org/variable#52 http://www.ibm.com/timex#o http://ex.org/variable#53	1
http://ex.org/variable#52 http://www.ibm.com/timex#o_di_fi http://ex.org/variable#54	1
http://ex.org/variable#52 http://www.ibm.com/timex#di http://ex.org/variable#55	1
http://ex.org/variable#52 http://www.ibm.com/timex#di http://ex.org/variable#56	1
http://ex.org/variable#52 http://www.ibm.com/timex#oi http://ex.org/variable#57	1
http://ex.org/variable#52 http://www.ibm.com/timex#di http://ex.org/variable#58	1
http://ex.org/variable#52 http://www.ibm.com/timex#o http://ex.org/variable#59	1
http://ex.org/variable#52 http://www.ibm.com/timex#o http://ex.org/variable#60	1
http://ex.org/variable#52 http://www.ibm.com/timex#o http://ex.org/variable#61	1
http://ex.org/variable#52 http://www.ibm.com/timex#o http://ex.org/variable#62	1
http://ex.org/variable#52 http://www.ibm.com/timex#o_di_fi http://ex.org/variable#63	1
http://ex.org/variable#52 http://www.ibm.com/timex#o http://ex.org/variable#64	1
http://ex.org/variable#52 http://www.ibm.com/timex#di http://ex.org/variable#65	1
http://ex.org/variable#52 http://www.ibm.com/timex#oi http://ex.org/variable#66	1
http://ex.org/variable#52 http://www.ibm.com/timex#o http://ex.org/variable#67	1
http://ex.org/variable#52 http://www.ibm.com/timex#o http://ex.org/variable#68	1
http://ex.org/variable#52 http://www.ibm.com/timex#di http://ex.org/variable#69	1
http://ex.org/variable#52 http://www.ibm.com/timex#o http://ex.org/variable#70	1
http://ex.org/variable#52 http://www.ibm.com/timex#di http://ex.org/variable#71	1
http://ex.org/variable#52 http://www.ibm.com/timex#o_fi http://ex.org/variable#72	1
http://ex.org/variable#52 http://www.ibm.com/timex#di http://ex.org/variable#73	1
http://ex.org/variable#52 http://www.ibm.com/timex#o http://ex.org/variable#74	1
http://ex.org/variable#52 http://www.ibm.com/timex#di http://ex.org/variable#75	1
http://ex.org/variable#52 http://www.ibm.com/timex#o http://ex.org/variable#76	1
http://ex.org/variable#52 http://www.ibm.com/timex#o http://ex.org/variable#77	1
http://ex.org/variable#52 http://www.ibm.com/timex#di http://ex.org/variable#78	1
http://ex.org/variable#52 http://www.ibm.com/timex#oi http://ex.org/variable#79	1
http://ex.org/variable#52 http://www.ibm.com/timex#s http://ex.org/variable#80	1
http://ex.org/variable#52 http://www.ibm.com/timex#oi http://ex.org/variable#81	1
http://ex.org/variable#52 http://www.ibm.com/timex#di http://ex.org/variable#82	1
http://ex.org/variable#52 http://www.ibm.com/timex#s http://ex.org/variable#83	1
http://ex.org/variable#52 http://www.ibm.com/timex#o http://ex.org/variable#84	1
http://ex.org/variable#52 http://www.ibm.com/timex#o http://ex.org/variable#85	1
http://ex.org/variable#52 http://www.ibm.com/timex#d http://ex.org/variable#86	1
http://ex.org/variable#52 http://www.ibm.com/timex#o http://ex.org/variable#87	1
http://ex.org/variable#52 http://www.ibm.com/timex#b http://ex.org/variable#88	1
http://ex.org/variable#52 http://www.ibm.com/timex#o http://ex.org/variable#89	1
http://ex.org/variable#52 http://www.ibm.com/timex#di http://ex.org/variable#90	1
http://ex.org/variable#52 http://www.ibm.com/timex#o http://ex.org/variable#91	1
http://ex.org/variable#52 http://www.ibm.com/timex#o http://ex.org/variable#92	1
http://ex.org/variable#52 http://www.ibm.com/timex#o http://ex.org/variable#93	1
http://ex.org/variable#52 http://www.ibm.com/timex#di http://ex.org/variable#94	1
http://ex.org/variable#52 http://www.ibm.com/timex#di http://ex.org/variable#95	1
http://ex.org/variable#52 http://www.ibm.com/timex#di http://ex.org/variable#96	1
http://ex.org/variable#52 http://www.ibm.com/timex#o http://ex.org/variable#97	1
http://ex.org/variable#52 http://www.ibm.com/timex#o http://ex.org/variable#98	1
http://ex.org/variable#52 http://www.ibm.com/timex#o http://ex.org/variable#99	1
http://ex.org/variable#52 http://www.ibm.com/timex#di http://ex.org/variable#100	1
http://ex.org/variable#52 http://www.ibm.com/timex#o http://ex.org/variable#101	1
http://ex.org/variable#52 http://www.ibm.com/timex#di http://ex.org/variable#102	1
http://ex.org/variable#52 http://www.ibm.com/timex#di http://ex.org/variable#103	1
http://ex.org/variable#52 http://www.ibm.com/timex#b http://ex.org/variable#104	1
http://ex.org/variable#52 http://www.ibm.com/timex#o http://ex.org/variable#105	1
http://ex.org/variable#52 http://www.ibm.com/timex#o http://ex.org/variable#106	1
http://ex.org/variable#52 http://www.ibm.com/timex#di http://ex.org/variable#107	1
http://ex.org/variable#52 http://www.ibm.com/timex#di http://ex.org/variable#108	1
http://ex.org/variable#52 http://www.ibm.com/timex#di http://ex.org/variable#109	1
http://ex.org/variable#52 http://www.ibm.com/timex#o http://ex.org/variable#110	1
http://ex.org/variable#52 http://www.ibm.com/timex#di http://ex.org/variable#111	1
http://ex.org/variable#52 http://www.ibm.com/timex#di http://ex.org/variable#112	1
http://ex.org/variable#52 http://www.ibm.com/timex#di http://ex.org/variable#113	1
http://ex.org/variable#52 http://www.ibm.com/timex#o_di_fi http://ex.org/variable#114	1
http://ex.org/variable#52 http://www.ibm.com/timex#b http://ex.org/variable#115	1
http://ex.org/variable#52 http://www.ibm.com/timex#di http://ex.org/variable#116	1
http://ex.org/variable#52 http://www.ibm.com/timex#di http://ex.org/variable#117	1
http://ex.org/variable#52 http://www.ibm.com/timex#di http://ex.org/variable#118	1
http://ex.org/variable#52 http://www.ibm.com/timex#d http://ex.org/variable#119	1
http://ex.org/variable#52 http://www.ibm.com/timex#di http://ex.org/variable#120	1
http://ex.org/variable#52 http://www.ibm.com/timex#b http://ex.org/variable#121	1
http://ex.org/variable#52 http://www.ibm.com/timex#o_di_fi http://ex.org/variable#122	1
http://ex.org/variable#52 http://www.ibm.com/timex#o http://ex.org/variable#123	1
http://ex.org/variable#52 http://www.ibm.com/timex#oi http://ex.org/variable#124	1
http://ex.org/variable#52 http://www.ibm.com/timex#oi http://ex.org/variable#125	1
http://ex.org/variable#52 http://www.ibm.com/timex#o http://ex.org/variable#126	1
http://ex.org/variable#52 http://www.ibm.com/timex#o http://ex.org/variable#127	1
http://ex.org/variable#52 http://www.ibm.com/timex#o http://ex.org/variable#128	1
http://ex.org/variable#52 http://www.ibm.com/timex#oi http://ex.org/variable#129	1
http://ex.org/variable#52 http://www.ibm.com/timex#di http://ex.org/variable#130	1
http://ex.org/variable#52 http://www.ibm.com/timex#b_m_o http://ex.org/variable#131	1
http://ex.org/variable#52 http://www.ibm.com/timex#o http://ex.org/variable#132	1
http://ex.org/variable#52 http://www.ibm.com/timex#o http://ex.org/variable#133	1
http://ex.org/variable#52 http://www.ibm.com/timex#di http://ex.org/variable#134	1
http://ex.org/variable#52 http://www.ibm.com/timex#o http://ex.org/variable#135	1
http://ex.org/variable#52 http://www.ibm.com/timex#o http://ex.org/variable#136	1
http://ex.org/variable#52 http://www.ibm.com/timex#di http://ex.org/variable#137	1
http://ex.org/variable#52 http://www.ibm.com/timex#o http://ex.org/variable#138	1
http://ex.org/variable#52 http://www.ibm.com/timex#di http://ex.org/variable#139	1
http://ex.org/variable#52 http://www.ibm.com/timex#di http://ex.org/variable#140	1
http://ex.org/variable#52 http://www.ibm.com/timex#d_s http://ex.org/variable#141	1
http://ex.org/variable#52 http://www.ibm.com/timex#di http://ex.org/variable#142	1
http://ex.org/variable#52 http://www.ibm.com/timex#o http://ex.org/variable#143	1
http://ex.org/variable#52 http://www.ibm.com/timex#o http://ex.org/variable#144	1
http://ex.org/variable#52 http://www.ibm.com/timex#o http://ex.org/variable#145	1
http://ex.org/variable#52 http://www.ibm.com/timex#o http://ex.org/variable#146	1
http://ex.org/variable#52 http://www.ibm.com/timex#di http://ex.org/variable#147	1
http://ex.org/variable#52 http://www.ibm.com/timex#o_di_fi http://ex.org/variable#148	1
http://ex.org/variable#52 http://www.ibm.com/timex#oi http://ex.org/variable#149	1
http://ex.org/variable#52 http://www.ibm.com/timex#o http://ex.org/variable#150	1
http://ex.org/variable#52 http://www.ibm.com/timex#o http://ex.org/variable#151	1
http://ex.org/variable#52 http://www.ibm.com/timex#di http://ex.org/variable#152	1
http://ex.org/variable#52 http://www.ibm.com/timex#o http://ex.org/variable#153	1
http://ex.org/variable#52 http://www.ibm.com/timex#di http://ex.org/variable#154	1
http://ex.org/variable#52 http://www.ibm.com/timex#oi http://ex.org/variable#155	1
http://ex.org/variable#52 http://www.ibm.com/timex#o http://ex.org/variable#156	1
http://ex.org/variable#52 http://www.ibm.com/timex#di http://ex.org/variable#157	1
http://ex.org/variable#52 http://www.ibm.com/timex#di http://ex.org/variable#158	1
http://ex.org/variable#52 http://www.ibm.com/timex#o http://ex.org/variable#159	1
http://ex.org/variable#52 http://www.ibm.com/timex#o http://ex.org/variable#160	1
http://ex.org/variable#52 http://www.ibm.com/timex#di http://ex.org/variable#161	1
http://ex.org/variable#52 http://www.ibm.com/timex#di http://ex.org/variable#162	1
http://ex.org/variable#52 http://www.ibm.com/timex#o http://ex.org/variable#163	1
http://ex.org/variable#52 http://www.ibm.com/timex#o http://ex.org/variable#164	1
http://ex.org/variable#52 http://www.ibm.com/timex#di http://ex.org/variable#165	1
http://ex.org/variable#52 http://www.ibm.com/timex#di http://ex.org/variable#166	1
http://ex.org/variable#52 http://www.ibm.com/timex#di http://ex.org/variable#167	1
http://ex.org/variable#52 http://www.ibm.com/timex#o http://ex.org/variable#168	1
http://ex.org/variable#52 http://www.ibm.com/timex#o http://ex.org/variable#169	1
http://ex.org/variable#52 http://www.ibm.com/timex#o http://ex.org/variable#170	1
http://ex.org/variable#52 http://www.ibm.com/timex#di http://ex.org/variable#171	1
http://ex.org/variable#52 http://www.ibm.com/timex#oi http://ex.org/variable#172	1
http://ex.org/variable#52 http://www.ibm.com/timex#o_di_fi http://ex.org/variable#173	1
http://ex.org/variable#52 http://www.ibm.com/timex#o http://ex.org/variable#174	1
http://ex.org/variable#52 http://www.ibm.com/timex#di http://ex.org/variable#175	1
http://ex.org/variable#52 http://www.ibm.com/timex#o http://ex.org/variable#176	1
http://ex.org/variable#52 http://www.ibm.com/timex#o http://ex.org/variable#177	1
http://ex.org/variable#52 http://www.ibm.com/timex#o http://ex.org/variable#178	1
http://ex.org/variable#52 http://www.ibm.com/timex#o http://ex.org/variable#179	1
http://ex.org/variable#52 http://www.ibm.com/timex#di http://ex.org/variable#180	1
http://ex.org/variable#52 http://www.ibm.com/timex#di http://ex.org/variable#181	1
http://ex.org/variable#52 http://www.ibm.com/timex#di http://ex.org/variable#182	1
http://ex.org/variable#52 http://www.ibm.com/timex#o http://ex.org/variable#183	1
http://ex.org/variable#52 http://www.ibm.com/timex#di http://ex.org/variable#184	1
http://ex.org/variable#52 http://www.ibm.com/timex#o http://ex.org/variable#185	1
http://ex.org/variable#52 http://www.ibm.com/timex#o http://ex.org/variable#186	1
http://ex.org/variable#52 http://www.ibm.com/timex#d http://ex.org/variable#187	1
http://ex.org/variable#52 http://www.ibm.com/timex#o_di_fi http://ex.org/variable#188	1
http://ex.org/variable#52 http://www.ibm.com/timex#di http://ex.org/variable#189	1
http://ex.org/variable#53 http://www.ibm.com/timex#o http://ex.org/variable#0	1
http://ex.org/variable#53 http://www.ibm.com/timex#o http://ex.org/variable#1	1
http://ex.org/variable#53 http://www.ibm.com/timex#o http://ex.org/variable#2	1
http://ex.org/variable#53 http://www.ibm.com/timex#di http://ex.org/variable#3	1
http://ex.org/variable#53 http://www.ibm.com/timex#o http://ex.org/variable#4	1
http://ex.org/variable#53 http://www.ibm.com/timex#di http://ex.org/variable#5	1
http://ex.org/variable#53 http://www.ibm.com/timex#di http://ex.org/variable#6	1
http://ex.org/variable#53 http://www.ibm.com/timex#o http://ex.org/variable#7	1
http://ex.org/variable#53 http://www.ibm.com/timex#oi_si http://ex.org/variable#8	1
http://ex.org/variable#53 http://www.ibm.com/timex#o http://ex.org/variable#9	1
http://ex.org/variable#53 http://www.ibm.com/timex#o http://ex.org/variable#10	1
http://ex.org/variable#53 http://www.ibm.com/timex#o http://ex.org/variable#11	1
http://ex.org/variable#53 http://www.ibm.com/timex#d http://ex.org/variable#12	1
http://ex.org/variable#53 http://www.ibm.com/timex#di http://ex.org/variable#13	1
http://ex.org/variable#53 http://www.ibm.com/timex#di http://ex.org/variable#14	1
http://ex.org/variable#53 http://www.ibm.com/timex#di http://ex.org/variable#15	1
http://ex.org/variable#53 http://www.ibm.com/timex#di http://ex.org/variable#16	1
http://ex.org/variable#53 http://www.ibm.com/timex#di http://ex.org/variable#17	1
http://ex.org/variable#53 http://www.ibm.com/timex#di http://ex.org/variable#18	1
http://ex.org/variable#53 http://www.ibm.com/timex#di http://ex.org/variable#19	1
http://ex.org/variable#53 http://www.ibm.com/timex#d http://ex.org/variable#20	1
http://ex.org/variable#53 http://www.ibm.com/timex#o http://ex.org/variable#21	1
http://ex.org/variable#53 http://www.ibm.com/timex#o http://ex.org/variable#22	1
http://ex.org/variable#53 http://www.ibm.com/timex#di http://ex.org/variable#23	1
http://ex.org/variable#53 http://www.ibm.com/timex#d http://ex.org/variable#24	1
http://ex.org/variable#53 http://www.ibm.com/timex#oi http://ex.org/variable#25	1
http://ex.org/variable#53 http://www.ibm.com/timex#di http://ex.org/variable#26	1
http://ex.org/variable#53 http://www.ibm.com/timex#oi http://ex.org/variable#27	1
http://ex.org/variable#53 http://www.ibm.com/timex#o_di_fi http://ex.org/variable#28	1
http://ex.org/variable#53 http://www.ibm.com/timex#o http://ex.org/variable#29	1
http://ex.org/variable#53 http://www.ibm.com/timex#di http://ex.org/variable#30	1
http://ex.org/variable#53 http://www.ibm.com/timex#oi http://ex.org/variable#31	1
http://ex.org/variable#53 http://www.ibm.com/timex#oi http://ex.org/variable#32	1
http://ex.org/variable#53 http://www.ibm.com/timex#o http://ex.org/variable#33	1
http://ex.org/variable#53 http://www.ibm.com/timex#di http://ex.org/variable#34	1
http://ex.org/variable#53 http://www.ibm.com/timex#di http://ex.org/variable#35	1
http://ex.org/variable#53 http://www.ibm.com/timex#oi http://ex.org/variable#36	1
http://ex.org/variable#53 http://www.ibm.com/timex#di http://ex.org/variable#37	1
http://ex.org/variable#53 http://www.ibm.com/timex#di http://ex.org/variable#38	1
http://ex.org/variable#53 http://www.ibm.com/timex#di http://ex.org/variable#39	1
http://ex.org/variable#53 http://www.ibm.com/timex#oi http://ex.org/variable#40	1
http://ex.org/variable#53 http://www.ibm.com/timex#o http://ex.org/variable#41	1
http://ex.org/variable#53 http://www.ibm.com/timex#o http://ex.org/variable#42	1
http://ex.org/variable#53 http://www.ibm.com/timex#oi http://ex.org/variable#43	1
http://ex.org/variable#53 http://www.ibm.com/timex#di http://ex.org/variable#44	1
http://ex.org/variable#53 http://www.ibm.com/timex#o http://ex.org/variable#45	1
http://ex.org/variable#53 http://www.ibm.com/timex#oi http://ex.org/variable#46	1
http://ex.org/variable#53 http://www.ibm.com/timex#oi http://ex.org/variable#47	1
http://ex.org/variable#53 http://www.ibm.com/timex#di http://ex.org/variable#48	1
http://ex.org/variable#53 http://www.ibm.com/timex#oi http://ex.org/variable#49	1
http://ex.org/variable#53 http://www.ibm.com/timex#o http://ex.org/variable#50	1
http://ex.org/variable#53 http://www.ibm.com/timex#di http://ex.org/variable#51	1
http://ex.org/variable#53 http://www.ibm.com/timex#oi http://ex.org/variable#52	1
http://ex.org/variable#53 http://www.ibm.com/timex#di http://ex.org/variable#54	1
http://ex.org/variable#53 http://www.ibm.com/timex#di http://ex.org/variable#55	1
http://ex.org/variable#53 http://www.ibm.com/timex#di http://ex.org/variable#56	1
http://ex.org/variable#53 http://www.ibm.com/timex#oi http://ex.org/variable#57	1
http://ex.org/variable#53 http://www.ibm.com/timex#di http://ex.org/variable#58	1
http://ex.org/variable#53 http://www.ibm.com/timex#o http://ex.org/variable#59	1
http://ex.org/variable#53 http://www.ibm.com/timex#d http://ex.org/variable#60	1
http://ex.org/variable#53 http://www.ibm.com/timex#d http://ex.org/variable#61	1
http://ex.org/variable#53 http://www.ibm.com/timex#o http://ex.org/variable#62	1
http://ex.org/variable#53 http://www.ibm.com/timex#oi http://ex.org/variable#63	1
http://ex.org/variable#53 http://www.ibm.com/timex#d http://ex.org/variable#64	1
http://ex.org/variable#53 http://www.ibm.com/timex#di http://ex.org/variable#65	1
http://ex.org/variable#53 http://www.ibm.com/timex#oi http://ex.org/variable#66	1
http://ex.org/variable#53 http://www.ibm.com/timex#o http://ex.org/variable#67	1
http://ex.org/variable#53 http://www.ibm.com/timex#o http://ex.org/variable#68	1
http://ex.org/variable#53 http://www.ibm.com/timex#di http://ex.org/variable#69	1
http://ex.org/variable#53 http://www.ibm.com/timex#o http://ex.org/variable#70	1
http://ex.org/variable#53 http://www.ibm.com/timex#di http://ex.org/variable#71	1
http://ex.org/variable#53 http://www.ibm.com/timex#di http://ex.org/variable#72	1
http://ex.org/variable#53 http://www.ibm.com/timex#di http://ex.org/variable#73	1
http://ex.org/variable#53 http://www.ibm.com/timex#o http://ex.org/variable#74	1
http://ex.org/variable#53 http://www.ibm.com/timex#di http://ex.org/variable#75	1
http://ex.org/variable#53 http://www.ibm.com/timex#di http://ex.org/variable#76	1
http://ex.org/variable#53 http://www.ibm.com/timex#o http://ex.org/variable#77	1
http://ex.org/variable#53 http://www.ibm.com/timex#di http://ex.org/variable#78	1
http://ex.org/variable#53 http://www.ibm.com/timex#oi http://ex.org/variable#79	1
http://ex.org/variable#53 http://www.ibm.com/timex#d http://ex.org/variable#80	1
http://ex.org/variable#53 http://www.ibm.com/timex#oi http://ex.org/variable#81	1
http://ex.org/variable#53 http://www.ibm.com/timex#di http://ex.org/variable#82	1
http://ex.org/variable#53 http://www.ibm.com/timex#d http://ex.org/variable#83	1
http://ex.org/variable#53 http://www.ibm.com/timex#di http://ex.org/variable#84	1
http://ex.org/variable#53 http://www.ibm.com/timex#di http://ex.org/variable#85	1
http://ex.org/variable#53 http://www.ibm.com/timex#d http://ex.org/variable#86	1
http://ex.org/variable#53 http://www.ibm.com/timex#o http://ex.org/variable#87	1
http://ex.org/variable#53 http://www.ibm.com/timex#o http://ex.org/variable#88	1
http://ex.org/variable#53 http://www.ibm.com/timex#o http://ex.org/variable#89	1
http://ex.org/variable#53 http://www.ibm.com/timex#di http://ex.org/variable#90	1
http://ex.org/variable#53 http://www.ibm.com/timex#o http://ex.org/variable#91	1
http://ex.org/variable#53 http://www.ibm.com/timex#o http://ex.org/variable#92	1
http://ex.org/variable#53 http://www.ibm.com/timex#di http://ex.org/variable#93	1
http://ex.org/variable#53 http://www.ibm.com/timex#di http://ex.org/variable#94	1
http://ex.org/variable#53 http://www.ibm.com/timex#di http://ex.org/variable#95	1
http://ex.org/variable#53 http://www.ibm.com/timex#di http://ex.org/variable#96	1
http://ex.org/variable#53 http://www.ibm.com/timex#o http://ex.org/variable#97	1
http://ex.org/variable#53 http://www.ibm.com/timex#o http://ex.org/variable#98	1
http://ex.org/variable#53 http://www.ibm.com/timex#di http://ex.org/variable#99	1
http://ex.org/variable#53 http://www.ibm.com/timex#oi http://ex.org/variable#100	1
http://ex.org/variable#53 http://www.ibm.com/timex#o http://ex.org/variable#101	1
http://ex.org/variable#53 http://www.ibm.com/timex#di http://ex.org/variable#102	1
http://ex.org/variable#53 http://www.ibm.com/timex#di http://ex.org/variable#103	1
http://ex.org/variable#53 http://www.ibm.com/timex#b http://ex.org/variable#104	1
http://ex.org/variable#53 http://www.ibm.com/timex#o http://ex.org/variable#105	1
http://ex.org/variable#53 http://www.ibm.com/timex#d http://ex.org/variable#106	1
http://ex.org/variable#53 http://www.ibm.com/timex#di http://ex.org/variable#107	1
http://ex.org/variable#53 http://www.ibm.com/timex#di http://ex.org/variable#108	1
http://ex.org/variable#53 http://www.ibm.com/timex#di http://ex.org/variable#109	1
http://ex.org/variable#53 http://www.ibm.com/timex#d http://ex.org/variable#110	1
http://ex.org/variable#53 http://www.ibm.com/timex#di http://ex.org/variable#111	1
http://ex.org/variable#53 http://www.ibm.com/timex#oi http://ex.org/variable#112	1
http://ex.org/variable#53 http://www.ibm.com/timex#di http://ex.org/variable#113	1
http://ex.org/variable#53 http://www.ibm.com/timex#di http://ex.org/variable#114	1
http://ex.org/variable#53 http://www.ibm.com/timex#b http://ex.org/variable#115	1
http://ex.org/variable#53 http://www.ibm.com/timex#di http://ex.org/variable#116	1
http://ex.org/variable#53 http://www.ibm.com/timex#oi_di_si http://ex.org/variable#117	1
http://ex.org/variable#53 http://www.ibm.com/timex#di http://ex.org/variable#118	1
http://ex.org/variable#53 http://www.ibm.com/timex#d http://ex.org/variable#119	1
http://ex.org/variable#53 http://www.ibm.com/timex#di http://ex.org/variable#120	1
http://ex.org/variable#53 http://www.ibm.com/timex#b http://ex.org/variable#121	1
http://ex.org/variable#53 http://www.ibm.com/timex#oi http://ex.org/variable#122	1
http://ex.org/variable#53 http://www.ibm.com/timex#o http://ex.org/variable#123	1
http://ex.org/variable#53 http://www.ibm.com/timex#oi http://ex.org/variable#124	1
http://ex.org/variable#53 http://www.ibm.com/timex#oi http://ex.org/variable#125	1
http://ex.org/variable#53 http://www.ibm.com/timex#di http://ex.org/variable#126	1
http://ex.org/variable#53 http://www.ibm.com/timex#o http://ex.org/variable#127	1
http://ex.org/variable#53 http://www.ibm.com/timex#o http://ex.org/variable#128	1
http://ex.org/variable#53 http://www.ibm.com/timex#oi http://ex.org/variable#129	1
http://ex.org/variable#53 http://www.ibm.com/timex#di http://ex.org/variable#130	1
http://ex.org/variable#53 http://www.ibm.com/timex#o http://ex.org/variable#131	1
http://ex.org/variable#53 http://www.ibm.com/timex#o http://ex.org/variable#132	1
http://ex.org/variable#53 http://www.ibm.com/timex#o http://ex.org/variable#133	1
http://ex.org/variable#53 http://www.ibm.com/timex#oi http://ex.org/variable#134	1
http://ex.org/variable#53 http://www.ibm.com/timex#o http://ex.org/variable#135	1
http://ex.org/variable#53 http://www.ibm.com/timex#o http://ex.org/variable#136	1
http://ex.org/variable#53 http://www.ibm.com/timex#di http://ex.org/variable#137	1
http://ex.org/variable#53 http://www.ibm.com/timex#o http://ex.org/variable#138	1
http://ex.org/variable#53 http://www.ibm.com/timex#di http://ex.org/variable#139	1
http://ex.org/variable#53 http://www.ibm.com/timex#di http://ex.org/variable#140	1
http://ex.org/variable#53 http://www.ibm.com/timex#d http://ex.org/variable#141	1
http://ex.org/variable#53 http://www.ibm.com/timex#di http://ex.org/variable#142	1
http://ex.org/variable#53 http://www.ibm.com/timex#o http://ex.org/variable#143	1
http://ex.org/variable#53 http://www.ibm.com/timex#o http://ex.org/variable#144	1
http://ex.org/variable#53 http://www.ibm.com/timex#o http://ex.org/variable#145	1
http://ex.org/variable#53 http://www.ibm.com/timex#o http://ex.org/variable#146	1
http://ex.org/variable#53 http://www.ibm.com/timex#di http://ex.org/variable#147	1
http://ex.org/variable#53 http://www.ibm.com/timex#di http://ex.org/variable#148	1
http://ex.org/variable#53 http://www.ibm.com/timex#oi http://ex.org/variable#149	1
http://ex.org/variable#53 http://www.ibm.com/timex#o http://ex.org/variable#150	1
http://ex.org/variable#53 http://www.ibm.com/timex#o http://ex.org/variable#151	1
http://ex.org/variable#53 http://www.ibm.com/timex#oi_di_si http://ex.org/variable#152	1
http://ex.org/variable#53 http://www.ibm.com/timex#o http://ex.org/variable#153	1
http://ex.org/variable#53 http://www.ibm.com/timex#di http://ex.org/variable#154	1
http://ex.org/variable#53 http://www.ibm.com/timex#oi http://ex.org/variable#155	1
http://ex.org/variable#53 http://www.ibm.com/timex#di http://ex.org/variable#156	1
http://ex.org/variable#53 http://www.ibm.com/timex#di http://ex.org/variable#157	1
http://ex.org/variable#53 http://www.ibm.com/timex#di http://ex.org/variable#158	1
http://ex.org/variable#53 http://www.ibm.com/timex#o http://ex.org/variable#159	1
http://ex.org/variable#53 http://www.ibm.com/timex#o_di_fi http://ex.org/variable#160	1
http://ex.org/variable#53 http://www.ibm.com/timex#di http://ex.org/variable#161	1
http://ex.org/variable#53 http://www.ibm.com/timex#di http://ex.org/variable#162	1
http://ex.org/variable#53 http://www.ibm.com/timex#o http://ex.org/variable#163	1
http://ex.org/variable#53 http://www.ibm.com/timex#o http://ex.org/variable#164	1
http://ex.org/variable#53 http://www.ibm.com/timex#di http://ex.org/variable#165	1
http://ex.org/variable#53 http://www.ibm.com/timex#oi http://ex.org/variable#166	1
http://ex.org/variable#53 http://www.ibm.com/timex#oi_si http://ex.org/variable#167	1
http://ex.org/variable#53 http://www.ibm.com/timex#o http://ex.org/variable#168	1
http://ex.org/variable#53 http://www.ibm.com/timex#d http://ex.org/variable#169	1
http://ex.org/variable#53 http://www.ibm.com/timex#o http://ex.org/variable#170	1
http://ex.org/variable#53 http://www.ibm.com/timex#oi http://ex.org/variable#171	1
http://ex.org/variable#53 http://www.ibm.com/timex#oi http://ex.org/variable#172	1
http://ex.org/variable#53 http://www.ibm.com/timex#di http://ex.org/variable#173	1
http://ex.org/variable#53 http://www.ibm.com/timex#di http://ex.org/variable#174	1
http://ex.org/variable#53 http://www.ibm.com/timex#oi_di_si http://ex.org/variable#175	1
http://ex.org/variable#53 http://www.ibm.com/timex#o http://ex.org/variable#176	1
http://ex.org/variable#53 http://www.ibm.com/timex#di http://ex.org/variable#177	1
http://ex.org/variable#53 http://www.ibm.com/timex#o http://ex.org/variable#178	1
http://ex.org/variable#53 http://www.ibm.com/timex#o http://ex.org/variable#179	1
http://ex.org/variable#53 http://www.ibm.com/timex#di http://ex.org/variable#180	1
http://ex.org/variable#53 http://www.ibm.com/timex#oi http://ex.org/variable#181	1
http://ex.org/variable#53 http://www.ibm.com/timex#di http://ex.org/variable#182	1
http://ex.org/variable#53 http://www.ibm.com/timex#o http://ex.org/variable#183	1
http://ex.org/variable#53 http://www.ibm.com/timex#di http://ex.org/variable#184	1
http://ex.org/variable#53 http://www.ibm.com/timex#di http://ex.org/variable#185	1
http://ex.org/variable#53 http://www.ibm.com/timex#o http://ex.org/variable#186	1
http://ex.org/variable#53 http://www.ibm.com/timex#oi http://ex.org/variable#187	1
http://ex.org/variable#53 http://www.ibm.com/timex#di http://ex.org/variable#188	1
http://ex.org/variable#53 http://www.ibm.com/timex#di http://ex.org/variable#189	1
http://ex.org/variable#54 http://www.ibm.com/timex#o http://ex.org/variable#0	1
http://ex.org/variable#54 http://www.ibm.com/timex#o http://ex.org/variable#1	1
http://ex.org/variable#54 http://www.ibm.com/timex#o http://ex.org/variable#2	1
http://ex.org/variable#54 http://www.ibm.com/timex#di http://ex.org/variable#3	1
http://ex.org/variable#54 http://www.ibm.com/timex#o http://ex.org/variable#4	1
http://ex.org/variable#54 http://www.ibm.com/timex#di http://ex.org/variable#5	1
http://ex.org/variable#54 http://www.ibm.com/timex#o http://ex.org/variable#6	1
http://ex.org/variable#54 http://www.ibm.com/timex#o http://ex.org/variable#7	1
http://ex.org/variable#54 http://www.ibm.com/timex#oi http://ex.org/variable#8	1
http://ex.org/variable#54 http://www.ibm.com/timex#o http://ex.org/variable#9	1
http://ex.org/variable#54 http://www.ibm.com/timex#o http://ex.org/variable#10	1
http://ex.org/variable#54 http://www.ibm.com/timex#d http://ex.org/variable#11	1
http://ex.org/variable#54 http://www.ibm.com/timex#d http://ex.org/variable#12	1
http://ex.org/variable#54 http://www.ibm.com/timex#oi http://ex.org/variable#13	1
http://ex.org/variable#54 http://www.ibm.com/timex#di http://ex.org/variable#14	1
http://ex.org/variable#54 http://www.ibm.com/timex#oi http://ex.org/variable#15	1
http://ex.org/variable#54 http://www.ibm.com/timex#oi http://ex.org/variable#16	1
http://ex.org/variable#54 http://www.ibm.com/timex#di http://ex.org/variable#17	1
http://ex.org/variable#54 http://www.ibm.com/timex#di_fi http://ex.org/variable#18	1
http://ex.org/variable#54 http://www.ibm.com/timex#oi http://ex.org/variable#19	1
http://ex.org/variable#54 http://www.ibm.com/timex#d http://ex.org/variable#20	1
http://ex.org/variable#54 http://www.ibm.com/timex#o http://ex.org/variable#21	1
http://ex.org/variable#54 http://www.ibm.com/timex#o http://ex.org/variable#22	1
http://ex.org/variable#54 http://www.ibm.com/timex#oi http://ex.org/variable#23	1
http://ex.org/variable#54 http://www.ibm.com/timex#d http://ex.org/variable#24	1
http://ex.org/variable#54 http://www.ibm.com/timex#oi http://ex.org/variable#25	1
http://ex.org/variable#54 http://www.ibm.com/timex#o http://ex.org/variable#26	1
http://ex.org/variable#54 http://www.ibm.com/timex#oi http://ex.org/variable#27	1
http://ex.org/variable#54 http://www.ibm.com/timex#o http://ex.org/variable#28	1
http://ex.org/variable#54 http://www.ibm.com/timex#o http://ex.org/variable#29	1
http://ex.org/variable#54 http://www.ibm.com/timex#di http://ex.org/variable#30	1
http://ex.org/variable#54 http://www.ibm.com/timex#oi http://ex.org/variable#31	1
http://ex.org/variable#54 http://www.ibm.com/timex#oi http://ex.org/variable#32	1
http://ex.org/variable#54 http://www.ibm.com/timex#o http://ex.org/variable#33	1
http://ex.org/variable#54 http://www.ibm.com/timex#oi http://ex.org/variable#34	1
http://ex.org/variable#54 http://www.ibm.com/timex#di http://ex.org/variable#35	1
http://ex.org/variable#54 http://www.ibm.com/timex#oi http://ex.org/variable#36	1
http://ex.org/variable#54 http://www.ibm.com/timex#oi http://ex.org/variable#37	1
http://ex.org/variable#54 http://www.ibm.com/timex#oi http://ex.org/variable#38	1
http://ex.org/variable#54 http://www.ibm.com/timex#di http://ex.org/variable#39	1
http://ex.org/variable#54 http://www.ibm.com/timex#oi http://ex.org/variable#40	1
http://ex.org/variable#54 http://www.ibm.com/timex#d http://ex.org/variable#41	1
http://ex.org/variable#54 http://www.ibm.com/timex#o http://ex.org/variable#42	1
http://ex.org/variable#54 http://www.ibm.com/timex#oi http://ex.org/variable#43	1
http://ex.org/variable#54 http://www.ibm.com/timex#d http://ex.org/variable#44	1
http://ex.org/variable#54 http://www.ibm.com/timex#o http://ex.org/variable#45	1
http://ex.org/variable#54 http://www.ibm.com/timex#oi http://ex.org/variable#46	1
http://ex.org/variable#54 http://www.ibm.com/timex#oi http://ex.org/variable#47	1
http://ex.org/variable#54 http://www.ibm.com/timex#di http://ex.org/variable#48	1
http://ex.org/variable#54 http://www.ibm.com/timex#oi http://ex.org/variable#49	1
http://ex.org/variable#54 http://www.ibm.com/timex#o http://ex.org/variable#50	1
http://ex.org/variable#54 http://www.ibm.com/timex#o http://ex.org/variable#51	1
http://ex.org/variable#54 http://www.ibm.com/timex#oi_d_f http://ex.org/variable#52	1
http://ex.org/variable#54 http://www.ibm.com/timex#d http://ex.org/variable#53	1
http://ex.org/variable#54 http://www.ibm.com/timex#di http://ex.org/variable#55	1
http://ex.org/variable#54 http://www.ibm.com/timex#di http://ex.org/variable#56	1
http://ex.org/variable#54 http://www.ibm.com/timex#oi http://ex.org/variable#57	1
http://ex.org/variable#54 http://www.ibm.com/timex#oi http://ex.org/variable#58	1
http://ex.org/variable#54 http://www.ibm.com/timex#d http://ex.org/variable#59	1
http://ex.org/variable#54 http://www.ibm.com/timex#d http://ex.org/variable#60	1
http://ex.org/variable#54 http://www.ibm.com/timex#d http://ex.org/variable#61	1
http://ex.org/variable#54 http://www.ibm.com/timex#o http://ex.org/variable#62	1
http://ex.org/variable#54 http://www.ibm.com/timex#d http://ex.org/variable#63	1
http://ex.org/variable#54 http://www.ibm.com/timex#d http://ex.org/variable#64	1
http://ex.org/variable#54 http://www.ibm.com/timex#oi http://ex.org/variable#65	1
http://ex.org/variable#54 http://www.ibm.com/timex#oi http://ex.org/variable#66	1
http://ex.org/variable#54 http://www.ibm.com/timex#o http://ex.org/variable#67	1
http://ex.org/variable#54 http://www.ibm.com/timex#o http://ex.org/variable#68	1
http://ex.org/variable#54 http://www.ibm.com/timex#di http://ex.org/variable#69	1
http://ex.org/variable#54 http://www.ibm.com/timex#o_s http://ex.org/variable#70	1
http://ex.org/variable#54 http://www.ibm.com/timex#oi http://ex.org/variable#71	1
http://ex.org/variable#54 http://www.ibm.com/timex#o http://ex.org/variable#72	1
http://ex.org/variable#54 http://www.ibm.com/timex#oi_si http://ex.org/variable#73	1
http://ex.org/variable#54 http://www.ibm.com/timex#o_s http://ex.org/variable#74	1
http://ex.org/variable#54 http://www.ibm.com/timex#oi http://ex.org/variable#75	1
http://ex.org/variable#54 http://www.ibm.com/timex#o http://ex.org/variable#76	1
http://ex.org/variable#54 http://www.ibm.com/timex#o http://ex.org/variable#77	1
http://ex.org/variable#54 http://www.ibm.com/timex#di http://ex.org/variable#78	1
http://ex.org/variable#54 http://www.ibm.com/timex#oi http://ex.org/variable#79	1
http://ex.org/variable#54 http://www.ibm.com/timex#d http://ex.org/variable#80	1
http://ex.org/variable#54 http://www.ibm.com/timex#oi http://ex.org/variable#81	1
http://ex.org/variable#54 http://www.ibm.com/timex#di http://ex.org/variable#82	1
http://ex.org/variable#54 http://www.ibm.com/timex#d http://ex.org/variable#83	1
http://ex.org/variable#54 http://www.ibm.com/timex#o http://ex.org/variable#84	1
http://ex.org/variable#54 http://www.ibm.com/timex#o http://ex.org/variable#85	1
http://ex.org/variable#54 http://www.ibm.com/timex#d http://ex.org/variable#86	1
http://ex.org/variable#54 http://www.ibm.com/timex#o http://ex.org/variable#87	1
http://ex.org/variable#54 http://www.ibm.com/timex#b http://ex.org/variable#88	1
http://ex.org/variable#54 http://www.ibm.com/timex#o http://ex.org/variable#89	1
http://ex.org/variable#54 http://www.ibm.com/timex#di http://ex.org/variable#90	1
http://ex.org/variable#54 http://www.ibm.com/timex#d http://ex.org/variable#91	1
http://ex.org/variable#54 http://www.ibm.com/timex#o http://ex.org/variable#92	1
http://ex.org/variable#54 http://www.ibm.com/timex#o http://ex.org/variable#93	1
http://ex.org/variable#54 http://www.ibm.com/timex#oi http://ex.org/variable#94	1
http://ex.org/variable#54 http://www.ibm.com/timex#di http://ex.org/variable#95	1
http://ex.org/variable#54 http://www.ibm.com/timex#di http://ex.org/variable#96	1
http://ex.org/variable#54 http://www.ibm.com/timex#o http://ex.org/variable#97	1
http://ex.org/variable#54 http://www.ibm.com/timex#o http://ex.org/variable#98	1
http://ex.org/variable#54 http://www.ibm.com/timex#o http://ex.org/variable#99	1
http://ex.org/variable#54 http://www.ibm.com/timex#oi http://ex.org/variable#100	1
http://ex.org/variable#54 http://www.ibm.com/timex#o http://ex.org/variable#101	1
http://ex.org/variable#54 http://www.ibm.com/timex#di http://ex.org/variable#102	1
http://ex.org/variable#54 http://www.ibm.com/timex#oi http://ex.org/variable#103	1
http://ex.org/variable#54 http://www.ibm.com/timex#b http://ex.org/variable#104	1
http://ex.org/variable#54 http://www.ibm.com/timex#o http://ex.org/variable#105	1
http://ex.org/variable#54 http://www.ibm.com/timex#d http://ex.org/variable#106	1
http://ex.org/variable#54 http://www.ibm.com/timex#di_fi http://ex.org/variable#107	1
http://ex.org/variable#54 http://www.ibm.com/timex#di http://ex.org/variable#108	1
http://ex.org/variable#54 http://www.ibm.com/timex#di http://ex.org/variable#109	1
http://ex.org/variable#54 http://www.ibm.com/timex#d http://ex.org/variable#110	1
http://ex.org/variable#54 http://www.ibm.com/timex#di http://ex.org/variable#111	1
http://ex.org/variable#54 http://www.ibm.com/timex#oi http://ex.org/variable#112	1
http://ex.org/variable#54 http://www.ibm.com/timex#di http://ex.org/variable#113	1
http://ex.org/variable#54 http://www.ibm.com/timex#d http://ex.org/variable#114	1
http://ex.org/variable#54 http://www.ibm.com/timex#b http://ex.org/variable#115	1
http://ex.org/variable#54 http://www.ibm.com/timex#di http://ex.org/variable#116	1
http://ex.org/variable#54 http://www.ibm.com/timex#oi http://ex.org/variable#117	1
http://ex.org/variable#54 http://www.ibm.com/timex#oi http://ex.org/variable#118	1
http://ex.org/variable#54 http://www.ibm.com/timex#d http://ex.org/variable#119	1
http://ex.org/variable#54 http://www.ibm.com/timex#oi http://ex.org/variable#120	1
http://ex.org/variable#54 http://www.ibm.com/timex#b http://ex.org/variable#121	1
http://ex.org/variable#54 http://www.ibm.com/timex#d http://ex.org/variable#122	1
http://ex.org/variable#54 http://www.ibm.com/timex#o http://ex.org/variable#123	1
http://ex.org/variable#54 http://www.ibm.com/timex#oi http://ex.org/variable#124	1
http://ex.org/variable#54 http://www.ibm.com/timex#oi http://ex.org/variable#125	1
http://ex.org/variable#54 http://www.ibm.com/timex#o http://ex.org/variable#126	1
http://ex.org/variable#54 http://www.ibm.com/timex#o http://ex.org/variable#127	1
http://ex.org/variable#54 http://www.ibm.com/timex#o http://ex.org/variable#128	1
http://ex.org/variable#54 http://www.ibm.com/timex#oi http://ex.org/variable#129	1
http://ex.org/variable#54 http://www.ibm.com/timex#di http://ex.org/variable#130	1
http://ex.org/variable#54 http://www.ibm.com/timex#b http://ex.org/variable#131	1
http://ex.org/variable#54 http://www.ibm.com/timex#d http://ex.org/variable#132	1
http://ex.org/variable#54 http://www.ibm.com/timex#o http://ex.org/variable#133	1
http://ex.org/variable#54 http://www.ibm.com/timex#oi http://ex.org/variable#134	1
http://ex.org/variable#54 http://www.ibm.com/timex#d http://ex.org/variable#135	1
http://ex.org/variable#54 http://www.ibm.com/timex#d http://ex.org/variable#136	1
http://ex.org/variable#54 http://www.ibm.com/timex#di http://ex.org/variable#137	1
http://ex.org/variable#54 http://www.ibm.com/timex#o http://ex.org/variable#138	1
http://ex.org/variable#54 http://www.ibm.com/timex#di http://ex.org/variable#139	1
http://ex.org/variable#54 http://www.ibm.com/timex#di http://ex.org/variable#140	1
http://ex.org/variable#54 http://www.ibm.com/timex#d http://ex.org/variable#141	1
http://ex.org/variable#54 http://www.ibm.com/timex#oi http://ex.org/variable#142	1
http://ex.org/variable#54 http://www.ibm.com/timex#d http://ex.org/variable#143	1
http://ex.org/variable#54 http://www.ibm.com/timex#o http://ex.org/variable#144	1
http://ex.org/variable#54 http://www.ibm.com/timex#o http://ex.org/variable#145	1
http://ex.org/variable#54 http://www.ibm.com/timex#o http://ex.org/variable#146	1
http://ex.org/variable#54 http://www.ibm.com/timex#oi http://ex.org/variable#147	1
http://ex.org/variable#54 http://www.ibm.com/timex#o http://ex.org/variable#148	1
http://ex.org/variable#54 http://www.ibm.com/timex#oi http://ex.org/variable#149	1
http://ex.org/variable#54 http://www.ibm.com/timex#o http://ex.org/variable#150	1
http://ex.org/variable#54 http://www.ibm.com/timex#o http://ex.org/variable#151	1
http://ex.org/variable#54 http://www.ibm.com/timex#oi http://ex.org/variable#152	1
http://ex.org/variable#54 http://www.ibm.com/timex#d http://ex.org/variable#153	1
http://ex.org/variable#54 http://www.ibm.com/timex#di http://ex.org/variable#154	1
http://ex.org/variable#54 http://www.ibm.com/timex#oi http://ex.org/variable#155	1
http://ex.org/variable#54 http://www.ibm.com/timex#o_s http://ex.org/variable#156	1
http://ex.org/variable#54 http://www.ibm.com/timex#oi http://ex.org/variable#157	1
http://ex.org/variable#54 http://www.ibm.com/timex#oi http://ex.org/variable#158	1
http://ex.org/variable#54 http://www.ibm.com/timex#o http://ex.org/variable#159	1
http://ex.org/variable#54 http://www.ibm.com/timex#o http://ex.org/variable#160	1
http://ex.org/variable#54 http://www.ibm.com/timex#di http://ex.org/variable#161	1
http://ex.org/variable#54 http://www.ibm.com/timex#oi http://ex.org/variable#162	1
http://ex.org/variable#54 http://www.ibm.com/timex#o http://ex.org/variable#163	1
http://ex.org/variable#54 http://www.ibm.com/timex#o http://ex.org/variable#164	1
http://ex.org/variable#54 http://www.ibm.com/timex#di http://ex.org/variable#165	1
http://ex.org/variable#54 http://www.ibm.com/timex#oi http://ex.org/variable#166	1
http://ex.org/variable#54 http://www.ibm.com/timex#oi http://ex.org/variable#167	1
http://ex.org/variable#54 http://www.ibm.com/timex#o http://ex.org/variable#168	1
http://ex.org/variable#54 http://www.ibm.com/timex#d http://ex.org/variable#169	1
http://ex.org/variable#54 http://www.ibm.com/timex#o http://ex.org/variable#170	1
http://ex.org/variable#54 http://www.ibm.com/timex#oi http://ex.org/variable#171	1
http://ex.org/variable#54 http://www.ibm.com/timex#oi http://ex.org/variable#172	1
http://ex.org/variable#54 http://www.ibm.com/timex#m_o http://ex.org/variable#173	1
http://ex.org/variable#54 http://www.ibm.com/timex#o http://ex.org/variable#174	1
http://ex.org/variable#54 http://www.ibm.com/timex#oi http://ex.org/variable#175	1
http://ex.org/variable#54 http://www.ibm.com/timex#o http://ex.org/variable#176	1
http://ex.org/variable#54 http://www.ibm.com/timex#o http://ex.org/variable#177	1
http://ex.org/variable#54 http://www.ibm.com/timex#o http://ex.org/variable#178	1
http://ex.org/variable#54 http://www.ibm.com/timex#o http://ex.org/variable#179	1
http://ex.org/variable#54 http://www.ibm.com/timex#di http://ex.org/variable#180	1
http://ex.org/variable#54 http://www.ibm.com/timex#oi http://ex.org/variable#181	1
http://ex.org/variable#54 http://www.ibm.com/timex#di http://ex.org/variable#182	1
http://ex.org/variable#54 http://www.ibm.com/timex#o http://ex.org/variable#183	1
http://ex.org/variable#54 http://www.ibm.com/timex#oi http://ex.org/variable#184	1
http://ex.org/variable#54 http://www.ibm.com/timex#o http://ex.org/variable#185	1
http://ex.org/variable#54 http://www.ibm.com/timex#o http://ex.org/variable#186	1
http://ex.org/variable#54 http://www.ibm.com/timex#d http://ex.org/variable#187	1
http://ex.org/variable#54 http://www.ibm.com/timex#o_di_fi http://ex.org/variable#188	1
http://ex.org/variable#54 http://www.ibm.com/timex#di http://ex.org/variable#189	1
http://ex.org/variable#55 http://www.ibm.com/timex#d http://ex.org/variable#0	1
http://ex.org/variable#55 http://www.ibm.com/timex#b_m_o http://ex.org/variable#1	1
http://ex.org/variable#55 http://www.ibm.com/timex#d http://ex.org/variable#2	1
http://ex.org/variable#55 http://www.ibm.com/timex#o_fi http://ex.org/variable#3	1
http://ex.org/variable#55 http://www.ibm.com/timex#d_s http://ex.org/variable#4	1
http://ex.org/variable#55 http://www.ibm.com/timex#oi http://ex.org/variable#5	1
http://ex.org/variable#55 http://www.ibm.com/timex#o http://ex.org/variable#6	1
http://ex.org/variable#55 http://www.ibm.com/timex#d http://ex.org/variable#7	1
http://ex.org/variable#55 http://www.ibm.com/timex#bi http://ex.org/variable#8	1
http://ex.org/variable#55 http://www.ibm.com/timex#o http://ex.org/variable#9	1
http://ex.org/variable#55 http://www.ibm.com/timex#o_s http://ex.org/variable#10	1
http://ex.org/variable#55 http://www.ibm.com/timex#d http://ex.org/variable#11	1
http://ex.org/variable#55 http://www.ibm.com/timex#d http://ex.org/variable#12	1
http://ex.org/variable#55 http://www.ibm.com/timex#oi http://ex.org/variable#13	1
http://ex.org/variable#55 http://www.ibm.com/timex#di http://ex.org/variable#14	1
http://ex.org/variable#55 http://www.ibm.com/timex#oi http://ex.org/variable#15	1
http://ex.org/variable#55 http://www.ibm.com/timex#oi http://ex.org/variable#16	1
http://ex.org/variable#55 http://www.ibm.com/timex#b_o http://ex.org/variable#17	1
http://ex.org/variable#55 http://www.ibm.com/timex#d http://ex.org/variable#18	1
http://ex.org/variable#55 http://www.ibm.com/timex#oi http://ex.org/variable#19	1
http://ex.org/variable#55 http://www.ibm.com/timex#d http://ex.org/variable#20	1
http://ex.org/variable#55 http://www.ibm.com/timex#o http://ex.org/variable#21	1
http://ex.org/variable#55 http://www.ibm.com/timex#d http://ex.org/variable#22	1
http://ex.org/variable#55 http://www.ibm.com/timex#oi http://ex.org/variable#23	1
http://ex.org/variable#55 http://www.ibm.com/timex#d http://ex.org/variable#24	1
http://ex.org/variable#55 http://www.ibm.com/timex#bi http://ex.org/variable#25	1
http://ex.org/variable#55 http://www.ibm.com/timex#o http://ex.org/variable#26	1
http://ex.org/variable#55 http://www.ibm.com/timex#oi http://ex.org/variable#27	1
http://ex.org/variable#55 http://www.ibm.com/timex#o http://ex.org/variable#28	1
http://ex.org/variable#55 http://www.ibm.com/timex#d http://ex.org/variable#29	1
http://ex.org/variable#55 http://www.ibm.com/timex#di http://ex.org/variable#30	1
http://ex.org/variable#55 http://www.ibm.com/timex#oi http://ex.org/variable#31	1
http://ex.org/variable#55 http://www.ibm.com/timex#oi http://ex.org/variable#32	1
http://ex.org/variable#55 http://www.ibm.com/timex#o http://ex.org/variable#33	1
http://ex.org/variable#55 http://www.ibm.com/timex#d http://ex.org/variable#34	1
http://ex.org/variable#55 http://www.ibm.com/timex#di http://ex.org/variable#35	1
http://ex.org/variable#55 http://www.ibm.com/timex#oi http://ex.org/variable#36	1
http://ex.org/variable#55 http://www.ibm.com/timex#oi http://ex.org/variable#37	1
http://ex.org/variable#55 http://www.ibm.com/timex#oi_d http://ex.org/variable#38	1
http://ex.org/variable#55 http://www.ibm.com/timex#di http://ex.org/variable#39	1
http://ex.org/variable#55 http://www.ibm.com/timex#oi http://ex.org/variable#40	1
http://ex.org/variable#55 http://www.ibm.com/timex#d http://ex.org/variable#41	1
http://ex.org/variable#55 http://www.ibm.com/timex#d http://ex.org/variable#42	1
http://ex.org/variable#55 http://www.ibm.com/timex#d http://ex.org/variable#43	1
http://ex.org/variable#55 http://www.ibm.com/timex#d http://ex.org/variable#44	1
http://ex.org/variable#55 http://www.ibm.com/timex#o http://ex.org/variable#45	1
http://ex.org/variable#55 http://www.ibm.com/timex#oi http://ex.org/variable#46	1
http://ex.org/variable#55 http://www.ibm.com/timex#oi http://ex.org/variable#47	1
http://ex.org/variable#55 http://www.ibm.com/timex#o http://ex.org/variable#48	1
http://ex.org/variable#55 http://www.ibm.com/timex#oi http://ex.org/variable#49	1
http://ex.org/variable#55 http://www.ibm.com/timex#o_s http://ex.org/variable#50	1
http://ex.org/variable#55 http://www.ibm.com/timex#o http://ex.org/variable#51	1
http://ex.org/variable#55 http://www.ibm.com/timex#d http://ex.org/variable#52	1
http://ex.org/variable#55 http://www.ibm.com/timex#d http://ex.org/variable#53	1
http://ex.org/variable#55 http://www.ibm.com/timex#d http://ex.org/variable#54	1
http://ex.org/variable#55 http://www.ibm.com/timex#oi http://ex.org/variable#56	1
http://ex.org/variable#55 http://www.ibm.com/timex#oi http://ex.org/variable#57	1
http://ex.org/variable#55 http://www.ibm.com/timex#oi_f http://ex.org/variable#58	1
http://ex.org/variable#55 http://www.ibm.com/timex#d http://ex.org/variable#59	1
http://ex.org/variable#55 http://www.ibm.com/timex#d http://ex.org/variable#60	1
http://ex.org/variable#55 http://www.ibm.com/timex#d http://ex.org/variable#61	1
http://ex.org/variable#55 http://www.ibm.com/timex#d http://ex.org/variable#62	1
http://ex.org/variable#55 http://www.ibm.com/timex#d http://ex.org/variable#63	1
http://ex.org/variable#55 http://www.ibm.com/timex#d http://ex.org/variable#64	1
http://ex.org/variable#55 http://www.ibm.com/timex#bi http://ex.org/variable#65	1
http://ex.org/variable#55 http://www.ibm.com/timex#oi http://ex.org/variable#66	1
http://ex.org/variable#55 http://www.ibm.com/timex#d http://ex.org/variable#67	1
http://ex.org/variable#55 http://www.ibm.com/timex#d http://ex.org/variable#68	1
http://ex.org/variable#55 http://www.ibm.com/timex#oi http://ex.org/variable#69	1
http://ex.org/variable#55 http://www.ibm.com/timex#d http://ex.org/variable#70	1
http://ex.org/variable#55 http://www.ibm.com/timex#oi http://ex.org/variable#71	1
http://ex.org/variable#55 http://www.ibm.com/timex#o_s http://ex.org/variable#72	1
http://ex.org/variable#55 http://www.ibm.com/timex#oi_f http://ex.org/variable#73	1
http://ex.org/variable#55 http://www.ibm.com/timex#d http://ex.org/variable#74	1
http://ex.org/variable#55 http://www.ibm.com/timex#oi http://ex.org/variable#75	1
http://ex.org/variable#55 http://www.ibm.com/timex#d http://ex.org/variable#76	1
http://ex.org/variable#55 http://www.ibm.com/timex#d http://ex.org/variable#77	1
http://ex.org/variable#55 http://www.ibm.com/timex#oi http://ex.org/variable#78	1
http://ex.org/variable#55 http://www.ibm.com/timex#oi http://ex.org/variable#79	1
http://ex.org/variable#55 http://www.ibm.com/timex#d http://ex.org/variable#80	1
http://ex.org/variable#55 http://www.ibm.com/timex#oi http://ex.org/variable#81	1
http://ex.org/variable#55 http://www.ibm.com/timex#oi http://ex.org/variable#82	1
http://ex.org/variable#55 http://www.ibm.com/timex#d http://ex.org/variable#83	1
http://ex.org/variable#55 http://www.ibm.com/timex#o http://ex.org/variable#84	1
http://ex.org/variable#55 http://www.ibm.com/timex#o http://ex.org/variable#85	1
http://ex.org/variable#55 http://www.ibm.com/timex#d http://ex.org/variable#86	1
http://ex.org/variable#55 http://www.ibm.com/timex#o http://ex.org/variable#87	1
http://ex.org/variable#55 http://www.ibm.com/timex#b http://ex.org/variable#88	1
http://ex.org/variable#55 http://www.ibm.com/timex#d http://ex.org/variable#89	1
http://ex.org/variable#55 http://www.ibm.com/timex#oi_d_f http://ex.org/variable#90	1
http://ex.org/variable#55 http://www.ibm.com/timex#d http://ex.org/variable#91	1
http://ex.org/variable#55 http://www.ibm.com/timex#o http://ex.org/variable#92	1
http://ex.org/variable#55 http://www.ibm.com/timex#d http://ex.org/variable#93	1
http://ex.org/variable#55 http://www.ibm.com/timex#oi http://ex.org/variable#94	1
http://ex.org/variable#55 http://www.ibm.com/timex#di http://ex.org/variable#95	1
http://ex.org/variable#55 http://www.ibm.com/timex#bi http://ex.org/variable#96	1
http://ex.org/variable#55 http://www.ibm.com/timex#d http://ex.org/variable#97	1
http://ex.org/variable#55 http://www.ibm.com/timex#o http://ex.org/variable#98	1
http://ex.org/variable#55 http://www.ibm.com/timex#o http://ex.org/variable#99	1
http://ex.org/variable#55 http://www.ibm.com/timex#bi http://ex.org/variable#100	1
http://ex.org/variable#55 http://www.ibm.com/timex#d http://ex.org/variable#101	1
http://ex.org/variable#55 http://www.ibm.com/timex#di http://ex.org/variable#102	1
http://ex.org/variable#55 http://www.ibm.com/timex#d_f http://ex.org/variable#103	1
http://ex.org/variable#55 http://www.ibm.com/timex#b http://ex.org/variable#104	1
http://ex.org/variable#55 http://www.ibm.com/timex#d http://ex.org/variable#105	1
http://ex.org/variable#55 http://www.ibm.com/timex#d http://ex.org/variable#106	1
http://ex.org/variable#55 http://www.ibm.com/timex#d http://ex.org/variable#107	1
http://ex.org/variable#55 http://www.ibm.com/timex#di http://ex.org/variable#108	1
http://ex.org/variable#55 http://www.ibm.com/timex#di http://ex.org/variable#109	1
http://ex.org/variable#55 http://www.ibm.com/timex#d http://ex.org/variable#110	1
http://ex.org/variable#55 http://www.ibm.com/timex#oi http://ex.org/variable#111	1
http://ex.org/variable#55 http://www.ibm.com/timex#oi_d_f http://ex.org/variable#112	1
http://ex.org/variable#55 http://www.ibm.com/timex#di http://ex.org/variable#113	1
http://ex.org/variable#55 http://www.ibm.com/timex#d http://ex.org/variable#114	1
http://ex.org/variable#55 http://www.ibm.com/timex#b http://ex.org/variable#115	1
http://ex.org/variable#55 http://www.ibm.com/timex#di http://ex.org/variable#116	1
http://ex.org/variable#55 http://www.ibm.com/timex#oi http://ex.org/variable#117	1
http://ex.org/variable#55 http://www.ibm.com/timex#oi http://ex.org/variable#118	1
http://ex.org/variable#55 http://www.ibm.com/timex#d http://ex.org/variable#119	1
http://ex.org/variable#55 http://www.ibm.com/timex#oi http://ex.org/variable#120	1
http://ex.org/variable#55 http://www.ibm.com/timex#b http://ex.org/variable#121	1
http://ex.org/variable#55 http://www.ibm.com/timex#d http://ex.org/variable#122	1
http://ex.org/variable#55 http://www.ibm.com/timex#o_s http://ex.org/variable#123	1
http://ex.org/variable#55 http://www.ibm.com/timex#oi http://ex.org/variable#124	1
http://ex.org/variable#55 http://www.ibm.com/timex#oi http://ex.org/variable#125	1
http://ex.org/variable#55 http://www.ibm.com/timex#o http://ex.org/variable#126	1
http://ex.org/variable#55 http://www.ibm.com/timex#o http://ex.org/variable#127	1
http://ex.org/variable#55 http://www.ibm.com/timex#d http://ex.org/variable#128	1
http://ex.org/variable#55 http://www.ibm.com/timex#oi http://ex.org/variable#129	1
http://ex.org/variable#55 http://www.ibm.com/timex#oi http://ex.org/variable#130	1
http://ex.org/variable#55 http://www.ibm.com/timex#b http://ex.org/variable#131	1
http://ex.org/variable#55 http://www.ibm.com/timex#d http://ex.org/variable#132	1
http://ex.org/variable#55 http://www.ibm.com/timex#o http://ex.org/variable#133	1
http://ex.org/variable#55 http://www.ibm.com/timex#oi http://ex.org/variable#134	1
http://ex.org/variable#55 http://www.ibm.com/timex#d http://ex.org/variable#135	1
http://ex.org/variable#55 http://www.ibm.com/timex#d http://ex.org/variable#136	1
http://ex.org/variable#55 http://www.ibm.com/timex#di http://ex.org/variable#137	1
http://ex.org/variable#55 http://www.ibm.com/timex#o http://ex.org/variable#138	1
http://ex.org/variable#55 http://www.ibm.com/timex#oi http://ex.org/variable#139	1
http://ex.org/variable#55 http://www.ibm.com/timex#oi http://ex.org/variable#140	1
http://ex.org/variable#55 http://www.ibm.com/timex#d http://ex.org/variable#141	1
http://ex.org/variable#55 http://www.ibm.com/timex#oi http://ex.org/variable#142	1
http://ex.org/variable#55 http://www.ibm.com/timex#d http://ex.org/variable#143	1
http://ex.org/variable#55 http://www.ibm.com/timex#d http://ex.org/variable#144	1
http://ex.org/variable#55 http://www.ibm.com/timex#o http://ex.org/variable#145	1
http://ex.org/variable#55 http://www.ibm.com/timex#d_s http://ex.org/variable#146	1
http://ex.org/variable#55 http://www.ibm.com/timex#oi_f http://ex.org/variable#147	1
http://ex.org/variable#55 http://www.ibm.com/timex#d http://ex.org/variable#148	1
http://ex.org/variable#55 http://www.ibm.com/timex#bi_mi_oi http://ex.org/variable#149	1
http://ex.org/variable#55 http://www.ibm.com/timex#o http://ex.org/variable#150	1
http://ex.org/variable#55 http://www.ibm.com/timex#d http://ex.org/variable#151	1
http://ex.org/variable#55 http://www.ibm.com/timex#bi http://ex.org/variable#152	1
http://ex.org/variable#55 http://www.ibm.com/timex#d http://ex.org/variable#153	1
http://ex.org/variable#55 http://www.ibm.com/timex#di http://ex.org/variable#154	1
http://ex.org/variable#55 http://www.ibm.com/timex#oi_d http://ex.org/variable#155	1
http://ex.org/variable#55 http://www.ibm.com/timex#d http://ex.org/variable#156	1
http://ex.org/variable#55 http://www.ibm.com/timex#bi http://ex.org/variable#157	1
http://ex.org/variable#55 http://www.ibm.com/timex#oi http://ex.org/variable#158	1
http://ex.org/variable#55 http://www.ibm.com/timex#o http://ex.org/variable#159	1
http://ex.org/variable#55 http://www.ibm.com/timex#d http://ex.org/variable#160	1
http://ex.org/variable#55 http://www.ibm.com/timex#di http://ex.org/variable#161	1
http://ex.org/variable#55 http://www.ibm.com/timex#oi http://ex.org/variable#162	1
http://ex.org/variable#55 http://www.ibm.com/timex#o http://ex.org/variable#163	1
http://ex.org/variable#55 http://www.ibm.com/timex#o_d_s http://ex.org/variable#164	1
http://ex.org/variable#55 http://www.ibm.com/timex#oi http://ex.org/variable#165	1
http://ex.org/variable#55 http://www.ibm.com/timex#oi http://ex.org/variable#166	1
http://ex.org/variable#55 http://www.ibm.com/timex#oi http://ex.org/variable#167	1
http://ex.org/variable#55 http://www.ibm.com/timex#o http://ex.org/variable#168	1
http://ex.org/variable#55 http://www.ibm.com/timex#d http://ex.org/variable#169	1
http://ex.org/variable#55 http://www.ibm.com/timex#o http://ex.org/variable#170	1
http://ex.org/variable#55 http://www.ibm.com/timex#oi http://ex.org/variable#171	1
http://ex.org/variable#55 http://www.ibm.com/timex#bi http://ex.org/variable#172	1
http://ex.org/variable#55 http://www.ibm.com/timex#b http://ex.org/variable#173	1
http://ex.org/variable#55 http://www.ibm.com/timex#o http://ex.org/variable#174	1
http://ex.org/variable#55 http://www.ibm.com/timex#oi_d http://ex.org/variable#175	1
http://ex.org/variable#55 http://www.ibm.com/timex#o http://ex.org/variable#176	1
http://ex.org/variable#55 http://www.ibm.com/timex#d http://ex.org/variable#177	1
http://ex.org/variable#55 http://www.ibm.com/timex#d http://ex.org/variable#178	1
http://ex.org/variable#55 http://www.ibm.com/timex#o http://ex.org/variable#179	1
http://ex.org/variable#55 http://www.ibm.com/timex#bi http://ex.org/variable#180	1
http://ex.org/variable#55 http://www.ibm.com/timex#bi http://ex.org/variable#181	1
http://ex.org/variable#55 http://www.ibm.com/timex#di http://ex.org/variable#182	1
http://ex.org/variable#55 http://www.ibm.com/timex#o http://ex.org/variable#183	1
http://ex.org/variable#55 http://www.ibm.com/timex#oi http://ex.org/variable#184	1
http://ex.org/variable#55 http://www.ibm.com/timex#d http://ex.org/variable#185	1
http://ex.org/variable#55 http://www.ibm.com/timex#o http://ex.org/variable#186	1
http://ex.org/variable#55 http://www.ibm.com/timex#d http://ex.org/variable#187	1
http://ex.org/variable#55 http://www.ibm.com/timex#o_di http://ex.org/variable#188	1
http://ex.org/variable#55 http://www.ibm.com/timex#di http://ex.org/variable#189	1
http://ex.org/variable#56 http://www.ibm.com/timex#o http://ex.org/variable#0	1
http://ex.org/variable#56 http://www.ibm.com/timex#b http://ex.org/variable#1	1
http://ex.org/variable#56 http://www.ibm.com/timex#d http://ex.org/variable#2	1
http://ex.org/variable#56 http://www.ibm.com/timex#o http://ex.org/variable#3	1
http://ex.org/variable#56 http://www.ibm.com/timex#o http://ex.org/variable#4	1
http://ex.org/variable#56 http://www.ibm.com/timex#oi_d_f http://ex.org/variable#5	1
http://ex.org/variable#56 http://www.ibm.com/timex#b http://ex.org/variable#6	1
http://ex.org/variable#56 http://www.ibm.com/timex#o http://ex.org/variable#7	1
http://ex.org/variable#56 http://www.ibm.com/timex#bi http://ex.org/variable#8	1
http://ex.org/variable#56 http://www.ibm.com/timex#b_m_o http://ex.org/variable#9	1
http://ex.org/variable#56 http://www.ibm.com/timex#o http://ex.org/variable#10	1
http://ex.org/variable#56 http://www.ibm.com/timex#d http://ex.org/variable#11	1
http://ex.org/variable#56 http://www.ibm.com/timex#d http://ex.org/variable#12	1
http://ex.org/variable#56 http://www.ibm.com/timex#oi_d_f http://ex.org/variable#13	1
http://ex.org/variable#56 http://www.ibm.com/timex#b_m_o http://ex.org/variable#14	1
http://ex.org/variable#56 http://www.ibm.com/timex#d http://ex.org/variable#15	1
http://ex.org/variable#56 http://www.ibm.com/timex#d http://ex.org/variable#16	1
http://ex.org/variable#56 http://www.ibm.com/timex#b http://ex.org/variable#17	1
http://ex.org/variable#56 http://www.ibm.com/timex#d http://ex.org/variable#18	1
http://ex.org/variable#56 http://www.ibm.com/timex#oi http://ex.org/variable#19	1
http://ex.org/variable#56 http://www.ibm.com/timex#d http://ex.org/variable#20	1
http://ex.org/variable#56 http://www.ibm.com/timex#b http://ex.org/variable#21	1
http://ex.org/variable#56 http://www.ibm.com/timex#d http://ex.org/variable#22	1
http://ex.org/variable#56 http://www.ibm.com/timex#oi http://ex.org/variable#23	1
http://ex.org/variable#56 http://www.ibm.com/timex#d http://ex.org/variable#24	1
http://ex.org/variable#56 http://www.ibm.com/timex#bi http://ex.org/variable#25	1
http://ex.org/variable#56 http://www.ibm.com/timex#b http://ex.org/variable#26	1
http://ex.org/variable#56 http://www.ibm.com/timex#oi http://ex.org/variable#27	1
http://ex.org/variable#56 http://www.ibm.com/timex#o http://ex.org/variable#28	1
http://ex.org/variable#56 http://www.ibm.com/timex#o http://ex.org/variable#29	1
http://ex.org/variable#56 http://www.ibm.com/timex#o_di_fi http://ex.org/variable#30	1
http://ex.org/variable#56 http://www.ibm.com/timex#d http://ex.org/variable#31	1
http://ex.org/variable#56 http://www.ibm.com/timex#oi http://ex.org/variable#32	1
http://ex.org/variable#56 http://www.ibm.com/timex#b http://ex.org/variable#33	1
http://ex.org/variable#56 http://www.ibm.com/timex#d http://ex.org/variable#34	1
http://ex.org/variable#56 http://www.ibm.com/timex#di http://ex.org/variable#35	1
http://ex.org/variable#56 http://www.ibm.com/timex#oi http://ex.org/variable#36	1
http://ex.org/variable#56 http://www.ibm.com/timex#oi http://ex.org/variable#37	1
http://ex.org/variable#56 http://www.ibm.com/timex#d http://ex.org/variable#38	1
http://ex.org/variable#56 http://www.ibm.com/timex#b http://ex.org/variable#39	1
http://ex.org/variable#56 http://www.ibm.com/timex#d http://ex.org/variable#40	1
http://ex.org/variable#56 http://www.ibm.com/timex#d http://ex.org/variable#41	1
http://ex.org/variable#56 http://www.ibm.com/timex#o http://ex.org/variable#42	1
http://ex.org/variable#56 http://www.ibm.com/timex#d http://ex.org/variable#43	1
http://ex.org/variable#56 http://www.ibm.com/timex#d http://ex.org/variable#44	1
http://ex.org/variable#56 http://www.ibm.com/timex#o http://ex.org/variable#45	1
http://ex.org/variable#56 http://www.ibm.com/timex#d http://ex.org/variable#46	1
http://ex.org/variable#56 http://www.ibm.com/timex#d http://ex.org/variable#47	1
http://ex.org/variable#56 http://www.ibm.com/timex#b http://ex.org/variable#48	1
http://ex.org/variable#56 http://www.ibm.com/timex#oi http://ex.org/variable#49	1
http://ex.org/variable#56 http://www.ibm.com/timex#o http://ex.org/variable#50	1
http://ex.org/variable#56 http://www.ibm.com/timex#b http://ex.org/variable#51	1
http://ex.org/variable#56 http://www.ibm.com/timex#d http://ex.org/variable#52	1
http://ex.org/variable#56 http://www.ibm.com/timex#d http://ex.org/variable#53	1
http://ex.org/variable#56 http://www.ibm.com/timex#d http://ex.org/variable#54	1
http://ex.org/variable#56 http://www.ibm.com/timex#o http://ex.org/variable#55	1
http://ex.org/variable#56 http://www.ibm.com/timex#d http://ex.org/variable#57	1
http://ex.org/variable#56 http://www.ibm.com/timex#d http://ex.org/variable#58	1
http://ex.org/variable#56 http://www.ibm.com/timex#d http://ex.org/variable#59	1
http://ex.org/variable#56 http://www.ibm.com/timex#d http://ex.org/variable#60	1
http://ex.org/variable#56 http://www.ibm.com/timex#d http://ex.org/variable#61	1
http://ex.org/variable#56 http://www.ibm.com/timex#o http://ex.org/variable#62	1
http://ex.org/variable#56 http://www.ibm.com/timex#d http://ex.org/variable#63	1
http://ex.org/variable#56 http://www.ibm.com/timex#d http://ex.org/variable#64	1
http://ex.org/variable#56 http://www.ibm.com/timex#bi http://ex.org/variable#65	1
http://ex.org/variable#56 http://www.ibm.com/timex#oi http://ex.org/variable#66	1
http://ex.org/variable#56 http://www.ibm.com/timex#d http://ex.org/variable#67	1
http://ex.org/variable#56 http://www.ibm.com/timex#o http://ex.org/variable#68	1
http://ex.org/variable#56 http://www.ibm.com/timex#o http://ex.org/variable#69	1
http://ex.org/variable#56 http://www.ibm.com/timex#d http://ex.org/variable#70	1
http://ex.org/variable#56 http://www.ibm.com/timex#d http://ex.org/variable#71	1
http://ex.org/variable#56 http://www.ibm.com/timex#o http://ex.org/variable#72	1
http://ex.org/variable#56 http://www.ibm.com/timex#d http://ex.org/variable#73	1
http://ex.org/variable#56 http://www.ibm.com/timex#d http://ex.org/variable#74	1
http://ex.org/variable#56 http://www.ibm.com/timex#d http://ex.org/variable#75	1
http://ex.org/variable#56 http://www.ibm.com/timex#d http://ex.org/variable#76	1
http://ex.org/variable#56 http://www.ibm.com/timex#d http://ex.org/variable#77	1
http://ex.org/variable#56 http://www.ibm.com/timex#o http://ex.org/variable#78	1
http://ex.org/variable#56 http://www.ibm.com/timex#d http://ex.org/variable#79	1
http://ex.org/variable#56 http://www.ibm.com/timex#d http://ex.org/variable#80	1
http://ex.org/variable#56 http://www.ibm.com/timex#d http://ex.org/variable#81	1
http://ex.org/variable#56 http://www.ibm.com/timex#oi http://ex.org/variable#82	1
http://ex.org/variable#56 http://www.ibm.com/timex#d http://ex.org/variable#83	1
http://ex.org/variable#56 http://www.ibm.com/timex#b_m_o http://ex.org/variable#84	1
http://ex.org/variable#56 http://www.ibm.com/timex#b http://ex.org/variable#85	1
http://ex.org/variable#56 http://www.ibm.com/timex#d http://ex.org/variable#86	1
http://ex.org/variable#56 http://www.ibm.com/timex#o http://ex.org/variable#87	1
http://ex.org/variable#56 http://www.ibm.com/timex#b http://ex.org/variable#88	1
http://ex.org/variable#56 http://www.ibm.com/timex#o http://ex.org/variable#89	1
http://ex.org/variable#56 http://www.ibm.com/timex#o http://ex.org/variable#90	1
http://ex.org/variable#56 http://www.ibm.com/timex#d http://ex.org/variable#91	1
http://ex.org/variable#56 http://www.ibm.com/timex#o http://ex.org/variable#92	1
http://ex.org/variable#56 http://www.ibm.com/timex#d http://ex.org/variable#93	1
http://ex.org/variable#56 http://www.ibm.com/timex#d http://ex.org/variable#94	1
http://ex.org/variable#56 http://www.ibm.com/timex#di http://ex.org/variable#95	1
http://ex.org/variable#56 http://www.ibm.com/timex#bi http://ex.org/variable#96	1
http://ex.org/variable#56 http://www.ibm.com/timex#o http://ex.org/variable#97	1
http://ex.org/variable#56 http://www.ibm.com/timex#b http://ex.org/variable#98	1
http://ex.org/variable#56 http://www.ibm.com/timex#b http://ex.org/variable#99	1
http://ex.org/variable#56 http://www.ibm.com/timex#oi http://ex.org/variable#100	1
http://ex.org/variable#56 http://www.ibm.com/timex#o http://ex.org/variable#101	1
http://ex.org/variable#56 http://www.ibm.com/timex#b http://ex.org/variable#102	1
http://ex.org/variable#56 http://www.ibm.com/timex#d http://ex.org/variable#103	1
http://ex.org/variable#56 http://www.ibm.com/timex#b http://ex.org/variable#104	1
http://ex.org/variable#56 http://www.ibm.com/timex#d http://ex.org/variable#105	1
http://ex.org/variable#56 http://www.ibm.com/timex#d http://ex.org/variable#106	1
http://ex.org/variable#56 http://www.ibm.com/timex#o http://ex.org/variable#107	1
http://ex.org/variable#56 http://www.ibm.com/timex#o_di_fi http://ex.org/variable#108	1
http://ex.org/variable#56 http://www.ibm.com/timex#b http://ex.org/variable#109	1
http://ex.org/variable#56 http://www.ibm.com/timex#d http://ex.org/variable#110	1
http://ex.org/variable#56 http://www.ibm.com/timex#d_s http://ex.org/variable#111	1
http://ex.org/variable#56 http://www.ibm.com/timex#d http://ex.org/variable#112	1
http://ex.org/variable#56 http://www.ibm.com/timex#o_di_fi http://ex.org/variable#113	1
http://ex.org/variable#56 http://www.ibm.com/timex#d http://ex.org/variable#114	1
http://ex.org/variable#56 http://www.ibm.com/timex#b http://ex.org/variable#115	1
http://ex.org/variable#56 http://www.ibm.com/timex#b http://ex.org/variable#116	1
http://ex.org/variable#56 http://www.ibm.com/timex#oi http://ex.org/variable#117	1
http://ex.org/variable#56 http://www.ibm.com/timex#d http://ex.org/variable#118	1
http://ex.org/variable#56 http://www.ibm.com/timex#d http://ex.org/variable#119	1
http://ex.org/variable#56 http://www.ibm.com/timex#oi_d_f http://ex.org/variable#120	1
http://ex.org/variable#56 http://www.ibm.com/timex#b http://ex.org/variable#121	1
http://ex.org/variable#56 http://www.ibm.com/timex#d http://ex.org/variable#122	1
http://ex.org/variable#56 http://www.ibm.com/timex#o http://ex.org/variable#123	1
http://ex.org/variable#56 http://www.ibm.com/timex#oi_d_f http://ex.org/variable#124	1
http://ex.org/variable#56 http://www.ibm.com/timex#d http://ex.org/variable#125	1
http://ex.org/variable#56 http://www.ibm.com/timex#o http://ex.org/variable#126	1
http://ex.org/variable#56 http://www.ibm.com/timex#b http://ex.org/variable#127	1
http://ex.org/variable#56 http://www.ibm.com/timex#o http://ex.org/variable#128	1
http://ex.org/variable#56 http://www.ibm.com/timex#oi_f http://ex.org/variable#129	1
http://ex.org/variable#56 http://www.ibm.com/timex#si http://ex.org/variable#130	1
http://ex.org/variable#56 http://www.ibm.com/timex#b http://ex.org/variable#131	1
http://ex.org/variable#56 http://www.ibm.com/timex#d http://ex.org/variable#132	1
http://ex.org/variable#56 http://www.ibm.com/timex#o http://ex.org/variable#133	1
http://ex.org/variable#56 http://www.ibm.com/timex#d http://ex.org/variable#134	1
http://ex.org/variable#56 http://www.ibm.com/timex#d http://ex.org/variable#135	1
http://ex.org/variable#56 http://www.ibm.com/timex#d http://ex.org/variable#136	1
http://ex.org/variable#56 http://www.ibm.com/timex#o http://ex.org/variable#137	1
http://ex.org/variable#56 http://www.ibm.com/timex#b http://ex.org/variable#138	1
http://ex.org/variable#56 http://www.ibm.com/timex#o http://ex.org/variable#139	1
http://ex.org/variable#56 http://www.ibm.com/timex#o http://ex.org/variable#140	1
http://ex.org/variable#56 http://www.ibm.com/timex#d http://ex.org/variable#141	1
http://ex.org/variable#56 http://www.ibm.com/timex#d http://ex.org/variable#142	1
http://ex.org/variable#56 http://www.ibm.com/timex#d http://ex.org/variable#143	1
http://ex.org/variable#56 http://www.ibm.com/timex#o http://ex.org/variable#144	1
http://ex.org/variable#56 http://www.ibm.com/timex#b http://ex.org/variable#145	1
http://ex.org/variable#56 http://www.ibm.com/timex#o http://ex.org/variable#146	1
http://ex.org/variable#56 http://www.ibm.com/timex#d http://ex.org/variable#147	1
http://ex.org/variable#56 http://www.ibm.com/timex#o http://ex.org/variable#148	1
http://ex.org/variable#56 http://www.ibm.com/timex#oi http://ex.org/variable#149	1
http://ex.org/variable#56 http://www.ibm.com/timex#b http://ex.org/variable#150	1
http://ex.org/variable#56 http://www.ibm.com/timex#o http://ex.org/variable#151	1
http://ex.org/variable#56 http://www.ibm.com/timex#bi http://ex.org/variable#152	1
http://ex.org/variable#56 http://www.ibm.com/timex#d http://ex.org/variable#153	1
http://ex.org/variable#56 http://www.ibm.com/timex#o http://ex.org/variable#154	1
http://ex.org/variable#56 http://www.ibm.com/timex#d http://ex.org/variable#155	1
http://ex.org/variable#56 http://www.ibm.com/timex#d http://ex.org/variable#156	1
http://ex.org/variable#56 http://www.ibm.com/timex#bi http://ex.org/variable#157	1
http://ex.org/variable#56 http://www.ibm.com/timex#d http://ex.org/variable#158	1
http://ex.org/variable#56 http://www.ibm.com/timex#o http://ex.org/variable#159	1
http://ex.org/variable#56 http://www.ibm.com/timex#o http://ex.org/variable#160	1
http://ex.org/variable#56 http://www.ibm.com/timex#o http://ex.org/variable#161	1
http://ex.org/variable#56 http://www.ibm.com/timex#oi_d_f http://ex.org/variable#162	1
http://ex.org/variable#56 http://www.ibm.com/timex#o http://ex.org/variable#163	1
http://ex.org/variable#56 http://www.ibm.com/timex#o http://ex.org/variable#164	1
http://ex.org/variable#56 http://www.ibm.com/timex#o http://ex.org/variable#165	1
http://ex.org/variable#56 http://www.ibm.com/timex#d http://ex.org/variable#166	1
http://ex.org/variable#56 http://www.ibm.com/timex#d http://ex.org/variable#167	1
http://ex.org/variable#56 http://www.ibm.com/timex#o http://ex.org/variable#168	1
http://ex.org/variable#56 http://www.ibm.com/timex#d http://ex.org/variable#169	1
http://ex.org/variable#56 http://www.ibm.com/timex#b http://ex.org/variable#170	1
http://ex.org/variable#56 http://www.ibm.com/timex#d http://ex.org/variable#171	1
http://ex.org/variable#56 http://www.ibm.com/timex#bi http://ex.org/variable#172	1
http://ex.org/variable#56 http://www.ibm.com/timex#b http://ex.org/variable#173	1
http://ex.org/variable#56 http://www.ibm.com/timex#o http://ex.org/variable#174	1
http://ex.org/variable#56 http://www.ibm.com/timex#d http://ex.org/variable#175	1
http://ex.org/variable#56 http://www.ibm.com/timex#o http://ex.org/variable#176	1
http://ex.org/variable#56 http://www.ibm.com/timex#o http://ex.org/variable#177	1
http://ex.org/variable#56 http://www.ibm.com/timex#o http://ex.org/variable#178	1
http://ex.org/variable#56 http://www.ibm.com/timex#o http://ex.org/variable#179	1
http://ex.org/variable#56 http://www.ibm.com/timex#bi http://ex.org/variable#180	1
http://ex.org/variable#56 http://www.ibm.com/timex#oi http://ex.org/variable#181	1
http://ex.org/variable#56 http://www.ibm.com/timex#o http://ex.org/variable#182	1
http://ex.org/variable#56 http://www.ibm.com/timex#b http://ex.org/variable#183	1
http://ex.org/variable#56 http://www.ibm.com/timex#d http://ex.org/variable#184	1
http://ex.org/variable#56 http://www.ibm.com/timex#o http://ex.org/variable#185	1
http://ex.org/variable#56 http://www.ibm.com/timex#o http://ex.org/variable#186	1
http://ex.org/variable#56 http://www.ibm.com/timex#d http://ex.org/variable#187	1
http://ex.org/variable#56 http://www.ibm.com/timex#o http://ex.org/variable#188	1
http://ex.org/variable#56 http://www.ibm.com/timex#o http://ex.org/variable#189	1
http://ex.org/variable#57 http://www.ibm.com/timex#o http://ex.org/variable#0	1
http://ex.org/variable#57 http://www.ibm.com/timex#b http://ex.org/variable#1	1
http://ex.org/variable#57 http://www.ibm.com/timex#o http://ex.org/variable#2	1
http://ex.org/variable#57 http://www.ibm.com/timex#o http://ex.org/variable#3	1
http://ex.org/variable#57 http://www.ibm.com/timex#o http://ex.org/variable#4	1
http://ex.org/variable#57 http://www.ibm.com/timex#di http://ex.org/variable#5	1
http://ex.org/variable#57 http://www.ibm.com/timex#o http://ex.org/variable#6	1
http://ex.org/variable#57 http://www.ibm.com/timex#o http://ex.org/variable#7	1
http://ex.org/variable#57 http://www.ibm.com/timex#di http://ex.org/variable#8	1
http://ex.org/variable#57 http://www.ibm.com/timex#o http://ex.org/variable#9	1
http://ex.org/variable#57 http://www.ibm.com/timex#o http://ex.org/variable#10	1
http://ex.org/variable#57 http://www.ibm.com/timex#o http://ex.org/variable#11	1
http://ex.org/variable#57 http://www.ibm.com/timex#d http://ex.org/variable#12	1
http://ex.org/variable#57 http://www.ibm.com/timex#di http://ex.org/variable#13	1
http://ex.org/variable#57 http://www.ibm.com/timex#o http://ex.org/variable#14	1
http://ex.org/variable#57 http://www.ibm.com/timex#o http://ex.org/variable#15	1
http://ex.org/variable#57 http://www.ibm.com/timex#o http://ex.org/variable#16	1
http://ex.org/variable#57 http://www.ibm.com/timex#b http://ex.org/variable#17	1
http://ex.org/variable#57 http://www.ibm.com/timex#o http://ex.org/variable#18	1
http://ex.org/variable#57 http://www.ibm.com/timex#di http://ex.org/variable#19	1
http://ex.org/variable#57 http://www.ibm.com/timex#o http://ex.org/variable#20	1
http://ex.org/variable#57 http://www.ibm.com/timex#b http://ex.org/variable#21	1
http://ex.org/variable#57 http://www.ibm.com/timex#o http://ex.org/variable#22	1
http://ex.org/variable#57 http://www.ibm.com/timex#di http://ex.org/variable#23	1
http://ex.org/variable#57 http://www.ibm.com/timex#o http://ex.org/variable#24	1
http://ex.org/variable#57 http://www.ibm.com/timex#di http://ex.org/variable#25	1
http://ex.org/variable#57 http://www.ibm.com/timex#b http://ex.org/variable#26	1
http://ex.org/variable#57 http://www.ibm.com/timex#oi http://ex.org/variable#27	1
http://ex.org/variable#57 http://www.ibm.com/timex#o http://ex.org/variable#28	1
http://ex.org/variable#57 http://www.ibm.com/timex#o http://ex.org/variable#29	1
http://ex.org/variable#57 http://www.ibm.com/timex#di http://ex.org/variable#30	1
http://ex.org/variable#57 http://www.ibm.com/timex#oi http://ex.org/variable#31	1
http://ex.org/variable#57 http://www.ibm.com/timex#di http://ex.org/variable#32	1
http://ex.org/variable#57 http://www.ibm.com/timex#b http://ex.org/variable#33	1
http://ex.org/variable#57 http://www.ibm.com/timex#o http://ex.org/variable#34	1
http://ex.org/variable#57 http://www.ibm.com/timex#di http://ex.org/variable#35	1
http://ex.org/variable#57 http://www.ibm.com/timex#di http://ex.org/variable#36	1
http://ex.org/variable#57 http://www.ibm.com/timex#di http://ex.org/variable#37	1
http://ex.org/variable#57 http://www.ibm.com/timex#o http://ex.org/variable#38	1
http://ex.org/variable#57 http://www.ibm.com/timex#b http://ex.org/variable#39	1
http://ex.org/variable#57 http://www.ibm.com/timex#o http://ex.org/variable#40	1
http://ex.org/variable#57 http://www.ibm.com/timex#o http://ex.org/variable#41	1
http://ex.org/variable#57 http://www.ibm.com/timex#o http://ex.org/variable#42	1
http://ex.org/variable#57 http://www.ibm.com/timex#o http://ex.org/variable#43	1
http://ex.org/variable#57 http://www.ibm.com/timex#o http://ex.org/variable#44	1
http://ex.org/variable#57 http://www.ibm.com/timex#o http://ex.org/variable#45	1
http://ex.org/variable#57 http://www.ibm.com/timex#eq http://ex.org/variable#46	1
http://ex.org/variable#57 http://www.ibm.com/timex#d http://ex.org/variable#47	1
http://ex.org/variable#57 http://www.ibm.com/timex#b http://ex.org/variable#48	1
http://ex.org/variable#57 http://www.ibm.com/timex#di http://ex.org/variable#49	1
http://ex.org/variable#57 http://www.ibm.com/timex#o http://ex.org/variable#50	1
http://ex.org/variable#57 http://www.ibm.com/timex#b http://ex.org/variable#51	1
http://ex.org/variable#57 http://www.ibm.com/timex#o http://ex.org/variable#52	1
http://ex.org/variable#57 http://www.ibm.com/timex#o http://ex.org/variable#53	1
http://ex.org/variable#57 http://www.ibm.com/timex#o http://ex.org/variable#54	1
http://ex.org/variable#57 http://www.ibm.com/timex#o http://ex.org/variable#55	1
http://ex.org/variable#57 http://www.ibm.com/timex#di http://ex.org/variable#56	1
http://ex.org/variable#57 http://www.ibm.com/timex#o http://ex.org/variable#58	1
http://ex.org/variable#57 http://www.ibm.com/timex#o http://ex.org/variable#59	1
http://ex.org/variable#57 http://www.ibm.com/timex#o http://ex.org/variable#60	1
http://ex.org/variable#57 http://www.ibm.com/timex#o http://ex.org/variable#61	1
http://ex.org/variable#57 http://www.ibm.com/timex#o http://ex.org/variable#62	1
http://ex.org/variable#57 http://www.ibm.com/timex#o http://ex.org/variable#63	1
http://ex.org/variable#57 http://www.ibm.com/timex#o http://ex.org/variable#64	1
http://ex.org/variable#57 http://www.ibm.com/timex#di http://ex.org/variable#65	1
http://ex.org/variable#57 http://www.ibm.com/timex#oi http://ex.org/variable#66	1
http://ex.org/variable#57 http://www.ibm.com/timex#o http://ex.org/variable#67	1
http://ex.org/variable#57 http://www.ibm.com/timex#o http://ex.org/variable#68	1
http://ex.org/variable#57 http://www.ibm.com/timex#o http://ex.org/variable#69	1
http://ex.org/variable#57 http://www.ibm.com/timex#o http://ex.org/variable#70	1
http://ex.org/variable#57 http://www.ibm.com/timex#o_fi http://ex.org/variable#71	1
http://ex.org/variable#57 http://www.ibm.com/timex#o http://ex.org/variable#72	1
http://ex.org/variable#57 http://www.ibm.com/timex#o http://ex.org/variable#73	1
http://ex.org/variable#57 http://www.ibm.com/timex#o http://ex.org/variable#74	1
http://ex.org/variable#57 http://www.ibm.com/timex#o http://ex.org/variable#75	1
http://ex.org/variable#57 http://www.ibm.com/timex#o http://ex.org/variable#76	1
http://ex.org/variable#57 http://www.ibm.com/timex#o http://ex.org/variable#77	1
http://ex.org/variable#57 http://www.ibm.com/timex#o http://ex.org/variable#78	1
http://ex.org/variable#57 http://www.ibm.com/timex#oi http://ex.org/variable#79	1
http://ex.org/variable#57 http://www.ibm.com/timex#o http://ex.org/variable#80	1
http://ex.org/variable#57 http://www.ibm.com/timex#f http://ex.org/variable#81	1
http://ex.org/variable#57 http://www.ibm.com/timex#di http://ex.org/variable#82	1
http://ex.org/variable#57 http://www.ibm.com/timex#o http://ex.org/variable#83	1
http://ex.org/variable#57 http://www.ibm.com/timex#o http://ex.org/variable#84	1
http://ex.org/variable#57 http://www.ibm.com/timex#b http://ex.org/variable#85	1
http://ex.org/variable#57 http://www.ibm.com/timex#o http://ex.org/variable#86	1
http://ex.org/variable#57 http://www.ibm.com/timex#o http://ex.org/variable#87	1
http://ex.org/variable#57 http://www.ibm.com/timex#b http://ex.org/variable#88	1
http://ex.org/variable#57 http://www.ibm.com/timex#o http://ex.org/variable#89	1
http://ex.org/variable#57 http://www.ibm.com/timex#o http://ex.org/variable#90	1
http://ex.org/variable#57 http://www.ibm.com/timex#o http://ex.org/variable#91	1
http://ex.org/variable#57 http://www.ibm.com/timex#o http://ex.org/variable#92	1
http://ex.org/variable#57 http://www.ibm.com/timex#o http://ex.org/variable#93	1
http://ex.org/variable#57 http://www.ibm.com/timex#o http://ex.org/variable#94	1
http://ex.org/variable#57 http://www.ibm.com/timex#di http://ex.org/variable#95	1
http://ex.org/variable#57 http://www.ibm.com/timex#di http://ex.org/variable#96	1
http://ex.org/variable#57 http://www.ibm.com/timex#o http://ex.org/variable#97	1
http://ex.org/variable#57 http://www.ibm.com/timex#b http://ex.org/variable#98	1
http://ex.org/variable#57 http://www.ibm.com/timex#b http://ex.org/variable#99	1
http://ex.org/variable#57 http://www.ibm.com/timex#di http://ex.org/variable#100	1
http://ex.org/variable#57 http://www.ibm.com/timex#o http://ex.org/variable#101	1
http://ex.org/variable#57 http://www.ibm.com/timex#o http://ex.org/variable#102	1
http://ex.org/variable#57 http://www.ibm.com/timex#o http://ex.org/variable#103	1
http://ex.org/variable#57 http://www.ibm.com/timex#b http://ex.org/variable#104	1
http://ex.org/variable#57 http://www.ibm.com/timex#o http://ex.org/variable#105	1
http://ex.org/variable#57 http://www.ibm.com/timex#o http://ex.org/variable#106	1
http://ex.org/variable#57 http://www.ibm.com/timex#o http://ex.org/variable#107	1
http://ex.org/variable#57 http://www.ibm.com/timex#di http://ex.org/variable#108	1
http://ex.org/variable#57 http://www.ibm.com/timex#o http://ex.org/variable#109	1
http://ex.org/variable#57 http://www.ibm.com/timex#o http://ex.org/variable#110	1
http://ex.org/variable#57 http://www.ibm.com/timex#o http://ex.org/variable#111	1
http://ex.org/variable#57 http://www.ibm.com/timex#o http://ex.org/variable#112	1
http://ex.org/variable#57 http://www.ibm.com/timex#di http://ex.org/variable#113	1
http://ex.org/variable#57 http://www.ibm.com/timex#o http://ex.org/variable#114	1
http://ex.org/variable#57 http://www.ibm.com/timex#b http://ex.org/variable#115	1
http://ex.org/variable#57 http://www.ibm.com/timex#o http://ex.org/variable#116	1
http://ex.org/variable#57 http://www.ibm.com/timex#di http://ex.org/variable#117	1
http://ex.org/variable#57 http://www.ibm.com/timex#di http://ex.org/variable#118	1
http://ex.org/variable#57 http://www.ibm.com/timex#d http://ex.org/variable#119	1
http://ex.org/variable#57 http://www.ibm.com/timex#di http://ex.org/variable#120	1
http://ex.org/variable#57 http://www.ibm.com/timex#b http://ex.org/variable#121	1
http://ex.org/variable#57 http://www.ibm.com/timex#o http://ex.org/variable#122	1
http://ex.org/variable#57 http://www.ibm.com/timex#o http://ex.org/variable#123	1
http://ex.org/variable#57 http://www.ibm.com/timex#oi http://ex.org/variable#124	1
http://ex.org/variable#57 http://www.ibm.com/timex#oi_di_si http://ex.org/variable#125	1
http://ex.org/variable#57 http://www.ibm.com/timex#o http://ex.org/variable#126	1
http://ex.org/variable#57 http://www.ibm.com/timex#b http://ex.org/variable#127	1
http://ex.org/variable#57 http://www.ibm.com/timex#o http://ex.org/variable#128	1
http://ex.org/variable#57 http://www.ibm.com/timex#oi http://ex.org/variable#129	1
http://ex.org/variable#57 http://www.ibm.com/timex#di http://ex.org/variable#130	1
http://ex.org/variable#57 http://www.ibm.com/timex#b http://ex.org/variable#131	1
http://ex.org/variable#57 http://www.ibm.com/timex#o http://ex.org/variable#132	1
http://ex.org/variable#57 http://www.ibm.com/timex#o http://ex.org/variable#133	1
http://ex.org/variable#57 http://www.ibm.com/timex#di http://ex.org/variable#134	1
http://ex.org/variable#57 http://www.ibm.com/timex#o http://ex.org/variable#135	1
http://ex.org/variable#57 http://www.ibm.com/timex#o http://ex.org/variable#136	1
http://ex.org/variable#57 http://www.ibm.com/timex#di http://ex.org/variable#137	1
http://ex.org/variable#57 http://www.ibm.com/timex#b http://ex.org/variable#138	1
http://ex.org/variable#57 http://www.ibm.com/timex#di http://ex.org/variable#139	1
http://ex.org/variable#57 http://www.ibm.com/timex#di http://ex.org/variable#140	1
http://ex.org/variable#57 http://www.ibm.com/timex#o http://ex.org/variable#141	1
http://ex.org/variable#57 http://www.ibm.com/timex#di http://ex.org/variable#142	1
http://ex.org/variable#57 http://www.ibm.com/timex#o http://ex.org/variable#143	1
http://ex.org/variable#57 http://www.ibm.com/timex#o http://ex.org/variable#144	1
http://ex.org/variable#57 http://www.ibm.com/timex#b http://ex.org/variable#145	1
http://ex.org/variable#57 http://www.ibm.com/timex#o http://ex.org/variable#146	1
http://ex.org/variable#57 http://www.ibm.com/timex#o http://ex.org/variable#147	1
http://ex.org/variable#57 http://www.ibm.com/timex#o http://ex.org/variable#148	1
http://ex.org/variable#57 http://www.ibm.com/timex#di http://ex.org/variable#149	1
http://ex.org/variable#57 http://www.ibm.com/timex#b http://ex.org/variable#150	1
http://ex.org/variable#57 http://www.ibm.com/timex#o http://ex.org/variable#151	1
http://ex.org/variable#57 http://www.ibm.com/timex#di http://ex.org/variable#152	1
http://ex.org/variable#57 http://www.ibm.com/timex#o http://ex.org/variable#153	1
http://ex.org/variable#57 http://www.ibm.com/timex#di http://ex.org/variable#154	1
http://ex.org/variable#57 http://www.ibm.com/timex#d http://ex.org/variable#155	1
http://ex.org/variable#57 http://www.ibm.com/timex#o http://ex.org/variable#156	1
http://ex.org/variable#57 http://www.ibm.com/timex#di http://ex.org/variable#157	1
http://ex.org/variable#57 http://www.ibm.com/timex#di http://ex.org/variable#158	1
http://ex.org/variable#57 http://www.ibm.com/timex#o http://ex.org/variable#159	1
http://ex.org/variable#57 http://www.ibm.com/timex#o http://ex.org/variable#160	1
http://ex.org/variable#57 http://www.ibm.com/timex#di http://ex.org/variable#161	1
http://ex.org/variable#57 http://www.ibm.com/timex#di http://ex.org/variable#162	1
http://ex.org/variable#57 http://www.ibm.com/timex#o http://ex.org/variable#163	1
http://ex.org/variable#57 http://www.ibm.com/timex#o http://ex.org/variable#164	1
http://ex.org/variable#57 http://www.ibm.com/timex#di http://ex.org/variable#165	1
http://ex.org/variable#57 http://www.ibm.com/timex#di http://ex.org/variable#166	1
http://ex.org/variable#57 http://www.ibm.com/timex#o http://ex.org/variable#167	1
http://ex.org/variable#57 http://www.ibm.com/timex#o http://ex.org/variable#168	1
http://ex.org/variable#57 http://www.ibm.com/timex#o http://ex.org/variable#169	1
http://ex.org/variable#57 http://www.ibm.com/timex#b http://ex.org/variable#170	1
http://ex.org/variable#57 http://www.ibm.com/timex#di http://ex.org/variable#171	1
http://ex.org/variable#57 http://www.ibm.com/timex#oi http://ex.org/variable#172	1
http://ex.org/variable#57 http://www.ibm.com/timex#b http://ex.org/variable#173	1
http://ex.org/variable#57 http://www.ibm.com/timex#o http://ex.org/variable#174	1
http://ex.org/variable#57 http://www.ibm.com/timex#o http://ex.org/variable#175	1
http://ex.org/variable#57 http://www.ibm.com/timex#o http://ex.org/variable#176	1
http://ex.org/variable#57 http://www.ibm.com/timex#o http://ex.org/variable#177	1
http://ex.org/variable#57 http://www.ibm.com/timex#o http://ex.org/variable#178	1
http://ex.org/variable#57 http://www.ibm.com/timex#o http://ex.org/variable#179	1
http://ex.org/variable#57 http://www.ibm.com/timex#di http://ex.org/variable#180	1
http://ex.org/variable#57 http://www.ibm.com/timex#di http://ex.org/variable#181	1
http://ex.org/variable#57 http://www.ibm.com/timex#di http://ex.org/variable#182	1
http://ex.org/variable#57 http://www.ibm.com/timex#b http://ex.org/variable#183	1
http://ex.org/variable#57 http://www.ibm.com/timex#di http://ex.org/variable#184	1
http://ex.org/variable#57 http://www.ibm.com/timex#o http://ex.org/variable#185	1
http://ex.org/variable#57 http://www.ibm.com/timex#o http://ex.org/variable#186	1
http://ex.org/variable#57 http://www.ibm.com/timex#d http://ex.org/variable#187	1
http://ex.org/variable#57 http://www.ibm.com/timex#o http://ex.org/variable#188	1
http://ex.org/variable#57 http://www.ibm.com/timex#di http://ex.org/variable#189	1
http://ex.org/variable#58 http://www.ibm.com/timex#o http://ex.org/variable#0	1
http://ex.org/variable#58 http://www.ibm.com/timex#b_m_o http://ex.org/variable#1	1
http://ex.org/variable#58 http://www.ibm.com/timex#o http://ex.org/variable#2	1
http://ex.org/variable#58 http://www.ibm.com/timex#o http://ex.org/variable#3	1
http://ex.org/variable#58 http://www.ibm.com/timex#o http://ex.org/variable#4	1
http://ex.org/variable#58 http://www.ibm.com/timex#di http://ex.org/variable#5	1
http://ex.org/variable#58 http://www.ibm.com/timex#o http://ex.org/variable#6	1
http://ex.org/variable#58 http://www.ibm.com/timex#o http://ex.org/variable#7	1
http://ex.org/variable#58 http://www.ibm.com/timex#oi http://ex.org/variable#8	1
http://ex.org/variable#58 http://www.ibm.com/timex#o http://ex.org/variable#9	1
http://ex.org/variable#58 http://www.ibm.com/timex#o http://ex.org/variable#10	1
http://ex.org/variable#58 http://www.ibm.com/timex#d_s http://ex.org/variable#11	1
http://ex.org/variable#58 http://www.ibm.com/timex#d http://ex.org/variable#12	1
http://ex.org/variable#58 http://www.ibm.com/timex#oi http://ex.org/variable#13	1
http://ex.org/variable#58 http://www.ibm.com/timex#di http://ex.org/variable#14	1
http://ex.org/variable#58 http://www.ibm.com/timex#oi http://ex.org/variable#15	1
http://ex.org/variable#58 http://www.ibm.com/timex#di http://ex.org/variable#16	1
http://ex.org/variable#58 http://www.ibm.com/timex#b_m_o http://ex.org/variable#17	1
http://ex.org/variable#58 http://www.ibm.com/timex#o http://ex.org/variable#18	1
http://ex.org/variable#58 http://www.ibm.com/timex#oi http://ex.org/variable#19	1
http://ex.org/variable#58 http://www.ibm.com/timex#d http://ex.org/variable#20	1
http://ex.org/variable#58 http://www.ibm.com/timex#o http://ex.org/variable#21	1
http://ex.org/variable#58 http://www.ibm.com/timex#o http://ex.org/variable#22	1
http://ex.org/variable#58 http://www.ibm.com/timex#di http://ex.org/variable#23	1
http://ex.org/variable#58 http://www.ibm.com/timex#d http://ex.org/variable#24	1
http://ex.org/variable#58 http://www.ibm.com/timex#oi http://ex.org/variable#25	1
http://ex.org/variable#58 http://www.ibm.com/timex#o http://ex.org/variable#26	1
http://ex.org/variable#58 http://www.ibm.com/timex#oi http://ex.org/variable#27	1
http://ex.org/variable#58 http://www.ibm.com/timex#o http://ex.org/variable#28	1
http://ex.org/variable#58 http://www.ibm.com/timex#o http://ex.org/variable#29	1
http://ex.org/variable#58 http://www.ibm.com/timex#di http://ex.org/variable#30	1
http://ex.org/variable#58 http://www.ibm.com/timex#oi http://ex.org/variable#31	1
http://ex.org/variable#58 http://www.ibm.com/timex#oi http://ex.org/variable#32	1
http://ex.org/variable#58 http://www.ibm.com/timex#o http://ex.org/variable#33	1
http://ex.org/variable#58 http://www.ibm.com/timex#d_s http://ex.org/variable#34	1
http://ex.org/variable#58 http://www.ibm.com/timex#di http://ex.org/variable#35	1
http://ex.org/variable#58 http://www.ibm.com/timex#oi http://ex.org/variable#36	1
http://ex.org/variable#58 http://www.ibm.com/timex#oi http://ex.org/variable#37	1
http://ex.org/variable#58 http://www.ibm.com/timex#d http://ex.org/variable#38	1
http://ex.org/variable#58 http://www.ibm.com/timex#o_di_fi http://ex.org/variable#39	1
http://ex.org/variable#58 http://www.ibm.com/timex#oi http://ex.org/variable#40	1
http://ex.org/variable#58 http://www.ibm.com/timex#o_s http://ex.org/variable#41	1
http://ex.org/variable#58 http://www.ibm.com/timex#o http://ex.org/variable#42	1
http://ex.org/variable#58 http://www.ibm.com/timex#d http://ex.org/variable#43	1
http://ex.org/variable#58 http://www.ibm.com/timex#d http://ex.org/variable#44	1
http://ex.org/variable#58 http://www.ibm.com/timex#o http://ex.org/variable#45	1
http://ex.org/variable#58 http://www.ibm.com/timex#oi http://ex.org/variable#46	1
http://ex.org/variable#58 http://www.ibm.com/timex#oi http://ex.org/variable#47	1
http://ex.org/variable#58 http://www.ibm.com/timex#o http://ex.org/variable#48	1
http://ex.org/variable#58 http://www.ibm.com/timex#oi http://ex.org/variable#49	1
http://ex.org/variable#58 http://www.ibm.com/timex#o http://ex.org/variable#50	1
http://ex.org/variable#58 http://www.ibm.com/timex#o http://ex.org/variable#51	1
http://ex.org/variable#58 http://www.ibm.com/timex#d http://ex.org/variable#52	1
http://ex.org/variable#58 http://www.ibm.com/timex#d http://ex.org/variable#53	1
http://ex.org/variable#58 http://www.ibm.com/timex#o http://ex.org/variable#54	1
http://ex.org/variable#58 http://www.ibm.com/timex#o_fi http://ex.org/variable#55	1
http://ex.org/variable#58 http://www.ibm.com/timex#di http://ex.org/variable#56	1
http://ex.org/variable#58 http://www.ibm.com/timex#oi http://ex.org/variable#57	1
http://ex.org/variable#58 http://www.ibm.com/timex#d_s http://ex.org/variable#59	1
http://ex.org/variable#58 http://www.ibm.com/timex#d http://ex.org/variable#60	1
http://ex.org/variable#58 http://www.ibm.com/timex#d http://ex.org/variable#61	1
http://ex.org/variable#58 http://www.ibm.com/timex#o http://ex.org/variable#62	1
http://ex.org/variable#58 http://www.ibm.com/timex#d http://ex.org/variable#63	1
http://ex.org/variable#58 http://www.ibm.com/timex#d http://ex.org/variable#64	1
http://ex.org/variable#58 http://www.ibm.com/timex#oi_di http://ex.org/variable#65	1
http://ex.org/variable#58 http://www.ibm.com/timex#oi http://ex.org/variable#66	1
http://ex.org/variable#58 http://www.ibm.com/timex#o http://ex.org/variable#67	1
http://ex.org/variable#58 http://www.ibm.com/timex#o http://ex.org/variable#68	1
http://ex.org/variable#58 http://www.ibm.com/timex#di http://ex.org/variable#69	1
http://ex.org/variable#58 http://www.ibm.com/timex#o http://ex.org/variable#70	1
http://ex.org/variable#58 http://www.ibm.com/timex#oi http://ex.org/variable#71	1
http://ex.org/variable#58 http://www.ibm.com/timex#o http://ex.org/variable#72	1
http://ex.org/variable#58 http://www.ibm.com/timex#di_fi http://ex.org/variable#73	1
http://ex.org/variable#58 http://www.ibm.com/timex#o http://ex.org/variable#74	1
http://ex.org/variable#58 http://www.ibm.com/timex#oi_si http://ex.org/variable#75	1
http://ex.org/variable#58 http://www.ibm.com/timex#o http://ex.org/variable#76	1
http://ex.org/variable#58 http://www.ibm.com/timex#o http://ex.org/variable#77	1
http://ex.org/variable#58 http://www.ibm.com/timex#di http://ex.org/variable#78	1
http://ex.org/variable#58 http://www.ibm.com/timex#oi http://ex.org/variable#79	1
http://ex.org/variable#58 http://www.ibm.com/timex#d http://ex.org/variable#80	1
http://ex.org/variable#58 http://www.ibm.com/timex#oi http://ex.org/variable#81	1
http://ex.org/variable#58 http://www.ibm.com/timex#di http://ex.org/variable#82	1
http://ex.org/variable#58 http://www.ibm.com/timex#d http://ex.org/variable#83	1
http://ex.org/variable#58 http://www.ibm.com/timex#o http://ex.org/variable#84	1
http://ex.org/variable#58 http://www.ibm.com/timex#o http://ex.org/variable#85	1
http://ex.org/variable#58 http://www.ibm.com/timex#d http://ex.org/variable#86	1
http://ex.org/variable#58 http://www.ibm.com/timex#o http://ex.org/variable#87	1
http://ex.org/variable#58 http://www.ibm.com/timex#b http://ex.org/variable#88	1
http://ex.org/variable#58 http://www.ibm.com/timex#o http://ex.org/variable#89	1
http://ex.org/variable#58 http://www.ibm.com/timex#o_di_fi http://ex.org/variable#90	1
http://ex.org/variable#58 http://www.ibm.com/timex#o_s http://ex.org/variable#91	1
http://ex.org/variable#58 http://www.ibm.com/timex#o http://ex.org/variable#92	1
http://ex.org/variable#58 http://www.ibm.com/timex#o http://ex.org/variable#93	1
http://ex.org/variable#58 http://www.ibm.com/timex#oi http://ex.org/variable#94	1
http://ex.org/variable#58 http://www.ibm.com/timex#di http://ex.org/variable#95	1
http://ex.org/variable#58 http://www.ibm.com/timex#di http://ex.org/variable#96	1
http://ex.org/variable#58 http://www.ibm.com/timex#o http://ex.org/variable#97	1
http://ex.org/variable#58 http://www.ibm.com/timex#b_m_o http://ex.org/variable#98	1
http://ex.org/variable#58 http://www.ibm.com/timex#o http://ex.org/variable#99	1
http://ex.org/variable#58 http://www.ibm.com/timex#oi http://ex.org/variable#100	1
http://ex.org/variable#58 http://www.ibm.com/timex#o http://ex.org/variable#101	1
http://ex.org/variable#58 http://www.ibm.com/timex#di http://ex.org/variable#102	1
http://ex.org/variable#58 http://www.ibm.com/timex#d http://ex.org/variable#103	1
http://ex.org/variable#58 http://www.ibm.com/timex#b http://ex.org/variable#104	1
http://ex.org/variable#58 http://www.ibm.com/timex#o http://ex.org/variable#105	1
http://ex.org/variable#58 http://www.ibm.com/timex#d http://ex.org/variable#106	1
http://ex.org/variable#58 http://www.ibm.com/timex#o http://ex.org/variable#107	1
http://ex.org/variable#58 http://www.ibm.com/timex#di http://ex.org/variable#108	1
http://ex.org/variable#58 http://www.ibm.com/timex#di http://ex.org/variable#109	1
http://ex.org/variable#58 http://www.ibm.com/timex#d http://ex.org/variable#110	1
http://ex.org/variable#58 http://www.ibm.com/timex#di http://ex.org/variable#111	1
http://ex.org/variable#58 http://www.ibm.com/timex#oi_d_f http://ex.org/variable#112	1
http://ex.org/variable#58 http://www.ibm.com/timex#di http://ex.org/variable#113	1
http://ex.org/variable#58 http://www.ibm.com/timex#d_s http://ex.org/variable#114	1
http://ex.org/variable#58 http://www.ibm.com/timex#b http://ex.org/variable#115	1
http://ex.org/variable#58 http://www.ibm.com/timex#di http://ex.org/variable#116	1
http://ex.org/variable#58 http://www.ibm.com/timex#oi http://ex.org/variable#117	1
http://ex.org/variable#58 http://www.ibm.com/timex#oi http://ex.org/variable#118	1
http://ex.org/variable#58 http://www.ibm.com/timex#d http://ex.org/variable#119	1
http://ex.org/variable#58 http://www.ibm.com/timex#di http://ex.org/variable#120	1
http://ex.org/variable#58 http://www.ibm.com/timex#b http://ex.org/variable#121	1
http://ex.org/variable#58 http://www.ibm.com/timex#d http://ex.org/variable#122	1
http://ex.org/variable#58 http://www.ibm.com/timex#o http://ex.org/variable#123	1
http://ex.org/variable#58 http://www.ibm.com/timex#oi http://ex.org/variable#124	1
http://ex.org/variable#58 http://www.ibm.com/timex#oi http://ex.org/variable#125	1
http://ex.org/variable#58 http://www.ibm.com/timex#o http://ex.org/variable#126	1
http://ex.org/variable#58 http://www.ibm.com/timex#o http://ex.org/variable#127	1
http://ex.org/variable#58 http://www.ibm.com/timex#o http://ex.org/variable#128	1
http://ex.org/variable#58 http://www.ibm.com/timex#oi http://ex.org/variable#129	1
http://ex.org/variable#58 http://www.ibm.com/timex#di http://ex.org/variable#130	1
http://ex.org/variable#58 http://www.ibm.com/timex#b http://ex.org/variable#131	1
http://ex.org/variable#58 http://www.ibm.com/timex#d http://ex.org/variable#132	1
http://ex.org/variable#58 http://www.ibm.com/timex#o http://ex.org/variable#133	1
http://ex.org/variable#58 http://www.ibm.com/timex#oi http://ex.org/variable#134	1
http://ex.org/variable#58 http://www.ibm.com/timex#o http://ex.org/variable#135	1
http://ex.org/variable#58 http://www.ibm.com/timex#o http://ex.org/variable#136	1
http://ex.org/variable#58 http://www.ibm.com/timex#di http://ex.org/variable#137	1
http://ex.org/variable#58 http://www.ibm.com/timex#o http://ex.org/variable#138	1
http://ex.org/variable#58 http://www.ibm.com/timex#di http://ex.org/variable#139	1
http://ex.org/variable#58 http://www.ibm.com/timex#di http://ex.org/variable#140	1
http://ex.org/variable#58 http://www.ibm.com/timex#d http://ex.org/variable#141	1
http://ex.org/variable#58 http://www.ibm.com/timex#oi http://ex.org/variable#142	1
http://ex.org/variable#58 http://www.ibm.com/timex#d http://ex.org/variable#143	1
http://ex.org/variable#58 http://www.ibm.com/timex#o http://ex.org/variable#144	1
http://ex.org/variable#58 http://www.ibm.com/timex#o http://ex.org/variable#145	1
http://ex.org/variable#58 http://www.ibm.com/timex#o http://ex.org/variable#146	1
http://ex.org/variable#58 http://www.ibm.com/timex#di_fi http://ex.org/variable#147	1
http://ex.org/variable#58 http://www.ibm.com/timex#o http://ex.org/variable#148	1
http://ex.org/variable#58 http://www.ibm.com/timex#oi http://ex.org/variable#149	1
http://ex.org/variable#58 http://www.ibm.com/timex#o http://ex.org/variable#150	1
http://ex.org/variable#58 http://www.ibm.com/timex#o http://ex.org/variable#151	1
http://ex.org/variable#58 http://www.ibm.com/timex#oi http://ex.org/variable#152	1
http://ex.org/variable#58 http://www.ibm.com/timex#o http://ex.org/variable#153	1
http://ex.org/variable#58 http://www.ibm.com/timex#di http://ex.org/variable#154	1
http://ex.org/variable#58 http://www.ibm.com/timex#d http://ex.org/variable#155	1
http://ex.org/variable#58 http://www.ibm.com/timex#o http://ex.org/variable#156	1
http://ex.org/variable#58 http://www.ibm.com/timex#di http://ex.org/variable#157	1
http://ex.org/variable#58 http://www.ibm.com/timex#oi_si http://ex.org/variable#158	1
http://ex.org/variable#58 http://www.ibm.com/timex#o http://ex.org/variable#159	1
http://ex.org/variable#58 http://www.ibm.com/timex#o http://ex.org/variable#160	1
http://ex.org/variable#58 http://www.ibm.com/timex#di http://ex.org/variable#161	1
http://ex.org/variable#58 http://www.ibm.com/timex#oi_si http://ex.org/variable#162	1
http://ex.org/variable#58 http://www.ibm.com/timex#o http://ex.org/variable#163	1
http://ex.org/variable#58 http://www.ibm.com/timex#o http://ex.org/variable#164	1
http://ex.org/variable#58 http://www.ibm.com/timex#di http://ex.org/variable#165	1
http://ex.org/variable#58 http://www.ibm.com/timex#oi http://ex.org/variable#166	1
http://ex.org/variable#58 http://www.ibm.com/timex#oi http://ex.org/variable#167	1
http://ex.org/variable#58 http://www.ibm.com/timex#o http://ex.org/variable#168	1
http://ex.org/variable#58 http://www.ibm.com/timex#d http://ex.org/variable#169	1
http://ex.org/variable#58 http://www.ibm.com/timex#o http://ex.org/variable#170	1
http://ex.org/variable#58 http://www.ibm.com/timex#oi http://ex.org/variable#171	1
http://ex.org/variable#58 http://www.ibm.com/timex#oi http://ex.org/variable#172	1
http://ex.org/variable#58 http://www.ibm.com/timex#b http://ex.org/variable#173	1
http://ex.org/variable#58 http://www.ibm.com/timex#o http://ex.org/variable#174	1
http://ex.org/variable#58 http://www.ibm.com/timex#d http://ex.org/variable#175	1
http://ex.org/variable#58 http://www.ibm.com/timex#o http://ex.org/variable#176	1
http://ex.org/variable#58 http://www.ibm.com/timex#o http://ex.org/variable#177	1
http://ex.org/variable#58 http://www.ibm.com/timex#o http://ex.org/variable#178	1
http://ex.org/variable#58 http://www.ibm.com/timex#o http://ex.org/variable#179	1
http://ex.org/variable#58 http://www.ibm.com/timex#di http://ex.org/variable#180	1
http://ex.org/variable#58 http://www.ibm.com/timex#oi http://ex.org/variable#181	1
http://ex.org/variable#58 http://www.ibm.com/timex#di http://ex.org/variable#182	1
http://ex.org/variable#58 http://www.ibm.com/timex#o http://ex.org/variable#183	1
http://ex.org/variable#58 http://www.ibm.com/timex#oi http://ex.org/variable#184	1
http://ex.org/variable#58 http://www.ibm.com/timex#o http://ex.org/variable#185	1
http://ex.org/variable#58 http://www.ibm.com/timex#o http://ex.org/variable#186	1
http://ex.org/variable#58 http://www.ibm.com/timex#d http://ex.org/variable#187	1
http://ex.org/variable#58 http://www.ibm.com/timex#o_di_fi http://ex.org/variable#188	1
http://ex.org/variable#58 http://www.ibm.com/timex#di http://ex.org/variable#189	1
http://ex.org/variable#59 http://www.ibm.com/timex#di http://ex.org/variable#0	1
http://ex.org/variable#59 http://www.ibm.com/timex#di http://ex.org/variable#1	1
http://ex.org/variable#59 http://www.ibm.com/timex#di http://ex.org/variable#2	1
http://ex.org/variable#59 http://www.ibm.com/timex#di http://ex.org/variable#3	1
http://ex.org/variable#59 http://www.ibm.com/timex#di http://ex.org/variable#4	1
http://ex.org/variable#59 http://www.ibm.com/timex#di http://ex.org/variable#5	1
http://ex.org/variable#59 http://www.ibm.com/timex#di http://ex.org/variable#6	1
http://ex.org/variable#59 http://www.ibm.com/timex#di http://ex.org/variable#7	1
http://ex.org/variable#59 http://www.ibm.com/timex#oi http://ex.org/variable#8	1
http://ex.org/variable#59 http://www.ibm.com/timex#o_di_fi http://ex.org/variable#9	1
http://ex.org/variable#59 http://www.ibm.com/timex#di http://ex.org/variable#10	1
http://ex.org/variable#59 http://www.ibm.com/timex#si http://ex.org/variable#11	1
http://ex.org/variable#59 http://www.ibm.com/timex#oi http://ex.org/variable#12	1
http://ex.org/variable#59 http://www.ibm.com/timex#oi http://ex.org/variable#13	1
http://ex.org/variable#59 http://www.ibm.com/timex#di http://ex.org/variable#14	1
http://ex.org/variable#59 http://www.ibm.com/timex#oi http://ex.org/variable#15	1
http://ex.org/variable#59 http://www.ibm.com/timex#di http://ex.org/variable#16	1
http://ex.org/variable#59 http://www.ibm.com/timex#di http://ex.org/variable#17	1
http://ex.org/variable#59 http://www.ibm.com/timex#di http://ex.org/variable#18	1
http://ex.org/variable#59 http://www.ibm.com/timex#oi http://ex.org/variable#19	1
http://ex.org/variable#59 http://www.ibm.com/timex#oi_d http://ex.org/variable#20	1
http://ex.org/variable#59 http://www.ibm.com/timex#di http://ex.org/variable#21	1
http://ex.org/variable#59 http://www.ibm.com/timex#di http://ex.org/variable#22	1
http://ex.org/variable#59 http://www.ibm.com/timex#di http://ex.org/variable#23	1
http://ex.org/variable#59 http://www.ibm.com/timex#oi http://ex.org/variable#24	1
http://ex.org/variable#59 http://www.ibm.com/timex#oi http://ex.org/variable#25	1
http://ex.org/variable#59 http://www.ibm.com/timex#di http://ex.org/variable#26	1
http://ex.org/variable#59 http://www.ibm.com/timex#oi http://ex.org/variable#27	1
http://ex.org/variable#59 http://www.ibm.com/timex#di http://ex.org/variable#28	1
http://ex.org/variable#59 http://www.ibm.com/timex#di http://ex.org/variable#29	1
http://ex.org/variable#59 http://www.ibm.com/timex#di http://ex.org/variable#30	1
http://ex.org/variable#59 http://www.ibm.com/timex#oi http://ex.org/variable#31	1
http://ex.org/variable#59 http://www.ibm.com/timex#oi http://ex.org/variable#32	1
http://ex.org/variable#59 http://www.ibm.com/timex#o_di_fi http://ex.org/variable#33	1
http://ex.org/variable#59 http://www.ibm.com/timex#si http://ex.org/variable#34	1
http://ex.org/variable#59 http://www.ibm.com/timex#di http://ex.org/variable#35	1
http://ex.org/variable#59 http://www.ibm.com/timex#oi http://ex.org/variable#36	1
http://ex.org/variable#59 http://www.ibm.com/timex#oi http://ex.org/variable#37	1
http://ex.org/variable#59 http://www.ibm.com/timex#oi http://ex.org/variable#38	1
http://ex.org/variable#59 http://www.ibm.com/timex#di http://ex.org/variable#39	1
http://ex.org/variable#59 http://www.ibm.com/timex#oi http://ex.org/variable#40	1
http://ex.org/variable#59 http://www.ibm.com/timex#di http://ex.org/variable#41	1
http://ex.org/variable#59 http://www.ibm.com/timex#di http://ex.org/variable#42	1
http://ex.org/variable#59 http://www.ibm.com/timex#oi http://ex.org/variable#43	1
http://ex.org/variable#59 http://www.ibm.com/timex#oi http://ex.org/variable#44	1
http://ex.org/variable#59 http://www.ibm.com/timex#di http://ex.org/variable#45	1
http://ex.org/variable#59 http://www.ibm.com/timex#oi http://ex.org/variable#46	1
http://ex.org/variable#59 http://www.ibm.com/timex#oi http://ex.org/variable#47	1
http://ex.org/variable#59 http://www.ibm.com/timex#di http://ex.org/variable#48	1
http://ex.org/variable#59 http://www.ibm.com/timex#oi http://ex.org/variable#49	1
http://ex.org/variable#59 http://www.ibm.com/timex#di http://ex.org/variable#50	1
http://ex.org/variable#59 http://www.ibm.com/timex#di http://ex.org/variable#51	1
http://ex.org/variable#59 http://www.ibm.com/timex#oi http://ex.org/variable#52	1
http://ex.org/variable#59 http://www.ibm.com/timex#oi http://ex.org/variable#53	1
http://ex.org/variable#59 http://www.ibm.com/timex#di http://ex.org/variable#54	1
http://ex.org/variable#59 http://www.ibm.com/timex#di http://ex.org/variable#55	1
http://ex.org/variable#59 http://www.ibm.com/timex#di http://ex.org/variable#56	1
http://ex.org/variable#59 http://www.ibm.com/timex#oi http://ex.org/variable#57	1
http://ex.org/variable#59 http://www.ibm.com/timex#di_si http://ex.org/variable#58	1
http://ex.org/variable#59 http://www.ibm.com/timex#oi http://ex.org/variable#60	1
http://ex.org/variable#59 http://www.ibm.com/timex#oi http://ex.org/variable#61	1
http://ex.org/variable#59 http://www.ibm.com/timex#di http://ex.org/variable#62	1
http://ex.org/variable#59 http://www.ibm.com/timex#oi http://ex.org/variable#63	1
http://ex.org/variable#59 http://www.ibm.com/timex#oi http://ex.org/variable#64	1
http://ex.org/variable#59 http://www.ibm.com/timex#di http://ex.org/variable#65	1
http://ex.org/variable#59 http://www.ibm.com/timex#oi http://ex.org/variable#66	1
http://ex.org/variable#59 http://www.ibm.com/timex#di http://ex.org/variable#67	1
http://ex.org/variable#59 http://www.ibm.com/timex#di http://ex.org/variable#68	1
http://ex.org/variable#59 http://www.ibm.com/timex#di http://ex.org/variable#69	1
http://ex.org/variable#59 http://www.ibm.com/timex#o_di_fi http://ex.org/variable#70	1
http://ex.org/variable#59 http://www.ibm.com/timex#oi http://ex.org/variable#71	1
http://ex.org/variable#59 http://www.ibm.com/timex#di http://ex.org/variable#72	1
http://ex.org/variable#59 http://www.ibm.com/timex#di http://ex.org/variable#73	1
http://ex.org/variable#59 http://www.ibm.com/timex#di http://ex.org/variable#74	1
http://ex.org/variable#59 http://www.ibm.com/timex#si http://ex.org/variable#75	1
http://ex.org/variable#59 http://www.ibm.com/timex#di http://ex.org/variable#76	1
http://ex.org/variable#59 http://www.ibm.com/timex#o_di_fi http://ex.org/variable#77	1
http://ex.org/variable#59 http://www.ibm.com/timex#di http://ex.org/variable#78	1
http://ex.org/variable#59 http://www.ibm.com/timex#oi http://ex.org/variable#79	1
http://ex.org/variable#59 http://www.ibm.com/timex#oi http://ex.org/variable#80	1
http://ex.org/variable#59 http://www.ibm.com/timex#oi http://ex.org/variable#81	1
http://ex.org/variable#59 http://www.ibm.com/timex#di http://ex.org/variable#82	1
http://ex.org/variable#59 http://www.ibm.com/timex#oi http://ex.org/variable#83	1
http://ex.org/variable#59 http://www.ibm.com/timex#di http://ex.org/variable#84	1
http://ex.org/variable#59 http://www.ibm.com/timex#di http://ex.org/variable#85	1
http://ex.org/variable#59 http://www.ibm.com/timex#oi http://ex.org/variable#86	1
http://ex.org/variable#59 http://www.ibm.com/timex#di http://ex.org/variable#87	1
http://ex.org/variable#59 http://www.ibm.com/timex#di http://ex.org/variable#88	1
http://ex.org/variable#59 http://www.ibm.com/timex#di http://ex.org/variable#89	1
http://ex.org/variable#59 http://www.ibm.com/timex#di http://ex.org/variable#90	1
http://ex.org/variable#59 http://www.ibm.com/timex#di http://ex.org/variable#91	1
http://ex.org/variable#59 http://www.ibm.com/timex#o_di_fi http://ex.org/variable#92	1
http://ex.org/variable#59 http://www.ibm.com/timex#di http://ex.org/variable#93	1
http://ex.org/variable#59 http://www.ibm.com/timex#oi http://ex.org/variable#94	1
http://ex.org/variable#59 http://www.ibm.com/timex#di http://ex.org/variable#95	1
http://ex.org/variable#59 http://www.ibm.com/timex#di http://ex.org/variable#96	1
http://ex.org/variable#59 http://www.ibm.com/timex#di http://ex.org/variable#97	1
http://ex.org/variable#59 http://www.ibm.com/timex#di http://ex.org/variable#98	1
http://ex.org/variable#59 http://www.ibm.com/timex#di http://ex.org/variable#99	1
http://ex.org/variable#59 http://www.ibm.com/timex#oi http://ex.org/variable#100	1
http://ex.org/variable#59 http://www.ibm.com/timex#di http://ex.org/variable#101	1
http://ex.org/variable#59 http://www.ibm.com/timex#di http://ex.org/variable#102	1
http://ex.org/variable#59 http://www.ibm.com/timex#oi http://ex.org/variable#103	1
http://ex.org/variable#59 http://www.ibm.com/timex#di http://ex.org/variable#104	1
http://ex.org/variable#59 http://www.ibm.com/timex#di http://ex.org/variable#105	1
http://ex.org/variable#59 http://www.ibm.com/timex#oi http://ex.org/variable#106	1
http://ex.org/variable#59 http://www.ibm.com/timex#di http://ex.org/variable#107	1
http://ex.org/variable#59 http://www.ibm.com/timex#di http://ex.org/variable#108	1
http://ex.org/variable#59 http://www.ibm.com/timex#di http://ex.org/variable#109	1
http://ex.org/variable#59 http://www.ibm.com/timex#oi http://ex.org/variable#110	1
http://ex.org/variable#59 http://www.ibm.com/timex#di http://ex.org/variable#111	1
http://ex.org/variable#59 http://www.ibm.com/timex#oi http://ex.org/variable#112	1
http://ex.org/variable#59 http://www.ibm.com/timex#di http://ex.org/variable#113	1
http://ex.org/variable#59 http://www.ibm.com/timex#si http://ex.org/variable#114	1
http://ex.org/variable#59 http://www.ibm.com/timex#di http://ex.org/variable#115	1
http://ex.org/variable#59 http://www.ibm.com/timex#di http://ex.org/variable#116	1
http://ex.org/variable#59 http://www.ibm.com/timex#oi http://ex.org/variable#117	1
http://ex.org/variable#59 http://www.ibm.com/timex#oi http://ex.org/variable#118	1
http://ex.org/variable#59 http://www.ibm.com/timex#oi http://ex.org/variable#119	1
http://ex.org/variable#59 http://www.ibm.com/timex#di http://ex.org/variable#120	1
http://ex.org/variable#59 http://www.ibm.com/timex#di http://ex.org/variable#121	1
http://ex.org/variable#59 http://www.ibm.com/timex#oi http://ex.org/variable#122	1
http://ex.org/variable#59 http://www.ibm.com/timex#di http://ex.org/variable#123	1
http://ex.org/variable#59 http://www.ibm.com/timex#oi http://ex.org/variable#124	1
http://ex.org/variable#59 http://www.ibm.com/timex#oi http://ex.org/variable#125	1
http://ex.org/variable#59 http://www.ibm.com/timex#di http://ex.org/variable#126	1
http://ex.org/variable#59 http://www.ibm.com/timex#di http://ex.org/variable#127	1
http://ex.org/variable#59 http://www.ibm.com/timex#di http://ex.org/variable#128	1
http://ex.org/variable#59 http://www.ibm.com/timex#oi http://ex.org/variable#129	1
http://ex.org/variable#59 http://www.ibm.com/timex#di http://ex.org/variable#130	1
http://ex.org/variable#59 http://www.ibm.com/timex#di http://ex.org/variable#131	1
http://ex.org/variable#59 http://www.ibm.com/timex#oi http://ex.org/variable#132	1
http://ex.org/variable#59 http://www.ibm.com/timex#o_di_fi http://ex.org/variable#133	1
http://ex.org/variable#59 http://www.ibm.com/timex#oi http://ex.org/variable#134	1
http://ex.org/variable#59 http://www.ibm.com/timex#di http://ex.org/variable#135	1
http://ex.org/variable#59 http://www.ibm.com/timex#di http://ex.org/variable#136	1
http://ex.org/variable#59 http://www.ibm.com/timex#di http://ex.org/variable#137	1
http://ex.org/variable#59 http://www.ibm.com/timex#di http://ex.org/variable#138	1
http://ex.org/variable#59 http://www.ibm.com/timex#di http://ex.org/variable#139	1
http://ex.org/variable#59 http://www.ibm.com/timex#di http://ex.org/variable#140	1
http://ex.org/variable#59 http://www.ibm.com/timex#oi http://ex.org/variable#141	1
http://ex.org/variable#59 http://www.ibm.com/timex#oi http://ex.org/variable#142	1
http://ex.org/variable#59 http://www.ibm.com/timex#oi http://ex.org/variable#143	1
http://ex.org/variable#59 http://www.ibm.com/timex#di http://ex.org/variable#144	1
http://ex.org/variable#59 http://www.ibm.com/timex#di http://ex.org/variable#145	1
http://ex.org/variable#59 http://www.ibm.com/timex#di http://ex.org/variable#146	1
http://ex.org/variable#59 http://www.ibm.com/timex#di http://ex.org/variable#147	1
http://ex.org/variable#59 http://www.ibm.com/timex#di http://ex.org/variable#148	1
http://ex.org/variable#59 http://www.ibm.com/timex#oi http://ex.org/variable#149	1
http://ex.org/variable#59 http://www.ibm.com/timex#di http://ex.org/variable#150	1
http://ex.org/variable#59 http://www.ibm.com/timex#di http://ex.org/variable#151	1
http://ex.org/variable#59 http://www.ibm.com/timex#oi http://ex.org/variable#152	1
http://ex.org/variable#59 http://www.ibm.com/timex#di http://ex.org/variable#153	1
http://ex.org/variable#59 http://www.ibm.com/timex#di http://ex.org/variable#154	1
http://ex.org/variable#59 http://www.ibm.com/timex#oi http://ex.org/variable#155	1
http://ex.org/variable#59 http://www.ibm.com/timex#di http://ex.org/variable#156	1
http://ex.org/variable#59 http://www.ibm.com/timex#di http://ex.org/variable#157	1
http://ex.org/variable#59 http://www.ibm.com/timex#si http://ex.org/variable#158	1
http://ex.org/variable#59 http://www.ibm.com/timex#di http://ex.org/variable#159	1
http://ex.org/variable#59 http://www.ibm.com/timex#di http://ex.org/variable#160	1
http://ex.org/variable#59 http://www.ibm.com/timex#di http://ex.org/variable#161	1
http://ex.org/variable#59 http://www.ibm.com/timex#si http://ex.org/variable#162	1
http://ex.org/variable#59 http://www.ibm.com/timex#di http://ex.org/variable#163	1
http://ex.org/variable#59 http://www.ibm.com/timex#di http://ex.org/variable#164	1
http://ex.org/variable#59 http://www.ibm.com/timex#di http://ex.org/variable#165	1
http://ex.org/variable#59 http://www.ibm.com/timex#oi http://ex.org/variable#166	1
http://ex.org/variable#59 http://www.ibm.com/timex#oi http://ex.org/variable#167	1
http://ex.org/variable#59 http://www.ibm.com/timex#di http://ex.org/variable#168	1
http://ex.org/variable#59 http://www.ibm.com/timex#oi http://ex.org/variable#169	1
http://ex.org/variable#59 http://www.ibm.com/timex#di http://ex.org/variable#170	1
http://ex.org/variable#59 http://www.ibm.com/timex#oi http://ex.org/variable#171	1
http://ex.org/variable#59 http://www.ibm.com/timex#oi http://ex.org/variable#172	1
http://ex.org/variable#59 http://www.ibm.com/timex#di http://ex.org/variable#173	1
http://ex.org/variable#59 http://www.ibm.com/timex#di http://ex.org/variable#174	1
http://ex.org/variable#59 http://www.ibm.com/timex#oi http://ex.org/variable#175	1
http://ex.org/variable#59 http://www.ibm.com/timex#di http://ex.org/variable#176	1
http://ex.org/variable#59 http://www.ibm.com/timex#di http://ex.org/variable#177	1
http://ex.org/variable#59 http://www.ibm.com/timex#o_di_fi http://ex.org/variable#178	1
http://ex.org/variable#59 http://www.ibm.com/timex#di http://ex.org/variable#179	1
http://ex.org/variable#59 http://www.ibm.com/timex#di http://ex.org/variable#180	1
http://ex.org/variable#59 http://www.ibm.com/timex#oi http://ex.org/variable#181	1
http://ex.org/variable#59 http://www.ibm.com/timex#di http://ex.org/variable#182	1
http://ex.org/variable#59 http://www.ibm.com/timex#di http://ex.org/variable#183	1
http://ex.org/variable#59 http://www.ibm.com/timex#oi http://ex.org/variable#184	1
http://ex.org/variable#59 http://www.ibm.com/timex#di http://ex.org/variable#185	1
http://ex.org/variable#59 http://www.ibm.com/timex#di http://ex.org/variable#186	1
http://ex.org/variable#59 http://www.ibm.com/timex#oi http://ex.org/variable#187	1
http://ex.org/variable#59 http://www.ibm.com/timex#di http://ex.org/variable#188	1
http://ex.org/variable#59 http://www.ibm.com/timex#di http://ex.org/variable#189	1
http://ex.org/variable#60 http://www.ibm.com/timex#o_di_fi http://ex.org/variable#0	1
http://ex.org/variable#60 http://www.ibm.com/timex#o_di_fi http://ex.org/variable#1	1
http://ex.org/variable#60 http://www.ibm.com/timex#di http://ex.org/variable#2	1
http://ex.org/variable#60 http://www.ibm.com/timex#di http://ex.org/variable#3	1
http://ex.org/variable#60 http://www.ibm.com/timex#o http://ex.org/variable#4	1
http://ex.org/variable#60 http://www.ibm.com/timex#di http://ex.org/variable#5	1
http://ex.org/variable#60 http://www.ibm.com/timex#di http://ex.org/variable#6	1
http://ex.org/variable#60 http://www.ibm.com/timex#di_fi http://ex.org/variable#7	1
http://ex.org/variable#60 http://www.ibm.com/timex#oi_di_si http://ex.org/variable#8	1
http://ex.org/variable#60 http://www.ibm.com/timex#o http://ex.org/variable#9	1
http://ex.org/variable#60 http://www.ibm.com/timex#di http://ex.org/variable#10	1
http://ex.org/variable#60 http://www.ibm.com/timex#di http://ex.org/variable#11	1
http://ex.org/variable#60 http://www.ibm.com/timex#oi_d_f http://ex.org/variable#12	1
http://ex.org/variable#60 http://www.ibm.com/timex#di http://ex.org/variable#13	1
http://ex.org/variable#60 http://www.ibm.com/timex#di http://ex.org/variable#14	1
http://ex.org/variable#60 http://www.ibm.com/timex#di http://ex.org/variable#15	1
http://ex.org/variable#60 http://www.ibm.com/timex#di http://ex.org/variable#16	1
http://ex.org/variable#60 http://www.ibm.com/timex#di http://ex.org/variable#17	1
http://ex.org/variable#60 http://www.ibm.com/timex#di http://ex.org/variable#18	1
http://ex.org/variable#60 http://www.ibm.com/timex#di http://ex.org/variable#19	1
http://ex.org/variable#60 http://www.ibm.com/timex#d http://ex.org/variable#20	1
http://ex.org/variable#60 http://www.ibm.com/timex#di http://ex.org/variable#21	1
http://ex.org/variable#60 http://www.ibm.com/timex#o http://ex.org/variable#22	1
http://ex.org/variable#60 http://www.ibm.com/timex#di http://ex.org/variable#23	1
http://ex.org/variable#60 http://www.ibm.com/timex#oi http://ex.org/variable#24	1
http://ex.org/variable#60 http://www.ibm.com/timex#oi http://ex.org/variable#25	1
http://ex.org/variable#60 http://www.ibm.com/timex#di http://ex.org/variable#26	1
http://ex.org/variable#60 http://www.ibm.com/timex#oi http://ex.org/variable#27	1
http://ex.org/variable#60 http://www.ibm.com/timex#di http://ex.org/variable#28	1
http://ex.org/variable#60 http://www.ibm.com/timex#di http://ex.org/variable#29	1
http://ex.org/variable#60 http://www.ibm.com/timex#di http://ex.org/variable#30	1
http://ex.org/variable#60 http://www.ibm.com/timex#oi http://ex.org/variable#31	1
http://ex.org/variable#60 http://www.ibm.com/timex#oi http://ex.org/variable#32	1
http://ex.org/variable#60 http://www.ibm.com/timex#o http://ex.org/variable#33	1
http://ex.org/variable#60 http://www.ibm.com/timex#di http://ex.org/variable#34	1
http://ex.org/variable#60 http://www.ibm.com/timex#di http://ex.org/variable#35	1
http://ex.org/variable#60 http://www.ibm.com/timex#oi http://ex.org/variable#36	1
http://ex.org/variable#60 http://www.ibm.com/timex#di http://ex.org/variable#37	1
http://ex.org/variable#60 http://www.ibm.com/timex#di http://ex.org/variable#38	1
http://ex.org/variable#60 http://www.ibm.com/timex#di http://ex.org/variable#39	1
http://ex.org/variable#60 http://www.ibm.com/timex#oi_di_si http://ex.org/variable#40	1
http://ex.org/variable#60 http://www.ibm.com/timex#di http://ex.org/variable#41	1
http://ex.org/variable#60 http://www.ibm.com/timex#o_di http://ex.org/variable#42	1
http://ex.org/variable#60 http://www.ibm.com/timex#oi http://ex.org/variable#43	1
http://ex.org/variable#60 http://www.ibm.com/timex#di http://ex.org/variable#44	1
http://ex.org/variable#60 http://www.ibm.com/timex#o http://ex.org/variable#45	1
http://ex.org/variable#60 http://www.ibm.com/timex#oi http://ex.org/variable#46	1
http://ex.org/variable#60 http://www.ibm.com/timex#oi http://ex.org/variable#47	1
http://ex.org/variable#60 http://www.ibm.com/timex#di http://ex.org/variable#48	1
http://ex.org/variable#60 http://www.ibm.com/timex#oi http://ex.org/variable#49	1
http://ex.org/variable#60 http://www.ibm.com/timex#o_di_fi http://ex.org/variable#50	1
http://ex.org/variable#60 http://www.ibm.com/timex#di http://ex.org/variable#51	1
http://ex.org/variable#60 http://www.ibm.com/timex#oi http://ex.org/variable#52	1
http://ex.org/variable#60 http://www.ibm.com/timex#di http://ex.org/variable#53	1
http://ex.org/variable#60 http://www.ibm.com/timex#di http://ex.org/variable#54	1
http://ex.org/variable#60 http://www.ibm.com/timex#di http://ex.org/variable#55	1
http://ex.org/variable#60 http://www.ibm.com/timex#di http://ex.org/variable#56	1
http://ex.org/variable#60 http://www.ibm.com/timex#oi http://ex.org/variable#57	1
http://ex.org/variable#60 http://www.ibm.com/timex#di http://ex.org/variable#58	1
http://ex.org/variable#60 http://www.ibm.com/timex#o http://ex.org/variable#59	1
http://ex.org/variable#60 http://www.ibm.com/timex#oi_d http://ex.org/variable#61	1
http://ex.org/variable#60 http://www.ibm.com/timex#o_di_fi http://ex.org/variable#62	1
http://ex.org/variable#60 http://www.ibm.com/timex#oi_si http://ex.org/variable#63	1
http://ex.org/variable#60 http://www.ibm.com/timex#oi http://ex.org/variable#64	1
http://ex.org/variable#60 http://www.ibm.com/timex#di http://ex.org/variable#65	1
http://ex.org/variable#60 http://www.ibm.com/timex#oi http://ex.org/variable#66	1
http://ex.org/variable#60 http://www.ibm.com/timex#o http://ex.org/variable#67	1
http://ex.org/variable#60 http://www.ibm.com/timex#di http://ex.org/variable#68	1
http://ex.org/variable#60 http://www.ibm.com/timex#di http://ex.org/variable#69	1
http://ex.org/variable#60 http://www.ibm.com/timex#o http://ex.org/variable#70	1
http://ex.org/variable#60 http://www.ibm.com/timex#di http://ex.org/variable#71	1
http://ex.org/variable#60 http://www.ibm.com/timex#di http://ex.org/variable#72	1
http://ex.org/variable#60 http://www.ibm.com/timex#di http://ex.org/variable#73	1
http://ex.org/variable#60 http://www.ibm.com/timex#di http://ex.org/variable#74	1
http://ex.org/variable#60 http://www.ibm.com/timex#di http://ex.org/variable#75	1
http://ex.org/variable#60 http://www.ibm.com/timex#di http://ex.org/variable#76	1
http://ex.org/variable#60 http://www.ibm.com/timex#o http://ex.org/variable#77	1
http://ex.org/variable#60 http://www.ibm.com/timex#di http://ex.org/variable#78	1
http://ex.org/variable#60 http://www.ibm.com/timex#oi http://ex.org/variable#79	1
http://ex.org/variable#60 http://www.ibm.com/timex#oi_d_f http://ex.org/variable#80	1
http://ex.org/variable#60 http://www.ibm.com/timex#oi http://ex.org/variable#81	1
http://ex.org/variable#60 http://www.ibm.com/timex#di http://ex.org/variable#82	1
http://ex.org/variable#60 http://www.ibm.com/timex#oi http://ex.org/variable#83	1
http://ex.org/variable#60 http://www.ibm.com/timex#di http://ex.org/variable#84	1
http://ex.org/variable#60 http://www.ibm.com/timex#di http://ex.org/variable#85	1
http://ex.org/variable#60 http://www.ibm.com/timex#d http://ex.org/variable#86	1
http://ex.org/variable#60 http://www.ibm.com/timex#di http://ex.org/variable#87	1
http://ex.org/variable#60 http://www.ibm.com/timex#di http://ex.org/variable#88	1
http://ex.org/variable#60 http://www.ibm.com/timex#o_di_fi http://ex.org/variable#89	1
http://ex.org/variable#60 http://www.ibm.com/timex#di http://ex.org/variable#90	1
http://ex.org/variable#60 http://www.ibm.com/timex#o_di_fi http://ex.org/variable#91	1
http://ex.org/variable#60 http://www.ibm.com/timex#o http://ex.org/variable#92	1
http://ex.org/variable#60 http://www.ibm.com/timex#di http://ex.org/variable#93	1
http://ex.org/variable#60 http://www.ibm.com/timex#di http://ex.org/variable#94	1
http://ex.org/variable#60 http://www.ibm.com/timex#di http://ex.org/variable#95	1
http://ex.org/variable#60 http://www.ibm.com/timex#di http://ex.org/variable#96	1
http://ex.org/variable#60 http://www.ibm.com/timex#di http://ex.org/variable#97	1
http://ex.org/variable#60 http://www.ibm.com/timex#di http://ex.org/variable#98	1
http://ex.org/variable#60 http://www.ibm.com/timex#di http://ex.org/variable#99	1
http://ex.org/variable#60 http://www.ibm.com/timex#oi_di_si http://ex.org/variable#100	1
http://ex.org/variable#60 http://www.ibm.com/timex#di http://ex.org/variable#101	1
http://ex.org/variable#60 http://www.ibm.com/timex#di http://ex.org/variable#102	1
http://ex.org/variable#60 http://www.ibm.com/timex#di http://ex.org/variable#103	1
http://ex.org/variable#60 http://www.ibm.com/timex#di http://ex.org/variable#104	1
http://ex.org/variable#60 http://www.ibm.com/timex#di http://ex.org/variable#105	1
http://ex.org/variable#60 http://www.ibm.com/timex#oi_si http://ex.org/variable#106	1
http://ex.org/variable#60 http://www.ibm.com/timex#di http://ex.org/variable#107	1
http://ex.org/variable#60 http://www.ibm.com/timex#di http://ex.org/variable#108	1
http://ex.org/variable#60 http://www.ibm.com/timex#di http://ex.org/variable#109	1
http://ex.org/variable#60 http://www.ibm.com/timex#oi_si http://ex.org/variable#110	1
http://ex.org/variable#60 http://www.ibm.com/timex#di http://ex.org/variable#111	1
http://ex.org/variable#60 http://www.ibm.com/timex#oi http://ex.org/variable#112	1
http://ex.org/variable#60 http://www.ibm.com/timex#di http://ex.org/variable#113	1
http://ex.org/variable#60 http://www.ibm.com/timex#di http://ex.org/variable#114	1
http://ex.org/variable#60 http://www.ibm.com/timex#di http://ex.org/variable#115	1
http://ex.org/variable#60 http://www.ibm.com/timex#di http://ex.org/variable#116	1
http://ex.org/variable#60 http://www.ibm.com/timex#di http://ex.org/variable#117	1
http://ex.org/variable#60 http://www.ibm.com/timex#di http://ex.org/variable#118	1
http://ex.org/variable#60 http://www.ibm.com/timex#oi http://ex.org/variable#119	1
http://ex.org/variable#60 http://www.ibm.com/timex#di http://ex.org/variable#120	1
http://ex.org/variable#60 http://www.ibm.com/timex#di http://ex.org/variable#121	1
http://ex.org/variable#60 http://www.ibm.com/timex#oi http://ex.org/variable#122	1
http://ex.org/variable#60 http://www.ibm.com/timex#o_di http://ex.org/variable#123	1
http://ex.org/variable#60 http://www.ibm.com/timex#oi http://ex.org/variable#124	1
http://ex.org/variable#60 http://www.ibm.com/timex#oi http://ex.org/variable#125	1
http://ex.org/variable#60 http://www.ibm.com/timex#di http://ex.org/variable#126	1
http://ex.org/variable#60 http://www.ibm.com/timex#di http://ex.org/variable#127	1
http://ex.org/variable#60 http://www.ibm.com/timex#o_di http://ex.org/variable#128	1
http://ex.org/variable#60 http://www.ibm.com/timex#oi http://ex.org/variable#129	1
http://ex.org/variable#60 http://www.ibm.com/timex#di http://ex.org/variable#130	1
http://ex.org/variable#60 http://www.ibm.com/timex#o_fi http://ex.org/variable#131	1
http://ex.org/variable#60 http://www.ibm.com/timex#di http://ex.org/variable#132	1
http://ex.org/variable#60 http://www.ibm.com/timex#o http://ex.org/variable#133	1
http://ex.org/variable#60 http://www.ibm.com/timex#oi http://ex.org/variable#134	1
http://ex.org/variable#60 http://www.ibm.com/timex#o_fi http://ex.org/variable#135	1
http://ex.org/variable#60 http://www.ibm.com/timex#o http://ex.org/variable#136	1
http://ex.org/variable#60 http://www.ibm.com/timex#di http://ex.org/variable#137	1
http://ex.org/variable#60 http://www.ibm.com/timex#di http://ex.org/variable#138	1
http://ex.org/variable#60 http://www.ibm.com/timex#di http://ex.org/variable#139	1
http://ex.org/variable#60 http://www.ibm.com/timex#di http://ex.org/variable#140	1
http://ex.org/variable#60 http://www.ibm.com/timex#oi_d_f http://ex.org/variable#141	1
http://ex.org/variable#60 http://www.ibm.com/timex#di http://ex.org/variable#142	1
http://ex.org/variable#60 http://www.ibm.com/timex#di http://ex.org/variable#143	1
http://ex.org/variable#60 http://www.ibm.com/timex#o_di_fi http://ex.org/variable#144	1
http://ex.org/variable#60 http://www.ibm.com/timex#di http://ex.org/variable#145	1
http://ex.org/variable#60 http://www.ibm.com/timex#o http://ex.org/variable#146	1
http://ex.org/variable#60 http://www.ibm.com/timex#di http://ex.org/variable#147	1
http://ex.org/variable#60 http://www.ibm.com/timex#di http://ex.org/variable#148	1
http://ex.org/variable#60 http://www.ibm.com/timex#oi http://ex.org/variable#149	1
http://ex.org/variable#60 http://www.ibm.com/timex#o http://ex.org/variable#150	1
http://ex.org/variable#60 http://www.ibm.com/timex#o_di_fi http://ex.org/variable#151	1
http://ex.org/variable#60 http://www.ibm.com/timex#di_si http://ex.org/variable#152	1
http://ex.org/variable#60 http://www.ibm.com/timex#o_di http://ex.org/variable#153	1
http://ex.org/variable#60 http://www.ibm.com/timex#di http://ex.org/variable#154	1
http://ex.org/variable#60 http://www.ibm.com/timex#oi http://ex.org/variable#155	1
http://ex.org/variable#60 http://www.ibm.com/timex#di http://ex.org/variable#156	1
http://ex.org/variable#60 http://www.ibm.com/timex#di http://ex.org/variable#157	1
http://ex.org/variable#60 http://www.ibm.com/timex#di http://ex.org/variable#158	1
http://ex.org/variable#60 http://www.ibm.com/timex#o_fi http://ex.org/variable#159	1
http://ex.org/variable#60 http://www.ibm.com/timex#di http://ex.org/variable#160	1
http://ex.org/variable#60 http://www.ibm.com/timex#di http://ex.org/variable#161	1
http://ex.org/variable#60 http://www.ibm.com/timex#di http://ex.org/variable#162	1
http://ex.org/variable#60 http://www.ibm.com/timex#di http://ex.org/variable#163	1
http://ex.org/variable#60 http://www.ibm.com/timex#di http://ex.org/variable#164	1
http://ex.org/variable#60 http://www.ibm.com/timex#di http://ex.org/variable#165	1
http://ex.org/variable#60 http://www.ibm.com/timex#oi http://ex.org/variable#166	1
http://ex.org/variable#60 http://www.ibm.com/timex#di http://ex.org/variable#167	1
http://ex.org/variable#60 http://www.ibm.com/timex#di http://ex.org/variable#168	1
http://ex.org/variable#60 http://www.ibm.com/timex#oi http://ex.org/variable#169	1
http://ex.org/variable#60 http://www.ibm.com/timex#di http://ex.org/variable#170	1
http://ex.org/variable#60 http://www.ibm.com/timex#oi http://ex.org/variable#171	1
http://ex.org/variable#60 http://www.ibm.com/timex#oi http://ex.org/variable#172	1
http://ex.org/variable#60 http://www.ibm.com/timex#di http://ex.org/variable#173	1
http://ex.org/variable#60 http://www.ibm.com/timex#di http://ex.org/variable#174	1
http://ex.org/variable#60 http://www.ibm.com/timex#di http://ex.org/variable#175	1
http://ex.org/variable#60 http://www.ibm.com/timex#o_fi http://ex.org/variable#176	1
http://ex.org/variable#60 http://www.ibm.com/timex#di http://ex.org/variable#177	1
http://ex.org/variable#60 http://www.ibm.com/timex#o http://ex.org/variable#178	1
http://ex.org/variable#60 http://www.ibm.com/timex#di http://ex.org/variable#179	1
http://ex.org/variable#60 http://www.ibm.com/timex#di http://ex.org/variable#180	1
http://ex.org/variable#60 http://www.ibm.com/timex#oi_si http://ex.org/variable#181	1
http://ex.org/variable#60 http://www.ibm.com/timex#di http://ex.org/variable#182	1
http://ex.org/variable#60 http://www.ibm.com/timex#di http://ex.org/variable#183	1
http://ex.org/variable#60 http://www.ibm.com/timex#di http://ex.org/variable#184	1
http://ex.org/variable#60 http://www.ibm.com/timex#di http://ex.org/variable#185	1
http://ex.org/variable#60 http://www.ibm.com/timex#di http://ex.org/variable#186	1
http://ex.org/variable#60 http://www.ibm.com/timex#oi http://ex.org/variable#187	1
http://ex.org/variable#60 http://www.ibm.com/timex#di http://ex.org/variable#188	1
http://ex.org/variable#60 http://www.ibm.com/timex#di http://ex.org/variable#189	1
http://ex.org/variable#61 http://www.ibm.com/timex#di http://ex.org/variable#0	1
http://ex.org/variable#61 http://www.ibm.com/timex#di_fi http://ex.org/variable#1	1
http://ex.org/variable#61 http://www.ibm.com/timex#di http://ex.org/variable#2	1
http://ex.org/variable#61 http://www.ibm.com/timex#di http://ex.org/variable#3	1
http://ex.org/variable#61 http://www.ibm.com/timex#o http://ex.org/variable#4	1
http://ex.org/variable#61 http://www.ibm.com/timex#di http://ex.org/variable#5	1
http://ex.org/variable#61 http://www.ibm.com/timex#di http://ex.org/variable#6	1
http://ex.org/variable#61 http://www.ibm.com/timex#di http://ex.org/variable#7	1
http://ex.org/variable#61 http://www.ibm.com/timex#di http://ex.org/variable#8	1
http://ex.org/variable#61 http://www.ibm.com/timex#o http://ex.org/variable#9	1
http://ex.org/variable#61 http://www.ibm.com/timex#di http://ex.org/variable#10	1
http://ex.org/variable#61 http://www.ibm.com/timex#di http://ex.org/variable#11	1
http://ex.org/variable#61 http://www.ibm.com/timex#oi http://ex.org/variable#12	1
http://ex.org/variable#61 http://www.ibm.com/timex#di http://ex.org/variable#13	1
http://ex.org/variable#61 http://www.ibm.com/timex#di http://ex.org/variable#14	1
http://ex.org/variable#61 http://www.ibm.com/timex#di http://ex.org/variable#15	1
http://ex.org/variable#61 http://www.ibm.com/timex#di http://ex.org/variable#16	1
http://ex.org/variable#61 http://www.ibm.com/timex#di http://ex.org/variable#17	1
http://ex.org/variable#61 http://www.ibm.com/timex#di http://ex.org/variable#18	1
http://ex.org/variable#61 http://www.ibm.com/timex#di http://ex.org/variable#19	1
http://ex.org/variable#61 http://www.ibm.com/timex#d http://ex.org/variable#20	1
http://ex.org/variable#61 http://www.ibm.com/timex#di http://ex.org/variable#21	1
http://ex.org/variable#61 http://www.ibm.com/timex#o http://ex.org/variable#22	1
http://ex.org/variable#61 http://www.ibm.com/timex#di http://ex.org/variable#23	1
http://ex.org/variable#61 http://www.ibm.com/timex#di_si http://ex.org/variable#24	1
http://ex.org/variable#61 http://www.ibm.com/timex#di_si http://ex.org/variable#25	1
http://ex.org/variable#61 http://www.ibm.com/timex#di http://ex.org/variable#26	1
http://ex.org/variable#61 http://www.ibm.com/timex#oi http://ex.org/variable#27	1
http://ex.org/variable#61 http://www.ibm.com/timex#di http://ex.org/variable#28	1
http://ex.org/variable#61 http://www.ibm.com/timex#di http://ex.org/variable#29	1
http://ex.org/variable#61 http://www.ibm.com/timex#di http://ex.org/variable#30	1
http://ex.org/variable#61 http://www.ibm.com/timex#oi http://ex.org/variable#31	1
http://ex.org/variable#61 http://www.ibm.com/timex#oi_di_si http://ex.org/variable#32	1
http://ex.org/variable#61 http://www.ibm.com/timex#o http://ex.org/variable#33	1
http://ex.org/variable#61 http://www.ibm.com/timex#di http://ex.org/variable#34	1
http://ex.org/variable#61 http://www.ibm.com/timex#di http://ex.org/variable#35	1
http://ex.org/variable#61 http://www.ibm.com/timex#di http://ex.org/variable#36	1
http://ex.org/variable#61 http://www.ibm.com/timex#di http://ex.org/variable#37	1
http://ex.org/variable#61 http://www.ibm.com/timex#di http://ex.org/variable#38	1
http://ex.org/variable#61 http://www.ibm.com/timex#di http://ex.org/variable#39	1
http://ex.org/variable#61 http://www.ibm.com/timex#oi_di_si http://ex.org/variable#40	1
http://ex.org/variable#61 http://www.ibm.com/timex#di http://ex.org/variable#41	1
http://ex.org/variable#61 http://www.ibm.com/timex#di http://ex.org/variable#42	1
http://ex.org/variable#61 http://www.ibm.com/timex#oi http://ex.org/variable#43	1
http://ex.org/variable#61 http://www.ibm.com/timex#di http://ex.org/variable#44	1
http://ex.org/variable#61 http://www.ibm.com/timex#o http://ex.org/variable#45	1
http://ex.org/variable#61 http://www.ibm.com/timex#oi http://ex.org/variable#46	1
http://ex.org/variable#61 http://www.ibm.com/timex#oi http://ex.org/variable#47	1
http://ex.org/variable#61 http://www.ibm.com/timex#di http://ex.org/variable#48	1
http://ex.org/variable#61 http://www.ibm.com/timex#oi http://ex.org/variable#49	1
http://ex.org/variable#61 http://www.ibm.com/timex#di http://ex.org/variable#50	1
http://ex.org/variable#61 http://www.ibm.com/timex#di http://ex.org/variable#51	1
http://ex.org/variable#61 http://www.ibm.com/timex#oi http://ex.org/variable#52	1
http://ex.org/variable#61 http://www.ibm.com/timex#di http://ex.org/variable#53	1
http://ex.org/variable#61 http://www.ibm.com/timex#di http://ex.org/variable#54	1
http://ex.org/variable#61 http://www.ibm.com/timex#di http://ex.org/variable#55	1
http://ex.org/variable#61 http://www.ibm.com/timex#di http://ex.org/variable#56	1
http://ex.org/variable#61 http://www.ibm.com/timex#oi http://ex.org/variable#57	1
http://ex.org/variable#61 http://www.ibm.com/timex#di http://ex.org/variable#58	1
http://ex.org/variable#61 http://www.ibm.com/timex#o http://ex.org/variable#59	1
http://ex.org/variable#61 http://www.ibm.com/timex#o_di http://ex.org/variable#60	1
http://ex.org/variable#61 http://www.ibm.com/timex#di http://ex.org/variable#62	1
http://ex.org/variable#61 http://www.ibm.com/timex#di http://ex.org/variable#63	1
http://ex.org/variable#61 http://www.ibm.com/timex#di http://ex.org/variable#64	1
http://ex.org/variable#61 http://www.ibm.com/timex#di http://ex.org/variable#65	1
http://ex.org/variable#61 http://www.ibm.com/timex#oi http://ex.org/variable#66	1
http://ex.org/variable#61 http://www.ibm.com/timex#o http://ex.org/variable#67	1
http://ex.org/variable#61 http://www.ibm.com/timex#di http://ex.org/variable#68	1
http://ex.org/variable#61 http://www.ibm.com/timex#di http://ex.org/variable#69	1
http://ex.org/variable#61 http://www.ibm.com/timex#o http://ex.org/variable#70	1
http://ex.org/variable#61 http://www.ibm.com/timex#di http://ex.org/variable#71	1
http://ex.org/variable#61 http://www.ibm.com/timex#di http://ex.org/variable#72	1
http://ex.org/variable#61 http://www.ibm.com/timex#di http://ex.org/variable#73	1
http://ex.org/variable#61 http://www.ibm.com/timex#di http://ex.org/variable#74	1
http://ex.org/variable#61 http://www.ibm.com/timex#di http://ex.org/variable#75	1
http://ex.org/variable#61 http://www.ibm.com/timex#di http://ex.org/variable#76	1
http://ex.org/variable#61 http://www.ibm.com/timex#o http://ex.org/variable#77	1
http://ex.org/variable#61 http://www.ibm.com/timex#di http://ex.org/variable#78	1
http://ex.org/variable#61 http://www.ibm.com/timex#oi http://ex.org/variable#79	1
http://ex.org/variable#61 http://www.ibm.com/timex#oi http://ex.org/variable#80	1
http://ex.org/variable#61 http://www.ibm.com/timex#oi http://ex.org/variable#81	1
http://ex.org/variable#61 http://www.ibm.com/timex#di http://ex.org/variable#82	1
http://ex.org/variable#61 http://www.ibm.com/timex#oi http://ex.org/variable#83	1
http://ex.org/variable#61 http://www.ibm.com/timex#di http://ex.org/variable#84	1
http://ex.org/variable#61 http://www.ibm.com/timex#di http://ex.org/variable#85	1
http://ex.org/variable#61 http://www.ibm.com/timex#d http://ex.org/variable#86	1
http://ex.org/variable#61 http://www.ibm.com/timex#di http://ex.org/variable#87	1
http://ex.org/variable#61 http://www.ibm.com/timex#di http://ex.org/variable#88	1
http://ex.org/variable#61 http://www.ibm.com/timex#di http://ex.org/variable#89	1
http://ex.org/variable#61 http://www.ibm.com/timex#di http://ex.org/variable#90	1
http://ex.org/variable#61 http://www.ibm.com/timex#di http://ex.org/variable#91	1
http://ex.org/variable#61 http://www.ibm.com/timex#o http://ex.org/variable#92	1
http://ex.org/variable#61 http://www.ibm.com/timex#di http://ex.org/variable#93	1
http://ex.org/variable#61 http://www.ibm.com/timex#di http://ex.org/variable#94	1
http://ex.org/variable#61 http://www.ibm.com/timex#di http://ex.org/variable#95	1
http://ex.org/variable#61 http://www.ibm.com/timex#di http://ex.org/variable#96	1
http://ex.org/variable#61 http://www.ibm.com/timex#di http://ex.org/variable#97	1
http://ex.org/variable#61 http://www.ibm.com/timex#di http://ex.org/variable#98	1
http://ex.org/variable#61 http://www.ibm.com/timex#di http://ex.org/variable#99	1
http://ex.org/variable#61 http://www.ibm.com/timex#di http://ex.org/variable#100	1
http://ex.org/variable#61 http://www.ibm.com/timex#di http://ex.org/variable#101	1
http://ex.org/variable#61 http://www.ibm.com/timex#di http://ex.org/variable#102	1
http://ex.org/variable#61 http://www.ibm.com/timex#di http://ex.org/variable#103	1
http://ex.org/variable#61 http://www.ibm.com/timex#di http://ex.org/variable#104	1
http://ex.org/variable#61 http://www.ibm.com/timex#di http://ex.org/variable#105	1
http://ex.org/variable#61 http://www.ibm.com/timex#di http://ex.org/variable#106	1
http://ex.org/variable#61 http://www.ibm.com/timex#di http://ex.org/variable#107	1
http://ex.org/variable#61 http://www.ibm.com/timex#di http://ex.org/variable#108	1
http://ex.org/variable#61 http://www.ibm.com/timex#di http://ex.org/variable#109	1
http://ex.org/variable#61 http://www.ibm.com/timex#di http://ex.org/variable#110	1
http://ex.org/variable#61 http://www.ibm.com/timex#di http://ex.org/variable#111	1
http://ex.org/variable#61 http://www.ibm.com/timex#oi http://ex.org/variable#112	1
http://ex.org/variable#61 http://www.ibm.com/timex#di http://ex.org/variable#113	1
http://ex.org/variable#61 http://www.ibm.com/timex#di http://ex.org/variable#114	1
http://ex.org/variable#61 http://www.ibm.com/timex#di http://ex.org/variable#115	1
http://ex.org/variable#61 http://www.ibm.com/timex#di http://ex.org/variable#116	1
http://ex.org/variable#61 http://www.ibm.com/timex#di http://ex.org/variable#117	1
http://ex.org/variable#61 http://www.ibm.com/timex#di http://ex.org/variable#118	1
http://ex.org/variable#61 http://www.ibm.com/timex#oi http://ex.org/variable#119	1
http://ex.org/variable#61 http://www.ibm.com/timex#di http://ex.org/variable#120	1
http://ex.org/variable#61 http://www.ibm.com/timex#di http://ex.org/variable#121	1
http://ex.org/variable#61 http://www.ibm.com/timex#di_si http://ex.org/variable#122	1
http://ex.org/variable#61 http://www.ibm.com/timex#di http://ex.org/variable#123	1
http://ex.org/variable#61 http://www.ibm.com/timex#oi http://ex.org/variable#124	1
http://ex.org/variable#61 http://www.ibm.com/timex#oi http://ex.org/variable#125	1
http://ex.org/variable#61 http://www.ibm.com/timex#di http://ex.org/variable#126	1
http://ex.org/variable#61 http://www.ibm.com/timex#di http://ex.org/variable#127	1
http://ex.org/variable#61 http://www.ibm.com/timex#di http://ex.org/variable#128	1
http://ex.org/variable#61 http://www.ibm.com/timex#oi http://ex.org/variable#129	1
http://ex.org/variable#61 http://www.ibm.com/timex#di http://ex.org/variable#130	1
http://ex.org/variable#61 http://www.ibm.com/timex#o http://ex.org/variable#131	1
http://ex.org/variable#61 http://www.ibm.com/timex#di http://ex.org/variable#132	1
http://ex.org/variable#61 http://www.ibm.com/timex#o http://ex.org/variable#133	1
http://ex.org/variable#61 http://www.ibm.com/timex#oi http://ex.org/variable#134	1
http://ex.org/variable#61 http://www.ibm.com/timex#o http://ex.org/variable#135	1
http://ex.org/variable#61 http://www.ibm.com/timex#o http://ex.org/variable#136	1
http://ex.org/variable#61 http://www.ibm.com/timex#di http://ex.org/variable#137	1
http://ex.org/variable#61 http://www.ibm.com/timex#di http://ex.org/variable#138	1
http://ex.org/variable#61 http://www.ibm.com/timex#di http://ex.org/variable#139	1
http://ex.org/variable#61 http://www.ibm.com/timex#di http://ex.org/variable#140	1
http://ex.org/variable#61 http://www.ibm.com/timex#oi_d_f http://ex.org/variable#141	1
http://ex.org/variable#61 http://www.ibm.com/timex#di http://ex.org/variable#142	1
http://ex.org/variable#61 http://www.ibm.com/timex#di http://ex.org/variable#143	1
http://ex.org/variable#61 http://www.ibm.com/timex#di http://ex.org/variable#144	1
http://ex.org/variable#61 http://www.ibm.com/timex#di http://ex.org/variable#145	1
http://ex.org/variable#61 http://www.ibm.com/timex#o http://ex.org/variable#146	1
http://ex.org/variable#61 http://www.ibm.com/timex#di http://ex.org/variable#147	1
http://ex.org/variable#61 http://www.ibm.com/timex#di http://ex.org/variable#148	1
http://ex.org/variable#61 http://www.ibm.com/timex#oi http://ex.org/variable#149	1
http://ex.org/variable#61 http://www.ibm.com/timex#o http://ex.org/variable#150	1
http://ex.org/variable#61 http://www.ibm.com/timex#di http://ex.org/variable#151	1
http://ex.org/variable#61 http://www.ibm.com/timex#di http://ex.org/variable#152	1
http://ex.org/variable#61 http://www.ibm.com/timex#o_fi http://ex.org/variable#153	1
http://ex.org/variable#61 http://www.ibm.com/timex#di http://ex.org/variable#154	1
http://ex.org/variable#61 http://www.ibm.com/timex#oi http://ex.org/variable#155	1
http://ex.org/variable#61 http://www.ibm.com/timex#di http://ex.org/variable#156	1
http://ex.org/variable#61 http://www.ibm.com/timex#di http://ex.org/variable#157	1
http://ex.org/variable#61 http://www.ibm.com/timex#di http://ex.org/variable#158	1
http://ex.org/variable#61 http://www.ibm.com/timex#o http://ex.org/variable#159	1
http://ex.org/variable#61 http://www.ibm.com/timex#di http://ex.org/variable#160	1
http://ex.org/variable#61 http://www.ibm.com/timex#di http://ex.org/variable#161	1
http://ex.org/variable#61 http://www.ibm.com/timex#di http://ex.org/variable#162	1
http://ex.org/variable#61 http://www.ibm.com/timex#di http://ex.org/variable#163	1
http://ex.org/variable#61 http://www.ibm.com/timex#di http://ex.org/variable#164	1
http://ex.org/variable#61 http://www.ibm.com/timex#di http://ex.org/variable#165	1
http://ex.org/variable#61 http://www.ibm.com/timex#oi http://ex.org/variable#166	1
http://ex.org/variable#61 http://www.ibm.com/timex#di http://ex.org/variable#167	1
http://ex.org/variable#61 http://www.ibm.com/timex#di http://ex.org/variable#168	1
http://ex.org/variable#61 http://www.ibm.com/timex#di_si http://ex.org/variable#169	1
http://ex.org/variable#61 http://www.ibm.com/timex#di http://ex.org/variable#170	1
http://ex.org/variable#61 http://www.ibm.com/timex#oi_di_si http://ex.org/variable#171	1
http://ex.org/variable#61 http://www.ibm.com/timex#oi http://ex.org/variable#172	1
http://ex.org/variable#61 http://www.ibm.com/timex#di http://ex.org/variable#173	1
http://ex.org/variable#61 http://www.ibm.com/timex#di http://ex.org/variable#174	1
http://ex.org/variable#61 http://www.ibm.com/timex#di http://ex.org/variable#175	1
http://ex.org/variable#61 http://www.ibm.com/timex#o http://ex.org/variable#176	1
http://ex.org/variable#61 http://www.ibm.com/timex#di http://ex.org/variable#177	1
http://ex.org/variable#61 http://www.ibm.com/timex#o http://ex.org/variable#178	1
http://ex.org/variable#61 http://www.ibm.com/timex#di http://ex.org/variable#179	1
http://ex.org/variable#61 http://www.ibm.com/timex#di http://ex.org/variable#180	1
http://ex.org/variable#61 http://www.ibm.com/timex#di http://ex.org/variable#181	1
http://ex.org/variable#61 http://www.ibm.com/timex#di http://ex.org/variable#182	1
http://ex.org/variable#61 http://www.ibm.com/timex#di http://ex.org/variable#183	1
http://ex.org/variable#61 http://www.ibm.com/timex#di http://ex.org/variable#184	1
http://ex.org/variable#61 http://www.ibm.com/timex#di http://ex.org/variable#185	1
http://ex.org/variable#61 http://www.ibm.com/timex#di http://ex.org/variable#186	1
http://ex.org/variable#61 http://www.ibm.com/timex#oi http://ex.org/variable#187	1
http://ex.org/variable#61 http://www.ibm.com/timex#di http://ex.org/variable#188	1
http://ex.org/variable#61 http://www.ibm.com/timex#di http://ex.org/variable#189	1
http://ex.org/variable#62 http://www.ibm.com/timex#di http://ex.org/variable#0	1
http://ex.org/variable#62 http://www.ibm.com/timex#o_di http://ex.org/variable#1	1
http://ex.org/variable#62 http://www.ibm.com/timex#oi http://ex.org/variable#2	1
http://ex.org/variable#62 http://www.ibm.com/timex#di http://ex.org/variable#3	1
http://ex.org/variable#62 http://www.ibm.com/timex#o http://ex.org/variable#4	1
http://ex.org/variable#62 http://www.ibm.com/timex#oi http://ex.org/variable#5	1
http://ex.org/variable#62 http://www.ibm.com/timex#di http://ex.org/variable#6	1
http://ex.org/variable#62 http://www.ibm.com/timex#di http://ex.org/variable#7	1
http://ex.org/variable#62 http://www.ibm.com/timex#bi http://ex.org/variable#8	1
http://ex.org/variable#62 http://www.ibm.com/timex#o http://ex.org/variable#9	1
http://ex.org/variable#62 http://www.ibm.com/timex#di http://ex.org/variable#10	1
http://ex.org/variable#62 http://www.ibm.com/timex#oi http://ex.org/variable#11	1
http://ex.org/variable#62 http://www.ibm.com/timex#f http://ex.org/variable#12	1
http://ex.org/variable#62 http://www.ibm.com/timex#oi http://ex.org/variable#13	1
http://ex.org/variable#62 http://www.ibm.com/timex#di http://ex.org/variable#14	1
http://ex.org/variable#62 http://www.ibm.com/timex#oi http://ex.org/variable#15	1
http://ex.org/variable#62 http://www.ibm.com/timex#oi http://ex.org/variable#16	1
http://ex.org/variable#62 http://www.ibm.com/timex#di http://ex.org/variable#17	1
http://ex.org/variable#62 http://www.ibm.com/timex#oi http://ex.org/variable#18	1
http://ex.org/variable#62 http://www.ibm.com/timex#oi http://ex.org/variable#19	1
http://ex.org/variable#62 http://www.ibm.com/timex#d http://ex.org/variable#20	1
http://ex.org/variable#62 http://www.ibm.com/timex#di http://ex.org/variable#21	1
http://ex.org/variable#62 http://www.ibm.com/timex#d http://ex.org/variable#22	1
http://ex.org/variable#62 http://www.ibm.com/timex#oi http://ex.org/variable#23	1
http://ex.org/variable#62 http://www.ibm.com/timex#oi http://ex.org/variable#24	1
http://ex.org/variable#62 http://www.ibm.com/timex#bi http://ex.org/variable#25	1
http://ex.org/variable#62 http://www.ibm.com/timex#di http://ex.org/variable#26	1
http://ex.org/variable#62 http://www.ibm.com/timex#oi http://ex.org/variable#27	1
http://ex.org/variable#62 http://www.ibm.com/timex#di http://ex.org/variable#28	1
http://ex.org/variable#62 http://www.ibm.com/timex#di http://ex.org/variable#29	1
http://ex.org/variable#62 http://www.ibm.com/timex#di http://ex.org/variable#30	1
http://ex.org/variable#62 http://www.ibm.com/timex#oi http://ex.org/variable#31	1
http://ex.org/variable#62 http://www.ibm.com/timex#oi http://ex.org/variable#32	1
http://ex.org/variable#62 http://www.ibm.com/timex#o http://ex.org/variable#33	1
http://ex.org/variable#62 http://www.ibm.com/timex#oi http://ex.org/variable#34	1
http://ex.org/variable#62 http://www.ibm.com/timex#di http://ex.org/variable#35	1
http://ex.org/variable#62 http://www.ibm.com/timex#oi http://ex.org/variable#36	1
http://ex.org/variable#62 http://www.ibm.com/timex#oi http://ex.org/variable#37	1
http://ex.org/variable#62 http://www.ibm.com/timex#oi http://ex.org/variable#38	1
http://ex.org/variable#62 http://www.ibm.com/timex#di http://ex.org/variable#39	1
http://ex.org/variable#62 http://www.ibm.com/timex#oi http://ex.org/variable#40	1
http://ex.org/variable#62 http://www.ibm.com/timex#oi http://ex.org/variable#41	1
http://ex.org/variable#62 http://www.ibm.com/timex#oi http://ex.org/variable#42	1
http://ex.org/variable#62 http://www.ibm.com/timex#oi http://ex.org/variable#43	1
http://ex.org/variable#62 http://www.ibm.com/timex#oi http://ex.org/variable#44	1
http://ex.org/variable#62 http://www.ibm.com/timex#o http://ex.org/variable#45	1
http://ex.org/variable#62 http://www.ibm.com/timex#oi http://ex.org/variable#46	1
http://ex.org/variable#62 http://www.ibm.com/timex#oi http://ex.org/variable#47	1
http://ex.org/variable#62 http://www.ibm.com/timex#di http://ex.org/variable#48	1
http://ex.org/variable#62 http://www.ibm.com/timex#oi http://ex.org/variable#49	1
http://ex.org/variable#62 http://www.ibm.com/timex#di http://ex.org/variable#50	1
http://ex.org/variable#62 http://www.ibm.com/timex#di http://ex.org/variable#51	1
http://ex.org/variable#62 http://www.ibm.com/timex#oi http://ex.org/variable#52	1
http://ex.org/variable#62 http://www.ibm.com/timex#oi http://ex.org/variable#53	1
http://ex.org/variable#62 http://www.ibm.com/timex#oi http://ex.org/variable#54	1
http://ex.org/variable#62 http://www.ibm.com/timex#di http://ex.org/variable#55	1
http://ex.org/variable#62 http://www.ibm.com/timex#oi http://ex.org/variable#56	1
http://ex.org/variable#62 http://www.ibm.com/timex#oi http://ex.org/variable#57	1
http://ex.org/variable#62 http://www.ibm.com/timex#oi http://ex.org/variable#58	1
http://ex.org/variable#62 http://www.ibm.com/timex#d http://ex.org/variable#59	1
http://ex.org/variable#62 http://www.ibm.com/timex#oi_d_f http://ex.org/variable#60	1
http://ex.org/variable#62 http://www.ibm.com/timex#d http://ex.org/variable#61	1
http://ex.org/variable#62 http://www.ibm.com/timex#oi http://ex.org/variable#63	1
http://ex.org/variable#62 http://www.ibm.com/timex#oi http://ex.org/variable#64	1
http://ex.org/variable#62 http://www.ibm.com/timex#bi http://ex.org/variable#65	1
http://ex.org/variable#62 http://www.ibm.com/timex#oi http://ex.org/variable#66	1
http://ex.org/variable#62 http://www.ibm.com/timex#d http://ex.org/variable#67	1
http://ex.org/variable#62 http://www.ibm.com/timex#oi http://ex.org/variable#68	1
http://ex.org/variable#62 http://www.ibm.com/timex#oi http://ex.org/variable#69	1
http://ex.org/variable#62 http://www.ibm.com/timex#d http://ex.org/variable#70	1
http://ex.org/variable#62 http://www.ibm.com/timex#oi http://ex.org/variable#71	1
http://ex.org/variable#62 http://www.ibm.com/timex#di http://ex.org/variable#72	1
http://ex.org/variable#62 http://www.ibm.com/timex#oi http://ex.org/variable#73	1
http://ex.org/variable#62 http://www.ibm.com/timex#oi http://ex.org/variable#74	1
http://ex.org/variable#62 http://www.ibm.com/timex#oi http://ex.org/variable#75	1
http://ex.org/variable#62 http://www.ibm.com/timex#oi http://ex.org/variable#76	1
http://ex.org/variable#62 http://www.ibm.com/timex#d http://ex.org/variable#77	1
http://ex.org/variable#62 http://www.ibm.com/timex#si http://ex.org/variable#78	1
http://ex.org/variable#62 http://www.ibm.com/timex#oi http://ex.org/variable#79	1
http://ex.org/variable#62 http://www.ibm.com/timex#oi http://ex.org/variable#80	1
http://ex.org/variable#62 http://www.ibm.com/timex#oi http://ex.org/variable#81	1
http://ex.org/variable#62 http://www.ibm.com/timex#oi http://ex.org/variable#82	1
http://ex.org/variable#62 http://www.ibm.com/timex#oi http://ex.org/variable#83	1
http://ex.org/variable#62 http://www.ibm.com/timex#di http://ex.org/variable#84	1
http://ex.org/variable#62 http://www.ibm.com/timex#di http://ex.org/variable#85	1
http://ex.org/variable#62 http://www.ibm.com/timex#d http://ex.org/variable#86	1
http://ex.org/variable#62 http://www.ibm.com/timex#di http://ex.org/variable#87	1
http://ex.org/variable#62 http://www.ibm.com/timex#di http://ex.org/variable#88	1
http://ex.org/variable#62 http://www.ibm.com/timex#oi http://ex.org/variable#89	1
http://ex.org/variable#62 http://www.ibm.com/timex#di http://ex.org/variable#90	1
http://ex.org/variable#62 http://www.ibm.com/timex#oi http://ex.org/variable#91	1
http://ex.org/variable#62 http://www.ibm.com/timex#o http://ex.org/variable#92	1
http://ex.org/variable#62 http://www.ibm.com/timex#oi http://ex.org/variable#93	1
http://ex.org/variable#62 http://www.ibm.com/timex#oi http://ex.org/variable#94	1
http://ex.org/variable#62 http://www.ibm.com/timex#di http://ex.org/variable#95	1
http://ex.org/variable#62 http://www.ibm.com/timex#bi http://ex.org/variable#96	1
http://ex.org/variable#62 http://www.ibm.com/timex#di http://ex.org/variable#97	1
http://ex.org/variable#62 http://www.ibm.com/timex#di http://ex.org/variable#98	1
http://ex.org/variable#62 http://www.ibm.com/timex#di http://ex.org/variable#99	1
http://ex.org/variable#62 http://www.ibm.com/timex#oi http://ex.org/variable#100	1
http://ex.org/variable#62 http://www.ibm.com/timex#oi http://ex.org/variable#101	1
http://ex.org/variable#62 http://www.ibm.com/timex#di http://ex.org/variable#102	1
http://ex.org/variable#62 http://www.ibm.com/timex#oi http://ex.org/variable#103	1
http://ex.org/variable#62 http://www.ibm.com/timex#di http://ex.org/variable#104	1
http://ex.org/variable#62 http://www.ibm.com/timex#oi http://ex.org/variable#105	1
http://ex.org/variable#62 http://www.ibm.com/timex#oi http://ex.org/variable#106	1
http://ex.org/variable#62 http://www.ibm.com/timex#di http://ex.org/variable#107	1
http://ex.org/variable#62 http://www.ibm.com/timex#di http://ex.org/variable#108	1
http://ex.org/variable#62 http://www.ibm.com/timex#di http://ex.org/variable#109	1
http://ex.org/variable#62 http://www.ibm.com/timex#oi http://ex.org/variable#110	1
http://ex.org/variable#62 http://www.ibm.com/timex#oi http://ex.org/variable#111	1
http://ex.org/variable#62 http://www.ibm.com/timex#oi http://ex.org/variable#112	1
http://ex.org/variable#62 http://www.ibm.com/timex#di http://ex.org/variable#113	1
http://ex.org/variable#62 http://www.ibm.com/timex#oi http://ex.org/variable#114	1
http://ex.org/variable#62 http://www.ibm.com/timex#di http://ex.org/variable#115	1
http://ex.org/variable#62 http://www.ibm.com/timex#di http://ex.org/variable#116	1
http://ex.org/variable#62 http://www.ibm.com/timex#oi http://ex.org/variable#117	1
http://ex.org/variable#62 http://www.ibm.com/timex#oi http://ex.org/variable#118	1
http://ex.org/variable#62 http://www.ibm.com/timex#oi http://ex.org/variable#119	1
http://ex.org/variable#62 http://www.ibm.com/timex#oi http://ex.org/variable#120	1
http://ex.org/variable#62 http://www.ibm.com/timex#di http://ex.org/variable#121	1
http://ex.org/variable#62 http://www.ibm.com/timex#oi http://ex.org/variable#122	1
http://ex.org/variable#62 http://www.ibm.com/timex#di http://ex.org/variable#123	1
http://ex.org/variable#62 http://www.ibm.com/timex#oi http://ex.org/variable#124	1
http://ex.org/variable#62 http://www.ibm.com/timex#oi http://ex.org/variable#125	1
http://ex.org/variable#62 http://www.ibm.com/timex#di http://ex.org/variable#126	1
http://ex.org/variable#62 http://www.ibm.com/timex#di http://ex.org/variable#127	1
http://ex.org/variable#62 http://www.ibm.com/timex#di http://ex.org/variable#128	1
http://ex.org/variable#62 http://www.ibm.com/timex#oi http://ex.org/variable#129	1
http://ex.org/variable#62 http://www.ibm.com/timex#oi http://ex.org/variable#130	1
http://ex.org/variable#62 http://www.ibm.com/timex#o http://ex.org/variable#131	1
http://ex.org/variable#62 http://www.ibm.com/timex#oi http://ex.org/variable#132	1
http://ex.org/variable#62 http://www.ibm.com/timex#o http://ex.org/variable#133	1
http://ex.org/variable#62 http://www.ibm.com/timex#oi http://ex.org/variable#134	1
http://ex.org/variable#62 http://www.ibm.com/timex#d http://ex.org/variable#135	1
http://ex.org/variable#62 http://www.ibm.com/timex#d http://ex.org/variable#136	1
http://ex.org/variable#62 http://www.ibm.com/timex#di http://ex.org/variable#137	1
http://ex.org/variable#62 http://www.ibm.com/timex#di http://ex.org/variable#138	1
http://ex.org/variable#62 http://www.ibm.com/timex#oi http://ex.org/variable#139	1
http://ex.org/variable#62 http://www.ibm.com/timex#di http://ex.org/variable#140	1
http://ex.org/variable#62 http://www.ibm.com/timex#oi_d_f http://ex.org/variable#141	1
http://ex.org/variable#62 http://www.ibm.com/timex#oi http://ex.org/variable#142	1
http://ex.org/variable#62 http://www.ibm.com/timex#oi http://ex.org/variable#143	1
http://ex.org/variable#62 http://www.ibm.com/timex#di_si http://ex.org/variable#144	1
http://ex.org/variable#62 http://www.ibm.com/timex#di http://ex.org/variable#145	1
http://ex.org/variable#62 http://www.ibm.com/timex#o http://ex.org/variable#146	1
http://ex.org/variable#62 http://www.ibm.com/timex#oi http://ex.org/variable#147	1
http://ex.org/variable#62 http://www.ibm.com/timex#oi http://ex.org/variable#148	1
http://ex.org/variable#62 http://www.ibm.com/timex#oi http://ex.org/variable#149	1
http://ex.org/variable#62 http://www.ibm.com/timex#o http://ex.org/variable#150	1
http://ex.org/variable#62 http://www.ibm.com/timex#oi http://ex.org/variable#151	1
http://ex.org/variable#62 http://www.ibm.com/timex#bi http://ex.org/variable#152	1
http://ex.org/variable#62 http://www.ibm.com/timex#d http://ex.org/variable#153	1
http://ex.org/variable#62 http://www.ibm.com/timex#di http://ex.org/variable#154	1
http://ex.org/variable#62 http://www.ibm.com/timex#oi http://ex.org/variable#155	1
http://ex.org/variable#62 http://www.ibm.com/timex#oi http://ex.org/variable#156	1
http://ex.org/variable#62 http://www.ibm.com/timex#bi http://ex.org/variable#157	1
http://ex.org/variable#62 http://www.ibm.com/timex#oi http://ex.org/variable#158	1
http://ex.org/variable#62 http://www.ibm.com/timex#o http://ex.org/variable#159	1
http://ex.org/variable#62 http://www.ibm.com/timex#oi http://ex.org/variable#160	1
http://ex.org/variable#62 http://www.ibm.com/timex#di http://ex.org/variable#161	1
http://ex.org/variable#62 http://www.ibm.com/timex#oi http://ex.org/variable#162	1
http://ex.org/variable#62 http://www.ibm.com/timex#di http://ex.org/variable#163	1
http://ex.org/variable#62 http://www.ibm.com/timex#di http://ex.org/variable#164	1
http://ex.org/variable#62 http://www.ibm.com/timex#di http://ex.org/variable#165	1
http://ex.org/variable#62 http://www.ibm.com/timex#oi http://ex.org/variable#166	1
http://ex.org/variable#62 http://www.ibm.com/timex#oi http://ex.org/variable#167	1
http://ex.org/variable#62 http://www.ibm.com/timex#di http://ex.org/variable#168	1
http://ex.org/variable#62 http://www.ibm.com/timex#oi http://ex.org/variable#169	1
http://ex.org/variable#62 http://www.ibm.com/timex#di http://ex.org/variable#170	1
http://ex.org/variable#62 http://www.ibm.com/timex#oi http://ex.org/variable#171	1
http://ex.org/variable#62 http://www.ibm.com/timex#bi http://ex.org/variable#172	1
http://ex.org/variable#62 http://www.ibm.com/timex#di http://ex.org/variable#173	1
http://ex.org/variable#62 http://www.ibm.com/timex#di http://ex.org/variable#174	1
http://ex.org/variable#62 http://www.ibm.com/timex#oi http://ex.org/variable#175	1
http://ex.org/variable#62 http://www.ibm.com/timex#o http://ex.org/variable#176	1
http://ex.org/variable#62 http://www.ibm.com/timex#oi http://ex.org/variable#177	1
http://ex.org/variable#62 http://www.ibm.com/timex#d http://ex.org/variable#178	1
http://ex.org/variable#62 http://www.ibm.com/timex#di http://ex.org/variable#179	1
http://ex.org/variable#62 http://www.ibm.com/timex#bi http://ex.org/variable#180	1
http://ex.org/variable#62 http://www.ibm.com/timex#oi http://ex.org/variable#181	1
http://ex.org/variable#62 http://www.ibm.com/timex#di http://ex.org/variable#182	1
http://ex.org/variable#62 http://www.ibm.com/timex#di http://ex.org/variable#183	1
http://ex.org/variable#62 http://www.ibm.com/timex#oi http://ex.org/variable#184	1
http://ex.org/variable#62 http://www.ibm.com/timex#oi_si http://ex.org/variable#185	1
http://ex.org/variable#62 http://www.ibm.com/timex#di http://ex.org/variable#186	1
http://ex.org/variable#62 http://www.ibm.com/timex#oi http://ex.org/variable#187	1
http://ex.org/variable#62 http://www.ibm.com/timex#di http://ex.org/variable#188	1
http://ex.org/variable#62 http://www.ibm.com/timex#di http://ex.org/variable#189	1
http://ex.org/variable#63 http://www.ibm.com/timex#o http://ex.org/variable#0	1
http://ex.org/variable#63 http://www.ibm.com/timex#o http://ex.org/variable#1	1
http://ex.org/variable#63 http://www.ibm.com/timex#o http://ex.org/variable#2	1
http://ex.org/variable#63 http://www.ibm.com/timex#di http://ex.org/variable#3	1
http://ex.org/variable#63 http://www.ibm.com/timex#o http://ex.org/variable#4	1
http://ex.org/variable#63 http://www.ibm.com/timex#di http://ex.org/variable#5	1
http://ex.org/variable#63 http://www.ibm.com/timex#o http://ex.org/variable#6	1
http://ex.org/variable#63 http://www.ibm.com/timex#o http://ex.org/variable#7	1
http://ex.org/variable#63 http://www.ibm.com/timex#oi_di_si http://ex.org/variable#8	1
http://ex.org/variable#63 http://www.ibm.com/timex#o http://ex.org/variable#9	1
http://ex.org/variable#63 http://www.ibm.com/timex#o http://ex.org/variable#10	1
http://ex.org/variable#63 http://www.ibm.com/timex#o http://ex.org/variable#11	1
http://ex.org/variable#63 http://www.ibm.com/timex#d http://ex.org/variable#12	1
http://ex.org/variable#63 http://www.ibm.com/timex#di http://ex.org/variable#13	1
http://ex.org/variable#63 http://www.ibm.com/timex#di http://ex.org/variable#14	1
http://ex.org/variable#63 http://www.ibm.com/timex#di http://ex.org/variable#15	1
http://ex.org/variable#63 http://www.ibm.com/timex#di http://ex.org/variable#16	1
http://ex.org/variable#63 http://www.ibm.com/timex#di http://ex.org/variable#17	1
http://ex.org/variable#63 http://www.ibm.com/timex#di http://ex.org/variable#18	1
http://ex.org/variable#63 http://www.ibm.com/timex#di http://ex.org/variable#19	1
http://ex.org/variable#63 http://www.ibm.com/timex#d http://ex.org/variable#20	1
http://ex.org/variable#63 http://www.ibm.com/timex#o http://ex.org/variable#21	1
http://ex.org/variable#63 http://www.ibm.com/timex#o http://ex.org/variable#22	1
http://ex.org/variable#63 http://www.ibm.com/timex#di http://ex.org/variable#23	1
http://ex.org/variable#63 http://www.ibm.com/timex#o_d_s http://ex.org/variable#24	1
http://ex.org/variable#63 http://www.ibm.com/timex#oi http://ex.org/variable#25	1
http://ex.org/variable#63 http://www.ibm.com/timex#o http://ex.org/variable#26	1
http://ex.org/variable#63 http://www.ibm.com/timex#oi http://ex.org/variable#27	1
http://ex.org/variable#63 http://www.ibm.com/timex#o http://ex.org/variable#28	1
http://ex.org/variable#63 http://www.ibm.com/timex#o http://ex.org/variable#29	1
http://ex.org/variable#63 http://www.ibm.com/timex#di http://ex.org/variable#30	1
http://ex.org/variable#63 http://www.ibm.com/timex#oi http://ex.org/variable#31	1
http://ex.org/variable#63 http://www.ibm.com/timex#oi http://ex.org/variable#32	1
http://ex.org/variable#63 http://www.ibm.com/timex#o http://ex.org/variable#33	1
http://ex.org/variable#63 http://www.ibm.com/timex#di http://ex.org/variable#34	1
http://ex.org/variable#63 http://www.ibm.com/timex#di http://ex.org/variable#35	1
http://ex.org/variable#63 http://www.ibm.com/timex#oi_si http://ex.org/variable#36	1
http://ex.org/variable#63 http://www.ibm.com/timex#di http://ex.org/variable#37	1
http://ex.org/variable#63 http://www.ibm.com/timex#di http://ex.org/variable#38	1
http://ex.org/variable#63 http://www.ibm.com/timex#di http://ex.org/variable#39	1
http://ex.org/variable#63 http://www.ibm.com/timex#oi_di_si http://ex.org/variable#40	1
http://ex.org/variable#63 http://www.ibm.com/timex#o http://ex.org/variable#41	1
http://ex.org/variable#63 http://www.ibm.com/timex#o http://ex.org/variable#42	1
http://ex.org/variable#63 http://www.ibm.com/timex#oi http://ex.org/variable#43	1
http://ex.org/variable#63 http://www.ibm.com/timex#o http://ex.org/variable#44	1
http://ex.org/variable#63 http://www.ibm.com/timex#o http://ex.org/variable#45	1
http://ex.org/variable#63 http://www.ibm.com/timex#oi http://ex.org/variable#46	1
http://ex.org/variable#63 http://www.ibm.com/timex#oi http://ex.org/variable#47	1
http://ex.org/variable#63 http://www.ibm.com/timex#di http://ex.org/variable#48	1
http://ex.org/variable#63 http://www.ibm.com/timex#oi http://ex.org/variable#49	1
http://ex.org/variable#63 http://www.ibm.com/timex#o http://ex.org/variable#50	1
http://ex.org/variable#63 http://www.ibm.com/timex#o_di_fi http://ex.org/variable#51	1
http://ex.org/variable#63 http://www.ibm.com/timex#oi_d_f http://ex.org/variable#52	1
http://ex.org/variable#63 http://www.ibm.com/timex#o http://ex.org/variable#53	1
http://ex.org/variable#63 http://www.ibm.com/timex#di http://ex.org/variable#54	1
http://ex.org/variable#63 http://www.ibm.com/timex#di http://ex.org/variable#55	1
http://ex.org/variable#63 http://www.ibm.com/timex#di http://ex.org/variable#56	1
http://ex.org/variable#63 http://www.ibm.com/timex#oi http://ex.org/variable#57	1
http://ex.org/variable#63 http://www.ibm.com/timex#di http://ex.org/variable#58	1
http://ex.org/variable#63 http://www.ibm.com/timex#o http://ex.org/variable#59	1
http://ex.org/variable#63 http://www.ibm.com/timex#o_s http://ex.org/variable#60	1
http://ex.org/variable#63 http://www.ibm.com/timex#d http://ex.org/variable#61	1
http://ex.org/variable#63 http://www.ibm.com/timex#o http://ex.org/variable#62	1
http://ex.org/variable#63 http://www.ibm.com/timex#d_s http://ex.org/variable#64	1
http://ex.org/variable#63 http://www.ibm.com/timex#di http://ex.org/variable#65	1
http://ex.org/variable#63 http://www.ibm.com/timex#oi http://ex.org/variable#66	1
http://ex.org/variable#63 http://www.ibm.com/timex#o http://ex.org/variable#67	1
http://ex.org/variable#63 http://www.ibm.com/timex#o http://ex.org/variable#68	1
http://ex.org/variable#63 http://www.ibm.com/timex#di http://ex.org/variable#69	1
http://ex.org/variable#63 http://www.ibm.com/timex#o http://ex.org/variable#70	1
http://ex.org/variable#63 http://www.ibm.com/timex#di http://ex.org/variable#71	1
http://ex.org/variable#63 http://www.ibm.com/timex#o http://ex.org/variable#72	1
http://ex.org/variable#63 http://www.ibm.com/timex#di http://ex.org/variable#73	1
http://ex.org/variable#63 http://www.ibm.com/timex#o http://ex.org/variable#74	1
http://ex.org/variable#63 http://www.ibm.com/timex#di http://ex.org/variable#75	1
http://ex.org/variable#63 http://www.ibm.com/timex#o http://ex.org/variable#76	1
http://ex.org/variable#63 http://www.ibm.com/timex#o http://ex.org/variable#77	1
http://ex.org/variable#63 http://www.ibm.com/timex#di http://ex.org/variable#78	1
http://ex.org/variable#63 http://www.ibm.com/timex#oi http://ex.org/variable#79	1
http://ex.org/variable#63 http://www.ibm.com/timex#d http://ex.org/variable#80	1
http://ex.org/variable#63 http://www.ibm.com/timex#oi http://ex.org/variable#81	1
http://ex.org/variable#63 http://www.ibm.com/timex#di http://ex.org/variable#82	1
http://ex.org/variable#63 http://www.ibm.com/timex#d http://ex.org/variable#83	1
http://ex.org/variable#63 http://www.ibm.com/timex#o http://ex.org/variable#84	1
http://ex.org/variable#63 http://www.ibm.com/timex#o http://ex.org/variable#85	1
http://ex.org/variable#63 http://www.ibm.com/timex#d http://ex.org/variable#86	1
http://ex.org/variable#63 http://www.ibm.com/timex#o http://ex.org/variable#87	1
http://ex.org/variable#63 http://www.ibm.com/timex#b http://ex.org/variable#88	1
http://ex.org/variable#63 http://www.ibm.com/timex#o http://ex.org/variable#89	1
http://ex.org/variable#63 http://www.ibm.com/timex#di http://ex.org/variable#90	1
http://ex.org/variable#63 http://www.ibm.com/timex#o http://ex.org/variable#91	1
http://ex.org/variable#63 http://www.ibm.com/timex#o http://ex.org/variable#92	1
http://ex.org/variable#63 http://www.ibm.com/timex#o http://ex.org/variable#93	1
http://ex.org/variable#63 http://www.ibm.com/timex#di http://ex.org/variable#94	1
http://ex.org/variable#63 http://www.ibm.com/timex#di http://ex.org/variable#95	1
http://ex.org/variable#63 http://www.ibm.com/timex#di http://ex.org/variable#96	1
http://ex.org/variable#63 http://www.ibm.com/timex#o http://ex.org/variable#97	1
http://ex.org/variable#63 http://www.ibm.com/timex#o http://ex.org/variable#98	1
http://ex.org/variable#63 http://www.ibm.com/timex#o http://ex.org/variable#99	1
http://ex.org/variable#63 http://www.ibm.com/timex#di http://ex.org/variable#100	1
http://ex.org/variable#63 http://www.ibm.com/timex#o http://ex.org/variable#101	1
http://ex.org/variable#63 http://www.ibm.com/timex#di http://ex.org/variable#102	1
http://ex.org/variable#63 http://www.ibm.com/timex#di http://ex.org/variable#103	1
http://ex.org/variable#63 http://www.ibm.com/timex#b http://ex.org/variable#104	1
http://ex.org/variable#63 http://www.ibm.com/timex#o http://ex.org/variable#105	1
http://ex.org/variable#63 http://www.ibm.com/timex#o_s http://ex.org/variable#106	1
http://ex.org/variable#63 http://www.ibm.com/timex#di http://ex.org/variable#107	1
http://ex.org/variable#63 http://www.ibm.com/timex#di http://ex.org/variable#108	1
http://ex.org/variable#63 http://www.ibm.com/timex#di http://ex.org/variable#109	1
http://ex.org/variable#63 http://www.ibm.com/timex#o_s http://ex.org/variable#110	1
http://ex.org/variable#63 http://www.ibm.com/timex#di http://ex.org/variable#111	1
http://ex.org/variable#63 http://www.ibm.com/timex#oi http://ex.org/variable#112	1
http://ex.org/variable#63 http://www.ibm.com/timex#di http://ex.org/variable#113	1
http://ex.org/variable#63 http://www.ibm.com/timex#o_fi http://ex.org/variable#114	1
http://ex.org/variable#63 http://www.ibm.com/timex#b http://ex.org/variable#115	1
http://ex.org/variable#63 http://www.ibm.com/timex#di http://ex.org/variable#116	1
http://ex.org/variable#63 http://www.ibm.com/timex#di http://ex.org/variable#117	1
http://ex.org/variable#63 http://www.ibm.com/timex#di http://ex.org/variable#118	1
http://ex.org/variable#63 http://www.ibm.com/timex#d http://ex.org/variable#119	1
http://ex.org/variable#63 http://www.ibm.com/timex#di http://ex.org/variable#120	1
http://ex.org/variable#63 http://www.ibm.com/timex#b http://ex.org/variable#121	1
http://ex.org/variable#63 http://www.ibm.com/timex#d_f http://ex.org/variable#122	1
http://ex.org/variable#63 http://www.ibm.com/timex#o http://ex.org/variable#123	1
http://ex.org/variable#63 http://www.ibm.com/timex#oi http://ex.org/variable#124	1
http://ex.org/variable#63 http://www.ibm.com/timex#oi http://ex.org/variable#125	1
http://ex.org/variable#63 http://www.ibm.com/timex#o http://ex.org/variable#126	1
http://ex.org/variable#63 http://www.ibm.com/timex#o http://ex.org/variable#127	1
http://ex.org/variable#63 http://www.ibm.com/timex#o http://ex.org/variable#128	1
http://ex.org/variable#63 http://www.ibm.com/timex#oi http://ex.org/variable#129	1
http://ex.org/variable#63 http://www.ibm.com/timex#di http://ex.org/variable#130	1
http://ex.org/variable#63 http://www.ibm.com/timex#m_o http://ex.org/variable#131	1
http://ex.org/variable#63 http://www.ibm.com/timex#o http://ex.org/variable#132	1
http://ex.org/variable#63 http://www.ibm.com/timex#o http://ex.org/variable#133	1
http://ex.org/variable#63 http://www.ibm.com/timex#oi http://ex.org/variable#134	1
http://ex.org/variable#63 http://www.ibm.com/timex#o http://ex.org/variable#135	1
http://ex.org/variable#63 http://www.ibm.com/timex#o http://ex.org/variable#136	1
http://ex.org/variable#63 http://www.ibm.com/timex#di http://ex.org/variable#137	1
http://ex.org/variable#63 http://www.ibm.com/timex#o http://ex.org/variable#138	1
http://ex.org/variable#63 http://www.ibm.com/timex#di http://ex.org/variable#139	1
http://ex.org/variable#63 http://www.ibm.com/timex#di http://ex.org/variable#140	1
http://ex.org/variable#63 http://www.ibm.com/timex#d http://ex.org/variable#141	1
http://ex.org/variable#63 http://www.ibm.com/timex#di http://ex.org/variable#142	1
http://ex.org/variable#63 http://www.ibm.com/timex#o http://ex.org/variable#143	1
http://ex.org/variable#63 http://www.ibm.com/timex#o http://ex.org/variable#144	1
http://ex.org/variable#63 http://www.ibm.com/timex#o http://ex.org/variable#145	1
http://ex.org/variable#63 http://www.ibm.com/timex#o http://ex.org/variable#146	1
http://ex.org/variable#63 http://www.ibm.com/timex#di http://ex.org/variable#147	1
http://ex.org/variable#63 http://www.ibm.com/timex#o_di_fi http://ex.org/variable#148	1
http://ex.org/variable#63 http://www.ibm.com/timex#oi http://ex.org/variable#149	1
http://ex.org/variable#63 http://www.ibm.com/timex#o http://ex.org/variable#150	1
http://ex.org/variable#63 http://www.ibm.com/timex#o http://ex.org/variable#151	1
http://ex.org/variable#63 http://www.ibm.com/timex#di http://ex.org/variable#152	1
http://ex.org/variable#63 http://www.ibm.com/timex#o http://ex.org/variable#153	1
http://ex.org/variable#63 http://www.ibm.com/timex#di http://ex.org/variable#154	1
http://ex.org/variable#63 http://www.ibm.com/timex#oi http://ex.org/variable#155	1
http://ex.org/variable#63 http://www.ibm.com/timex#o http://ex.org/variable#156	1
http://ex.org/variable#63 http://www.ibm.com/timex#di http://ex.org/variable#157	1
http://ex.org/variable#63 http://www.ibm.com/timex#di http://ex.org/variable#158	1
http://ex.org/variable#63 http://www.ibm.com/timex#o http://ex.org/variable#159	1
http://ex.org/variable#63 http://www.ibm.com/timex#o http://ex.org/variable#160	1
http://ex.org/variable#63 http://www.ibm.com/timex#di http://ex.org/variable#161	1
http://ex.org/variable#63 http://www.ibm.com/timex#di http://ex.org/variable#162	1
http://ex.org/variable#63 http://www.ibm.com/timex#o http://ex.org/variable#163	1
http://ex.org/variable#63 http://www.ibm.com/timex#o http://ex.org/variable#164	1
http://ex.org/variable#63 http://www.ibm.com/timex#di http://ex.org/variable#165	1
http://ex.org/variable#63 http://www.ibm.com/timex#oi http://ex.org/variable#166	1
http://ex.org/variable#63 http://www.ibm.com/timex#di http://ex.org/variable#167	1
http://ex.org/variable#63 http://www.ibm.com/timex#o http://ex.org/variable#168	1
http://ex.org/variable#63 http://www.ibm.com/timex#d_s http://ex.org/variable#169	1
http://ex.org/variable#63 http://www.ibm.com/timex#o http://ex.org/variable#170	1
http://ex.org/variable#63 http://www.ibm.com/timex#oi http://ex.org/variable#171	1
http://ex.org/variable#63 http://www.ibm.com/timex#oi http://ex.org/variable#172	1
http://ex.org/variable#63 http://www.ibm.com/timex#di_fi http://ex.org/variable#173	1
http://ex.org/variable#63 http://www.ibm.com/timex#o http://ex.org/variable#174	1
http://ex.org/variable#63 http://www.ibm.com/timex#di http://ex.org/variable#175	1
http://ex.org/variable#63 http://www.ibm.com/timex#o http://ex.org/variable#176	1
http://ex.org/variable#63 http://www.ibm.com/timex#o http://ex.org/variable#177	1
http://ex.org/variable#63 http://www.ibm.com/timex#o http://ex.org/variable#178	1
http://ex.org/variable#63 http://www.ibm.com/timex#o http://ex.org/variable#179	1
http://ex.org/variable#63 http://www.ibm.com/timex#di http://ex.org/variable#180	1
http://ex.org/variable#63 http://www.ibm.com/timex#di_si http://ex.org/variable#181	1
http://ex.org/variable#63 http://www.ibm.com/timex#di http://ex.org/variable#182	1
http://ex.org/variable#63 http://www.ibm.com/timex#o http://ex.org/variable#183	1
http://ex.org/variable#63 http://www.ibm.com/timex#di http://ex.org/variable#184	1
http://ex.org/variable#63 http://www.ibm.com/timex#o http://ex.org/variable#185	1
http://ex.org/variable#63 http://www.ibm.com/timex#o http://ex.org/variable#186	1
http://ex.org/variable#63 http://www.ibm.com/timex#d http://ex.org/variable#187	1
http://ex.org/variable#63 http://www.ibm.com/timex#di_fi http://ex.org/variable#188	1
http://ex.org/variable#63 http://www.ibm.com/timex#di http://ex.org/variable#189	1
http://ex.org/variable#64 http://www.ibm.com/timex#o http://ex.org/variable#0	1
http://ex.org/variable#64 http://www.ibm.com/timex#o http://ex.org/variable#1	1
http://ex.org/variable#64 http://www.ibm.com/timex#o http://ex.org/variable#2	1
http://ex.org/variable#64 http://www.ibm.com/timex#di http://ex.org/variable#3	1
http://ex.org/variable#64 http://www.ibm.com/timex#o http://ex.org/variable#4	1
http://ex.org/variable#64 http://www.ibm.com/timex#di http://ex.org/variable#5	1
http://ex.org/variable#64 http://www.ibm.com/timex#di http://ex.org/variable#6	1
http://ex.org/variable#64 http://www.ibm.com/timex#o http://ex.org/variable#7	1
http://ex.org/variable#64 http://www.ibm.com/timex#di_si http://ex.org/variable#8	1
http://ex.org/variable#64 http://www.ibm.com/timex#o http://ex.org/variable#9	1
http://ex.org/variable#64 http://www.ibm.com/timex#di http://ex.org/variable#10	1
http://ex.org/variable#64 http://www.ibm.com/timex#o_fi http://ex.org/variable#11	1
http://ex.org/variable#64 http://www.ibm.com/timex#d http://ex.org/variable#12	1
http://ex.org/variable#64 http://www.ibm.com/timex#di http://ex.org/variable#13	1
http://ex.org/variable#64 http://www.ibm.com/timex#di http://ex.org/variable#14	1
http://ex.org/variable#64 http://www.ibm.com/timex#di http://ex.org/variable#15	1
http://ex.org/variable#64 http://www.ibm.com/timex#di http://ex.org/variable#16	1
http://ex.org/variable#64 http://www.ibm.com/timex#di http://ex.org/variable#17	1
http://ex.org/variable#64 http://www.ibm.com/timex#di http://ex.org/variable#18	1
http://ex.org/variable#64 http://www.ibm.com/timex#di http://ex.org/variable#19	1
http://ex.org/variable#64 http://www.ibm.com/timex#d http://ex.org/variable#20	1
http://ex.org/variable#64 http://www.ibm.com/timex#di http://ex.org/variable#21	1
http://ex.org/variable#64 http://www.ibm.com/timex#o http://ex.org/variable#22	1
http://ex.org/variable#64 http://www.ibm.com/timex#di http://ex.org/variable#23	1
http://ex.org/variable#64 http://www.ibm.com/timex#o_d_s http://ex.org/variable#24	1
http://ex.org/variable#64 http://www.ibm.com/timex#oi http://ex.org/variable#25	1
http://ex.org/variable#64 http://www.ibm.com/timex#di http://ex.org/variable#26	1
http://ex.org/variable#64 http://www.ibm.com/timex#oi http://ex.org/variable#27	1
http://ex.org/variable#64 http://www.ibm.com/timex#di http://ex.org/variable#28	1
http://ex.org/variable#64 http://www.ibm.com/timex#di http://ex.org/variable#29	1
http://ex.org/variable#64 http://www.ibm.com/timex#di http://ex.org/variable#30	1
http://ex.org/variable#64 http://www.ibm.com/timex#oi http://ex.org/variable#31	1
http://ex.org/variable#64 http://www.ibm.com/timex#oi_si http://ex.org/variable#32	1
http://ex.org/variable#64 http://www.ibm.com/timex#o http://ex.org/variable#33	1
http://ex.org/variable#64 http://www.ibm.com/timex#di http://ex.org/variable#34	1
http://ex.org/variable#64 http://www.ibm.com/timex#di http://ex.org/variable#35	1
http://ex.org/variable#64 http://www.ibm.com/timex#si http://ex.org/variable#36	1
http://ex.org/variable#64 http://www.ibm.com/timex#di http://ex.org/variable#37	1
http://ex.org/variable#64 http://www.ibm.com/timex#di http://ex.org/variable#38	1
http://ex.org/variable#64 http://www.ibm.com/timex#di http://ex.org/variable#39	1
http://ex.org/variable#64 http://www.ibm.com/timex#oi_di_si http://ex.org/variable#40	1
http://ex.org/variable#64 http://www.ibm.com/timex#di http://ex.org/variable#41	1
http://ex.org/variable#64 http://www.ibm.com/timex#o http://ex.org/variable#42	1
http://ex.org/variable#64 http://www.ibm.com/timex#oi http://ex.org/variable#43	1
http://ex.org/variable#64 http://www.ibm.com/timex#di http://ex.org/variable#44	1
http://ex.org/variable#64 http://www.ibm.com/timex#o http://ex.org/variable#45	1
http://ex.org/variable#64 http://www.ibm.com/timex#oi http://ex.org/variable#46	1
http://ex.org/variable#64 http://www.ibm.com/timex#oi http://ex.org/variable#47	1
http://ex.org/variable#64 http://www.ibm.com/timex#di http://ex.org/variable#48	1
http://ex.org/variable#64 http://www.ibm.com/timex#oi http://ex.org/variable#49	1
http://ex.org/variable#64 http://www.ibm.com/timex#o http://ex.org/variable#50	1
http://ex.org/variable#64 http://www.ibm.com/timex#di http://ex.org/variable#51	1
http://ex.org/variable#64 http://www.ibm.com/timex#oi http://ex.org/variable#52	1
http://ex.org/variable#64 http://www.ibm.com/timex#di http://ex.org/variable#53	1
http://ex.org/variable#64 http://www.ibm.com/timex#di http://ex.org/variable#54	1
http://ex.org/variable#64 http://www.ibm.com/timex#di http://ex.org/variable#55	1
http://ex.org/variable#64 http://www.ibm.com/timex#di http://ex.org/variable#56	1
http://ex.org/variable#64 http://www.ibm.com/timex#oi http://ex.org/variable#57	1
http://ex.org/variable#64 http://www.ibm.com/timex#di http://ex.org/variable#58	1
http://ex.org/variable#64 http://www.ibm.com/timex#o http://ex.org/variable#59	1
http://ex.org/variable#64 http://www.ibm.com/timex#o http://ex.org/variable#60	1
http://ex.org/variable#64 http://www.ibm.com/timex#d http://ex.org/variable#61	1
http://ex.org/variable#64 http://www.ibm.com/timex#o http://ex.org/variable#62	1
http://ex.org/variable#64 http://www.ibm.com/timex#di_si http://ex.org/variable#63	1
http://ex.org/variable#64 http://www.ibm.com/timex#di http://ex.org/variable#65	1
http://ex.org/variable#64 http://www.ibm.com/timex#oi http://ex.org/variable#66	1
http://ex.org/variable#64 http://www.ibm.com/timex#o http://ex.org/variable#67	1
http://ex.org/variable#64 http://www.ibm.com/timex#o http://ex.org/variable#68	1
http://ex.org/variable#64 http://www.ibm.com/timex#di http://ex.org/variable#69	1
http://ex.org/variable#64 http://www.ibm.com/timex#o http://ex.org/variable#70	1
http://ex.org/variable#64 http://www.ibm.com/timex#di http://ex.org/variable#71	1
http://ex.org/variable#64 http://www.ibm.com/timex#di http://ex.org/variable#72	1
http://ex.org/variable#64 http://www.ibm.com/timex#di http://ex.org/variable#73	1
http://ex.org/variable#64 http://www.ibm.com/timex#o_di_fi http://ex.org/variable#74	1
http://ex.org/variable#64 http://www.ibm.com/timex#di http://ex.org/variable#75	1
http://ex.org/variable#64 http://www.ibm.com/timex#di http://ex.org/variable#76	1
http://ex.org/variable#64 http://www.ibm.com/timex#o http://ex.org/variable#77	1
http://ex.org/variable#64 http://www.ibm.com/timex#di http://ex.org/variable#78	1
http://ex.org/variable#64 http://www.ibm.com/timex#oi http://ex.org/variable#79	1
http://ex.org/variable#64 http://www.ibm.com/timex#d http://ex.org/variable#80	1
http://ex.org/variable#64 http://www.ibm.com/timex#oi http://ex.org/variable#81	1
http://ex.org/variable#64 http://www.ibm.com/timex#di http://ex.org/variable#82	1
http://ex.org/variable#64 http://www.ibm.com/timex#oi_d_f http://ex.org/variable#83	1
http://ex.org/variable#64 http://www.ibm.com/timex#di http://ex.org/variable#84	1
http://ex.org/variable#64 http://www.ibm.com/timex#di http://ex.org/variable#85	1
http://ex.org/variable#64 http://www.ibm.com/timex#d http://ex.org/variable#86	1
http://ex.org/variable#64 http://www.ibm.com/timex#o http://ex.org/variable#87	1
http://ex.org/variable#64 http://www.ibm.com/timex#di http://ex.org/variable#88	1
http://ex.org/variable#64 http://www.ibm.com/timex#o http://ex.org/variable#89	1
http://ex.org/variable#64 http://www.ibm.com/timex#di http://ex.org/variable#90	1
http://ex.org/variable#64 http://www.ibm.com/timex#o http://ex.org/variable#91	1
http://ex.org/variable#64 http://www.ibm.com/timex#o http://ex.org/variable#92	1
http://ex.org/variable#64 http://www.ibm.com/timex#di http://ex.org/variable#93	1
http://ex.org/variable#64 http://www.ibm.com/timex#di http://ex.org/variable#94	1
http://ex.org/variable#64 http://www.ibm.com/timex#di http://ex.org/variable#95	1
http://ex.org/variable#64 http://www.ibm.com/timex#di http://ex.org/variable#96	1
http://ex.org/variable#64 http://www.ibm.com/timex#di http://ex.org/variable#97	1
http://ex.org/variable#64 http://www.ibm.com/timex#o http://ex.org/variable#98	1
http://ex.org/variable#64 http://www.ibm.com/timex#di http://ex.org/variable#99	1
http://ex.org/variable#64 http://www.ibm.com/timex#di http://ex.org/variable#100	1
http://ex.org/variable#64 http://www.ibm.com/timex#o http://ex.org/variable#101	1
http://ex.org/variable#64 http://www.ibm.com/timex#di http://ex.org/variable#102	1
http://ex.org/variable#64 http://www.ibm.com/timex#di http://ex.org/variable#103	1
http://ex.org/variable#64 http://www.ibm.com/timex#di_fi http://ex.org/variable#104	1
http://ex.org/variable#64 http://www.ibm.com/timex#o_di_fi http://ex.org/variable#105	1
http://ex.org/variable#64 http://www.ibm.com/timex#o http://ex.org/variable#106	1
http://ex.org/variable#64 http://www.ibm.com/timex#di http://ex.org/variable#107	1
http://ex.org/variable#64 http://www.ibm.com/timex#di http://ex.org/variable#108	1
http://ex.org/variable#64 http://www.ibm.com/timex#di http://ex.org/variable#109	1
http://ex.org/variable#64 http://www.ibm.com/timex#o_di_fi http://ex.org/variable#110	1
http://ex.org/variable#64 http://www.ibm.com/timex#di http://ex.org/variable#111	1
http://ex.org/variable#64 http://www.ibm.com/timex#oi http://ex.org/variable#112	1
http://ex.org/variable#64 http://www.ibm.com/timex#di http://ex.org/variable#113	1
http://ex.org/variable#64 http://www.ibm.com/timex#di http://ex.org/variable#114	1
http://ex.org/variable#64 http://www.ibm.com/timex#di http://ex.org/variable#115	1
http://ex.org/variable#64 http://www.ibm.com/timex#di http://ex.org/variable#116	1
http://ex.org/variable#64 http://www.ibm.com/timex#di http://ex.org/variable#117	1
http://ex.org/variable#64 http://www.ibm.com/timex#di http://ex.org/variable#118	1
http://ex.org/variable#64 http://www.ibm.com/timex#oi_d_f http://ex.org/variable#119	1
http://ex.org/variable#64 http://www.ibm.com/timex#di http://ex.org/variable#120	1
http://ex.org/variable#64 http://www.ibm.com/timex#di http://ex.org/variable#121	1
http://ex.org/variable#64 http://www.ibm.com/timex#oi http://ex.org/variable#122	1
http://ex.org/variable#64 http://www.ibm.com/timex#o http://ex.org/variable#123	1
http://ex.org/variable#64 http://www.ibm.com/timex#oi http://ex.org/variable#124	1
http://ex.org/variable#64 http://www.ibm.com/timex#oi http://ex.org/variable#125	1
http://ex.org/variable#64 http://www.ibm.com/timex#di http://ex.org/variable#126	1
http://ex.org/variable#64 http://www.ibm.com/timex#di http://ex.org/variable#127	1
http://ex.org/variable#64 http://www.ibm.com/timex#o http://ex.org/variable#128	1
http://ex.org/variable#64 http://www.ibm.com/timex#oi http://ex.org/variable#129	1
http://ex.org/variable#64 http://www.ibm.com/timex#di http://ex.org/variable#130	1
http://ex.org/variable#64 http://www.ibm.com/timex#o http://ex.org/variable#131	1
http://ex.org/variable#64 http://www.ibm.com/timex#o_di_fi http://ex.org/variable#132	1
http://ex.org/variable#64 http://www.ibm.com/timex#o http://ex.org/variable#133	1
http://ex.org/variable#64 http://www.ibm.com/timex#oi http://ex.org/variable#134	1
http://ex.org/variable#64 http://www.ibm.com/timex#o http://ex.org/variable#135	1
http://ex.org/variable#64 http://www.ibm.com/timex#o http://ex.org/variable#136	1
http://ex.org/variable#64 http://www.ibm.com/timex#di http://ex.org/variable#137	1
http://ex.org/variable#64 http://www.ibm.com/timex#o_di_fi http://ex.org/variable#138	1
http://ex.org/variable#64 http://www.ibm.com/timex#di http://ex.org/variable#139	1
http://ex.org/variable#64 http://www.ibm.com/timex#di http://ex.org/variable#140	1
http://ex.org/variable#64 http://www.ibm.com/timex#d http://ex.org/variable#141	1
http://ex.org/variable#64 http://www.ibm.com/timex#di http://ex.org/variable#142	1
http://ex.org/variable#64 http://www.ibm.com/timex#o http://ex.org/variable#143	1
http://ex.org/variable#64 http://www.ibm.com/timex#o http://ex.org/variable#144	1
http://ex.org/variable#64 http://www.ibm.com/timex#di http://ex.org/variable#145	1
http://ex.org/variable#64 http://www.ibm.com/timex#o http://ex.org/variable#146	1
http://ex.org/variable#64 http://www.ibm.com/timex#di http://ex.org/variable#147	1
http://ex.org/variable#64 http://www.ibm.com/timex#di http://ex.org/variable#148	1
http://ex.org/variable#64 http://www.ibm.com/timex#oi http://ex.org/variable#149	1
http://ex.org/variable#64 http://www.ibm.com/timex#o http://ex.org/variable#150	1
http://ex.org/variable#64 http://www.ibm.com/timex#o http://ex.org/variable#151	1
http://ex.org/variable#64 http://www.ibm.com/timex#di http://ex.org/variable#152	1
http://ex.org/variable#64 http://www.ibm.com/timex#o http://ex.org/variable#153	1
http://ex.org/variable#64 http://www.ibm.com/timex#di http://ex.org/variable#154	1
http://ex.org/variable#64 http://www.ibm.com/timex#oi http://ex.org/variable#155	1
http://ex.org/variable#64 http://www.ibm.com/timex#di http://ex.org/variable#156	1
http://ex.org/variable#64 http://www.ibm.com/timex#di http://ex.org/variable#157	1
http://ex.org/variable#64 http://www.ibm.com/timex#di http://ex.org/variable#158	1
http://ex.org/variable#64 http://www.ibm.com/timex#o http://ex.org/variable#159	1
http://ex.org/variable#64 http://www.ibm.com/timex#di http://ex.org/variable#160	1
http://ex.org/variable#64 http://www.ibm.com/timex#di http://ex.org/variable#161	1
http://ex.org/variable#64 http://www.ibm.com/timex#di http://ex.org/variable#162	1
http://ex.org/variable#64 http://www.ibm.com/timex#di http://ex.org/variable#163	1
http://ex.org/variable#64 http://www.ibm.com/timex#o_fi http://ex.org/variable#164	1
http://ex.org/variable#64 http://www.ibm.com/timex#di http://ex.org/variable#165	1
http://ex.org/variable#64 http://www.ibm.com/timex#oi http://ex.org/variable#166	1
http://ex.org/variable#64 http://www.ibm.com/timex#di http://ex.org/variable#167	1
http://ex.org/variable#64 http://www.ibm.com/timex#o http://ex.org/variable#168	1
http://ex.org/variable#64 http://www.ibm.com/timex#oi_si http://ex.org/variable#169	1
http://ex.org/variable#64 http://www.ibm.com/timex#o_di_fi http://ex.org/variable#170	1
http://ex.org/variable#64 http://www.ibm.com/timex#oi http://ex.org/variable#171	1
http://ex.org/variable#64 http://www.ibm.com/timex#oi http://ex.org/variable#172	1
http://ex.org/variable#64 http://www.ibm.com/timex#di http://ex.org/variable#173	1
http://ex.org/variable#64 http://www.ibm.com/timex#di http://ex.org/variable#174	1
http://ex.org/variable#64 http://www.ibm.com/timex#di http://ex.org/variable#175	1
http://ex.org/variable#64 http://www.ibm.com/timex#o http://ex.org/variable#176	1
http://ex.org/variable#64 http://www.ibm.com/timex#di http://ex.org/variable#177	1
http://ex.org/variable#64 http://www.ibm.com/timex#o http://ex.org/variable#178	1
http://ex.org/variable#64 http://www.ibm.com/timex#o_di_fi http://ex.org/variable#179	1
http://ex.org/variable#64 http://www.ibm.com/timex#di http://ex.org/variable#180	1
http://ex.org/variable#64 http://www.ibm.com/timex#di http://ex.org/variable#181	1
http://ex.org/variable#64 http://www.ibm.com/timex#di http://ex.org/variable#182	1
http://ex.org/variable#64 http://www.ibm.com/timex#o_di_fi http://ex.org/variable#183	1
http://ex.org/variable#64 http://www.ibm.com/timex#di http://ex.org/variable#184	1
http://ex.org/variable#64 http://www.ibm.com/timex#di http://ex.org/variable#185	1
http://ex.org/variable#64 http://www.ibm.com/timex#di http://ex.org/variable#186	1
http://ex.org/variable#64 http://www.ibm.com/timex#oi http://ex.org/variable#187	1
http://ex.org/variable#64 http://www.ibm.com/timex#di http://ex.org/variable#188	1
http://ex.org/variable#64 http://www.ibm.com/timex#di http://ex.org/variable#189	1
http://ex.org/variable#65 http://www.ibm.com/timex#b http://ex.org/variable#0	1
http://ex.org/variable#65 http://www.ibm.com/timex#b http://ex.org/variable#1	1
http://ex.org/variable#65 http://www.ibm.com/timex#b http://ex.org/variable#2	1
http://ex.org/variable#65 http://www.ibm.com/timex#b http://ex.org/variable#3	1
http://ex.org/variable#65 http://www.ibm.com/timex#b http://ex.org/variable#4	1
http://ex.org/variable#65 http://www.ibm.com/timex#b_m http://ex.org/variable#5	1
http://ex.org/variable#65 http://www.ibm.com/timex#b http://ex.org/variable#6	1
http://ex.org/variable#65 http://www.ibm.com/timex#b http://ex.org/variable#7	1
http://ex.org/variable#65 http://www.ibm.com/timex#d http://ex.org/variable#8	1
http://ex.org/variable#65 http://www.ibm.com/timex#b http://ex.org/variable#9	1
http://ex.org/variable#65 http://www.ibm.com/timex#b http://ex.org/variable#10	1
http://ex.org/variable#65 http://www.ibm.com/timex#d http://ex.org/variable#11	1
http://ex.org/variable#65 http://www.ibm.com/timex#d http://ex.org/variable#12	1
http://ex.org/variable#65 http://www.ibm.com/timex#d http://ex.org/variable#13	1
http://ex.org/variable#65 http://www.ibm.com/timex#b http://ex.org/variable#14	1
http://ex.org/variable#65 http://www.ibm.com/timex#d http://ex.org/variable#15	1
http://ex.org/variable#65 http://www.ibm.com/timex#o_d http://ex.org/variable#16	1
http://ex.org/variable#65 http://www.ibm.com/timex#b http://ex.org/variable#17	1
http://ex.org/variable#65 http://www.ibm.com/timex#o http://ex.org/variable#18	1
http://ex.org/variable#65 http://www.ibm.com/timex#d http://ex.org/variable#19	1
http://ex.org/variable#65 http://www.ibm.com/timex#d http://ex.org/variable#20	1
http://ex.org/variable#65 http://www.ibm.com/timex#b http://ex.org/variable#21	1
http://ex.org/variable#65 http://www.ibm.com/timex#o http://ex.org/variable#22	1
http://ex.org/variable#65 http://www.ibm.com/timex#o_d_s http://ex.org/variable#23	1
http://ex.org/variable#65 http://www.ibm.com/timex#d http://ex.org/variable#24	1
http://ex.org/variable#65 http://www.ibm.com/timex#oi_d_f http://ex.org/variable#25	1
http://ex.org/variable#65 http://www.ibm.com/timex#b http://ex.org/variable#26	1
http://ex.org/variable#65 http://www.ibm.com/timex#d http://ex.org/variable#27	1
http://ex.org/variable#65 http://www.ibm.com/timex#b http://ex.org/variable#28	1
http://ex.org/variable#65 http://www.ibm.com/timex#b http://ex.org/variable#29	1
http://ex.org/variable#65 http://www.ibm.com/timex#b http://ex.org/variable#30	1
http://ex.org/variable#65 http://www.ibm.com/timex#d http://ex.org/variable#31	1
http://ex.org/variable#65 http://www.ibm.com/timex#d http://ex.org/variable#32	1
http://ex.org/variable#65 http://www.ibm.com/timex#b http://ex.org/variable#33	1
http://ex.org/variable#65 http://www.ibm.com/timex#d http://ex.org/variable#34	1
http://ex.org/variable#65 http://www.ibm.com/timex#b http://ex.org/variable#35	1
http://ex.org/variable#65 http://www.ibm.com/timex#d http://ex.org/variable#36	1
http://ex.org/variable#65 http://www.ibm.com/timex#d http://ex.org/variable#37	1
http://ex.org/variable#65 http://www.ibm.com/timex#d http://ex.org/variable#38	1
http://ex.org/variable#65 http://www.ibm.com/timex#b http://ex.org/variable#39	1
http://ex.org/variable#65 http://www.ibm.com/timex#d http://ex.org/variable#40	1
http://ex.org/variable#65 http://www.ibm.com/timex#o_d_s http://ex.org/variable#41	1
http://ex.org/variable#65 http://www.ibm.com/timex#b http://ex.org/variable#42	1
http://ex.org/variable#65 http://www.ibm.com/timex#d http://ex.org/variable#43	1
http://ex.org/variable#65 http://www.ibm.com/timex#d http://ex.org/variable#44	1
http://ex.org/variable#65 http://www.ibm.com/timex#b http://ex.org/variable#45	1
http://ex.org/variable#65 http://www.ibm.com/timex#d http://ex.org/variable#46	1
http://ex.org/variable#65 http://www.ibm.com/timex#d http://ex.org/variable#47	1
http://ex.org/variable#65 http://www.ibm.com/timex#b http://ex.org/variable#48	1
http://ex.org/variable#65 http://www.ibm.com/timex#d http://ex.org/variable#49	1
http://ex.org/variable#65 http://www.ibm.com/timex#b http://ex.org/variable#50	1
http://ex.org/variable#65 http://www.ibm.com/timex#b http://ex.org/variable#51	1
http://ex.org/variable#65 http://www.ibm.com/timex#d http://ex.org/variable#52	1
http://ex.org/variable#65 http://www.ibm.com/timex#d http://ex.org/variable#53	1
http://ex.org/variable#65 http://www.ibm.com/timex#o http://ex.org/variable#54	1
http://ex.org/variable#65 http://www.ibm.com/timex#b http://ex.org/variable#55	1
http://ex.org/variable#65 http://www.ibm.com/timex#b http://ex.org/variable#56	1
http://ex.org/variable#65 http://www.ibm.com/timex#d http://ex.org/variable#57	1
http://ex.org/variable#65 http://www.ibm.com/timex#o_d http://ex.org/variable#58	1
http://ex.org/variable#65 http://www.ibm.com/timex#d http://ex.org/variable#59	1
http://ex.org/variable#65 http://www.ibm.com/timex#d http://ex.org/variable#60	1
http://ex.org/variable#65 http://www.ibm.com/timex#d http://ex.org/variable#61	1
http://ex.org/variable#65 http://www.ibm.com/timex#b http://ex.org/variable#62	1
http://ex.org/variable#65 http://www.ibm.com/timex#d http://ex.org/variable#63	1
http://ex.org/variable#65 http://www.ibm.com/timex#d http://ex.org/variable#64	1
http://ex.org/variable#65 http://www.ibm.com/timex#d http://ex.org/variable#66	1
http://ex.org/variable#65 http://www.ibm.com/timex#o http://ex.org/variable#67	1
http://ex.org/variable#65 http://www.ibm.com/timex#b http://ex.org/variable#68	1
http://ex.org/variable#65 http://www.ibm.com/timex#b http://ex.org/variable#69	1
http://ex.org/variable#65 http://www.ibm.com/timex#o http://ex.org/variable#70	1
http://ex.org/variable#65 http://www.ibm.com/timex#d http://ex.org/variable#71	1
http://ex.org/variable#65 http://www.ibm.com/timex#b http://ex.org/variable#72	1
http://ex.org/variable#65 http://www.ibm.com/timex#o http://ex.org/variable#73	1
http://ex.org/variable#65 http://www.ibm.com/timex#o http://ex.org/variable#74	1
http://ex.org/variable#65 http://www.ibm.com/timex#d http://ex.org/variable#75	1
http://ex.org/variable#65 http://www.ibm.com/timex#b http://ex.org/variable#76	1
http://ex.org/variable#65 http://www.ibm.com/timex#o http://ex.org/variable#77	1
http://ex.org/variable#65 http://www.ibm.com/timex#b http://ex.org/variable#78	1
http://ex.org/variable#65 http://www.ibm.com/timex#d http://ex.org/variable#79	1
http://ex.org/variable#65 http://www.ibm.com/timex#d http://ex.org/variable#80	1
http://ex.org/variable#65 http://www.ibm.com/timex#d http://ex.org/variable#81	1
http://ex.org/variable#65 http://www.ibm.com/timex#m_o http://ex.org/variable#82	1
http://ex.org/variable#65 http://www.ibm.com/timex#d http://ex.org/variable#83	1
http://ex.org/variable#65 http://www.ibm.com/timex#b http://ex.org/variable#84	1
http://ex.org/variable#65 http://www.ibm.com/timex#b http://ex.org/variable#85	1
http://ex.org/variable#65 http://www.ibm.com/timex#d http://ex.org/variable#86	1
http://ex.org/variable#65 http://www.ibm.com/timex#b http://ex.org/variable#87	1
http://ex.org/variable#65 http://www.ibm.com/timex#b http://ex.org/variable#88	1
http://ex.org/variable#65 http://www.ibm.com/timex#b http://ex.org/variable#89	1
http://ex.org/variable#65 http://www.ibm.com/timex#b http://ex.org/variable#90	1
http://ex.org/variable#65 http://www.ibm.com/timex#o_d_s http://ex.org/variable#91	1
http://ex.org/variable#65 http://www.ibm.com/timex#b http://ex.org/variable#92	1
http://ex.org/variable#65 http://www.ibm.com/timex#b http://ex.org/variable#93	1
http://ex.org/variable#65 http://www.ibm.com/timex#d http://ex.org/variable#94	1
http://ex.org/variable#65 http://www.ibm.com/timex#b http://ex.org/variable#95	1
http://ex.org/variable#65 http://www.ibm.com/timex#o http://ex.org/variable#96	1
http://ex.org/variable#65 http://www.ibm.com/timex#b http://ex.org/variable#97	1
http://ex.org/variable#65 http://www.ibm.com/timex#b http://ex.org/variable#98	1
http://ex.org/variable#65 http://www.ibm.com/timex#b http://ex.org/variable#99	1
http://ex.org/variable#65 http://www.ibm.com/timex#d http://ex.org/variable#100	1
http://ex.org/variable#65 http://www.ibm.com/timex#b http://ex.org/variable#101	1
http://ex.org/variable#65 http://www.ibm.com/timex#b http://ex.org/variable#102	1
http://ex.org/variable#65 http://www.ibm.com/timex#d http://ex.org/variable#103	1
http://ex.org/variable#65 http://www.ibm.com/timex#b http://ex.org/variable#104	1
http://ex.org/variable#65 http://www.ibm.com/timex#o http://ex.org/variable#105	1
http://ex.org/variable#65 http://www.ibm.com/timex#d http://ex.org/variable#106	1
http://ex.org/variable#65 http://www.ibm.com/timex#b http://ex.org/variable#107	1
http://ex.org/variable#65 http://www.ibm.com/timex#b http://ex.org/variable#108	1
http://ex.org/variable#65 http://www.ibm.com/timex#b http://ex.org/variable#109	1
http://ex.org/variable#65 http://www.ibm.com/timex#d http://ex.org/variable#110	1
http://ex.org/variable#65 http://www.ibm.com/timex#b http://ex.org/variable#111	1
http://ex.org/variable#65 http://www.ibm.com/timex#d http://ex.org/variable#112	1
http://ex.org/variable#65 http://www.ibm.com/timex#b http://ex.org/variable#113	1
http://ex.org/variable#65 http://www.ibm.com/timex#d http://ex.org/variable#114	1
http://ex.org/variable#65 http://www.ibm.com/timex#b http://ex.org/variable#115	1
http://ex.org/variable#65 http://www.ibm.com/timex#b http://ex.org/variable#116	1
http://ex.org/variable#65 http://www.ibm.com/timex#d http://ex.org/variable#117	1
http://ex.org/variable#65 http://www.ibm.com/timex#d http://ex.org/variable#118	1
http://ex.org/variable#65 http://www.ibm.com/timex#d http://ex.org/variable#119	1
http://ex.org/variable#65 http://www.ibm.com/timex#o_d http://ex.org/variable#120	1
http://ex.org/variable#65 http://www.ibm.com/timex#b http://ex.org/variable#121	1
http://ex.org/variable#65 http://www.ibm.com/timex#d http://ex.org/variable#122	1
http://ex.org/variable#65 http://www.ibm.com/timex#b http://ex.org/variable#123	1
http://ex.org/variable#65 http://www.ibm.com/timex#d http://ex.org/variable#124	1
http://ex.org/variable#65 http://www.ibm.com/timex#d http://ex.org/variable#125	1
http://ex.org/variable#65 http://www.ibm.com/timex#b http://ex.org/variable#126	1
http://ex.org/variable#65 http://www.ibm.com/timex#b http://ex.org/variable#127	1
http://ex.org/variable#65 http://www.ibm.com/timex#b http://ex.org/variable#128	1
http://ex.org/variable#65 http://www.ibm.com/timex#d http://ex.org/variable#129	1
http://ex.org/variable#65 http://www.ibm.com/timex#b http://ex.org/variable#130	1
http://ex.org/variable#65 http://www.ibm.com/timex#b http://ex.org/variable#131	1
http://ex.org/variable#65 http://www.ibm.com/timex#d http://ex.org/variable#132	1
http://ex.org/variable#65 http://www.ibm.com/timex#b http://ex.org/variable#133	1
http://ex.org/variable#65 http://www.ibm.com/timex#d http://ex.org/variable#134	1
http://ex.org/variable#65 http://www.ibm.com/timex#o_d http://ex.org/variable#135	1
http://ex.org/variable#65 http://www.ibm.com/timex#o http://ex.org/variable#136	1
http://ex.org/variable#65 http://www.ibm.com/timex#b http://ex.org/variable#137	1
http://ex.org/variable#65 http://www.ibm.com/timex#b http://ex.org/variable#138	1
http://ex.org/variable#65 http://www.ibm.com/timex#b http://ex.org/variable#139	1
http://ex.org/variable#65 http://www.ibm.com/timex#b http://ex.org/variable#140	1
http://ex.org/variable#65 http://www.ibm.com/timex#d http://ex.org/variable#141	1
http://ex.org/variable#65 http://www.ibm.com/timex#d http://ex.org/variable#142	1
http://ex.org/variable#65 http://www.ibm.com/timex#d http://ex.org/variable#143	1
http://ex.org/variable#65 http://www.ibm.com/timex#b http://ex.org/variable#144	1
http://ex.org/variable#65 http://www.ibm.com/timex#b http://ex.org/variable#145	1
http://ex.org/variable#65 http://www.ibm.com/timex#b http://ex.org/variable#146	1
http://ex.org/variable#65 http://www.ibm.com/timex#o_d_s http://ex.org/variable#147	1
http://ex.org/variable#65 http://www.ibm.com/timex#b http://ex.org/variable#148	1
http://ex.org/variable#65 http://www.ibm.com/timex#d http://ex.org/variable#149	1
http://ex.org/variable#65 http://www.ibm.com/timex#b http://ex.org/variable#150	1
http://ex.org/variable#65 http://www.ibm.com/timex#b http://ex.org/variable#151	1
http://ex.org/variable#65 http://www.ibm.com/timex#d http://ex.org/variable#152	1
http://ex.org/variable#65 http://www.ibm.com/timex#o_d_s http://ex.org/variable#153	1
http://ex.org/variable#65 http://www.ibm.com/timex#b http://ex.org/variable#154	1
http://ex.org/variable#65 http://www.ibm.com/timex#d http://ex.org/variable#155	1
http://ex.org/variable#65 http://www.ibm.com/timex#o http://ex.org/variable#156	1
http://ex.org/variable#65 http://www.ibm.com/timex#oi_di_si http://ex.org/variable#157	1
http://ex.org/variable#65 http://www.ibm.com/timex#d http://ex.org/variable#158	1
http://ex.org/variable#65 http://www.ibm.com/timex#b http://ex.org/variable#159	1
http://ex.org/variable#65 http://www.ibm.com/timex#b http://ex.org/variable#160	1
http://ex.org/variable#65 http://www.ibm.com/timex#b http://ex.org/variable#161	1
http://ex.org/variable#65 http://www.ibm.com/timex#d http://ex.org/variable#162	1
http://ex.org/variable#65 http://www.ibm.com/timex#b http://ex.org/variable#163	1
http://ex.org/variable#65 http://www.ibm.com/timex#b http://ex.org/variable#164	1
http://ex.org/variable#65 http://www.ibm.com/timex#b http://ex.org/variable#165	1
http://ex.org/variable#65 http://www.ibm.com/timex#d http://ex.org/variable#166	1
http://ex.org/variable#65 http://www.ibm.com/timex#d http://ex.org/variable#167	1
http://ex.org/variable#65 http://www.ibm.com/timex#b http://ex.org/variable#168	1
http://ex.org/variable#65 http://www.ibm.com/timex#d http://ex.org/variable#169	1
http://ex.org/variable#65 http://www.ibm.com/timex#b http://ex.org/variable#170	1
http://ex.org/variable#65 http://www.ibm.com/timex#d http://ex.org/variable#171	1
http://ex.org/variable#65 http://www.ibm.com/timex#oi http://ex.org/variable#172	1
http://ex.org/variable#65 http://www.ibm.com/timex#b http://ex.org/variable#173	1
http://ex.org/variable#65 http://www.ibm.com/timex#b http://ex.org/variable#174	1
http://ex.org/variable#65 http://www.ibm.com/timex#d http://ex.org/variable#175	1
http://ex.org/variable#65 http://www.ibm.com/timex#b http://ex.org/variable#176	1
http://ex.org/variable#65 http://www.ibm.com/timex#b http://ex.org/variable#177	1
http://ex.org/variable#65 http://www.ibm.com/timex#b http://ex.org/variable#178	1
http://ex.org/variable#65 http://www.ibm.com/timex#b http://ex.org/variable#179	1
http://ex.org/variable#65 http://www.ibm.com/timex#b_m http://ex.org/variable#180	1
http://ex.org/variable#65 http://www.ibm.com/timex#d http://ex.org/variable#181	1
http://ex.org/variable#65 http://www.ibm.com/timex#b http://ex.org/variable#182	1
http://ex.org/variable#65 http://www.ibm.com/timex#b http://ex.org/variable#183	1
http://ex.org/variable#65 http://www.ibm.com/timex#d http://ex.org/variable#184	1
http://ex.org/variable#65 http://www.ibm.com/timex#b http://ex.org/variable#185	1
http://ex.org/variable#65 http://www.ibm.com/timex#b http://ex.org/variable#186	1
http://ex.org/variable#65 http://www.ibm.com/timex#d http://ex.org/variable#187	1
http://ex.org/variable#65 http://www.ibm.com/timex#b http://ex.org/variable#188	1
http://ex.org/variable#65 http://www.ibm.com/timex#b http://ex.org/variable#189	1
http://ex.org/variable#66 http://www.ibm.com/timex#o http://ex.org/variable#0	1
http://ex.org/variable#66 http://www.ibm.com/timex#b http://ex.org/variable#1	1
http://ex.org/variable#66 http://www.ibm.com/timex#o http://ex.org/variable#2	1
http://ex.org/variable#66 http://www.ibm.com/timex#b http://ex.org/variable#3	1
http://ex.org/variable#66 http://www.ibm.com/timex#o http://ex.org/variable#4	1
http://ex.org/variable#66 http://www.ibm.com/timex#o http://ex.org/variable#5	1
http://ex.org/variable#66 http://www.ibm.com/timex#b http://ex.org/variable#6	1
http://ex.org/variable#66 http://www.ibm.com/timex#o http://ex.org/variable#7	1
http://ex.org/variable#66 http://www.ibm.com/timex#di http://ex.org/variable#8	1
http://ex.org/variable#66 http://www.ibm.com/timex#b http://ex.org/variable#9	1
http://ex.org/variable#66 http://www.ibm.com/timex#o http://ex.org/variable#10	1
http://ex.org/variable#66 http://www.ibm.com/timex#o http://ex.org/variable#11	1
http://ex.org/variable#66 http://www.ibm.com/timex#o http://ex.org/variable#12	1
http://ex.org/variable#66 http://www.ibm.com/timex#o http://ex.org/variable#13	1
http://ex.org/variable#66 http://www.ibm.com/timex#b http://ex.org/variable#14	1
http://ex.org/variable#66 http://www.ibm.com/timex#o http://ex.org/variable#15	1
http://ex.org/variable#66 http://www.ibm.com/timex#o http://ex.org/variable#16	1
http://ex.org/variable#66 http://www.ibm.com/timex#b http://ex.org/variable#17	1
http://ex.org/variable#66 http://www.ibm.com/timex#o http://ex.org/variable#18	1
http://ex.org/variable#66 http://www.ibm.com/timex#o http://ex.org/variable#19	1
http://ex.org/variable#66 http://www.ibm.com/timex#o http://ex.org/variable#20	1
http://ex.org/variable#66 http://www.ibm.com/timex#b http://ex.org/variable#21	1
http://ex.org/variable#66 http://www.ibm.com/timex#o http://ex.org/variable#22	1
http://ex.org/variable#66 http://www.ibm.com/timex#o http://ex.org/variable#23	1
http://ex.org/variable#66 http://www.ibm.com/timex#o http://ex.org/variable#24	1
http://ex.org/variable#66 http://www.ibm.com/timex#di http://ex.org/variable#25	1
http://ex.org/variable#66 http://www.ibm.com/timex#b http://ex.org/variable#26	1
http://ex.org/variable#66 http://www.ibm.com/timex#o_s http://ex.org/variable#27	1
http://ex.org/variable#66 http://www.ibm.com/timex#b http://ex.org/variable#28	1
http://ex.org/variable#66 http://www.ibm.com/timex#o http://ex.org/variable#29	1
http://ex.org/variable#66 http://www.ibm.com/timex#b http://ex.org/variable#30	1
http://ex.org/variable#66 http://www.ibm.com/timex#o_d_s http://ex.org/variable#31	1
http://ex.org/variable#66 http://www.ibm.com/timex#di_fi http://ex.org/variable#32	1
http://ex.org/variable#66 http://www.ibm.com/timex#b http://ex.org/variable#33	1
http://ex.org/variable#66 http://www.ibm.com/timex#o http://ex.org/variable#34	1
http://ex.org/variable#66 http://www.ibm.com/timex#o http://ex.org/variable#35	1
http://ex.org/variable#66 http://www.ibm.com/timex#o http://ex.org/variable#36	1
http://ex.org/variable#66 http://www.ibm.com/timex#o_di_fi http://ex.org/variable#37	1
http://ex.org/variable#66 http://www.ibm.com/timex#o http://ex.org/variable#38	1
http://ex.org/variable#66 http://www.ibm.com/timex#b http://ex.org/variable#39	1
http://ex.org/variable#66 http://www.ibm.com/timex#o http://ex.org/variable#40	1
http://ex.org/variable#66 http://www.ibm.com/timex#o http://ex.org/variable#41	1
http://ex.org/variable#66 http://www.ibm.com/timex#o http://ex.org/variable#42	1
http://ex.org/variable#66 http://www.ibm.com/timex#o http://ex.org/variable#43	1
http://ex.org/variable#66 http://www.ibm.com/timex#o http://ex.org/variable#44	1
http://ex.org/variable#66 http://www.ibm.com/timex#m_o http://ex.org/variable#45	1
http://ex.org/variable#66 http://www.ibm.com/timex#o http://ex.org/variable#46	1
http://ex.org/variable#66 http://www.ibm.com/timex#o http://ex.org/variable#47	1
http://ex.org/variable#66 http://www.ibm.com/timex#b http://ex.org/variable#48	1
http://ex.org/variable#66 http://www.ibm.com/timex#o http://ex.org/variable#49	1
http://ex.org/variable#66 http://www.ibm.com/timex#o http://ex.org/variable#50	1
http://ex.org/variable#66 http://www.ibm.com/timex#b http://ex.org/variable#51	1
http://ex.org/variable#66 http://www.ibm.com/timex#o http://ex.org/variable#52	1
http://ex.org/variable#66 http://www.ibm.com/timex#o http://ex.org/variable#53	1
http://ex.org/variable#66 http://www.ibm.com/timex#o http://ex.org/variable#54	1
http://ex.org/variable#66 http://www.ibm.com/timex#o http://ex.org/variable#55	1
http://ex.org/variable#66 http://www.ibm.com/timex#o http://ex.org/variable#56	1
http://ex.org/variable#66 http://www.ibm.com/timex#o http://ex.org/variable#57	1
http://ex.org/variable#66 http://www.ibm.com/timex#o http://ex.org/variable#58	1
http://ex.org/variable#66 http://www.ibm.com/timex#o http://ex.org/variable#59	1
http://ex.org/variable#66 http://www.ibm.com/timex#o http://ex.org/variable#60	1
http://ex.org/variable#66 http://www.ibm.com/timex#o http://ex.org/variable#61	1
http://ex.org/variable#66 http://www.ibm.com/timex#o http://ex.org/variable#62	1
http://ex.org/variable#66 http://www.ibm.com/timex#o http://ex.org/variable#63	1
http://ex.org/variable#66 http://www.ibm.com/timex#o http://ex.org/variable#64	1
http://ex.org/variable#66 http://www.ibm.com/timex#di http://ex.org/variable#65	1
http://ex.org/variable#66 http://www.ibm.com/timex#o http://ex.org/variable#67	1
http://ex.org/variable#66 http://www.ibm.com/timex#o http://ex.org/variable#68	1
http://ex.org/variable#66 http://www.ibm.com/timex#o http://ex.org/variable#69	1
http://ex.org/variable#66 http://www.ibm.com/timex#o http://ex.org/variable#70	1
http://ex.org/variable#66 http://www.ibm.com/timex#o http://ex.org/variable#71	1
http://ex.org/variable#66 http://www.ibm.com/timex#o http://ex.org/variable#72	1
http://ex.org/variable#66 http://www.ibm.com/timex#o http://ex.org/variable#73	1
http://ex.org/variable#66 http://www.ibm.com/timex#o http://ex.org/variable#74	1
http://ex.org/variable#66 http://www.ibm.com/timex#o http://ex.org/variable#75	1
http://ex.org/variable#66 http://www.ibm.com/timex#o http://ex.org/variable#76	1
http://ex.org/variable#66 http://www.ibm.com/timex#o http://ex.org/variable#77	1
http://ex.org/variable#66 http://www.ibm.com/timex#o http://ex.org/variable#78	1
http://ex.org/variable#66 http://www.ibm.com/timex#o_d http://ex.org/variable#79	1
http://ex.org/variable#66 http://www.ibm.com/timex#o http://ex.org/variable#80	1
http://ex.org/variable#66 http://www.ibm.com/timex#o_d_s http://ex.org/variable#81	1
http://ex.org/variable#66 http://www.ibm.com/timex#o http://ex.org/variable#82	1
http://ex.org/variable#66 http://www.ibm.com/timex#o http://ex.org/variable#83	1
http://ex.org/variable#66 http://www.ibm.com/timex#b http://ex.org/variable#84	1
http://ex.org/variable#66 http://www.ibm.com/timex#b http://ex.org/variable#85	1
http://ex.org/variable#66 http://www.ibm.com/timex#o http://ex.org/variable#86	1
http://ex.org/variable#66 http://www.ibm.com/timex#b http://ex.org/variable#87	1
http://ex.org/variable#66 http://www.ibm.com/timex#b http://ex.org/variable#88	1
http://ex.org/variable#66 http://www.ibm.com/timex#o http://ex.org/variable#89	1
http://ex.org/variable#66 http://www.ibm.com/timex#o http://ex.org/variable#90	1
http://ex.org/variable#66 http://www.ibm.com/timex#o http://ex.org/variable#91	1
http://ex.org/variable#66 http://www.ibm.com/timex#b http://ex.org/variable#92	1
http://ex.org/variable#66 http://www.ibm.com/timex#o http://ex.org/variable#93	1
http://ex.org/variable#66 http://www.ibm.com/timex#o http://ex.org/variable#94	1
http://ex.org/variable#66 http://www.ibm.com/timex#b http://ex.org/variable#95	1
http://ex.org/variable#66 http://www.ibm.com/timex#di http://ex.org/variable#96	1
http://ex.org/variable#66 http://www.ibm.com/timex#o http://ex.org/variable#97	1
http://ex.org/variable#66 http://www.ibm.com/timex#b http://ex.org/variable#98	1
http://ex.org/variable#66 http://www.ibm.com/timex#b http://ex.org/variable#99	1
http://ex.org/variable#66 http://www.ibm.com/timex#di http://ex.org/variable#100	1
http://ex.org/variable#66 http://www.ibm.com/timex#o http://ex.org/variable#101	1
http://ex.org/variable#66 http://www.ibm.com/timex#b http://ex.org/variable#102	1
http://ex.org/variable#66 http://www.ibm.com/timex#o http://ex.org/variable#103	1
http://ex.org/variable#66 http://www.ibm.com/timex#b http://ex.org/variable#104	1
http://ex.org/variable#66 http://www.ibm.com/timex#o http://ex.org/variable#105	1
http://ex.org/variable#66 http://www.ibm.com/timex#o http://ex.org/variable#106	1
http://ex.org/variable#66 http://www.ibm.com/timex#o http://ex.org/variable#107	1
http://ex.org/variable#66 http://www.ibm.com/timex#m_o http://ex.org/variable#108	1
http://ex.org/variable#66 http://www.ibm.com/timex#b http://ex.org/variable#109	1
http://ex.org/variable#66 http://www.ibm.com/timex#o http://ex.org/variable#110	1
http://ex.org/variable#66 http://www.ibm.com/timex#o http://ex.org/variable#111	1
http://ex.org/variable#66 http://www.ibm.com/timex#o http://ex.org/variable#112	1
http://ex.org/variable#66 http://www.ibm.com/timex#b http://ex.org/variable#113	1
http://ex.org/variable#66 http://www.ibm.com/timex#o http://ex.org/variable#114	1
http://ex.org/variable#66 http://www.ibm.com/timex#b http://ex.org/variable#115	1
http://ex.org/variable#66 http://www.ibm.com/timex#b http://ex.org/variable#116	1
http://ex.org/variable#66 http://www.ibm.com/timex#o http://ex.org/variable#117	1
http://ex.org/variable#66 http://www.ibm.com/timex#o http://ex.org/variable#118	1
http://ex.org/variable#66 http://www.ibm.com/timex#o_d_s http://ex.org/variable#119	1
http://ex.org/variable#66 http://www.ibm.com/timex#o http://ex.org/variable#120	1
http://ex.org/variable#66 http://www.ibm.com/timex#b http://ex.org/variable#121	1
http://ex.org/variable#66 http://www.ibm.com/timex#o http://ex.org/variable#122	1
http://ex.org/variable#66 http://www.ibm.com/timex#o http://ex.org/variable#123	1
http://ex.org/variable#66 http://www.ibm.com/timex#o http://ex.org/variable#124	1
http://ex.org/variable#66 http://www.ibm.com/timex#o http://ex.org/variable#125	1
http://ex.org/variable#66 http://www.ibm.com/timex#b http://ex.org/variable#126	1
http://ex.org/variable#66 http://www.ibm.com/timex#b http://ex.org/variable#127	1
http://ex.org/variable#66 http://www.ibm.com/timex#o http://ex.org/variable#128	1
http://ex.org/variable#66 http://www.ibm.com/timex#o_d http://ex.org/variable#129	1
http://ex.org/variable#66 http://www.ibm.com/timex#o http://ex.org/variable#130	1
http://ex.org/variable#66 http://www.ibm.com/timex#b http://ex.org/variable#131	1
http://ex.org/variable#66 http://www.ibm.com/timex#o http://ex.org/variable#132	1
http://ex.org/variable#66 http://www.ibm.com/timex#o http://ex.org/variable#133	1
http://ex.org/variable#66 http://www.ibm.com/timex#o http://ex.org/variable#134	1
http://ex.org/variable#66 http://www.ibm.com/timex#o http://ex.org/variable#135	1
http://ex.org/variable#66 http://www.ibm.com/timex#o http://ex.org/variable#136	1
http://ex.org/variable#66 http://www.ibm.com/timex#o http://ex.org/variable#137	1
http://ex.org/variable#66 http://www.ibm.com/timex#b http://ex.org/variable#138	1
http://ex.org/variable#66 http://www.ibm.com/timex#o http://ex.org/variable#139	1
http://ex.org/variable#66 http://www.ibm.com/timex#o http://ex.org/variable#140	1
http://ex.org/variable#66 http://www.ibm.com/timex#o http://ex.org/variable#141	1
http://ex.org/variable#66 http://www.ibm.com/timex#o http://ex.org/variable#142	1
http://ex.org/variable#66 http://www.ibm.com/timex#o http://ex.org/variable#143	1
http://ex.org/variable#66 http://www.ibm.com/timex#o http://ex.org/variable#144	1
http://ex.org/variable#66 http://www.ibm.com/timex#b http://ex.org/variable#145	1
http://ex.org/variable#66 http://www.ibm.com/timex#o http://ex.org/variable#146	1
http://ex.org/variable#66 http://www.ibm.com/timex#o http://ex.org/variable#147	1
http://ex.org/variable#66 http://www.ibm.com/timex#o http://ex.org/variable#148	1
http://ex.org/variable#66 http://www.ibm.com/timex#o_di_fi http://ex.org/variable#149	1
http://ex.org/variable#66 http://www.ibm.com/timex#b http://ex.org/variable#150	1
http://ex.org/variable#66 http://www.ibm.com/timex#o http://ex.org/variable#151	1
http://ex.org/variable#66 http://www.ibm.com/timex#di http://ex.org/variable#152	1
http://ex.org/variable#66 http://www.ibm.com/timex#o http://ex.org/variable#153	1
http://ex.org/variable#66 http://www.ibm.com/timex#o http://ex.org/variable#154	1
http://ex.org/variable#66 http://www.ibm.com/timex#o http://ex.org/variable#155	1
http://ex.org/variable#66 http://www.ibm.com/timex#o http://ex.org/variable#156	1
http://ex.org/variable#66 http://www.ibm.com/timex#di http://ex.org/variable#157	1
http://ex.org/variable#66 http://www.ibm.com/timex#o http://ex.org/variable#158	1
http://ex.org/variable#66 http://www.ibm.com/timex#m_o http://ex.org/variable#159	1
http://ex.org/variable#66 http://www.ibm.com/timex#o http://ex.org/variable#160	1
http://ex.org/variable#66 http://www.ibm.com/timex#o http://ex.org/variable#161	1
http://ex.org/variable#66 http://www.ibm.com/timex#o http://ex.org/variable#162	1
http://ex.org/variable#66 http://www.ibm.com/timex#b http://ex.org/variable#163	1
http://ex.org/variable#66 http://www.ibm.com/timex#o http://ex.org/variable#164	1
http://ex.org/variable#66 http://www.ibm.com/timex#o http://ex.org/variable#165	1
http://ex.org/variable#66 http://www.ibm.com/timex#o http://ex.org/variable#166	1
http://ex.org/variable#66 http://www.ibm.com/timex#o http://ex.org/variable#167	1
http://ex.org/variable#66 http://www.ibm.com/timex#b http://ex.org/variable#168	1
http://ex.org/variable#66 http://www.ibm.com/timex#o http://ex.org/variable#169	1
http://ex.org/variable#66 http://www.ibm.com/timex#b http://ex.org/variable#170	1
http://ex.org/variable#66 http://www.ibm.com/timex#o http://ex.org/variable#171	1
http://ex.org/variable#66 http://www.ibm.com/timex#di http://ex.org/variable#172	1
http://ex.org/variable#66 http://www.ibm.com/timex#b http://ex.org/variable#173	1
http://ex.org/variable#66 http://www.ibm.com/timex#b http://ex.org/variable#174	1
http://ex.org/variable#66 http://www.ibm.com/timex#o http://ex.org/variable#175	1
http://ex.org/variable#66 http://www.ibm.com/timex#m_o http://ex.org/variable#176	1
http://ex.org/variable#66 http://www.ibm.com/timex#o http://ex.org/variable#177	1
http://ex.org/variable#66 http://www.ibm.com/timex#o http://ex.org/variable#178	1
http://ex.org/variable#66 http://www.ibm.com/timex#m_o http://ex.org/variable#179	1
http://ex.org/variable#66 http://www.ibm.com/timex#di http://ex.org/variable#180	1
http://ex.org/variable#66 http://www.ibm.com/timex#di http://ex.org/variable#181	1
http://ex.org/variable#66 http://www.ibm.com/timex#b http://ex.org/variable#182	1
http://ex.org/variable#66 http://www.ibm.com/timex#b http://ex.org/variable#183	1
http://ex.org/variable#66 http://www.ibm.com/timex#o http://ex.org/variable#184	1
http://ex.org/variable#66 http://www.ibm.com/timex#o http://ex.org/variable#185	1
http://ex.org/variable#66 http://www.ibm.com/timex#b http://ex.org/variable#186	1
http://ex.org/variable#66 http://www.ibm.com/timex#o_d_s http://ex.org/variable#187	1
http://ex.org/variable#66 http://www.ibm.com/timex#b http://ex.org/variable#188	1
http://ex.org/variable#66 http://www.ibm.com/timex#o http://ex.org/variable#189	1
http://ex.org/variable#67 http://www.ibm.com/timex#di http://ex.org/variable#0	1
http://ex.org/variable#67 http://www.ibm.com/timex#di http://ex.org/variable#1	1
http://ex.org/variable#67 http://www.ibm.com/timex#di http://ex.org/variable#2	1
http://ex.org/variable#67 http://www.ibm.com/timex#di http://ex.org/variable#3	1
http://ex.org/variable#67 http://www.ibm.com/timex#o_di_fi http://ex.org/variable#4	1
http://ex.org/variable#67 http://www.ibm.com/timex#di http://ex.org/variable#5	1
http://ex.org/variable#67 http://www.ibm.com/timex#di http://ex.org/variable#6	1
http://ex.org/variable#67 http://www.ibm.com/timex#di http://ex.org/variable#7	1
http://ex.org/variable#67 http://www.ibm.com/timex#oi http://ex.org/variable#8	1
http://ex.org/variable#67 http://www.ibm.com/timex#o http://ex.org/variable#9	1
http://ex.org/variable#67 http://www.ibm.com/timex#di http://ex.org/variable#10	1
http://ex.org/variable#67 http://www.ibm.com/timex#oi http://ex.org/variable#11	1
http://ex.org/variable#67 http://www.ibm.com/timex#oi http://ex.org/variable#12	1
http://ex.org/variable#67 http://www.ibm.com/timex#oi http://ex.org/variable#13	1
http://ex.org/variable#67 http://www.ibm.com/timex#di http://ex.org/variable#14	1
http://ex.org/variable#67 http://www.ibm.com/timex#oi http://ex.org/variable#15	1
http://ex.org/variable#67 http://www.ibm.com/timex#oi http://ex.org/variable#16	1
http://ex.org/variable#67 http://www.ibm.com/timex#di http://ex.org/variable#17	1
http://ex.org/variable#67 http://www.ibm.com/timex#di http://ex.org/variable#18	1
http://ex.org/variable#67 http://www.ibm.com/timex#oi http://ex.org/variable#19	1
http://ex.org/variable#67 http://www.ibm.com/timex#d http://ex.org/variable#20	1
http://ex.org/variable#67 http://www.ibm.com/timex#di http://ex.org/variable#21	1
http://ex.org/variable#67 http://www.ibm.com/timex#di http://ex.org/variable#22	1
http://ex.org/variable#67 http://www.ibm.com/timex#oi http://ex.org/variable#23	1
http://ex.org/variable#67 http://www.ibm.com/timex#oi http://ex.org/variable#24	1
http://ex.org/variable#67 http://www.ibm.com/timex#oi http://ex.org/variable#25	1
http://ex.org/variable#67 http://www.ibm.com/timex#di http://ex.org/variable#26	1
http://ex.org/variable#67 http://www.ibm.com/timex#oi http://ex.org/variable#27	1
http://ex.org/variable#67 http://www.ibm.com/timex#di http://ex.org/variable#28	1
http://ex.org/variable#67 http://www.ibm.com/timex#di http://ex.org/variable#29	1
http://ex.org/variable#67 http://www.ibm.com/timex#di http://ex.org/variable#30	1
http://ex.org/variable#67 http://www.ibm.com/timex#oi http://ex.org/variable#31	1
http://ex.org/variable#67 http://www.ibm.com/timex#oi http://ex.org/variable#32	1
http://ex.org/variable#67 http://www.ibm.com/timex#o_di_fi http://ex.org/variable#33	1
http://ex.org/variable#67 http://www.ibm.com/timex#oi http://ex.org/variable#34	1
http://ex.org/variable#67 http://www.ibm.com/timex#di http://ex.org/variable#35	1
http://ex.org/variable#67 http://www.ibm.com/timex#oi http://ex.org/variable#36	1
http://ex.org/variable#67 http://www.ibm.com/timex#oi http://ex.org/variable#37	1
http://ex.org/variable#67 http://www.ibm.com/timex#oi http://ex.org/variable#38	1
http://ex.org/variable#67 http://www.ibm.com/timex#di http://ex.org/variable#39	1
http://ex.org/variable#67 http://www.ibm.com/timex#oi http://ex.org/variable#40	1
http://ex.org/variable#67 http://www.ibm.com/timex#oi http://ex.org/variable#41	1
http://ex.org/variable#67 http://www.ibm.com/timex#di http://ex.org/variable#42	1
http://ex.org/variable#67 http://www.ibm.com/timex#oi http://ex.org/variable#43	1
http://ex.org/variable#67 http://www.ibm.com/timex#oi http://ex.org/variable#44	1
http://ex.org/variable#67 http://www.ibm.com/timex#o http://ex.org/variable#45	1
http://ex.org/variable#67 http://www.ibm.com/timex#oi http://ex.org/variable#46	1
http://ex.org/variable#67 http://www.ibm.com/timex#oi http://ex.org/variable#47	1
http://ex.org/variable#67 http://www.ibm.com/timex#di http://ex.org/variable#48	1
http://ex.org/variable#67 http://www.ibm.com/timex#oi http://ex.org/variable#49	1
http://ex.org/variable#67 http://www.ibm.com/timex#di http://ex.org/variable#50	1
http://ex.org/variable#67 http://www.ibm.com/timex#di http://ex.org/variable#51	1
http://ex.org/variable#67 http://www.ibm.com/timex#oi http://ex.org/variable#52	1
http://ex.org/variable#67 http://www.ibm.com/timex#oi http://ex.org/variable#53	1
http://ex.org/variable#67 http://www.ibm.com/timex#oi http://ex.org/variable#54	1
http://ex.org/variable#67 http://www.ibm.com/timex#di http://ex.org/variable#55	1
http://ex.org/variable#67 http://www.ibm.com/timex#di http://ex.org/variable#56	1
http://ex.org/variable#67 http://www.ibm.com/timex#oi http://ex.org/variable#57	1
http://ex.org/variable#67 http://www.ibm.com/timex#oi http://ex.org/variable#58	1
http://ex.org/variable#67 http://www.ibm.com/timex#d http://ex.org/variable#59	1
http://ex.org/variable#67 http://www.ibm.com/timex#oi http://ex.org/variable#60	1
http://ex.org/variable#67 http://www.ibm.com/timex#oi http://ex.org/variable#61	1
http://ex.org/variable#67 http://www.ibm.com/timex#di http://ex.org/variable#62	1
http://ex.org/variable#67 http://www.ibm.com/timex#oi http://ex.org/variable#63	1
http://ex.org/variable#67 http://www.ibm.com/timex#oi http://ex.org/variable#64	1
http://ex.org/variable#67 http://www.ibm.com/timex#oi http://ex.org/variable#65	1
http://ex.org/variable#67 http://www.ibm.com/timex#oi http://ex.org/variable#66	1
http://ex.org/variable#67 http://www.ibm.com/timex#di http://ex.org/variable#68	1
http://ex.org/variable#67 http://www.ibm.com/timex#di http://ex.org/variable#69	1
http://ex.org/variable#67 http://www.ibm.com/timex#d http://ex.org/variable#70	1
http://ex.org/variable#67 http://www.ibm.com/timex#oi http://ex.org/variable#71	1
http://ex.org/variable#67 http://www.ibm.com/timex#di http://ex.org/variable#72	1
http://ex.org/variable#67 http://www.ibm.com/timex#oi http://ex.org/variable#73	1
http://ex.org/variable#67 http://www.ibm.com/timex#oi http://ex.org/variable#74	1
http://ex.org/variable#67 http://www.ibm.com/timex#oi http://ex.org/variable#75	1
http://ex.org/variable#67 http://www.ibm.com/timex#di http://ex.org/variable#76	1
http://ex.org/variable#67 http://www.ibm.com/timex#o_fi http://ex.org/variable#77	1
http://ex.org/variable#67 http://www.ibm.com/timex#di http://ex.org/variable#78	1
http://ex.org/variable#67 http://www.ibm.com/timex#oi http://ex.org/variable#79	1
http://ex.org/variable#67 http://www.ibm.com/timex#oi http://ex.org/variable#80	1
http://ex.org/variable#67 http://www.ibm.com/timex#oi http://ex.org/variable#81	1
http://ex.org/variable#67 http://www.ibm.com/timex#di http://ex.org/variable#82	1
http://ex.org/variable#67 http://www.ibm.com/timex#oi http://ex.org/variable#83	1
http://ex.org/variable#67 http://www.ibm.com/timex#di http://ex.org/variable#84	1
http://ex.org/variable#67 http://www.ibm.com/timex#di http://ex.org/variable#85	1
http://ex.org/variable#67 http://www.ibm.com/timex#d_f http://ex.org/variable#86	1
http://ex.org/variable#67 http://www.ibm.com/timex#di http://ex.org/variable#87	1
http://ex.org/variable#67 http://www.ibm.com/timex#di http://ex.org/variable#88	1
http://ex.org/variable#67 http://www.ibm.com/timex#di http://ex.org/variable#89	1
http://ex.org/variable#67 http://www.ibm.com/timex#di http://ex.org/variable#90	1
http://ex.org/variable#67 http://www.ibm.com/timex#oi http://ex.org/variable#91	1
http://ex.org/variable#67 http://www.ibm.com/timex#o http://ex.org/variable#92	1
http://ex.org/variable#67 http://www.ibm.com/timex#di http://ex.org/variable#93	1
http://ex.org/variable#67 http://www.ibm.com/timex#oi http://ex.org/variable#94	1
http://ex.org/variable#67 http://www.ibm.com/timex#di http://ex.org/variable#95	1
http://ex.org/variable#67 http://www.ibm.com/timex#di http://ex.org/variable#96	1
http://ex.org/variable#67 http://www.ibm.com/timex#di http://ex.org/variable#97	1
http://ex.org/variable#67 http://www.ibm.com/timex#di http://ex.org/variable#98	1
http://ex.org/variable#67 http://www.ibm.com/timex#di http://ex.org/variable#99	1
http://ex.org/variable#67 http://www.ibm.com/timex#oi http://ex.org/variable#100	1
http://ex.org/variable#67 http://www.ibm.com/timex#di http://ex.org/variable#101	1
http://ex.org/variable#67 http://www.ibm.com/timex#di http://ex.org/variable#102	1
http://ex.org/variable#67 http://www.ibm.com/timex#oi http://ex.org/variable#103	1
http://ex.org/variable#67 http://www.ibm.com/timex#di http://ex.org/variable#104	1
http://ex.org/variable#67 http://www.ibm.com/timex#oi http://ex.org/variable#105	1
http://ex.org/variable#67 http://www.ibm.com/timex#oi http://ex.org/variable#106	1
http://ex.org/variable#67 http://www.ibm.com/timex#di http://ex.org/variable#107	1
http://ex.org/variable#67 http://www.ibm.com/timex#di http://ex.org/variable#108	1
http://ex.org/variable#67 http://www.ibm.com/timex#di http://ex.org/variable#109	1
http://ex.org/variable#67 http://www.ibm.com/timex#oi http://ex.org/variable#110	1
http://ex.org/variable#67 http://www.ibm.com/timex#di http://ex.org/variable#111	1
http://ex.org/variable#67 http://www.ibm.com/timex#oi http://ex.org/variable#112	1
http://ex.org/variable#67 http://www.ibm.com/timex#di http://ex.org/variable#113	1
http://ex.org/variable#67 http://www.ibm.com/timex#oi http://ex.org/variable#114	1
http://ex.org/variable#67 http://www.ibm.com/timex#di http://ex.org/variable#115	1
http://ex.org/variable#67 http://www.ibm.com/timex#di http://ex.org/variable#116	1
http://ex.org/variable#67 http://www.ibm.com/timex#oi http://ex.org/variable#117	1
http://ex.org/variable#67 http://www.ibm.com/timex#oi http://ex.org/variable#118	1
http://ex.org/variable#67 http://www.ibm.com/timex#oi http://ex.org/variable#119	1
http://ex.org/variable#67 http://www.ibm.com/timex#oi http://ex.org/variable#120	1
http://ex.org/variable#67 http://www.ibm.com/timex#di http://ex.org/variable#121	1
http://ex.org/variable#67 http://www.ibm.com/timex#oi http://ex.org/variable#122	1
http://ex.org/variable#67 http://www.ibm.com/timex#di http://ex.org/variable#123	1
http://ex.org/variable#67 http://www.ibm.com/timex#oi http://ex.org/variable#124	1
http://ex.org/variable#67 http://www.ibm.com/timex#oi http://ex.org/variable#125	1
http://ex.org/variable#67 http://www.ibm.com/timex#di http://ex.org/variable#126	1
http://ex.org/variable#67 http://www.ibm.com/timex#di http://ex.org/variable#127	1
http://ex.org/variable#67 http://www.ibm.com/timex#di http://ex.org/variable#128	1
http://ex.org/variable#67 http://www.ibm.com/timex#oi http://ex.org/variable#129	1
http://ex.org/variable#67 http://www.ibm.com/timex#di http://ex.org/variable#130	1
http://ex.org/variable#67 http://www.ibm.com/timex#di http://ex.org/variable#131	1
http://ex.org/variable#67 http://www.ibm.com/timex#oi http://ex.org/variable#132	1
http://ex.org/variable#67 http://www.ibm.com/timex#o http://ex.org/variable#133	1
http://ex.org/variable#67 http://www.ibm.com/timex#oi http://ex.org/variable#134	1
http://ex.org/variable#67 http://www.ibm.com/timex#oi http://ex.org/variable#135	1
http://ex.org/variable#67 http://www.ibm.com/timex#oi http://ex.org/variable#136	1
http://ex.org/variable#67 http://www.ibm.com/timex#di http://ex.org/variable#137	1
http://ex.org/variable#67 http://www.ibm.com/timex#di http://ex.org/variable#138	1
http://ex.org/variable#67 http://www.ibm.com/timex#di http://ex.org/variable#139	1
http://ex.org/variable#67 http://www.ibm.com/timex#di http://ex.org/variable#140	1
http://ex.org/variable#67 http://www.ibm.com/timex#oi http://ex.org/variable#141	1
http://ex.org/variable#67 http://www.ibm.com/timex#oi http://ex.org/variable#142	1
http://ex.org/variable#67 http://www.ibm.com/timex#oi http://ex.org/variable#143	1
http://ex.org/variable#67 http://www.ibm.com/timex#di http://ex.org/variable#144	1
http://ex.org/variable#67 http://www.ibm.com/timex#di http://ex.org/variable#145	1
http://ex.org/variable#67 http://www.ibm.com/timex#o http://ex.org/variable#146	1
http://ex.org/variable#67 http://www.ibm.com/timex#oi http://ex.org/variable#147	1
http://ex.org/variable#67 http://www.ibm.com/timex#di http://ex.org/variable#148	1
http://ex.org/variable#67 http://www.ibm.com/timex#oi http://ex.org/variable#149	1
http://ex.org/variable#67 http://www.ibm.com/timex#o http://ex.org/variable#150	1
http://ex.org/variable#67 http://www.ibm.com/timex#di http://ex.org/variable#151	1
http://ex.org/variable#67 http://www.ibm.com/timex#oi http://ex.org/variable#152	1
http://ex.org/variable#67 http://www.ibm.com/timex#oi http://ex.org/variable#153	1
http://ex.org/variable#67 http://www.ibm.com/timex#di http://ex.org/variable#154	1
http://ex.org/variable#67 http://www.ibm.com/timex#oi http://ex.org/variable#155	1
http://ex.org/variable#67 http://www.ibm.com/timex#oi http://ex.org/variable#156	1
http://ex.org/variable#67 http://www.ibm.com/timex#oi http://ex.org/variable#157	1
http://ex.org/variable#67 http://www.ibm.com/timex#oi http://ex.org/variable#158	1
http://ex.org/variable#67 http://www.ibm.com/timex#di http://ex.org/variable#159	1
http://ex.org/variable#67 http://www.ibm.com/timex#di http://ex.org/variable#160	1
http://ex.org/variable#67 http://www.ibm.com/timex#di http://ex.org/variable#161	1
http://ex.org/variable#67 http://www.ibm.com/timex#oi http://ex.org/variable#162	1
http://ex.org/variable#67 http://www.ibm.com/timex#di http://ex.org/variable#163	1
http://ex.org/variable#67 http://www.ibm.com/timex#di http://ex.org/variable#164	1
http://ex.org/variable#67 http://www.ibm.com/timex#di http://ex.org/variable#165	1
http://ex.org/variable#67 http://www.ibm.com/timex#oi http://ex.org/variable#166	1
http://ex.org/variable#67 http://www.ibm.com/timex#oi http://ex.org/variable#167	1
http://ex.org/variable#67 http://www.ibm.com/timex#di http://ex.org/variable#168	1
http://ex.org/variable#67 http://www.ibm.com/timex#oi http://ex.org/variable#169	1
http://ex.org/variable#67 http://www.ibm.com/timex#di http://ex.org/variable#170	1
http://ex.org/variable#67 http://www.ibm.com/timex#oi http://ex.org/variable#171	1
http://ex.org/variable#67 http://www.ibm.com/timex#mi http://ex.org/variable#172	1
http://ex.org/variable#67 http://www.ibm.com/timex#di http://ex.org/variable#173	1
http://ex.org/variable#67 http://www.ibm.com/timex#di http://ex.org/variable#174	1
http://ex.org/variable#67 http://www.ibm.com/timex#oi http://ex.org/variable#175	1
http://ex.org/variable#67 http://www.ibm.com/timex#di http://ex.org/variable#176	1
http://ex.org/variable#67 http://www.ibm.com/timex#di http://ex.org/variable#177	1
http://ex.org/variable#67 http://www.ibm.com/timex#o http://ex.org/variable#178	1
http://ex.org/variable#67 http://www.ibm.com/timex#di http://ex.org/variable#179	1
http://ex.org/variable#67 http://www.ibm.com/timex#di http://ex.org/variable#180	1
http://ex.org/variable#67 http://www.ibm.com/timex#oi http://ex.org/variable#181	1
http://ex.org/variable#67 http://www.ibm.com/timex#di http://ex.org/variable#182	1
http://ex.org/variable#67 http://www.ibm.com/timex#di http://ex.org/variable#183	1
http://ex.org/variable#67 http://www.ibm.com/timex#oi http://ex.org/variable#184	1
http://ex.org/variable#67 http://www.ibm.com/timex#di http://ex.org/variable#185	1
http://ex.org/variable#67 http://www.ibm.com/timex#di http://ex.org/variable#186	1
http://ex.org/variable#67 http://www.ibm.com/timex#oi http://ex.org/variable#187	1
http://ex.org/variable#67 http://www.ibm.com/timex#di http://ex.org/variable#188	1
http://ex.org/variable#67 http://www.ibm.com/timex#di http://ex.org/variable#189	1
http://ex.org/variable#68 http://www.ibm.com/timex#o http://ex.org/variable#0	1
http://ex.org/variable#68 http://www.ibm.com/timex#o http://ex.org/variable#1	1
http://ex.org/variable#68 http://www.ibm.com/timex#d_f http://ex.org/variable#2	1
http://ex.org/variable#68 http://www.ibm.com/timex#di http://ex.org/variable#3	1
http://ex.org/variable#68 http://www.ibm.com/timex#o http://ex.org/variable#4	1
http://ex.org/variable#68 http://www.ibm.com/timex#oi http://ex.org/variable#5	1
http://ex.org/variable#68 http://www.ibm.com/timex#di http://ex.org/variable#6	1
http://ex.org/variable#68 http://www.ibm.com/timex#o http://ex.org/variable#7	1
http://ex.org/variable#68 http://www.ibm.com/timex#bi http://ex.org/variable#8	1
http://ex.org/variable#68 http://www.ibm.com/timex#o http://ex.org/variable#9	1
http://ex.org/variable#68 http://www.ibm.com/timex#di http://ex.org/variable#10	1
http://ex.org/variable#68 http://www.ibm.com/timex#oi_d_f http://ex.org/variable#11	1
http://ex.org/variable#68 http://www.ibm.com/timex#d http://ex.org/variable#12	1
http://ex.org/variable#68 http://www.ibm.com/timex#oi http://ex.org/variable#13	1
http://ex.org/variable#68 http://www.ibm.com/timex#di http://ex.org/variable#14	1
http://ex.org/variable#68 http://www.ibm.com/timex#oi http://ex.org/variable#15	1
http://ex.org/variable#68 http://www.ibm.com/timex#oi http://ex.org/variable#16	1
http://ex.org/variable#68 http://www.ibm.com/timex#di http://ex.org/variable#17	1
http://ex.org/variable#68 http://www.ibm.com/timex#oi http://ex.org/variable#18	1
http://ex.org/variable#68 http://www.ibm.com/timex#oi http://ex.org/variable#19	1
http://ex.org/variable#68 http://www.ibm.com/timex#d http://ex.org/variable#20	1
http://ex.org/variable#68 http://www.ibm.com/timex#di http://ex.org/variable#21	1
http://ex.org/variable#68 http://www.ibm.com/timex#d http://ex.org/variable#22	1
http://ex.org/variable#68 http://www.ibm.com/timex#oi http://ex.org/variable#23	1
http://ex.org/variable#68 http://www.ibm.com/timex#d http://ex.org/variable#24	1
http://ex.org/variable#68 http://www.ibm.com/timex#bi http://ex.org/variable#25	1
http://ex.org/variable#68 http://www.ibm.com/timex#di http://ex.org/variable#26	1
http://ex.org/variable#68 http://www.ibm.com/timex#oi http://ex.org/variable#27	1
http://ex.org/variable#68 http://www.ibm.com/timex#di http://ex.org/variable#28	1
http://ex.org/variable#68 http://www.ibm.com/timex#di http://ex.org/variable#29	1
http://ex.org/variable#68 http://www.ibm.com/timex#di http://ex.org/variable#30	1
http://ex.org/variable#68 http://www.ibm.com/timex#oi http://ex.org/variable#31	1
http://ex.org/variable#68 http://www.ibm.com/timex#oi http://ex.org/variable#32	1
http://ex.org/variable#68 http://www.ibm.com/timex#o http://ex.org/variable#33	1
http://ex.org/variable#68 http://www.ibm.com/timex#oi http://ex.org/variable#34	1
http://ex.org/variable#68 http://www.ibm.com/timex#di http://ex.org/variable#35	1
http://ex.org/variable#68 http://www.ibm.com/timex#oi http://ex.org/variable#36	1
http://ex.org/variable#68 http://www.ibm.com/timex#oi http://ex.org/variable#37	1
http://ex.org/variable#68 http://www.ibm.com/timex#oi http://ex.org/variable#38	1
http://ex.org/variable#68 http://www.ibm.com/timex#di http://ex.org/variable#39	1
http://ex.org/variable#68 http://www.ibm.com/timex#oi http://ex.org/variable#40	1
http://ex.org/variable#68 http://www.ibm.com/timex#oi http://ex.org/variable#41	1
http://ex.org/variable#68 http://www.ibm.com/timex#s http://ex.org/variable#42	1
http://ex.org/variable#68 http://www.ibm.com/timex#oi http://ex.org/variable#43	1
http://ex.org/variable#68 http://www.ibm.com/timex#oi http://ex.org/variable#44	1
http://ex.org/variable#68 http://www.ibm.com/timex#o http://ex.org/variable#45	1
http://ex.org/variable#68 http://www.ibm.com/timex#oi http://ex.org/variable#46	1
http://ex.org/variable#68 http://www.ibm.com/timex#oi http://ex.org/variable#47	1
http://ex.org/variable#68 http://www.ibm.com/timex#di http://ex.org/variable#48	1
http://ex.org/variable#68 http://www.ibm.com/timex#oi http://ex.org/variable#49	1
http://ex.org/variable#68 http://www.ibm.com/timex#o http://ex.org/variable#50	1
http://ex.org/variable#68 http://www.ibm.com/timex#di http://ex.org/variable#51	1
http://ex.org/variable#68 http://www.ibm.com/timex#oi http://ex.org/variable#52	1
http://ex.org/variable#68 http://www.ibm.com/timex#oi http://ex.org/variable#53	1
http://ex.org/variable#68 http://www.ibm.com/timex#oi http://ex.org/variable#54	1
http://ex.org/variable#68 http://www.ibm.com/timex#di http://ex.org/variable#55	1
http://ex.org/variable#68 http://www.ibm.com/timex#oi http://ex.org/variable#56	1
http://ex.org/variable#68 http://www.ibm.com/timex#oi http://ex.org/variable#57	1
http://ex.org/variable#68 http://www.ibm.com/timex#oi http://ex.org/variable#58	1
http://ex.org/variable#68 http://www.ibm.com/timex#d http://ex.org/variable#59	1
http://ex.org/variable#68 http://www.ibm.com/timex#d http://ex.org/variable#60	1
http://ex.org/variable#68 http://www.ibm.com/timex#d http://ex.org/variable#61	1
http://ex.org/variable#68 http://www.ibm.com/timex#o http://ex.org/variable#62	1
http://ex.org/variable#68 http://www.ibm.com/timex#oi http://ex.org/variable#63	1
http://ex.org/variable#68 http://www.ibm.com/timex#oi http://ex.org/variable#64	1
http://ex.org/variable#68 http://www.ibm.com/timex#bi http://ex.org/variable#65	1
http://ex.org/variable#68 http://www.ibm.com/timex#oi http://ex.org/variable#66	1
http://ex.org/variable#68 http://www.ibm.com/timex#d http://ex.org/variable#67	1
http://ex.org/variable#68 http://www.ibm.com/timex#si http://ex.org/variable#69	1
http://ex.org/variable#68 http://www.ibm.com/timex#d http://ex.org/variable#70	1
http://ex.org/variable#68 http://www.ibm.com/timex#oi http://ex.org/variable#71	1
http://ex.org/variable#68 http://www.ibm.com/timex#di http://ex.org/variable#72	1
http://ex.org/variable#68 http://www.ibm.com/timex#oi http://ex.org/variable#73	1
http://ex.org/variable#68 http://www.ibm.com/timex#oi_d_f http://ex.org/variable#74	1
http://ex.org/variable#68 http://www.ibm.com/timex#oi http://ex.org/variable#75	1
http://ex.org/variable#68 http://www.ibm.com/timex#oi http://ex.org/variable#76	1
http://ex.org/variable#68 http://www.ibm.com/timex#d http://ex.org/variable#77	1
http://ex.org/variable#68 http://www.ibm.com/timex#di http://ex.org/variable#78	1
http://ex.org/variable#68 http://www.ibm.com/timex#oi http://ex.org/variable#79	1
http://ex.org/variable#68 http://www.ibm.com/timex#d http://ex.org/variable#80	1
http://ex.org/variable#68 http://www.ibm.com/timex#oi http://ex.org/variable#81	1
http://ex.org/variable#68 http://www.ibm.com/timex#oi http://ex.org/variable#82	1
http://ex.org/variable#68 http://www.ibm.com/timex#oi http://ex.org/variable#83	1
http://ex.org/variable#68 http://www.ibm.com/timex#di http://ex.org/variable#84	1
http://ex.org/variable#68 http://www.ibm.com/timex#di http://ex.org/variable#85	1
http://ex.org/variable#68 http://www.ibm.com/timex#d http://ex.org/variable#86	1
http://ex.org/variable#68 http://www.ibm.com/timex#o_fi http://ex.org/variable#87	1
http://ex.org/variable#68 http://www.ibm.com/timex#di http://ex.org/variable#88	1
http://ex.org/variable#68 http://www.ibm.com/timex#d http://ex.org/variable#89	1
http://ex.org/variable#68 http://www.ibm.com/timex#di http://ex.org/variable#90	1
http://ex.org/variable#68 http://www.ibm.com/timex#d http://ex.org/variable#91	1
http://ex.org/variable#68 http://www.ibm.com/timex#o http://ex.org/variable#92	1
http://ex.org/variable#68 http://www.ibm.com/timex#oi http://ex.org/variable#93	1
http://ex.org/variable#68 http://www.ibm.com/timex#oi http://ex.org/variable#94	1
http://ex.org/variable#68 http://www.ibm.com/timex#di http://ex.org/variable#95	1
http://ex.org/variable#68 http://www.ibm.com/timex#bi http://ex.org/variable#96	1
http://ex.org/variable#68 http://www.ibm.com/timex#di http://ex.org/variable#97	1
http://ex.org/variable#68 http://www.ibm.com/timex#di_fi http://ex.org/variable#98	1
http://ex.org/variable#68 http://www.ibm.com/timex#di http://ex.org/variable#99	1
http://ex.org/variable#68 http://www.ibm.com/timex#oi http://ex.org/variable#100	1
http://ex.org/variable#68 http://www.ibm.com/timex#o_di_fi http://ex.org/variable#101	1
http://ex.org/variable#68 http://www.ibm.com/timex#di http://ex.org/variable#102	1
http://ex.org/variable#68 http://www.ibm.com/timex#oi http://ex.org/variable#103	1
http://ex.org/variable#68 http://www.ibm.com/timex#di http://ex.org/variable#104	1
http://ex.org/variable#68 http://www.ibm.com/timex#oi http://ex.org/variable#105	1
http://ex.org/variable#68 http://www.ibm.com/timex#d http://ex.org/variable#106	1
http://ex.org/variable#68 http://www.ibm.com/timex#di http://ex.org/variable#107	1
http://ex.org/variable#68 http://www.ibm.com/timex#di http://ex.org/variable#108	1
http://ex.org/variable#68 http://www.ibm.com/timex#di http://ex.org/variable#109	1
http://ex.org/variable#68 http://www.ibm.com/timex#oi_d_f http://ex.org/variable#110	1
http://ex.org/variable#68 http://www.ibm.com/timex#oi http://ex.org/variable#111	1
http://ex.org/variable#68 http://www.ibm.com/timex#oi http://ex.org/variable#112	1
http://ex.org/variable#68 http://www.ibm.com/timex#di http://ex.org/variable#113	1
http://ex.org/variable#68 http://www.ibm.com/timex#oi http://ex.org/variable#114	1
http://ex.org/variable#68 http://www.ibm.com/timex#di http://ex.org/variable#115	1
http://ex.org/variable#68 http://www.ibm.com/timex#di http://ex.org/variable#116	1
http://ex.org/variable#68 http://www.ibm.com/timex#oi http://ex.org/variable#117	1
http://ex.org/variable#68 http://www.ibm.com/timex#oi http://ex.org/variable#118	1
http://ex.org/variable#68 http://www.ibm.com/timex#oi http://ex.org/variable#119	1
http://ex.org/variable#68 http://www.ibm.com/timex#oi http://ex.org/variable#120	1
http://ex.org/variable#68 http://www.ibm.com/timex#di http://ex.org/variable#121	1
http://ex.org/variable#68 http://www.ibm.com/timex#oi http://ex.org/variable#122	1
http://ex.org/variable#68 http://www.ibm.com/timex#o http://ex.org/variable#123	1
http://ex.org/variable#68 http://www.ibm.com/timex#oi http://ex.org/variable#124	1
http://ex.org/variable#68 http://www.ibm.com/timex#oi http://ex.org/variable#125	1
http://ex.org/variable#68 http://www.ibm.com/timex#di http://ex.org/variable#126	1
http://ex.org/variable#68 http://www.ibm.com/timex#di http://ex.org/variable#127	1
http://ex.org/variable#68 http://www.ibm.com/timex#o http://ex.org/variable#128	1
http://ex.org/variable#68 http://www.ibm.com/timex#oi http://ex.org/variable#129	1
http://ex.org/variable#68 http://www.ibm.com/timex#oi http://ex.org/variable#130	1
http://ex.org/variable#68 http://www.ibm.com/timex#o http://ex.org/variable#131	1
http://ex.org/variable#68 http://www.ibm.com/timex#oi http://ex.org/variable#132	1
http://ex.org/variable#68 http://www.ibm.com/timex#o http://ex.org/variable#133	1
http://ex.org/variable#68 http://www.ibm.com/timex#oi http://ex.org/variable#134	1
http://ex.org/variable#68 http://www.ibm.com/timex#d http://ex.org/variable#135	1
http://ex.org/variable#68 http://www.ibm.com/timex#d http://ex.org/variable#136	1
http://ex.org/variable#68 http://www.ibm.com/timex#di http://ex.org/variable#137	1
http://ex.org/variable#68 http://www.ibm.com/timex#o_di http://ex.org/variable#138	1
http://ex.org/variable#68 http://www.ibm.com/timex#oi http://ex.org/variable#139	1
http://ex.org/variable#68 http://www.ibm.com/timex#di http://ex.org/variable#140	1
http://ex.org/variable#68 http://www.ibm.com/timex#d http://ex.org/variable#141	1
http://ex.org/variable#68 http://www.ibm.com/timex#oi http://ex.org/variable#142	1
http://ex.org/variable#68 http://www.ibm.com/timex#d http://ex.org/variable#143	1
http://ex.org/variable#68 http://www.ibm.com/timex#o http://ex.org/variable#144	1
http://ex.org/variable#68 http://www.ibm.com/timex#di http://ex.org/variable#145	1
http://ex.org/variable#68 http://www.ibm.com/timex#o http://ex.org/variable#146	1
http://ex.org/variable#68 http://www.ibm.com/timex#oi http://ex.org/variable#147	1
http://ex.org/variable#68 http://www.ibm.com/timex#di http://ex.org/variable#148	1
http://ex.org/variable#68 http://www.ibm.com/timex#oi http://ex.org/variable#149	1
http://ex.org/variable#68 http://www.ibm.com/timex#o http://ex.org/variable#150	1
http://ex.org/variable#68 http://www.ibm.com/timex#s http://ex.org/variable#151	1
http://ex.org/variable#68 http://www.ibm.com/timex#bi http://ex.org/variable#152	1
http://ex.org/variable#68 http://www.ibm.com/timex#d http://ex.org/variable#153	1
http://ex.org/variable#68 http://www.ibm.com/timex#di http://ex.org/variable#154	1
http://ex.org/variable#68 http://www.ibm.com/timex#oi http://ex.org/variable#155	1
http://ex.org/variable#68 http://www.ibm.com/timex#oi http://ex.org/variable#156	1
http://ex.org/variable#68 http://www.ibm.com/timex#bi http://ex.org/variable#157	1
http://ex.org/variable#68 http://www.ibm.com/timex#oi http://ex.org/variable#158	1
http://ex.org/variable#68 http://www.ibm.com/timex#o http://ex.org/variable#159	1
http://ex.org/variable#68 http://www.ibm.com/timex#si http://ex.org/variable#160	1
http://ex.org/variable#68 http://www.ibm.com/timex#di http://ex.org/variable#161	1
http://ex.org/variable#68 http://www.ibm.com/timex#oi http://ex.org/variable#162	1
http://ex.org/variable#68 http://www.ibm.com/timex#di http://ex.org/variable#163	1
http://ex.org/variable#68 http://www.ibm.com/timex#di_fi http://ex.org/variable#164	1
http://ex.org/variable#68 http://www.ibm.com/timex#di http://ex.org/variable#165	1
http://ex.org/variable#68 http://www.ibm.com/timex#oi http://ex.org/variable#166	1
http://ex.org/variable#68 http://www.ibm.com/timex#oi http://ex.org/variable#167	1
http://ex.org/variable#68 http://www.ibm.com/timex#o_di_fi http://ex.org/variable#168	1
http://ex.org/variable#68 http://www.ibm.com/timex#oi http://ex.org/variable#169	1
http://ex.org/variable#68 http://www.ibm.com/timex#o_di_fi http://ex.org/variable#170	1
http://ex.org/variable#68 http://www.ibm.com/timex#oi http://ex.org/variable#171	1
http://ex.org/variable#68 http://www.ibm.com/timex#bi http://ex.org/variable#172	1
http://ex.org/variable#68 http://www.ibm.com/timex#di http://ex.org/variable#173	1
http://ex.org/variable#68 http://www.ibm.com/timex#di http://ex.org/variable#174	1
http://ex.org/variable#68 http://www.ibm.com/timex#oi http://ex.org/variable#175	1
http://ex.org/variable#68 http://www.ibm.com/timex#o http://ex.org/variable#176	1
http://ex.org/variable#68 http://www.ibm.com/timex#oi http://ex.org/variable#177	1
http://ex.org/variable#68 http://www.ibm.com/timex#s http://ex.org/variable#178	1
http://ex.org/variable#68 http://www.ibm.com/timex#di http://ex.org/variable#179	1
http://ex.org/variable#68 http://www.ibm.com/timex#bi http://ex.org/variable#180	1
http://ex.org/variable#68 http://www.ibm.com/timex#oi http://ex.org/variable#181	1
http://ex.org/variable#68 http://www.ibm.com/timex#di http://ex.org/variable#182	1
http://ex.org/variable#68 http://www.ibm.com/timex#di http://ex.org/variable#183	1
http://ex.org/variable#68 http://www.ibm.com/timex#oi http://ex.org/variable#184	1
http://ex.org/variable#68 http://www.ibm.com/timex#di http://ex.org/variable#185	1
http://ex.org/variable#68 http://www.ibm.com/timex#di http://ex.org/variable#186	1
http://ex.org/variable#68 http://www.ibm.com/timex#oi http://ex.org/variable#187	1
http://ex.org/variable#68 http://www.ibm.com/timex#di http://ex.org/variable#188	1
http://ex.org/variable#68 http://www.ibm.com/timex#di http://ex.org/variable#189	1
http://ex.org/variable#69 http://www.ibm.com/timex#o http://ex.org/variable#0	1
http://ex.org/variable#69 http://www.ibm.com/timex#b http://ex.org/variable#1	1
http://ex.org/variable#69 http://www.ibm.com/timex#d http://ex.org/variable#2	1
http://ex.org/variable#69 http://www.ibm.com/timex#o http://ex.org/variable#3	1
http://ex.org/variable#69 http://www.ibm.com/timex#o http://ex.org/variable#4	1
http://ex.org/variable#69 http://www.ibm.com/timex#oi http://ex.org/variable#5	1
http://ex.org/variable#69 http://www.ibm.com/timex#o http://ex.org/variable#6	1
http://ex.org/variable#69 http://www.ibm.com/timex#o http://ex.org/variable#7	1
http://ex.org/variable#69 http://www.ibm.com/timex#bi http://ex.org/variable#8	1
http://ex.org/variable#69 http://www.ibm.com/timex#o http://ex.org/variable#9	1
http://ex.org/variable#69 http://www.ibm.com/timex#o http://ex.org/variable#10	1
http://ex.org/variable#69 http://www.ibm.com/timex#d http://ex.org/variable#11	1
http://ex.org/variable#69 http://www.ibm.com/timex#d http://ex.org/variable#12	1
http://ex.org/variable#69 http://www.ibm.com/timex#oi http://ex.org/variable#13	1
http://ex.org/variable#69 http://www.ibm.com/timex#di http://ex.org/variable#14	1
http://ex.org/variable#69 http://www.ibm.com/timex#d http://ex.org/variable#15	1
http://ex.org/variable#69 http://www.ibm.com/timex#d http://ex.org/variable#16	1
http://ex.org/variable#69 http://www.ibm.com/timex#b http://ex.org/variable#17	1
http://ex.org/variable#69 http://www.ibm.com/timex#d http://ex.org/variable#18	1
http://ex.org/variable#69 http://www.ibm.com/timex#oi http://ex.org/variable#19	1
http://ex.org/variable#69 http://www.ibm.com/timex#d http://ex.org/variable#20	1
http://ex.org/variable#69 http://www.ibm.com/timex#b http://ex.org/variable#21	1
http://ex.org/variable#69 http://www.ibm.com/timex#d http://ex.org/variable#22	1
http://ex.org/variable#69 http://www.ibm.com/timex#oi http://ex.org/variable#23	1
http://ex.org/variable#69 http://www.ibm.com/timex#d http://ex.org/variable#24	1
http://ex.org/variable#69 http://www.ibm.com/timex#bi http://ex.org/variable#25	1
http://ex.org/variable#69 http://www.ibm.com/timex#b http://ex.org/variable#26	1
http://ex.org/variable#69 http://www.ibm.com/timex#oi http://ex.org/variable#27	1
http://ex.org/variable#69 http://www.ibm.com/timex#o http://ex.org/variable#28	1
http://ex.org/variable#69 http://www.ibm.com/timex#o http://ex.org/variable#29	1
http://ex.org/variable#69 http://www.ibm.com/timex#di http://ex.org/variable#30	1
http://ex.org/variable#69 http://www.ibm.com/timex#oi http://ex.org/variable#31	1
http://ex.org/variable#69 http://www.ibm.com/timex#oi http://ex.org/variable#32	1
http://ex.org/variable#69 http://www.ibm.com/timex#b http://ex.org/variable#33	1
http://ex.org/variable#69 http://www.ibm.com/timex#d http://ex.org/variable#34	1
http://ex.org/variable#69 http://www.ibm.com/timex#di http://ex.org/variable#35	1
http://ex.org/variable#69 http://www.ibm.com/timex#oi http://ex.org/variable#36	1
http://ex.org/variable#69 http://www.ibm.com/timex#oi http://ex.org/variable#37	1
http://ex.org/variable#69 http://www.ibm.com/timex#d http://ex.org/variable#38	1
http://ex.org/variable#69 http://www.ibm.com/timex#b http://ex.org/variable#39	1
http://ex.org/variable#69 http://www.ibm.com/timex#d http://ex.org/variable#40	1
http://ex.org/variable#69 http://www.ibm.com/timex#d http://ex.org/variable#41	1
http://ex.org/variable#69 http://www.ibm.com/timex#s http://ex.org/variable#42	1
http://ex.org/variable#69 http://www.ibm.com/timex#d http://ex.org/variable#43	1
http://ex.org/variable#69 http://www.ibm.com/timex#d http://ex.org/variable#44	1
http://ex.org/variable#69 http://www.ibm.com/timex#o http://ex.org/variable#45	1
http://ex.org/variable#69 http://www.ibm.com/timex#oi http://ex.org/variable#46	1
http://ex.org/variable#69 http://www.ibm.com/timex#d http://ex.org/variable#47	1
http://ex.org/variable#69 http://www.ibm.com/timex#b http://ex.org/variable#48	1
http://ex.org/variable#69 http://www.ibm.com/timex#oi http://ex.org/variable#49	1
http://ex.org/variable#69 http://www.ibm.com/timex#o http://ex.org/variable#50	1
http://ex.org/variable#69 http://www.ibm.com/timex#b http://ex.org/variable#51	1
http://ex.org/variable#69 http://www.ibm.com/timex#d http://ex.org/variable#52	1
http://ex.org/variable#69 http://www.ibm.com/timex#d http://ex.org/variable#53	1
http://ex.org/variable#69 http://www.ibm.com/timex#d http://ex.org/variable#54	1
http://ex.org/variable#69 http://www.ibm.com/timex#o http://ex.org/variable#55	1
http://ex.org/variable#69 http://www.ibm.com/timex#oi http://ex.org/variable#56	1
http://ex.org/variable#69 http://www.ibm.com/timex#oi http://ex.org/variable#57	1
http://ex.org/variable#69 http://www.ibm.com/timex#d http://ex.org/variable#58	1
http://ex.org/variable#69 http://www.ibm.com/timex#d http://ex.org/variable#59	1
http://ex.org/variable#69 http://www.ibm.com/timex#d http://ex.org/variable#60	1
http://ex.org/variable#69 http://www.ibm.com/timex#d http://ex.org/variable#61	1
http://ex.org/variable#69 http://www.ibm.com/timex#o http://ex.org/variable#62	1
http://ex.org/variable#69 http://www.ibm.com/timex#d http://ex.org/variable#63	1
http://ex.org/variable#69 http://www.ibm.com/timex#d http://ex.org/variable#64	1
http://ex.org/variable#69 http://www.ibm.com/timex#bi http://ex.org/variable#65	1
http://ex.org/variable#69 http://www.ibm.com/timex#oi http://ex.org/variable#66	1
http://ex.org/variable#69 http://www.ibm.com/timex#d http://ex.org/variable#67	1
http://ex.org/variable#69 http://www.ibm.com/timex#s http://ex.org/variable#68	1
http://ex.org/variable#69 http://www.ibm.com/timex#d http://ex.org/variable#70	1
http://ex.org/variable#69 http://www.ibm.com/timex#oi http://ex.org/variable#71	1
http://ex.org/variable#69 http://www.ibm.com/timex#o http://ex.org/variable#72	1
http://ex.org/variable#69 http://www.ibm.com/timex#d http://ex.org/variable#73	1
http://ex.org/variable#69 http://www.ibm.com/timex#d http://ex.org/variable#74	1
http://ex.org/variable#69 http://www.ibm.com/timex#d http://ex.org/variable#75	1
http://ex.org/variable#69 http://www.ibm.com/timex#d http://ex.org/variable#76	1
http://ex.org/variable#69 http://www.ibm.com/timex#d http://ex.org/variable#77	1
http://ex.org/variable#69 http://www.ibm.com/timex#o http://ex.org/variable#78	1
http://ex.org/variable#69 http://www.ibm.com/timex#oi http://ex.org/variable#79	1
http://ex.org/variable#69 http://www.ibm.com/timex#d http://ex.org/variable#80	1
http://ex.org/variable#69 http://www.ibm.com/timex#oi http://ex.org/variable#81	1
http://ex.org/variable#69 http://www.ibm.com/timex#oi http://ex.org/variable#82	1
http://ex.org/variable#69 http://www.ibm.com/timex#d http://ex.org/variable#83	1
http://ex.org/variable#69 http://www.ibm.com/timex#o http://ex.org/variable#84	1
http://ex.org/variable#69 http://www.ibm.com/timex#b http://ex.org/variable#85	1
http://ex.org/variable#69 http://www.ibm.com/timex#d http://ex.org/variable#86	1
http://ex.org/variable#69 http://www.ibm.com/timex#o http://ex.org/variable#87	1
http://ex.org/variable#69 http://www.ibm.com/timex#b http://ex.org/variable#88	1
http://ex.org/variable#69 http://www.ibm.com/timex#d http://ex.org/variable#89	1
http://ex.org/variable#69 http://www.ibm.com/timex#o http://ex.org/variable#90	1
http://ex.org/variable#69 http://www.ibm.com/timex#d http://ex.org/variable#91	1
http://ex.org/variable#69 http://www.ibm.com/timex#o http://ex.org/variable#92	1
http://ex.org/variable#69 http://www.ibm.com/timex#d http://ex.org/variable#93	1
http://ex.org/variable#69 http://www.ibm.com/timex#oi http://ex.org/variable#94	1
http://ex.org/variable#69 http://www.ibm.com/timex#di http://ex.org/variable#95	1
http://ex.org/variable#69 http://www.ibm.com/timex#bi http://ex.org/variable#96	1
http://ex.org/variable#69 http://www.ibm.com/timex#o http://ex.org/variable#97	1
http://ex.org/variable#69 http://www.ibm.com/timex#b http://ex.org/variable#98	1
http://ex.org/variable#69 http://www.ibm.com/timex#b http://ex.org/variable#99	1
http://ex.org/variable#69 http://www.ibm.com/timex#oi http://ex.org/variable#100	1
http://ex.org/variable#69 http://www.ibm.com/timex#o http://ex.org/variable#101	1
http://ex.org/variable#69 http://www.ibm.com/timex#o http://ex.org/variable#102	1
http://ex.org/variable#69 http://www.ibm.com/timex#d http://ex.org/variable#103	1
http://ex.org/variable#69 http://www.ibm.com/timex#b http://ex.org/variable#104	1
http://ex.org/variable#69 http://www.ibm.com/timex#d http://ex.org/variable#105	1
http://ex.org/variable#69 http://www.ibm.com/timex#d http://ex.org/variable#106	1
http://ex.org/variable#69 http://www.ibm.com/timex#o http://ex.org/variable#107	1
http://ex.org/variable#69 http://www.ibm.com/timex#di http://ex.org/variable#108	1
http://ex.org/variable#69 http://www.ibm.com/timex#o http://ex.org/variable#109	1
http://ex.org/variable#69 http://www.ibm.com/timex#d http://ex.org/variable#110	1
http://ex.org/variable#69 http://www.ibm.com/timex#d http://ex.org/variable#111	1
http://ex.org/variable#69 http://www.ibm.com/timex#d http://ex.org/variable#112	1
http://ex.org/variable#69 http://www.ibm.com/timex#di http://ex.org/variable#113	1
http://ex.org/variable#69 http://www.ibm.com/timex#d http://ex.org/variable#114	1
http://ex.org/variable#69 http://www.ibm.com/timex#b http://ex.org/variable#115	1
http://ex.org/variable#69 http://www.ibm.com/timex#o http://ex.org/variable#116	1
http://ex.org/variable#69 http://www.ibm.com/timex#oi http://ex.org/variable#117	1
http://ex.org/variable#69 http://www.ibm.com/timex#oi http://ex.org/variable#118	1
http://ex.org/variable#69 http://www.ibm.com/timex#d http://ex.org/variable#119	1
http://ex.org/variable#69 http://www.ibm.com/timex#oi http://ex.org/variable#120	1
http://ex.org/variable#69 http://www.ibm.com/timex#b http://ex.org/variable#121	1
http://ex.org/variable#69 http://www.ibm.com/timex#d http://ex.org/variable#122	1
http://ex.org/variable#69 http://www.ibm.com/timex#o http://ex.org/variable#123	1
http://ex.org/variable#69 http://www.ibm.com/timex#oi http://ex.org/variable#124	1
http://ex.org/variable#69 http://www.ibm.com/timex#oi http://ex.org/variable#125	1
http://ex.org/variable#69 http://www.ibm.com/timex#o http://ex.org/variable#126	1
http://ex.org/variable#69 http://www.ibm.com/timex#b http://ex.org/variable#127	1
http://ex.org/variable#69 http://www.ibm.com/timex#o http://ex.org/variable#128	1
http://ex.org/variable#69 http://www.ibm.com/timex#oi http://ex.org/variable#129	1
http://ex.org/variable#69 http://www.ibm.com/timex#oi http://ex.org/variable#130	1
http://ex.org/variable#69 http://www.ibm.com/timex#b http://ex.org/variable#131	1
http://ex.org/variable#69 http://www.ibm.com/timex#d http://ex.org/variable#132	1
http://ex.org/variable#69 http://www.ibm.com/timex#o http://ex.org/variable#133	1
http://ex.org/variable#69 http://www.ibm.com/timex#oi http://ex.org/variable#134	1
http://ex.org/variable#69 http://www.ibm.com/timex#d http://ex.org/variable#135	1
http://ex.org/variable#69 http://www.ibm.com/timex#d http://ex.org/variable#136	1
http://ex.org/variable#69 http://www.ibm.com/timex#di http://ex.org/variable#137	1
http://ex.org/variable#69 http://www.ibm.com/timex#b http://ex.org/variable#138	1
http://ex.org/variable#69 http://www.ibm.com/timex#oi http://ex.org/variable#139	1
http://ex.org/variable#69 http://www.ibm.com/timex#di http://ex.org/variable#140	1
http://ex.org/variable#69 http://www.ibm.com/timex#d http://ex.org/variable#141	1
http://ex.org/variable#69 http://www.ibm.com/timex#oi http://ex.org/variable#142	1
http://ex.org/variable#69 http://www.ibm.com/timex#d http://ex.org/variable#143	1
http://ex.org/variable#69 http://www.ibm.com/timex#o http://ex.org/variable#144	1
http://ex.org/variable#69 http://www.ibm.com/timex#b http://ex.org/variable#145	1
http://ex.org/variable#69 http://www.ibm.com/timex#o http://ex.org/variable#146	1
http://ex.org/variable#69 http://www.ibm.com/timex#d http://ex.org/variable#147	1
http://ex.org/variable#69 http://www.ibm.com/timex#o http://ex.org/variable#148	1
http://ex.org/variable#69 http://www.ibm.com/timex#oi http://ex.org/variable#149	1
http://ex.org/variable#69 http://www.ibm.com/timex#b http://ex.org/variable#150	1
http://ex.org/variable#69 http://www.ibm.com/timex#s http://ex.org/variable#151	1
http://ex.org/variable#69 http://www.ibm.com/timex#bi http://ex.org/variable#152	1
http://ex.org/variable#69 http://www.ibm.com/timex#d http://ex.org/variable#153	1
http://ex.org/variable#69 http://www.ibm.com/timex#di http://ex.org/variable#154	1
http://ex.org/variable#69 http://www.ibm.com/timex#d http://ex.org/variable#155	1
http://ex.org/variable#69 http://www.ibm.com/timex#d http://ex.org/variable#156	1
http://ex.org/variable#69 http://www.ibm.com/timex#bi http://ex.org/variable#157	1
http://ex.org/variable#69 http://www.ibm.com/timex#oi http://ex.org/variable#158	1
http://ex.org/variable#69 http://www.ibm.com/timex#o http://ex.org/variable#159	1
http://ex.org/variable#69 http://www.ibm.com/timex#s http://ex.org/variable#160	1
http://ex.org/variable#69 http://www.ibm.com/timex#di http://ex.org/variable#161	1
http://ex.org/variable#69 http://www.ibm.com/timex#oi http://ex.org/variable#162	1
http://ex.org/variable#69 http://www.ibm.com/timex#o http://ex.org/variable#163	1
http://ex.org/variable#69 http://www.ibm.com/timex#o http://ex.org/variable#164	1
http://ex.org/variable#69 http://www.ibm.com/timex#di http://ex.org/variable#165	1
http://ex.org/variable#69 http://www.ibm.com/timex#oi http://ex.org/variable#166	1
http://ex.org/variable#69 http://www.ibm.com/timex#d http://ex.org/variable#167	1
http://ex.org/variable#69 http://www.ibm.com/timex#o http://ex.org/variable#168	1
http://ex.org/variable#69 http://www.ibm.com/timex#d http://ex.org/variable#169	1
http://ex.org/variable#69 http://www.ibm.com/timex#b http://ex.org/variable#170	1
http://ex.org/variable#69 http://www.ibm.com/timex#oi http://ex.org/variable#171	1
http://ex.org/variable#69 http://www.ibm.com/timex#bi http://ex.org/variable#172	1
http://ex.org/variable#69 http://www.ibm.com/timex#b http://ex.org/variable#173	1
http://ex.org/variable#69 http://www.ibm.com/timex#o http://ex.org/variable#174	1
http://ex.org/variable#69 http://www.ibm.com/timex#d http://ex.org/variable#175	1
http://ex.org/variable#69 http://www.ibm.com/timex#o http://ex.org/variable#176	1
http://ex.org/variable#69 http://www.ibm.com/timex#d http://ex.org/variable#177	1
http://ex.org/variable#69 http://www.ibm.com/timex#s http://ex.org/variable#178	1
http://ex.org/variable#69 http://www.ibm.com/timex#o http://ex.org/variable#179	1
http://ex.org/variable#69 http://www.ibm.com/timex#bi http://ex.org/variable#180	1
http://ex.org/variable#69 http://www.ibm.com/timex#oi http://ex.org/variable#181	1
http://ex.org/variable#69 http://www.ibm.com/timex#di http://ex.org/variable#182	1
http://ex.org/variable#69 http://www.ibm.com/timex#b http://ex.org/variable#183	1
http://ex.org/variable#69 http://www.ibm.com/timex#oi http://ex.org/variable#184	1
http://ex.org/variable#69 http://www.ibm.com/timex#o http://ex.org/variable#185	1
http://ex.org/variable#69 http://www.ibm.com/timex#o http://ex.org/variable#186	1
http://ex.org/variable#69 http://www.ibm.com/timex#d http://ex.org/variable#187	1
http://ex.org/variable#69 http://www.ibm.com/timex#o http://ex.org/variable#188	1
http://ex.org/variable#69 http://www.ibm.com/timex#di http://ex.org/variable#189	1
http://ex.org/variable#70 http://www.ibm.com/timex#di http://ex.org/variable#0	1
http://ex.org/variable#70 http://www.ibm.com/timex#di http://ex.org/variable#1	1
http://ex.org/variable#70 http://www.ibm.com/timex#di http://ex.org/variable#2	1
http://ex.org/variable#70 http://www.ibm.com/timex#di http://ex.org/variable#3	1
http://ex.org/variable#70 http://www.ibm.com/timex#di http://ex.org/variable#4	1
http://ex.org/variable#70 http://www.ibm.com/timex#di http://ex.org/variable#5	1
http://ex.org/variable#70 http://www.ibm.com/timex#di http://ex.org/variable#6	1
http://ex.org/variable#70 http://www.ibm.com/timex#di http://ex.org/variable#7	1
http://ex.org/variable#70 http://www.ibm.com/timex#oi http://ex.org/variable#8	1
http://ex.org/variable#70 http://www.ibm.com/timex#o_di_fi http://ex.org/variable#9	1
http://ex.org/variable#70 http://www.ibm.com/timex#di http://ex.org/variable#10	1
http://ex.org/variable#70 http://www.ibm.com/timex#oi http://ex.org/variable#11	1
http://ex.org/variable#70 http://www.ibm.com/timex#oi http://ex.org/variable#12	1
http://ex.org/variable#70 http://www.ibm.com/timex#oi http://ex.org/variable#13	1
http://ex.org/variable#70 http://www.ibm.com/timex#di http://ex.org/variable#14	1
http://ex.org/variable#70 http://www.ibm.com/timex#oi http://ex.org/variable#15	1
http://ex.org/variable#70 http://www.ibm.com/timex#oi http://ex.org/variable#16	1
http://ex.org/variable#70 http://www.ibm.com/timex#di http://ex.org/variable#17	1
http://ex.org/variable#70 http://www.ibm.com/timex#di http://ex.org/variable#18	1
http://ex.org/variable#70 http://www.ibm.com/timex#oi http://ex.org/variable#19	1
http://ex.org/variable#70 http://www.ibm.com/timex#oi_f http://ex.org/variable#20	1
http://ex.org/variable#70 http://www.ibm.com/timex#di http://ex.org/variable#21	1
http://ex.org/variable#70 http://www.ibm.com/timex#di http://ex.org/variable#22	1
http://ex.org/variable#70 http://www.ibm.com/timex#oi http://ex.org/variable#23	1
http://ex.org/variable#70 http://www.ibm.com/timex#oi http://ex.org/variable#24	1
http://ex.org/variable#70 http://www.ibm.com/timex#oi http://ex.org/variable#25	1
http://ex.org/variable#70 http://www.ibm.com/timex#di http://ex.org/variable#26	1
http://ex.org/variable#70 http://www.ibm.com/timex#oi http://ex.org/variable#27	1
http://ex.org/variable#70 http://www.ibm.com/timex#di http://ex.org/variable#28	1
http://ex.org/variable#70 http://www.ibm.com/timex#di http://ex.org/variable#29	1
http://ex.org/variable#70 http://www.ibm.com/timex#di http://ex.org/variable#30	1
http://ex.org/variable#70 http://www.ibm.com/timex#oi http://ex.org/variable#31	1
http://ex.org/variable#70 http://www.ibm.com/timex#oi http://ex.org/variable#32	1
http://ex.org/variable#70 http://www.ibm.com/timex#di_fi http://ex.org/variable#33	1
http://ex.org/variable#70 http://www.ibm.com/timex#oi http://ex.org/variable#34	1
http://ex.org/variable#70 http://www.ibm.com/timex#di http://ex.org/variable#35	1
http://ex.org/variable#70 http://www.ibm.com/timex#oi http://ex.org/variable#36	1
http://ex.org/variable#70 http://www.ibm.com/timex#oi http://ex.org/variable#37	1
http://ex.org/variable#70 http://www.ibm.com/timex#oi http://ex.org/variable#38	1
http://ex.org/variable#70 http://www.ibm.com/timex#di http://ex.org/variable#39	1
http://ex.org/variable#70 http://www.ibm.com/timex#oi http://ex.org/variable#40	1
http://ex.org/variable#70 http://www.ibm.com/timex#oi http://ex.org/variable#41	1
http://ex.org/variable#70 http://www.ibm.com/timex#di http://ex.org/variable#42	1
http://ex.org/variable#70 http://www.ibm.com/timex#oi http://ex.org/variable#43	1
http://ex.org/variable#70 http://www.ibm.com/timex#oi http://ex.org/variable#44	1
http://ex.org/variable#70 http://www.ibm.com/timex#o_di_fi http://ex.org/variable#45	1
http://ex.org/variable#70 http://www.ibm.com/timex#oi http://ex.org/variable#46	1
http://ex.org/variable#70 http://www.ibm.com/timex#oi http://ex.org/variable#47	1
http://ex.org/variable#70 http://www.ibm.com/timex#di http://ex.org/variable#48	1
http://ex.org/variable#70 http://www.ibm.com/timex#oi http://ex.org/variable#49	1
http://ex.org/variable#70 http://www.ibm.com/timex#di http://ex.org/variable#50	1
http://ex.org/variable#70 http://www.ibm.com/timex#di http://ex.org/variable#51	1
http://ex.org/variable#70 http://www.ibm.com/timex#oi http://ex.org/variable#52	1
http://ex.org/variable#70 http://www.ibm.com/timex#oi http://ex.org/variable#53	1
http://ex.org/variable#70 http://www.ibm.com/timex#oi_si http://ex.org/variable#54	1
http://ex.org/variable#70 http://www.ibm.com/timex#di http://ex.org/variable#55	1
http://ex.org/variable#70 http://www.ibm.com/timex#di http://ex.org/variable#56	1
http://ex.org/variable#70 http://www.ibm.com/timex#oi http://ex.org/variable#57	1
http://ex.org/variable#70 http://www.ibm.com/timex#oi http://ex.org/variable#58	1
http://ex.org/variable#70 http://www.ibm.com/timex#oi_d_f http://ex.org/variable#59	1
http://ex.org/variable#70 http://www.ibm.com/timex#oi http://ex.org/variable#60	1
http://ex.org/variable#70 http://www.ibm.com/timex#oi http://ex.org/variable#61	1
http://ex.org/variable#70 http://www.ibm.com/timex#di http://ex.org/variable#62	1
http://ex.org/variable#70 http://www.ibm.com/timex#oi http://ex.org/variable#63	1
http://ex.org/variable#70 http://www.ibm.com/timex#oi http://ex.org/variable#64	1
http://ex.org/variable#70 http://www.ibm.com/timex#oi http://ex.org/variable#65	1
http://ex.org/variable#70 http://www.ibm.com/timex#oi http://ex.org/variable#66	1
http://ex.org/variable#70 http://www.ibm.com/timex#di http://ex.org/variable#67	1
http://ex.org/variable#70 http://www.ibm.com/timex#di http://ex.org/variable#68	1
http://ex.org/variable#70 http://www.ibm.com/timex#di http://ex.org/variable#69	1
http://ex.org/variable#70 http://www.ibm.com/timex#oi http://ex.org/variable#71	1
http://ex.org/variable#70 http://www.ibm.com/timex#di http://ex.org/variable#72	1
http://ex.org/variable#70 http://www.ibm.com/timex#oi http://ex.org/variable#73	1
http://ex.org/variable#70 http://www.ibm.com/timex#si http://ex.org/variable#74	1
http://ex.org/variable#70 http://www.ibm.com/timex#oi http://ex.org/variable#75	1
http://ex.org/variable#70 http://www.ibm.com/timex#di http://ex.org/variable#76	1
http://ex.org/variable#70 http://www.ibm.com/timex#di http://ex.org/variable#77	1
http://ex.org/variable#70 http://www.ibm.com/timex#di http://ex.org/variable#78	1
http://ex.org/variable#70 http://www.ibm.com/timex#oi http://ex.org/variable#79	1
http://ex.org/variable#70 http://www.ibm.com/timex#oi http://ex.org/variable#80	1
http://ex.org/variable#70 http://www.ibm.com/timex#oi http://ex.org/variable#81	1
http://ex.org/variable#70 http://www.ibm.com/timex#di http://ex.org/variable#82	1
http://ex.org/variable#70 http://www.ibm.com/timex#oi http://ex.org/variable#83	1
http://ex.org/variable#70 http://www.ibm.com/timex#di http://ex.org/variable#84	1
http://ex.org/variable#70 http://www.ibm.com/timex#di http://ex.org/variable#85	1
http://ex.org/variable#70 http://www.ibm.com/timex#oi http://ex.org/variable#86	1
http://ex.org/variable#70 http://www.ibm.com/timex#di http://ex.org/variable#87	1
http://ex.org/variable#70 http://www.ibm.com/timex#di http://ex.org/variable#88	1
http://ex.org/variable#70 http://www.ibm.com/timex#di http://ex.org/variable#89	1
http://ex.org/variable#70 http://www.ibm.com/timex#di http://ex.org/variable#90	1
http://ex.org/variable#70 http://www.ibm.com/timex#oi http://ex.org/variable#91	1
http://ex.org/variable#70 http://www.ibm.com/timex#di http://ex.org/variable#92	1
http://ex.org/variable#70 http://www.ibm.com/timex#di http://ex.org/variable#93	1
http://ex.org/variable#70 http://www.ibm.com/timex#oi http://ex.org/variable#94	1
http://ex.org/variable#70 http://www.ibm.com/timex#di http://ex.org/variable#95	1
http://ex.org/variable#70 http://www.ibm.com/timex#di http://ex.org/variable#96	1
http://ex.org/variable#70 http://www.ibm.com/timex#di http://ex.org/variable#97	1
http://ex.org/variable#70 http://www.ibm.com/timex#di http://ex.org/variable#98	1
http://ex.org/variable#70 http://www.ibm.com/timex#di http://ex.org/variable#99	1
http://ex.org/variable#70 http://www.ibm.com/timex#oi http://ex.org/variable#100	1
http://ex.org/variable#70 http://www.ibm.com/timex#di http://ex.org/variable#101	1
http://ex.org/variable#70 http://www.ibm.com/timex#di http://ex.org/variable#102	1
http://ex.org/variable#70 http://www.ibm.com/timex#oi http://ex.org/variable#103	1
http://ex.org/variable#70 http://www.ibm.com/timex#di http://ex.org/variable#104	1
http://ex.org/variable#70 http://www.ibm.com/timex#di_si http://ex.org/variable#105	1
http://ex.org/variable#70 http://www.ibm.com/timex#oi http://ex.org/variable#106	1
http://ex.org/variable#70 http://www.ibm.com/timex#di http://ex.org/variable#107	1
http://ex.org/variable#70 http://www.ibm.com/timex#di http://ex.org/variable#108	1
http://ex.org/variable#70 http://www.ibm.com/timex#di http://ex.org/variable#109	1
http://ex.org/variable#70 http://www.ibm.com/timex#oi http://ex.org/variable#110	1
http://ex.org/variable#70 http://www.ibm.com/timex#di http://ex.org/variable#111	1
http://ex.org/variable#70 http://www.ibm.com/timex#oi http://ex.org/variable#112	1
http://ex.org/variable#70 http://www.ibm.com/timex#di http://ex.org/variable#113	1
http://ex.org/variable#70 http://www.ibm.com/timex#oi http://ex.org/variable#114	1
http://ex.org/variable#70 http://www.ibm.com/timex#di http://ex.org/variable#115	1
http://ex.org/variable#70 http://www.ibm.com/timex#di http://ex.org/variable#116	1
http://ex.org/variable#70 http://www.ibm.com/timex#oi http://ex.org/variable#117	1
http://ex.org/variable#70 http://www.ibm.com/timex#oi http://ex.org/variable#118	1
http://ex.org/variable#70 http://www.ibm.com/timex#oi http://ex.org/variable#119	1
http://ex.org/variable#70 http://www.ibm.com/timex#oi http://ex.org/variable#120	1
http://ex.org/variable#70 http://www.ibm.com/timex#di http://ex.org/variable#121	1
http://ex.org/variable#70 http://www.ibm.com/timex#oi http://ex.org/variable#122	1
http://ex.org/variable#70 http://www.ibm.com/timex#di http://ex.org/variable#123	1
http://ex.org/variable#70 http://www.ibm.com/timex#oi http://ex.org/variable#124	1
http://ex.org/variable#70 http://www.ibm.com/timex#oi http://ex.org/variable#125	1
http://ex.org/variable#70 http://www.ibm.com/timex#di http://ex.org/variable#126	1
http://ex.org/variable#70 http://www.ibm.com/timex#di http://ex.org/variable#127	1
http://ex.org/variable#70 http://www.ibm.com/timex#di http://ex.org/variable#128	1
http://ex.org/variable#70 http://www.ibm.com/timex#oi http://ex.org/variable#129	1
http://ex.org/variable#70 http://www.ibm.com/timex#di http://ex.org/variable#130	1
http://ex.org/variable#70 http://www.ibm.com/timex#di http://ex.org/variable#131	1
http://ex.org/variable#70 http://www.ibm.com/timex#oi http://ex.org/variable#132	1
http://ex.org/variable#70 http://www.ibm.com/timex#o_di http://ex.org/variable#133	1
http://ex.org/variable#70 http://www.ibm.com/timex#oi http://ex.org/variable#134	1
http://ex.org/variable#70 http://www.ibm.com/timex#oi http://ex.org/variable#135	1
http://ex.org/variable#70 http://www.ibm.com/timex#oi http://ex.org/variable#136	1
http://ex.org/variable#70 http://www.ibm.com/timex#di http://ex.org/variable#137	1
http://ex.org/variable#70 http://www.ibm.com/timex#di http://ex.org/variable#138	1
http://ex.org/variable#70 http://www.ibm.com/timex#di http://ex.org/variable#139	1
http://ex.org/variable#70 http://www.ibm.com/timex#di http://ex.org/variable#140	1
http://ex.org/variable#70 http://www.ibm.com/timex#oi http://ex.org/variable#141	1
http://ex.org/variable#70 http://www.ibm.com/timex#oi http://ex.org/variable#142	1
http://ex.org/variable#70 http://www.ibm.com/timex#oi http://ex.org/variable#143	1
http://ex.org/variable#70 http://www.ibm.com/timex#di http://ex.org/variable#144	1
http://ex.org/variable#70 http://www.ibm.com/timex#di http://ex.org/variable#145	1
http://ex.org/variable#70 http://www.ibm.com/timex#di http://ex.org/variable#146	1
http://ex.org/variable#70 http://www.ibm.com/timex#oi http://ex.org/variable#147	1
http://ex.org/variable#70 http://www.ibm.com/timex#di http://ex.org/variable#148	1
http://ex.org/variable#70 http://www.ibm.com/timex#oi http://ex.org/variable#149	1
http://ex.org/variable#70 http://www.ibm.com/timex#di http://ex.org/variable#150	1
http://ex.org/variable#70 http://www.ibm.com/timex#di http://ex.org/variable#151	1
http://ex.org/variable#70 http://www.ibm.com/timex#oi http://ex.org/variable#152	1
http://ex.org/variable#70 http://www.ibm.com/timex#oi http://ex.org/variable#153	1
http://ex.org/variable#70 http://www.ibm.com/timex#di http://ex.org/variable#154	1
http://ex.org/variable#70 http://www.ibm.com/timex#oi http://ex.org/variable#155	1
http://ex.org/variable#70 http://www.ibm.com/timex#oi_si http://ex.org/variable#156	1
http://ex.org/variable#70 http://www.ibm.com/timex#oi http://ex.org/variable#157	1
http://ex.org/variable#70 http://www.ibm.com/timex#oi http://ex.org/variable#158	1
http://ex.org/variable#70 http://www.ibm.com/timex#di http://ex.org/variable#159	1
http://ex.org/variable#70 http://www.ibm.com/timex#di http://ex.org/variable#160	1
http://ex.org/variable#70 http://www.ibm.com/timex#di http://ex.org/variable#161	1
http://ex.org/variable#70 http://www.ibm.com/timex#oi http://ex.org/variable#162	1
http://ex.org/variable#70 http://www.ibm.com/timex#di http://ex.org/variable#163	1
http://ex.org/variable#70 http://www.ibm.com/timex#di http://ex.org/variable#164	1
http://ex.org/variable#70 http://www.ibm.com/timex#di http://ex.org/variable#165	1
http://ex.org/variable#70 http://www.ibm.com/timex#oi http://ex.org/variable#166	1
http://ex.org/variable#70 http://www.ibm.com/timex#oi http://ex.org/variable#167	1
http://ex.org/variable#70 http://www.ibm.com/timex#di http://ex.org/variable#168	1
http://ex.org/variable#70 http://www.ibm.com/timex#oi http://ex.org/variable#169	1
http://ex.org/variable#70 http://www.ibm.com/timex#di http://ex.org/variable#170	1
http://ex.org/variable#70 http://www.ibm.com/timex#oi http://ex.org/variable#171	1
http://ex.org/variable#70 http://www.ibm.com/timex#oi http://ex.org/variable#172	1
http://ex.org/variable#70 http://www.ibm.com/timex#di http://ex.org/variable#173	1
http://ex.org/variable#70 http://www.ibm.com/timex#di http://ex.org/variable#174	1
http://ex.org/variable#70 http://www.ibm.com/timex#oi http://ex.org/variable#175	1
http://ex.org/variable#70 http://www.ibm.com/timex#di http://ex.org/variable#176	1
http://ex.org/variable#70 http://www.ibm.com/timex#di http://ex.org/variable#177	1
http://ex.org/variable#70 http://www.ibm.com/timex#di http://ex.org/variable#178	1
http://ex.org/variable#70 http://www.ibm.com/timex#di http://ex.org/variable#179	1
http://ex.org/variable#70 http://www.ibm.com/timex#di http://ex.org/variable#180	1
http://ex.org/variable#70 http://www.ibm.com/timex#oi http://ex.org/variable#181	1
http://ex.org/variable#70 http://www.ibm.com/timex#di http://ex.org/variable#182	1
http://ex.org/variable#70 http://www.ibm.com/timex#di http://ex.org/variable#183	1
http://ex.org/variable#70 http://www.ibm.com/timex#oi http://ex.org/variable#184	1
http://ex.org/variable#70 http://www.ibm.com/timex#di http://ex.org/variable#185	1
http://ex.org/variable#70 http://www.ibm.com/timex#di http://ex.org/variable#186	1
http://ex.org/variable#70 http://www.ibm.com/timex#oi http://ex.org/variable#187	1
http://ex.org/variable#70 http://www.ibm.com/timex#di http://ex.org/variable#188	1
http://ex.org/variable#70 http://www.ibm.com/timex#di http://ex.org/variable#189	1
http://ex.org/variable#71 http://www.ibm.com/timex#o http://ex.org/variable#0	1
http://ex.org/variable#71 http://www.ibm.com/timex#b http://ex.org/variable#1	1
http://ex.org/variable#71 http://www.ibm.com/timex#o http://ex.org/variable#2	1
http://ex.org/variable#71 http://www.ibm.com/timex#o http://ex.org/variable#3	1
http://ex.org/variable#71 http://www.ibm.com/timex#o http://ex.org/variable#4	1
http://ex.org/variable#71 http://www.ibm.com/timex#di http://ex.org/variable#5	1
http://ex.org/variable#71 http://www.ibm.com/timex#o http://ex.org/variable#6	1
http://ex.org/variable#71 http://www.ibm.com/timex#o http://ex.org/variable#7	1
http://ex.org/variable#71 http://www.ibm.com/timex#oi http://ex.org/variable#8	1
http://ex.org/variable#71 http://www.ibm.com/timex#o http://ex.org/variable#9	1
http://ex.org/variable#71 http://www.ibm.com/timex#o http://ex.org/variable#10	1
http://ex.org/variable#71 http://www.ibm.com/timex#o http://ex.org/variable#11	1
http://ex.org/variable#71 http://www.ibm.com/timex#d http://ex.org/variable#12	1
http://ex.org/variable#71 http://www.ibm.com/timex#oi http://ex.org/variable#13	1
http://ex.org/variable#71 http://www.ibm.com/timex#o http://ex.org/variable#14	1
http://ex.org/variable#71 http://www.ibm.com/timex#d http://ex.org/variable#15	1
http://ex.org/variable#71 http://www.ibm.com/timex#o http://ex.org/variable#16	1
http://ex.org/variable#71 http://www.ibm.com/timex#b http://ex.org/variable#17	1
http://ex.org/variable#71 http://www.ibm.com/timex#o http://ex.org/variable#18	1
http://ex.org/variable#71 http://www.ibm.com/timex#oi_di_si http://ex.org/variable#19	1
http://ex.org/variable#71 http://www.ibm.com/timex#d http://ex.org/variable#20	1
http://ex.org/variable#71 http://www.ibm.com/timex#b http://ex.org/variable#21	1
http://ex.org/variable#71 http://www.ibm.com/timex#o http://ex.org/variable#22	1
http://ex.org/variable#71 http://www.ibm.com/timex#di http://ex.org/variable#23	1
http://ex.org/variable#71 http://www.ibm.com/timex#d http://ex.org/variable#24	1
http://ex.org/variable#71 http://www.ibm.com/timex#oi http://ex.org/variable#25	1
http://ex.org/variable#71 http://www.ibm.com/timex#b http://ex.org/variable#26	1
http://ex.org/variable#71 http://www.ibm.com/timex#oi http://ex.org/variable#27	1
http://ex.org/variable#71 http://www.ibm.com/timex#o http://ex.org/variable#28	1
http://ex.org/variable#71 http://www.ibm.com/timex#o http://ex.org/variable#29	1
http://ex.org/variable#71 http://www.ibm.com/timex#di http://ex.org/variable#30	1
http://ex.org/variable#71 http://www.ibm.com/timex#oi http://ex.org/variable#31	1
http://ex.org/variable#71 http://www.ibm.com/timex#oi http://ex.org/variable#32	1
http://ex.org/variable#71 http://www.ibm.com/timex#b http://ex.org/variable#33	1
http://ex.org/variable#71 http://www.ibm.com/timex#o http://ex.org/variable#34	1
http://ex.org/variable#71 http://www.ibm.com/timex#di http://ex.org/variable#35	1
http://ex.org/variable#71 http://www.ibm.com/timex#oi http://ex.org/variable#36	1
http://ex.org/variable#71 http://www.ibm.com/timex#oi http://ex.org/variable#37	1
http://ex.org/variable#71 http://www.ibm.com/timex#d http://ex.org/variable#38	1
http://ex.org/variable#71 http://www.ibm.com/timex#b http://ex.org/variable#39	1
http://ex.org/variable#71 http://www.ibm.com/timex#d http://ex.org/variable#40	1
http://ex.org/variable#71 http://www.ibm.com/timex#o http://ex.org/variable#41	1
http://ex.org/variable#71 http://www.ibm.com/timex#o http://ex.org/variable#42	1
http://ex.org/variable#71 http://www.ibm.com/timex#d http://ex.org/variable#43	1
http://ex.org/variable#71 http://www.ibm.com/timex#d http://ex.org/variable#44	1
http://ex.org/variable#71 http://www.ibm.com/timex#o http://ex.org/variable#45	1
http://ex.org/variable#71 http://www.ibm.com/timex#oi_f http://ex.org/variable#46	1
http://ex.org/variable#71 http://www.ibm.com/timex#d http://ex.org/variable#47	1
http://ex.org/variable#71 http://www.ibm.com/timex#b http://ex.org/variable#48	1
http://ex.org/variable#71 http://www.ibm.com/timex#oi http://ex.org/variable#49	1
http://ex.org/variable#71 http://www.ibm.com/timex#o http://ex.org/variable#50	1
http://ex.org/variable#71 http://www.ibm.com/timex#b http://ex.org/variable#51	1
http://ex.org/variable#71 http://www.ibm.com/timex#d http://ex.org/variable#52	1
http://ex.org/variable#71 http://www.ibm.com/timex#d http://ex.org/variable#53	1
http://ex.org/variable#71 http://www.ibm.com/timex#o http://ex.org/variable#54	1
http://ex.org/variable#71 http://www.ibm.com/timex#o http://ex.org/variable#55	1
http://ex.org/variable#71 http://www.ibm.com/timex#di http://ex.org/variable#56	1
http://ex.org/variable#71 http://www.ibm.com/timex#oi_f http://ex.org/variable#57	1
http://ex.org/variable#71 http://www.ibm.com/timex#o http://ex.org/variable#58	1
http://ex.org/variable#71 http://www.ibm.com/timex#o http://ex.org/variable#59	1
http://ex.org/variable#71 http://www.ibm.com/timex#d http://ex.org/variable#60	1
http://ex.org/variable#71 http://www.ibm.com/timex#d http://ex.org/variable#61	1
http://ex.org/variable#71 http://www.ibm.com/timex#o http://ex.org/variable#62	1
http://ex.org/variable#71 http://www.ibm.com/timex#d http://ex.org/variable#63	1
http://ex.org/variable#71 http://www.ibm.com/timex#d http://ex.org/variable#64	1
http://ex.org/variable#71 http://www.ibm.com/timex#di http://ex.org/variable#65	1
http://ex.org/variable#71 http://www.ibm.com/timex#oi http://ex.org/variable#66	1
http://ex.org/variable#71 http://www.ibm.com/timex#o http://ex.org/variable#67	1
http://ex.org/variable#71 http://www.ibm.com/timex#o http://ex.org/variable#68	1
http://ex.org/variable#71 http://www.ibm.com/timex#o http://ex.org/variable#69	1
http://ex.org/variable#71 http://www.ibm.com/timex#o http://ex.org/variable#70	1
http://ex.org/variable#71 http://www.ibm.com/timex#o http://ex.org/variable#72	1
http://ex.org/variable#71 http://www.ibm.com/timex#o http://ex.org/variable#73	1
http://ex.org/variable#71 http://www.ibm.com/timex#o http://ex.org/variable#74	1
http://ex.org/variable#71 http://www.ibm.com/timex#o http://ex.org/variable#75	1
http://ex.org/variable#71 http://www.ibm.com/timex#o http://ex.org/variable#76	1
http://ex.org/variable#71 http://www.ibm.com/timex#o http://ex.org/variable#77	1
http://ex.org/variable#71 http://www.ibm.com/timex#o http://ex.org/variable#78	1
http://ex.org/variable#71 http://www.ibm.com/timex#oi http://ex.org/variable#79	1
http://ex.org/variable#71 http://www.ibm.com/timex#d http://ex.org/variable#80	1
http://ex.org/variable#71 http://www.ibm.com/timex#oi_f http://ex.org/variable#81	1
http://ex.org/variable#71 http://www.ibm.com/timex#di http://ex.org/variable#82	1
http://ex.org/variable#71 http://www.ibm.com/timex#d http://ex.org/variable#83	1
http://ex.org/variable#71 http://www.ibm.com/timex#o http://ex.org/variable#84	1
http://ex.org/variable#71 http://www.ibm.com/timex#b http://ex.org/variable#85	1
http://ex.org/variable#71 http://www.ibm.com/timex#d http://ex.org/variable#86	1
http://ex.org/variable#71 http://www.ibm.com/timex#o http://ex.org/variable#87	1
http://ex.org/variable#71 http://www.ibm.com/timex#b http://ex.org/variable#88	1
http://ex.org/variable#71 http://www.ibm.com/timex#o http://ex.org/variable#89	1
http://ex.org/variable#71 http://www.ibm.com/timex#o http://ex.org/variable#90	1
http://ex.org/variable#71 http://www.ibm.com/timex#o http://ex.org/variable#91	1
http://ex.org/variable#71 http://www.ibm.com/timex#o http://ex.org/variable#92	1
http://ex.org/variable#71 http://www.ibm.com/timex#o http://ex.org/variable#93	1
http://ex.org/variable#71 http://www.ibm.com/timex#o http://ex.org/variable#94	1
http://ex.org/variable#71 http://www.ibm.com/timex#di http://ex.org/variable#95	1
http://ex.org/variable#71 http://www.ibm.com/timex#di http://ex.org/variable#96	1
http://ex.org/variable#71 http://www.ibm.com/timex#o http://ex.org/variable#97	1
http://ex.org/variable#71 http://www.ibm.com/timex#b http://ex.org/variable#98	1
http://ex.org/variable#71 http://www.ibm.com/timex#b http://ex.org/variable#99	1
http://ex.org/variable#71 http://www.ibm.com/timex#oi http://ex.org/variable#100	1
http://ex.org/variable#71 http://www.ibm.com/timex#o http://ex.org/variable#101	1
http://ex.org/variable#71 http://www.ibm.com/timex#o http://ex.org/variable#102	1
http://ex.org/variable#71 http://www.ibm.com/timex#d http://ex.org/variable#103	1
http://ex.org/variable#71 http://www.ibm.com/timex#b http://ex.org/variable#104	1
http://ex.org/variable#71 http://www.ibm.com/timex#o http://ex.org/variable#105	1
http://ex.org/variable#71 http://www.ibm.com/timex#d http://ex.org/variable#106	1
http://ex.org/variable#71 http://www.ibm.com/timex#o http://ex.org/variable#107	1
http://ex.org/variable#71 http://www.ibm.com/timex#di http://ex.org/variable#108	1
http://ex.org/variable#71 http://www.ibm.com/timex#o http://ex.org/variable#109	1
http://ex.org/variable#71 http://www.ibm.com/timex#d http://ex.org/variable#110	1
http://ex.org/variable#71 http://www.ibm.com/timex#o http://ex.org/variable#111	1
http://ex.org/variable#71 http://www.ibm.com/timex#d http://ex.org/variable#112	1
http://ex.org/variable#71 http://www.ibm.com/timex#di http://ex.org/variable#113	1
http://ex.org/variable#71 http://www.ibm.com/timex#o http://ex.org/variable#114	1
http://ex.org/variable#71 http://www.ibm.com/timex#b http://ex.org/variable#115	1
http://ex.org/variable#71 http://www.ibm.com/timex#o http://ex.org/variable#116	1
http://ex.org/variable#71 http://www.ibm.com/timex#oi http://ex.org/variable#117	1
http://ex.org/variable#71 http://www.ibm.com/timex#oi http://ex.org/variable#118	1
http://ex.org/variable#71 http://www.ibm.com/timex#d http://ex.org/variable#119	1
http://ex.org/variable#71 http://www.ibm.com/timex#di http://ex.org/variable#120	1
http://ex.org/variable#71 http://www.ibm.com/timex#b http://ex.org/variable#121	1
http://ex.org/variable#71 http://www.ibm.com/timex#d http://ex.org/variable#122	1
http://ex.org/variable#71 http://www.ibm.com/timex#o http://ex.org/variable#123	1
http://ex.org/variable#71 http://www.ibm.com/timex#oi http://ex.org/variable#124	1
http://ex.org/variable#71 http://www.ibm.com/timex#oi http://ex.org/variable#125	1
http://ex.org/variable#71 http://www.ibm.com/timex#o http://ex.org/variable#126	1
http://ex.org/variable#71 http://www.ibm.com/timex#b http://ex.org/variable#127	1
http://ex.org/variable#71 http://www.ibm.com/timex#o http://ex.org/variable#128	1
http://ex.org/variable#71 http://www.ibm.com/timex#oi http://ex.org/variable#129	1
http://ex.org/variable#71 http://www.ibm.com/timex#di http://ex.org/variable#130	1
http://ex.org/variable#71 http://www.ibm.com/timex#b http://ex.org/variable#131	1
http://ex.org/variable#71 http://www.ibm.com/timex#d http://ex.org/variable#132	1
http://ex.org/variable#71 http://www.ibm.com/timex#o http://ex.org/variable#133	1
http://ex.org/variable#71 http://www.ibm.com/timex#oi http://ex.org/variable#134	1
http://ex.org/variable#71 http://www.ibm.com/timex#o http://ex.org/variable#135	1
http://ex.org/variable#71 http://www.ibm.com/timex#o http://ex.org/variable#136	1
http://ex.org/variable#71 http://www.ibm.com/timex#di http://ex.org/variable#137	1
http://ex.org/variable#71 http://www.ibm.com/timex#b http://ex.org/variable#138	1
http://ex.org/variable#71 http://www.ibm.com/timex#di http://ex.org/variable#139	1
http://ex.org/variable#71 http://www.ibm.com/timex#di http://ex.org/variable#140	1
http://ex.org/variable#71 http://www.ibm.com/timex#d http://ex.org/variable#141	1
http://ex.org/variable#71 http://www.ibm.com/timex#oi http://ex.org/variable#142	1
http://ex.org/variable#71 http://www.ibm.com/timex#d http://ex.org/variable#143	1
http://ex.org/variable#71 http://www.ibm.com/timex#o http://ex.org/variable#144	1
http://ex.org/variable#71 http://www.ibm.com/timex#b http://ex.org/variable#145	1
http://ex.org/variable#71 http://www.ibm.com/timex#o http://ex.org/variable#146	1
http://ex.org/variable#71 http://www.ibm.com/timex#o http://ex.org/variable#147	1
http://ex.org/variable#71 http://www.ibm.com/timex#o http://ex.org/variable#148	1
http://ex.org/variable#71 http://www.ibm.com/timex#oi http://ex.org/variable#149	1
http://ex.org/variable#71 http://www.ibm.com/timex#b http://ex.org/variable#150	1
http://ex.org/variable#71 http://www.ibm.com/timex#o http://ex.org/variable#151	1
http://ex.org/variable#71 http://www.ibm.com/timex#oi http://ex.org/variable#152	1
http://ex.org/variable#71 http://www.ibm.com/timex#o http://ex.org/variable#153	1
http://ex.org/variable#71 http://www.ibm.com/timex#di http://ex.org/variable#154	1
http://ex.org/variable#71 http://www.ibm.com/timex#d http://ex.org/variable#155	1
http://ex.org/variable#71 http://www.ibm.com/timex#o http://ex.org/variable#156	1
http://ex.org/variable#71 http://www.ibm.com/timex#di http://ex.org/variable#157	1
http://ex.org/variable#71 http://www.ibm.com/timex#di http://ex.org/variable#158	1
http://ex.org/variable#71 http://www.ibm.com/timex#o http://ex.org/variable#159	1
http://ex.org/variable#71 http://www.ibm.com/timex#o http://ex.org/variable#160	1
http://ex.org/variable#71 http://www.ibm.com/timex#di http://ex.org/variable#161	1
http://ex.org/variable#71 http://www.ibm.com/timex#di http://ex.org/variable#162	1
http://ex.org/variable#71 http://www.ibm.com/timex#o http://ex.org/variable#163	1
http://ex.org/variable#71 http://www.ibm.com/timex#o http://ex.org/variable#164	1
http://ex.org/variable#71 http://www.ibm.com/timex#di http://ex.org/variable#165	1
http://ex.org/variable#71 http://www.ibm.com/timex#oi http://ex.org/variable#166	1
http://ex.org/variable#71 http://www.ibm.com/timex#d http://ex.org/variable#167	1
http://ex.org/variable#71 http://www.ibm.com/timex#o http://ex.org/variable#168	1
http://ex.org/variable#71 http://www.ibm.com/timex#d http://ex.org/variable#169	1
http://ex.org/variable#71 http://www.ibm.com/timex#b http://ex.org/variable#170	1
http://ex.org/variable#71 http://www.ibm.com/timex#oi http://ex.org/variable#171	1
http://ex.org/variable#71 http://www.ibm.com/timex#oi http://ex.org/variable#172	1
http://ex.org/variable#71 http://www.ibm.com/timex#b http://ex.org/variable#173	1
http://ex.org/variable#71 http://www.ibm.com/timex#o http://ex.org/variable#174	1
http://ex.org/variable#71 http://www.ibm.com/timex#d http://ex.org/variable#175	1
http://ex.org/variable#71 http://www.ibm.com/timex#o http://ex.org/variable#176	1
http://ex.org/variable#71 http://www.ibm.com/timex#o http://ex.org/variable#177	1
http://ex.org/variable#71 http://www.ibm.com/timex#o http://ex.org/variable#178	1
http://ex.org/variable#71 http://www.ibm.com/timex#o http://ex.org/variable#179	1
http://ex.org/variable#71 http://www.ibm.com/timex#di http://ex.org/variable#180	1
http://ex.org/variable#71 http://www.ibm.com/timex#oi http://ex.org/variable#181	1
http://ex.org/variable#71 http://www.ibm.com/timex#di http://ex.org/variable#182	1
http://ex.org/variable#71 http://www.ibm.com/timex#b http://ex.org/variable#183	1
http://ex.org/variable#71 http://www.ibm.com/timex#oi http://ex.org/variable#184	1
http://ex.org/variable#71 http://www.ibm.com/timex#o http://ex.org/variable#185	1
http://ex.org/variable#71 http://www.ibm.com/timex#o http://ex.org/variable#186	1
http://ex.org/variable#71 http://www.ibm.com/timex#d http://ex.org/variable#187	1
http://ex.org/variable#71 http://www.ibm.com/timex#o http://ex.org/variable#188	1
http://ex.org/variable#71 http://www.ibm.com/timex#di http://ex.org/variable#189	1
http://ex.org/variable#72 http://www.ibm.com/timex#d http://ex.org/variable#0	1
http://ex.org/variable#72 http://www.ibm.com/timex#o http://ex.org/variable#1	1
http://ex.org/variable#72 http://www.ibm.com/timex#d http://ex.org/variable#2	1
http://ex.org/variable#72 http://www.ibm.com/timex#di http://ex.org/variable#3	1
http://ex.org/variable#72 http://www.ibm.com/timex#d http://ex.org/variable#4	1
http://ex.org/variable#72 http://www.ibm.com/timex#oi http://ex.org/variable#5	1
http://ex.org/variable#72 http://www.ibm.com/timex#o http://ex.org/variable#6	1
http://ex.org/variable#72 http://www.ibm.com/timex#d http://ex.org/variable#7	1
http://ex.org/variable#72 http://www.ibm.com/timex#bi http://ex.org/variable#8	1
http://ex.org/variable#72 http://www.ibm.com/timex#o http://ex.org/variable#9	1
http://ex.org/variable#72 http://www.ibm.com/timex#d_s http://ex.org/variable#10	1
http://ex.org/variable#72 http://www.ibm.com/timex#d http://ex.org/variable#11	1
http://ex.org/variable#72 http://www.ibm.com/timex#d http://ex.org/variable#12	1
http://ex.org/variable#72 http://www.ibm.com/timex#oi http://ex.org/variable#13	1
http://ex.org/variable#72 http://www.ibm.com/timex#di http://ex.org/variable#14	1
http://ex.org/variable#72 http://www.ibm.com/timex#oi http://ex.org/variable#15	1
http://ex.org/variable#72 http://www.ibm.com/timex#oi http://ex.org/variable#16	1
http://ex.org/variable#72 http://www.ibm.com/timex#di http://ex.org/variable#17	1
http://ex.org/variable#72 http://www.ibm.com/timex#oi http://ex.org/variable#18	1
http://ex.org/variable#72 http://www.ibm.com/timex#oi http://ex.org/variable#19	1
http://ex.org/variable#72 http://www.ibm.com/timex#d http://ex.org/variable#20	1
http://ex.org/variable#72 http://www.ibm.com/timex#o http://ex.org/variable#21	1
http://ex.org/variable#72 http://www.ibm.com/timex#d http://ex.org/variable#22	1
http://ex.org/variable#72 http://www.ibm.com/timex#oi http://ex.org/variable#23	1
http://ex.org/variable#72 http://www.ibm.com/timex#d http://ex.org/variable#24	1
http://ex.org/variable#72 http://www.ibm.com/timex#bi http://ex.org/variable#25	1
http://ex.org/variable#72 http://www.ibm.com/timex#fi http://ex.org/variable#26	1
http://ex.org/variable#72 http://www.ibm.com/timex#oi http://ex.org/variable#27	1
http://ex.org/variable#72 http://www.ibm.com/timex#o http://ex.org/variable#28	1
http://ex.org/variable#72 http://www.ibm.com/timex#d http://ex.org/variable#29	1
http://ex.org/variable#72 http://www.ibm.com/timex#di http://ex.org/variable#30	1
http://ex.org/variable#72 http://www.ibm.com/timex#oi http://ex.org/variable#31	1
http://ex.org/variable#72 http://www.ibm.com/timex#oi http://ex.org/variable#32	1
http://ex.org/variable#72 http://www.ibm.com/timex#o http://ex.org/variable#33	1
http://ex.org/variable#72 http://www.ibm.com/timex#oi http://ex.org/variable#34	1
http://ex.org/variable#72 http://www.ibm.com/timex#di http://ex.org/variable#35	1
http://ex.org/variable#72 http://www.ibm.com/timex#oi http://ex.org/variable#36	1
http://ex.org/variable#72 http://www.ibm.com/timex#oi http://ex.org/variable#37	1
http://ex.org/variable#72 http://www.ibm.com/timex#oi http://ex.org/variable#38	1
http://ex.org/variable#72 http://www.ibm.com/timex#di http://ex.org/variable#39	1
http://ex.org/variable#72 http://www.ibm.com/timex#oi http://ex.org/variable#40	1
http://ex.org/variable#72 http://www.ibm.com/timex#d http://ex.org/variable#41	1
http://ex.org/variable#72 http://www.ibm.com/timex#d http://ex.org/variable#42	1
http://ex.org/variable#72 http://www.ibm.com/timex#oi http://ex.org/variable#43	1
http://ex.org/variable#72 http://www.ibm.com/timex#d http://ex.org/variable#44	1
http://ex.org/variable#72 http://www.ibm.com/timex#o http://ex.org/variable#45	1
http://ex.org/variable#72 http://www.ibm.com/timex#oi http://ex.org/variable#46	1
http://ex.org/variable#72 http://www.ibm.com/timex#oi http://ex.org/variable#47	1
http://ex.org/variable#72 http://www.ibm.com/timex#di http://ex.org/variable#48	1
http://ex.org/variable#72 http://www.ibm.com/timex#oi http://ex.org/variable#49	1
http://ex.org/variable#72 http://www.ibm.com/timex#o_d_s http://ex.org/variable#50	1
http://ex.org/variable#72 http://www.ibm.com/timex#di http://ex.org/variable#51	1
http://ex.org/variable#72 http://www.ibm.com/timex#oi_f http://ex.org/variable#52	1
http://ex.org/variable#72 http://www.ibm.com/timex#d http://ex.org/variable#53	1
http://ex.org/variable#72 http://www.ibm.com/timex#oi http://ex.org/variable#54	1
http://ex.org/variable#72 http://www.ibm.com/timex#oi_si http://ex.org/variable#55	1
http://ex.org/variable#72 http://www.ibm.com/timex#oi http://ex.org/variable#56	1
http://ex.org/variable#72 http://www.ibm.com/timex#oi http://ex.org/variable#57	1
http://ex.org/variable#72 http://www.ibm.com/timex#oi http://ex.org/variable#58	1
http://ex.org/variable#72 http://www.ibm.com/timex#d http://ex.org/variable#59	1
http://ex.org/variable#72 http://www.ibm.com/timex#d http://ex.org/variable#60	1
http://ex.org/variable#72 http://www.ibm.com/timex#d http://ex.org/variable#61	1
http://ex.org/variable#72 http://www.ibm.com/timex#d http://ex.org/variable#62	1
http://ex.org/variable#72 http://www.ibm.com/timex#oi http://ex.org/variable#63	1
http://ex.org/variable#72 http://www.ibm.com/timex#d http://ex.org/variable#64	1
http://ex.org/variable#72 http://www.ibm.com/timex#bi http://ex.org/variable#65	1
http://ex.org/variable#72 http://www.ibm.com/timex#oi http://ex.org/variable#66	1
http://ex.org/variable#72 http://www.ibm.com/timex#d http://ex.org/variable#67	1
http://ex.org/variable#72 http://www.ibm.com/timex#d http://ex.org/variable#68	1
http://ex.org/variable#72 http://www.ibm.com/timex#oi http://ex.org/variable#69	1
http://ex.org/variable#72 http://www.ibm.com/timex#d http://ex.org/variable#70	1
http://ex.org/variable#72 http://www.ibm.com/timex#oi http://ex.org/variable#71	1
http://ex.org/variable#72 http://www.ibm.com/timex#oi http://ex.org/variable#73	1
http://ex.org/variable#72 http://www.ibm.com/timex#d http://ex.org/variable#74	1
http://ex.org/variable#72 http://www.ibm.com/timex#oi http://ex.org/variable#75	1
http://ex.org/variable#72 http://www.ibm.com/timex#d http://ex.org/variable#76	1
http://ex.org/variable#72 http://www.ibm.com/timex#d http://ex.org/variable#77	1
http://ex.org/variable#72 http://www.ibm.com/timex#oi http://ex.org/variable#78	1
http://ex.org/variable#72 http://www.ibm.com/timex#oi http://ex.org/variable#79	1
http://ex.org/variable#72 http://www.ibm.com/timex#d http://ex.org/variable#80	1
http://ex.org/variable#72 http://www.ibm.com/timex#oi http://ex.org/variable#81	1
http://ex.org/variable#72 http://www.ibm.com/timex#oi http://ex.org/variable#82	1
http://ex.org/variable#72 http://www.ibm.com/timex#d http://ex.org/variable#83	1
http://ex.org/variable#72 http://www.ibm.com/timex#o http://ex.org/variable#84	1
http://ex.org/variable#72 http://www.ibm.com/timex#o http://ex.org/variable#85	1
http://ex.org/variable#72 http://www.ibm.com/timex#d http://ex.org/variable#86	1
http://ex.org/variable#72 http://www.ibm.com/timex#o http://ex.org/variable#87	1
http://ex.org/variable#72 http://www.ibm.com/timex#b http://ex.org/variable#88	1
http://ex.org/variable#72 http://www.ibm.com/timex#d http://ex.org/variable#89	1
http://ex.org/variable#72 http://www.ibm.com/timex#oi http://ex.org/variable#90	1
http://ex.org/variable#72 http://www.ibm.com/timex#d http://ex.org/variable#91	1
http://ex.org/variable#72 http://www.ibm.com/timex#o http://ex.org/variable#92	1
http://ex.org/variable#72 http://www.ibm.com/timex#d http://ex.org/variable#93	1
http://ex.org/variable#72 http://www.ibm.com/timex#oi http://ex.org/variable#94	1
http://ex.org/variable#72 http://www.ibm.com/timex#di http://ex.org/variable#95	1
http://ex.org/variable#72 http://www.ibm.com/timex#bi http://ex.org/variable#96	1
http://ex.org/variable#72 http://www.ibm.com/timex#d http://ex.org/variable#97	1
http://ex.org/variable#72 http://www.ibm.com/timex#o http://ex.org/variable#98	1
http://ex.org/variable#72 http://www.ibm.com/timex#o http://ex.org/variable#99	1
http://ex.org/variable#72 http://www.ibm.com/timex#bi http://ex.org/variable#100	1
http://ex.org/variable#72 http://www.ibm.com/timex#d http://ex.org/variable#101	1
http://ex.org/variable#72 http://www.ibm.com/timex#di http://ex.org/variable#102	1
http://ex.org/variable#72 http://www.ibm.com/timex#oi http://ex.org/variable#103	1
http://ex.org/variable#72 http://www.ibm.com/timex#b http://ex.org/variable#104	1
http://ex.org/variable#72 http://www.ibm.com/timex#d http://ex.org/variable#105	1
http://ex.org/variable#72 http://www.ibm.com/timex#d http://ex.org/variable#106	1
http://ex.org/variable#72 http://www.ibm.com/timex#oi http://ex.org/variable#107	1
http://ex.org/variable#72 http://www.ibm.com/timex#di http://ex.org/variable#108	1
http://ex.org/variable#72 http://www.ibm.com/timex#di http://ex.org/variable#109	1
http://ex.org/variable#72 http://www.ibm.com/timex#d http://ex.org/variable#110	1
http://ex.org/variable#72 http://www.ibm.com/timex#oi http://ex.org/variable#111	1
http://ex.org/variable#72 http://www.ibm.com/timex#oi http://ex.org/variable#112	1
http://ex.org/variable#72 http://www.ibm.com/timex#di http://ex.org/variable#113	1
http://ex.org/variable#72 http://www.ibm.com/timex#oi_d http://ex.org/variable#114	1
http://ex.org/variable#72 http://www.ibm.com/timex#b http://ex.org/variable#115	1
http://ex.org/variable#72 http://www.ibm.com/timex#di http://ex.org/variable#116	1
http://ex.org/variable#72 http://www.ibm.com/timex#oi http://ex.org/variable#117	1
http://ex.org/variable#72 http://www.ibm.com/timex#oi http://ex.org/variable#118	1
http://ex.org/variable#72 http://www.ibm.com/timex#d http://ex.org/variable#119	1
http://ex.org/variable#72 http://www.ibm.com/timex#oi http://ex.org/variable#120	1
http://ex.org/variable#72 http://www.ibm.com/timex#b http://ex.org/variable#121	1
http://ex.org/variable#72 http://www.ibm.com/timex#oi_d_f http://ex.org/variable#122	1
http://ex.org/variable#72 http://www.ibm.com/timex#o_s http://ex.org/variable#123	1
http://ex.org/variable#72 http://www.ibm.com/timex#oi http://ex.org/variable#124	1
http://ex.org/variable#72 http://www.ibm.com/timex#oi http://ex.org/variable#125	1
http://ex.org/variable#72 http://www.ibm.com/timex#o http://ex.org/variable#126	1
http://ex.org/variable#72 http://www.ibm.com/timex#o http://ex.org/variable#127	1
http://ex.org/variable#72 http://www.ibm.com/timex#d http://ex.org/variable#128	1
http://ex.org/variable#72 http://www.ibm.com/timex#oi http://ex.org/variable#129	1
http://ex.org/variable#72 http://www.ibm.com/timex#oi http://ex.org/variable#130	1
http://ex.org/variable#72 http://www.ibm.com/timex#o http://ex.org/variable#131	1
http://ex.org/variable#72 http://www.ibm.com/timex#d http://ex.org/variable#132	1
http://ex.org/variable#72 http://www.ibm.com/timex#o http://ex.org/variable#133	1
http://ex.org/variable#72 http://www.ibm.com/timex#oi http://ex.org/variable#134	1
http://ex.org/variable#72 http://www.ibm.com/timex#d http://ex.org/variable#135	1
http://ex.org/variable#72 http://www.ibm.com/timex#d http://ex.org/variable#136	1
http://ex.org/variable#72 http://www.ibm.com/timex#di http://ex.org/variable#137	1
http://ex.org/variable#72 http://www.ibm.com/timex#o http://ex.org/variable#138	1
http://ex.org/variable#72 http://www.ibm.com/timex#oi http://ex.org/variable#139	1
http://ex.org/variable#72 http://www.ibm.com/timex#oi http://ex.org/variable#140	1
http://ex.org/variable#72 http://www.ibm.com/timex#d http://ex.org/variable#141	1
http://ex.org/variable#72 http://www.ibm.com/timex#oi http://ex.org/variable#142	1
http://ex.org/variable#72 http://www.ibm.com/timex#d http://ex.org/variable#143	1
http://ex.org/variable#72 http://www.ibm.com/timex#d http://ex.org/variable#144	1
http://ex.org/variable#72 http://www.ibm.com/timex#o http://ex.org/variable#145	1
http://ex.org/variable#72 http://www.ibm.com/timex#d http://ex.org/variable#146	1
http://ex.org/variable#72 http://www.ibm.com/timex#oi http://ex.org/variable#147	1
http://ex.org/variable#72 http://www.ibm.com/timex#oi_d_f http://ex.org/variable#148	1
http://ex.org/variable#72 http://www.ibm.com/timex#bi_mi_oi http://ex.org/variable#149	1
http://ex.org/variable#72 http://www.ibm.com/timex#o http://ex.org/variable#150	1
http://ex.org/variable#72 http://www.ibm.com/timex#d http://ex.org/variable#151	1
http://ex.org/variable#72 http://www.ibm.com/timex#bi http://ex.org/variable#152	1
http://ex.org/variable#72 http://www.ibm.com/timex#d http://ex.org/variable#153	1
http://ex.org/variable#72 http://www.ibm.com/timex#di http://ex.org/variable#154	1
http://ex.org/variable#72 http://www.ibm.com/timex#oi http://ex.org/variable#155	1
http://ex.org/variable#72 http://www.ibm.com/timex#d http://ex.org/variable#156	1
http://ex.org/variable#72 http://www.ibm.com/timex#bi http://ex.org/variable#157	1
http://ex.org/variable#72 http://www.ibm.com/timex#oi http://ex.org/variable#158	1
http://ex.org/variable#72 http://www.ibm.com/timex#o http://ex.org/variable#159	1
http://ex.org/variable#72 http://www.ibm.com/timex#d http://ex.org/variable#160	1
http://ex.org/variable#72 http://www.ibm.com/timex#di http://ex.org/variable#161	1
http://ex.org/variable#72 http://www.ibm.com/timex#oi http://ex.org/variable#162	1
http://ex.org/variable#72 http://www.ibm.com/timex#o http://ex.org/variable#163	1
http://ex.org/variable#72 http://www.ibm.com/timex#o_d_s http://ex.org/variable#164	1
http://ex.org/variable#72 http://www.ibm.com/timex#oi http://ex.org/variable#165	1
http://ex.org/variable#72 http://www.ibm.com/timex#oi http://ex.org/variable#166	1
http://ex.org/variable#72 http://www.ibm.com/timex#oi http://ex.org/variable#167	1
http://ex.org/variable#72 http://www.ibm.com/timex#o http://ex.org/variable#168	1
http://ex.org/variable#72 http://www.ibm.com/timex#d http://ex.org/variable#169	1
http://ex.org/variable#72 http://www.ibm.com/timex#o http://ex.org/variable#170	1
http://ex.org/variable#72 http://www.ibm.com/timex#oi http://ex.org/variable#171	1
http://ex.org/variable#72 http://www.ibm.com/timex#bi http://ex.org/variable#172	1
http://ex.org/variable#72 http://www.ibm.com/timex#di http://ex.org/variable#173	1
http://ex.org/variable#72 http://www.ibm.com/timex#o http://ex.org/variable#174	1
http://ex.org/variable#72 http://www.ibm.com/timex#oi http://ex.org/variable#175	1
http://ex.org/variable#72 http://www.ibm.com/timex#o http://ex.org/variable#176	1
http://ex.org/variable#72 http://www.ibm.com/timex#d http://ex.org/variable#177	1
http://ex.org/variable#72 http://www.ibm.com/timex#d http://ex.org/variable#178	1
http://ex.org/variable#72 http://www.ibm.com/timex#o http://ex.org/variable#179	1
http://ex.org/variable#72 http://www.ibm.com/timex#bi http://ex.org/variable#180	1
http://ex.org/variable#72 http://www.ibm.com/timex#bi http://ex.org/variable#181	1
http://ex.org/variable#72 http://www.ibm.com/timex#di http://ex.org/variable#182	1
http://ex.org/variable#72 http://www.ibm.com/timex#o http://ex.org/variable#183	1
http://ex.org/variable#72 http://www.ibm.com/timex#oi http://ex.org/variable#184	1
http://ex.org/variable#72 http://www.ibm.com/timex#d http://ex.org/variable#185	1
http://ex.org/variable#72 http://www.ibm.com/timex#o http://ex.org/variable#186	1
http://ex.org/variable#72 http://www.ibm.com/timex#d http://ex.org/variable#187	1
http://ex.org/variable#72 http://www.ibm.com/timex#di http://ex.org/variable#188	1
http://ex.org/variable#72 http://www.ibm.com/timex#di http://ex.org/variable#189	1
http://ex.org/variable#73 http://www.ibm.com/timex#o http://ex.org/variable#0	1
http://ex.org/variable#73 http://www.ibm.com/timex#b_m_o http://ex.org/variable#1	1
http://ex.org/variable#73 http://www.ibm.com/timex#o http://ex.org/variable#2	1
http://ex.org/variable#73 http://www.ibm.com/timex#o http://ex.org/variable#3	1
http://ex.org/variable#73 http://www.ibm.com/timex#o http://ex.org/variable#4	1
http://ex.org/variable#73 http://www.ibm.com/timex#di http://ex.org/variable#5	1
http://ex.org/variable#73 http://www.ibm.com/timex#o http://ex.org/variable#6	1
http://ex.org/variable#73 http://www.ibm.com/timex#o http://ex.org/variable#7	1
http://ex.org/variable#73 http://www.ibm.com/timex#oi http://ex.org/variable#8	1
http://ex.org/variable#73 http://www.ibm.com/timex#o http://ex.org/variable#9	1
http://ex.org/variable#73 http://www.ibm.com/timex#o http://ex.org/variable#10	1
http://ex.org/variable#73 http://www.ibm.com/timex#d http://ex.org/variable#11	1
http://ex.org/variable#73 http://www.ibm.com/timex#d http://ex.org/variable#12	1
http://ex.org/variable#73 http://www.ibm.com/timex#oi http://ex.org/variable#13	1
http://ex.org/variable#73 http://www.ibm.com/timex#di http://ex.org/variable#14	1
http://ex.org/variable#73 http://www.ibm.com/timex#oi http://ex.org/variable#15	1
http://ex.org/variable#73 http://www.ibm.com/timex#oi http://ex.org/variable#16	1
http://ex.org/variable#73 http://www.ibm.com/timex#b_m_o http://ex.org/variable#17	1
http://ex.org/variable#73 http://www.ibm.com/timex#o http://ex.org/variable#18	1
http://ex.org/variable#73 http://www.ibm.com/timex#oi http://ex.org/variable#19	1
http://ex.org/variable#73 http://www.ibm.com/timex#d http://ex.org/variable#20	1
http://ex.org/variable#73 http://www.ibm.com/timex#o http://ex.org/variable#21	1
http://ex.org/variable#73 http://www.ibm.com/timex#o http://ex.org/variable#22	1
http://ex.org/variable#73 http://www.ibm.com/timex#oi http://ex.org/variable#23	1
http://ex.org/variable#73 http://www.ibm.com/timex#d http://ex.org/variable#24	1
http://ex.org/variable#73 http://www.ibm.com/timex#oi http://ex.org/variable#25	1
http://ex.org/variable#73 http://www.ibm.com/timex#o http://ex.org/variable#26	1
http://ex.org/variable#73 http://www.ibm.com/timex#oi http://ex.org/variable#27	1
http://ex.org/variable#73 http://www.ibm.com/timex#o http://ex.org/variable#28	1
http://ex.org/variable#73 http://www.ibm.com/timex#o http://ex.org/variable#29	1
http://ex.org/variable#73 http://www.ibm.com/timex#di http://ex.org/variable#30	1
http://ex.org/variable#73 http://www.ibm.com/timex#oi http://ex.org/variable#31	1
http://ex.org/variable#73 http://www.ibm.com/timex#oi http://ex.org/variable#32	1
http://ex.org/variable#73 http://www.ibm.com/timex#o http://ex.org/variable#33	1
http://ex.org/variable#73 http://www.ibm.com/timex#d http://ex.org/variable#34	1
http://ex.org/variable#73 http://www.ibm.com/timex#di http://ex.org/variable#35	1
http://ex.org/variable#73 http://www.ibm.com/timex#oi http://ex.org/variable#36	1
http://ex.org/variable#73 http://www.ibm.com/timex#oi http://ex.org/variable#37	1
http://ex.org/variable#73 http://www.ibm.com/timex#d http://ex.org/variable#38	1
http://ex.org/variable#73 http://www.ibm.com/timex#o_di_fi http://ex.org/variable#39	1
http://ex.org/variable#73 http://www.ibm.com/timex#oi http://ex.org/variable#40	1
http://ex.org/variable#73 http://www.ibm.com/timex#d http://ex.org/variable#41	1
http://ex.org/variable#73 http://www.ibm.com/timex#o http://ex.org/variable#42	1
http://ex.org/variable#73 http://www.ibm.com/timex#d http://ex.org/variable#43	1
http://ex.org/variable#73 http://www.ibm.com/timex#d http://ex.org/variable#44	1
http://ex.org/variable#73 http://www.ibm.com/timex#o http://ex.org/variable#45	1
http://ex.org/variable#73 http://www.ibm.com/timex#oi http://ex.org/variable#46	1
http://ex.org/variable#73 http://www.ibm.com/timex#oi http://ex.org/variable#47	1
http://ex.org/variable#73 http://www.ibm.com/timex#o http://ex.org/variable#48	1
http://ex.org/variable#73 http://www.ibm.com/timex#oi http://ex.org/variable#49	1
http://ex.org/variable#73 http://www.ibm.com/timex#o http://ex.org/variable#50	1
http://ex.org/variable#73 http://www.ibm.com/timex#o http://ex.org/variable#51	1
http://ex.org/variable#73 http://www.ibm.com/timex#d http://ex.org/variable#52	1
http://ex.org/variable#73 http://www.ibm.com/timex#d http://ex.org/variable#53	1
http://ex.org/variable#73 http://www.ibm.com/timex#o_s http://ex.org/variable#54	1
http://ex.org/variable#73 http://www.ibm.com/timex#o_fi http://ex.org/variable#55	1
http://ex.org/variable#73 http://www.ibm.com/timex#di http://ex.org/variable#56	1
http://ex.org/variable#73 http://www.ibm.com/timex#oi http://ex.org/variable#57	1
http://ex.org/variable#73 http://www.ibm.com/timex#d_f http://ex.org/variable#58	1
http://ex.org/variable#73 http://www.ibm.com/timex#d http://ex.org/variable#59	1
http://ex.org/variable#73 http://www.ibm.com/timex#d http://ex.org/variable#60	1
http://ex.org/variable#73 http://www.ibm.com/timex#d http://ex.org/variable#61	1
http://ex.org/variable#73 http://www.ibm.com/timex#o http://ex.org/variable#62	1
http://ex.org/variable#73 http://www.ibm.com/timex#d http://ex.org/variable#63	1
http://ex.org/variable#73 http://www.ibm.com/timex#d http://ex.org/variable#64	1
http://ex.org/variable#73 http://www.ibm.com/timex#oi http://ex.org/variable#65	1
http://ex.org/variable#73 http://www.ibm.com/timex#oi http://ex.org/variable#66	1
http://ex.org/variable#73 http://www.ibm.com/timex#o http://ex.org/variable#67	1
http://ex.org/variable#73 http://www.ibm.com/timex#o http://ex.org/variable#68	1
http://ex.org/variable#73 http://www.ibm.com/timex#di http://ex.org/variable#69	1
http://ex.org/variable#73 http://www.ibm.com/timex#o http://ex.org/variable#70	1
http://ex.org/variable#73 http://www.ibm.com/timex#oi http://ex.org/variable#71	1
http://ex.org/variable#73 http://www.ibm.com/timex#o http://ex.org/variable#72	1
http://ex.org/variable#73 http://www.ibm.com/timex#o http://ex.org/variable#74	1
http://ex.org/variable#73 http://www.ibm.com/timex#oi http://ex.org/variable#75	1
http://ex.org/variable#73 http://www.ibm.com/timex#o http://ex.org/variable#76	1
http://ex.org/variable#73 http://www.ibm.com/timex#o http://ex.org/variable#77	1
http://ex.org/variable#73 http://www.ibm.com/timex#di http://ex.org/variable#78	1
http://ex.org/variable#73 http://www.ibm.com/timex#oi http://ex.org/variable#79	1
http://ex.org/variable#73 http://www.ibm.com/timex#d http://ex.org/variable#80	1
http://ex.org/variable#73 http://www.ibm.com/timex#oi http://ex.org/variable#81	1
http://ex.org/variable#73 http://www.ibm.com/timex#di http://ex.org/variable#82	1
http://ex.org/variable#73 http://www.ibm.com/timex#d http://ex.org/variable#83	1
http://ex.org/variable#73 http://www.ibm.com/timex#o http://ex.org/variable#84	1
http://ex.org/variable#73 http://www.ibm.com/timex#o http://ex.org/variable#85	1
http://ex.org/variable#73 http://www.ibm.com/timex#d http://ex.org/variable#86	1
http://ex.org/variable#73 http://www.ibm.com/timex#o http://ex.org/variable#87	1
http://ex.org/variable#73 http://www.ibm.com/timex#b http://ex.org/variable#88	1
http://ex.org/variable#73 http://www.ibm.com/timex#o http://ex.org/variable#89	1
http://ex.org/variable#73 http://www.ibm.com/timex#o_di_fi http://ex.org/variable#90	1
http://ex.org/variable#73 http://www.ibm.com/timex#d http://ex.org/variable#91	1
http://ex.org/variable#73 http://www.ibm.com/timex#o http://ex.org/variable#92	1
http://ex.org/variable#73 http://www.ibm.com/timex#o http://ex.org/variable#93	1
http://ex.org/variable#73 http://www.ibm.com/timex#oi http://ex.org/variable#94	1
http://ex.org/variable#73 http://www.ibm.com/timex#di http://ex.org/variable#95	1
http://ex.org/variable#73 http://www.ibm.com/timex#di http://ex.org/variable#96	1
http://ex.org/variable#73 http://www.ibm.com/timex#o http://ex.org/variable#97	1
http://ex.org/variable#73 http://www.ibm.com/timex#b_m_o http://ex.org/variable#98	1
http://ex.org/variable#73 http://www.ibm.com/timex#o http://ex.org/variable#99	1
http://ex.org/variable#73 http://www.ibm.com/timex#oi http://ex.org/variable#100	1
http://ex.org/variable#73 http://www.ibm.com/timex#o http://ex.org/variable#101	1
http://ex.org/variable#73 http://www.ibm.com/timex#di http://ex.org/variable#102	1
http://ex.org/variable#73 http://www.ibm.com/timex#d http://ex.org/variable#103	1
http://ex.org/variable#73 http://www.ibm.com/timex#b http://ex.org/variable#104	1
http://ex.org/variable#73 http://www.ibm.com/timex#o http://ex.org/variable#105	1
http://ex.org/variable#73 http://www.ibm.com/timex#d http://ex.org/variable#106	1
http://ex.org/variable#73 http://www.ibm.com/timex#o http://ex.org/variable#107	1
http://ex.org/variable#73 http://www.ibm.com/timex#di http://ex.org/variable#108	1
http://ex.org/variable#73 http://www.ibm.com/timex#di http://ex.org/variable#109	1
http://ex.org/variable#73 http://www.ibm.com/timex#d http://ex.org/variable#110	1
http://ex.org/variable#73 http://www.ibm.com/timex#di http://ex.org/variable#111	1
http://ex.org/variable#73 http://www.ibm.com/timex#oi_d_f http://ex.org/variable#112	1
http://ex.org/variable#73 http://www.ibm.com/timex#di http://ex.org/variable#113	1
http://ex.org/variable#73 http://www.ibm.com/timex#d http://ex.org/variable#114	1
http://ex.org/variable#73 http://www.ibm.com/timex#b http://ex.org/variable#115	1
http://ex.org/variable#73 http://www.ibm.com/timex#di http://ex.org/variable#116	1
http://ex.org/variable#73 http://www.ibm.com/timex#oi http://ex.org/variable#117	1
http://ex.org/variable#73 http://www.ibm.com/timex#oi http://ex.org/variable#118	1
http://ex.org/variable#73 http://www.ibm.com/timex#d http://ex.org/variable#119	1
http://ex.org/variable#73 http://www.ibm.com/timex#oi http://ex.org/variable#120	1
http://ex.org/variable#73 http://www.ibm.com/timex#b http://ex.org/variable#121	1
http://ex.org/variable#73 http://www.ibm.com/timex#d http://ex.org/variable#122	1
http://ex.org/variable#73 http://www.ibm.com/timex#o http://ex.org/variable#123	1
http://ex.org/variable#73 http://www.ibm.com/timex#oi http://ex.org/variable#124	1
http://ex.org/variable#73 http://www.ibm.com/timex#oi http://ex.org/variable#125	1
http://ex.org/variable#73 http://www.ibm.com/timex#o http://ex.org/variable#126	1
http://ex.org/variable#73 http://www.ibm.com/timex#o http://ex.org/variable#127	1
http://ex.org/variable#73 http://www.ibm.com/timex#o http://ex.org/variable#128	1
http://ex.org/variable#73 http://www.ibm.com/timex#oi http://ex.org/variable#129	1
http://ex.org/variable#73 http://www.ibm.com/timex#di http://ex.org/variable#130	1
http://ex.org/variable#73 http://www.ibm.com/timex#b http://ex.org/variable#131	1
http://ex.org/variable#73 http://www.ibm.com/timex#d http://ex.org/variable#132	1
http://ex.org/variable#73 http://www.ibm.com/timex#o http://ex.org/variable#133	1
http://ex.org/variable#73 http://www.ibm.com/timex#oi http://ex.org/variable#134	1
http://ex.org/variable#73 http://www.ibm.com/timex#d http://ex.org/variable#135	1
http://ex.org/variable#73 http://www.ibm.com/timex#d http://ex.org/variable#136	1
http://ex.org/variable#73 http://www.ibm.com/timex#di http://ex.org/variable#137	1
http://ex.org/variable#73 http://www.ibm.com/timex#o http://ex.org/variable#138	1
http://ex.org/variable#73 http://www.ibm.com/timex#di http://ex.org/variable#139	1
http://ex.org/variable#73 http://www.ibm.com/timex#di http://ex.org/variable#140	1
http://ex.org/variable#73 http://www.ibm.com/timex#d http://ex.org/variable#141	1
http://ex.org/variable#73 http://www.ibm.com/timex#oi http://ex.org/variable#142	1
http://ex.org/variable#73 http://www.ibm.com/timex#d http://ex.org/variable#143	1
http://ex.org/variable#73 http://www.ibm.com/timex#o http://ex.org/variable#144	1
http://ex.org/variable#73 http://www.ibm.com/timex#o http://ex.org/variable#145	1
http://ex.org/variable#73 http://www.ibm.com/timex#o http://ex.org/variable#146	1
http://ex.org/variable#73 http://www.ibm.com/timex#oi_f http://ex.org/variable#147	1
http://ex.org/variable#73 http://www.ibm.com/timex#o http://ex.org/variable#148	1
http://ex.org/variable#73 http://www.ibm.com/timex#oi http://ex.org/variable#149	1
http://ex.org/variable#73 http://www.ibm.com/timex#o http://ex.org/variable#150	1
http://ex.org/variable#73 http://www.ibm.com/timex#o http://ex.org/variable#151	1
http://ex.org/variable#73 http://www.ibm.com/timex#oi http://ex.org/variable#152	1
http://ex.org/variable#73 http://www.ibm.com/timex#d http://ex.org/variable#153	1
http://ex.org/variable#73 http://www.ibm.com/timex#di http://ex.org/variable#154	1
http://ex.org/variable#73 http://www.ibm.com/timex#d http://ex.org/variable#155	1
http://ex.org/variable#73 http://www.ibm.com/timex#o http://ex.org/variable#156	1
http://ex.org/variable#73 http://www.ibm.com/timex#oi http://ex.org/variable#157	1
http://ex.org/variable#73 http://www.ibm.com/timex#oi http://ex.org/variable#158	1
http://ex.org/variable#73 http://www.ibm.com/timex#o http://ex.org/variable#159	1
http://ex.org/variable#73 http://www.ibm.com/timex#o http://ex.org/variable#160	1
http://ex.org/variable#73 http://www.ibm.com/timex#di http://ex.org/variable#161	1
http://ex.org/variable#73 http://www.ibm.com/timex#oi http://ex.org/variable#162	1
http://ex.org/variable#73 http://www.ibm.com/timex#o http://ex.org/variable#163	1
http://ex.org/variable#73 http://www.ibm.com/timex#o http://ex.org/variable#164	1
http://ex.org/variable#73 http://www.ibm.com/timex#di http://ex.org/variable#165	1
http://ex.org/variable#73 http://www.ibm.com/timex#oi http://ex.org/variable#166	1
http://ex.org/variable#73 http://www.ibm.com/timex#oi http://ex.org/variable#167	1
http://ex.org/variable#73 http://www.ibm.com/timex#o http://ex.org/variable#168	1
http://ex.org/variable#73 http://www.ibm.com/timex#d http://ex.org/variable#169	1
http://ex.org/variable#73 http://www.ibm.com/timex#o http://ex.org/variable#170	1
http://ex.org/variable#73 http://www.ibm.com/timex#oi http://ex.org/variable#171	1
http://ex.org/variable#73 http://www.ibm.com/timex#oi http://ex.org/variable#172	1
http://ex.org/variable#73 http://www.ibm.com/timex#b http://ex.org/variable#173	1
http://ex.org/variable#73 http://www.ibm.com/timex#o http://ex.org/variable#174	1
http://ex.org/variable#73 http://www.ibm.com/timex#d http://ex.org/variable#175	1
http://ex.org/variable#73 http://www.ibm.com/timex#o http://ex.org/variable#176	1
http://ex.org/variable#73 http://www.ibm.com/timex#o http://ex.org/variable#177	1
http://ex.org/variable#73 http://www.ibm.com/timex#o http://ex.org/variable#178	1
http://ex.org/variable#73 http://www.ibm.com/timex#o http://ex.org/variable#179	1
http://ex.org/variable#73 http://www.ibm.com/timex#di http://ex.org/variable#180	1
http://ex.org/variable#73 http://www.ibm.com/timex#oi http://ex.org/variable#181	1
http://ex.org/variable#73 http://www.ibm.com/timex#di http://ex.org/variable#182	1
http://ex.org/variable#73 http://www.ibm.com/timex#o http://ex.org/variable#183	1
http://ex.org/variable#73 http://www.ibm.com/timex#oi http://ex.org/variable#184	1
http://ex.org/variable#73 http://www.ibm.com/timex#o http://ex.org/variable#185	1
http://ex.org/variable#73 http://www.ibm.com/timex#o http://ex.org/variable#186	1
http://ex.org/variable#73 http://www.ibm.com/timex#d http://ex.org/variable#187	1
http://ex.org/variable#73 http://www.ibm.com/timex#o_di_fi http://ex.org/variable#188	1
http://ex.org/variable#73 http://www.ibm.com/timex#di http://ex.org/variable#189	1
http://ex.org/variable#74 http://www.ibm.com/timex#o http://ex.org/variable#0	1
http://ex.org/variable#74 http://www.ibm.com/timex#o http://ex.org/variable#1	1
http://ex.org/variable#74 http://www.ibm.com/timex#o_di_fi http://ex.org/variable#2	1
http://ex.org/variable#74 http://www.ibm.com/timex#di http://ex.org/variable#3	1
http://ex.org/variable#74 http://www.ibm.com/timex#o http://ex.org/variable#4	1
http://ex.org/variable#74 http://www.ibm.com/timex#di http://ex.org/variable#5	1
http://ex.org/variable#74 http://www.ibm.com/timex#di http://ex.org/variable#6	1
http://ex.org/variable#74 http://www.ibm.com/timex#o http://ex.org/variable#7	1
http://ex.org/variable#74 http://www.ibm.com/timex#oi http://ex.org/variable#8	1
http://ex.org/variable#74 http://www.ibm.com/timex#o http://ex.org/variable#9	1
http://ex.org/variable#74 http://www.ibm.com/timex#di http://ex.org/variable#10	1
http://ex.org/variable#74 http://www.ibm.com/timex#oi_d_f http://ex.org/variable#11	1
http://ex.org/variable#74 http://www.ibm.com/timex#d http://ex.org/variable#12	1
http://ex.org/variable#74 http://www.ibm.com/timex#oi http://ex.org/variable#13	1
http://ex.org/variable#74 http://www.ibm.com/timex#di http://ex.org/variable#14	1
http://ex.org/variable#74 http://www.ibm.com/timex#oi http://ex.org/variable#15	1
http://ex.org/variable#74 http://www.ibm.com/timex#oi http://ex.org/variable#16	1
http://ex.org/variable#74 http://www.ibm.com/timex#di http://ex.org/variable#17	1
http://ex.org/variable#74 http://www.ibm.com/timex#di http://ex.org/variable#18	1
http://ex.org/variable#74 http://www.ibm.com/timex#oi http://ex.org/variable#19	1
http://ex.org/variable#74 http://www.ibm.com/timex#d http://ex.org/variable#20	1
http://ex.org/variable#74 http://www.ibm.com/timex#di http://ex.org/variable#21	1
http://ex.org/variable#74 http://www.ibm.com/timex#o http://ex.org/variable#22	1
http://ex.org/variable#74 http://www.ibm.com/timex#oi http://ex.org/variable#23	1
http://ex.org/variable#74 http://www.ibm.com/timex#d http://ex.org/variable#24	1
http://ex.org/variable#74 http://www.ibm.com/timex#oi http://ex.org/variable#25	1
http://ex.org/variable#74 http://www.ibm.com/timex#di http://ex.org/variable#26	1
http://ex.org/variable#74 http://www.ibm.com/timex#oi http://ex.org/variable#27	1
http://ex.org/variable#74 http://www.ibm.com/timex#di http://ex.org/variable#28	1
http://ex.org/variable#74 http://www.ibm.com/timex#di http://ex.org/variable#29	1
http://ex.org/variable#74 http://www.ibm.com/timex#di http://ex.org/variable#30	1
http://ex.org/variable#74 http://www.ibm.com/timex#oi http://ex.org/variable#31	1
http://ex.org/variable#74 http://www.ibm.com/timex#oi http://ex.org/variable#32	1
http://ex.org/variable#74 http://www.ibm.com/timex#o http://ex.org/variable#33	1
http://ex.org/variable#74 http://www.ibm.com/timex#oi http://ex.org/variable#34	1
http://ex.org/variable#74 http://www.ibm.com/timex#di http://ex.org/variable#35	1
http://ex.org/variable#74 http://www.ibm.com/timex#oi http://ex.org/variable#36	1
http://ex.org/variable#74 http://www.ibm.com/timex#oi http://ex.org/variable#37	1
http://ex.org/variable#74 http://www.ibm.com/timex#oi http://ex.org/variable#38	1
http://ex.org/variable#74 http://www.ibm.com/timex#di http://ex.org/variable#39	1
http://ex.org/variable#74 http://www.ibm.com/timex#oi http://ex.org/variable#40	1
http://ex.org/variable#74 http://www.ibm.com/timex#oi http://ex.org/variable#41	1
http://ex.org/variable#74 http://www.ibm.com/timex#o http://ex.org/variable#42	1
http://ex.org/variable#74 http://www.ibm.com/timex#oi http://ex.org/variable#43	1
http://ex.org/variable#74 http://www.ibm.com/timex#oi http://ex.org/variable#44	1
http://ex.org/variable#74 http://www.ibm.com/timex#o http://ex.org/variable#45	1
http://ex.org/variable#74 http://www.ibm.com/timex#oi http://ex.org/variable#46	1
http://ex.org/variable#74 http://www.ibm.com/timex#oi http://ex.org/variable#47	1
http://ex.org/variable#74 http://www.ibm.com/timex#di http://ex.org/variable#48	1
http://ex.org/variable#74 http://www.ibm.com/timex#oi http://ex.org/variable#49	1
http://ex.org/variable#74 http://www.ibm.com/timex#o http://ex.org/variable#50	1
http://ex.org/variable#74 http://www.ibm.com/timex#di http://ex.org/variable#51	1
http://ex.org/variable#74 http://www.ibm.com/timex#oi http://ex.org/variable#52	1
http://ex.org/variable#74 http://www.ibm.com/timex#oi http://ex.org/variable#53	1
http://ex.org/variable#74 http://www.ibm.com/timex#oi_si http://ex.org/variable#54	1
http://ex.org/variable#74 http://www.ibm.com/timex#di http://ex.org/variable#55	1
http://ex.org/variable#74 http://www.ibm.com/timex#di http://ex.org/variable#56	1
http://ex.org/variable#74 http://www.ibm.com/timex#oi http://ex.org/variable#57	1
http://ex.org/variable#74 http://www.ibm.com/timex#oi http://ex.org/variable#58	1
http://ex.org/variable#74 http://www.ibm.com/timex#d http://ex.org/variable#59	1
http://ex.org/variable#74 http://www.ibm.com/timex#d http://ex.org/variable#60	1
http://ex.org/variable#74 http://www.ibm.com/timex#d http://ex.org/variable#61	1
http://ex.org/variable#74 http://www.ibm.com/timex#o http://ex.org/variable#62	1
http://ex.org/variable#74 http://www.ibm.com/timex#oi http://ex.org/variable#63	1
http://ex.org/variable#74 http://www.ibm.com/timex#oi_d_f http://ex.org/variable#64	1
http://ex.org/variable#74 http://www.ibm.com/timex#oi http://ex.org/variable#65	1
http://ex.org/variable#74 http://www.ibm.com/timex#oi http://ex.org/variable#66	1
http://ex.org/variable#74 http://www.ibm.com/timex#o http://ex.org/variable#67	1
http://ex.org/variable#74 http://www.ibm.com/timex#o_di_fi http://ex.org/variable#68	1
http://ex.org/variable#74 http://www.ibm.com/timex#di http://ex.org/variable#69	1
http://ex.org/variable#74 http://www.ibm.com/timex#s http://ex.org/variable#70	1
http://ex.org/variable#74 http://www.ibm.com/timex#oi http://ex.org/variable#71	1
http://ex.org/variable#74 http://www.ibm.com/timex#di http://ex.org/variable#72	1
http://ex.org/variable#74 http://www.ibm.com/timex#oi http://ex.org/variable#73	1
http://ex.org/variable#74 http://www.ibm.com/timex#oi http://ex.org/variable#75	1
http://ex.org/variable#74 http://www.ibm.com/timex#di http://ex.org/variable#76	1
http://ex.org/variable#74 http://www.ibm.com/timex#o http://ex.org/variable#77	1
http://ex.org/variable#74 http://www.ibm.com/timex#di http://ex.org/variable#78	1
http://ex.org/variable#74 http://www.ibm.com/timex#oi http://ex.org/variable#79	1
http://ex.org/variable#74 http://www.ibm.com/timex#d http://ex.org/variable#80	1
http://ex.org/variable#74 http://www.ibm.com/timex#oi http://ex.org/variable#81	1
http://ex.org/variable#74 http://www.ibm.com/timex#di http://ex.org/variable#82	1
http://ex.org/variable#74 http://www.ibm.com/timex#oi http://ex.org/variable#83	1
http://ex.org/variable#74 http://www.ibm.com/timex#di http://ex.org/variable#84	1
http://ex.org/variable#74 http://www.ibm.com/timex#di http://ex.org/variable#85	1
http://ex.org/variable#74 http://www.ibm.com/timex#d http://ex.org/variable#86	1
http://ex.org/variable#74 http://www.ibm.com/timex#o_di_fi http://ex.org/variable#87	1
http://ex.org/variable#74 http://www.ibm.com/timex#di http://ex.org/variable#88	1
http://ex.org/variable#74 http://www.ibm.com/timex#o http://ex.org/variable#89	1
http://ex.org/variable#74 http://www.ibm.com/timex#di http://ex.org/variable#90	1
http://ex.org/variable#74 http://www.ibm.com/timex#d http://ex.org/variable#91	1
http://ex.org/variable#74 http://www.ibm.com/timex#o http://ex.org/variable#92	1
http://ex.org/variable#74 http://www.ibm.com/timex#di http://ex.org/variable#93	1
http://ex.org/variable#74 http://www.ibm.com/timex#oi http://ex.org/variable#94	1
http://ex.org/variable#74 http://www.ibm.com/timex#di http://ex.org/variable#95	1
http://ex.org/variable#74 http://www.ibm.com/timex#di http://ex.org/variable#96	1
http://ex.org/variable#74 http://www.ibm.com/timex#di http://ex.org/variable#97	1
http://ex.org/variable#74 http://www.ibm.com/timex#o_di_fi http://ex.org/variable#98	1
http://ex.org/variable#74 http://www.ibm.com/timex#di http://ex.org/variable#99	1
http://ex.org/variable#74 http://www.ibm.com/timex#oi http://ex.org/variable#100	1
http://ex.org/variable#74 http://www.ibm.com/timex#o_di_fi http://ex.org/variable#101	1
http://ex.org/variable#74 http://www.ibm.com/timex#di http://ex.org/variable#102	1
http://ex.org/variable#74 http://www.ibm.com/timex#oi http://ex.org/variable#103	1
http://ex.org/variable#74 http://www.ibm.com/timex#o_di_fi http://ex.org/variable#104	1
http://ex.org/variable#74 http://www.ibm.com/timex#di_si http://ex.org/variable#105	1
http://ex.org/variable#74 http://www.ibm.com/timex#d http://ex.org/variable#106	1
http://ex.org/variable#74 http://www.ibm.com/timex#di http://ex.org/variable#107	1
http://ex.org/variable#74 http://www.ibm.com/timex#di http://ex.org/variable#108	1
http://ex.org/variable#74 http://www.ibm.com/timex#di http://ex.org/variable#109	1
http://ex.org/variable#74 http://www.ibm.com/timex#oi_d_f http://ex.org/variable#110	1
http://ex.org/variable#74 http://www.ibm.com/timex#di http://ex.org/variable#111	1
http://ex.org/variable#74 http://www.ibm.com/timex#oi http://ex.org/variable#112	1
http://ex.org/variable#74 http://www.ibm.com/timex#di http://ex.org/variable#113	1
http://ex.org/variable#74 http://www.ibm.com/timex#oi http://ex.org/variable#114	1
http://ex.org/variable#74 http://www.ibm.com/timex#di http://ex.org/variable#115	1
http://ex.org/variable#74 http://www.ibm.com/timex#di http://ex.org/variable#116	1
http://ex.org/variable#74 http://www.ibm.com/timex#oi http://ex.org/variable#117	1
http://ex.org/variable#74 http://www.ibm.com/timex#oi http://ex.org/variable#118	1
http://ex.org/variable#74 http://www.ibm.com/timex#oi http://ex.org/variable#119	1
http://ex.org/variable#74 http://www.ibm.com/timex#oi http://ex.org/variable#120	1
http://ex.org/variable#74 http://www.ibm.com/timex#di http://ex.org/variable#121	1
http://ex.org/variable#74 http://www.ibm.com/timex#oi http://ex.org/variable#122	1
http://ex.org/variable#74 http://www.ibm.com/timex#o http://ex.org/variable#123	1
http://ex.org/variable#74 http://www.ibm.com/timex#oi http://ex.org/variable#124	1
http://ex.org/variable#74 http://www.ibm.com/timex#oi http://ex.org/variable#125	1
http://ex.org/variable#74 http://www.ibm.com/timex#di http://ex.org/variable#126	1
http://ex.org/variable#74 http://www.ibm.com/timex#di http://ex.org/variable#127	1
http://ex.org/variable#74 http://www.ibm.com/timex#o http://ex.org/variable#128	1
http://ex.org/variable#74 http://www.ibm.com/timex#oi http://ex.org/variable#129	1
http://ex.org/variable#74 http://www.ibm.com/timex#di http://ex.org/variable#130	1
http://ex.org/variable#74 http://www.ibm.com/timex#o http://ex.org/variable#131	1
http://ex.org/variable#74 http://www.ibm.com/timex#oi http://ex.org/variable#132	1
http://ex.org/variable#74 http://www.ibm.com/timex#o http://ex.org/variable#133	1
http://ex.org/variable#74 http://www.ibm.com/timex#oi http://ex.org/variable#134	1
http://ex.org/variable#74 http://www.ibm.com/timex#d http://ex.org/variable#135	1
http://ex.org/variable#74 http://www.ibm.com/timex#d http://ex.org/variable#136	1
http://ex.org/variable#74 http://www.ibm.com/timex#di http://ex.org/variable#137	1
http://ex.org/variable#74 http://www.ibm.com/timex#o http://ex.org/variable#138	1
http://ex.org/variable#74 http://www.ibm.com/timex#di http://ex.org/variable#139	1
http://ex.org/variable#74 http://www.ibm.com/timex#di http://ex.org/variable#140	1
http://ex.org/variable#74 http://www.ibm.com/timex#d http://ex.org/variable#141	1
http://ex.org/variable#74 http://www.ibm.com/timex#oi http://ex.org/variable#142	1
http://ex.org/variable#74 http://www.ibm.com/timex#d http://ex.org/variable#143	1
http://ex.org/variable#74 http://www.ibm.com/timex#o http://ex.org/variable#144	1
http://ex.org/variable#74 http://www.ibm.com/timex#di http://ex.org/variable#145	1
http://ex.org/variable#74 http://www.ibm.com/timex#o http://ex.org/variable#146	1
http://ex.org/variable#74 http://www.ibm.com/timex#oi http://ex.org/variable#147	1
http://ex.org/variable#74 http://www.ibm.com/timex#di http://ex.org/variable#148	1
http://ex.org/variable#74 http://www.ibm.com/timex#oi http://ex.org/variable#149	1
http://ex.org/variable#74 http://www.ibm.com/timex#o http://ex.org/variable#150	1
http://ex.org/variable#74 http://www.ibm.com/timex#o http://ex.org/variable#151	1
http://ex.org/variable#74 http://www.ibm.com/timex#oi http://ex.org/variable#152	1
http://ex.org/variable#74 http://www.ibm.com/timex#d http://ex.org/variable#153	1
http://ex.org/variable#74 http://www.ibm.com/timex#di http://ex.org/variable#154	1
http://ex.org/variable#74 http://www.ibm.com/timex#oi http://ex.org/variable#155	1
http://ex.org/variable#74 http://www.ibm.com/timex#oi_si http://ex.org/variable#156	1
http://ex.org/variable#74 http://www.ibm.com/timex#oi http://ex.org/variable#157	1
http://ex.org/variable#74 http://www.ibm.com/timex#oi http://ex.org/variable#158	1
http://ex.org/variable#74 http://www.ibm.com/timex#o http://ex.org/variable#159	1
http://ex.org/variable#74 http://www.ibm.com/timex#di http://ex.org/variable#160	1
http://ex.org/variable#74 http://www.ibm.com/timex#di http://ex.org/variable#161	1
http://ex.org/variable#74 http://www.ibm.com/timex#oi http://ex.org/variable#162	1
http://ex.org/variable#74 http://www.ibm.com/timex#di http://ex.org/variable#163	1
http://ex.org/variable#74 http://www.ibm.com/timex#o_di_fi http://ex.org/variable#164	1
http://ex.org/variable#74 http://www.ibm.com/timex#di http://ex.org/variable#165	1
http://ex.org/variable#74 http://www.ibm.com/timex#oi http://ex.org/variable#166	1
http://ex.org/variable#74 http://www.ibm.com/timex#oi http://ex.org/variable#167	1
http://ex.org/variable#74 http://www.ibm.com/timex#o_di_fi http://ex.org/variable#168	1
http://ex.org/variable#74 http://www.ibm.com/timex#oi http://ex.org/variable#169	1
http://ex.org/variable#74 http://www.ibm.com/timex#o http://ex.org/variable#170	1
http://ex.org/variable#74 http://www.ibm.com/timex#oi http://ex.org/variable#171	1
http://ex.org/variable#74 http://www.ibm.com/timex#oi http://ex.org/variable#172	1
http://ex.org/variable#74 http://www.ibm.com/timex#di http://ex.org/variable#173	1
http://ex.org/variable#74 http://www.ibm.com/timex#di http://ex.org/variable#174	1
http://ex.org/variable#74 http://www.ibm.com/timex#oi http://ex.org/variable#175	1
http://ex.org/variable#74 http://www.ibm.com/timex#o http://ex.org/variable#176	1
http://ex.org/variable#74 http://www.ibm.com/timex#di http://ex.org/variable#177	1
http://ex.org/variable#74 http://www.ibm.com/timex#o http://ex.org/variable#178	1
http://ex.org/variable#74 http://www.ibm.com/timex#di http://ex.org/variable#179	1
http://ex.org/variable#74 http://www.ibm.com/timex#di http://ex.org/variable#180	1
http://ex.org/variable#74 http://www.ibm.com/timex#oi http://ex.org/variable#181	1
http://ex.org/variable#74 http://www.ibm.com/timex#di http://ex.org/variable#182	1
http://ex.org/variable#74 http://www.ibm.com/timex#di http://ex.org/variable#183	1
http://ex.org/variable#74 http://www.ibm.com/timex#oi http://ex.org/variable#184	1
http://ex.org/variable#74 http://www.ibm.com/timex#di http://ex.org/variable#185	1
http://ex.org/variable#74 http://www.ibm.com/timex#di http://ex.org/variable#186	1
http://ex.org/variable#74 http://www.ibm.com/timex#oi http://ex.org/variable#187	1
http://ex.org/variable#74 http://www.ibm.com/timex#di http://ex.org/variable#188	1
http://ex.org/variable#74 http://www.ibm.com/timex#di http://ex.org/variable#189	1
http://ex.org/variable#75 http://www.ibm.com/timex#o http://ex.org/variable#0	1
http://ex.org/variable#75 http://www.ibm.com/timex#b_m_o http://ex.org/variable#1	1
http://ex.org/variable#75 http://www.ibm.com/timex#o http://ex.org/variable#2	1
http://ex.org/variable#75 http://www.ibm.com/timex#o http://ex.org/variable#3	1
http://ex.org/variable#75 http://www.ibm.com/timex#o http://ex.org/variable#4	1
http://ex.org/variable#75 http://www.ibm.com/timex#di http://ex.org/variable#5	1
http://ex.org/variable#75 http://www.ibm.com/timex#o http://ex.org/variable#6	1
http://ex.org/variable#75 http://www.ibm.com/timex#o http://ex.org/variable#7	1
http://ex.org/variable#75 http://www.ibm.com/timex#oi http://ex.org/variable#8	1
http://ex.org/variable#75 http://www.ibm.com/timex#o http://ex.org/variable#9	1
http://ex.org/variable#75 http://www.ibm.com/timex#o http://ex.org/variable#10	1
http://ex.org/variable#75 http://www.ibm.com/timex#s http://ex.org/variable#11	1
http://ex.org/variable#75 http://www.ibm.com/timex#d http://ex.org/variable#12	1
http://ex.org/variable#75 http://www.ibm.com/timex#oi http://ex.org/variable#13	1
http://ex.org/variable#75 http://www.ibm.com/timex#di http://ex.org/variable#14	1
http://ex.org/variable#75 http://www.ibm.com/timex#oi http://ex.org/variable#15	1
http://ex.org/variable#75 http://www.ibm.com/timex#di http://ex.org/variable#16	1
http://ex.org/variable#75 http://www.ibm.com/timex#b_o http://ex.org/variable#17	1
http://ex.org/variable#75 http://www.ibm.com/timex#o http://ex.org/variable#18	1
http://ex.org/variable#75 http://www.ibm.com/timex#oi http://ex.org/variable#19	1
http://ex.org/variable#75 http://www.ibm.com/timex#d http://ex.org/variable#20	1
http://ex.org/variable#75 http://www.ibm.com/timex#o http://ex.org/variable#21	1
http://ex.org/variable#75 http://www.ibm.com/timex#o http://ex.org/variable#22	1
http://ex.org/variable#75 http://www.ibm.com/timex#di http://ex.org/variable#23	1
http://ex.org/variable#75 http://www.ibm.com/timex#d http://ex.org/variable#24	1
http://ex.org/variable#75 http://www.ibm.com/timex#oi http://ex.org/variable#25	1
http://ex.org/variable#75 http://www.ibm.com/timex#o http://ex.org/variable#26	1
http://ex.org/variable#75 http://www.ibm.com/timex#oi http://ex.org/variable#27	1
http://ex.org/variable#75 http://www.ibm.com/timex#o http://ex.org/variable#28	1
http://ex.org/variable#75 http://www.ibm.com/timex#o http://ex.org/variable#29	1
http://ex.org/variable#75 http://www.ibm.com/timex#di http://ex.org/variable#30	1
http://ex.org/variable#75 http://www.ibm.com/timex#oi http://ex.org/variable#31	1
http://ex.org/variable#75 http://www.ibm.com/timex#oi http://ex.org/variable#32	1
http://ex.org/variable#75 http://www.ibm.com/timex#o http://ex.org/variable#33	1
http://ex.org/variable#75 http://www.ibm.com/timex#s http://ex.org/variable#34	1
http://ex.org/variable#75 http://www.ibm.com/timex#di http://ex.org/variable#35	1
http://ex.org/variable#75 http://www.ibm.com/timex#oi http://ex.org/variable#36	1
http://ex.org/variable#75 http://www.ibm.com/timex#oi http://ex.org/variable#37	1
http://ex.org/variable#75 http://www.ibm.com/timex#d http://ex.org/variable#38	1
http://ex.org/variable#75 http://www.ibm.com/timex#o_di_fi http://ex.org/variable#39	1
http://ex.org/variable#75 http://www.ibm.com/timex#oi http://ex.org/variable#40	1
http://ex.org/variable#75 http://www.ibm.com/timex#o http://ex.org/variable#41	1
http://ex.org/variable#75 http://www.ibm.com/timex#o http://ex.org/variable#42	1
http://ex.org/variable#75 http://www.ibm.com/timex#d http://ex.org/variable#43	1
http://ex.org/variable#75 http://www.ibm.com/timex#d http://ex.org/variable#44	1
http://ex.org/variable#75 http://www.ibm.com/timex#o http://ex.org/variable#45	1
http://ex.org/variable#75 http://www.ibm.com/timex#oi http://ex.org/variable#46	1
http://ex.org/variable#75 http://www.ibm.com/timex#oi http://ex.org/variable#47	1
http://ex.org/variable#75 http://www.ibm.com/timex#o http://ex.org/variable#48	1
http://ex.org/variable#75 http://www.ibm.com/timex#oi http://ex.org/variable#49	1
http://ex.org/variable#75 http://www.ibm.com/timex#o http://ex.org/variable#50	1
http://ex.org/variable#75 http://www.ibm.com/timex#o http://ex.org/variable#51	1
http://ex.org/variable#75 http://www.ibm.com/timex#d http://ex.org/variable#52	1
http://ex.org/variable#75 http://www.ibm.com/timex#d http://ex.org/variable#53	1
http://ex.org/variable#75 http://www.ibm.com/timex#o http://ex.org/variable#54	1
http://ex.org/variable#75 http://www.ibm.com/timex#o http://ex.org/variable#55	1
http://ex.org/variable#75 http://www.ibm.com/timex#di http://ex.org/variable#56	1
http://ex.org/variable#75 http://www.ibm.com/timex#oi http://ex.org/variable#57	1
http://ex.org/variable#75 http://www.ibm.com/timex#o_s http://ex.org/variable#58	1
http://ex.org/variable#75 http://www.ibm.com/timex#s http://ex.org/variable#59	1
http://ex.org/variable#75 http://www.ibm.com/timex#d http://ex.org/variable#60	1
http://ex.org/variable#75 http://www.ibm.com/timex#d http://ex.org/variable#61	1
http://ex.org/variable#75 http://www.ibm.com/timex#o http://ex.org/variable#62	1
http://ex.org/variable#75 http://www.ibm.com/timex#d http://ex.org/variable#63	1
http://ex.org/variable#75 http://www.ibm.com/timex#d http://ex.org/variable#64	1
http://ex.org/variable#75 http://www.ibm.com/timex#di http://ex.org/variable#65	1
http://ex.org/variable#75 http://www.ibm.com/timex#oi http://ex.org/variable#66	1
http://ex.org/variable#75 http://www.ibm.com/timex#o http://ex.org/variable#67	1
http://ex.org/variable#75 http://www.ibm.com/timex#o http://ex.org/variable#68	1
http://ex.org/variable#75 http://www.ibm.com/timex#di http://ex.org/variable#69	1
http://ex.org/variable#75 http://www.ibm.com/timex#o http://ex.org/variable#70	1
http://ex.org/variable#75 http://www.ibm.com/timex#oi http://ex.org/variable#71	1
http://ex.org/variable#75 http://www.ibm.com/timex#o http://ex.org/variable#72	1
http://ex.org/variable#75 http://www.ibm.com/timex#o http://ex.org/variable#73	1
http://ex.org/variable#75 http://www.ibm.com/timex#o http://ex.org/variable#74	1
http://ex.org/variable#75 http://www.ibm.com/timex#o http://ex.org/variable#76	1
http://ex.org/variable#75 http://www.ibm.com/timex#o http://ex.org/variable#77	1
http://ex.org/variable#75 http://www.ibm.com/timex#di http://ex.org/variable#78	1
http://ex.org/variable#75 http://www.ibm.com/timex#oi http://ex.org/variable#79	1
http://ex.org/variable#75 http://www.ibm.com/timex#d http://ex.org/variable#80	1
http://ex.org/variable#75 http://www.ibm.com/timex#oi http://ex.org/variable#81	1
http://ex.org/variable#75 http://www.ibm.com/timex#di http://ex.org/variable#82	1
http://ex.org/variable#75 http://www.ibm.com/timex#d http://ex.org/variable#83	1
http://ex.org/variable#75 http://www.ibm.com/timex#o http://ex.org/variable#84	1
http://ex.org/variable#75 http://www.ibm.com/timex#o http://ex.org/variable#85	1
http://ex.org/variable#75 http://www.ibm.com/timex#d http://ex.org/variable#86	1
http://ex.org/variable#75 http://www.ibm.com/timex#o http://ex.org/variable#87	1
http://ex.org/variable#75 http://www.ibm.com/timex#b http://ex.org/variable#88	1
http://ex.org/variable#75 http://www.ibm.com/timex#o http://ex.org/variable#89	1
http://ex.org/variable#75 http://www.ibm.com/timex#o_di_fi http://ex.org/variable#90	1
http://ex.org/variable#75 http://www.ibm.com/timex#o http://ex.org/variable#91	1
http://ex.org/variable#75 http://www.ibm.com/timex#o http://ex.org/variable#92	1
http://ex.org/variable#75 http://www.ibm.com/timex#o http://ex.org/variable#93	1
http://ex.org/variable#75 http://www.ibm.com/timex#oi http://ex.org/variable#94	1
http://ex.org/variable#75 http://www.ibm.com/timex#di http://ex.org/variable#95	1
http://ex.org/variable#75 http://www.ibm.com/timex#di http://ex.org/variable#96	1
http://ex.org/variable#75 http://www.ibm.com/timex#o http://ex.org/variable#97	1
http://ex.org/variable#75 http://www.ibm.com/timex#b_m_o http://ex.org/variable#98	1
http://ex.org/variable#75 http://www.ibm.com/timex#o http://ex.org/variable#99	1
http://ex.org/variable#75 http://www.ibm.com/timex#oi http://ex.org/variable#100	1
http://ex.org/variable#75 http://www.ibm.com/timex#o http://ex.org/variable#101	1
http://ex.org/variable#75 http://www.ibm.com/timex#di http://ex.org/variable#102	1
http://ex.org/variable#75 http://www.ibm.com/timex#d http://ex.org/variable#103	1
http://ex.org/variable#75 http://www.ibm.com/timex#b http://ex.org/variable#104	1
http://ex.org/variable#75 http://www.ibm.com/timex#o http://ex.org/variable#105	1
http://ex.org/variable#75 http://www.ibm.com/timex#d http://ex.org/variable#106	1
http://ex.org/variable#75 http://www.ibm.com/timex#o http://ex.org/variable#107	1
http://ex.org/variable#75 http://www.ibm.com/timex#di http://ex.org/variable#108	1
http://ex.org/variable#75 http://www.ibm.com/timex#di http://ex.org/variable#109	1
http://ex.org/variable#75 http://www.ibm.com/timex#d http://ex.org/variable#110	1
http://ex.org/variable#75 http://www.ibm.com/timex#di http://ex.org/variable#111	1
http://ex.org/variable#75 http://www.ibm.com/timex#oi_d http://ex.org/variable#112	1
http://ex.org/variable#75 http://www.ibm.com/timex#di http://ex.org/variable#113	1
http://ex.org/variable#75 http://www.ibm.com/timex#s http://ex.org/variable#114	1
http://ex.org/variable#75 http://www.ibm.com/timex#b http://ex.org/variable#115	1
http://ex.org/variable#75 http://www.ibm.com/timex#di http://ex.org/variable#116	1
http://ex.org/variable#75 http://www.ibm.com/timex#oi http://ex.org/variable#117	1
http://ex.org/variable#75 http://www.ibm.com/timex#oi http://ex.org/variable#118	1
http://ex.org/variable#75 http://www.ibm.com/timex#d http://ex.org/variable#119	1
http://ex.org/variable#75 http://www.ibm.com/timex#di http://ex.org/variable#120	1
http://ex.org/variable#75 http://www.ibm.com/timex#b http://ex.org/variable#121	1
http://ex.org/variable#75 http://www.ibm.com/timex#d http://ex.org/variable#122	1
http://ex.org/variable#75 http://www.ibm.com/timex#o http://ex.org/variable#123	1
http://ex.org/variable#75 http://www.ibm.com/timex#oi http://ex.org/variable#124	1
http://ex.org/variable#75 http://www.ibm.com/timex#oi http://ex.org/variable#125	1
http://ex.org/variable#75 http://www.ibm.com/timex#o http://ex.org/variable#126	1
http://ex.org/variable#75 http://www.ibm.com/timex#o http://ex.org/variable#127	1
http://ex.org/variable#75 http://www.ibm.com/timex#o http://ex.org/variable#128	1
http://ex.org/variable#75 http://www.ibm.com/timex#oi http://ex.org/variable#129	1
http://ex.org/variable#75 http://www.ibm.com/timex#di http://ex.org/variable#130	1
http://ex.org/variable#75 http://www.ibm.com/timex#b http://ex.org/variable#131	1
http://ex.org/variable#75 http://www.ibm.com/timex#d http://ex.org/variable#132	1
http://ex.org/variable#75 http://www.ibm.com/timex#o http://ex.org/variable#133	1
http://ex.org/variable#75 http://www.ibm.com/timex#oi http://ex.org/variable#134	1
http://ex.org/variable#75 http://www.ibm.com/timex#o http://ex.org/variable#135	1
http://ex.org/variable#75 http://www.ibm.com/timex#o http://ex.org/variable#136	1
http://ex.org/variable#75 http://www.ibm.com/timex#di http://ex.org/variable#137	1
http://ex.org/variable#75 http://www.ibm.com/timex#o http://ex.org/variable#138	1
http://ex.org/variable#75 http://www.ibm.com/timex#di http://ex.org/variable#139	1
http://ex.org/variable#75 http://www.ibm.com/timex#di http://ex.org/variable#140	1
http://ex.org/variable#75 http://www.ibm.com/timex#d http://ex.org/variable#141	1
http://ex.org/variable#75 http://www.ibm.com/timex#oi http://ex.org/variable#142	1
http://ex.org/variable#75 http://www.ibm.com/timex#d http://ex.org/variable#143	1
http://ex.org/variable#75 http://www.ibm.com/timex#o http://ex.org/variable#144	1
http://ex.org/variable#75 http://www.ibm.com/timex#o http://ex.org/variable#145	1
http://ex.org/variable#75 http://www.ibm.com/timex#o http://ex.org/variable#146	1
http://ex.org/variable#75 http://www.ibm.com/timex#o http://ex.org/variable#147	1
http://ex.org/variable#75 http://www.ibm.com/timex#o http://ex.org/variable#148	1
http://ex.org/variable#75 http://www.ibm.com/timex#oi http://ex.org/variable#149	1
http://ex.org/variable#75 http://www.ibm.com/timex#o http://ex.org/variable#150	1
http://ex.org/variable#75 http://www.ibm.com/timex#o http://ex.org/variable#151	1
http://ex.org/variable#75 http://www.ibm.com/timex#oi http://ex.org/variable#152	1
http://ex.org/variable#75 http://www.ibm.com/timex#o http://ex.org/variable#153	1
http://ex.org/variable#75 http://www.ibm.com/timex#di http://ex.org/variable#154	1
http://ex.org/variable#75 http://www.ibm.com/timex#d http://ex.org/variable#155	1
http://ex.org/variable#75 http://www.ibm.com/timex#o http://ex.org/variable#156	1
http://ex.org/variable#75 http://www.ibm.com/timex#di http://ex.org/variable#157	1
http://ex.org/variable#75 http://www.ibm.com/timex#si http://ex.org/variable#158	1
http://ex.org/variable#75 http://www.ibm.com/timex#o http://ex.org/variable#159	1
http://ex.org/variable#75 http://www.ibm.com/timex#o http://ex.org/variable#160	1
http://ex.org/variable#75 http://www.ibm.com/timex#di http://ex.org/variable#161	1
http://ex.org/variable#75 http://www.ibm.com/timex#si http://ex.org/variable#162	1
http://ex.org/variable#75 http://www.ibm.com/timex#o http://ex.org/variable#163	1
http://ex.org/variable#75 http://www.ibm.com/timex#o http://ex.org/variable#164	1
http://ex.org/variable#75 http://www.ibm.com/timex#di http://ex.org/variable#165	1
http://ex.org/variable#75 http://www.ibm.com/timex#oi http://ex.org/variable#166	1
http://ex.org/variable#75 http://www.ibm.com/timex#oi http://ex.org/variable#167	1
http://ex.org/variable#75 http://www.ibm.com/timex#o http://ex.org/variable#168	1
http://ex.org/variable#75 http://www.ibm.com/timex#d http://ex.org/variable#169	1
http://ex.org/variable#75 http://www.ibm.com/timex#o http://ex.org/variable#170	1
http://ex.org/variable#75 http://www.ibm.com/timex#oi http://ex.org/variable#171	1
http://ex.org/variable#75 http://www.ibm.com/timex#oi http://ex.org/variable#172	1
http://ex.org/variable#75 http://www.ibm.com/timex#b http://ex.org/variable#173	1
http://ex.org/variable#75 http://www.ibm.com/timex#o http://ex.org/variable#174	1
http://ex.org/variable#75 http://www.ibm.com/timex#d http://ex.org/variable#175	1
http://ex.org/variable#75 http://www.ibm.com/timex#o http://ex.org/variable#176	1
http://ex.org/variable#75 http://www.ibm.com/timex#o http://ex.org/variable#177	1
http://ex.org/variable#75 http://www.ibm.com/timex#o http://ex.org/variable#178	1
http://ex.org/variable#75 http://www.ibm.com/timex#o http://ex.org/variable#179	1
http://ex.org/variable#75 http://www.ibm.com/timex#di http://ex.org/variable#180	1
http://ex.org/variable#75 http://www.ibm.com/timex#oi http://ex.org/variable#181	1
http://ex.org/variable#75 http://www.ibm.com/timex#di http://ex.org/variable#182	1
http://ex.org/variable#75 http://www.ibm.com/timex#o http://ex.org/variable#183	1
http://ex.org/variable#75 http://www.ibm.com/timex#oi http://ex.org/variable#184	1
http://ex.org/variable#75 http://www.ibm.com/timex#o http://ex.org/variable#185	1
http://ex.org/variable#75 http://www.ibm.com/timex#o http://ex.org/variable#186	1
http://ex.org/variable#75 http://www.ibm.com/timex#d http://ex.org/variable#187	1
http://ex.org/variable#75 http://www.ibm.com/timex#o_di_fi http://ex.org/variable#188	1
http://ex.org/variable#75 http://www.ibm.com/timex#di http://ex.org/variable#189	1
http://ex.org/variable#76 http://www.ibm.com/timex#o http://ex.org/variable#0	1
http://ex.org/variable#76 http://www.ibm.com/timex#o http://ex.org/variable#1	1
http://ex.org/variable#76 http://www.ibm.com/timex#o http://ex.org/variable#2	1
http://ex.org/variable#76 http://www.ibm.com/timex#di http://ex.org/variable#3	1
http://ex.org/variable#76 http://www.ibm.com/timex#o http://ex.org/variable#4	1
http://ex.org/variable#76 http://www.ibm.com/timex#oi http://ex.org/variable#5	1
http://ex.org/variable#76 http://www.ibm.com/timex#di http://ex.org/variable#6	1
http://ex.org/variable#76 http://www.ibm.com/timex#o http://ex.org/variable#7	1
http://ex.org/variable#76 http://www.ibm.com/timex#oi http://ex.org/variable#8	1
http://ex.org/variable#76 http://www.ibm.com/timex#o http://ex.org/variable#9	1
http://ex.org/variable#76 http://www.ibm.com/timex#o http://ex.org/variable#10	1
http://ex.org/variable#76 http://www.ibm.com/timex#d http://ex.org/variable#11	1
http://ex.org/variable#76 http://www.ibm.com/timex#d http://ex.org/variable#12	1
http://ex.org/variable#76 http://www.ibm.com/timex#oi http://ex.org/variable#13	1
http://ex.org/variable#76 http://www.ibm.com/timex#di http://ex.org/variable#14	1
http://ex.org/variable#76 http://www.ibm.com/timex#oi http://ex.org/variable#15	1
http://ex.org/variable#76 http://www.ibm.com/timex#oi http://ex.org/variable#16	1
http://ex.org/variable#76 http://www.ibm.com/timex#di http://ex.org/variable#17	1
http://ex.org/variable#76 http://www.ibm.com/timex#oi http://ex.org/variable#18	1
http://ex.org/variable#76 http://www.ibm.com/timex#oi http://ex.org/variable#19	1
http://ex.org/variable#76 http://www.ibm.com/timex#d http://ex.org/variable#20	1
http://ex.org/variable#76 http://www.ibm.com/timex#o http://ex.org/variable#21	1
http://ex.org/variable#76 http://www.ibm.com/timex#d http://ex.org/variable#22	1
http://ex.org/variable#76 http://www.ibm.com/timex#oi http://ex.org/variable#23	1
http://ex.org/variable#76 http://www.ibm.com/timex#d http://ex.org/variable#24	1
http://ex.org/variable#76 http://www.ibm.com/timex#bi_mi_oi http://ex.org/variable#25	1
http://ex.org/variable#76 http://www.ibm.com/timex#di http://ex.org/variable#26	1
http://ex.org/variable#76 http://www.ibm.com/timex#oi http://ex.org/variable#27	1
http://ex.org/variable#76 http://www.ibm.com/timex#o_di_fi http://ex.org/variable#28	1
http://ex.org/variable#76 http://www.ibm.com/timex#o http://ex.org/variable#29	1
http://ex.org/variable#76 http://www.ibm.com/timex#di http://ex.org/variable#30	1
http://ex.org/variable#76 http://www.ibm.com/timex#oi http://ex.org/variable#31	1
http://ex.org/variable#76 http://www.ibm.com/timex#oi http://ex.org/variable#32	1
http://ex.org/variable#76 http://www.ibm.com/timex#o http://ex.org/variable#33	1
http://ex.org/variable#76 http://www.ibm.com/timex#oi http://ex.org/variable#34	1
http://ex.org/variable#76 http://www.ibm.com/timex#di http://ex.org/variable#35	1
http://ex.org/variable#76 http://www.ibm.com/timex#oi http://ex.org/variable#36	1
http://ex.org/variable#76 http://www.ibm.com/timex#oi http://ex.org/variable#37	1
http://ex.org/variable#76 http://www.ibm.com/timex#oi http://ex.org/variable#38	1
http://ex.org/variable#76 http://www.ibm.com/timex#di http://ex.org/variable#39	1
http://ex.org/variable#76 http://www.ibm.com/timex#oi http://ex.org/variable#40	1
http://ex.org/variable#76 http://www.ibm.com/timex#d http://ex.org/variable#41	1
http://ex.org/variable#76 http://www.ibm.com/timex#o http://ex.org/variable#42	1
http://ex.org/variable#76 http://www.ibm.com/timex#oi http://ex.org/variable#43	1
http://ex.org/variable#76 http://www.ibm.com/timex#oi http://ex.org/variable#44	1
http://ex.org/variable#76 http://www.ibm.com/timex#o http://ex.org/variable#45	1
http://ex.org/variable#76 http://www.ibm.com/timex#oi http://ex.org/variable#46	1
http://ex.org/variable#76 http://www.ibm.com/timex#oi http://ex.org/variable#47	1
http://ex.org/variable#76 http://www.ibm.com/timex#di http://ex.org/variable#48	1
http://ex.org/variable#76 http://www.ibm.com/timex#oi http://ex.org/variable#49	1
http://ex.org/variable#76 http://www.ibm.com/timex#o http://ex.org/variable#50	1
http://ex.org/variable#76 http://www.ibm.com/timex#di http://ex.org/variable#51	1
http://ex.org/variable#76 http://www.ibm.com/timex#oi http://ex.org/variable#52	1
http://ex.org/variable#76 http://www.ibm.com/timex#d http://ex.org/variable#53	1
http://ex.org/variable#76 http://www.ibm.com/timex#oi http://ex.org/variable#54	1
http://ex.org/variable#76 http://www.ibm.com/timex#di http://ex.org/variable#55	1
http://ex.org/variable#76 http://www.ibm.com/timex#di http://ex.org/variable#56	1
http://ex.org/variable#76 http://www.ibm.com/timex#oi http://ex.org/variable#57	1
http://ex.org/variable#76 http://www.ibm.com/timex#oi http://ex.org/variable#58	1
http://ex.org/variable#76 http://www.ibm.com/timex#d http://ex.org/variable#59	1
http://ex.org/variable#76 http://www.ibm.com/timex#d http://ex.org/variable#60	1
http://ex.org/variable#76 http://www.ibm.com/timex#d http://ex.org/variable#61	1
http://ex.org/variable#76 http://www.ibm.com/timex#o http://ex.org/variable#62	1
http://ex.org/variable#76 http://www.ibm.com/timex#oi http://ex.org/variable#63	1
http://ex.org/variable#76 http://www.ibm.com/timex#d http://ex.org/variable#64	1
http://ex.org/variable#76 http://www.ibm.com/timex#bi http://ex.org/variable#65	1
http://ex.org/variable#76 http://www.ibm.com/timex#oi http://ex.org/variable#66	1
http://ex.org/variable#76 http://www.ibm.com/timex#d http://ex.org/variable#67	1
http://ex.org/variable#76 http://www.ibm.com/timex#o http://ex.org/variable#68	1
http://ex.org/variable#76 http://www.ibm.com/timex#di http://ex.org/variable#69	1
http://ex.org/variable#76 http://www.ibm.com/timex#d http://ex.org/variable#70	1
http://ex.org/variable#76 http://www.ibm.com/timex#oi http://ex.org/variable#71	1
http://ex.org/variable#76 http://www.ibm.com/timex#di http://ex.org/variable#72	1
http://ex.org/variable#76 http://www.ibm.com/timex#oi http://ex.org/variable#73	1
http://ex.org/variable#76 http://www.ibm.com/timex#d http://ex.org/variable#74	1
http://ex.org/variable#76 http://www.ibm.com/timex#oi http://ex.org/variable#75	1
http://ex.org/variable#76 http://www.ibm.com/timex#d http://ex.org/variable#77	1
http://ex.org/variable#76 http://www.ibm.com/timex#di http://ex.org/variable#78	1
http://ex.org/variable#76 http://www.ibm.com/timex#oi http://ex.org/variable#79	1
http://ex.org/variable#76 http://www.ibm.com/timex#d http://ex.org/variable#80	1
http://ex.org/variable#76 http://www.ibm.com/timex#oi http://ex.org/variable#81	1
http://ex.org/variable#76 http://www.ibm.com/timex#oi http://ex.org/variable#82	1
http://ex.org/variable#76 http://www.ibm.com/timex#d http://ex.org/variable#83	1
http://ex.org/variable#76 http://www.ibm.com/timex#di http://ex.org/variable#84	1
http://ex.org/variable#76 http://www.ibm.com/timex#di http://ex.org/variable#85	1
http://ex.org/variable#76 http://www.ibm.com/timex#d http://ex.org/variable#86	1
http://ex.org/variable#76 http://www.ibm.com/timex#o http://ex.org/variable#87	1
http://ex.org/variable#76 http://www.ibm.com/timex#m_o http://ex.org/variable#88	1
http://ex.org/variable#76 http://www.ibm.com/timex#o http://ex.org/variable#89	1
http://ex.org/variable#76 http://www.ibm.com/timex#di http://ex.org/variable#90	1
http://ex.org/variable#76 http://www.ibm.com/timex#d http://ex.org/variable#91	1
http://ex.org/variable#76 http://www.ibm.com/timex#o http://ex.org/variable#92	1
http://ex.org/variable#76 http://www.ibm.com/timex#d_f http://ex.org/variable#93	1
http://ex.org/variable#76 http://www.ibm.com/timex#oi http://ex.org/variable#94	1
http://ex.org/variable#76 http://www.ibm.com/timex#di http://ex.org/variable#95	1
http://ex.org/variable#76 http://www.ibm.com/timex#mi_oi http://ex.org/variable#96	1
http://ex.org/variable#76 http://www.ibm.com/timex#o http://ex.org/variable#97	1
http://ex.org/variable#76 http://www.ibm.com/timex#o http://ex.org/variable#98	1
http://ex.org/variable#76 http://www.ibm.com/timex#di_fi http://ex.org/variable#99	1
http://ex.org/variable#76 http://www.ibm.com/timex#oi http://ex.org/variable#100	1
http://ex.org/variable#76 http://www.ibm.com/timex#o http://ex.org/variable#101	1
http://ex.org/variable#76 http://www.ibm.com/timex#di http://ex.org/variable#102	1
http://ex.org/variable#76 http://www.ibm.com/timex#oi http://ex.org/variable#103	1
http://ex.org/variable#76 http://www.ibm.com/timex#b http://ex.org/variable#104	1
http://ex.org/variable#76 http://www.ibm.com/timex#d http://ex.org/variable#105	1
http://ex.org/variable#76 http://www.ibm.com/timex#d http://ex.org/variable#106	1
http://ex.org/variable#76 http://www.ibm.com/timex#di http://ex.org/variable#107	1
http://ex.org/variable#76 http://www.ibm.com/timex#di http://ex.org/variable#108	1
http://ex.org/variable#76 http://www.ibm.com/timex#di http://ex.org/variable#109	1
http://ex.org/variable#76 http://www.ibm.com/timex#d http://ex.org/variable#110	1
http://ex.org/variable#76 http://www.ibm.com/timex#di http://ex.org/variable#111	1
http://ex.org/variable#76 http://www.ibm.com/timex#oi http://ex.org/variable#112	1
http://ex.org/variable#76 http://www.ibm.com/timex#di http://ex.org/variable#113	1
http://ex.org/variable#76 http://www.ibm.com/timex#oi http://ex.org/variable#114	1
http://ex.org/variable#76 http://www.ibm.com/timex#b http://ex.org/variable#115	1
http://ex.org/variable#76 http://www.ibm.com/timex#di http://ex.org/variable#116	1
http://ex.org/variable#76 http://www.ibm.com/timex#oi http://ex.org/variable#117	1
http://ex.org/variable#76 http://www.ibm.com/timex#oi http://ex.org/variable#118	1
http://ex.org/variable#76 http://www.ibm.com/timex#d http://ex.org/variable#119	1
http://ex.org/variable#76 http://www.ibm.com/timex#oi http://ex.org/variable#120	1
http://ex.org/variable#76 http://www.ibm.com/timex#b http://ex.org/variable#121	1
http://ex.org/variable#76 http://www.ibm.com/timex#oi http://ex.org/variable#122	1
http://ex.org/variable#76 http://www.ibm.com/timex#o http://ex.org/variable#123	1
http://ex.org/variable#76 http://www.ibm.com/timex#oi http://ex.org/variable#124	1
http://ex.org/variable#76 http://www.ibm.com/timex#oi http://ex.org/variable#125	1
http://ex.org/variable#76 http://www.ibm.com/timex#di http://ex.org/variable#126	1
http://ex.org/variable#76 http://www.ibm.com/timex#o http://ex.org/variable#127	1
http://ex.org/variable#76 http://www.ibm.com/timex#o http://ex.org/variable#128	1
http://ex.org/variable#76 http://www.ibm.com/timex#oi http://ex.org/variable#129	1
http://ex.org/variable#76 http://www.ibm.com/timex#di http://ex.org/variable#130	1
http://ex.org/variable#76 http://www.ibm.com/timex#o http://ex.org/variable#131	1
http://ex.org/variable#76 http://www.ibm.com/timex#d http://ex.org/variable#132	1
http://ex.org/variable#76 http://www.ibm.com/timex#o http://ex.org/variable#133	1
http://ex.org/variable#76 http://www.ibm.com/timex#oi http://ex.org/variable#134	1
http://ex.org/variable#76 http://www.ibm.com/timex#d http://ex.org/variable#135	1
http://ex.org/variable#76 http://www.ibm.com/timex#d http://ex.org/variable#136	1
http://ex.org/variable#76 http://www.ibm.com/timex#di http://ex.org/variable#137	1
http://ex.org/variable#76 http://www.ibm.com/timex#o http://ex.org/variable#138	1
http://ex.org/variable#76 http://www.ibm.com/timex#di http://ex.org/variable#139	1
http://ex.org/variable#76 http://www.ibm.com/timex#di http://ex.org/variable#140	1
http://ex.org/variable#76 http://www.ibm.com/timex#d http://ex.org/variable#141	1
http://ex.org/variable#76 http://www.ibm.com/timex#oi http://ex.org/variable#142	1
http://ex.org/variable#76 http://www.ibm.com/timex#d http://ex.org/variable#143	1
http://ex.org/variable#76 http://www.ibm.com/timex#o http://ex.org/variable#144	1
http://ex.org/variable#76 http://www.ibm.com/timex#o http://ex.org/variable#145	1
http://ex.org/variable#76 http://www.ibm.com/timex#o http://ex.org/variable#146	1
http://ex.org/variable#76 http://www.ibm.com/timex#oi http://ex.org/variable#147	1
http://ex.org/variable#76 http://www.ibm.com/timex#di http://ex.org/variable#148	1
http://ex.org/variable#76 http://www.ibm.com/timex#oi http://ex.org/variable#149	1
http://ex.org/variable#76 http://www.ibm.com/timex#o http://ex.org/variable#150	1
http://ex.org/variable#76 http://www.ibm.com/timex#o http://ex.org/variable#151	1
http://ex.org/variable#76 http://www.ibm.com/timex#bi http://ex.org/variable#152	1
http://ex.org/variable#76 http://www.ibm.com/timex#d http://ex.org/variable#153	1
http://ex.org/variable#76 http://www.ibm.com/timex#di http://ex.org/variable#154	1
http://ex.org/variable#76 http://www.ibm.com/timex#oi http://ex.org/variable#155	1
http://ex.org/variable#76 http://www.ibm.com/timex#oi http://ex.org/variable#156	1
http://ex.org/variable#76 http://www.ibm.com/timex#bi http://ex.org/variable#157	1
http://ex.org/variable#76 http://www.ibm.com/timex#oi http://ex.org/variable#158	1
http://ex.org/variable#76 http://www.ibm.com/timex#o http://ex.org/variable#159	1
http://ex.org/variable#76 http://www.ibm.com/timex#o http://ex.org/variable#160	1
http://ex.org/variable#76 http://www.ibm.com/timex#di http://ex.org/variable#161	1
http://ex.org/variable#76 http://www.ibm.com/timex#oi http://ex.org/variable#162	1
http://ex.org/variable#76 http://www.ibm.com/timex#o http://ex.org/variable#163	1
http://ex.org/variable#76 http://www.ibm.com/timex#o http://ex.org/variable#164	1
http://ex.org/variable#76 http://www.ibm.com/timex#di http://ex.org/variable#165	1
http://ex.org/variable#76 http://www.ibm.com/timex#oi http://ex.org/variable#166	1
http://ex.org/variable#76 http://www.ibm.com/timex#oi http://ex.org/variable#167	1
http://ex.org/variable#76 http://www.ibm.com/timex#o http://ex.org/variable#168	1
http://ex.org/variable#76 http://www.ibm.com/timex#d http://ex.org/variable#169	1
http://ex.org/variable#76 http://www.ibm.com/timex#o http://ex.org/variable#170	1
http://ex.org/variable#76 http://www.ibm.com/timex#oi http://ex.org/variable#171	1
http://ex.org/variable#76 http://www.ibm.com/timex#bi http://ex.org/variable#172	1
http://ex.org/variable#76 http://www.ibm.com/timex#di http://ex.org/variable#173	1
http://ex.org/variable#76 http://www.ibm.com/timex#di http://ex.org/variable#174	1
http://ex.org/variable#76 http://www.ibm.com/timex#oi http://ex.org/variable#175	1
http://ex.org/variable#76 http://www.ibm.com/timex#o http://ex.org/variable#176	1
http://ex.org/variable#76 http://www.ibm.com/timex#di http://ex.org/variable#177	1
http://ex.org/variable#76 http://www.ibm.com/timex#o http://ex.org/variable#178	1
http://ex.org/variable#76 http://www.ibm.com/timex#o http://ex.org/variable#179	1
http://ex.org/variable#76 http://www.ibm.com/timex#bi http://ex.org/variable#180	1
http://ex.org/variable#76 http://www.ibm.com/timex#oi http://ex.org/variable#181	1
http://ex.org/variable#76 http://www.ibm.com/timex#di http://ex.org/variable#182	1
http://ex.org/variable#76 http://www.ibm.com/timex#o http://ex.org/variable#183	1
http://ex.org/variable#76 http://www.ibm.com/timex#oi http://ex.org/variable#184	1
http://ex.org/variable#76 http://www.ibm.com/timex#di http://ex.org/variable#185	1
http://ex.org/variable#76 http://www.ibm.com/timex#o http://ex.org/variable#186	1
http://ex.org/variable#76 http://www.ibm.com/timex#oi http://ex.org/variable#187	1
http://ex.org/variable#76 http://www.ibm.com/timex#di http://ex.org/variable#188	1
http://ex.org/variable#76 http://www.ibm.com/timex#di http://ex.org/variable#189	1
http://ex.org/variable#77 http://www.ibm.com/timex#di http://ex.org/variable#0	1
http://ex.org/variable#77 http://www.ibm.com/timex#di http://ex.org/variable#1	1
http://ex.org/variable#77 http://www.ibm.com/timex#di http://ex.org/variable#2	1
http://ex.org/variable#77 http://www.ibm.com/timex#di http://ex.org/variable#3	1
http://ex.org/variable#77 http://www.ibm.com/timex#o_di_fi http://ex.org/variable#4	1
http://ex.org/variable#77 http://www.ibm.com/timex#di http://ex.org/variable#5	1
http://ex.org/variable#77 http://www.ibm.com/timex#di http://ex.org/variable#6	1
http://ex.org/variable#77 http://www.ibm.com/timex#di http://ex.org/variable#7	1
http://ex.org/variable#77 http://www.ibm.com/timex#oi http://ex.org/variable#8	1
http://ex.org/variable#77 http://www.ibm.com/timex#o_di http://ex.org/variable#9	1
http://ex.org/variable#77 http://www.ibm.com/timex#di http://ex.org/variable#10	1
http://ex.org/variable#77 http://www.ibm.com/timex#oi http://ex.org/variable#11	1
http://ex.org/variable#77 http://www.ibm.com/timex#oi http://ex.org/variable#12	1
http://ex.org/variable#77 http://www.ibm.com/timex#oi http://ex.org/variable#13	1
http://ex.org/variable#77 http://www.ibm.com/timex#di http://ex.org/variable#14	1
http://ex.org/variable#77 http://www.ibm.com/timex#oi http://ex.org/variable#15	1
http://ex.org/variable#77 http://www.ibm.com/timex#oi http://ex.org/variable#16	1
http://ex.org/variable#77 http://www.ibm.com/timex#di http://ex.org/variable#17	1
http://ex.org/variable#77 http://www.ibm.com/timex#si http://ex.org/variable#18	1
http://ex.org/variable#77 http://www.ibm.com/timex#oi http://ex.org/variable#19	1
http://ex.org/variable#77 http://www.ibm.com/timex#oi_d_f http://ex.org/variable#20	1
http://ex.org/variable#77 http://www.ibm.com/timex#di http://ex.org/variable#21	1
http://ex.org/variable#77 http://www.ibm.com/timex#si http://ex.org/variable#22	1
http://ex.org/variable#77 http://www.ibm.com/timex#oi http://ex.org/variable#23	1
http://ex.org/variable#77 http://www.ibm.com/timex#oi http://ex.org/variable#24	1
http://ex.org/variable#77 http://www.ibm.com/timex#oi http://ex.org/variable#25	1
http://ex.org/variable#77 http://www.ibm.com/timex#di http://ex.org/variable#26	1
http://ex.org/variable#77 http://www.ibm.com/timex#oi http://ex.org/variable#27	1
http://ex.org/variable#77 http://www.ibm.com/timex#di http://ex.org/variable#28	1
http://ex.org/variable#77 http://www.ibm.com/timex#di http://ex.org/variable#29	1
http://ex.org/variable#77 http://www.ibm.com/timex#di http://ex.org/variable#30	1
http://ex.org/variable#77 http://www.ibm.com/timex#oi http://ex.org/variable#31	1
http://ex.org/variable#77 http://www.ibm.com/timex#oi http://ex.org/variable#32	1
http://ex.org/variable#77 http://www.ibm.com/timex#o_di_fi http://ex.org/variable#33	1
http://ex.org/variable#77 http://www.ibm.com/timex#oi http://ex.org/variable#34	1
http://ex.org/variable#77 http://www.ibm.com/timex#di http://ex.org/variable#35	1
http://ex.org/variable#77 http://www.ibm.com/timex#oi http://ex.org/variable#36	1
http://ex.org/variable#77 http://www.ibm.com/timex#oi http://ex.org/variable#37	1
http://ex.org/variable#77 http://www.ibm.com/timex#oi http://ex.org/variable#38	1
http://ex.org/variable#77 http://www.ibm.com/timex#di http://ex.org/variable#39	1
http://ex.org/variable#77 http://www.ibm.com/timex#oi http://ex.org/variable#40	1
http://ex.org/variable#77 http://www.ibm.com/timex#oi http://ex.org/variable#41	1
http://ex.org/variable#77 http://www.ibm.com/timex#di http://ex.org/variable#42	1
http://ex.org/variable#77 http://www.ibm.com/timex#oi http://ex.org/variable#43	1
http://ex.org/variable#77 http://www.ibm.com/timex#oi http://ex.org/variable#44	1
http://ex.org/variable#77 http://www.ibm.com/timex#o_di_fi http://ex.org/variable#45	1
http://ex.org/variable#77 http://www.ibm.com/timex#oi http://ex.org/variable#46	1
http://ex.org/variable#77 http://www.ibm.com/timex#oi http://ex.org/variable#47	1
http://ex.org/variable#77 http://www.ibm.com/timex#di http://ex.org/variable#48	1
http://ex.org/variable#77 http://www.ibm.com/timex#oi http://ex.org/variable#49	1
http://ex.org/variable#77 http://www.ibm.com/timex#di http://ex.org/variable#50	1
http://ex.org/variable#77 http://www.ibm.com/timex#di http://ex.org/variable#51	1
http://ex.org/variable#77 http://www.ibm.com/timex#oi http://ex.org/variable#52	1
http://ex.org/variable#77 http://www.ibm.com/timex#oi http://ex.org/variable#53	1
http://ex.org/variable#77 http://www.ibm.com/timex#oi http://ex.org/variable#54	1
http://ex.org/variable#77 http://www.ibm.com/timex#di http://ex.org/variable#55	1
http://ex.org/variable#77 http://www.ibm.com/timex#di http://ex.org/variable#56	1
http://ex.org/variable#77 http://www.ibm.com/timex#oi http://ex.org/variable#57	1
http://ex.org/variable#77 http://www.ibm.com/timex#oi http://ex.org/variable#58	1
http://ex.org/variable#77 http://www.ibm.com/timex#oi_d_f http://ex.org/variable#59	1
http://ex.org/variable#77 http://www.ibm.com/timex#oi http://ex.org/variable#60	1
http://ex.org/variable#77 http://www.ibm.com/timex#oi http://ex.org/variable#61	1
http://ex.org/variable#77 http://www.ibm.com/timex#di http://ex.org/variable#62	1
http://ex.org/variable#77 http://www.ibm.com/timex#oi http://ex.org/variable#63	1
http://ex.org/variable#77 http://www.ibm.com/timex#oi http://ex.org/variable#64	1
http://ex.org/variable#77 http://www.ibm.com/timex#oi http://ex.org/variable#65	1
http://ex.org/variable#77 http://www.ibm.com/timex#oi http://ex.org/variable#66	1
http://ex.org/variable#77 http://www.ibm.com/timex#oi_f http://ex.org/variable#67	1
http://ex.org/variable#77 http://www.ibm.com/timex#di http://ex.org/variable#68	1
http://ex.org/variable#77 http://www.ibm.com/timex#di http://ex.org/variable#69	1
http://ex.org/variable#77 http://www.ibm.com/timex#d http://ex.org/variable#70	1
http://ex.org/variable#77 http://www.ibm.com/timex#oi http://ex.org/variable#71	1
http://ex.org/variable#77 http://www.ibm.com/timex#di http://ex.org/variable#72	1
http://ex.org/variable#77 http://www.ibm.com/timex#oi http://ex.org/variable#73	1
http://ex.org/variable#77 http://www.ibm.com/timex#oi http://ex.org/variable#74	1
http://ex.org/variable#77 http://www.ibm.com/timex#oi http://ex.org/variable#75	1
http://ex.org/variable#77 http://www.ibm.com/timex#di http://ex.org/variable#76	1
http://ex.org/variable#77 http://www.ibm.com/timex#di http://ex.org/variable#78	1
http://ex.org/variable#77 http://www.ibm.com/timex#oi http://ex.org/variable#79	1
http://ex.org/variable#77 http://www.ibm.com/timex#oi http://ex.org/variable#80	1
http://ex.org/variable#77 http://www.ibm.com/timex#oi http://ex.org/variable#81	1
http://ex.org/variable#77 http://www.ibm.com/timex#di_si http://ex.org/variable#82	1
http://ex.org/variable#77 http://www.ibm.com/timex#oi http://ex.org/variable#83	1
http://ex.org/variable#77 http://www.ibm.com/timex#di http://ex.org/variable#84	1
http://ex.org/variable#77 http://www.ibm.com/timex#di http://ex.org/variable#85	1
http://ex.org/variable#77 http://www.ibm.com/timex#oi_d http://ex.org/variable#86	1
http://ex.org/variable#77 http://www.ibm.com/timex#di http://ex.org/variable#87	1
http://ex.org/variable#77 http://www.ibm.com/timex#di http://ex.org/variable#88	1
http://ex.org/variable#77 http://www.ibm.com/timex#di http://ex.org/variable#89	1
http://ex.org/variable#77 http://www.ibm.com/timex#di http://ex.org/variable#90	1
http://ex.org/variable#77 http://www.ibm.com/timex#oi http://ex.org/variable#91	1
http://ex.org/variable#77 http://www.ibm.com/timex#o_di_fi http://ex.org/variable#92	1
http://ex.org/variable#77 http://www.ibm.com/timex#di http://ex.org/variable#93	1
http://ex.org/variable#77 http://www.ibm.com/timex#oi http://ex.org/variable#94	1
http://ex.org/variable#77 http://www.ibm.com/timex#di http://ex.org/variable#95	1
http://ex.org/variable#77 http://www.ibm.com/timex#si http://ex.org/variable#96	1
http://ex.org/variable#77 http://www.ibm.com/timex#di http://ex.org/variable#97	1
http://ex.org/variable#77 http://www.ibm.com/timex#di http://ex.org/variable#98	1
http://ex.org/variable#77 http://www.ibm.com/timex#di http://ex.org/variable#99	1
http://ex.org/variable#77 http://www.ibm.com/timex#oi http://ex.org/variable#100	1
http://ex.org/variable#77 http://www.ibm.com/timex#di http://ex.org/variable#101	1
http://ex.org/variable#77 http://www.ibm.com/timex#di http://ex.org/variable#102	1
http://ex.org/variable#77 http://www.ibm.com/timex#oi http://ex.org/variable#103	1
http://ex.org/variable#77 http://www.ibm.com/timex#di http://ex.org/variable#104	1
http://ex.org/variable#77 http://www.ibm.com/timex#oi http://ex.org/variable#105	1
http://ex.org/variable#77 http://www.ibm.com/timex#oi http://ex.org/variable#106	1
http://ex.org/variable#77 http://www.ibm.com/timex#di http://ex.org/variable#107	1
http://ex.org/variable#77 http://www.ibm.com/timex#di http://ex.org/variable#108	1
http://ex.org/variable#77 http://www.ibm.com/timex#di http://ex.org/variable#109	1
http://ex.org/variable#77 http://www.ibm.com/timex#oi http://ex.org/variable#110	1
http://ex.org/variable#77 http://www.ibm.com/timex#di http://ex.org/variable#111	1
http://ex.org/variable#77 http://www.ibm.com/timex#oi http://ex.org/variable#112	1
http://ex.org/variable#77 http://www.ibm.com/timex#di http://ex.org/variable#113	1
http://ex.org/variable#77 http://www.ibm.com/timex#oi http://ex.org/variable#114	1
http://ex.org/variable#77 http://www.ibm.com/timex#di http://ex.org/variable#115	1
http://ex.org/variable#77 http://www.ibm.com/timex#di http://ex.org/variable#116	1
http://ex.org/variable#77 http://www.ibm.com/timex#oi http://ex.org/variable#117	1
http://ex.org/variable#77 http://www.ibm.com/timex#oi http://ex.org/variable#118	1
http://ex.org/variable#77 http://www.ibm.com/timex#oi http://ex.org/variable#119	1
http://ex.org/variable#77 http://www.ibm.com/timex#oi http://ex.org/variable#120	1
http://ex.org/variable#77 http://www.ibm.com/timex#di http://ex.org/variable#121	1
http://ex.org/variable#77 http://www.ibm.com/timex#oi http://ex.org/variable#122	1
http://ex.org/variable#77 http://www.ibm.com/timex#di http://ex.org/variable#123	1
http://ex.org/variable#77 http://www.ibm.com/timex#oi http://ex.org/variable#124	1
http://ex.org/variable#77 http://www.ibm.com/timex#oi http://ex.org/variable#125	1
http://ex.org/variable#77 http://www.ibm.com/timex#di http://ex.org/variable#126	1
http://ex.org/variable#77 http://www.ibm.com/timex#di http://ex.org/variable#127	1
http://ex.org/variable#77 http://www.ibm.com/timex#di http://ex.org/variable#128	1
http://ex.org/variable#77 http://www.ibm.com/timex#oi http://ex.org/variable#129	1
http://ex.org/variable#77 http://www.ibm.com/timex#di http://ex.org/variable#130	1
http://ex.org/variable#77 http://www.ibm.com/timex#di http://ex.org/variable#131	1
http://ex.org/variable#77 http://www.ibm.com/timex#oi http://ex.org/variable#132	1
http://ex.org/variable#77 http://www.ibm.com/timex#o_di_fi http://ex.org/variable#133	1
http://ex.org/variable#77 http://www.ibm.com/timex#oi http://ex.org/variable#134	1
http://ex.org/variable#77 http://www.ibm.com/timex#oi http://ex.org/variable#135	1
http://ex.org/variable#77 http://www.ibm.com/timex#oi http://ex.org/variable#136	1
http://ex.org/variable#77 http://www.ibm.com/timex#di http://ex.org/variable#137	1
http://ex.org/variable#77 http://www.ibm.com/timex#di http://ex.org/variable#138	1
http://ex.org/variable#77 http://www.ibm.com/timex#di http://ex.org/variable#139	1
http://ex.org/variable#77 http://www.ibm.com/timex#di http://ex.org/variable#140	1
http://ex.org/variable#77 http://www.ibm.com/timex#oi http://ex.org/variable#141	1
http://ex.org/variable#77 http://www.ibm.com/timex#oi http://ex.org/variable#142	1
http://ex.org/variable#77 http://www.ibm.com/timex#oi http://ex.org/variable#143	1
http://ex.org/variable#77 http://www.ibm.com/timex#di http://ex.org/variable#144	1
http://ex.org/variable#77 http://www.ibm.com/timex#di http://ex.org/variable#145	1
http://ex.org/variable#77 http://www.ibm.com/timex#o_di_fi http://ex.org/variable#146	1
http://ex.org/variable#77 http://www.ibm.com/timex#oi http://ex.org/variable#147	1
http://ex.org/variable#77 http://www.ibm.com/timex#di http://ex.org/variable#148	1
http://ex.org/variable#77 http://www.ibm.com/timex#oi http://ex.org/variable#149	1
http://ex.org/variable#77 http://www.ibm.com/timex#o_di_fi http://ex.org/variable#150	1
http://ex.org/variable#77 http://www.ibm.com/timex#di http://ex.org/variable#151	1
http://ex.org/variable#77 http://www.ibm.com/timex#oi http://ex.org/variable#152	1
http://ex.org/variable#77 http://www.ibm.com/timex#oi http://ex.org/variable#153	1
http://ex.org/variable#77 http://www.ibm.com/timex#di http://ex.org/variable#154	1
http://ex.org/variable#77 http://www.ibm.com/timex#oi http://ex.org/variable#155	1
http://ex.org/variable#77 http://www.ibm.com/timex#oi http://ex.org/variable#156	1
http://ex.org/variable#77 http://www.ibm.com/timex#bi_mi http://ex.org/variable#157	1
http://ex.org/variable#77 http://www.ibm.com/timex#oi http://ex.org/variable#158	1
http://ex.org/variable#77 http://www.ibm.com/timex#di http://ex.org/variable#159	1
http://ex.org/variable#77 http://www.ibm.com/timex#di http://ex.org/variable#160	1
http://ex.org/variable#77 http://www.ibm.com/timex#di http://ex.org/variable#161	1
http://ex.org/variable#77 http://www.ibm.com/timex#oi http://ex.org/variable#162	1
http://ex.org/variable#77 http://www.ibm.com/timex#di http://ex.org/variable#163	1
http://ex.org/variable#77 http://www.ibm.com/timex#di http://ex.org/variable#164	1
http://ex.org/variable#77 http://www.ibm.com/timex#di http://ex.org/variable#165	1
http://ex.org/variable#77 http://www.ibm.com/timex#oi http://ex.org/variable#166	1
http://ex.org/variable#77 http://www.ibm.com/timex#oi http://ex.org/variable#167	1
http://ex.org/variable#77 http://www.ibm.com/timex#di http://ex.org/variable#168	1
http://ex.org/variable#77 http://www.ibm.com/timex#oi http://ex.org/variable#169	1
http://ex.org/variable#77 http://www.ibm.com/timex#di http://ex.org/variable#170	1
http://ex.org/variable#77 http://www.ibm.com/timex#oi http://ex.org/variable#171	1
http://ex.org/variable#77 http://www.ibm.com/timex#bi http://ex.org/variable#172	1
http://ex.org/variable#77 http://www.ibm.com/timex#di http://ex.org/variable#173	1
http://ex.org/variable#77 http://www.ibm.com/timex#di http://ex.org/variable#174	1
http://ex.org/variable#77 http://www.ibm.com/timex#oi http://ex.org/variable#175	1
http://ex.org/variable#77 http://www.ibm.com/timex#di http://ex.org/variable#176	1
http://ex.org/variable#77 http://www.ibm.com/timex#di http://ex.org/variable#177	1
http://ex.org/variable#77 http://www.ibm.com/timex#o_fi http://ex.org/variable#178	1
http://ex.org/variable#77 http://www.ibm.com/timex#di http://ex.org/variable#179	1
http://ex.org/variable#77 http://www.ibm.com/timex#di http://ex.org/variable#180	1
http://ex.org/variable#77 http://www.ibm.com/timex#oi http://ex.org/variable#181	1
http://ex.org/variable#77 http://www.ibm.com/timex#di http://ex.org/variable#182	1
http://ex.org/variable#77 http://www.ibm.com/timex#di http://ex.org/variable#183	1
http://ex.org/variable#77 http://www.ibm.com/timex#oi http://ex.org/variable#184	1
http://ex.org/variable#77 http://www.ibm.com/timex#di http://ex.org/variable#185	1
http://ex.org/variable#77 http://www.ibm.com/timex#di http://ex.org/variable#186	1
http://ex.org/variable#77 http://www.ibm.com/timex#oi http://ex.org/variable#187	1
http://ex.org/variable#77 http://www.ibm.com/timex#di http://ex.org/variable#188	1
http://ex.org/variable#77 http://www.ibm.com/timex#di http://ex.org/variable#189	1
http://ex.org/variable#78 http://www.ibm.com/timex#o http://ex.org/variable#0	1
http://ex.org/variable#78 http://www.ibm.com/timex#b http://ex.org/variable#1	1
http://ex.org/variable#78 http://www.ibm.com/timex#d http://ex.org/variable#2	1
http://ex.org/variable#78 http://www.ibm.com/timex#o http://ex.org/variable#3	1
http://ex.org/variable#78 http://www.ibm.com/timex#o http://ex.org/variable#4	1
http://ex.org/variable#78 http://www.ibm.com/timex#oi http://ex.org/variable#5	1
http://ex.org/variable#78 http://www.ibm.com/timex#o http://ex.org/variable#6	1
http://ex.org/variable#78 http://www.ibm.com/timex#o http://ex.org/variable#7	1
http://ex.org/variable#78 http://www.ibm.com/timex#bi http://ex.org/variable#8	1
http://ex.org/variable#78 http://www.ibm.com/timex#o http://ex.org/variable#9	1
http://ex.org/variable#78 http://www.ibm.com/timex#o http://ex.org/variable#10	1
http://ex.org/variable#78 http://www.ibm.com/timex#d http://ex.org/variable#11	1
http://ex.org/variable#78 http://www.ibm.com/timex#d http://ex.org/variable#12	1
http://ex.org/variable#78 http://www.ibm.com/timex#oi http://ex.org/variable#13	1
http://ex.org/variable#78 http://www.ibm.com/timex#di http://ex.org/variable#14	1
http://ex.org/variable#78 http://www.ibm.com/timex#f http://ex.org/variable#15	1
http://ex.org/variable#78 http://www.ibm.com/timex#oi http://ex.org/variable#16	1
http://ex.org/variable#78 http://www.ibm.com/timex#b http://ex.org/variable#17	1
http://ex.org/variable#78 http://www.ibm.com/timex#d http://ex.org/variable#18	1
http://ex.org/variable#78 http://www.ibm.com/timex#oi http://ex.org/variable#19	1
http://ex.org/variable#78 http://www.ibm.com/timex#d http://ex.org/variable#20	1
http://ex.org/variable#78 http://www.ibm.com/timex#o http://ex.org/variable#21	1
http://ex.org/variable#78 http://www.ibm.com/timex#d http://ex.org/variable#22	1
http://ex.org/variable#78 http://www.ibm.com/timex#oi http://ex.org/variable#23	1
http://ex.org/variable#78 http://www.ibm.com/timex#d http://ex.org/variable#24	1
http://ex.org/variable#78 http://www.ibm.com/timex#bi http://ex.org/variable#25	1
http://ex.org/variable#78 http://www.ibm.com/timex#o http://ex.org/variable#26	1
http://ex.org/variable#78 http://www.ibm.com/timex#oi http://ex.org/variable#27	1
http://ex.org/variable#78 http://www.ibm.com/timex#o http://ex.org/variable#28	1
http://ex.org/variable#78 http://www.ibm.com/timex#o http://ex.org/variable#29	1
http://ex.org/variable#78 http://www.ibm.com/timex#di http://ex.org/variable#30	1
http://ex.org/variable#78 http://www.ibm.com/timex#oi http://ex.org/variable#31	1
http://ex.org/variable#78 http://www.ibm.com/timex#oi http://ex.org/variable#32	1
http://ex.org/variable#78 http://www.ibm.com/timex#o http://ex.org/variable#33	1
http://ex.org/variable#78 http://www.ibm.com/timex#d http://ex.org/variable#34	1
http://ex.org/variable#78 http://www.ibm.com/timex#di http://ex.org/variable#35	1
http://ex.org/variable#78 http://www.ibm.com/timex#oi http://ex.org/variable#36	1
http://ex.org/variable#78 http://www.ibm.com/timex#oi http://ex.org/variable#37	1
http://ex.org/variable#78 http://www.ibm.com/timex#d http://ex.org/variable#38	1
http://ex.org/variable#78 http://www.ibm.com/timex#o http://ex.org/variable#39	1
http://ex.org/variable#78 http://www.ibm.com/timex#oi http://ex.org/variable#40	1
http://ex.org/variable#78 http://www.ibm.com/timex#d http://ex.org/variable#41	1
http://ex.org/variable#78 http://www.ibm.com/timex#d http://ex.org/variable#42	1
http://ex.org/variable#78 http://www.ibm.com/timex#d http://ex.org/variable#43	1
http://ex.org/variable#78 http://www.ibm.com/timex#d http://ex.org/variable#44	1
http://ex.org/variable#78 http://www.ibm.com/timex#o http://ex.org/variable#45	1
http://ex.org/variable#78 http://www.ibm.com/timex#oi http://ex.org/variable#46	1
http://ex.org/variable#78 http://www.ibm.com/timex#f http://ex.org/variable#47	1
http://ex.org/variable#78 http://www.ibm.com/timex#m http://ex.org/variable#48	1
http://ex.org/variable#78 http://www.ibm.com/timex#oi http://ex.org/variable#49	1
http://ex.org/variable#78 http://www.ibm.com/timex#o http://ex.org/variable#50	1
http://ex.org/variable#78 http://www.ibm.com/timex#o http://ex.org/variable#51	1
http://ex.org/variable#78 http://www.ibm.com/timex#d http://ex.org/variable#52	1
http://ex.org/variable#78 http://www.ibm.com/timex#d http://ex.org/variable#53	1
http://ex.org/variable#78 http://www.ibm.com/timex#d http://ex.org/variable#54	1
http://ex.org/variable#78 http://www.ibm.com/timex#o http://ex.org/variable#55	1
http://ex.org/variable#78 http://www.ibm.com/timex#oi http://ex.org/variable#56	1
http://ex.org/variable#78 http://www.ibm.com/timex#oi http://ex.org/variable#57	1
http://ex.org/variable#78 http://www.ibm.com/timex#d http://ex.org/variable#58	1
http://ex.org/variable#78 http://www.ibm.com/timex#d http://ex.org/variable#59	1
http://ex.org/variable#78 http://www.ibm.com/timex#d http://ex.org/variable#60	1
http://ex.org/variable#78 http://www.ibm.com/timex#d http://ex.org/variable#61	1
http://ex.org/variable#78 http://www.ibm.com/timex#s http://ex.org/variable#62	1
http://ex.org/variable#78 http://www.ibm.com/timex#d http://ex.org/variable#63	1
http://ex.org/variable#78 http://www.ibm.com/timex#d http://ex.org/variable#64	1
http://ex.org/variable#78 http://www.ibm.com/timex#bi http://ex.org/variable#65	1
http://ex.org/variable#78 http://www.ibm.com/timex#oi http://ex.org/variable#66	1
http://ex.org/variable#78 http://www.ibm.com/timex#d http://ex.org/variable#67	1
http://ex.org/variable#78 http://www.ibm.com/timex#d http://ex.org/variable#68	1
http://ex.org/variable#78 http://www.ibm.com/timex#oi http://ex.org/variable#69	1
http://ex.org/variable#78 http://www.ibm.com/timex#d http://ex.org/variable#70	1
http://ex.org/variable#78 http://www.ibm.com/timex#oi http://ex.org/variable#71	1
http://ex.org/variable#78 http://www.ibm.com/timex#o http://ex.org/variable#72	1
http://ex.org/variable#78 http://www.ibm.com/timex#d http://ex.org/variable#73	1
http://ex.org/variable#78 http://www.ibm.com/timex#d http://ex.org/variable#74	1
http://ex.org/variable#78 http://www.ibm.com/timex#d http://ex.org/variable#75	1
http://ex.org/variable#78 http://www.ibm.com/timex#d http://ex.org/variable#76	1
http://ex.org/variable#78 http://www.ibm.com/timex#d http://ex.org/variable#77	1
http://ex.org/variable#78 http://www.ibm.com/timex#oi http://ex.org/variable#79	1
http://ex.org/variable#78 http://www.ibm.com/timex#d http://ex.org/variable#80	1
http://ex.org/variable#78 http://www.ibm.com/timex#oi http://ex.org/variable#81	1
http://ex.org/variable#78 http://www.ibm.com/timex#oi http://ex.org/variable#82	1
http://ex.org/variable#78 http://www.ibm.com/timex#d http://ex.org/variable#83	1
http://ex.org/variable#78 http://www.ibm.com/timex#o http://ex.org/variable#84	1
http://ex.org/variable#78 http://www.ibm.com/timex#o http://ex.org/variable#85	1
http://ex.org/variable#78 http://www.ibm.com/timex#d http://ex.org/variable#86	1
http://ex.org/variable#78 http://www.ibm.com/timex#o http://ex.org/variable#87	1
http://ex.org/variable#78 http://www.ibm.com/timex#b http://ex.org/variable#88	1
http://ex.org/variable#78 http://www.ibm.com/timex#d http://ex.org/variable#89	1
http://ex.org/variable#78 http://www.ibm.com/timex#o_fi http://ex.org/variable#90	1
http://ex.org/variable#78 http://www.ibm.com/timex#d http://ex.org/variable#91	1
http://ex.org/variable#78 http://www.ibm.com/timex#o http://ex.org/variable#92	1
http://ex.org/variable#78 http://www.ibm.com/timex#d http://ex.org/variable#93	1
http://ex.org/variable#78 http://www.ibm.com/timex#oi http://ex.org/variable#94	1
http://ex.org/variable#78 http://www.ibm.com/timex#di http://ex.org/variable#95	1
http://ex.org/variable#78 http://www.ibm.com/timex#bi http://ex.org/variable#96	1
http://ex.org/variable#78 http://www.ibm.com/timex#o http://ex.org/variable#97	1
http://ex.org/variable#78 http://www.ibm.com/timex#b http://ex.org/variable#98	1
http://ex.org/variable#78 http://www.ibm.com/timex#o http://ex.org/variable#99	1
http://ex.org/variable#78 http://www.ibm.com/timex#oi http://ex.org/variable#100	1
http://ex.org/variable#78 http://www.ibm.com/timex#d http://ex.org/variable#101	1
http://ex.org/variable#78 http://www.ibm.com/timex#di http://ex.org/variable#102	1
http://ex.org/variable#78 http://www.ibm.com/timex#d http://ex.org/variable#103	1
http://ex.org/variable#78 http://www.ibm.com/timex#b http://ex.org/variable#104	1
http://ex.org/variable#78 http://www.ibm.com/timex#d http://ex.org/variable#105	1
http://ex.org/variable#78 http://www.ibm.com/timex#d http://ex.org/variable#106	1
http://ex.org/variable#78 http://www.ibm.com/timex#o http://ex.org/variable#107	1
http://ex.org/variable#78 http://www.ibm.com/timex#di http://ex.org/variable#108	1
http://ex.org/variable#78 http://www.ibm.com/timex#di http://ex.org/variable#109	1
http://ex.org/variable#78 http://www.ibm.com/timex#d http://ex.org/variable#110	1
http://ex.org/variable#78 http://www.ibm.com/timex#oi http://ex.org/variable#111	1
http://ex.org/variable#78 http://www.ibm.com/timex#d_f http://ex.org/variable#112	1
http://ex.org/variable#78 http://www.ibm.com/timex#di http://ex.org/variable#113	1
http://ex.org/variable#78 http://www.ibm.com/timex#d http://ex.org/variable#114	1
http://ex.org/variable#78 http://www.ibm.com/timex#b http://ex.org/variable#115	1
http://ex.org/variable#78 http://www.ibm.com/timex#di http://ex.org/variable#116	1
http://ex.org/variable#78 http://www.ibm.com/timex#oi http://ex.org/variable#117	1
http://ex.org/variable#78 http://www.ibm.com/timex#oi http://ex.org/variable#118	1
http://ex.org/variable#78 http://www.ibm.com/timex#d http://ex.org/variable#119	1
http://ex.org/variable#78 http://www.ibm.com/timex#oi http://ex.org/variable#120	1
http://ex.org/variable#78 http://www.ibm.com/timex#b http://ex.org/variable#121	1
http://ex.org/variable#78 http://www.ibm.com/timex#d http://ex.org/variable#122	1
http://ex.org/variable#78 http://www.ibm.com/timex#o http://ex.org/variable#123	1
http://ex.org/variable#78 http://www.ibm.com/timex#oi http://ex.org/variable#124	1
http://ex.org/variable#78 http://www.ibm.com/timex#oi http://ex.org/variable#125	1
http://ex.org/variable#78 http://www.ibm.com/timex#o http://ex.org/variable#126	1
http://ex.org/variable#78 http://www.ibm.com/timex#o http://ex.org/variable#127	1
http://ex.org/variable#78 http://www.ibm.com/timex#o http://ex.org/variable#128	1
http://ex.org/variable#78 http://www.ibm.com/timex#oi http://ex.org/variable#129	1
http://ex.org/variable#78 http://www.ibm.com/timex#oi http://ex.org/variable#130	1
http://ex.org/variable#78 http://www.ibm.com/timex#b http://ex.org/variable#131	1
http://ex.org/variable#78 http://www.ibm.com/timex#d http://ex.org/variable#132	1
http://ex.org/variable#78 http://www.ibm.com/timex#o http://ex.org/variable#133	1
http://ex.org/variable#78 http://www.ibm.com/timex#oi http://ex.org/variable#134	1
http://ex.org/variable#78 http://www.ibm.com/timex#d http://ex.org/variable#135	1
http://ex.org/variable#78 http://www.ibm.com/timex#d http://ex.org/variable#136	1
http://ex.org/variable#78 http://www.ibm.com/timex#di http://ex.org/variable#137	1
http://ex.org/variable#78 http://www.ibm.com/timex#o http://ex.org/variable#138	1
http://ex.org/variable#78 http://www.ibm.com/timex#oi http://ex.org/variable#139	1
http://ex.org/variable#78 http://www.ibm.com/timex#di http://ex.org/variable#140	1
http://ex.org/variable#78 http://www.ibm.com/timex#d http://ex.org/variable#141	1
http://ex.org/variable#78 http://www.ibm.com/timex#oi http://ex.org/variable#142	1
http://ex.org/variable#78 http://www.ibm.com/timex#d http://ex.org/variable#143	1
http://ex.org/variable#78 http://www.ibm.com/timex#o_s http://ex.org/variable#144	1
http://ex.org/variable#78 http://www.ibm.com/timex#o http://ex.org/variable#145	1
http://ex.org/variable#78 http://www.ibm.com/timex#o http://ex.org/variable#146	1
http://ex.org/variable#78 http://www.ibm.com/timex#d http://ex.org/variable#147	1
http://ex.org/variable#78 http://www.ibm.com/timex#d http://ex.org/variable#148	1
http://ex.org/variable#78 http://www.ibm.com/timex#oi http://ex.org/variable#149	1
http://ex.org/variable#78 http://www.ibm.com/timex#o http://ex.org/variable#150	1
http://ex.org/variable#78 http://www.ibm.com/timex#d http://ex.org/variable#151	1
http://ex.org/variable#78 http://www.ibm.com/timex#bi http://ex.org/variable#152	1
http://ex.org/variable#78 http://www.ibm.com/timex#d http://ex.org/variable#153	1
http://ex.org/variable#78 http://www.ibm.com/timex#di http://ex.org/variable#154	1
http://ex.org/variable#78 http://www.ibm.com/timex#d http://ex.org/variable#155	1
http://ex.org/variable#78 http://www.ibm.com/timex#d http://ex.org/variable#156	1
http://ex.org/variable#78 http://www.ibm.com/timex#bi http://ex.org/variable#157	1
http://ex.org/variable#78 http://www.ibm.com/timex#oi http://ex.org/variable#158	1
http://ex.org/variable#78 http://www.ibm.com/timex#o http://ex.org/variable#159	1
http://ex.org/variable#78 http://www.ibm.com/timex#d http://ex.org/variable#160	1
http://ex.org/variable#78 http://www.ibm.com/timex#di http://ex.org/variable#161	1
http://ex.org/variable#78 http://www.ibm.com/timex#oi http://ex.org/variable#162	1
http://ex.org/variable#78 http://www.ibm.com/timex#o http://ex.org/variable#163	1
http://ex.org/variable#78 http://www.ibm.com/timex#o http://ex.org/variable#164	1
http://ex.org/variable#78 http://www.ibm.com/timex#di http://ex.org/variable#165	1
http://ex.org/variable#78 http://www.ibm.com/timex#oi http://ex.org/variable#166	1
http://ex.org/variable#78 http://www.ibm.com/timex#f http://ex.org/variable#167	1
http://ex.org/variable#78 http://www.ibm.com/timex#o http://ex.org/variable#168	1
http://ex.org/variable#78 http://www.ibm.com/timex#d http://ex.org/variable#169	1
http://ex.org/variable#78 http://www.ibm.com/timex#o http://ex.org/variable#170	1
http://ex.org/variable#78 http://www.ibm.com/timex#oi http://ex.org/variable#171	1
http://ex.org/variable#78 http://www.ibm.com/timex#bi http://ex.org/variable#172	1
http://ex.org/variable#78 http://www.ibm.com/timex#b http://ex.org/variable#173	1
http://ex.org/variable#78 http://www.ibm.com/timex#o http://ex.org/variable#174	1
http://ex.org/variable#78 http://www.ibm.com/timex#d http://ex.org/variable#175	1
http://ex.org/variable#78 http://www.ibm.com/timex#o http://ex.org/variable#176	1
http://ex.org/variable#78 http://www.ibm.com/timex#d http://ex.org/variable#177	1
http://ex.org/variable#78 http://www.ibm.com/timex#d http://ex.org/variable#178	1
http://ex.org/variable#78 http://www.ibm.com/timex#o http://ex.org/variable#179	1
http://ex.org/variable#78 http://www.ibm.com/timex#bi http://ex.org/variable#180	1
http://ex.org/variable#78 http://www.ibm.com/timex#oi http://ex.org/variable#181	1
http://ex.org/variable#78 http://www.ibm.com/timex#di http://ex.org/variable#182	1
http://ex.org/variable#78 http://www.ibm.com/timex#o http://ex.org/variable#183	1
http://ex.org/variable#78 http://www.ibm.com/timex#oi http://ex.org/variable#184	1
http://ex.org/variable#78 http://www.ibm.com/timex#d_s http://ex.org/variable#185	1
http://ex.org/variable#78 http://www.ibm.com/timex#o http://ex.org/variable#186	1
http://ex.org/variable#78 http://www.ibm.com/timex#d http://ex.org/variable#187	1
http://ex.org/variable#78 http://www.ibm.com/timex#o http://ex.org/variable#188	1
http://ex.org/variable#78 http://www.ibm.com/timex#di http://ex.org/variable#189	1
http://ex.org/variable#79 http://www.ibm.com/timex#o http://ex.org/variable#0	1
http://ex.org/variable#79 http://www.ibm.com/timex#b http://ex.org/variable#1	1
http://ex.org/variable#79 http://www.ibm.com/timex#o http://ex.org/variable#2	1
http://ex.org/variable#79 http://www.ibm.com/timex#o http://ex.org/variable#3	1
http://ex.org/variable#79 http://www.ibm.com/timex#o http://ex.org/variable#4	1
http://ex.org/variable#79 http://www.ibm.com/timex#o_di_fi http://ex.org/variable#5	1
http://ex.org/variable#79 http://www.ibm.com/timex#b_o http://ex.org/variable#6	1
http://ex.org/variable#79 http://www.ibm.com/timex#o http://ex.org/variable#7	1
http://ex.org/variable#79 http://www.ibm.com/timex#di http://ex.org/variable#8	1
http://ex.org/variable#79 http://www.ibm.com/timex#o http://ex.org/variable#9	1
http://ex.org/variable#79 http://www.ibm.com/timex#o http://ex.org/variable#10	1
http://ex.org/variable#79 http://www.ibm.com/timex#o http://ex.org/variable#11	1
http://ex.org/variable#79 http://www.ibm.com/timex#o http://ex.org/variable#12	1
http://ex.org/variable#79 http://www.ibm.com/timex#di http://ex.org/variable#13	1
http://ex.org/variable#79 http://www.ibm.com/timex#o http://ex.org/variable#14	1
http://ex.org/variable#79 http://www.ibm.com/timex#o http://ex.org/variable#15	1
http://ex.org/variable#79 http://www.ibm.com/timex#o http://ex.org/variable#16	1
http://ex.org/variable#79 http://www.ibm.com/timex#b http://ex.org/variable#17	1
http://ex.org/variable#79 http://www.ibm.com/timex#o http://ex.org/variable#18	1
http://ex.org/variable#79 http://www.ibm.com/timex#di http://ex.org/variable#19	1
http://ex.org/variable#79 http://www.ibm.com/timex#o http://ex.org/variable#20	1
http://ex.org/variable#79 http://www.ibm.com/timex#b http://ex.org/variable#21	1
http://ex.org/variable#79 http://www.ibm.com/timex#o http://ex.org/variable#22	1
http://ex.org/variable#79 http://www.ibm.com/timex#di http://ex.org/variable#23	1
http://ex.org/variable#79 http://www.ibm.com/timex#o http://ex.org/variable#24	1
http://ex.org/variable#79 http://www.ibm.com/timex#di http://ex.org/variable#25	1
http://ex.org/variable#79 http://www.ibm.com/timex#b http://ex.org/variable#26	1
http://ex.org/variable#79 http://www.ibm.com/timex#oi_di_si http://ex.org/variable#27	1
http://ex.org/variable#79 http://www.ibm.com/timex#o http://ex.org/variable#28	1
http://ex.org/variable#79 http://www.ibm.com/timex#o http://ex.org/variable#29	1
http://ex.org/variable#79 http://www.ibm.com/timex#di http://ex.org/variable#30	1
http://ex.org/variable#79 http://www.ibm.com/timex#oi http://ex.org/variable#31	1
http://ex.org/variable#79 http://www.ibm.com/timex#di http://ex.org/variable#32	1
http://ex.org/variable#79 http://www.ibm.com/timex#b http://ex.org/variable#33	1
http://ex.org/variable#79 http://www.ibm.com/timex#o http://ex.org/variable#34	1
http://ex.org/variable#79 http://www.ibm.com/timex#di http://ex.org/variable#35	1
http://ex.org/variable#79 http://www.ibm.com/timex#di http://ex.org/variable#36	1
http://ex.org/variable#79 http://www.ibm.com/timex#di http://ex.org/variable#37	1
http://ex.org/variable#79 http://www.ibm.com/timex#o http://ex.org/variable#38	1
http://ex.org/variable#79 http://www.ibm.com/timex#b http://ex.org/variable#39	1
http://ex.org/variable#79 http://www.ibm.com/timex#o http://ex.org/variable#40	1
http://ex.org/variable#79 http://www.ibm.com/timex#o http://ex.org/variable#41	1
http://ex.org/variable#79 http://www.ibm.com/timex#o http://ex.org/variable#42	1
http://ex.org/variable#79 http://www.ibm.com/timex#o http://ex.org/variable#43	1
http://ex.org/variable#79 http://www.ibm.com/timex#o http://ex.org/variable#44	1
http://ex.org/variable#79 http://www.ibm.com/timex#o http://ex.org/variable#45	1
http://ex.org/variable#79 http://www.ibm.com/timex#o http://ex.org/variable#46	1
http://ex.org/variable#79 http://www.ibm.com/timex#o_d_s http://ex.org/variable#47	1
http://ex.org/variable#79 http://www.ibm.com/timex#b http://ex.org/variable#48	1
http://ex.org/variable#79 http://www.ibm.com/timex#di http://ex.org/variable#49	1
http://ex.org/variable#79 http://www.ibm.com/timex#o http://ex.org/variable#50	1
http://ex.org/variable#79 http://www.ibm.com/timex#b http://ex.org/variable#51	1
http://ex.org/variable#79 http://www.ibm.com/timex#o http://ex.org/variable#52	1
http://ex.org/variable#79 http://www.ibm.com/timex#o http://ex.org/variable#53	1
http://ex.org/variable#79 http://www.ibm.com/timex#o http://ex.org/variable#54	1
http://ex.org/variable#79 http://www.ibm.com/timex#o http://ex.org/variable#55	1
http://ex.org/variable#79 http://www.ibm.com/timex#di http://ex.org/variable#56	1
http://ex.org/variable#79 http://www.ibm.com/timex#o http://ex.org/variable#57	1
http://ex.org/variable#79 http://www.ibm.com/timex#o http://ex.org/variable#58	1
http://ex.org/variable#79 http://www.ibm.com/timex#o http://ex.org/variable#59	1
http://ex.org/variable#79 http://www.ibm.com/timex#o http://ex.org/variable#60	1
http://ex.org/variable#79 http://www.ibm.com/timex#o http://ex.org/variable#61	1
http://ex.org/variable#79 http://www.ibm.com/timex#o http://ex.org/variable#62	1
http://ex.org/variable#79 http://www.ibm.com/timex#o http://ex.org/variable#63	1
http://ex.org/variable#79 http://www.ibm.com/timex#o http://ex.org/variable#64	1
http://ex.org/variable#79 http://www.ibm.com/timex#di http://ex.org/variable#65	1
http://ex.org/variable#79 http://www.ibm.com/timex#oi_di http://ex.org/variable#66	1
http://ex.org/variable#79 http://www.ibm.com/timex#o http://ex.org/variable#67	1
http://ex.org/variable#79 http://www.ibm.com/timex#o http://ex.org/variable#68	1
http://ex.org/variable#79 http://www.ibm.com/timex#o http://ex.org/variable#69	1
http://ex.org/variable#79 http://www.ibm.com/timex#o http://ex.org/variable#70	1
http://ex.org/variable#79 http://www.ibm.com/timex#o http://ex.org/variable#71	1
http://ex.org/variable#79 http://www.ibm.com/timex#o http://ex.org/variable#72	1
http://ex.org/variable#79 http://www.ibm.com/timex#o http://ex.org/variable#73	1
http://ex.org/variable#79 http://www.ibm.com/timex#o http://ex.org/variable#74	1
http://ex.org/variable#79 http://www.ibm.com/timex#o http://ex.org/variable#75	1
http://ex.org/variable#79 http://www.ibm.com/timex#o http://ex.org/variable#76	1
http://ex.org/variable#79 http://www.ibm.com/timex#o http://ex.org/variable#77	1
http://ex.org/variable#79 http://www.ibm.com/timex#o http://ex.org/variable#78	1
http://ex.org/variable#79 http://www.ibm.com/timex#o http://ex.org/variable#80	1
http://ex.org/variable#79 http://www.ibm.com/timex#o http://ex.org/variable#81	1
http://ex.org/variable#79 http://www.ibm.com/timex#di http://ex.org/variable#82	1
http://ex.org/variable#79 http://www.ibm.com/timex#o http://ex.org/variable#83	1
http://ex.org/variable#79 http://www.ibm.com/timex#o http://ex.org/variable#84	1
http://ex.org/variable#79 http://www.ibm.com/timex#b http://ex.org/variable#85	1
http://ex.org/variable#79 http://www.ibm.com/timex#o http://ex.org/variable#86	1
http://ex.org/variable#79 http://www.ibm.com/timex#o http://ex.org/variable#87	1
http://ex.org/variable#79 http://www.ibm.com/timex#b http://ex.org/variable#88	1
http://ex.org/variable#79 http://www.ibm.com/timex#o http://ex.org/variable#89	1
http://ex.org/variable#79 http://www.ibm.com/timex#o http://ex.org/variable#90	1
http://ex.org/variable#79 http://www.ibm.com/timex#o http://ex.org/variable#91	1
http://ex.org/variable#79 http://www.ibm.com/timex#o http://ex.org/variable#92	1
http://ex.org/variable#79 http://www.ibm.com/timex#o http://ex.org/variable#93	1
http://ex.org/variable#79 http://www.ibm.com/timex#o http://ex.org/variable#94	1
http://ex.org/variable#79 http://www.ibm.com/timex#di http://ex.org/variable#95	1
http://ex.org/variable#79 http://www.ibm.com/timex#di http://ex.org/variable#96	1
http://ex.org/variable#79 http://www.ibm.com/timex#o http://ex.org/variable#97	1
http://ex.org/variable#79 http://www.ibm.com/timex#b http://ex.org/variable#98	1
http://ex.org/variable#79 http://www.ibm.com/timex#b http://ex.org/variable#99	1
http://ex.org/variable#79 http://www.ibm.com/timex#di http://ex.org/variable#100	1
http://ex.org/variable#79 http://www.ibm.com/timex#o http://ex.org/variable#101	1
http://ex.org/variable#79 http://www.ibm.com/timex#b http://ex.org/variable#102	1
http://ex.org/variable#79 http://www.ibm.com/timex#o http://ex.org/variable#103	1
http://ex.org/variable#79 http://www.ibm.com/timex#b http://ex.org/variable#104	1
http://ex.org/variable#79 http://www.ibm.com/timex#o http://ex.org/variable#105	1
http://ex.org/variable#79 http://www.ibm.com/timex#o http://ex.org/variable#106	1
http://ex.org/variable#79 http://www.ibm.com/timex#o http://ex.org/variable#107	1
http://ex.org/variable#79 http://www.ibm.com/timex#o_di_fi http://ex.org/variable#108	1
http://ex.org/variable#79 http://www.ibm.com/timex#b_m_o http://ex.org/variable#109	1
http://ex.org/variable#79 http://www.ibm.com/timex#o http://ex.org/variable#110	1
http://ex.org/variable#79 http://www.ibm.com/timex#o http://ex.org/variable#111	1
http://ex.org/variable#79 http://www.ibm.com/timex#o http://ex.org/variable#112	1
http://ex.org/variable#79 http://www.ibm.com/timex#di http://ex.org/variable#113	1
http://ex.org/variable#79 http://www.ibm.com/timex#o http://ex.org/variable#114	1
http://ex.org/variable#79 http://www.ibm.com/timex#b http://ex.org/variable#115	1
http://ex.org/variable#79 http://www.ibm.com/timex#b_o http://ex.org/variable#116	1
http://ex.org/variable#79 http://www.ibm.com/timex#di http://ex.org/variable#117	1
http://ex.org/variable#79 http://www.ibm.com/timex#o http://ex.org/variable#118	1
http://ex.org/variable#79 http://www.ibm.com/timex#o http://ex.org/variable#119	1
http://ex.org/variable#79 http://www.ibm.com/timex#di http://ex.org/variable#120	1
http://ex.org/variable#79 http://www.ibm.com/timex#b http://ex.org/variable#121	1
http://ex.org/variable#79 http://www.ibm.com/timex#o http://ex.org/variable#122	1
http://ex.org/variable#79 http://www.ibm.com/timex#o http://ex.org/variable#123	1
http://ex.org/variable#79 http://www.ibm.com/timex#di http://ex.org/variable#124	1
http://ex.org/variable#79 http://www.ibm.com/timex#o_di http://ex.org/variable#125	1
http://ex.org/variable#79 http://www.ibm.com/timex#o http://ex.org/variable#126	1
http://ex.org/variable#79 http://www.ibm.com/timex#b http://ex.org/variable#127	1
http://ex.org/variable#79 http://www.ibm.com/timex#o http://ex.org/variable#128	1
http://ex.org/variable#79 http://www.ibm.com/timex#si http://ex.org/variable#129	1
http://ex.org/variable#79 http://www.ibm.com/timex#di http://ex.org/variable#130	1
http://ex.org/variable#79 http://www.ibm.com/timex#b http://ex.org/variable#131	1
http://ex.org/variable#79 http://www.ibm.com/timex#o http://ex.org/variable#132	1
http://ex.org/variable#79 http://www.ibm.com/timex#o http://ex.org/variable#133	1
http://ex.org/variable#79 http://www.ibm.com/timex#o_di http://ex.org/variable#134	1
http://ex.org/variable#79 http://www.ibm.com/timex#o http://ex.org/variable#135	1
http://ex.org/variable#79 http://www.ibm.com/timex#o http://ex.org/variable#136	1
http://ex.org/variable#79 http://www.ibm.com/timex#o_di http://ex.org/variable#137	1
http://ex.org/variable#79 http://www.ibm.com/timex#b http://ex.org/variable#138	1
http://ex.org/variable#79 http://www.ibm.com/timex#di http://ex.org/variable#139	1
http://ex.org/variable#79 http://www.ibm.com/timex#o_di_fi http://ex.org/variable#140	1
http://ex.org/variable#79 http://www.ibm.com/timex#o http://ex.org/variable#141	1
http://ex.org/variable#79 http://www.ibm.com/timex#o http://ex.org/variable#142	1
http://ex.org/variable#79 http://www.ibm.com/timex#o http://ex.org/variable#143	1
http://ex.org/variable#79 http://www.ibm.com/timex#o http://ex.org/variable#144	1
http://ex.org/variable#79 http://www.ibm.com/timex#b http://ex.org/variable#145	1
http://ex.org/variable#79 http://www.ibm.com/timex#o http://ex.org/variable#146	1
http://ex.org/variable#79 http://www.ibm.com/timex#o http://ex.org/variable#147	1
http://ex.org/variable#79 http://www.ibm.com/timex#o http://ex.org/variable#148	1
http://ex.org/variable#79 http://www.ibm.com/timex#di http://ex.org/variable#149	1
http://ex.org/variable#79 http://www.ibm.com/timex#b http://ex.org/variable#150	1
http://ex.org/variable#79 http://www.ibm.com/timex#o http://ex.org/variable#151	1
http://ex.org/variable#79 http://www.ibm.com/timex#di http://ex.org/variable#152	1
http://ex.org/variable#79 http://www.ibm.com/timex#o http://ex.org/variable#153	1
http://ex.org/variable#79 http://www.ibm.com/timex#o_di http://ex.org/variable#154	1
http://ex.org/variable#79 http://www.ibm.com/timex#o http://ex.org/variable#155	1
http://ex.org/variable#79 http://www.ibm.com/timex#o http://ex.org/variable#156	1
http://ex.org/variable#79 http://www.ibm.com/timex#di http://ex.org/variable#157	1
http://ex.org/variable#79 http://www.ibm.com/timex#o_di_fi http://ex.org/variable#158	1
http://ex.org/variable#79 http://www.ibm.com/timex#o http://ex.org/variable#159	1
http://ex.org/variable#79 http://www.ibm.com/timex#o http://ex.org/variable#160	1
http://ex.org/variable#79 http://www.ibm.com/timex#o_di http://ex.org/variable#161	1
http://ex.org/variable#79 http://www.ibm.com/timex#o_di_fi http://ex.org/variable#162	1
http://ex.org/variable#79 http://www.ibm.com/timex#o http://ex.org/variable#163	1
http://ex.org/variable#79 http://www.ibm.com/timex#o http://ex.org/variable#164	1
http://ex.org/variable#79 http://www.ibm.com/timex#o_di_fi http://ex.org/variable#165	1
http://ex.org/variable#79 http://www.ibm.com/timex#o http://ex.org/variable#166	1
http://ex.org/variable#79 http://www.ibm.com/timex#o http://ex.org/variable#167	1
http://ex.org/variable#79 http://www.ibm.com/timex#o http://ex.org/variable#168	1
http://ex.org/variable#79 http://www.ibm.com/timex#o http://ex.org/variable#169	1
http://ex.org/variable#79 http://www.ibm.com/timex#b http://ex.org/variable#170	1
http://ex.org/variable#79 http://www.ibm.com/timex#o_di_fi http://ex.org/variable#171	1
http://ex.org/variable#79 http://www.ibm.com/timex#di http://ex.org/variable#172	1
http://ex.org/variable#79 http://www.ibm.com/timex#b http://ex.org/variable#173	1
http://ex.org/variable#79 http://www.ibm.com/timex#o http://ex.org/variable#174	1
http://ex.org/variable#79 http://www.ibm.com/timex#o http://ex.org/variable#175	1
http://ex.org/variable#79 http://www.ibm.com/timex#o http://ex.org/variable#176	1
http://ex.org/variable#79 http://www.ibm.com/timex#o http://ex.org/variable#177	1
http://ex.org/variable#79 http://www.ibm.com/timex#o http://ex.org/variable#178	1
http://ex.org/variable#79 http://www.ibm.com/timex#o http://ex.org/variable#179	1
http://ex.org/variable#79 http://www.ibm.com/timex#di http://ex.org/variable#180	1
http://ex.org/variable#79 http://www.ibm.com/timex#di http://ex.org/variable#181	1
http://ex.org/variable#79 http://www.ibm.com/timex#o_di_fi http://ex.org/variable#182	1
http://ex.org/variable#79 http://www.ibm.com/timex#b http://ex.org/variable#183	1
http://ex.org/variable#79 http://www.ibm.com/timex#o http://ex.org/variable#184	1
http://ex.org/variable#79 http://www.ibm.com/timex#o http://ex.org/variable#185	1
http://ex.org/variable#79 http://www.ibm.com/timex#o http://ex.org/variable#186	1
http://ex.org/variable#79 http://www.ibm.com/timex#o http://ex.org/variable#187	1
http://ex.org/variable#79 http://www.ibm.com/timex#o http://ex.org/variable#188	1
http://ex.org/variable#79 http://www.ibm.com/timex#o http://ex.org/variable#189	1
http://ex.org/variable#80 http://www.ibm.com/timex#di http://ex.org/variable#0	1
http://ex.org/variable#80 http://www.ibm.com/timex#o http://ex.org/variable#1	1
http://ex.org/variable#80 http://www.ibm.com/timex#di http://ex.org/variable#2	1
http://ex.org/variable#80 http://www.ibm.com/timex#di http://ex.org/variable#3	1
http://ex.org/variable#80 http://www.ibm.com/timex#o http://ex.org/variable#4	1
http://ex.org/variable#80 http://www.ibm.com/timex#di http://ex.org/variable#5	1
http://ex.org/variable#80 http://www.ibm.com/timex#di http://ex.org/variable#6	1
http://ex.org/variable#80 http://www.ibm.com/timex#di http://ex.org/variable#7	1
http://ex.org/variable#80 http://www.ibm.com/timex#di http://ex.org/variable#8	1
http://ex.org/variable#80 http://www.ibm.com/timex#o http://ex.org/variable#9	1
http://ex.org/variable#80 http://www.ibm.com/timex#di http://ex.org/variable#10	1
http://ex.org/variable#80 http://www.ibm.com/timex#di http://ex.org/variable#11	1
http://ex.org/variable#80 http://www.ibm.com/timex#d http://ex.org/variable#12	1
http://ex.org/variable#80 http://www.ibm.com/timex#di http://ex.org/variable#13	1
http://ex.org/variable#80 http://www.ibm.com/timex#di http://ex.org/variable#14	1
http://ex.org/variable#80 http://www.ibm.com/timex#di http://ex.org/variable#15	1
http://ex.org/variable#80 http://www.ibm.com/timex#di http://ex.org/variable#16	1
http://ex.org/variable#80 http://www.ibm.com/timex#di http://ex.org/variable#17	1
http://ex.org/variable#80 http://www.ibm.com/timex#di http://ex.org/variable#18	1
http://ex.org/variable#80 http://www.ibm.com/timex#di http://ex.org/variable#19	1
http://ex.org/variable#80 http://www.ibm.com/timex#o http://ex.org/variable#20	1
http://ex.org/variable#80 http://www.ibm.com/timex#di http://ex.org/variable#21	1
http://ex.org/variable#80 http://www.ibm.com/timex#o http://ex.org/variable#22	1
http://ex.org/variable#80 http://www.ibm.com/timex#di http://ex.org/variable#23	1
http://ex.org/variable#80 http://www.ibm.com/timex#di http://ex.org/variable#24	1
http://ex.org/variable#80 http://www.ibm.com/timex#di http://ex.org/variable#25	1
http://ex.org/variable#80 http://www.ibm.com/timex#di http://ex.org/variable#26	1
http://ex.org/variable#80 http://www.ibm.com/timex#oi http://ex.org/variable#27	1
http://ex.org/variable#80 http://www.ibm.com/timex#di http://ex.org/variable#28	1
http://ex.org/variable#80 http://www.ibm.com/timex#di http://ex.org/variable#29	1
http://ex.org/variable#80 http://www.ibm.com/timex#di http://ex.org/variable#30	1
http://ex.org/variable#80 http://www.ibm.com/timex#oi http://ex.org/variable#31	1
http://ex.org/variable#80 http://www.ibm.com/timex#di http://ex.org/variable#32	1
http://ex.org/variable#80 http://www.ibm.com/timex#o http://ex.org/variable#33	1
http://ex.org/variable#80 http://www.ibm.com/timex#di http://ex.org/variable#34	1
http://ex.org/variable#80 http://www.ibm.com/timex#di http://ex.org/variable#35	1
http://ex.org/variable#80 http://www.ibm.com/timex#di http://ex.org/variable#36	1
http://ex.org/variable#80 http://www.ibm.com/timex#di http://ex.org/variable#37	1
http://ex.org/variable#80 http://www.ibm.com/timex#di http://ex.org/variable#38	1
http://ex.org/variable#80 http://www.ibm.com/timex#di http://ex.org/variable#39	1
http://ex.org/variable#80 http://www.ibm.com/timex#di http://ex.org/variable#40	1
http://ex.org/variable#80 http://www.ibm.com/timex#di http://ex.org/variable#41	1
http://ex.org/variable#80 http://www.ibm.com/timex#o http://ex.org/variable#42	1
http://ex.org/variable#80 http://www.ibm.com/timex#di http://ex.org/variable#43	1
http://ex.org/variable#80 http://www.ibm.com/timex#di http://ex.org/variable#44	1
http://ex.org/variable#80 http://www.ibm.com/timex#o http://ex.org/variable#45	1
http://ex.org/variable#80 http://www.ibm.com/timex#oi http://ex.org/variable#46	1
http://ex.org/variable#80 http://www.ibm.com/timex#oi http://ex.org/variable#47	1
http://ex.org/variable#80 http://www.ibm.com/timex#di http://ex.org/variable#48	1
http://ex.org/variable#80 http://www.ibm.com/timex#si http://ex.org/variable#49	1
http://ex.org/variable#80 http://www.ibm.com/timex#o_di_fi http://ex.org/variable#50	1
http://ex.org/variable#80 http://www.ibm.com/timex#di http://ex.org/variable#51	1
http://ex.org/variable#80 http://www.ibm.com/timex#si http://ex.org/variable#52	1
http://ex.org/variable#80 http://www.ibm.com/timex#di http://ex.org/variable#53	1
http://ex.org/variable#80 http://www.ibm.com/timex#di http://ex.org/variable#54	1
http://ex.org/variable#80 http://www.ibm.com/timex#di http://ex.org/variable#55	1
http://ex.org/variable#80 http://www.ibm.com/timex#di http://ex.org/variable#56	1
http://ex.org/variable#80 http://www.ibm.com/timex#oi http://ex.org/variable#57	1
http://ex.org/variable#80 http://www.ibm.com/timex#di http://ex.org/variable#58	1
http://ex.org/variable#80 http://www.ibm.com/timex#o http://ex.org/variable#59	1
http://ex.org/variable#80 http://www.ibm.com/timex#o_di_fi http://ex.org/variable#60	1
http://ex.org/variable#80 http://www.ibm.com/timex#o http://ex.org/variable#61	1
http://ex.org/variable#80 http://www.ibm.com/timex#o http://ex.org/variable#62	1
http://ex.org/variable#80 http://www.ibm.com/timex#di http://ex.org/variable#63	1
http://ex.org/variable#80 http://www.ibm.com/timex#di http://ex.org/variable#64	1
http://ex.org/variable#80 http://www.ibm.com/timex#di http://ex.org/variable#65	1
http://ex.org/variable#80 http://www.ibm.com/timex#oi http://ex.org/variable#66	1
http://ex.org/variable#80 http://www.ibm.com/timex#o http://ex.org/variable#67	1
http://ex.org/variable#80 http://www.ibm.com/timex#di http://ex.org/variable#68	1
http://ex.org/variable#80 http://www.ibm.com/timex#di http://ex.org/variable#69	1
http://ex.org/variable#80 http://www.ibm.com/timex#o http://ex.org/variable#70	1
http://ex.org/variable#80 http://www.ibm.com/timex#di http://ex.org/variable#71	1
http://ex.org/variable#80 http://www.ibm.com/timex#di http://ex.org/variable#72	1
http://ex.org/variable#80 http://www.ibm.com/timex#di http://ex.org/variable#73	1
http://ex.org/variable#80 http://www.ibm.com/timex#di http://ex.org/variable#74	1
http://ex.org/variable#80 http://www.ibm.com/timex#di http://ex.org/variable#75	1
http://ex.org/variable#80 http://www.ibm.com/timex#di http://ex.org/variable#76	1
http://ex.org/variable#80 http://www.ibm.com/timex#o http://ex.org/variable#77	1
http://ex.org/variable#80 http://www.ibm.com/timex#di http://ex.org/variable#78	1
http://ex.org/variable#80 http://www.ibm.com/timex#oi http://ex.org/variable#79	1
http://ex.org/variable#80 http://www.ibm.com/timex#oi http://ex.org/variable#81	1
http://ex.org/variable#80 http://www.ibm.com/timex#di http://ex.org/variable#82	1
http://ex.org/variable#80 http://www.ibm.com/timex#si http://ex.org/variable#83	1
http://ex.org/variable#80 http://www.ibm.com/timex#di http://ex.org/variable#84	1
http://ex.org/variable#80 http://www.ibm.com/timex#di http://ex.org/variable#85	1
http://ex.org/variable#80 http://www.ibm.com/timex#d http://ex.org/variable#86	1
http://ex.org/variable#80 http://www.ibm.com/timex#di http://ex.org/variable#87	1
http://ex.org/variable#80 http://www.ibm.com/timex#di http://ex.org/variable#88	1
http://ex.org/variable#80 http://www.ibm.com/timex#di http://ex.org/variable#89	1
http://ex.org/variable#80 http://www.ibm.com/timex#di http://ex.org/variable#90	1
http://ex.org/variable#80 http://www.ibm.com/timex#di_fi http://ex.org/variable#91	1
http://ex.org/variable#80 http://www.ibm.com/timex#o http://ex.org/variable#92	1
http://ex.org/variable#80 http://www.ibm.com/timex#di http://ex.org/variable#93	1
http://ex.org/variable#80 http://www.ibm.com/timex#di http://ex.org/variable#94	1
http://ex.org/variable#80 http://www.ibm.com/timex#di http://ex.org/variable#95	1
http://ex.org/variable#80 http://www.ibm.com/timex#di http://ex.org/variable#96	1
http://ex.org/variable#80 http://www.ibm.com/timex#di http://ex.org/variable#97	1
http://ex.org/variable#80 http://www.ibm.com/timex#di http://ex.org/variable#98	1
http://ex.org/variable#80 http://www.ibm.com/timex#di http://ex.org/variable#99	1
http://ex.org/variable#80 http://www.ibm.com/timex#di http://ex.org/variable#100	1
http://ex.org/variable#80 http://www.ibm.com/timex#di http://ex.org/variable#101	1
http://ex.org/variable#80 http://www.ibm.com/timex#di http://ex.org/variable#102	1
http://ex.org/variable#80 http://www.ibm.com/timex#di http://ex.org/variable#103	1
http://ex.org/variable#80 http://www.ibm.com/timex#di http://ex.org/variable#104	1
http://ex.org/variable#80 http://www.ibm.com/timex#di http://ex.org/variable#105	1
http://ex.org/variable#80 http://www.ibm.com/timex#di http://ex.org/variable#106	1
http://ex.org/variable#80 http://www.ibm.com/timex#di http://ex.org/variable#107	1
http://ex.org/variable#80 http://www.ibm.com/timex#di http://ex.org/variable#108	1
http://ex.org/variable#80 http://www.ibm.com/timex#di http://ex.org/variable#109	1
http://ex.org/variable#80 http://www.ibm.com/timex#di http://ex.org/variable#110	1
http://ex.org/variable#80 http://www.ibm.com/timex#di http://ex.org/variable#111	1
http://ex.org/variable#80 http://www.ibm.com/timex#di http://ex.org/variable#112	1
http://ex.org/variable#80 http://www.ibm.com/timex#di http://ex.org/variable#113	1
http://ex.org/variable#80 http://www.ibm.com/timex#di http://ex.org/variable#114	1
http://ex.org/variable#80 http://www.ibm.com/timex#di http://ex.org/variable#115	1
http://ex.org/variable#80 http://www.ibm.com/timex#di http://ex.org/variable#116	1
http://ex.org/variable#80 http://www.ibm.com/timex#di http://ex.org/variable#117	1
http://ex.org/variable#80 http://www.ibm.com/timex#di http://ex.org/variable#118	1
http://ex.org/variable#80 http://www.ibm.com/timex#oi http://ex.org/variable#119	1
http://ex.org/variable#80 http://www.ibm.com/timex#di http://ex.org/variable#120	1
http://ex.org/variable#80 http://www.ibm.com/timex#di http://ex.org/variable#121	1
http://ex.org/variable#80 http://www.ibm.com/timex#di http://ex.org/variable#122	1
http://ex.org/variable#80 http://www.ibm.com/timex#o http://ex.org/variable#123	1
http://ex.org/variable#80 http://www.ibm.com/timex#oi http://ex.org/variable#124	1
http://ex.org/variable#80 http://www.ibm.com/timex#oi http://ex.org/variable#125	1
http://ex.org/variable#80 http://www.ibm.com/timex#di http://ex.org/variable#126	1
http://ex.org/variable#80 http://www.ibm.com/timex#di http://ex.org/variable#127	1
http://ex.org/variable#80 http://www.ibm.com/timex#o http://ex.org/variable#128	1
http://ex.org/variable#80 http://www.ibm.com/timex#oi http://ex.org/variable#129	1
http://ex.org/variable#80 http://www.ibm.com/timex#di http://ex.org/variable#130	1
http://ex.org/variable#80 http://www.ibm.com/timex#o http://ex.org/variable#131	1
http://ex.org/variable#80 http://www.ibm.com/timex#di http://ex.org/variable#132	1
http://ex.org/variable#80 http://www.ibm.com/timex#o http://ex.org/variable#133	1
http://ex.org/variable#80 http://www.ibm.com/timex#di http://ex.org/variable#134	1
http://ex.org/variable#80 http://www.ibm.com/timex#o http://ex.org/variable#135	1
http://ex.org/variable#80 http://www.ibm.com/timex#o http://ex.org/variable#136	1
http://ex.org/variable#80 http://www.ibm.com/timex#di http://ex.org/variable#137	1
http://ex.org/variable#80 http://www.ibm.com/timex#di http://ex.org/variable#138	1
http://ex.org/variable#80 http://www.ibm.com/timex#di http://ex.org/variable#139	1
http://ex.org/variable#80 http://www.ibm.com/timex#di http://ex.org/variable#140	1
http://ex.org/variable#80 http://www.ibm.com/timex#oi_d_s_si http://ex.org/variable#141	1
http://ex.org/variable#80 http://www.ibm.com/timex#di http://ex.org/variable#142	1
http://ex.org/variable#80 http://www.ibm.com/timex#di http://ex.org/variable#143	1
http://ex.org/variable#80 http://www.ibm.com/timex#di http://ex.org/variable#144	1
http://ex.org/variable#80 http://www.ibm.com/timex#di http://ex.org/variable#145	1
http://ex.org/variable#80 http://www.ibm.com/timex#o http://ex.org/variable#146	1
http://ex.org/variable#80 http://www.ibm.com/timex#di http://ex.org/variable#147	1
http://ex.org/variable#80 http://www.ibm.com/timex#di http://ex.org/variable#148	1
http://ex.org/variable#80 http://www.ibm.com/timex#oi http://ex.org/variable#149	1
http://ex.org/variable#80 http://www.ibm.com/timex#o http://ex.org/variable#150	1
http://ex.org/variable#80 http://www.ibm.com/timex#o http://ex.org/variable#151	1
http://ex.org/variable#80 http://www.ibm.com/timex#di http://ex.org/variable#152	1
http://ex.org/variable#80 http://www.ibm.com/timex#o http://ex.org/variable#153	1
http://ex.org/variable#80 http://www.ibm.com/timex#di http://ex.org/variable#154	1
http://ex.org/variable#80 http://www.ibm.com/timex#oi http://ex.org/variable#155	1
http://ex.org/variable#80 http://www.ibm.com/timex#di http://ex.org/variable#156	1
http://ex.org/variable#80 http://www.ibm.com/timex#di http://ex.org/variable#157	1
http://ex.org/variable#80 http://www.ibm.com/timex#di http://ex.org/variable#158	1
http://ex.org/variable#80 http://www.ibm.com/timex#o http://ex.org/variable#159	1
http://ex.org/variable#80 http://www.ibm.com/timex#di http://ex.org/variable#160	1
http://ex.org/variable#80 http://www.ibm.com/timex#di http://ex.org/variable#161	1
http://ex.org/variable#80 http://www.ibm.com/timex#di http://ex.org/variable#162	1
http://ex.org/variable#80 http://www.ibm.com/timex#di http://ex.org/variable#163	1
http://ex.org/variable#80 http://www.ibm.com/timex#di http://ex.org/variable#164	1
http://ex.org/variable#80 http://www.ibm.com/timex#di http://ex.org/variable#165	1
http://ex.org/variable#80 http://www.ibm.com/timex#di http://ex.org/variable#166	1
http://ex.org/variable#80 http://www.ibm.com/timex#di http://ex.org/variable#167	1
http://ex.org/variable#80 http://www.ibm.com/timex#di http://ex.org/variable#168	1
http://ex.org/variable#80 http://www.ibm.com/timex#di http://ex.org/variable#169	1
http://ex.org/variable#80 http://www.ibm.com/timex#di http://ex.org/variable#170	1
http://ex.org/variable#80 http://www.ibm.com/timex#di http://ex.org/variable#171	1
http://ex.org/variable#80 http://www.ibm.com/timex#oi http://ex.org/variable#172	1
http://ex.org/variable#80 http://www.ibm.com/timex#di http://ex.org/variable#173	1
http://ex.org/variable#80 http://www.ibm.com/timex#di http://ex.org/variable#174	1
http://ex.org/variable#80 http://www.ibm.com/timex#di http://ex.org/variable#175	1
http://ex.org/variable#80 http://www.ibm.com/timex#o http://ex.org/variable#176	1
http://ex.org/variable#80 http://www.ibm.com/timex#di http://ex.org/variable#177	1
http://ex.org/variable#80 http://www.ibm.com/timex#o http://ex.org/variable#178	1
http://ex.org/variable#80 http://www.ibm.com/timex#di http://ex.org/variable#179	1
http://ex.org/variable#80 http://www.ibm.com/timex#di http://ex.org/variable#180	1
http://ex.org/variable#80 http://www.ibm.com/timex#di http://ex.org/variable#181	1
http://ex.org/variable#80 http://www.ibm.com/timex#di http://ex.org/variable#182	1
http://ex.org/variable#80 http://www.ibm.com/timex#di http://ex.org/variable#183	1
http://ex.org/variable#80 http://www.ibm.com/timex#di http://ex.org/variable#184	1
http://ex.org/variable#80 http://www.ibm.com/timex#di http://ex.org/variable#185	1
http://ex.org/variable#80 http://www.ibm.com/timex#di http://ex.org/variable#186	1
http://ex.org/variable#80 http://www.ibm.com/timex#oi http://ex.org/variable#187	1
http://ex.org/variable#80 http://www.ibm.com/timex#di http://ex.org/variable#188	1
http://ex.org/variable#80 http://www.ibm.com/timex#di http://ex.org/variable#189	1
http://ex.org/variable#81 http://www.ibm.com/timex#o http://ex.org/variable#0	1
http://ex.org/variable#81 http://www.ibm.com/timex#b http://ex.org/variable#1	1
http://ex.org/variable#81 http://www.ibm.com/timex#o http://ex.org/variable#2	1
http://ex.org/variable#81 http://www.ibm.com/timex#o http://ex.org/variable#3	1
http://ex.org/variable#81 http://www.ibm.com/timex#o http://ex.org/variable#4	1
http://ex.org/variable#81 http://www.ibm.com/timex#di http://ex.org/variable#5	1
http://ex.org/variable#81 http://www.ibm.com/timex#o http://ex.org/variable#6	1
http://ex.org/variable#81 http://www.ibm.com/timex#o http://ex.org/variable#7	1
http://ex.org/variable#81 http://www.ibm.com/timex#di http://ex.org/variable#8	1
http://ex.org/variable#81 http://www.ibm.com/timex#o http://ex.org/variable#9	1
http://ex.org/variable#81 http://www.ibm.com/timex#o http://ex.org/variable#10	1
http://ex.org/variable#81 http://www.ibm.com/timex#o http://ex.org/variable#11	1
http://ex.org/variable#81 http://www.ibm.com/timex#o http://ex.org/variable#12	1
http://ex.org/variable#81 http://www.ibm.com/timex#di http://ex.org/variable#13	1
http://ex.org/variable#81 http://www.ibm.com/timex#o http://ex.org/variable#14	1
http://ex.org/variable#81 http://www.ibm.com/timex#o http://ex.org/variable#15	1
http://ex.org/variable#81 http://www.ibm.com/timex#o http://ex.org/variable#16	1
http://ex.org/variable#81 http://www.ibm.com/timex#b http://ex.org/variable#17	1
http://ex.org/variable#81 http://www.ibm.com/timex#o http://ex.org/variable#18	1
http://ex.org/variable#81 http://www.ibm.com/timex#di http://ex.org/variable#19	1
http://ex.org/variable#81 http://www.ibm.com/timex#o http://ex.org/variable#20	1
http://ex.org/variable#81 http://www.ibm.com/timex#b http://ex.org/variable#21	1
http://ex.org/variable#81 http://www.ibm.com/timex#o http://ex.org/variable#22	1
http://ex.org/variable#81 http://www.ibm.com/timex#di http://ex.org/variable#23	1
http://ex.org/variable#81 http://www.ibm.com/timex#o http://ex.org/variable#24	1
http://ex.org/variable#81 http://www.ibm.com/timex#di http://ex.org/variable#25	1
http://ex.org/variable#81 http://www.ibm.com/timex#b http://ex.org/variable#26	1
http://ex.org/variable#81 http://www.ibm.com/timex#oi_di_si http://ex.org/variable#27	1
http://ex.org/variable#81 http://www.ibm.com/timex#o http://ex.org/variable#28	1
http://ex.org/variable#81 http://www.ibm.com/timex#o http://ex.org/variable#29	1
http://ex.org/variable#81 http://www.ibm.com/timex#di http://ex.org/variable#30	1
http://ex.org/variable#81 http://www.ibm.com/timex#oi http://ex.org/variable#31	1
http://ex.org/variable#81 http://www.ibm.com/timex#di http://ex.org/variable#32	1
http://ex.org/variable#81 http://www.ibm.com/timex#b http://ex.org/variable#33	1
http://ex.org/variable#81 http://www.ibm.com/timex#o http://ex.org/variable#34	1
http://ex.org/variable#81 http://www.ibm.com/timex#di http://ex.org/variable#35	1
http://ex.org/variable#81 http://www.ibm.com/timex#di http://ex.org/variable#36	1
http://ex.org/variable#81 http://www.ibm.com/timex#di http://ex.org/variable#37	1
http://ex.org/variable#81 http://www.ibm.com/timex#o http://ex.org/variable#38	1
http://ex.org/variable#81 http://www.ibm.com/timex#b http://ex.org/variable#39	1
http://ex.org/variable#81 http://www.ibm.com/timex#o http://ex.org/variable#40	1
http://ex.org/variable#81 http://www.ibm.com/timex#o http://ex.org/variable#41	1
http://ex.org/variable#81 http://www.ibm.com/timex#o http://ex.org/variable#42	1
http://ex.org/variable#81 http://www.ibm.com/timex#o http://ex.org/variable#43	1
http://ex.org/variable#81 http://www.ibm.com/timex#o http://ex.org/variable#44	1
http://ex.org/variable#81 http://www.ibm.com/timex#o http://ex.org/variable#45	1
http://ex.org/variable#81 http://www.ibm.com/timex#fi http://ex.org/variable#46	1
http://ex.org/variable#81 http://www.ibm.com/timex#o_d_s http://ex.org/variable#47	1
http://ex.org/variable#81 http://www.ibm.com/timex#b http://ex.org/variable#48	1
http://ex.org/variable#81 http://www.ibm.com/timex#di http://ex.org/variable#49	1
http://ex.org/variable#81 http://www.ibm.com/timex#o http://ex.org/variable#50	1
http://ex.org/variable#81 http://www.ibm.com/timex#b http://ex.org/variable#51	1
http://ex.org/variable#81 http://www.ibm.com/timex#o http://ex.org/variable#52	1
http://ex.org/variable#81 http://www.ibm.com/timex#o http://ex.org/variable#53	1
http://ex.org/variable#81 http://www.ibm.com/timex#o http://ex.org/variable#54	1
http://ex.org/variable#81 http://www.ibm.com/timex#o http://ex.org/variable#55	1
http://ex.org/variable#81 http://www.ibm.com/timex#di http://ex.org/variable#56	1
http://ex.org/variable#81 http://www.ibm.com/timex#fi http://ex.org/variable#57	1
http://ex.org/variable#81 http://www.ibm.com/timex#o http://ex.org/variable#58	1
http://ex.org/variable#81 http://www.ibm.com/timex#o http://ex.org/variable#59	1
http://ex.org/variable#81 http://www.ibm.com/timex#o http://ex.org/variable#60	1
http://ex.org/variable#81 http://www.ibm.com/timex#o http://ex.org/variable#61	1
http://ex.org/variable#81 http://www.ibm.com/timex#o http://ex.org/variable#62	1
http://ex.org/variable#81 http://www.ibm.com/timex#o http://ex.org/variable#63	1
http://ex.org/variable#81 http://www.ibm.com/timex#o http://ex.org/variable#64	1
http://ex.org/variable#81 http://www.ibm.com/timex#di http://ex.org/variable#65	1
http://ex.org/variable#81 http://www.ibm.com/timex#oi_di_si http://ex.org/variable#66	1
http://ex.org/variable#81 http://www.ibm.com/timex#o http://ex.org/variable#67	1
http://ex.org/variable#81 http://www.ibm.com/timex#o http://ex.org/variable#68	1
http://ex.org/variable#81 http://www.ibm.com/timex#o http://ex.org/variable#69	1
http://ex.org/variable#81 http://www.ibm.com/timex#o http://ex.org/variable#70	1
http://ex.org/variable#81 http://www.ibm.com/timex#o_fi http://ex.org/variable#71	1
http://ex.org/variable#81 http://www.ibm.com/timex#o http://ex.org/variable#72	1
http://ex.org/variable#81 http://www.ibm.com/timex#o http://ex.org/variable#73	1
http://ex.org/variable#81 http://www.ibm.com/timex#o http://ex.org/variable#74	1
http://ex.org/variable#81 http://www.ibm.com/timex#o http://ex.org/variable#75	1
http://ex.org/variable#81 http://www.ibm.com/timex#o http://ex.org/variable#76	1
http://ex.org/variable#81 http://www.ibm.com/timex#o http://ex.org/variable#77	1
http://ex.org/variable#81 http://www.ibm.com/timex#o http://ex.org/variable#78	1
http://ex.org/variable#81 http://www.ibm.com/timex#oi http://ex.org/variable#79	1
http://ex.org/variable#81 http://www.ibm.com/timex#o http://ex.org/variable#80	1
http://ex.org/variable#81 http://www.ibm.com/timex#di http://ex.org/variable#82	1
http://ex.org/variable#81 http://www.ibm.com/timex#o http://ex.org/variable#83	1
http://ex.org/variable#81 http://www.ibm.com/timex#o http://ex.org/variable#84	1
http://ex.org/variable#81 http://www.ibm.com/timex#b http://ex.org/variable#85	1
http://ex.org/variable#81 http://www.ibm.com/timex#o http://ex.org/variable#86	1
http://ex.org/variable#81 http://www.ibm.com/timex#o http://ex.org/variable#87	1
http://ex.org/variable#81 http://www.ibm.com/timex#b http://ex.org/variable#88	1
http://ex.org/variable#81 http://www.ibm.com/timex#o http://ex.org/variable#89	1
http://ex.org/variable#81 http://www.ibm.com/timex#o http://ex.org/variable#90	1
http://ex.org/variable#81 http://www.ibm.com/timex#o http://ex.org/variable#91	1
http://ex.org/variable#81 http://www.ibm.com/timex#o http://ex.org/variable#92	1
http://ex.org/variable#81 http://www.ibm.com/timex#o http://ex.org/variable#93	1
http://ex.org/variable#81 http://www.ibm.com/timex#o http://ex.org/variable#94	1
http://ex.org/variable#81 http://www.ibm.com/timex#di http://ex.org/variable#95	1
http://ex.org/variable#81 http://www.ibm.com/timex#di http://ex.org/variable#96	1
http://ex.org/variable#81 http://www.ibm.com/timex#o http://ex.org/variable#97	1
http://ex.org/variable#81 http://www.ibm.com/timex#b http://ex.org/variable#98	1
http://ex.org/variable#81 http://www.ibm.com/timex#b http://ex.org/variable#99	1
http://ex.org/variable#81 http://www.ibm.com/timex#di http://ex.org/variable#100	1
http://ex.org/variable#81 http://www.ibm.com/timex#o http://ex.org/variable#101	1
http://ex.org/variable#81 http://www.ibm.com/timex#o http://ex.org/variable#102	1
http://ex.org/variable#81 http://www.ibm.com/timex#o http://ex.org/variable#103	1
http://ex.org/variable#81 http://www.ibm.com/timex#b http://ex.org/variable#104	1
http://ex.org/variable#81 http://www.ibm.com/timex#o http://ex.org/variable#105	1
http://ex.org/variable#81 http://www.ibm.com/timex#o http://ex.org/variable#106	1
http://ex.org/variable#81 http://www.ibm.com/timex#o http://ex.org/variable#107	1
http://ex.org/variable#81 http://www.ibm.com/timex#di http://ex.org/variable#108	1
http://ex.org/variable#81 http://www.ibm.com/timex#o http://ex.org/variable#109	1
http://ex.org/variable#81 http://www.ibm.com/timex#o http://ex.org/variable#110	1
http://ex.org/variable#81 http://www.ibm.com/timex#o http://ex.org/variable#111	1
http://ex.org/variable#81 http://www.ibm.com/timex#o http://ex.org/variable#112	1
http://ex.org/variable#81 http://www.ibm.com/timex#di http://ex.org/variable#113	1
http://ex.org/variable#81 http://www.ibm.com/timex#o http://ex.org/variable#114	1
http://ex.org/variable#81 http://www.ibm.com/timex#b http://ex.org/variable#115	1
http://ex.org/variable#81 http://www.ibm.com/timex#o http://ex.org/variable#116	1
http://ex.org/variable#81 http://www.ibm.com/timex#di http://ex.org/variable#117	1
http://ex.org/variable#81 http://www.ibm.com/timex#di http://ex.org/variable#118	1
http://ex.org/variable#81 http://www.ibm.com/timex#d http://ex.org/variable#119	1
http://ex.org/variable#81 http://www.ibm.com/timex#di http://ex.org/variable#120	1
http://ex.org/variable#81 http://www.ibm.com/timex#b http://ex.org/variable#121	1
http://ex.org/variable#81 http://www.ibm.com/timex#o http://ex.org/variable#122	1
http://ex.org/variable#81 http://www.ibm.com/timex#o http://ex.org/variable#123	1
http://ex.org/variable#81 http://www.ibm.com/timex#di http://ex.org/variable#124	1
http://ex.org/variable#81 http://www.ibm.com/timex#di http://ex.org/variable#125	1
http://ex.org/variable#81 http://www.ibm.com/timex#o http://ex.org/variable#126	1
http://ex.org/variable#81 http://www.ibm.com/timex#b http://ex.org/variable#127	1
http://ex.org/variable#81 http://www.ibm.com/timex#o http://ex.org/variable#128	1
http://ex.org/variable#81 http://www.ibm.com/timex#oi http://ex.org/variable#129	1
http://ex.org/variable#81 http://www.ibm.com/timex#di http://ex.org/variable#130	1
http://ex.org/variable#81 http://www.ibm.com/timex#b http://ex.org/variable#131	1
http://ex.org/variable#81 http://www.ibm.com/timex#o http://ex.org/variable#132	1
http://ex.org/variable#81 http://www.ibm.com/timex#o http://ex.org/variable#133	1
http://ex.org/variable#81 http://www.ibm.com/timex#di http://ex.org/variable#134	1
http://ex.org/variable#81 http://www.ibm.com/timex#o http://ex.org/variable#135	1
http://ex.org/variable#81 http://www.ibm.com/timex#o http://ex.org/variable#136	1
http://ex.org/variable#81 http://www.ibm.com/timex#di http://ex.org/variable#137	1
http://ex.org/variable#81 http://www.ibm.com/timex#b http://ex.org/variable#138	1
http://ex.org/variable#81 http://www.ibm.com/timex#di http://ex.org/variable#139	1
http://ex.org/variable#81 http://www.ibm.com/timex#di http://ex.org/variable#140	1
http://ex.org/variable#81 http://www.ibm.com/timex#o http://ex.org/variable#141	1
http://ex.org/variable#81 http://www.ibm.com/timex#di http://ex.org/variable#142	1
http://ex.org/variable#81 http://www.ibm.com/timex#o http://ex.org/variable#143	1
http://ex.org/variable#81 http://www.ibm.com/timex#o http://ex.org/variable#144	1
http://ex.org/variable#81 http://www.ibm.com/timex#b http://ex.org/variable#145	1
http://ex.org/variable#81 http://www.ibm.com/timex#o http://ex.org/variable#146	1
http://ex.org/variable#81 http://www.ibm.com/timex#o http://ex.org/variable#147	1
http://ex.org/variable#81 http://www.ibm.com/timex#o http://ex.org/variable#148	1
http://ex.org/variable#81 http://www.ibm.com/timex#di http://ex.org/variable#149	1
http://ex.org/variable#81 http://www.ibm.com/timex#b http://ex.org/variable#150	1
http://ex.org/variable#81 http://www.ibm.com/timex#o http://ex.org/variable#151	1
http://ex.org/variable#81 http://www.ibm.com/timex#di http://ex.org/variable#152	1
http://ex.org/variable#81 http://www.ibm.com/timex#o http://ex.org/variable#153	1
http://ex.org/variable#81 http://www.ibm.com/timex#di http://ex.org/variable#154	1
http://ex.org/variable#81 http://www.ibm.com/timex#o http://ex.org/variable#155	1
http://ex.org/variable#81 http://www.ibm.com/timex#o http://ex.org/variable#156	1
http://ex.org/variable#81 http://www.ibm.com/timex#di http://ex.org/variable#157	1
http://ex.org/variable#81 http://www.ibm.com/timex#di http://ex.org/variable#158	1
http://ex.org/variable#81 http://www.ibm.com/timex#o http://ex.org/variable#159	1
http://ex.org/variable#81 http://www.ibm.com/timex#o http://ex.org/variable#160	1
http://ex.org/variable#81 http://www.ibm.com/timex#di http://ex.org/variable#161	1
http://ex.org/variable#81 http://www.ibm.com/timex#di http://ex.org/variable#162	1
http://ex.org/variable#81 http://www.ibm.com/timex#o http://ex.org/variable#163	1
http://ex.org/variable#81 http://www.ibm.com/timex#o http://ex.org/variable#164	1
http://ex.org/variable#81 http://www.ibm.com/timex#di http://ex.org/variable#165	1
http://ex.org/variable#81 http://www.ibm.com/timex#di http://ex.org/variable#166	1
http://ex.org/variable#81 http://www.ibm.com/timex#o http://ex.org/variable#167	1
http://ex.org/variable#81 http://www.ibm.com/timex#o http://ex.org/variable#168	1
http://ex.org/variable#81 http://www.ibm.com/timex#o http://ex.org/variable#169	1
http://ex.org/variable#81 http://www.ibm.com/timex#b http://ex.org/variable#170	1
http://ex.org/variable#81 http://www.ibm.com/timex#di http://ex.org/variable#171	1
http://ex.org/variable#81 http://www.ibm.com/timex#di http://ex.org/variable#172	1
http://ex.org/variable#81 http://www.ibm.com/timex#b http://ex.org/variable#173	1
http://ex.org/variable#81 http://www.ibm.com/timex#o http://ex.org/variable#174	1
http://ex.org/variable#81 http://www.ibm.com/timex#o http://ex.org/variable#175	1
http://ex.org/variable#81 http://www.ibm.com/timex#o http://ex.org/variable#176	1
http://ex.org/variable#81 http://www.ibm.com/timex#o http://ex.org/variable#177	1
http://ex.org/variable#81 http://www.ibm.com/timex#o http://ex.org/variable#178	1
http://ex.org/variable#81 http://www.ibm.com/timex#o http://ex.org/variable#179	1
http://ex.org/variable#81 http://www.ibm.com/timex#di http://ex.org/variable#180	1
http://ex.org/variable#81 http://www.ibm.com/timex#di http://ex.org/variable#181	1
http://ex.org/variable#81 http://www.ibm.com/timex#di http://ex.org/variable#182	1
http://ex.org/variable#81 http://www.ibm.com/timex#b http://ex.org/variable#183	1
http://ex.org/variable#81 http://www.ibm.com/timex#di http://ex.org/variable#184	1
http://ex.org/variable#81 http://www.ibm.com/timex#o http://ex.org/variable#185	1
http://ex.org/variable#81 http://www.ibm.com/timex#o http://ex.org/variable#186	1
http://ex.org/variable#81 http://www.ibm.com/timex#o_s http://ex.org/variable#187	1
http://ex.org/variable#81 http://www.ibm.com/timex#o http://ex.org/variable#188	1
http://ex.org/variable#81 http://www.ibm.com/timex#di http://ex.org/variable#189	1
http://ex.org/variable#82 http://www.ibm.com/timex#o http://ex.org/variable#0	1
http://ex.org/variable#82 http://www.ibm.com/timex#b http://ex.org/variable#1	1
http://ex.org/variable#82 http://www.ibm.com/timex#o http://ex.org/variable#2	1
http://ex.org/variable#82 http://www.ibm.com/timex#o http://ex.org/variable#3	1
http://ex.org/variable#82 http://www.ibm.com/timex#o http://ex.org/variable#4	1
http://ex.org/variable#82 http://www.ibm.com/timex#o_s http://ex.org/variable#5	1
http://ex.org/variable#82 http://www.ibm.com/timex#b http://ex.org/variable#6	1
http://ex.org/variable#82 http://www.ibm.com/timex#o http://ex.org/variable#7	1
http://ex.org/variable#82 http://www.ibm.com/timex#oi http://ex.org/variable#8	1
http://ex.org/variable#82 http://www.ibm.com/timex#b http://ex.org/variable#9	1
http://ex.org/variable#82 http://www.ibm.com/timex#o http://ex.org/variable#10	1
http://ex.org/variable#82 http://www.ibm.com/timex#d http://ex.org/variable#11	1
http://ex.org/variable#82 http://www.ibm.com/timex#d http://ex.org/variable#12	1
http://ex.org/variable#82 http://www.ibm.com/timex#d http://ex.org/variable#13	1
http://ex.org/variable#82 http://www.ibm.com/timex#b http://ex.org/variable#14	1
http://ex.org/variable#82 http://www.ibm.com/timex#d http://ex.org/variable#15	1
http://ex.org/variable#82 http://www.ibm.com/timex#d http://ex.org/variable#16	1
http://ex.org/variable#82 http://www.ibm.com/timex#b http://ex.org/variable#17	1
http://ex.org/variable#82 http://www.ibm.com/timex#d_s http://ex.org/variable#18	1
http://ex.org/variable#82 http://www.ibm.com/timex#oi http://ex.org/variable#19	1
http://ex.org/variable#82 http://www.ibm.com/timex#d http://ex.org/variable#20	1
http://ex.org/variable#82 http://www.ibm.com/timex#b http://ex.org/variable#21	1
http://ex.org/variable#82 http://www.ibm.com/timex#d_s http://ex.org/variable#22	1
http://ex.org/variable#82 http://www.ibm.com/timex#oi http://ex.org/variable#23	1
http://ex.org/variable#82 http://www.ibm.com/timex#d http://ex.org/variable#24	1
http://ex.org/variable#82 http://www.ibm.com/timex#bi_oi http://ex.org/variable#25	1
http://ex.org/variable#82 http://www.ibm.com/timex#b http://ex.org/variable#26	1
http://ex.org/variable#82 http://www.ibm.com/timex#oi http://ex.org/variable#27	1
http://ex.org/variable#82 http://www.ibm.com/timex#b http://ex.org/variable#28	1
http://ex.org/variable#82 http://www.ibm.com/timex#o http://ex.org/variable#29	1
http://ex.org/variable#82 http://www.ibm.com/timex#b http://ex.org/variable#30	1
http://ex.org/variable#82 http://www.ibm.com/timex#d http://ex.org/variable#31	1
http://ex.org/variable#82 http://www.ibm.com/timex#oi http://ex.org/variable#32	1
http://ex.org/variable#82 http://www.ibm.com/timex#b http://ex.org/variable#33	1
http://ex.org/variable#82 http://www.ibm.com/timex#d http://ex.org/variable#34	1
http://ex.org/variable#82 http://www.ibm.com/timex#o http://ex.org/variable#35	1
http://ex.org/variable#82 http://www.ibm.com/timex#d http://ex.org/variable#36	1
http://ex.org/variable#82 http://www.ibm.com/timex#oi http://ex.org/variable#37	1
http://ex.org/variable#82 http://www.ibm.com/timex#d http://ex.org/variable#38	1
http://ex.org/variable#82 http://www.ibm.com/timex#b http://ex.org/variable#39	1
http://ex.org/variable#82 http://www.ibm.com/timex#d http://ex.org/variable#40	1
http://ex.org/variable#82 http://www.ibm.com/timex#d http://ex.org/variable#41	1
http://ex.org/variable#82 http://www.ibm.com/timex#o http://ex.org/variable#42	1
http://ex.org/variable#82 http://www.ibm.com/timex#d http://ex.org/variable#43	1
http://ex.org/variable#82 http://www.ibm.com/timex#d http://ex.org/variable#44	1
http://ex.org/variable#82 http://www.ibm.com/timex#o http://ex.org/variable#45	1
http://ex.org/variable#82 http://www.ibm.com/timex#d http://ex.org/variable#46	1
http://ex.org/variable#82 http://www.ibm.com/timex#d http://ex.org/variable#47	1
http://ex.org/variable#82 http://www.ibm.com/timex#b http://ex.org/variable#48	1
http://ex.org/variable#82 http://www.ibm.com/timex#oi http://ex.org/variable#49	1
http://ex.org/variable#82 http://www.ibm.com/timex#o http://ex.org/variable#50	1
http://ex.org/variable#82 http://www.ibm.com/timex#b http://ex.org/variable#51	1
http://ex.org/variable#82 http://www.ibm.com/timex#d http://ex.org/variable#52	1
http://ex.org/variable#82 http://www.ibm.com/timex#d http://ex.org/variable#53	1
http://ex.org/variable#82 http://www.ibm.com/timex#d http://ex.org/variable#54	1
http://ex.org/variable#82 http://www.ibm.com/timex#o http://ex.org/variable#55	1
http://ex.org/variable#82 http://www.ibm.com/timex#o http://ex.org/variable#56	1
http://ex.org/variable#82 http://www.ibm.com/timex#d http://ex.org/variable#57	1
http://ex.org/variable#82 http://www.ibm.com/timex#d http://ex.org/variable#58	1
http://ex.org/variable#82 http://www.ibm.com/timex#d http://ex.org/variable#59	1
http://ex.org/variable#82 http://www.ibm.com/timex#d http://ex.org/variable#60	1
http://ex.org/variable#82 http://www.ibm.com/timex#d http://ex.org/variable#61	1
http://ex.org/variable#82 http://www.ibm.com/timex#o http://ex.org/variable#62	1
http://ex.org/variable#82 http://www.ibm.com/timex#d http://ex.org/variable#63	1
http://ex.org/variable#82 http://www.ibm.com/timex#d http://ex.org/variable#64	1
http://ex.org/variable#82 http://www.ibm.com/timex#mi_oi http://ex.org/variable#65	1
http://ex.org/variable#82 http://www.ibm.com/timex#oi http://ex.org/variable#66	1
http://ex.org/variable#82 http://www.ibm.com/timex#d http://ex.org/variable#67	1
http://ex.org/variable#82 http://www.ibm.com/timex#o http://ex.org/variable#68	1
http://ex.org/variable#82 http://www.ibm.com/timex#o http://ex.org/variable#69	1
http://ex.org/variable#82 http://www.ibm.com/timex#d http://ex.org/variable#70	1
http://ex.org/variable#82 http://www.ibm.com/timex#d http://ex.org/variable#71	1
http://ex.org/variable#82 http://www.ibm.com/timex#o http://ex.org/variable#72	1
http://ex.org/variable#82 http://www.ibm.com/timex#d http://ex.org/variable#73	1
http://ex.org/variable#82 http://www.ibm.com/timex#d http://ex.org/variable#74	1
http://ex.org/variable#82 http://www.ibm.com/timex#d http://ex.org/variable#75	1
http://ex.org/variable#82 http://www.ibm.com/timex#o http://ex.org/variable#76	1
http://ex.org/variable#82 http://www.ibm.com/timex#d_s http://ex.org/variable#77	1
http://ex.org/variable#82 http://www.ibm.com/timex#o http://ex.org/variable#78	1
http://ex.org/variable#82 http://www.ibm.com/timex#d http://ex.org/variable#79	1
http://ex.org/variable#82 http://www.ibm.com/timex#d http://ex.org/variable#80	1
http://ex.org/variable#82 http://www.ibm.com/timex#d http://ex.org/variable#81	1
http://ex.org/variable#82 http://www.ibm.com/timex#d http://ex.org/variable#83	1
http://ex.org/variable#82 http://www.ibm.com/timex#b http://ex.org/variable#84	1
http://ex.org/variable#82 http://www.ibm.com/timex#b http://ex.org/variable#85	1
http://ex.org/variable#82 http://www.ibm.com/timex#d http://ex.org/variable#86	1
http://ex.org/variable#82 http://www.ibm.com/timex#b http://ex.org/variable#87	1
http://ex.org/variable#82 http://www.ibm.com/timex#b http://ex.org/variable#88	1
http://ex.org/variable#82 http://www.ibm.com/timex#o http://ex.org/variable#89	1
http://ex.org/variable#82 http://www.ibm.com/timex#o http://ex.org/variable#90	1
http://ex.org/variable#82 http://www.ibm.com/timex#d http://ex.org/variable#91	1
http://ex.org/variable#82 http://www.ibm.com/timex#b http://ex.org/variable#92	1
http://ex.org/variable#82 http://www.ibm.com/timex#o http://ex.org/variable#93	1
http://ex.org/variable#82 http://www.ibm.com/timex#d http://ex.org/variable#94	1
http://ex.org/variable#82 http://www.ibm.com/timex#b http://ex.org/variable#95	1
http://ex.org/variable#82 http://www.ibm.com/timex#oi_si http://ex.org/variable#96	1
http://ex.org/variable#82 http://www.ibm.com/timex#o http://ex.org/variable#97	1
http://ex.org/variable#82 http://www.ibm.com/timex#b http://ex.org/variable#98	1
http://ex.org/variable#82 http://www.ibm.com/timex#b http://ex.org/variable#99	1
http://ex.org/variable#82 http://www.ibm.com/timex#oi http://ex.org/variable#100	1
http://ex.org/variable#82 http://www.ibm.com/timex#o http://ex.org/variable#101	1
http://ex.org/variable#82 http://www.ibm.com/timex#b http://ex.org/variable#102	1
http://ex.org/variable#82 http://www.ibm.com/timex#d http://ex.org/variable#103	1
http://ex.org/variable#82 http://www.ibm.com/timex#b http://ex.org/variable#104	1
http://ex.org/variable#82 http://www.ibm.com/timex#d http://ex.org/variable#105	1
http://ex.org/variable#82 http://www.ibm.com/timex#d http://ex.org/variable#106	1
http://ex.org/variable#82 http://www.ibm.com/timex#o http://ex.org/variable#107	1
http://ex.org/variable#82 http://www.ibm.com/timex#o http://ex.org/variable#108	1
http://ex.org/variable#82 http://www.ibm.com/timex#b http://ex.org/variable#109	1
http://ex.org/variable#82 http://www.ibm.com/timex#d http://ex.org/variable#110	1
http://ex.org/variable#82 http://www.ibm.com/timex#o http://ex.org/variable#111	1
http://ex.org/variable#82 http://www.ibm.com/timex#d http://ex.org/variable#112	1
http://ex.org/variable#82 http://www.ibm.com/timex#b http://ex.org/variable#113	1
http://ex.org/variable#82 http://www.ibm.com/timex#d http://ex.org/variable#114	1
http://ex.org/variable#82 http://www.ibm.com/timex#b http://ex.org/variable#115	1
http://ex.org/variable#82 http://www.ibm.com/timex#b http://ex.org/variable#116	1
http://ex.org/variable#82 http://www.ibm.com/timex#d http://ex.org/variable#117	1
http://ex.org/variable#82 http://www.ibm.com/timex#d http://ex.org/variable#118	1
http://ex.org/variable#82 http://www.ibm.com/timex#d http://ex.org/variable#119	1
http://ex.org/variable#82 http://www.ibm.com/timex#d http://ex.org/variable#120	1
http://ex.org/variable#82 http://www.ibm.com/timex#b http://ex.org/variable#121	1
http://ex.org/variable#82 http://www.ibm.com/timex#d http://ex.org/variable#122	1
http://ex.org/variable#82 http://www.ibm.com/timex#o http://ex.org/variable#123	1
http://ex.org/variable#82 http://www.ibm.com/timex#d http://ex.org/variable#124	1
http://ex.org/variable#82 http://www.ibm.com/timex#d http://ex.org/variable#125	1
http://ex.org/variable#82 http://www.ibm.com/timex#b http://ex.org/variable#126	1
http://ex.org/variable#82 http://www.ibm.com/timex#b http://ex.org/variable#127	1
http://ex.org/variable#82 http://www.ibm.com/timex#o http://ex.org/variable#128	1
http://ex.org/variable#82 http://www.ibm.com/timex#d http://ex.org/variable#129	1
http://ex.org/variable#82 http://www.ibm.com/timex#o http://ex.org/variable#130	1
http://ex.org/variable#82 http://www.ibm.com/timex#b http://ex.org/variable#131	1
http://ex.org/variable#82 http://www.ibm.com/timex#d http://ex.org/variable#132	1
http://ex.org/variable#82 http://www.ibm.com/timex#o http://ex.org/variable#133	1
http://ex.org/variable#82 http://www.ibm.com/timex#d http://ex.org/variable#134	1
http://ex.org/variable#82 http://www.ibm.com/timex#d http://ex.org/variable#135	1
http://ex.org/variable#82 http://www.ibm.com/timex#d http://ex.org/variable#136	1
http://ex.org/variable#82 http://www.ibm.com/timex#o http://ex.org/variable#137	1
http://ex.org/variable#82 http://www.ibm.com/timex#b http://ex.org/variable#138	1
http://ex.org/variable#82 http://www.ibm.com/timex#o http://ex.org/variable#139	1
http://ex.org/variable#82 http://www.ibm.com/timex#o http://ex.org/variable#140	1
http://ex.org/variable#82 http://www.ibm.com/timex#d http://ex.org/variable#141	1
http://ex.org/variable#82 http://www.ibm.com/timex#d http://ex.org/variable#142	1
http://ex.org/variable#82 http://www.ibm.com/timex#d http://ex.org/variable#143	1
http://ex.org/variable#82 http://www.ibm.com/timex#o http://ex.org/variable#144	1
http://ex.org/variable#82 http://www.ibm.com/timex#b http://ex.org/variable#145	1
http://ex.org/variable#82 http://www.ibm.com/timex#o http://ex.org/variable#146	1
http://ex.org/variable#82 http://www.ibm.com/timex#d http://ex.org/variable#147	1
http://ex.org/variable#82 http://www.ibm.com/timex#o http://ex.org/variable#148	1
http://ex.org/variable#82 http://www.ibm.com/timex#oi http://ex.org/variable#149	1
http://ex.org/variable#82 http://www.ibm.com/timex#b http://ex.org/variable#150	1
http://ex.org/variable#82 http://www.ibm.com/timex#o http://ex.org/variable#151	1
http://ex.org/variable#82 http://www.ibm.com/timex#oi http://ex.org/variable#152	1
http://ex.org/variable#82 http://www.ibm.com/timex#d http://ex.org/variable#153	1
http://ex.org/variable#82 http://www.ibm.com/timex#o http://ex.org/variable#154	1
http://ex.org/variable#82 http://www.ibm.com/timex#d http://ex.org/variable#155	1
http://ex.org/variable#82 http://www.ibm.com/timex#d http://ex.org/variable#156	1
http://ex.org/variable#82 http://www.ibm.com/timex#bi_mi http://ex.org/variable#157	1
http://ex.org/variable#82 http://www.ibm.com/timex#d http://ex.org/variable#158	1
http://ex.org/variable#82 http://www.ibm.com/timex#o http://ex.org/variable#159	1
http://ex.org/variable#82 http://www.ibm.com/timex#o http://ex.org/variable#160	1
http://ex.org/variable#82 http://www.ibm.com/timex#o http://ex.org/variable#161	1
http://ex.org/variable#82 http://www.ibm.com/timex#d http://ex.org/variable#162	1
http://ex.org/variable#82 http://www.ibm.com/timex#o http://ex.org/variable#163	1
http://ex.org/variable#82 http://www.ibm.com/timex#o http://ex.org/variable#164	1
http://ex.org/variable#82 http://www.ibm.com/timex#o http://ex.org/variable#165	1
http://ex.org/variable#82 http://www.ibm.com/timex#d http://ex.org/variable#166	1
http://ex.org/variable#82 http://www.ibm.com/timex#d http://ex.org/variable#167	1
http://ex.org/variable#82 http://www.ibm.com/timex#b http://ex.org/variable#168	1
http://ex.org/variable#82 http://www.ibm.com/timex#d http://ex.org/variable#169	1
http://ex.org/variable#82 http://www.ibm.com/timex#b http://ex.org/variable#170	1
http://ex.org/variable#82 http://www.ibm.com/timex#d http://ex.org/variable#171	1
http://ex.org/variable#82 http://www.ibm.com/timex#bi http://ex.org/variable#172	1
http://ex.org/variable#82 http://www.ibm.com/timex#b http://ex.org/variable#173	1
http://ex.org/variable#82 http://www.ibm.com/timex#b http://ex.org/variable#174	1
http://ex.org/variable#82 http://www.ibm.com/timex#d http://ex.org/variable#175	1
http://ex.org/variable#82 http://www.ibm.com/timex#o http://ex.org/variable#176	1
http://ex.org/variable#82 http://www.ibm.com/timex#o http://ex.org/variable#177	1
http://ex.org/variable#82 http://www.ibm.com/timex#o http://ex.org/variable#178	1
http://ex.org/variable#82 http://www.ibm.com/timex#o http://ex.org/variable#179	1
http://ex.org/variable#82 http://www.ibm.com/timex#di_si http://ex.org/variable#180	1
http://ex.org/variable#82 http://www.ibm.com/timex#oi http://ex.org/variable#181	1
http://ex.org/variable#82 http://www.ibm.com/timex#o http://ex.org/variable#182	1
http://ex.org/variable#82 http://www.ibm.com/timex#b http://ex.org/variable#183	1
http://ex.org/variable#82 http://www.ibm.com/timex#d http://ex.org/variable#184	1
http://ex.org/variable#82 http://www.ibm.com/timex#o http://ex.org/variable#185	1
http://ex.org/variable#82 http://www.ibm.com/timex#b http://ex.org/variable#186	1
http://ex.org/variable#82 http://www.ibm.com/timex#d http://ex.org/variable#187	1
http://ex.org/variable#82 http://www.ibm.com/timex#b http://ex.org/variable#188	1
http://ex.org/variable#82 http://www.ibm.com/timex#o http://ex.org/variable#189	1
http://ex.org/variable#83 http://www.ibm.com/timex#o http://ex.org/variable#0	1
http://ex.org/variable#83 http://www.ibm.com/timex#o http://ex.org/variable#1	1
http://ex.org/variable#83 http://www.ibm.com/timex#o http://ex.org/variable#2	1
http://ex.org/variable#83 http://www.ibm.com/timex#di http://ex.org/variable#3	1
http://ex.org/variable#83 http://www.ibm.com/timex#o http://ex.org/variable#4	1
http://ex.org/variable#83 http://www.ibm.com/timex#di http://ex.org/variable#5	1
http://ex.org/variable#83 http://www.ibm.com/timex#di http://ex.org/variable#6	1
http://ex.org/variable#83 http://www.ibm.com/timex#o http://ex.org/variable#7	1
http://ex.org/variable#83 http://www.ibm.com/timex#di http://ex.org/variable#8	1
http://ex.org/variable#83 http://www.ibm.com/timex#o http://ex.org/variable#9	1
http://ex.org/variable#83 http://www.ibm.com/timex#di http://ex.org/variable#10	1
http://ex.org/variable#83 http://www.ibm.com/timex#o_di_fi http://ex.org/variable#11	1
http://ex.org/variable#83 http://www.ibm.com/timex#d http://ex.org/variable#12	1
http://ex.org/variable#83 http://www.ibm.com/timex#di http://ex.org/variable#13	1
http://ex.org/variable#83 http://www.ibm.com/timex#di http://ex.org/variable#14	1
http://ex.org/variable#83 http://www.ibm.com/timex#di http://ex.org/variable#15	1
http://ex.org/variable#83 http://www.ibm.com/timex#di http://ex.org/variable#16	1
http://ex.org/variable#83 http://www.ibm.com/timex#di http://ex.org/variable#17	1
http://ex.org/variable#83 http://www.ibm.com/timex#di http://ex.org/variable#18	1
http://ex.org/variable#83 http://www.ibm.com/timex#di http://ex.org/variable#19	1
http://ex.org/variable#83 http://www.ibm.com/timex#o http://ex.org/variable#20	1
http://ex.org/variable#83 http://www.ibm.com/timex#di http://ex.org/variable#21	1
http://ex.org/variable#83 http://www.ibm.com/timex#o http://ex.org/variable#22	1
http://ex.org/variable#83 http://www.ibm.com/timex#di http://ex.org/variable#23	1
http://ex.org/variable#83 http://www.ibm.com/timex#o http://ex.org/variable#24	1
http://ex.org/variable#83 http://www.ibm.com/timex#di http://ex.org/variable#25	1
http://ex.org/variable#83 http://www.ibm.com/timex#di http://ex.org/variable#26	1
http://ex.org/variable#83 http://www.ibm.com/timex#oi http://ex.org/variable#27	1
http://ex.org/variable#83 http://www.ibm.com/timex#di http://ex.org/variable#28	1
http://ex.org/variable#83 http://www.ibm.com/timex#di http://ex.org/variable#29	1
http://ex.org/variable#83 http://www.ibm.com/timex#di http://ex.org/variable#30	1
http://ex.org/variable#83 http://www.ibm.com/timex#oi http://ex.org/variable#31	1
http://ex.org/variable#83 http://www.ibm.com/timex#di http://ex.org/variable#32	1
http://ex.org/variable#83 http://www.ibm.com/timex#o http://ex.org/variable#33	1
http://ex.org/variable#83 http://www.ibm.com/timex#di http://ex.org/variable#34	1
http://ex.org/variable#83 http://www.ibm.com/timex#di http://ex.org/variable#35	1
http://ex.org/variable#83 http://www.ibm.com/timex#di http://ex.org/variable#36	1
http://ex.org/variable#83 http://www.ibm.com/timex#di http://ex.org/variable#37	1
http://ex.org/variable#83 http://www.ibm.com/timex#di http://ex.org/variable#38	1
http://ex.org/variable#83 http://www.ibm.com/timex#di http://ex.org/variable#39	1
http://ex.org/variable#83 http://www.ibm.com/timex#di http://ex.org/variable#40	1
http://ex.org/variable#83 http://www.ibm.com/timex#di http://ex.org/variable#41	1
http://ex.org/variable#83 http://www.ibm.com/timex#o http://ex.org/variable#42	1
http://ex.org/variable#83 http://www.ibm.com/timex#di http://ex.org/variable#43	1
http://ex.org/variable#83 http://www.ibm.com/timex#di http://ex.org/variable#44	1
http://ex.org/variable#83 http://www.ibm.com/timex#o http://ex.org/variable#45	1
http://ex.org/variable#83 http://www.ibm.com/timex#oi http://ex.org/variable#46	1
http://ex.org/variable#83 http://www.ibm.com/timex#oi http://ex.org/variable#47	1
http://ex.org/variable#83 http://www.ibm.com/timex#di http://ex.org/variable#48	1
http://ex.org/variable#83 http://www.ibm.com/timex#si http://ex.org/variable#49	1
http://ex.org/variable#83 http://www.ibm.com/timex#o http://ex.org/variable#50	1
http://ex.org/variable#83 http://www.ibm.com/timex#di http://ex.org/variable#51	1
http://ex.org/variable#83 http://www.ibm.com/timex#si http://ex.org/variable#52	1
http://ex.org/variable#83 http://www.ibm.com/timex#di http://ex.org/variable#53	1
http://ex.org/variable#83 http://www.ibm.com/timex#di http://ex.org/variable#54	1
http://ex.org/variable#83 http://www.ibm.com/timex#di http://ex.org/variable#55	1
http://ex.org/variable#83 http://www.ibm.com/timex#di http://ex.org/variable#56	1
http://ex.org/variable#83 http://www.ibm.com/timex#oi http://ex.org/variable#57	1
http://ex.org/variable#83 http://www.ibm.com/timex#di http://ex.org/variable#58	1
http://ex.org/variable#83 http://www.ibm.com/timex#o http://ex.org/variable#59	1
http://ex.org/variable#83 http://www.ibm.com/timex#o http://ex.org/variable#60	1
http://ex.org/variable#83 http://www.ibm.com/timex#o http://ex.org/variable#61	1
http://ex.org/variable#83 http://www.ibm.com/timex#o http://ex.org/variable#62	1
http://ex.org/variable#83 http://www.ibm.com/timex#di http://ex.org/variable#63	1
http://ex.org/variable#83 http://www.ibm.com/timex#o_di_fi http://ex.org/variable#64	1
http://ex.org/variable#83 http://www.ibm.com/timex#di http://ex.org/variable#65	1
http://ex.org/variable#83 http://www.ibm.com/timex#oi http://ex.org/variable#66	1
http://ex.org/variable#83 http://www.ibm.com/timex#o http://ex.org/variable#67	1
http://ex.org/variable#83 http://www.ibm.com/timex#o http://ex.org/variable#68	1
http://ex.org/variable#83 http://www.ibm.com/timex#di http://ex.org/variable#69	1
http://ex.org/variable#83 http://www.ibm.com/timex#o http://ex.org/variable#70	1
http://ex.org/variable#83 http://www.ibm.com/timex#di http://ex.org/variable#71	1
http://ex.org/variable#83 http://www.ibm.com/timex#di http://ex.org/variable#72	1
http://ex.org/variable#83 http://www.ibm.com/timex#di http://ex.org/variable#73	1
http://ex.org/variable#83 http://www.ibm.com/timex#o http://ex.org/variable#74	1
http://ex.org/variable#83 http://www.ibm.com/timex#di http://ex.org/variable#75	1
http://ex.org/variable#83 http://www.ibm.com/timex#di http://ex.org/variable#76	1
http://ex.org/variable#83 http://www.ibm.com/timex#o http://ex.org/variable#77	1
http://ex.org/variable#83 http://www.ibm.com/timex#di http://ex.org/variable#78	1
http://ex.org/variable#83 http://www.ibm.com/timex#oi http://ex.org/variable#79	1
http://ex.org/variable#83 http://www.ibm.com/timex#s http://ex.org/variable#80	1
http://ex.org/variable#83 http://www.ibm.com/timex#oi http://ex.org/variable#81	1
http://ex.org/variable#83 http://www.ibm.com/timex#di http://ex.org/variable#82	1
http://ex.org/variable#83 http://www.ibm.com/timex#di http://ex.org/variable#84	1
http://ex.org/variable#83 http://www.ibm.com/timex#di http://ex.org/variable#85	1
http://ex.org/variable#83 http://www.ibm.com/timex#d http://ex.org/variable#86	1
http://ex.org/variable#83 http://www.ibm.com/timex#o http://ex.org/variable#87	1
http://ex.org/variable#83 http://www.ibm.com/timex#di http://ex.org/variable#88	1
http://ex.org/variable#83 http://www.ibm.com/timex#o http://ex.org/variable#89	1
http://ex.org/variable#83 http://www.ibm.com/timex#di http://ex.org/variable#90	1
http://ex.org/variable#83 http://www.ibm.com/timex#o http://ex.org/variable#91	1
http://ex.org/variable#83 http://www.ibm.com/timex#o http://ex.org/variable#92	1
http://ex.org/variable#83 http://www.ibm.com/timex#di http://ex.org/variable#93	1
http://ex.org/variable#83 http://www.ibm.com/timex#di http://ex.org/variable#94	1
http://ex.org/variable#83 http://www.ibm.com/timex#di http://ex.org/variable#95	1
http://ex.org/variable#83 http://www.ibm.com/timex#di http://ex.org/variable#96	1
http://ex.org/variable#83 http://www.ibm.com/timex#di http://ex.org/variable#97	1
http://ex.org/variable#83 http://www.ibm.com/timex#o http://ex.org/variable#98	1
http://ex.org/variable#83 http://www.ibm.com/timex#di http://ex.org/variable#99	1
http://ex.org/variable#83 http://www.ibm.com/timex#di http://ex.org/variable#100	1
http://ex.org/variable#83 http://www.ibm.com/timex#o http://ex.org/variable#101	1
http://ex.org/variable#83 http://www.ibm.com/timex#di http://ex.org/variable#102	1
http://ex.org/variable#83 http://www.ibm.com/timex#di http://ex.org/variable#103	1
http://ex.org/variable#83 http://www.ibm.com/timex#o_di http://ex.org/variable#104	1
http://ex.org/variable#83 http://www.ibm.com/timex#di http://ex.org/variable#105	1
http://ex.org/variable#83 http://www.ibm.com/timex#o http://ex.org/variable#106	1
http://ex.org/variable#83 http://www.ibm.com/timex#di http://ex.org/variable#107	1
http://ex.org/variable#83 http://www.ibm.com/timex#di http://ex.org/variable#108	1
http://ex.org/variable#83 http://www.ibm.com/timex#di http://ex.org/variable#109	1
http://ex.org/variable#83 http://www.ibm.com/timex#o_di http://ex.org/variable#110	1
http://ex.org/variable#83 http://www.ibm.com/timex#di http://ex.org/variable#111	1
http://ex.org/variable#83 http://www.ibm.com/timex#di http://ex.org/variable#112	1
http://ex.org/variable#83 http://www.ibm.com/timex#di http://ex.org/variable#113	1
http://ex.org/variable#83 http://www.ibm.com/timex#di http://ex.org/variable#114	1
http://ex.org/variable#83 http://www.ibm.com/timex#di http://ex.org/variable#115	1
http://ex.org/variable#83 http://www.ibm.com/timex#di http://ex.org/variable#116	1
http://ex.org/variable#83 http://www.ibm.com/timex#di http://ex.org/variable#117	1
http://ex.org/variable#83 http://www.ibm.com/timex#di http://ex.org/variable#118	1
http://ex.org/variable#83 http://www.ibm.com/timex#f http://ex.org/variable#119	1
http://ex.org/variable#83 http://www.ibm.com/timex#di http://ex.org/variable#120	1
http://ex.org/variable#83 http://www.ibm.com/timex#di http://ex.org/variable#121	1
http://ex.org/variable#83 http://www.ibm.com/timex#di http://ex.org/variable#122	1
http://ex.org/variable#83 http://www.ibm.com/timex#o http://ex.org/variable#123	1
http://ex.org/variable#83 http://www.ibm.com/timex#oi http://ex.org/variable#124	1
http://ex.org/variable#83 http://www.ibm.com/timex#oi http://ex.org/variable#125	1
http://ex.org/variable#83 http://www.ibm.com/timex#di http://ex.org/variable#126	1
http://ex.org/variable#83 http://www.ibm.com/timex#di http://ex.org/variable#127	1
http://ex.org/variable#83 http://www.ibm.com/timex#o http://ex.org/variable#128	1
http://ex.org/variable#83 http://www.ibm.com/timex#oi http://ex.org/variable#129	1
http://ex.org/variable#83 http://www.ibm.com/timex#di http://ex.org/variable#130	1
http://ex.org/variable#83 http://www.ibm.com/timex#o http://ex.org/variable#131	1
http://ex.org/variable#83 http://www.ibm.com/timex#di_fi http://ex.org/variable#132	1
http://ex.org/variable#83 http://www.ibm.com/timex#o http://ex.org/variable#133	1
http://ex.org/variable#83 http://www.ibm.com/timex#di http://ex.org/variable#134	1
http://ex.org/variable#83 http://www.ibm.com/timex#o http://ex.org/variable#135	1
http://ex.org/variable#83 http://www.ibm.com/timex#o http://ex.org/variable#136	1
http://ex.org/variable#83 http://www.ibm.com/timex#di http://ex.org/variable#137	1
http://ex.org/variable#83 http://www.ibm.com/timex#o http://ex.org/variable#138	1
http://ex.org/variable#83 http://www.ibm.com/timex#di http://ex.org/variable#139	1
http://ex.org/variable#83 http://www.ibm.com/timex#di http://ex.org/variable#140	1
http://ex.org/variable#83 http://www.ibm.com/timex#d_s http://ex.org/variable#141	1
http://ex.org/variable#83 http://www.ibm.com/timex#di http://ex.org/variable#142	1
http://ex.org/variable#83 http://www.ibm.com/timex#o http://ex.org/variable#143	1
http://ex.org/variable#83 http://www.ibm.com/timex#o http://ex.org/variable#144	1
http://ex.org/variable#83 http://www.ibm.com/timex#di http://ex.org/variable#145	1
http://ex.org/variable#83 http://www.ibm.com/timex#o http://ex.org/variable#146	1
http://ex.org/variable#83 http://www.ibm.com/timex#di http://ex.org/variable#147	1
http://ex.org/variable#83 http://www.ibm.com/timex#di http://ex.org/variable#148	1
http://ex.org/variable#83 http://www.ibm.com/timex#oi http://ex.org/variable#149	1
http://ex.org/variable#83 http://www.ibm.com/timex#o http://ex.org/variable#150	1
http://ex.org/variable#83 http://www.ibm.com/timex#o http://ex.org/variable#151	1
http://ex.org/variable#83 http://www.ibm.com/timex#di http://ex.org/variable#152	1
http://ex.org/variable#83 http://www.ibm.com/timex#o http://ex.org/variable#153	1
http://ex.org/variable#83 http://www.ibm.com/timex#di http://ex.org/variable#154	1
http://ex.org/variable#83 http://www.ibm.com/timex#oi http://ex.org/variable#155	1
http://ex.org/variable#83 http://www.ibm.com/timex#di http://ex.org/variable#156	1
http://ex.org/variable#83 http://www.ibm.com/timex#di http://ex.org/variable#157	1
http://ex.org/variable#83 http://www.ibm.com/timex#di http://ex.org/variable#158	1
http://ex.org/variable#83 http://www.ibm.com/timex#o http://ex.org/variable#159	1
http://ex.org/variable#83 http://www.ibm.com/timex#di http://ex.org/variable#160	1
http://ex.org/variable#83 http://www.ibm.com/timex#di http://ex.org/variable#161	1
http://ex.org/variable#83 http://www.ibm.com/timex#di http://ex.org/variable#162	1
http://ex.org/variable#83 http://www.ibm.com/timex#di http://ex.org/variable#163	1
http://ex.org/variable#83 http://www.ibm.com/timex#o http://ex.org/variable#164	1
http://ex.org/variable#83 http://www.ibm.com/timex#di http://ex.org/variable#165	1
http://ex.org/variable#83 http://www.ibm.com/timex#di http://ex.org/variable#166	1
http://ex.org/variable#83 http://www.ibm.com/timex#di http://ex.org/variable#167	1
http://ex.org/variable#83 http://www.ibm.com/timex#o http://ex.org/variable#168	1
http://ex.org/variable#83 http://www.ibm.com/timex#di http://ex.org/variable#169	1
http://ex.org/variable#83 http://www.ibm.com/timex#o http://ex.org/variable#170	1
http://ex.org/variable#83 http://www.ibm.com/timex#di http://ex.org/variable#171	1
http://ex.org/variable#83 http://www.ibm.com/timex#oi http://ex.org/variable#172	1
http://ex.org/variable#83 http://www.ibm.com/timex#di http://ex.org/variable#173	1
http://ex.org/variable#83 http://www.ibm.com/timex#di http://ex.org/variable#174	1
http://ex.org/variable#83 http://www.ibm.com/timex#di http://ex.org/variable#175	1
http://ex.org/variable#83 http://www.ibm.com/timex#o http://ex.org/variable#176	1
http://ex.org/variable#83 http://www.ibm.com/timex#di http://ex.org/variable#177	1
http://ex.org/variable#83 http://www.ibm.com/timex#o http://ex.org/variable#178	1
http://ex.org/variable#83 http://www.ibm.com/timex#fi http://ex.org/variable#179	1
http://ex.org/variable#83 http://www.ibm.com/timex#di http://ex.org/variable#180	1
http://ex.org/variable#83 http://www.ibm.com/timex#di http://ex.org/variable#181	1
http://ex.org/variable#83 http://www.ibm.com/timex#di http://ex.org/variable#182	1
http://ex.org/variable#83 http://www.ibm.com/timex#fi http://ex.org/variable#183	1
http://ex.org/variable#83 http://www.ibm.com/timex#di http://ex.org/variable#184	1
http://ex.org/variable#83 http://www.ibm.com/timex#di http://ex.org/variable#185	1
http://ex.org/variable#83 http://www.ibm.com/timex#di http://ex.org/variable#186	1
http://ex.org/variable#83 http://www.ibm.com/timex#oi http://ex.org/variable#187	1
http://ex.org/variable#83 http://www.ibm.com/timex#di http://ex.org/variable#188	1
http://ex.org/variable#83 http://www.ibm.com/timex#di http://ex.org/variable#189	1
http://ex.org/variable#84 http://www.ibm.com/timex#d http://ex.org/variable#0	1
http://ex.org/variable#84 http://www.ibm.com/timex#o http://ex.org/variable#1	1
http://ex.org/variable#84 http://www.ibm.com/timex#d http://ex.org/variable#2	1
http://ex.org/variable#84 http://www.ibm.com/timex#oi http://ex.org/variable#3	1
http://ex.org/variable#84 http://www.ibm.com/timex#d http://ex.org/variable#4	1
http://ex.org/variable#84 http://www.ibm.com/timex#bi_mi_oi http://ex.org/variable#5	1
http://ex.org/variable#84 http://www.ibm.com/timex#di http://ex.org/variable#6	1
http://ex.org/variable#84 http://www.ibm.com/timex#d http://ex.org/variable#7	1
http://ex.org/variable#84 http://www.ibm.com/timex#bi http://ex.org/variable#8	1
http://ex.org/variable#84 http://www.ibm.com/timex#o_d_s http://ex.org/variable#9	1
http://ex.org/variable#84 http://www.ibm.com/timex#d http://ex.org/variable#10	1
http://ex.org/variable#84 http://www.ibm.com/timex#d http://ex.org/variable#11	1
http://ex.org/variable#84 http://www.ibm.com/timex#d http://ex.org/variable#12	1
http://ex.org/variable#84 http://www.ibm.com/timex#oi http://ex.org/variable#13	1
http://ex.org/variable#84 http://www.ibm.com/timex#di http://ex.org/variable#14	1
http://ex.org/variable#84 http://www.ibm.com/timex#oi http://ex.org/variable#15	1
http://ex.org/variable#84 http://www.ibm.com/timex#oi http://ex.org/variable#16	1
http://ex.org/variable#84 http://www.ibm.com/timex#di http://ex.org/variable#17	1
http://ex.org/variable#84 http://www.ibm.com/timex#oi http://ex.org/variable#18	1
http://ex.org/variable#84 http://www.ibm.com/timex#bi http://ex.org/variable#19	1
http://ex.org/variable#84 http://www.ibm.com/timex#d http://ex.org/variable#20	1
http://ex.org/variable#84 http://www.ibm.com/timex#o http://ex.org/variable#21	1
http://ex.org/variable#84 http://www.ibm.com/timex#d http://ex.org/variable#22	1
http://ex.org/variable#84 http://www.ibm.com/timex#bi http://ex.org/variable#23	1
http://ex.org/variable#84 http://www.ibm.com/timex#d http://ex.org/variable#24	1
http://ex.org/variable#84 http://www.ibm.com/timex#bi http://ex.org/variable#25	1
http://ex.org/variable#84 http://www.ibm.com/timex#di http://ex.org/variable#26	1
http://ex.org/variable#84 http://www.ibm.com/timex#bi http://ex.org/variable#27	1
http://ex.org/variable#84 http://www.ibm.com/timex#d http://ex.org/variable#28	1
http://ex.org/variable#84 http://www.ibm.com/timex#d http://ex.org/variable#29	1
http://ex.org/variable#84 http://www.ibm.com/timex#oi http://ex.org/variable#30	1
http://ex.org/variable#84 http://www.ibm.com/timex#oi http://ex.org/variable#31	1
http://ex.org/variable#84 http://www.ibm.com/timex#bi http://ex.org/variable#32	1
http://ex.org/variable#84 http://www.ibm.com/timex#o http://ex.org/variable#33	1
http://ex.org/variable#84 http://www.ibm.com/timex#oi http://ex.org/variable#34	1
http://ex.org/variable#84 http://www.ibm.com/timex#bi http://ex.org/variable#35	1
http://ex.org/variable#84 http://www.ibm.com/timex#bi http://ex.org/variable#36	1
http://ex.org/variable#84 http://www.ibm.com/timex#bi http://ex.org/variable#37	1
http://ex.org/variable#84 http://www.ibm.com/timex#oi http://ex.org/variable#38	1
http://ex.org/variable#84 http://www.ibm.com/timex#di http://ex.org/variable#39	1
http://ex.org/variable#84 http://www.ibm.com/timex#oi http://ex.org/variable#40	1
http://ex.org/variable#84 http://www.ibm.com/timex#d http://ex.org/variable#41	1
http://ex.org/variable#84 http://www.ibm.com/timex#d http://ex.org/variable#42	1
http://ex.org/variable#84 http://www.ibm.com/timex#oi http://ex.org/variable#43	1
http://ex.org/variable#84 http://www.ibm.com/timex#oi http://ex.org/variable#44	1
http://ex.org/variable#84 http://www.ibm.com/timex#d http://ex.org/variable#45	1
http://ex.org/variable#84 http://www.ibm.com/timex#oi http://ex.org/variable#46	1
http://ex.org/variable#84 http://www.ibm.com/timex#oi http://ex.org/variable#47	1
http://ex.org/variable#84 http://www.ibm.com/timex#di http://ex.org/variable#48	1
http://ex.org/variable#84 http://www.ibm.com/timex#bi http://ex.org/variable#49	1
http://ex.org/variable#84 http://www.ibm.com/timex#d http://ex.org/variable#50	1
http://ex.org/variable#84 http://www.ibm.com/timex#di http://ex.org/variable#51	1
http://ex.org/variable#84 http://www.ibm.com/timex#oi http://ex.org/variable#52	1
http://ex.org/variable#84 http://www.ibm.com/timex#d http://ex.org/variable#53	1
http://ex.org/variable#84 http://www.ibm.com/timex#oi http://ex.org/variable#54	1
http://ex.org/variable#84 http://www.ibm.com/timex#oi http://ex.org/variable#55	1
http://ex.org/variable#84 http://www.ibm.com/timex#bi_mi_oi http://ex.org/variable#56	1
http://ex.org/variable#84 http://www.ibm.com/timex#oi http://ex.org/variable#57	1
http://ex.org/variable#84 http://www.ibm.com/timex#oi http://ex.org/variable#58	1
http://ex.org/variable#84 http://www.ibm.com/timex#d http://ex.org/variable#59	1
http://ex.org/variable#84 http://www.ibm.com/timex#d http://ex.org/variable#60	1
http://ex.org/variable#84 http://www.ibm.com/timex#d http://ex.org/variable#61	1
http://ex.org/variable#84 http://www.ibm.com/timex#d http://ex.org/variable#62	1
http://ex.org/variable#84 http://www.ibm.com/timex#oi http://ex.org/variable#63	1
http://ex.org/variable#84 http://www.ibm.com/timex#d http://ex.org/variable#64	1
http://ex.org/variable#84 http://www.ibm.com/timex#bi http://ex.org/variable#65	1
http://ex.org/variable#84 http://www.ibm.com/timex#bi http://ex.org/variable#66	1
http://ex.org/variable#84 http://www.ibm.com/timex#d http://ex.org/variable#67	1
http://ex.org/variable#84 http://www.ibm.com/timex#d http://ex.org/variable#68	1
http://ex.org/variable#84 http://www.ibm.com/timex#oi http://ex.org/variable#69	1
http://ex.org/variable#84 http://www.ibm.com/timex#d http://ex.org/variable#70	1
http://ex.org/variable#84 http://www.ibm.com/timex#oi http://ex.org/variable#71	1
http://ex.org/variable#84 http://www.ibm.com/timex#oi http://ex.org/variable#72	1
http://ex.org/variable#84 http://www.ibm.com/timex#oi http://ex.org/variable#73	1
http://ex.org/variable#84 http://www.ibm.com/timex#d http://ex.org/variable#74	1
http://ex.org/variable#84 http://www.ibm.com/timex#oi http://ex.org/variable#75	1
http://ex.org/variable#84 http://www.ibm.com/timex#d http://ex.org/variable#76	1
http://ex.org/variable#84 http://www.ibm.com/timex#d http://ex.org/variable#77	1
http://ex.org/variable#84 http://www.ibm.com/timex#oi http://ex.org/variable#78	1
http://ex.org/variable#84 http://www.ibm.com/timex#oi http://ex.org/variable#79	1
http://ex.org/variable#84 http://www.ibm.com/timex#d http://ex.org/variable#80	1
http://ex.org/variable#84 http://www.ibm.com/timex#oi http://ex.org/variable#81	1
http://ex.org/variable#84 http://www.ibm.com/timex#bi http://ex.org/variable#82	1
http://ex.org/variable#84 http://www.ibm.com/timex#d http://ex.org/variable#83	1
http://ex.org/variable#84 http://www.ibm.com/timex#di http://ex.org/variable#85	1
http://ex.org/variable#84 http://www.ibm.com/timex#d http://ex.org/variable#86	1
http://ex.org/variable#84 http://www.ibm.com/timex#d http://ex.org/variable#87	1
http://ex.org/variable#84 http://www.ibm.com/timex#b http://ex.org/variable#88	1
http://ex.org/variable#84 http://www.ibm.com/timex#d http://ex.org/variable#89	1
http://ex.org/variable#84 http://www.ibm.com/timex#oi http://ex.org/variable#90	1
http://ex.org/variable#84 http://www.ibm.com/timex#d http://ex.org/variable#91	1
http://ex.org/variable#84 http://www.ibm.com/timex#d http://ex.org/variable#92	1
http://ex.org/variable#84 http://www.ibm.com/timex#d http://ex.org/variable#93	1
http://ex.org/variable#84 http://www.ibm.com/timex#oi http://ex.org/variable#94	1
http://ex.org/variable#84 http://www.ibm.com/timex#bi http://ex.org/variable#95	1
http://ex.org/variable#84 http://www.ibm.com/timex#bi http://ex.org/variable#96	1
http://ex.org/variable#84 http://www.ibm.com/timex#d http://ex.org/variable#97	1
http://ex.org/variable#84 http://www.ibm.com/timex#o http://ex.org/variable#98	1
http://ex.org/variable#84 http://www.ibm.com/timex#o http://ex.org/variable#99	1
http://ex.org/variable#84 http://www.ibm.com/timex#bi http://ex.org/variable#100	1
http://ex.org/variable#84 http://www.ibm.com/timex#d http://ex.org/variable#101	1
http://ex.org/variable#84 http://www.ibm.com/timex#di http://ex.org/variable#102	1
http://ex.org/variable#84 http://www.ibm.com/timex#oi http://ex.org/variable#103	1
http://ex.org/variable#84 http://www.ibm.com/timex#b http://ex.org/variable#104	1
http://ex.org/variable#84 http://www.ibm.com/timex#d http://ex.org/variable#105	1
http://ex.org/variable#84 http://www.ibm.com/timex#d http://ex.org/variable#106	1
http://ex.org/variable#84 http://www.ibm.com/timex#oi http://ex.org/variable#107	1
http://ex.org/variable#84 http://www.ibm.com/timex#oi http://ex.org/variable#108	1
http://ex.org/variable#84 http://www.ibm.com/timex#di http://ex.org/variable#109	1
http://ex.org/variable#84 http://www.ibm.com/timex#d http://ex.org/variable#110	1
http://ex.org/variable#84 http://www.ibm.com/timex#oi http://ex.org/variable#111	1
http://ex.org/variable#84 http://www.ibm.com/timex#oi http://ex.org/variable#112	1
http://ex.org/variable#84 http://www.ibm.com/timex#oi_di_si http://ex.org/variable#113	1
http://ex.org/variable#84 http://www.ibm.com/timex#oi http://ex.org/variable#114	1
http://ex.org/variable#84 http://www.ibm.com/timex#b http://ex.org/variable#115	1
http://ex.org/variable#84 http://www.ibm.com/timex#di http://ex.org/variable#116	1
http://ex.org/variable#84 http://www.ibm.com/timex#bi_mi_oi http://ex.org/variable#117	1
http://ex.org/variable#84 http://www.ibm.com/timex#oi http://ex.org/variable#118	1
http://ex.org/variable#84 http://www.ibm.com/timex#d http://ex.org/variable#119	1
http://ex.org/variable#84 http://www.ibm.com/timex#oi http://ex.org/variable#120	1
http://ex.org/variable#84 http://www.ibm.com/timex#b http://ex.org/variable#121	1
http://ex.org/variable#84 http://www.ibm.com/timex#oi http://ex.org/variable#122	1
http://ex.org/variable#84 http://www.ibm.com/timex#d http://ex.org/variable#123	1
http://ex.org/variable#84 http://www.ibm.com/timex#oi http://ex.org/variable#124	1
http://ex.org/variable#84 http://www.ibm.com/timex#oi http://ex.org/variable#125	1
http://ex.org/variable#84 http://www.ibm.com/timex#oi http://ex.org/variable#126	1
http://ex.org/variable#84 http://www.ibm.com/timex#o http://ex.org/variable#127	1
http://ex.org/variable#84 http://www.ibm.com/timex#d http://ex.org/variable#128	1
http://ex.org/variable#84 http://www.ibm.com/timex#bi_mi_oi http://ex.org/variable#129	1
http://ex.org/variable#84 http://www.ibm.com/timex#bi_mi_oi http://ex.org/variable#130	1
http://ex.org/variable#84 http://www.ibm.com/timex#o http://ex.org/variable#131	1
http://ex.org/variable#84 http://www.ibm.com/timex#d http://ex.org/variable#132	1
http://ex.org/variable#84 http://www.ibm.com/timex#d http://ex.org/variable#133	1
http://ex.org/variable#84 http://www.ibm.com/timex#oi http://ex.org/variable#134	1
http://ex.org/variable#84 http://www.ibm.com/timex#d http://ex.org/variable#135	1
http://ex.org/variable#84 http://www.ibm.com/timex#d http://ex.org/variable#136	1
http://ex.org/variable#84 http://www.ibm.com/timex#oi http://ex.org/variable#137	1
http://ex.org/variable#84 http://www.ibm.com/timex#o http://ex.org/variable#138	1
http://ex.org/variable#84 http://www.ibm.com/timex#oi http://ex.org/variable#139	1
http://ex.org/variable#84 http://www.ibm.com/timex#oi http://ex.org/variable#140	1
http://ex.org/variable#84 http://www.ibm.com/timex#d http://ex.org/variable#141	1
http://ex.org/variable#84 http://www.ibm.com/timex#oi http://ex.org/variable#142	1
http://ex.org/variable#84 http://www.ibm.com/timex#d http://ex.org/variable#143	1
http://ex.org/variable#84 http://www.ibm.com/timex#d http://ex.org/variable#144	1
http://ex.org/variable#84 http://www.ibm.com/timex#o http://ex.org/variable#145	1
http://ex.org/variable#84 http://www.ibm.com/timex#d http://ex.org/variable#146	1
http://ex.org/variable#84 http://www.ibm.com/timex#oi http://ex.org/variable#147	1
http://ex.org/variable#84 http://www.ibm.com/timex#oi http://ex.org/variable#148	1
http://ex.org/variable#84 http://www.ibm.com/timex#bi http://ex.org/variable#149	1
http://ex.org/variable#84 http://www.ibm.com/timex#o http://ex.org/variable#150	1
http://ex.org/variable#84 http://www.ibm.com/timex#d http://ex.org/variable#151	1
http://ex.org/variable#84 http://www.ibm.com/timex#bi http://ex.org/variable#152	1
http://ex.org/variable#84 http://www.ibm.com/timex#d http://ex.org/variable#153	1
http://ex.org/variable#84 http://www.ibm.com/timex#oi http://ex.org/variable#154	1
http://ex.org/variable#84 http://www.ibm.com/timex#oi http://ex.org/variable#155	1
http://ex.org/variable#84 http://www.ibm.com/timex#oi http://ex.org/variable#156	1
http://ex.org/variable#84 http://www.ibm.com/timex#bi http://ex.org/variable#157	1
http://ex.org/variable#84 http://www.ibm.com/timex#oi http://ex.org/variable#158	1
http://ex.org/variable#84 http://www.ibm.com/timex#d http://ex.org/variable#159	1
http://ex.org/variable#84 http://www.ibm.com/timex#d http://ex.org/variable#160	1
http://ex.org/variable#84 http://www.ibm.com/timex#oi http://ex.org/variable#161	1
http://ex.org/variable#84 http://www.ibm.com/timex#oi http://ex.org/variable#162	1
http://ex.org/variable#84 http://www.ibm.com/timex#d http://ex.org/variable#163	1
http://ex.org/variable#84 http://www.ibm.com/timex#d http://ex.org/variable#164	1
http://ex.org/variable#84 http://www.ibm.com/timex#oi http://ex.org/variable#165	1
http://ex.org/variable#84 http://www.ibm.com/timex#oi http://ex.org/variable#166	1
http://ex.org/variable#84 http://www.ibm.com/timex#oi http://ex.org/variable#167	1
http://ex.org/variable#84 http://www.ibm.com/timex#d http://ex.org/variable#168	1
http://ex.org/variable#84 http://www.ibm.com/timex#d http://ex.org/variable#169	1
http://ex.org/variable#84 http://www.ibm.com/timex#o http://ex.org/variable#170	1
http://ex.org/variable#84 http://www.ibm.com/timex#oi http://ex.org/variable#171	1
http://ex.org/variable#84 http://www.ibm.com/timex#bi http://ex.org/variable#172	1
http://ex.org/variable#84 http://www.ibm.com/timex#di http://ex.org/variable#173	1
http://ex.org/variable#84 http://www.ibm.com/timex#oi http://ex.org/variable#174	1
http://ex.org/variable#84 http://www.ibm.com/timex#oi http://ex.org/variable#175	1
http://ex.org/variable#84 http://www.ibm.com/timex#d http://ex.org/variable#176	1
http://ex.org/variable#84 http://www.ibm.com/timex#oi http://ex.org/variable#177	1
http://ex.org/variable#84 http://www.ibm.com/timex#d http://ex.org/variable#178	1
http://ex.org/variable#84 http://www.ibm.com/timex#d http://ex.org/variable#179	1
http://ex.org/variable#84 http://www.ibm.com/timex#bi http://ex.org/variable#180	1
http://ex.org/variable#84 http://www.ibm.com/timex#bi http://ex.org/variable#181	1
http://ex.org/variable#84 http://www.ibm.com/timex#oi http://ex.org/variable#182	1
http://ex.org/variable#84 http://www.ibm.com/timex#o http://ex.org/variable#183	1
http://ex.org/variable#84 http://www.ibm.com/timex#oi http://ex.org/variable#184	1
http://ex.org/variable#84 http://www.ibm.com/timex#oi http://ex.org/variable#185	1
http://ex.org/variable#84 http://www.ibm.com/timex#d http://ex.org/variable#186	1
http://ex.org/variable#84 http://www.ibm.com/timex#oi http://ex.org/variable#187	1
http://ex.org/variable#84 http://www.ibm.com/timex#oi http://ex.org/variable#188	1
http://ex.org/variable#84 http://www.ibm.com/timex#oi http://ex.org/variable#189	1
http://ex.org/variable#85 http://www.ibm.com/timex#d http://ex.org/variable#0	1
http://ex.org/variable#85 http://www.ibm.com/timex#o http://ex.org/variable#1	1
http://ex.org/variable#85 http://www.ibm.com/timex#d http://ex.org/variable#2	1
http://ex.org/variable#85 http://www.ibm.com/timex#oi http://ex.org/variable#3	1
http://ex.org/variable#85 http://www.ibm.com/timex#d http://ex.org/variable#4	1
http://ex.org/variable#85 http://www.ibm.com/timex#bi http://ex.org/variable#5	1
http://ex.org/variable#85 http://www.ibm.com/timex#d http://ex.org/variable#6	1
http://ex.org/variable#85 http://www.ibm.com/timex#d http://ex.org/variable#7	1
http://ex.org/variable#85 http://www.ibm.com/timex#bi http://ex.org/variable#8	1
http://ex.org/variable#85 http://www.ibm.com/timex#d http://ex.org/variable#9	1
http://ex.org/variable#85 http://www.ibm.com/timex#d http://ex.org/variable#10	1
http://ex.org/variable#85 http://www.ibm.com/timex#d http://ex.org/variable#11	1
http://ex.org/variable#85 http://www.ibm.com/timex#d http://ex.org/variable#12	1
http://ex.org/variable#85 http://www.ibm.com/timex#bi http://ex.org/variable#13	1
http://ex.org/variable#85 http://www.ibm.com/timex#bi http://ex.org/variable#14	1
http://ex.org/variable#85 http://www.ibm.com/timex#oi http://ex.org/variable#15	1
http://ex.org/variable#85 http://www.ibm.com/timex#mi http://ex.org/variable#16	1
http://ex.org/variable#85 http://www.ibm.com/timex#di http://ex.org/variable#17	1
http://ex.org/variable#85 http://www.ibm.com/timex#oi http://ex.org/variable#18	1
http://ex.org/variable#85 http://www.ibm.com/timex#bi http://ex.org/variable#19	1
http://ex.org/variable#85 http://www.ibm.com/timex#d http://ex.org/variable#20	1
http://ex.org/variable#85 http://www.ibm.com/timex#s http://ex.org/variable#21	1
http://ex.org/variable#85 http://www.ibm.com/timex#d http://ex.org/variable#22	1
http://ex.org/variable#85 http://www.ibm.com/timex#bi http://ex.org/variable#23	1
http://ex.org/variable#85 http://www.ibm.com/timex#d http://ex.org/variable#24	1
http://ex.org/variable#85 http://www.ibm.com/timex#bi http://ex.org/variable#25	1
http://ex.org/variable#85 http://www.ibm.com/timex#di http://ex.org/variable#26	1
http://ex.org/variable#85 http://www.ibm.com/timex#bi http://ex.org/variable#27	1
http://ex.org/variable#85 http://www.ibm.com/timex#d http://ex.org/variable#28	1
http://ex.org/variable#85 http://www.ibm.com/timex#d http://ex.org/variable#29	1
http://ex.org/variable#85 http://www.ibm.com/timex#bi http://ex.org/variable#30	1
http://ex.org/variable#85 http://www.ibm.com/timex#bi http://ex.org/variable#31	1
http://ex.org/variable#85 http://www.ibm.com/timex#bi http://ex.org/variable#32	1
http://ex.org/variable#85 http://www.ibm.com/timex#o http://ex.org/variable#33	1
http://ex.org/variable#85 http://www.ibm.com/timex#oi http://ex.org/variable#34	1
http://ex.org/variable#85 http://www.ibm.com/timex#bi http://ex.org/variable#35	1
http://ex.org/variable#85 http://www.ibm.com/timex#bi http://ex.org/variable#36	1
http://ex.org/variable#85 http://www.ibm.com/timex#bi http://ex.org/variable#37	1
http://ex.org/variable#85 http://www.ibm.com/timex#oi http://ex.org/variable#38	1
http://ex.org/variable#85 http://www.ibm.com/timex#di http://ex.org/variable#39	1
http://ex.org/variable#85 http://www.ibm.com/timex#oi http://ex.org/variable#40	1
http://ex.org/variable#85 http://www.ibm.com/timex#d http://ex.org/variable#41	1
http://ex.org/variable#85 http://www.ibm.com/timex#d http://ex.org/variable#42	1
http://ex.org/variable#85 http://www.ibm.com/timex#oi http://ex.org/variable#43	1
http://ex.org/variable#85 http://www.ibm.com/timex#d http://ex.org/variable#44	1
http://ex.org/variable#85 http://www.ibm.com/timex#d http://ex.org/variable#45	1
http://ex.org/variable#85 http://www.ibm.com/timex#bi http://ex.org/variable#46	1
http://ex.org/variable#85 http://www.ibm.com/timex#oi http://ex.org/variable#47	1
http://ex.org/variable#85 http://www.ibm.com/timex#di http://ex.org/variable#48	1
http://ex.org/variable#85 http://www.ibm.com/timex#bi http://ex.org/variable#49	1
http://ex.org/variable#85 http://www.ibm.com/timex#d http://ex.org/variable#50	1
http://ex.org/variable#85 http://www.ibm.com/timex#di http://ex.org/variable#51	1
http://ex.org/variable#85 http://www.ibm.com/timex#oi http://ex.org/variable#52	1
http://ex.org/variable#85 http://www.ibm.com/timex#d http://ex.org/variable#53	1
http://ex.org/variable#85 http://www.ibm.com/timex#oi http://ex.org/variable#54	1
http://ex.org/variable#85 http://www.ibm.com/timex#oi http://ex.org/variable#55	1
http://ex.org/variable#85 http://www.ibm.com/timex#bi http://ex.org/variable#56	1
http://ex.org/variable#85 http://www.ibm.com/timex#bi http://ex.org/variable#57	1
http://ex.org/variable#85 http://www.ibm.com/timex#oi http://ex.org/variable#58	1
http://ex.org/variable#85 http://www.ibm.com/timex#d http://ex.org/variable#59	1
http://ex.org/variable#85 http://www.ibm.com/timex#d http://ex.org/variable#60	1
http://ex.org/variable#85 http://www.ibm.com/timex#d http://ex.org/variable#61	1
http://ex.org/variable#85 http://www.ibm.com/timex#d http://ex.org/variable#62	1
http://ex.org/variable#85 http://www.ibm.com/timex#oi http://ex.org/variable#63	1
http://ex.org/variable#85 http://www.ibm.com/timex#d http://ex.org/variable#64	1
http://ex.org/variable#85 http://www.ibm.com/timex#bi http://ex.org/variable#65	1
http://ex.org/variable#85 http://www.ibm.com/timex#bi http://ex.org/variable#66	1
http://ex.org/variable#85 http://www.ibm.com/timex#d http://ex.org/variable#67	1
http://ex.org/variable#85 http://www.ibm.com/timex#d http://ex.org/variable#68	1
http://ex.org/variable#85 http://www.ibm.com/timex#bi http://ex.org/variable#69	1
http://ex.org/variable#85 http://www.ibm.com/timex#d http://ex.org/variable#70	1
http://ex.org/variable#85 http://www.ibm.com/timex#bi http://ex.org/variable#71	1
http://ex.org/variable#85 http://www.ibm.com/timex#oi http://ex.org/variable#72	1
http://ex.org/variable#85 http://www.ibm.com/timex#oi http://ex.org/variable#73	1
http://ex.org/variable#85 http://www.ibm.com/timex#d http://ex.org/variable#74	1
http://ex.org/variable#85 http://www.ibm.com/timex#oi http://ex.org/variable#75	1
http://ex.org/variable#85 http://www.ibm.com/timex#d http://ex.org/variable#76	1
http://ex.org/variable#85 http://www.ibm.com/timex#d http://ex.org/variable#77	1
http://ex.org/variable#85 http://www.ibm.com/timex#oi http://ex.org/variable#78	1
http://ex.org/variable#85 http://www.ibm.com/timex#bi http://ex.org/variable#79	1
http://ex.org/variable#85 http://www.ibm.com/timex#d http://ex.org/variable#80	1
http://ex.org/variable#85 http://www.ibm.com/timex#bi http://ex.org/variable#81	1
http://ex.org/variable#85 http://www.ibm.com/timex#bi http://ex.org/variable#82	1
http://ex.org/variable#85 http://www.ibm.com/timex#d http://ex.org/variable#83	1
http://ex.org/variable#85 http://www.ibm.com/timex#d http://ex.org/variable#84	1
http://ex.org/variable#85 http://www.ibm.com/timex#d http://ex.org/variable#86	1
http://ex.org/variable#85 http://www.ibm.com/timex#d http://ex.org/variable#87	1
http://ex.org/variable#85 http://www.ibm.com/timex#b http://ex.org/variable#88	1
http://ex.org/variable#85 http://www.ibm.com/timex#d http://ex.org/variable#89	1
http://ex.org/variable#85 http://www.ibm.com/timex#oi http://ex.org/variable#90	1
http://ex.org/variable#85 http://www.ibm.com/timex#d http://ex.org/variable#91	1
http://ex.org/variable#85 http://www.ibm.com/timex#d http://ex.org/variable#92	1
http://ex.org/variable#85 http://www.ibm.com/timex#d http://ex.org/variable#93	1
http://ex.org/variable#85 http://www.ibm.com/timex#bi http://ex.org/variable#94	1
http://ex.org/variable#85 http://www.ibm.com/timex#bi http://ex.org/variable#95	1
http://ex.org/variable#85 http://www.ibm.com/timex#bi http://ex.org/variable#96	1
http://ex.org/variable#85 http://www.ibm.com/timex#d http://ex.org/variable#97	1
http://ex.org/variable#85 http://www.ibm.com/timex#o http://ex.org/variable#98	1
http://ex.org/variable#85 http://www.ibm.com/timex#o http://ex.org/variable#99	1
http://ex.org/variable#85 http://www.ibm.com/timex#bi http://ex.org/variable#100	1
http://ex.org/variable#85 http://www.ibm.com/timex#d http://ex.org/variable#101	1
http://ex.org/variable#85 http://www.ibm.com/timex#mi http://ex.org/variable#102	1
http://ex.org/variable#85 http://www.ibm.com/timex#oi http://ex.org/variable#103	1
http://ex.org/variable#85 http://www.ibm.com/timex#b http://ex.org/variable#104	1
http://ex.org/variable#85 http://www.ibm.com/timex#d http://ex.org/variable#105	1
http://ex.org/variable#85 http://www.ibm.com/timex#d http://ex.org/variable#106	1
http://ex.org/variable#85 http://www.ibm.com/timex#oi http://ex.org/variable#107	1
http://ex.org/variable#85 http://www.ibm.com/timex#bi http://ex.org/variable#108	1
http://ex.org/variable#85 http://www.ibm.com/timex#bi http://ex.org/variable#109	1
http://ex.org/variable#85 http://www.ibm.com/timex#d http://ex.org/variable#110	1
http://ex.org/variable#85 http://www.ibm.com/timex#bi http://ex.org/variable#111	1
http://ex.org/variable#85 http://www.ibm.com/timex#oi http://ex.org/variable#112	1
http://ex.org/variable#85 http://www.ibm.com/timex#bi http://ex.org/variable#113	1
http://ex.org/variable#85 http://www.ibm.com/timex#oi_d_f http://ex.org/variable#114	1
http://ex.org/variable#85 http://www.ibm.com/timex#b http://ex.org/variable#115	1
http://ex.org/variable#85 http://www.ibm.com/timex#bi http://ex.org/variable#116	1
http://ex.org/variable#85 http://www.ibm.com/timex#bi http://ex.org/variable#117	1
http://ex.org/variable#85 http://www.ibm.com/timex#bi http://ex.org/variable#118	1
http://ex.org/variable#85 http://www.ibm.com/timex#d http://ex.org/variable#119	1
http://ex.org/variable#85 http://www.ibm.com/timex#bi http://ex.org/variable#120	1
http://ex.org/variable#85 http://www.ibm.com/timex#b http://ex.org/variable#121	1
http://ex.org/variable#85 http://www.ibm.com/timex#oi_d_f http://ex.org/variable#122	1
http://ex.org/variable#85 http://www.ibm.com/timex#d http://ex.org/variable#123	1
http://ex.org/variable#85 http://www.ibm.com/timex#bi http://ex.org/variable#124	1
http://ex.org/variable#85 http://www.ibm.com/timex#bi http://ex.org/variable#125	1
http://ex.org/variable#85 http://www.ibm.com/timex#d http://ex.org/variable#126	1
http://ex.org/variable#85 http://www.ibm.com/timex#s http://ex.org/variable#127	1
http://ex.org/variable#85 http://www.ibm.com/timex#d http://ex.org/variable#128	1
http://ex.org/variable#85 http://www.ibm.com/timex#bi http://ex.org/variable#129	1
http://ex.org/variable#85 http://www.ibm.com/timex#bi http://ex.org/variable#130	1
http://ex.org/variable#85 http://www.ibm.com/timex#o http://ex.org/variable#131	1
http://ex.org/variable#85 http://www.ibm.com/timex#d http://ex.org/variable#132	1
http://ex.org/variable#85 http://www.ibm.com/timex#d http://ex.org/variable#133	1
http://ex.org/variable#85 http://www.ibm.com/timex#bi http://ex.org/variable#134	1
http://ex.org/variable#85 http://www.ibm.com/timex#d http://ex.org/variable#135	1
http://ex.org/variable#85 http://www.ibm.com/timex#d http://ex.org/variable#136	1
http://ex.org/variable#85 http://www.ibm.com/timex#bi http://ex.org/variable#137	1
http://ex.org/variable#85 http://www.ibm.com/timex#o http://ex.org/variable#138	1
http://ex.org/variable#85 http://www.ibm.com/timex#bi http://ex.org/variable#139	1
http://ex.org/variable#85 http://www.ibm.com/timex#bi http://ex.org/variable#140	1
http://ex.org/variable#85 http://www.ibm.com/timex#d http://ex.org/variable#141	1
http://ex.org/variable#85 http://www.ibm.com/timex#bi http://ex.org/variable#142	1
http://ex.org/variable#85 http://www.ibm.com/timex#d http://ex.org/variable#143	1
http://ex.org/variable#85 http://www.ibm.com/timex#d http://ex.org/variable#144	1
http://ex.org/variable#85 http://www.ibm.com/timex#s http://ex.org/variable#145	1
http://ex.org/variable#85 http://www.ibm.com/timex#d http://ex.org/variable#146	1
http://ex.org/variable#85 http://www.ibm.com/timex#oi http://ex.org/variable#147	1
http://ex.org/variable#85 http://www.ibm.com/timex#oi_d_f http://ex.org/variable#148	1
http://ex.org/variable#85 http://www.ibm.com/timex#bi http://ex.org/variable#149	1
http://ex.org/variable#85 http://www.ibm.com/timex#o http://ex.org/variable#150	1
http://ex.org/variable#85 http://www.ibm.com/timex#d http://ex.org/variable#151	1
http://ex.org/variable#85 http://www.ibm.com/timex#bi http://ex.org/variable#152	1
http://ex.org/variable#85 http://www.ibm.com/timex#d http://ex.org/variable#153	1
http://ex.org/variable#85 http://www.ibm.com/timex#bi http://ex.org/variable#154	1
http://ex.org/variable#85 http://www.ibm.com/timex#oi http://ex.org/variable#155	1
http://ex.org/variable#85 http://www.ibm.com/timex#d http://ex.org/variable#156	1
http://ex.org/variable#85 http://www.ibm.com/timex#bi http://ex.org/variable#157	1
http://ex.org/variable#85 http://www.ibm.com/timex#bi http://ex.org/variable#158	1
http://ex.org/variable#85 http://www.ibm.com/timex#d http://ex.org/variable#159	1
http://ex.org/variable#85 http://www.ibm.com/timex#d http://ex.org/variable#160	1
http://ex.org/variable#85 http://www.ibm.com/timex#bi http://ex.org/variable#161	1
http://ex.org/variable#85 http://www.ibm.com/timex#bi http://ex.org/variable#162	1
http://ex.org/variable#85 http://www.ibm.com/timex#d http://ex.org/variable#163	1
http://ex.org/variable#85 http://www.ibm.com/timex#d http://ex.org/variable#164	1
http://ex.org/variable#85 http://www.ibm.com/timex#bi http://ex.org/variable#165	1
http://ex.org/variable#85 http://www.ibm.com/timex#bi http://ex.org/variable#166	1
http://ex.org/variable#85 http://www.ibm.com/timex#oi http://ex.org/variable#167	1
http://ex.org/variable#85 http://www.ibm.com/timex#d http://ex.org/variable#168	1
http://ex.org/variable#85 http://www.ibm.com/timex#d http://ex.org/variable#169	1
http://ex.org/variable#85 http://www.ibm.com/timex#s http://ex.org/variable#170	1
http://ex.org/variable#85 http://www.ibm.com/timex#bi http://ex.org/variable#171	1
http://ex.org/variable#85 http://www.ibm.com/timex#bi http://ex.org/variable#172	1
http://ex.org/variable#85 http://www.ibm.com/timex#di http://ex.org/variable#173	1
http://ex.org/variable#85 http://www.ibm.com/timex#d http://ex.org/variable#174	1
http://ex.org/variable#85 http://www.ibm.com/timex#oi http://ex.org/variable#175	1
http://ex.org/variable#85 http://www.ibm.com/timex#d http://ex.org/variable#176	1
http://ex.org/variable#85 http://www.ibm.com/timex#d_f http://ex.org/variable#177	1
http://ex.org/variable#85 http://www.ibm.com/timex#d http://ex.org/variable#178	1
http://ex.org/variable#85 http://www.ibm.com/timex#d http://ex.org/variable#179	1
http://ex.org/variable#85 http://www.ibm.com/timex#bi http://ex.org/variable#180	1
http://ex.org/variable#85 http://www.ibm.com/timex#bi http://ex.org/variable#181	1
http://ex.org/variable#85 http://www.ibm.com/timex#bi http://ex.org/variable#182	1
http://ex.org/variable#85 http://www.ibm.com/timex#d http://ex.org/variable#183	1
http://ex.org/variable#85 http://www.ibm.com/timex#bi http://ex.org/variable#184	1
http://ex.org/variable#85 http://www.ibm.com/timex#d http://ex.org/variable#185	1
http://ex.org/variable#85 http://www.ibm.com/timex#d http://ex.org/variable#186	1
http://ex.org/variable#85 http://www.ibm.com/timex#d http://ex.org/variable#187	1
http://ex.org/variable#85 http://www.ibm.com/timex#oi http://ex.org/variable#188	1
http://ex.org/variable#85 http://www.ibm.com/timex#bi http://ex.org/variable#189	1
http://ex.org/variable#86 http://www.ibm.com/timex#di http://ex.org/variable#0	1
http://ex.org/variable#86 http://www.ibm.com/timex#di http://ex.org/variable#1	1
http://ex.org/variable#86 http://www.ibm.com/timex#di http://ex.org/variable#2	1
http://ex.org/variable#86 http://www.ibm.com/timex#di http://ex.org/variable#3	1
http://ex.org/variable#86 http://www.ibm.com/timex#o_di_fi http://ex.org/variable#4	1
http://ex.org/variable#86 http://www.ibm.com/timex#di http://ex.org/variable#5	1
http://ex.org/variable#86 http://www.ibm.com/timex#di http://ex.org/variable#6	1
http://ex.org/variable#86 http://www.ibm.com/timex#di http://ex.org/variable#7	1
http://ex.org/variable#86 http://www.ibm.com/timex#di http://ex.org/variable#8	1
http://ex.org/variable#86 http://www.ibm.com/timex#o http://ex.org/variable#9	1
http://ex.org/variable#86 http://www.ibm.com/timex#di http://ex.org/variable#10	1
http://ex.org/variable#86 http://www.ibm.com/timex#di http://ex.org/variable#11	1
http://ex.org/variable#86 http://www.ibm.com/timex#oi http://ex.org/variable#12	1
http://ex.org/variable#86 http://www.ibm.com/timex#di http://ex.org/variable#13	1
http://ex.org/variable#86 http://www.ibm.com/timex#di http://ex.org/variable#14	1
http://ex.org/variable#86 http://www.ibm.com/timex#di http://ex.org/variable#15	1
http://ex.org/variable#86 http://www.ibm.com/timex#di http://ex.org/variable#16	1
http://ex.org/variable#86 http://www.ibm.com/timex#di http://ex.org/variable#17	1
http://ex.org/variable#86 http://www.ibm.com/timex#di http://ex.org/variable#18	1
http://ex.org/variable#86 http://www.ibm.com/timex#di http://ex.org/variable#19	1
http://ex.org/variable#86 http://www.ibm.com/timex#o http://ex.org/variable#20	1
http://ex.org/variable#86 http://www.ibm.com/timex#di http://ex.org/variable#21	1
http://ex.org/variable#86 http://www.ibm.com/timex#di http://ex.org/variable#22	1
http://ex.org/variable#86 http://www.ibm.com/timex#di http://ex.org/variable#23	1
http://ex.org/variable#86 http://www.ibm.com/timex#di http://ex.org/variable#24	1
http://ex.org/variable#86 http://www.ibm.com/timex#di http://ex.org/variable#25	1
http://ex.org/variable#86 http://www.ibm.com/timex#di http://ex.org/variable#26	1
http://ex.org/variable#86 http://www.ibm.com/timex#oi http://ex.org/variable#27	1
http://ex.org/variable#86 http://www.ibm.com/timex#di http://ex.org/variable#28	1
http://ex.org/variable#86 http://www.ibm.com/timex#di http://ex.org/variable#29	1
http://ex.org/variable#86 http://www.ibm.com/timex#di http://ex.org/variable#30	1
http://ex.org/variable#86 http://www.ibm.com/timex#oi http://ex.org/variable#31	1
http://ex.org/variable#86 http://www.ibm.com/timex#di http://ex.org/variable#32	1
http://ex.org/variable#86 http://www.ibm.com/timex#o_di_fi http://ex.org/variable#33	1
http://ex.org/variable#86 http://www.ibm.com/timex#di http://ex.org/variable#34	1
http://ex.org/variable#86 http://www.ibm.com/timex#di http://ex.org/variable#35	1
http://ex.org/variable#86 http://www.ibm.com/timex#di http://ex.org/variable#36	1
http://ex.org/variable#86 http://www.ibm.com/timex#di http://ex.org/variable#37	1
http://ex.org/variable#86 http://www.ibm.com/timex#di http://ex.org/variable#38	1
http://ex.org/variable#86 http://www.ibm.com/timex#di http://ex.org/variable#39	1
http://ex.org/variable#86 http://www.ibm.com/timex#di http://ex.org/variable#40	1
http://ex.org/variable#86 http://www.ibm.com/timex#di http://ex.org/variable#41	1
http://ex.org/variable#86 http://www.ibm.com/timex#di http://ex.org/variable#42	1
http://ex.org/variable#86 http://www.ibm.com/timex#di http://ex.org/variable#43	1
http://ex.org/variable#86 http://www.ibm.com/timex#di http://ex.org/variable#44	1
http://ex.org/variable#86 http://www.ibm.com/timex#o http://ex.org/variable#45	1
http://ex.org/variable#86 http://www.ibm.com/timex#oi http://ex.org/variable#46	1
http://ex.org/variable#86 http://www.ibm.com/timex#oi http://ex.org/variable#47	1
http://ex.org/variable#86 http://www.ibm.com/timex#di http://ex.org/variable#48	1
http://ex.org/variable#86 http://www.ibm.com/timex#di http://ex.org/variable#49	1
http://ex.org/variable#86 http://www.ibm.com/timex#di http://ex.org/variable#50	1
http://ex.org/variable#86 http://www.ibm.com/timex#di http://ex.org/variable#51	1
http://ex.org/variable#86 http://www.ibm.com/timex#di http://ex.org/variable#52	1
http://ex.org/variable#86 http://www.ibm.com/timex#di http://ex.org/variable#53	1
http://ex.org/variable#86 http://www.ibm.com/timex#di http://ex.org/variable#54	1
http://ex.org/variable#86 http://www.ibm.com/timex#di http://ex.org/variable#55	1
http://ex.org/variable#86 http://www.ibm.com/timex#di http://ex.org/variable#56	1
http://ex.org/variable#86 http://www.ibm.com/timex#oi http://ex.org/variable#57	1
http://ex.org/variable#86 http://www.ibm.com/timex#di http://ex.org/variable#58	1
http://ex.org/variable#86 http://www.ibm.com/timex#o http://ex.org/variable#59	1
http://ex.org/variable#86 http://www.ibm.com/timex#di http://ex.org/variable#60	1
http://ex.org/variable#86 http://www.ibm.com/timex#di http://ex.org/variable#61	1
http://ex.org/variable#86 http://www.ibm.com/timex#di http://ex.org/variable#62	1
http://ex.org/variable#86 http://www.ibm.com/timex#di http://ex.org/variable#63	1
http://ex.org/variable#86 http://www.ibm.com/timex#di http://ex.org/variable#64	1
http://ex.org/variable#86 http://www.ibm.com/timex#di http://ex.org/variable#65	1
http://ex.org/variable#86 http://www.ibm.com/timex#oi http://ex.org/variable#66	1
http://ex.org/variable#86 http://www.ibm.com/timex#di_fi http://ex.org/variable#67	1
http://ex.org/variable#86 http://www.ibm.com/timex#di http://ex.org/variable#68	1
http://ex.org/variable#86 http://www.ibm.com/timex#di http://ex.org/variable#69	1
http://ex.org/variable#86 http://www.ibm.com/timex#o http://ex.org/variable#70	1
http://ex.org/variable#86 http://www.ibm.com/timex#di http://ex.org/variable#71	1
http://ex.org/variable#86 http://www.ibm.com/timex#di http://ex.org/variable#72	1
http://ex.org/variable#86 http://www.ibm.com/timex#di http://ex.org/variable#73	1
http://ex.org/variable#86 http://www.ibm.com/timex#di http://ex.org/variable#74	1
http://ex.org/variable#86 http://www.ibm.com/timex#di http://ex.org/variable#75	1
http://ex.org/variable#86 http://www.ibm.com/timex#di http://ex.org/variable#76	1
http://ex.org/variable#86 http://www.ibm.com/timex#o_di http://ex.org/variable#77	1
http://ex.org/variable#86 http://www.ibm.com/timex#di http://ex.org/variable#78	1
http://ex.org/variable#86 http://www.ibm.com/timex#oi http://ex.org/variable#79	1
http://ex.org/variable#86 http://www.ibm.com/timex#di http://ex.org/variable#80	1
http://ex.org/variable#86 http://www.ibm.com/timex#oi http://ex.org/variable#81	1
http://ex.org/variable#86 http://www.ibm.com/timex#di http://ex.org/variable#82	1
http://ex.org/variable#86 http://www.ibm.com/timex#di http://ex.org/variable#83	1
http://ex.org/variable#86 http://www.ibm.com/timex#di http://ex.org/variable#84	1
http://ex.org/variable#86 http://www.ibm.com/timex#di http://ex.org/variable#85	1
http://ex.org/variable#86 http://www.ibm.com/timex#di http://ex.org/variable#87	1
http://ex.org/variable#86 http://www.ibm.com/timex#di http://ex.org/variable#88	1
http://ex.org/variable#86 http://www.ibm.com/timex#di http://ex.org/variable#89	1
http://ex.org/variable#86 http://www.ibm.com/timex#di http://ex.org/variable#90	1
http://ex.org/variable#86 http://www.ibm.com/timex#di http://ex.org/variable#91	1
http://ex.org/variable#86 http://www.ibm.com/timex#o http://ex.org/variable#92	1
http://ex.org/variable#86 http://www.ibm.com/timex#di http://ex.org/variable#93	1
http://ex.org/variable#86 http://www.ibm.com/timex#di http://ex.org/variable#94	1
http://ex.org/variable#86 http://www.ibm.com/timex#di http://ex.org/variable#95	1
http://ex.org/variable#86 http://www.ibm.com/timex#di http://ex.org/variable#96	1
http://ex.org/variable#86 http://www.ibm.com/timex#di http://ex.org/variable#97	1
http://ex.org/variable#86 http://www.ibm.com/timex#di http://ex.org/variable#98	1
http://ex.org/variable#86 http://www.ibm.com/timex#di http://ex.org/variable#99	1
http://ex.org/variable#86 http://www.ibm.com/timex#di http://ex.org/variable#100	1
http://ex.org/variable#86 http://www.ibm.com/timex#di http://ex.org/variable#101	1
http://ex.org/variable#86 http://www.ibm.com/timex#di http://ex.org/variable#102	1
http://ex.org/variable#86 http://www.ibm.com/timex#di http://ex.org/variable#103	1
http://ex.org/variable#86 http://www.ibm.com/timex#di http://ex.org/variable#104	1
http://ex.org/variable#86 http://www.ibm.com/timex#di http://ex.org/variable#105	1
http://ex.org/variable#86 http://www.ibm.com/timex#di http://ex.org/variable#106	1
http://ex.org/variable#86 http://www.ibm.com/timex#di http://ex.org/variable#107	1
http://ex.org/variable#86 http://www.ibm.com/timex#di http://ex.org/variable#108	1
http://ex.org/variable#86 http://www.ibm.com/timex#di http://ex.org/variable#109	1
http://ex.org/variable#86 http://www.ibm.com/timex#di http://ex.org/variable#110	1
http://ex.org/variable#86 http://www.ibm.com/timex#di http://ex.org/variable#111	1
http://ex.org/variable#86 http://www.ibm.com/timex#di http://ex.org/variable#112	1
http://ex.org/variable#86 http://www.ibm.com/timex#di http://ex.org/variable#113	1
http://ex.org/variable#86 http://www.ibm.com/timex#di http://ex.org/variable#114	1
http://ex.org/variable#86 http://www.ibm.com/timex#di http://ex.org/variable#115	1
http://ex.org/variable#86 http://www.ibm.com/timex#di http://ex.org/variable#116	1
http://ex.org/variable#86 http://www.ibm.com/timex#di http://ex.org/variable#117	1
http://ex.org/variable#86 http://www.ibm.com/timex#di http://ex.org/variable#118	1
http://ex.org/variable#86 http://www.ibm.com/timex#oi http://ex.org/variable#119	1
http://ex.org/variable#86 http://www.ibm.com/timex#di http://ex.org/variable#120	1
http://ex.org/variable#86 http://www.ibm.com/timex#di http://ex.org/variable#121	1
http://ex.org/variable#86 http://www.ibm.com/timex#di http://ex.org/variable#122	1
http://ex.org/variable#86 http://www.ibm.com/timex#di http://ex.org/variable#123	1
http://ex.org/variable#86 http://www.ibm.com/timex#oi http://ex.org/variable#124	1
http://ex.org/variable#86 http://www.ibm.com/timex#oi_di_si http://ex.org/variable#125	1
http://ex.org/variable#86 http://www.ibm.com/timex#di http://ex.org/variable#126	1
http://ex.org/variable#86 http://www.ibm.com/timex#di http://ex.org/variable#127	1
http://ex.org/variable#86 http://www.ibm.com/timex#di http://ex.org/variable#128	1
http://ex.org/variable#86 http://www.ibm.com/timex#oi http://ex.org/variable#129	1
http://ex.org/variable#86 http://www.ibm.com/timex#di http://ex.org/variable#130	1
http://ex.org/variable#86 http://www.ibm.com/timex#di http://ex.org/variable#131	1
http://ex.org/variable#86 http://www.ibm.com/timex#di http://ex.org/variable#132	1
http://ex.org/variable#86 http://www.ibm.com/timex#o http://ex.org/variable#133	1
http://ex.org/variable#86 http://www.ibm.com/timex#di http://ex.org/variable#134	1
http://ex.org/variable#86 http://www.ibm.com/timex#di http://ex.org/variable#135	1
http://ex.org/variable#86 http://www.ibm.com/timex#di http://ex.org/variable#136	1
http://ex.org/variable#86 http://www.ibm.com/timex#di http://ex.org/variable#137	1
http://ex.org/variable#86 http://www.ibm.com/timex#di http://ex.org/variable#138	1
http://ex.org/variable#86 http://www.ibm.com/timex#di http://ex.org/variable#139	1
http://ex.org/variable#86 http://www.ibm.com/timex#di http://ex.org/variable#140	1
http://ex.org/variable#86 http://www.ibm.com/timex#di http://ex.org/variable#141	1
http://ex.org/variable#86 http://www.ibm.com/timex#di http://ex.org/variable#142	1
http://ex.org/variable#86 http://www.ibm.com/timex#di http://ex.org/variable#143	1
http://ex.org/variable#86 http://www.ibm.com/timex#di http://ex.org/variable#144	1
http://ex.org/variable#86 http://www.ibm.com/timex#di http://ex.org/variable#145	1
http://ex.org/variable#86 http://www.ibm.com/timex#o_fi http://ex.org/variable#146	1
http://ex.org/variable#86 http://www.ibm.com/timex#di http://ex.org/variable#147	1
http://ex.org/variable#86 http://www.ibm.com/timex#di http://ex.org/variable#148	1
http://ex.org/variable#86 http://www.ibm.com/timex#di_si http://ex.org/variable#149	1
http://ex.org/variable#86 http://www.ibm.com/timex#o_fi http://ex.org/variable#150	1
http://ex.org/variable#86 http://www.ibm.com/timex#di http://ex.org/variable#151	1
http://ex.org/variable#86 http://www.ibm.com/timex#di http://ex.org/variable#152	1
http://ex.org/variable#86 http://www.ibm.com/timex#di http://ex.org/variable#153	1
http://ex.org/variable#86 http://www.ibm.com/timex#di http://ex.org/variable#154	1
http://ex.org/variable#86 http://www.ibm.com/timex#oi http://ex.org/variable#155	1
http://ex.org/variable#86 http://www.ibm.com/timex#di http://ex.org/variable#156	1
http://ex.org/variable#86 http://www.ibm.com/timex#di http://ex.org/variable#157	1
http://ex.org/variable#86 http://www.ibm.com/timex#di http://ex.org/variable#158	1
http://ex.org/variable#86 http://www.ibm.com/timex#di http://ex.org/variable#159	1
http://ex.org/variable#86 http://www.ibm.com/timex#di http://ex.org/variable#160	1
http://ex.org/variable#86 http://www.ibm.com/timex#di http://ex.org/variable#161	1
http://ex.org/variable#86 http://www.ibm.com/timex#di http://ex.org/variable#162	1
http://ex.org/variable#86 http://www.ibm.com/timex#di http://ex.org/variable#163	1
http://ex.org/variable#86 http://www.ibm.com/timex#di http://ex.org/variable#164	1
http://ex.org/variable#86 http://www.ibm.com/timex#di http://ex.org/variable#165	1
http://ex.org/variable#86 http://www.ibm.com/timex#di http://ex.org/variable#166	1
http://ex.org/variable#86 http://www.ibm.com/timex#di http://ex.org/variable#167	1
http://ex.org/variable#86 http://www.ibm.com/timex#di http://ex.org/variable#168	1
http://ex.org/variable#86 http://www.ibm.com/timex#di http://ex.org/variable#169	1
http://ex.org/variable#86 http://www.ibm.com/timex#di http://ex.org/variable#170	1
http://ex.org/variable#86 http://www.ibm.com/timex#di http://ex.org/variable#171	1
http://ex.org/variable#86 http://www.ibm.com/timex#oi http://ex.org/variable#172	1
http://ex.org/variable#86 http://www.ibm.com/timex#di http://ex.org/variable#173	1
http://ex.org/variable#86 http://www.ibm.com/timex#di http://ex.org/variable#174	1
http://ex.org/variable#86 http://www.ibm.com/timex#di http://ex.org/variable#175	1
http://ex.org/variable#86 http://www.ibm.com/timex#di http://ex.org/variable#176	1
http://ex.org/variable#86 http://www.ibm.com/timex#di http://ex.org/variable#177	1
http://ex.org/variable#86 http://www.ibm.com/timex#o http://ex.org/variable#178	1
http://ex.org/variable#86 http://www.ibm.com/timex#di http://ex.org/variable#179	1
http://ex.org/variable#86 http://www.ibm.com/timex#di http://ex.org/variable#180	1
http://ex.org/variable#86 http://www.ibm.com/timex#di http://ex.org/variable#181	1
http://ex.org/variable#86 http://www.ibm.com/timex#di http://ex.org/variable#182	1
http://ex.org/variable#86 http://www.ibm.com/timex#di http://ex.org/variable#183	1
http://ex.org/variable#86 http://www.ibm.com/timex#di http://ex.org/variable#184	1
http://ex.org/variable#86 http://www.ibm.com/timex#di http://ex.org/variable#185	1
http://ex.org/variable#86 http://www.ibm.com/timex#di http://ex.org/variable#186	1
http://ex.org/variable#86 http://www.ibm.com/timex#oi http://ex.org/variable#187	1
http://ex.org/variable#86 http://www.ibm.com/timex#di http://ex.org/variable#188	1
http://ex.org/variable#86 http://www.ibm.com/timex#di http://ex.org/variable#189	1
http://ex.org/variable#87 http://www.ibm.com/timex#d http://ex.org/variable#0	1
http://ex.org/variable#87 http://www.ibm.com/timex#o http://ex.org/variable#1	1
http://ex.org/variable#87 http://www.ibm.com/timex#f http://ex.org/variable#2	1
http://ex.org/variable#87 http://www.ibm.com/timex#oi http://ex.org/variable#3	1
http://ex.org/variable#87 http://www.ibm.com/timex#d http://ex.org/variable#4	1
http://ex.org/variable#87 http://www.ibm.com/timex#oi http://ex.org/variable#5	1
http://ex.org/variable#87 http://www.ibm.com/timex#di http://ex.org/variable#6	1
http://ex.org/variable#87 http://www.ibm.com/timex#d http://ex.org/variable#7	1
http://ex.org/variable#87 http://www.ibm.com/timex#bi http://ex.org/variable#8	1
http://ex.org/variable#87 http://www.ibm.com/timex#o_d http://ex.org/variable#9	1
http://ex.org/variable#87 http://www.ibm.com/timex#oi http://ex.org/variable#10	1
http://ex.org/variable#87 http://www.ibm.com/timex#oi http://ex.org/variable#11	1
http://ex.org/variable#87 http://www.ibm.com/timex#d http://ex.org/variable#12	1
http://ex.org/variable#87 http://www.ibm.com/timex#oi http://ex.org/variable#13	1
http://ex.org/variable#87 http://www.ibm.com/timex#di http://ex.org/variable#14	1
http://ex.org/variable#87 http://www.ibm.com/timex#oi http://ex.org/variable#15	1
http://ex.org/variable#87 http://www.ibm.com/timex#oi http://ex.org/variable#16	1
http://ex.org/variable#87 http://www.ibm.com/timex#di http://ex.org/variable#17	1
http://ex.org/variable#87 http://www.ibm.com/timex#oi http://ex.org/variable#18	1
http://ex.org/variable#87 http://www.ibm.com/timex#bi http://ex.org/variable#19	1
http://ex.org/variable#87 http://www.ibm.com/timex#d http://ex.org/variable#20	1
http://ex.org/variable#87 http://www.ibm.com/timex#di http://ex.org/variable#21	1
http://ex.org/variable#87 http://www.ibm.com/timex#d http://ex.org/variable#22	1
http://ex.org/variable#87 http://www.ibm.com/timex#bi http://ex.org/variable#23	1
http://ex.org/variable#87 http://www.ibm.com/timex#d http://ex.org/variable#24	1
http://ex.org/variable#87 http://www.ibm.com/timex#bi http://ex.org/variable#25	1
http://ex.org/variable#87 http://www.ibm.com/timex#di http://ex.org/variable#26	1
http://ex.org/variable#87 http://www.ibm.com/timex#bi http://ex.org/variable#27	1
http://ex.org/variable#87 http://www.ibm.com/timex#di http://ex.org/variable#28	1
http://ex.org/variable#87 http://www.ibm.com/timex#oi http://ex.org/variable#29	1
http://ex.org/variable#87 http://www.ibm.com/timex#oi http://ex.org/variable#30	1
http://ex.org/variable#87 http://www.ibm.com/timex#oi http://ex.org/variable#31	1
http://ex.org/variable#87 http://www.ibm.com/timex#bi http://ex.org/variable#32	1
http://ex.org/variable#87 http://www.ibm.com/timex#o http://ex.org/variable#33	1
http://ex.org/variable#87 http://www.ibm.com/timex#oi http://ex.org/variable#34	1
http://ex.org/variable#87 http://www.ibm.com/timex#bi_mi_oi http://ex.org/variable#35	1
http://ex.org/variable#87 http://www.ibm.com/timex#oi http://ex.org/variable#36	1
http://ex.org/variable#87 http://www.ibm.com/timex#bi http://ex.org/variable#37	1
http://ex.org/variable#87 http://www.ibm.com/timex#oi http://ex.org/variable#38	1
http://ex.org/variable#87 http://www.ibm.com/timex#di http://ex.org/variable#39	1
http://ex.org/variable#87 http://www.ibm.com/timex#oi http://ex.org/variable#40	1
http://ex.org/variable#87 http://www.ibm.com/timex#oi http://ex.org/variable#41	1
http://ex.org/variable#87 http://www.ibm.com/timex#d http://ex.org/variable#42	1
http://ex.org/variable#87 http://www.ibm.com/timex#oi http://ex.org/variable#43	1
http://ex.org/variable#87 http://www.ibm.com/timex#oi http://ex.org/variable#44	1
http://ex.org/variable#87 http://www.ibm.com/timex#d http://ex.org/variable#45	1
http://ex.org/variable#87 http://www.ibm.com/timex#oi http://ex.org/variable#46	1
http://ex.org/variable#87 http://www.ibm.com/timex#oi http://ex.org/variable#47	1
http://ex.org/variable#87 http://www.ibm.com/timex#di http://ex.org/variable#48	1
http://ex.org/variable#87 http://www.ibm.com/timex#bi http://ex.org/variable#49	1
http://ex.org/variable#87 http://www.ibm.com/timex#d http://ex.org/variable#50	1
http://ex.org/variable#87 http://www.ibm.com/timex#di http://ex.org/variable#51	1
http://ex.org/variable#87 http://www.ibm.com/timex#oi http://ex.org/variable#52	1
http://ex.org/variable#87 http://www.ibm.com/timex#oi http://ex.org/variable#53	1
http://ex.org/variable#87 http://www.ibm.com/timex#oi http://ex.org/variable#54	1
http://ex.org/variable#87 http://www.ibm.com/timex#oi http://ex.org/variable#55	1
http://ex.org/variable#87 http://www.ibm.com/timex#oi http://ex.org/variable#56	1
http://ex.org/variable#87 http://www.ibm.com/timex#oi http://ex.org/variable#57	1
http://ex.org/variable#87 http://www.ibm.com/timex#oi http://ex.org/variable#58	1
http://ex.org/variable#87 http://www.ibm.com/timex#d http://ex.org/variable#59	1
http://ex.org/variable#87 http://www.ibm.com/timex#d http://ex.org/variable#60	1
http://ex.org/variable#87 http://www.ibm.com/timex#d http://ex.org/variable#61	1
http://ex.org/variable#87 http://www.ibm.com/timex#d http://ex.org/variable#62	1
http://ex.org/variable#87 http://www.ibm.com/timex#oi http://ex.org/variable#63	1
http://ex.org/variable#87 http://www.ibm.com/timex#oi http://ex.org/variable#64	1
http://ex.org/variable#87 http://www.ibm.com/timex#bi http://ex.org/variable#65	1
http://ex.org/variable#87 http://www.ibm.com/timex#bi http://ex.org/variable#66	1
http://ex.org/variable#87 http://www.ibm.com/timex#d http://ex.org/variable#67	1
http://ex.org/variable#87 http://www.ibm.com/timex#oi_f http://ex.org/variable#68	1
http://ex.org/variable#87 http://www.ibm.com/timex#oi http://ex.org/variable#69	1
http://ex.org/variable#87 http://www.ibm.com/timex#d http://ex.org/variable#70	1
http://ex.org/variable#87 http://www.ibm.com/timex#oi http://ex.org/variable#71	1
http://ex.org/variable#87 http://www.ibm.com/timex#oi http://ex.org/variable#72	1
http://ex.org/variable#87 http://www.ibm.com/timex#oi http://ex.org/variable#73	1
http://ex.org/variable#87 http://www.ibm.com/timex#oi_d_f http://ex.org/variable#74	1
http://ex.org/variable#87 http://www.ibm.com/timex#oi http://ex.org/variable#75	1
http://ex.org/variable#87 http://www.ibm.com/timex#oi http://ex.org/variable#76	1
http://ex.org/variable#87 http://www.ibm.com/timex#d http://ex.org/variable#77	1
http://ex.org/variable#87 http://www.ibm.com/timex#oi http://ex.org/variable#78	1
http://ex.org/variable#87 http://www.ibm.com/timex#oi http://ex.org/variable#79	1
http://ex.org/variable#87 http://www.ibm.com/timex#d http://ex.org/variable#80	1
http://ex.org/variable#87 http://www.ibm.com/timex#oi http://ex.org/variable#81	1
http://ex.org/variable#87 http://www.ibm.com/timex#bi http://ex.org/variable#82	1
http://ex.org/variable#87 http://www.ibm.com/timex#oi http://ex.org/variable#83	1
http://ex.org/variable#87 http://www.ibm.com/timex#di http://ex.org/variable#84	1
http://ex.org/variable#87 http://www.ibm.com/timex#di http://ex.org/variable#85	1
http://ex.org/variable#87 http://www.ibm.com/timex#d http://ex.org/variable#86	1
http://ex.org/variable#87 http://www.ibm.com/timex#di http://ex.org/variable#88	1
http://ex.org/variable#87 http://www.ibm.com/timex#d http://ex.org/variable#89	1
http://ex.org/variable#87 http://www.ibm.com/timex#oi http://ex.org/variable#90	1
http://ex.org/variable#87 http://www.ibm.com/timex#d http://ex.org/variable#91	1
http://ex.org/variable#87 http://www.ibm.com/timex#d http://ex.org/variable#92	1
http://ex.org/variable#87 http://www.ibm.com/timex#oi http://ex.org/variable#93	1
http://ex.org/variable#87 http://www.ibm.com/timex#oi http://ex.org/variable#94	1
http://ex.org/variable#87 http://www.ibm.com/timex#bi http://ex.org/variable#95	1
http://ex.org/variable#87 http://www.ibm.com/timex#bi http://ex.org/variable#96	1
http://ex.org/variable#87 http://www.ibm.com/timex#oi http://ex.org/variable#97	1
http://ex.org/variable#87 http://www.ibm.com/timex#di_fi http://ex.org/variable#98	1
http://ex.org/variable#87 http://www.ibm.com/timex#di http://ex.org/variable#99	1
http://ex.org/variable#87 http://www.ibm.com/timex#bi http://ex.org/variable#100	1
http://ex.org/variable#87 http://www.ibm.com/timex#oi http://ex.org/variable#101	1
http://ex.org/variable#87 http://www.ibm.com/timex#di http://ex.org/variable#102	1
http://ex.org/variable#87 http://www.ibm.com/timex#oi http://ex.org/variable#103	1
http://ex.org/variable#87 http://www.ibm.com/timex#di http://ex.org/variable#104	1
http://ex.org/variable#87 http://www.ibm.com/timex#oi http://ex.org/variable#105	1
http://ex.org/variable#87 http://www.ibm.com/timex#d http://ex.org/variable#106	1
http://ex.org/variable#87 http://www.ibm.com/timex#oi http://ex.org/variable#107	1
http://ex.org/variable#87 http://www.ibm.com/timex#oi http://ex.org/variable#108	1
http://ex.org/variable#87 http://www.ibm.com/timex#di http://ex.org/variable#109	1
http://ex.org/variable#87 http://www.ibm.com/timex#oi_d_f http://ex.org/variable#110	1
http://ex.org/variable#87 http://www.ibm.com/timex#oi http://ex.org/variable#111	1
http://ex.org/variable#87 http://www.ibm.com/timex#oi http://ex.org/variable#112	1
http://ex.org/variable#87 http://www.ibm.com/timex#di http://ex.org/variable#113	1
http://ex.org/variable#87 http://www.ibm.com/timex#oi http://ex.org/variable#114	1
http://ex.org/variable#87 http://www.ibm.com/timex#di http://ex.org/variable#115	1
http://ex.org/variable#87 http://www.ibm.com/timex#di http://ex.org/variable#116	1
http://ex.org/variable#87 http://www.ibm.com/timex#oi http://ex.org/variable#117	1
http://ex.org/variable#87 http://www.ibm.com/timex#oi http://ex.org/variable#118	1
http://ex.org/variable#87 http://www.ibm.com/timex#oi http://ex.org/variable#119	1
http://ex.org/variable#87 http://www.ibm.com/timex#oi http://ex.org/variable#120	1
http://ex.org/variable#87 http://www.ibm.com/timex#di http://ex.org/variable#121	1
http://ex.org/variable#87 http://www.ibm.com/timex#oi http://ex.org/variable#122	1
http://ex.org/variable#87 http://www.ibm.com/timex#d http://ex.org/variable#123	1
http://ex.org/variable#87 http://www.ibm.com/timex#oi http://ex.org/variable#124	1
http://ex.org/variable#87 http://www.ibm.com/timex#oi http://ex.org/variable#125	1
http://ex.org/variable#87 http://www.ibm.com/timex#oi_si http://ex.org/variable#126	1
http://ex.org/variable#87 http://www.ibm.com/timex#di http://ex.org/variable#127	1
http://ex.org/variable#87 http://www.ibm.com/timex#d http://ex.org/variable#128	1
http://ex.org/variable#87 http://www.ibm.com/timex#oi http://ex.org/variable#129	1
http://ex.org/variable#87 http://www.ibm.com/timex#oi http://ex.org/variable#130	1
http://ex.org/variable#87 http://www.ibm.com/timex#o http://ex.org/variable#131	1
http://ex.org/variable#87 http://www.ibm.com/timex#oi http://ex.org/variable#132	1
http://ex.org/variable#87 http://www.ibm.com/timex#d http://ex.org/variable#133	1
http://ex.org/variable#87 http://www.ibm.com/timex#oi http://ex.org/variable#134	1
http://ex.org/variable#87 http://www.ibm.com/timex#d http://ex.org/variable#135	1
http://ex.org/variable#87 http://www.ibm.com/timex#d http://ex.org/variable#136	1
http://ex.org/variable#87 http://www.ibm.com/timex#oi http://ex.org/variable#137	1
http://ex.org/variable#87 http://www.ibm.com/timex#o_di_fi http://ex.org/variable#138	1
http://ex.org/variable#87 http://www.ibm.com/timex#oi http://ex.org/variable#139	1
http://ex.org/variable#87 http://www.ibm.com/timex#oi http://ex.org/variable#140	1
http://ex.org/variable#87 http://www.ibm.com/timex#d http://ex.org/variable#141	1
http://ex.org/variable#87 http://www.ibm.com/timex#oi http://ex.org/variable#142	1
http://ex.org/variable#87 http://www.ibm.com/timex#d http://ex.org/variable#143	1
http://ex.org/variable#87 http://www.ibm.com/timex#d http://ex.org/variable#144	1
http://ex.org/variable#87 http://www.ibm.com/timex#di http://ex.org/variable#145	1
http://ex.org/variable#87 http://www.ibm.com/timex#d http://ex.org/variable#146	1
http://ex.org/variable#87 http://www.ibm.com/timex#oi http://ex.org/variable#147	1
http://ex.org/variable#87 http://www.ibm.com/timex#oi http://ex.org/variable#148	1
http://ex.org/variable#87 http://www.ibm.com/timex#bi http://ex.org/variable#149	1
http://ex.org/variable#87 http://www.ibm.com/timex#o http://ex.org/variable#150	1
http://ex.org/variable#87 http://www.ibm.com/timex#d http://ex.org/variable#151	1
http://ex.org/variable#87 http://www.ibm.com/timex#bi http://ex.org/variable#152	1
http://ex.org/variable#87 http://www.ibm.com/timex#d http://ex.org/variable#153	1
http://ex.org/variable#87 http://www.ibm.com/timex#oi http://ex.org/variable#154	1
http://ex.org/variable#87 http://www.ibm.com/timex#oi http://ex.org/variable#155	1
http://ex.org/variable#87 http://www.ibm.com/timex#oi http://ex.org/variable#156	1
http://ex.org/variable#87 http://www.ibm.com/timex#bi http://ex.org/variable#157	1
http://ex.org/variable#87 http://www.ibm.com/timex#oi http://ex.org/variable#158	1
http://ex.org/variable#87 http://www.ibm.com/timex#d http://ex.org/variable#159	1
http://ex.org/variable#87 http://www.ibm.com/timex#oi http://ex.org/variable#160	1
http://ex.org/variable#87 http://www.ibm.com/timex#oi http://ex.org/variable#161	1
http://ex.org/variable#87 http://www.ibm.com/timex#oi http://ex.org/variable#162	1
http://ex.org/variable#87 http://www.ibm.com/timex#oi http://ex.org/variable#163	1
http://ex.org/variable#87 http://www.ibm.com/timex#oi http://ex.org/variable#164	1
http://ex.org/variable#87 http://www.ibm.com/timex#oi http://ex.org/variable#165	1
http://ex.org/variable#87 http://www.ibm.com/timex#oi http://ex.org/variable#166	1
http://ex.org/variable#87 http://www.ibm.com/timex#oi http://ex.org/variable#167	1
http://ex.org/variable#87 http://www.ibm.com/timex#oi http://ex.org/variable#168	1
http://ex.org/variable#87 http://www.ibm.com/timex#oi http://ex.org/variable#169	1
http://ex.org/variable#87 http://www.ibm.com/timex#o_di http://ex.org/variable#170	1
http://ex.org/variable#87 http://www.ibm.com/timex#oi http://ex.org/variable#171	1
http://ex.org/variable#87 http://www.ibm.com/timex#bi http://ex.org/variable#172	1
http://ex.org/variable#87 http://www.ibm.com/timex#di http://ex.org/variable#173	1
http://ex.org/variable#87 http://www.ibm.com/timex#di http://ex.org/variable#174	1
http://ex.org/variable#87 http://www.ibm.com/timex#oi http://ex.org/variable#175	1
http://ex.org/variable#87 http://www.ibm.com/timex#d http://ex.org/variable#176	1
http://ex.org/variable#87 http://www.ibm.com/timex#oi http://ex.org/variable#177	1
http://ex.org/variable#87 http://www.ibm.com/timex#d http://ex.org/variable#178	1
http://ex.org/variable#87 http://www.ibm.com/timex#oi http://ex.org/variable#179	1
http://ex.org/variable#87 http://www.ibm.com/timex#bi http://ex.org/variable#180	1
http://ex.org/variable#87 http://www.ibm.com/timex#bi http://ex.org/variable#181	1
http://ex.org/variable#87 http://www.ibm.com/timex#oi http://ex.org/variable#182	1
http://ex.org/variable#87 http://www.ibm.com/timex#di http://ex.org/variable#183	1
http://ex.org/variable#87 http://www.ibm.com/timex#oi http://ex.org/variable#184	1
http://ex.org/variable#87 http://www.ibm.com/timex#oi http://ex.org/variable#185	1
http://ex.org/variable#87 http://www.ibm.com/timex#oi http://ex.org/variable#186	1
http://ex.org/variable#87 http://www.ibm.com/timex#oi http://ex.org/variable#187	1
http://ex.org/variable#87 http://www.ibm.com/timex#oi_si http://ex.org/variable#188	1
http://ex.org/variable#87 http://www.ibm.com/timex#oi http://ex.org/variable#189	1
http://ex.org/variable#88 http://www.ibm.com/timex#d http://ex.org/variable#0	1
http://ex.org/variable#88 http://www.ibm.com/timex#d http://ex.org/variable#1	1
http://ex.org/variable#88 http://www.ibm.com/timex#d http://ex.org/variable#2	1
http://ex.org/variable#88 http://www.ibm.com/timex#bi http://ex.org/variable#3	1
http://ex.org/variable#88 http://www.ibm.com/timex#d http://ex.org/variable#4	1
http://ex.org/variable#88 http://www.ibm.com/timex#bi http://ex.org/variable#5	1
http://ex.org/variable#88 http://www.ibm.com/timex#bi http://ex.org/variable#6	1
http://ex.org/variable#88 http://www.ibm.com/timex#d http://ex.org/variable#7	1
http://ex.org/variable#88 http://www.ibm.com/timex#bi http://ex.org/variable#8	1
http://ex.org/variable#88 http://www.ibm.com/timex#d http://ex.org/variable#9	1
http://ex.org/variable#88 http://www.ibm.com/timex#oi_d_f http://ex.org/variable#10	1
http://ex.org/variable#88 http://www.ibm.com/timex#d http://ex.org/variable#11	1
http://ex.org/variable#88 http://www.ibm.com/timex#d http://ex.org/variable#12	1
http://ex.org/variable#88 http://www.ibm.com/timex#bi http://ex.org/variable#13	1
http://ex.org/variable#88 http://www.ibm.com/timex#bi http://ex.org/variable#14	1
http://ex.org/variable#88 http://www.ibm.com/timex#bi http://ex.org/variable#15	1
http://ex.org/variable#88 http://www.ibm.com/timex#bi http://ex.org/variable#16	1
http://ex.org/variable#88 http://www.ibm.com/timex#bi http://ex.org/variable#17	1
http://ex.org/variable#88 http://www.ibm.com/timex#bi http://ex.org/variable#18	1
http://ex.org/variable#88 http://www.ibm.com/timex#bi http://ex.org/variable#19	1
http://ex.org/variable#88 http://www.ibm.com/timex#d http://ex.org/variable#20	1
http://ex.org/variable#88 http://www.ibm.com/timex#d http://ex.org/variable#21	1
http://ex.org/variable#88 http://www.ibm.com/timex#d http://ex.org/variable#22	1
http://ex.org/variable#88 http://www.ibm.com/timex#bi http://ex.org/variable#23	1
http://ex.org/variable#88 http://www.ibm.com/timex#d http://ex.org/variable#24	1
http://ex.org/variable#88 http://www.ibm.com/timex#bi http://ex.org/variable#25	1
http://ex.org/variable#88 http://www.ibm.com/timex#bi http://ex.org/variable#26	1
http://ex.org/variable#88 http://www.ibm.com/timex#bi http://ex.org/variable#27	1
http://ex.org/variable#88 http://www.ibm.com/timex#oi_f http://ex.org/variable#28	1
http://ex.org/variable#88 http://www.ibm.com/timex#d http://ex.org/variable#29	1
http://ex.org/variable#88 http://www.ibm.com/timex#bi http://ex.org/variable#30	1
http://ex.org/variable#88 http://www.ibm.com/timex#bi http://ex.org/variable#31	1
http://ex.org/variable#88 http://www.ibm.com/timex#bi http://ex.org/variable#32	1
http://ex.org/variable#88 http://www.ibm.com/timex#d http://ex.org/variable#33	1
http://ex.org/variable#88 http://www.ibm.com/timex#bi http://ex.org/variable#34	1
http://ex.org/variable#88 http://www.ibm.com/timex#bi http://ex.org/variable#35	1
http://ex.org/variable#88 http://www.ibm.com/timex#bi http://ex.org/variable#36	1
http://ex.org/variable#88 http://www.ibm.com/timex#bi http://ex.org/variable#37	1
http://ex.org/variable#88 http://www.ibm.com/timex#bi http://ex.org/variable#38	1
http://ex.org/variable#88 http://www.ibm.com/timex#bi http://ex.org/variable#39	1
http://ex.org/variable#88 http://www.ibm.com/timex#bi http://ex.org/variable#40	1
http://ex.org/variable#88 http://www.ibm.com/timex#d http://ex.org/variable#41	1
http://ex.org/variable#88 http://www.ibm.com/timex#d http://ex.org/variable#42	1
http://ex.org/variable#88 http://www.ibm.com/timex#bi http://ex.org/variable#43	1
http://ex.org/variable#88 http://www.ibm.com/timex#bi http://ex.org/variable#44	1
http://ex.org/variable#88 http://www.ibm.com/timex#d http://ex.org/variable#45	1
http://ex.org/variable#88 http://www.ibm.com/timex#bi http://ex.org/variable#46	1
http://ex.org/variable#88 http://www.ibm.com/timex#bi http://ex.org/variable#47	1
http://ex.org/variable#88 http://www.ibm.com/timex#bi http://ex.org/variable#48	1
http://ex.org/variable#88 http://www.ibm.com/timex#bi http://ex.org/variable#49	1
http://ex.org/variable#88 http://www.ibm.com/timex#d http://ex.org/variable#50	1
http://ex.org/variable#88 http://www.ibm.com/timex#bi http://ex.org/variable#51	1
http://ex.org/variable#88 http://www.ibm.com/timex#bi http://ex.org/variable#52	1
http://ex.org/variable#88 http://www.ibm.com/timex#oi http://ex.org/variable#53	1
http://ex.org/variable#88 http://www.ibm.com/timex#bi http://ex.org/variable#54	1
http://ex.org/variable#88 http://www.ibm.com/timex#bi http://ex.org/variable#55	1
http://ex.org/variable#88 http://www.ibm.com/timex#bi http://ex.org/variable#56	1
http://ex.org/variable#88 http://www.ibm.com/timex#bi http://ex.org/variable#57	1
http://ex.org/variable#88 http://www.ibm.com/timex#bi http://ex.org/variable#58	1
http://ex.org/variable#88 http://www.ibm.com/timex#d http://ex.org/variable#59	1
http://ex.org/variable#88 http://www.ibm.com/timex#d http://ex.org/variable#60	1
http://ex.org/variable#88 http://www.ibm.com/timex#d http://ex.org/variable#61	1
http://ex.org/variable#88 http://www.ibm.com/timex#d http://ex.org/variable#62	1
http://ex.org/variable#88 http://www.ibm.com/timex#bi http://ex.org/variable#63	1
http://ex.org/variable#88 http://www.ibm.com/timex#d http://ex.org/variable#64	1
http://ex.org/variable#88 http://www.ibm.com/timex#bi http://ex.org/variable#65	1
http://ex.org/variable#88 http://www.ibm.com/timex#bi http://ex.org/variable#66	1
http://ex.org/variable#88 http://www.ibm.com/timex#d http://ex.org/variable#67	1
http://ex.org/variable#88 http://www.ibm.com/timex#d http://ex.org/variable#68	1
http://ex.org/variable#88 http://www.ibm.com/timex#bi http://ex.org/variable#69	1
http://ex.org/variable#88 http://www.ibm.com/timex#d http://ex.org/variable#70	1
http://ex.org/variable#88 http://www.ibm.com/timex#bi http://ex.org/variable#71	1
http://ex.org/variable#88 http://www.ibm.com/timex#bi http://ex.org/variable#72	1
http://ex.org/variable#88 http://www.ibm.com/timex#bi http://ex.org/variable#73	1
http://ex.org/variable#88 http://www.ibm.com/timex#d http://ex.org/variable#74	1
http://ex.org/variable#88 http://www.ibm.com/timex#bi http://ex.org/variable#75	1
http://ex.org/variable#88 http://www.ibm.com/timex#mi_oi http://ex.org/variable#76	1
http://ex.org/variable#88 http://www.ibm.com/timex#d http://ex.org/variable#77	1
http://ex.org/variable#88 http://www.ibm.com/timex#bi http://ex.org/variable#78	1
http://ex.org/variable#88 http://www.ibm.com/timex#bi http://ex.org/variable#79	1
http://ex.org/variable#88 http://www.ibm.com/timex#d http://ex.org/variable#80	1
http://ex.org/variable#88 http://www.ibm.com/timex#bi http://ex.org/variable#81	1
http://ex.org/variable#88 http://www.ibm.com/timex#bi http://ex.org/variable#82	1
http://ex.org/variable#88 http://www.ibm.com/timex#d http://ex.org/variable#83	1
http://ex.org/variable#88 http://www.ibm.com/timex#bi http://ex.org/variable#84	1
http://ex.org/variable#88 http://www.ibm.com/timex#bi http://ex.org/variable#85	1
http://ex.org/variable#88 http://www.ibm.com/timex#d http://ex.org/variable#86	1
http://ex.org/variable#88 http://www.ibm.com/timex#d http://ex.org/variable#87	1
http://ex.org/variable#88 http://www.ibm.com/timex#d http://ex.org/variable#89	1
http://ex.org/variable#88 http://www.ibm.com/timex#bi http://ex.org/variable#90	1
http://ex.org/variable#88 http://www.ibm.com/timex#d http://ex.org/variable#91	1
http://ex.org/variable#88 http://www.ibm.com/timex#d http://ex.org/variable#92	1
http://ex.org/variable#88 http://www.ibm.com/timex#mi_oi http://ex.org/variable#93	1
http://ex.org/variable#88 http://www.ibm.com/timex#bi http://ex.org/variable#94	1
http://ex.org/variable#88 http://www.ibm.com/timex#bi http://ex.org/variable#95	1
http://ex.org/variable#88 http://www.ibm.com/timex#bi http://ex.org/variable#96	1
http://ex.org/variable#88 http://www.ibm.com/timex#d http://ex.org/variable#97	1
http://ex.org/variable#88 http://www.ibm.com/timex#d http://ex.org/variable#98	1
http://ex.org/variable#88 http://www.ibm.com/timex#mi http://ex.org/variable#99	1
http://ex.org/variable#88 http://www.ibm.com/timex#bi http://ex.org/variable#100	1
http://ex.org/variable#88 http://www.ibm.com/timex#d http://ex.org/variable#101	1
http://ex.org/variable#88 http://www.ibm.com/timex#bi http://ex.org/variable#102	1
http://ex.org/variable#88 http://www.ibm.com/timex#bi http://ex.org/variable#103	1
http://ex.org/variable#88 http://www.ibm.com/timex#b http://ex.org/variable#104	1
http://ex.org/variable#88 http://www.ibm.com/timex#d http://ex.org/variable#105	1
http://ex.org/variable#88 http://www.ibm.com/timex#d http://ex.org/variable#106	1
http://ex.org/variable#88 http://www.ibm.com/timex#bi http://ex.org/variable#107	1
http://ex.org/variable#88 http://www.ibm.com/timex#bi http://ex.org/variable#108	1
http://ex.org/variable#88 http://www.ibm.com/timex#bi http://ex.org/variable#109	1
http://ex.org/variable#88 http://www.ibm.com/timex#d http://ex.org/variable#110	1
http://ex.org/variable#88 http://www.ibm.com/timex#bi http://ex.org/variable#111	1
http://ex.org/variable#88 http://www.ibm.com/timex#bi http://ex.org/variable#112	1
http://ex.org/variable#88 http://www.ibm.com/timex#bi http://ex.org/variable#113	1
http://ex.org/variable#88 http://www.ibm.com/timex#bi http://ex.org/variable#114	1
http://ex.org/variable#88 http://www.ibm.com/timex#o http://ex.org/variable#115	1
http://ex.org/variable#88 http://www.ibm.com/timex#bi http://ex.org/variable#116	1
http://ex.org/variable#88 http://www.ibm.com/timex#bi http://ex.org/variable#117	1
http://ex.org/variable#88 http://www.ibm.com/timex#bi http://ex.org/variable#118	1
http://ex.org/variable#88 http://www.ibm.com/timex#d http://ex.org/variable#119	1
http://ex.org/variable#88 http://www.ibm.com/timex#bi http://ex.org/variable#120	1
http://ex.org/variable#88 http://www.ibm.com/timex#o http://ex.org/variable#121	1
http://ex.org/variable#88 http://www.ibm.com/timex#bi http://ex.org/variable#122	1
http://ex.org/variable#88 http://www.ibm.com/timex#d http://ex.org/variable#123	1
http://ex.org/variable#88 http://www.ibm.com/timex#bi http://ex.org/variable#124	1
http://ex.org/variable#88 http://www.ibm.com/timex#bi http://ex.org/variable#125	1
http://ex.org/variable#88 http://www.ibm.com/timex#bi http://ex.org/variable#126	1
http://ex.org/variable#88 http://www.ibm.com/timex#oi_f http://ex.org/variable#127	1
http://ex.org/variable#88 http://www.ibm.com/timex#d http://ex.org/variable#128	1
http://ex.org/variable#88 http://www.ibm.com/timex#bi http://ex.org/variable#129	1
http://ex.org/variable#88 http://www.ibm.com/timex#bi http://ex.org/variable#130	1
http://ex.org/variable#88 http://www.ibm.com/timex#d http://ex.org/variable#131	1
http://ex.org/variable#88 http://www.ibm.com/timex#d http://ex.org/variable#132	1
http://ex.org/variable#88 http://www.ibm.com/timex#d http://ex.org/variable#133	1
http://ex.org/variable#88 http://www.ibm.com/timex#bi http://ex.org/variable#134	1
http://ex.org/variable#88 http://www.ibm.com/timex#d http://ex.org/variable#135	1
http://ex.org/variable#88 http://www.ibm.com/timex#d http://ex.org/variable#136	1
http://ex.org/variable#88 http://www.ibm.com/timex#bi http://ex.org/variable#137	1
http://ex.org/variable#88 http://www.ibm.com/timex#d http://ex.org/variable#138	1
http://ex.org/variable#88 http://www.ibm.com/timex#bi http://ex.org/variable#139	1
http://ex.org/variable#88 http://www.ibm.com/timex#bi http://ex.org/variable#140	1
http://ex.org/variable#88 http://www.ibm.com/timex#d http://ex.org/variable#141	1
http://ex.org/variable#88 http://www.ibm.com/timex#bi http://ex.org/variable#142	1
http://ex.org/variable#88 http://www.ibm.com/timex#d http://ex.org/variable#143	1
http://ex.org/variable#88 http://www.ibm.com/timex#d http://ex.org/variable#144	1
http://ex.org/variable#88 http://www.ibm.com/timex#d http://ex.org/variable#145	1
http://ex.org/variable#88 http://www.ibm.com/timex#d http://ex.org/variable#146	1
http://ex.org/variable#88 http://www.ibm.com/timex#bi http://ex.org/variable#147	1
http://ex.org/variable#88 http://www.ibm.com/timex#bi http://ex.org/variable#148	1
http://ex.org/variable#88 http://www.ibm.com/timex#bi http://ex.org/variable#149	1
http://ex.org/variable#88 http://www.ibm.com/timex#d http://ex.org/variable#150	1
http://ex.org/variable#88 http://www.ibm.com/timex#d http://ex.org/variable#151	1
http://ex.org/variable#88 http://www.ibm.com/timex#bi http://ex.org/variable#152	1
http://ex.org/variable#88 http://www.ibm.com/timex#d http://ex.org/variable#153	1
http://ex.org/variable#88 http://www.ibm.com/timex#bi http://ex.org/variable#154	1
http://ex.org/variable#88 http://www.ibm.com/timex#bi http://ex.org/variable#155	1
http://ex.org/variable#88 http://www.ibm.com/timex#bi http://ex.org/variable#156	1
http://ex.org/variable#88 http://www.ibm.com/timex#bi http://ex.org/variable#157	1
http://ex.org/variable#88 http://www.ibm.com/timex#bi http://ex.org/variable#158	1
http://ex.org/variable#88 http://www.ibm.com/timex#d http://ex.org/variable#159	1
http://ex.org/variable#88 http://www.ibm.com/timex#oi_d_f http://ex.org/variable#160	1
http://ex.org/variable#88 http://www.ibm.com/timex#bi http://ex.org/variable#161	1
http://ex.org/variable#88 http://www.ibm.com/timex#bi http://ex.org/variable#162	1
http://ex.org/variable#88 http://www.ibm.com/timex#d http://ex.org/variable#163	1
http://ex.org/variable#88 http://www.ibm.com/timex#d http://ex.org/variable#164	1
http://ex.org/variable#88 http://www.ibm.com/timex#bi http://ex.org/variable#165	1
http://ex.org/variable#88 http://www.ibm.com/timex#bi http://ex.org/variable#166	1
http://ex.org/variable#88 http://www.ibm.com/timex#bi http://ex.org/variable#167	1
http://ex.org/variable#88 http://www.ibm.com/timex#d http://ex.org/variable#168	1
http://ex.org/variable#88 http://www.ibm.com/timex#d http://ex.org/variable#169	1
http://ex.org/variable#88 http://www.ibm.com/timex#d http://ex.org/variable#170	1
http://ex.org/variable#88 http://www.ibm.com/timex#bi http://ex.org/variable#171	1
http://ex.org/variable#88 http://www.ibm.com/timex#bi http://ex.org/variable#172	1
http://ex.org/variable#88 http://www.ibm.com/timex#bi http://ex.org/variable#173	1
http://ex.org/variable#88 http://www.ibm.com/timex#bi http://ex.org/variable#174	1
http://ex.org/variable#88 http://www.ibm.com/timex#bi http://ex.org/variable#175	1
http://ex.org/variable#88 http://www.ibm.com/timex#d http://ex.org/variable#176	1
http://ex.org/variable#88 http://www.ibm.com/timex#bi http://ex.org/variable#177	1
http://ex.org/variable#88 http://www.ibm.com/timex#d http://ex.org/variable#178	1
http://ex.org/variable#88 http://www.ibm.com/timex#d http://ex.org/variable#179	1
http://ex.org/variable#88 http://www.ibm.com/timex#bi http://ex.org/variable#180	1
http://ex.org/variable#88 http://www.ibm.com/timex#bi http://ex.org/variable#181	1
http://ex.org/variable#88 http://www.ibm.com/timex#bi http://ex.org/variable#182	1
http://ex.org/variable#88 http://www.ibm.com/timex#d http://ex.org/variable#183	1
http://ex.org/variable#88 http://www.ibm.com/timex#bi http://ex.org/variable#184	1
http://ex.org/variable#88 http://www.ibm.com/timex#bi http://ex.org/variable#185	1
http://ex.org/variable#88 http://www.ibm.com/timex#d http://ex.org/variable#186	1
http://ex.org/variable#88 http://www.ibm.com/timex#bi http://ex.org/variable#187	1
http://ex.org/variable#88 http://www.ibm.com/timex#bi http://ex.org/variable#188	1
http://ex.org/variable#88 http://www.ibm.com/timex#bi http://ex.org/variable#189	1
http://ex.org/variable#89 http://www.ibm.com/timex#o_fi http://ex.org/variable#0	1
http://ex.org/variable#89 http://www.ibm.com/timex#o http://ex.org/variable#1	1
http://ex.org/variable#89 http://www.ibm.com/timex#oi http://ex.org/variable#2	1
http://ex.org/variable#89 http://www.ibm.com/timex#di http://ex.org/variable#3	1
http://ex.org/variable#89 http://www.ibm.com/timex#o http://ex.org/variable#4	1
http://ex.org/variable#89 http://www.ibm.com/timex#oi http://ex.org/variable#5	1
http://ex.org/variable#89 http://www.ibm.com/timex#di http://ex.org/variable#6	1
http://ex.org/variable#89 http://www.ibm.com/timex#o_di http://ex.org/variable#7	1
http://ex.org/variable#89 http://www.ibm.com/timex#bi http://ex.org/variable#8	1
http://ex.org/variable#89 http://www.ibm.com/timex#o http://ex.org/variable#9	1
http://ex.org/variable#89 http://www.ibm.com/timex#di http://ex.org/variable#10	1
http://ex.org/variable#89 http://www.ibm.com/timex#oi http://ex.org/variable#11	1
http://ex.org/variable#89 http://www.ibm.com/timex#d http://ex.org/variable#12	1
http://ex.org/variable#89 http://www.ibm.com/timex#oi http://ex.org/variable#13	1
http://ex.org/variable#89 http://www.ibm.com/timex#di http://ex.org/variable#14	1
http://ex.org/variable#89 http://www.ibm.com/timex#oi http://ex.org/variable#15	1
http://ex.org/variable#89 http://www.ibm.com/timex#oi http://ex.org/variable#16	1
http://ex.org/variable#89 http://www.ibm.com/timex#di http://ex.org/variable#17	1
http://ex.org/variable#89 http://www.ibm.com/timex#oi http://ex.org/variable#18	1
http://ex.org/variable#89 http://www.ibm.com/timex#oi http://ex.org/variable#19	1
http://ex.org/variable#89 http://www.ibm.com/timex#d http://ex.org/variable#20	1
http://ex.org/variable#89 http://www.ibm.com/timex#di http://ex.org/variable#21	1
http://ex.org/variable#89 http://www.ibm.com/timex#d http://ex.org/variable#22	1
http://ex.org/variable#89 http://www.ibm.com/timex#oi http://ex.org/variable#23	1
http://ex.org/variable#89 http://www.ibm.com/timex#oi_f http://ex.org/variable#24	1
http://ex.org/variable#89 http://www.ibm.com/timex#bi http://ex.org/variable#25	1
http://ex.org/variable#89 http://www.ibm.com/timex#di http://ex.org/variable#26	1
http://ex.org/variable#89 http://www.ibm.com/timex#oi http://ex.org/variable#27	1
http://ex.org/variable#89 http://www.ibm.com/timex#di http://ex.org/variable#28	1
http://ex.org/variable#89 http://www.ibm.com/timex#di http://ex.org/variable#29	1
http://ex.org/variable#89 http://www.ibm.com/timex#di http://ex.org/variable#30	1
http://ex.org/variable#89 http://www.ibm.com/timex#oi http://ex.org/variable#31	1
http://ex.org/variable#89 http://www.ibm.com/timex#oi http://ex.org/variable#32	1
http://ex.org/variable#89 http://www.ibm.com/timex#o http://ex.org/variable#33	1
http://ex.org/variable#89 http://www.ibm.com/timex#oi http://ex.org/variable#34	1
http://ex.org/variable#89 http://www.ibm.com/timex#di http://ex.org/variable#35	1
http://ex.org/variable#89 http://www.ibm.com/timex#oi http://ex.org/variable#36	1
http://ex.org/variable#89 http://www.ibm.com/timex#oi http://ex.org/variable#37	1
http://ex.org/variable#89 http://www.ibm.com/timex#oi http://ex.org/variable#38	1
http://ex.org/variable#89 http://www.ibm.com/timex#di http://ex.org/variable#39	1
http://ex.org/variable#89 http://www.ibm.com/timex#oi http://ex.org/variable#40	1
http://ex.org/variable#89 http://www.ibm.com/timex#oi http://ex.org/variable#41	1
http://ex.org/variable#89 http://www.ibm.com/timex#o http://ex.org/variable#42	1
http://ex.org/variable#89 http://www.ibm.com/timex#oi http://ex.org/variable#43	1
http://ex.org/variable#89 http://www.ibm.com/timex#oi http://ex.org/variable#44	1
http://ex.org/variable#89 http://www.ibm.com/timex#o http://ex.org/variable#45	1
http://ex.org/variable#89 http://www.ibm.com/timex#oi http://ex.org/variable#46	1
http://ex.org/variable#89 http://www.ibm.com/timex#oi http://ex.org/variable#47	1
http://ex.org/variable#89 http://www.ibm.com/timex#di http://ex.org/variable#48	1
http://ex.org/variable#89 http://www.ibm.com/timex#oi http://ex.org/variable#49	1
http://ex.org/variable#89 http://www.ibm.com/timex#o_fi http://ex.org/variable#50	1
http://ex.org/variable#89 http://www.ibm.com/timex#di http://ex.org/variable#51	1
http://ex.org/variable#89 http://www.ibm.com/timex#oi http://ex.org/variable#52	1
http://ex.org/variable#89 http://www.ibm.com/timex#oi http://ex.org/variable#53	1
http://ex.org/variable#89 http://www.ibm.com/timex#oi http://ex.org/variable#54	1
http://ex.org/variable#89 http://www.ibm.com/timex#di http://ex.org/variable#55	1
http://ex.org/variable#89 http://www.ibm.com/timex#oi http://ex.org/variable#56	1
http://ex.org/variable#89 http://www.ibm.com/timex#oi http://ex.org/variable#57	1
http://ex.org/variable#89 http://www.ibm.com/timex#oi http://ex.org/variable#58	1
http://ex.org/variable#89 http://www.ibm.com/timex#d http://ex.org/variable#59	1
http://ex.org/variable#89 http://www.ibm.com/timex#oi_d_f http://ex.org/variable#60	1
http://ex.org/variable#89 http://www.ibm.com/timex#d http://ex.org/variable#61	1
http://ex.org/variable#89 http://www.ibm.com/timex#o http://ex.org/variable#62	1
http://ex.org/variable#89 http://www.ibm.com/timex#oi http://ex.org/variable#63	1
http://ex.org/variable#89 http://www.ibm.com/timex#oi http://ex.org/variable#64	1
http://ex.org/variable#89 http://www.ibm.com/timex#bi http://ex.org/variable#65	1
http://ex.org/variable#89 http://www.ibm.com/timex#oi http://ex.org/variable#66	1
http://ex.org/variable#89 http://www.ibm.com/timex#d http://ex.org/variable#67	1
http://ex.org/variable#89 http://www.ibm.com/timex#di http://ex.org/variable#68	1
http://ex.org/variable#89 http://www.ibm.com/timex#di http://ex.org/variable#69	1
http://ex.org/variable#89 http://www.ibm.com/timex#d http://ex.org/variable#70	1
http://ex.org/variable#89 http://www.ibm.com/timex#oi http://ex.org/variable#71	1
http://ex.org/variable#89 http://www.ibm.com/timex#di http://ex.org/variable#72	1
http://ex.org/variable#89 http://www.ibm.com/timex#oi http://ex.org/variable#73	1
http://ex.org/variable#89 http://www.ibm.com/timex#oi http://ex.org/variable#74	1
http://ex.org/variable#89 http://www.ibm.com/timex#oi http://ex.org/variable#75	1
http://ex.org/variable#89 http://www.ibm.com/timex#oi http://ex.org/variable#76	1
http://ex.org/variable#89 http://www.ibm.com/timex#d http://ex.org/variable#77	1
http://ex.org/variable#89 http://www.ibm.com/timex#di http://ex.org/variable#78	1
http://ex.org/variable#89 http://www.ibm.com/timex#oi http://ex.org/variable#79	1
http://ex.org/variable#89 http://www.ibm.com/timex#d http://ex.org/variable#80	1
http://ex.org/variable#89 http://www.ibm.com/timex#oi http://ex.org/variable#81	1
http://ex.org/variable#89 http://www.ibm.com/timex#oi http://ex.org/variable#82	1
http://ex.org/variable#89 http://www.ibm.com/timex#oi http://ex.org/variable#83	1
http://ex.org/variable#89 http://www.ibm.com/timex#di http://ex.org/variable#84	1
http://ex.org/variable#89 http://www.ibm.com/timex#di http://ex.org/variable#85	1
http://ex.org/variable#89 http://www.ibm.com/timex#d http://ex.org/variable#86	1
http://ex.org/variable#89 http://www.ibm.com/timex#di http://ex.org/variable#87	1
http://ex.org/variable#89 http://www.ibm.com/timex#di http://ex.org/variable#88	1
http://ex.org/variable#89 http://www.ibm.com/timex#di http://ex.org/variable#90	1
http://ex.org/variable#89 http://www.ibm.com/timex#d_f http://ex.org/variable#91	1
http://ex.org/variable#89 http://www.ibm.com/timex#o http://ex.org/variable#92	1
http://ex.org/variable#89 http://www.ibm.com/timex#oi http://ex.org/variable#93	1
http://ex.org/variable#89 http://www.ibm.com/timex#oi http://ex.org/variable#94	1
http://ex.org/variable#89 http://www.ibm.com/timex#di http://ex.org/variable#95	1
http://ex.org/variable#89 http://www.ibm.com/timex#bi http://ex.org/variable#96	1
http://ex.org/variable#89 http://www.ibm.com/timex#di http://ex.org/variable#97	1
http://ex.org/variable#89 http://www.ibm.com/timex#di http://ex.org/variable#98	1
http://ex.org/variable#89 http://www.ibm.com/timex#di http://ex.org/variable#99	1
http://ex.org/variable#89 http://www.ibm.com/timex#oi http://ex.org/variable#100	1
http://ex.org/variable#89 http://www.ibm.com/timex#di http://ex.org/variable#101	1
http://ex.org/variable#89 http://www.ibm.com/timex#di http://ex.org/variable#102	1
http://ex.org/variable#89 http://www.ibm.com/timex#oi http://ex.org/variable#103	1
http://ex.org/variable#89 http://www.ibm.com/timex#di http://ex.org/variable#104	1
http://ex.org/variable#89 http://www.ibm.com/timex#oi http://ex.org/variable#105	1
http://ex.org/variable#89 http://www.ibm.com/timex#oi_f http://ex.org/variable#106	1
http://ex.org/variable#89 http://www.ibm.com/timex#di http://ex.org/variable#107	1
http://ex.org/variable#89 http://www.ibm.com/timex#di http://ex.org/variable#108	1
http://ex.org/variable#89 http://www.ibm.com/timex#di http://ex.org/variable#109	1
http://ex.org/variable#89 http://www.ibm.com/timex#oi http://ex.org/variable#110	1
http://ex.org/variable#89 http://www.ibm.com/timex#oi http://ex.org/variable#111	1
http://ex.org/variable#89 http://www.ibm.com/timex#oi http://ex.org/variable#112	1
http://ex.org/variable#89 http://www.ibm.com/timex#di http://ex.org/variable#113	1
http://ex.org/variable#89 http://www.ibm.com/timex#oi http://ex.org/variable#114	1
http://ex.org/variable#89 http://www.ibm.com/timex#di http://ex.org/variable#115	1
http://ex.org/variable#89 http://www.ibm.com/timex#di http://ex.org/variable#116	1
http://ex.org/variable#89 http://www.ibm.com/timex#oi http://ex.org/variable#117	1
http://ex.org/variable#89 http://www.ibm.com/timex#oi http://ex.org/variable#118	1
http://ex.org/variable#89 http://www.ibm.com/timex#oi http://ex.org/variable#119	1
http://ex.org/variable#89 http://www.ibm.com/timex#oi http://ex.org/variable#120	1
http://ex.org/variable#89 http://www.ibm.com/timex#di http://ex.org/variable#121	1
http://ex.org/variable#89 http://www.ibm.com/timex#oi http://ex.org/variable#122	1
http://ex.org/variable#89 http://www.ibm.com/timex#o http://ex.org/variable#123	1
http://ex.org/variable#89 http://www.ibm.com/timex#oi http://ex.org/variable#124	1
http://ex.org/variable#89 http://www.ibm.com/timex#oi http://ex.org/variable#125	1
http://ex.org/variable#89 http://www.ibm.com/timex#di http://ex.org/variable#126	1
http://ex.org/variable#89 http://www.ibm.com/timex#di http://ex.org/variable#127	1
http://ex.org/variable#89 http://www.ibm.com/timex#o http://ex.org/variable#128	1
http://ex.org/variable#89 http://www.ibm.com/timex#oi http://ex.org/variable#129	1
http://ex.org/variable#89 http://www.ibm.com/timex#oi http://ex.org/variable#130	1
http://ex.org/variable#89 http://www.ibm.com/timex#o http://ex.org/variable#131	1
http://ex.org/variable#89 http://www.ibm.com/timex#oi http://ex.org/variable#132	1
http://ex.org/variable#89 http://www.ibm.com/timex#o http://ex.org/variable#133	1
http://ex.org/variable#89 http://www.ibm.com/timex#oi http://ex.org/variable#134	1
http://ex.org/variable#89 http://www.ibm.com/timex#d http://ex.org/variable#135	1
http://ex.org/variable#89 http://www.ibm.com/timex#d http://ex.org/variable#136	1
http://ex.org/variable#89 http://www.ibm.com/timex#di http://ex.org/variable#137	1
http://ex.org/variable#89 http://www.ibm.com/timex#di http://ex.org/variable#138	1
http://ex.org/variable#89 http://www.ibm.com/timex#oi_di_si http://ex.org/variable#139	1
http://ex.org/variable#89 http://www.ibm.com/timex#di http://ex.org/variable#140	1
http://ex.org/variable#89 http://www.ibm.com/timex#d_f http://ex.org/variable#141	1
http://ex.org/variable#89 http://www.ibm.com/timex#oi http://ex.org/variable#142	1
http://ex.org/variable#89 http://www.ibm.com/timex#oi http://ex.org/variable#143	1
http://ex.org/variable#89 http://www.ibm.com/timex#o_fi http://ex.org/variable#144	1
http://ex.org/variable#89 http://www.ibm.com/timex#di http://ex.org/variable#145	1
http://ex.org/variable#89 http://www.ibm.com/timex#o http://ex.org/variable#146	1
http://ex.org/variable#89 http://www.ibm.com/timex#oi http://ex.org/variable#147	1
http://ex.org/variable#89 http://www.ibm.com/timex#di http://ex.org/variable#148	1
http://ex.org/variable#89 http://www.ibm.com/timex#oi http://ex.org/variable#149	1
http://ex.org/variable#89 http://www.ibm.com/timex#o http://ex.org/variable#150	1
http://ex.org/variable#89 http://www.ibm.com/timex#o http://ex.org/variable#151	1
http://ex.org/variable#89 http://www.ibm.com/timex#bi http://ex.org/variable#152	1
http://ex.org/variable#89 http://www.ibm.com/timex#d http://ex.org/variable#153	1
http://ex.org/variable#89 http://www.ibm.com/timex#di http://ex.org/variable#154	1
http://ex.org/variable#89 http://www.ibm.com/timex#oi http://ex.org/variable#155	1
http://ex.org/variable#89 http://www.ibm.com/timex#oi http://ex.org/variable#156	1
http://ex.org/variable#89 http://www.ibm.com/timex#bi http://ex.org/variable#157	1
http://ex.org/variable#89 http://www.ibm.com/timex#oi http://ex.org/variable#158	1
http://ex.org/variable#89 http://www.ibm.com/timex#o http://ex.org/variable#159	1
http://ex.org/variable#89 http://www.ibm.com/timex#di http://ex.org/variable#160	1
http://ex.org/variable#89 http://www.ibm.com/timex#di http://ex.org/variable#161	1
http://ex.org/variable#89 http://www.ibm.com/timex#oi http://ex.org/variable#162	1
http://ex.org/variable#89 http://www.ibm.com/timex#di http://ex.org/variable#163	1
http://ex.org/variable#89 http://www.ibm.com/timex#di http://ex.org/variable#164	1
http://ex.org/variable#89 http://www.ibm.com/timex#di http://ex.org/variable#165	1
http://ex.org/variable#89 http://www.ibm.com/timex#oi http://ex.org/variable#166	1
http://ex.org/variable#89 http://www.ibm.com/timex#oi http://ex.org/variable#167	1
http://ex.org/variable#89 http://www.ibm.com/timex#di http://ex.org/variable#168	1
http://ex.org/variable#89 http://www.ibm.com/timex#oi http://ex.org/variable#169	1
http://ex.org/variable#89 http://www.ibm.com/timex#di http://ex.org/variable#170	1
http://ex.org/variable#89 http://www.ibm.com/timex#oi http://ex.org/variable#171	1
http://ex.org/variable#89 http://www.ibm.com/timex#bi http://ex.org/variable#172	1
http://ex.org/variable#89 http://www.ibm.com/timex#di http://ex.org/variable#173	1
http://ex.org/variable#89 http://www.ibm.com/timex#di http://ex.org/variable#174	1
http://ex.org/variable#89 http://www.ibm.com/timex#oi http://ex.org/variable#175	1
http://ex.org/variable#89 http://www.ibm.com/timex#o http://ex.org/variable#176	1
http://ex.org/variable#89 http://www.ibm.com/timex#oi_di_si http://ex.org/variable#177	1
http://ex.org/variable#89 http://www.ibm.com/timex#o http://ex.org/variable#178	1
http://ex.org/variable#89 http://www.ibm.com/timex#di http://ex.org/variable#179	1
http://ex.org/variable#89 http://www.ibm.com/timex#bi http://ex.org/variable#180	1
http://ex.org/variable#89 http://www.ibm.com/timex#oi http://ex.org/variable#181	1
http://ex.org/variable#89 http://www.ibm.com/timex#di http://ex.org/variable#182	1
http://ex.org/variable#89 http://www.ibm.com/timex#di http://ex.org/variable#183	1
http://ex.org/variable#89 http://www.ibm.com/timex#oi http://ex.org/variable#184	1
http://ex.org/variable#89 http://www.ibm.com/timex#di http://ex.org/variable#185	1
http://ex.org/variable#89 http://www.ibm.com/timex#di http://ex.org/variable#186	1
http://ex.org/variable#89 http://www.ibm.com/timex#oi http://ex.org/variable#187	1
http://ex.org/variable#89 http://www.ibm.com/timex#di http://ex.org/variable#188	1
http://ex.org/variable#89 http://www.ibm.com/timex#di http://ex.org/variable#189	1
http://ex.org/variable#90 http://www.ibm.com/timex#o_d_s http://ex.org/variable#0	1
http://ex.org/variable#90 http://www.ibm.com/timex#b_m_o http://ex.org/variable#1	1
http://ex.org/variable#90 http://www.ibm.com/timex#d http://ex.org/variable#2	1
http://ex.org/variable#90 http://www.ibm.com/timex#o_di_fi http://ex.org/variable#3	1
http://ex.org/variable#90 http://www.ibm.com/timex#o http://ex.org/variable#4	1
http://ex.org/variable#90 http://www.ibm.com/timex#oi http://ex.org/variable#5	1
http://ex.org/variable#90 http://www.ibm.com/timex#o http://ex.org/variable#6	1
http://ex.org/variable#90 http://www.ibm.com/timex#d http://ex.org/variable#7	1
http://ex.org/variable#90 http://www.ibm.com/timex#bi http://ex.org/variable#8	1
http://ex.org/variable#90 http://www.ibm.com/timex#o http://ex.org/variable#9	1
http://ex.org/variable#90 http://www.ibm.com/timex#o http://ex.org/variable#10	1
http://ex.org/variable#90 http://www.ibm.com/timex#d http://ex.org/variable#11	1
http://ex.org/variable#90 http://www.ibm.com/timex#d http://ex.org/variable#12	1
http://ex.org/variable#90 http://www.ibm.com/timex#oi http://ex.org/variable#13	1
http://ex.org/variable#90 http://www.ibm.com/timex#di http://ex.org/variable#14	1
http://ex.org/variable#90 http://www.ibm.com/timex#oi_f http://ex.org/variable#15	1
http://ex.org/variable#90 http://www.ibm.com/timex#oi http://ex.org/variable#16	1
http://ex.org/variable#90 http://www.ibm.com/timex#b_m_o_di_fi http://ex.org/variable#17	1
http://ex.org/variable#90 http://www.ibm.com/timex#d http://ex.org/variable#18	1
http://ex.org/variable#90 http://www.ibm.com/timex#oi http://ex.org/variable#19	1
http://ex.org/variable#90 http://www.ibm.com/timex#d http://ex.org/variable#20	1
http://ex.org/variable#90 http://www.ibm.com/timex#o http://ex.org/variable#21	1
http://ex.org/variable#90 http://www.ibm.com/timex#d http://ex.org/variable#22	1
http://ex.org/variable#90 http://www.ibm.com/timex#oi http://ex.org/variable#23	1
http://ex.org/variable#90 http://www.ibm.com/timex#d http://ex.org/variable#24	1
http://ex.org/variable#90 http://www.ibm.com/timex#bi http://ex.org/variable#25	1
http://ex.org/variable#90 http://www.ibm.com/timex#o http://ex.org/variable#26	1
http://ex.org/variable#90 http://www.ibm.com/timex#oi http://ex.org/variable#27	1
http://ex.org/variable#90 http://www.ibm.com/timex#o http://ex.org/variable#28	1
http://ex.org/variable#90 http://www.ibm.com/timex#o_d_s http://ex.org/variable#29	1
http://ex.org/variable#90 http://www.ibm.com/timex#di http://ex.org/variable#30	1
http://ex.org/variable#90 http://www.ibm.com/timex#oi http://ex.org/variable#31	1
http://ex.org/variable#90 http://www.ibm.com/timex#oi http://ex.org/variable#32	1
http://ex.org/variable#90 http://www.ibm.com/timex#o http://ex.org/variable#33	1
http://ex.org/variable#90 http://www.ibm.com/timex#d_f http://ex.org/variable#34	1
http://ex.org/variable#90 http://www.ibm.com/timex#di http://ex.org/variable#35	1
http://ex.org/variable#90 http://www.ibm.com/timex#oi http://ex.org/variable#36	1
http://ex.org/variable#90 http://www.ibm.com/timex#oi http://ex.org/variable#37	1
http://ex.org/variable#90 http://www.ibm.com/timex#oi_d http://ex.org/variable#38	1
http://ex.org/variable#90 http://www.ibm.com/timex#o_di_fi http://ex.org/variable#39	1
http://ex.org/variable#90 http://www.ibm.com/timex#oi http://ex.org/variable#40	1
http://ex.org/variable#90 http://www.ibm.com/timex#d http://ex.org/variable#41	1
http://ex.org/variable#90 http://www.ibm.com/timex#d http://ex.org/variable#42	1
http://ex.org/variable#90 http://www.ibm.com/timex#d_f http://ex.org/variable#43	1
http://ex.org/variable#90 http://www.ibm.com/timex#d http://ex.org/variable#44	1
http://ex.org/variable#90 http://www.ibm.com/timex#o http://ex.org/variable#45	1
http://ex.org/variable#90 http://www.ibm.com/timex#oi http://ex.org/variable#46	1
http://ex.org/variable#90 http://www.ibm.com/timex#oi_f http://ex.org/variable#47	1
http://ex.org/variable#90 http://www.ibm.com/timex#m_o_di_fi http://ex.org/variable#48	1
http://ex.org/variable#90 http://www.ibm.com/timex#oi http://ex.org/variable#49	1
http://ex.org/variable#90 http://www.ibm.com/timex#o http://ex.org/variable#50	1
http://ex.org/variable#90 http://www.ibm.com/timex#o http://ex.org/variable#51	1
http://ex.org/variable#90 http://www.ibm.com/timex#d http://ex.org/variable#52	1
http://ex.org/variable#90 http://www.ibm.com/timex#d http://ex.org/variable#53	1
http://ex.org/variable#90 http://www.ibm.com/timex#d http://ex.org/variable#54	1
http://ex.org/variable#90 http://www.ibm.com/timex#o_di_fi http://ex.org/variable#55	1
http://ex.org/variable#90 http://www.ibm.com/timex#oi http://ex.org/variable#56	1
http://ex.org/variable#90 http://www.ibm.com/timex#oi http://ex.org/variable#57	1
http://ex.org/variable#90 http://www.ibm.com/timex#oi_d_f http://ex.org/variable#58	1
http://ex.org/variable#90 http://www.ibm.com/timex#d http://ex.org/variable#59	1
http://ex.org/variable#90 http://www.ibm.com/timex#d http://ex.org/variable#60	1
http://ex.org/variable#90 http://www.ibm.com/timex#d http://ex.org/variable#61	1
http://ex.org/variable#90 http://www.ibm.com/timex#d http://ex.org/variable#62	1
http://ex.org/variable#90 http://www.ibm.com/timex#d http://ex.org/variable#63	1
http://ex.org/variable#90 http://www.ibm.com/timex#d http://ex.org/variable#64	1
http://ex.org/variable#90 http://www.ibm.com/timex#bi http://ex.org/variable#65	1
http://ex.org/variable#90 http://www.ibm.com/timex#oi http://ex.org/variable#66	1
http://ex.org/variable#90 http://www.ibm.com/timex#d http://ex.org/variable#67	1
http://ex.org/variable#90 http://www.ibm.com/timex#d http://ex.org/variable#68	1
http://ex.org/variable#90 http://www.ibm.com/timex#oi http://ex.org/variable#69	1
http://ex.org/variable#90 http://www.ibm.com/timex#d http://ex.org/variable#70	1
http://ex.org/variable#90 http://www.ibm.com/timex#oi http://ex.org/variable#71	1
http://ex.org/variable#90 http://www.ibm.com/timex#o http://ex.org/variable#72	1
http://ex.org/variable#90 http://www.ibm.com/timex#oi_d_f http://ex.org/variable#73	1
http://ex.org/variable#90 http://www.ibm.com/timex#d http://ex.org/variable#74	1
http://ex.org/variable#90 http://www.ibm.com/timex#oi_d_f http://ex.org/variable#75	1
http://ex.org/variable#90 http://www.ibm.com/timex#d http://ex.org/variable#76	1
http://ex.org/variable#90 http://www.ibm.com/timex#d http://ex.org/variable#77	1
http://ex.org/variable#90 http://www.ibm.com/timex#oi_f http://ex.org/variable#78	1
http://ex.org/variable#90 http://www.ibm.com/timex#oi http://ex.org/variable#79	1
http://ex.org/variable#90 http://www.ibm.com/timex#d http://ex.org/variable#80	1
http://ex.org/variable#90 http://www.ibm.com/timex#oi http://ex.org/variable#81	1
http://ex.org/variable#90 http://www.ibm.com/timex#oi http://ex.org/variable#82	1
http://ex.org/variable#90 http://www.ibm.com/timex#d http://ex.org/variable#83	1
http://ex.org/variable#90 http://www.ibm.com/timex#o http://ex.org/variable#84	1
http://ex.org/variable#90 http://www.ibm.com/timex#o http://ex.org/variable#85	1
http://ex.org/variable#90 http://www.ibm.com/timex#d http://ex.org/variable#86	1
http://ex.org/variable#90 http://www.ibm.com/timex#o http://ex.org/variable#87	1
http://ex.org/variable#90 http://www.ibm.com/timex#b http://ex.org/variable#88	1
http://ex.org/variable#90 http://www.ibm.com/timex#d http://ex.org/variable#89	1
http://ex.org/variable#90 http://www.ibm.com/timex#d http://ex.org/variable#91	1
http://ex.org/variable#90 http://www.ibm.com/timex#o http://ex.org/variable#92	1
http://ex.org/variable#90 http://www.ibm.com/timex#d http://ex.org/variable#93	1
http://ex.org/variable#90 http://www.ibm.com/timex#oi http://ex.org/variable#94	1
http://ex.org/variable#90 http://www.ibm.com/timex#di http://ex.org/variable#95	1
http://ex.org/variable#90 http://www.ibm.com/timex#bi http://ex.org/variable#96	1
http://ex.org/variable#90 http://www.ibm.com/timex#o_d_s http://ex.org/variable#97	1
http://ex.org/variable#90 http://www.ibm.com/timex#b_m_o http://ex.org/variable#98	1
http://ex.org/variable#90 http://www.ibm.com/timex#o http://ex.org/variable#99	1
http://ex.org/variable#90 http://www.ibm.com/timex#mi_oi http://ex.org/variable#100	1
http://ex.org/variable#90 http://www.ibm.com/timex#d http://ex.org/variable#101	1
http://ex.org/variable#90 http://www.ibm.com/timex#di http://ex.org/variable#102	1
http://ex.org/variable#90 http://www.ibm.com/timex#oi_d_f http://ex.org/variable#103	1
http://ex.org/variable#90 http://www.ibm.com/timex#b http://ex.org/variable#104	1
http://ex.org/variable#90 http://www.ibm.com/timex#d http://ex.org/variable#105	1
http://ex.org/variable#90 http://www.ibm.com/timex#d http://ex.org/variable#106	1
http://ex.org/variable#90 http://www.ibm.com/timex#d http://ex.org/variable#107	1
http://ex.org/variable#90 http://www.ibm.com/timex#di http://ex.org/variable#108	1
http://ex.org/variable#90 http://www.ibm.com/timex#di http://ex.org/variable#109	1
http://ex.org/variable#90 http://www.ibm.com/timex#d http://ex.org/variable#110	1
http://ex.org/variable#90 http://www.ibm.com/timex#oi http://ex.org/variable#111	1
http://ex.org/variable#90 http://www.ibm.com/timex#d_f http://ex.org/variable#112	1
http://ex.org/variable#90 http://www.ibm.com/timex#di http://ex.org/variable#113	1
http://ex.org/variable#90 http://www.ibm.com/timex#d http://ex.org/variable#114	1
http://ex.org/variable#90 http://www.ibm.com/timex#b http://ex.org/variable#115	1
http://ex.org/variable#90 http://www.ibm.com/timex#di http://ex.org/variable#116	1
http://ex.org/variable#90 http://www.ibm.com/timex#oi http://ex.org/variable#117	1
http://ex.org/variable#90 http://www.ibm.com/timex#oi http://ex.org/variable#118	1
http://ex.org/variable#90 http://www.ibm.com/timex#d http://ex.org/variable#119	1
http://ex.org/variable#90 http://www.ibm.com/timex#oi http://ex.org/variable#120	1
http://ex.org/variable#90 http://www.ibm.com/timex#b http://ex.org/variable#121	1
http://ex.org/variable#90 http://www.ibm.com/timex#d http://ex.org/variable#122	1
http://ex.org/variable#90 http://www.ibm.com/timex#o http://ex.org/variable#123	1
http://ex.org/variable#90 http://www.ibm.com/timex#oi http://ex.org/variable#124	1
http://ex.org/variable#90 http://www.ibm.com/timex#oi http://ex.org/variable#125	1
http://ex.org/variable#90 http://www.ibm.com/timex#o http://ex.org/variable#126	1
http://ex.org/variable#90 http://www.ibm.com/timex#o http://ex.org/variable#127	1
http://ex.org/variable#90 http://www.ibm.com/timex#o_s http://ex.org/variable#128	1
http://ex.org/variable#90 http://www.ibm.com/timex#oi http://ex.org/variable#129	1
http://ex.org/variable#90 http://www.ibm.com/timex#oi http://ex.org/variable#130	1
http://ex.org/variable#90 http://www.ibm.com/timex#b http://ex.org/variable#131	1
http://ex.org/variable#90 http://www.ibm.com/timex#d http://ex.org/variable#132	1
http://ex.org/variable#90 http://www.ibm.com/timex#o http://ex.org/variable#133	1
http://ex.org/variable#90 http://www.ibm.com/timex#oi http://ex.org/variable#134	1
http://ex.org/variable#90 http://www.ibm.com/timex#d http://ex.org/variable#135	1
http://ex.org/variable#90 http://www.ibm.com/timex#d http://ex.org/variable#136	1
http://ex.org/variable#90 http://www.ibm.com/timex#di http://ex.org/variable#137	1
http://ex.org/variable#90 http://www.ibm.com/timex#o http://ex.org/variable#138	1
http://ex.org/variable#90 http://www.ibm.com/timex#oi http://ex.org/variable#139	1
http://ex.org/variable#90 http://www.ibm.com/timex#oi http://ex.org/variable#140	1
http://ex.org/variable#90 http://www.ibm.com/timex#d http://ex.org/variable#141	1
http://ex.org/variable#90 http://www.ibm.com/timex#oi http://ex.org/variable#142	1
http://ex.org/variable#90 http://www.ibm.com/timex#d http://ex.org/variable#143	1
http://ex.org/variable#90 http://www.ibm.com/timex#d http://ex.org/variable#144	1
http://ex.org/variable#90 http://www.ibm.com/timex#o http://ex.org/variable#145	1
http://ex.org/variable#90 http://www.ibm.com/timex#o http://ex.org/variable#146	1
http://ex.org/variable#90 http://www.ibm.com/timex#oi_d_f http://ex.org/variable#147	1
http://ex.org/variable#90 http://www.ibm.com/timex#d http://ex.org/variable#148	1
http://ex.org/variable#90 http://www.ibm.com/timex#oi http://ex.org/variable#149	1
http://ex.org/variable#90 http://www.ibm.com/timex#o http://ex.org/variable#150	1
http://ex.org/variable#90 http://www.ibm.com/timex#d http://ex.org/variable#151	1
http://ex.org/variable#90 http://www.ibm.com/timex#bi http://ex.org/variable#152	1
http://ex.org/variable#90 http://www.ibm.com/timex#d http://ex.org/variable#153	1
http://ex.org/variable#90 http://www.ibm.com/timex#di http://ex.org/variable#154	1
http://ex.org/variable#90 http://www.ibm.com/timex#oi_d http://ex.org/variable#155	1
http://ex.org/variable#90 http://www.ibm.com/timex#d http://ex.org/variable#156	1
http://ex.org/variable#90 http://www.ibm.com/timex#bi http://ex.org/variable#157	1
http://ex.org/variable#90 http://www.ibm.com/timex#oi http://ex.org/variable#158	1
http://ex.org/variable#90 http://www.ibm.com/timex#o http://ex.org/variable#159	1
http://ex.org/variable#90 http://www.ibm.com/timex#d http://ex.org/variable#160	1
http://ex.org/variable#90 http://www.ibm.com/timex#di http://ex.org/variable#161	1
http://ex.org/variable#90 http://www.ibm.com/timex#oi http://ex.org/variable#162	1
http://ex.org/variable#90 http://www.ibm.com/timex#o http://ex.org/variable#163	1
http://ex.org/variable#90 http://www.ibm.com/timex#o_d_s http://ex.org/variable#164	1
http://ex.org/variable#90 http://www.ibm.com/timex#oi_si http://ex.org/variable#165	1
http://ex.org/variable#90 http://www.ibm.com/timex#oi http://ex.org/variable#166	1
http://ex.org/variable#90 http://www.ibm.com/timex#oi_f http://ex.org/variable#167	1
http://ex.org/variable#90 http://www.ibm.com/timex#o http://ex.org/variable#168	1
http://ex.org/variable#90 http://www.ibm.com/timex#d http://ex.org/variable#169	1
http://ex.org/variable#90 http://www.ibm.com/timex#o http://ex.org/variable#170	1
http://ex.org/variable#90 http://www.ibm.com/timex#oi http://ex.org/variable#171	1
http://ex.org/variable#90 http://www.ibm.com/timex#bi http://ex.org/variable#172	1
http://ex.org/variable#90 http://www.ibm.com/timex#b http://ex.org/variable#173	1
http://ex.org/variable#90 http://www.ibm.com/timex#o http://ex.org/variable#174	1
http://ex.org/variable#90 http://www.ibm.com/timex#oi_d http://ex.org/variable#175	1
http://ex.org/variable#90 http://www.ibm.com/timex#o http://ex.org/variable#176	1
http://ex.org/variable#90 http://www.ibm.com/timex#d http://ex.org/variable#177	1
http://ex.org/variable#90 http://www.ibm.com/timex#d http://ex.org/variable#178	1
http://ex.org/variable#90 http://www.ibm.com/timex#o http://ex.org/variable#179	1
http://ex.org/variable#90 http://www.ibm.com/timex#bi http://ex.org/variable#180	1
http://ex.org/variable#90 http://www.ibm.com/timex#mi_oi http://ex.org/variable#181	1
http://ex.org/variable#90 http://www.ibm.com/timex#di http://ex.org/variable#182	1
http://ex.org/variable#90 http://www.ibm.com/timex#o http://ex.org/variable#183	1
http://ex.org/variable#90 http://www.ibm.com/timex#oi http://ex.org/variable#184	1
http://ex.org/variable#90 http://www.ibm.com/timex#d http://ex.org/variable#185	1
http://ex.org/variable#90 http://www.ibm.com/timex#o http://ex.org/variable#186	1
http://ex.org/variable#90 http://www.ibm.com/timex#d http://ex.org/variable#187	1
http://ex.org/variable#90 http://www.ibm.com/timex#o_di_fi http://ex.org/variable#188	1
http://ex.org/variable#90 http://www.ibm.com/timex#di http://ex.org/variable#189	1
http://ex.org/variable#91 http://www.ibm.com/timex#di_fi http://ex.org/variable#0	1
http://ex.org/variable#91 http://www.ibm.com/timex#o http://ex.org/variable#1	1
http://ex.org/variable#91 http://www.ibm.com/timex#di http://ex.org/variable#2	1
http://ex.org/variable#91 http://www.ibm.com/timex#di http://ex.org/variable#3	1
http://ex.org/variable#91 http://www.ibm.com/timex#o http://ex.org/variable#4	1
http://ex.org/variable#91 http://www.ibm.com/timex#di http://ex.org/variable#5	1
http://ex.org/variable#91 http://www.ibm.com/timex#di http://ex.org/variable#6	1
http://ex.org/variable#91 http://www.ibm.com/timex#di http://ex.org/variable#7	1
http://ex.org/variable#91 http://www.ibm.com/timex#oi http://ex.org/variable#8	1
http://ex.org/variable#91 http://www.ibm.com/timex#o http://ex.org/variable#9	1
http://ex.org/variable#91 http://www.ibm.com/timex#di http://ex.org/variable#10	1
http://ex.org/variable#91 http://www.ibm.com/timex#oi http://ex.org/variable#11	1
http://ex.org/variable#91 http://www.ibm.com/timex#d http://ex.org/variable#12	1
http://ex.org/variable#91 http://www.ibm.com/timex#oi http://ex.org/variable#13	1
http://ex.org/variable#91 http://www.ibm.com/timex#di http://ex.org/variable#14	1
http://ex.org/variable#91 http://www.ibm.com/timex#oi http://ex.org/variable#15	1
http://ex.org/variable#91 http://www.ibm.com/timex#di http://ex.org/variable#16	1
http://ex.org/variable#91 http://www.ibm.com/timex#di http://ex.org/variable#17	1
http://ex.org/variable#91 http://www.ibm.com/timex#di http://ex.org/variable#18	1
http://ex.org/variable#91 http://www.ibm.com/timex#oi http://ex.org/variable#19	1
http://ex.org/variable#91 http://www.ibm.com/timex#d http://ex.org/variable#20	1
http://ex.org/variable#91 http://www.ibm.com/timex#di http://ex.org/variable#21	1
http://ex.org/variable#91 http://www.ibm.com/timex#o http://ex.org/variable#22	1
http://ex.org/variable#91 http://www.ibm.com/timex#di http://ex.org/variable#23	1
http://ex.org/variable#91 http://www.ibm.com/timex#oi http://ex.org/variable#24	1
http://ex.org/variable#91 http://www.ibm.com/timex#oi http://ex.org/variable#25	1
http://ex.org/variable#91 http://www.ibm.com/timex#di http://ex.org/variable#26	1
http://ex.org/variable#91 http://www.ibm.com/timex#oi http://ex.org/variable#27	1
http://ex.org/variable#91 http://www.ibm.com/timex#di http://ex.org/variable#28	1
http://ex.org/variable#91 http://www.ibm.com/timex#di http://ex.org/variable#29	1
http://ex.org/variable#91 http://www.ibm.com/timex#di http://ex.org/variable#30	1
http://ex.org/variable#91 http://www.ibm.com/timex#oi http://ex.org/variable#31	1
http://ex.org/variable#91 http://www.ibm.com/timex#oi http://ex.org/variable#32	1
http://ex.org/variable#91 http://www.ibm.com/timex#o http://ex.org/variable#33	1
http://ex.org/variable#91 http://www.ibm.com/timex#oi http://ex.org/variable#34	1
http://ex.org/variable#91 http://www.ibm.com/timex#di http://ex.org/variable#35	1
http://ex.org/variable#91 http://www.ibm.com/timex#oi http://ex.org/variable#36	1
http://ex.org/variable#91 http://www.ibm.com/timex#oi http://ex.org/variable#37	1
http://ex.org/variable#91 http://www.ibm.com/timex#oi http://ex.org/variable#38	1
http://ex.org/variable#91 http://www.ibm.com/timex#di http://ex.org/variable#39	1
http://ex.org/variable#91 http://www.ibm.com/timex#oi http://ex.org/variable#40	1
http://ex.org/variable#91 http://www.ibm.com/timex#si http://ex.org/variable#41	1
http://ex.org/variable#91 http://www.ibm.com/timex#o http://ex.org/variable#42	1
http://ex.org/variable#91 http://www.ibm.com/timex#oi http://ex.org/variable#43	1
http://ex.org/variable#91 http://www.ibm.com/timex#oi http://ex.org/variable#44	1
http://ex.org/variable#91 http://www.ibm.com/timex#o http://ex.org/variable#45	1
http://ex.org/variable#91 http://www.ibm.com/timex#oi http://ex.org/variable#46	1
http://ex.org/variable#91 http://www.ibm.com/timex#oi http://ex.org/variable#47	1
http://ex.org/variable#91 http://www.ibm.com/timex#di http://ex.org/variable#48	1
http://ex.org/variable#91 http://www.ibm.com/timex#oi http://ex.org/variable#49	1
http://ex.org/variable#91 http://www.ibm.com/timex#o_di_fi http://ex.org/variable#50	1
http://ex.org/variable#91 http://www.ibm.com/timex#di http://ex.org/variable#51	1
http://ex.org/variable#91 http://www.ibm.com/timex#oi http://ex.org/variable#52	1
http://ex.org/variable#91 http://www.ibm.com/timex#oi http://ex.org/variable#53	1
http://ex.org/variable#91 http://www.ibm.com/timex#di http://ex.org/variable#54	1
http://ex.org/variable#91 http://www.ibm.com/timex#di http://ex.org/variable#55	1
http://ex.org/variable#91 http://www.ibm.com/timex#di http://ex.org/variable#56	1
http://ex.org/variable#91 http://www.ibm.com/timex#oi http://ex.org/variable#57	1
http://ex.org/variable#91 http://www.ibm.com/timex#oi_si http://ex.org/variable#58	1
http://ex.org/variable#91 http://www.ibm.com/timex#d http://ex.org/variable#59	1
http://ex.org/variable#91 http://www.ibm.com/timex#oi_d_f http://ex.org/variable#60	1
http://ex.org/variable#91 http://www.ibm.com/timex#d http://ex.org/variable#61	1
http://ex.org/variable#91 http://www.ibm.com/timex#o http://ex.org/variable#62	1
http://ex.org/variable#91 http://www.ibm.com/timex#oi http://ex.org/variable#63	1
http://ex.org/variable#91 http://www.ibm.com/timex#oi http://ex.org/variable#64	1
http://ex.org/variable#91 http://www.ibm.com/timex#oi_di_si http://ex.org/variable#65	1
http://ex.org/variable#91 http://www.ibm.com/timex#oi http://ex.org/variable#66	1
http://ex.org/variable#91 http://www.ibm.com/timex#o http://ex.org/variable#67	1
http://ex.org/variable#91 http://www.ibm.com/timex#di http://ex.org/variable#68	1
http://ex.org/variable#91 http://www.ibm.com/timex#di http://ex.org/variable#69	1
http://ex.org/variable#91 http://www.ibm.com/timex#o http://ex.org/variable#70	1
http://ex.org/variable#91 http://www.ibm.com/timex#oi http://ex.org/variable#71	1
http://ex.org/variable#91 http://www.ibm.com/timex#di http://ex.org/variable#72	1
http://ex.org/variable#91 http://www.ibm.com/timex#di http://ex.org/variable#73	1
http://ex.org/variable#91 http://www.ibm.com/timex#di http://ex.org/variable#74	1
http://ex.org/variable#91 http://www.ibm.com/timex#oi http://ex.org/variable#75	1
http://ex.org/variable#91 http://www.ibm.com/timex#di http://ex.org/variable#76	1
http://ex.org/variable#91 http://www.ibm.com/timex#o http://ex.org/variable#77	1
http://ex.org/variable#91 http://www.ibm.com/timex#di http://ex.org/variable#78	1
http://ex.org/variable#91 http://www.ibm.com/timex#oi http://ex.org/variable#79	1
http://ex.org/variable#91 http://www.ibm.com/timex#d_f http://ex.org/variable#80	1
http://ex.org/variable#91 http://www.ibm.com/timex#oi http://ex.org/variable#81	1
http://ex.org/variable#91 http://www.ibm.com/timex#di http://ex.org/variable#82	1
http://ex.org/variable#91 http://www.ibm.com/timex#oi http://ex.org/variable#83	1
http://ex.org/variable#91 http://www.ibm.com/timex#di http://ex.org/variable#84	1
http://ex.org/variable#91 http://www.ibm.com/timex#di http://ex.org/variable#85	1
http://ex.org/variable#91 http://www.ibm.com/timex#d http://ex.org/variable#86	1
http://ex.org/variable#91 http://www.ibm.com/timex#di http://ex.org/variable#87	1
http://ex.org/variable#91 http://www.ibm.com/timex#di http://ex.org/variable#88	1
http://ex.org/variable#91 http://www.ibm.com/timex#di_fi http://ex.org/variable#89	1
http://ex.org/variable#91 http://www.ibm.com/timex#di http://ex.org/variable#90	1
http://ex.org/variable#91 http://www.ibm.com/timex#o http://ex.org/variable#92	1
http://ex.org/variable#91 http://www.ibm.com/timex#di http://ex.org/variable#93	1
http://ex.org/variable#91 http://www.ibm.com/timex#oi http://ex.org/variable#94	1
http://ex.org/variable#91 http://www.ibm.com/timex#di http://ex.org/variable#95	1
http://ex.org/variable#91 http://www.ibm.com/timex#di http://ex.org/variable#96	1
http://ex.org/variable#91 http://www.ibm.com/timex#di http://ex.org/variable#97	1
http://ex.org/variable#91 http://www.ibm.com/timex#di http://ex.org/variable#98	1
http://ex.org/variable#91 http://www.ibm.com/timex#di http://ex.org/variable#99	1
http://ex.org/variable#91 http://www.ibm.com/timex#oi http://ex.org/variable#100	1
http://ex.org/variable#91 http://www.ibm.com/timex#di http://ex.org/variable#101	1
http://ex.org/variable#91 http://www.ibm.com/timex#di http://ex.org/variable#102	1
http://ex.org/variable#91 http://www.ibm.com/timex#oi http://ex.org/variable#103	1
http://ex.org/variable#91 http://www.ibm.com/timex#di http://ex.org/variable#104	1
http://ex.org/variable#91 http://www.ibm.com/timex#di http://ex.org/variable#105	1
http://ex.org/variable#91 http://www.ibm.com/timex#oi http://ex.org/variable#106	1
http://ex.org/variable#91 http://www.ibm.com/timex#di http://ex.org/variable#107	1
http://ex.org/variable#91 http://www.ibm.com/timex#di http://ex.org/variable#108	1
http://ex.org/variable#91 http://www.ibm.com/timex#di http://ex.org/variable#109	1
http://ex.org/variable#91 http://www.ibm.com/timex#oi http://ex.org/variable#110	1
http://ex.org/variable#91 http://www.ibm.com/timex#di http://ex.org/variable#111	1
http://ex.org/variable#91 http://www.ibm.com/timex#oi http://ex.org/variable#112	1
http://ex.org/variable#91 http://www.ibm.com/timex#di http://ex.org/variable#113	1
http://ex.org/variable#91 http://www.ibm.com/timex#oi http://ex.org/variable#114	1
http://ex.org/variable#91 http://www.ibm.com/timex#di http://ex.org/variable#115	1
http://ex.org/variable#91 http://www.ibm.com/timex#di http://ex.org/variable#116	1
http://ex.org/variable#91 http://www.ibm.com/timex#oi http://ex.org/variable#117	1
http://ex.org/variable#91 http://www.ibm.com/timex#oi http://ex.org/variable#118	1
http://ex.org/variable#91 http://www.ibm.com/timex#oi http://ex.org/variable#119	1
http://ex.org/variable#91 http://www.ibm.com/timex#di http://ex.org/variable#120	1
http://ex.org/variable#91 http://www.ibm.com/timex#di http://ex.org/variable#121	1
http://ex.org/variable#91 http://www.ibm.com/timex#oi http://ex.org/variable#122	1
http://ex.org/variable#91 http://www.ibm.com/timex#o http://ex.org/variable#123	1
http://ex.org/variable#91 http://www.ibm.com/timex#oi http://ex.org/variable#124	1
http://ex.org/variable#91 http://www.ibm.com/timex#oi http://ex.org/variable#125	1
http://ex.org/variable#91 http://www.ibm.com/timex#di http://ex.org/variable#126	1
http://ex.org/variable#91 http://www.ibm.com/timex#di http://ex.org/variable#127	1
http://ex.org/variable#91 http://www.ibm.com/timex#o http://ex.org/variable#128	1
http://ex.org/variable#91 http://www.ibm.com/timex#oi http://ex.org/variable#129	1
http://ex.org/variable#91 http://www.ibm.com/timex#di http://ex.org/variable#130	1
http://ex.org/variable#91 http://www.ibm.com/timex#o http://ex.org/variable#131	1
http://ex.org/variable#91 http://www.ibm.com/timex#oi http://ex.org/variable#132	1
http://ex.org/variable#91 http://www.ibm.com/timex#o http://ex.org/variable#133	1
http://ex.org/variable#91 http://www.ibm.com/timex#oi http://ex.org/variable#134	1
http://ex.org/variable#91 http://www.ibm.com/timex#o http://ex.org/variable#135	1
http://ex.org/variable#91 http://www.ibm.com/timex#o http://ex.org/variable#136	1
http://ex.org/variable#91 http://www.ibm.com/timex#di http://ex.org/variable#137	1
http://ex.org/variable#91 http://www.ibm.com/timex#di http://ex.org/variable#138	1
http://ex.org/variable#91 http://www.ibm.com/timex#di http://ex.org/variable#139	1
http://ex.org/variable#91 http://www.ibm.com/timex#di http://ex.org/variable#140	1
http://ex.org/variable#91 http://www.ibm.com/timex#oi_d_f http://ex.org/variable#141	1
http://ex.org/variable#91 http://www.ibm.com/timex#oi http://ex.org/variable#142	1
http://ex.org/variable#91 http://www.ibm.com/timex#oi http://ex.org/variable#143	1
http://ex.org/variable#91 http://www.ibm.com/timex#di_fi http://ex.org/variable#144	1
http://ex.org/variable#91 http://www.ibm.com/timex#di http://ex.org/variable#145	1
http://ex.org/variable#91 http://www.ibm.com/timex#o http://ex.org/variable#146	1
http://ex.org/variable#91 http://www.ibm.com/timex#oi_di http://ex.org/variable#147	1
http://ex.org/variable#91 http://www.ibm.com/timex#di http://ex.org/variable#148	1
http://ex.org/variable#91 http://www.ibm.com/timex#oi http://ex.org/variable#149	1
http://ex.org/variable#91 http://www.ibm.com/timex#o http://ex.org/variable#150	1
http://ex.org/variable#91 http://www.ibm.com/timex#o http://ex.org/variable#151	1
http://ex.org/variable#91 http://www.ibm.com/timex#oi http://ex.org/variable#152	1
http://ex.org/variable#91 http://www.ibm.com/timex#o http://ex.org/variable#153	1
http://ex.org/variable#91 http://www.ibm.com/timex#di http://ex.org/variable#154	1
http://ex.org/variable#91 http://www.ibm.com/timex#oi http://ex.org/variable#155	1
http://ex.org/variable#91 http://www.ibm.com/timex#di http://ex.org/variable#156	1
http://ex.org/variable#91 http://www.ibm.com/timex#oi_di_si http://ex.org/variable#157	1
http://ex.org/variable#91 http://www.ibm.com/timex#oi http://ex.org/variable#158	1
http://ex.org/variable#91 http://www.ibm.com/timex#o http://ex.org/variable#159	1
http://ex.org/variable#91 http://www.ibm.com/timex#di http://ex.org/variable#160	1
http://ex.org/variable#91 http://www.ibm.com/timex#di http://ex.org/variable#161	1
http://ex.org/variable#91 http://www.ibm.com/timex#oi http://ex.org/variable#162	1
http://ex.org/variable#91 http://www.ibm.com/timex#di http://ex.org/variable#163	1
http://ex.org/variable#91 http://www.ibm.com/timex#di http://ex.org/variable#164	1
http://ex.org/variable#91 http://www.ibm.com/timex#di http://ex.org/variable#165	1
http://ex.org/variable#91 http://www.ibm.com/timex#oi http://ex.org/variable#166	1
http://ex.org/variable#91 http://www.ibm.com/timex#oi http://ex.org/variable#167	1
http://ex.org/variable#91 http://www.ibm.com/timex#di http://ex.org/variable#168	1
http://ex.org/variable#91 http://www.ibm.com/timex#oi http://ex.org/variable#169	1
http://ex.org/variable#91 http://www.ibm.com/timex#di http://ex.org/variable#170	1
http://ex.org/variable#91 http://www.ibm.com/timex#oi http://ex.org/variable#171	1
http://ex.org/variable#91 http://www.ibm.com/timex#oi http://ex.org/variable#172	1
http://ex.org/variable#91 http://www.ibm.com/timex#di http://ex.org/variable#173	1
http://ex.org/variable#91 http://www.ibm.com/timex#di http://ex.org/variable#174	1
http://ex.org/variable#91 http://www.ibm.com/timex#oi http://ex.org/variable#175	1
http://ex.org/variable#91 http://www.ibm.com/timex#o http://ex.org/variable#176	1
http://ex.org/variable#91 http://www.ibm.com/timex#di http://ex.org/variable#177	1
http://ex.org/variable#91 http://www.ibm.com/timex#o http://ex.org/variable#178	1
http://ex.org/variable#91 http://www.ibm.com/timex#di http://ex.org/variable#179	1
http://ex.org/variable#91 http://www.ibm.com/timex#di http://ex.org/variable#180	1
http://ex.org/variable#91 http://www.ibm.com/timex#oi http://ex.org/variable#181	1
http://ex.org/variable#91 http://www.ibm.com/timex#di http://ex.org/variable#182	1
http://ex.org/variable#91 http://www.ibm.com/timex#di http://ex.org/variable#183	1
http://ex.org/variable#91 http://www.ibm.com/timex#oi http://ex.org/variable#184	1
http://ex.org/variable#91 http://www.ibm.com/timex#di http://ex.org/variable#185	1
http://ex.org/variable#91 http://www.ibm.com/timex#di http://ex.org/variable#186	1
http://ex.org/variable#91 http://www.ibm.com/timex#oi http://ex.org/variable#187	1
http://ex.org/variable#91 http://www.ibm.com/timex#di http://ex.org/variable#188	1
http://ex.org/variable#91 http://www.ibm.com/timex#di http://ex.org/variable#189	1
http://ex.org/variable#92 http://www.ibm.com/timex#oi http://ex.org/variable#0	1
http://ex.org/variable#92 http://www.ibm.com/timex#di http://ex.org/variable#1	1
http://ex.org/variable#92 http://www.ibm.com/timex#oi http://ex.org/variable#2	1
http://ex.org/variable#92 http://www.ibm.com/timex#oi http://ex.org/variable#3	1
http://ex.org/variable#92 http://www.ibm.com/timex#oi http://ex.org/variable#4	1
http://ex.org/variable#92 http://www.ibm.com/timex#oi http://ex.org/variable#5	1
http://ex.org/variable#92 http://www.ibm.com/timex#di http://ex.org/variable#6	1
http://ex.org/variable#92 http://www.ibm.com/timex#oi http://ex.org/variable#7	1
http://ex.org/variable#92 http://www.ibm.com/timex#bi http://ex.org/variable#8	1
http://ex.org/variable#92 http://www.ibm.com/timex#o_di_fi http://ex.org/variable#9	1
http://ex.org/variable#92 http://www.ibm.com/timex#oi http://ex.org/variable#10	1
http://ex.org/variable#92 http://www.ibm.com/timex#oi http://ex.org/variable#11	1
http://ex.org/variable#92 http://www.ibm.com/timex#oi http://ex.org/variable#12	1
http://ex.org/variable#92 http://www.ibm.com/timex#oi http://ex.org/variable#13	1
http://ex.org/variable#92 http://www.ibm.com/timex#di http://ex.org/variable#14	1
http://ex.org/variable#92 http://www.ibm.com/timex#oi http://ex.org/variable#15	1
http://ex.org/variable#92 http://www.ibm.com/timex#oi http://ex.org/variable#16	1
http://ex.org/variable#92 http://www.ibm.com/timex#di http://ex.org/variable#17	1
http://ex.org/variable#92 http://www.ibm.com/timex#oi http://ex.org/variable#18	1
http://ex.org/variable#92 http://www.ibm.com/timex#bi http://ex.org/variable#19	1
http://ex.org/variable#92 http://www.ibm.com/timex#oi_d_f http://ex.org/variable#20	1
http://ex.org/variable#92 http://www.ibm.com/timex#di http://ex.org/variable#21	1
http://ex.org/variable#92 http://www.ibm.com/timex#oi http://ex.org/variable#22	1
http://ex.org/variable#92 http://www.ibm.com/timex#bi http://ex.org/variable#23	1
http://ex.org/variable#92 http://www.ibm.com/timex#oi http://ex.org/variable#24	1
http://ex.org/variable#92 http://www.ibm.com/timex#bi http://ex.org/variable#25	1
http://ex.org/variable#92 http://www.ibm.com/timex#di http://ex.org/variable#26	1
http://ex.org/variable#92 http://www.ibm.com/timex#bi http://ex.org/variable#27	1
http://ex.org/variable#92 http://www.ibm.com/timex#di http://ex.org/variable#28	1
http://ex.org/variable#92 http://www.ibm.com/timex#oi http://ex.org/variable#29	1
http://ex.org/variable#92 http://www.ibm.com/timex#oi http://ex.org/variable#30	1
http://ex.org/variable#92 http://www.ibm.com/timex#oi http://ex.org/variable#31	1
http://ex.org/variable#92 http://www.ibm.com/timex#bi http://ex.org/variable#32	1
http://ex.org/variable#92 http://www.ibm.com/timex#o_di_fi http://ex.org/variable#33	1
http://ex.org/variable#92 http://www.ibm.com/timex#oi http://ex.org/variable#34	1
http://ex.org/variable#92 http://www.ibm.com/timex#oi http://ex.org/variable#35	1
http://ex.org/variable#92 http://www.ibm.com/timex#oi http://ex.org/variable#36	1
http://ex.org/variable#92 http://www.ibm.com/timex#bi http://ex.org/variable#37	1
http://ex.org/variable#92 http://www.ibm.com/timex#oi http://ex.org/variable#38	1
http://ex.org/variable#92 http://www.ibm.com/timex#di http://ex.org/variable#39	1
http://ex.org/variable#92 http://www.ibm.com/timex#oi http://ex.org/variable#40	1
http://ex.org/variable#92 http://www.ibm.com/timex#oi http://ex.org/variable#41	1
http://ex.org/variable#92 http://www.ibm.com/timex#oi http://ex.org/variable#42	1
http://ex.org/variable#92 http://www.ibm.com/timex#oi http://ex.org/variable#43	1
http://ex.org/variable#92 http://www.ibm.com/timex#oi http://ex.org/variable#44	1
http://ex.org/variable#92 http://www.ibm.com/timex#oi_d_f http://ex.org/variable#45	1
http://ex.org/variable#92 http://www.ibm.com/timex#oi http://ex.org/variable#46	1
http://ex.org/variable#92 http://www.ibm.com/timex#oi http://ex.org/variable#47	1
http://ex.org/variable#92 http://www.ibm.com/timex#di http://ex.org/variable#48	1
http://ex.org/variable#92 http://www.ibm.com/timex#bi http://ex.org/variable#49	1
http://ex.org/variable#92 http://www.ibm.com/timex#oi http://ex.org/variable#50	1
http://ex.org/variable#92 http://www.ibm.com/timex#di http://ex.org/variable#51	1
http://ex.org/variable#92 http://www.ibm.com/timex#oi http://ex.org/variable#52	1
http://ex.org/variable#92 http://www.ibm.com/timex#oi http://ex.org/variable#53	1
http://ex.org/variable#92 http://www.ibm.com/timex#oi http://ex.org/variable#54	1
http://ex.org/variable#92 http://www.ibm.com/timex#oi http://ex.org/variable#55	1
http://ex.org/variable#92 http://www.ibm.com/timex#oi http://ex.org/variable#56	1
http://ex.org/variable#92 http://www.ibm.com/timex#oi http://ex.org/variable#57	1
http://ex.org/variable#92 http://www.ibm.com/timex#oi http://ex.org/variable#58	1
http://ex.org/variable#92 http://www.ibm.com/timex#oi_d_f http://ex.org/variable#59	1
http://ex.org/variable#92 http://www.ibm.com/timex#oi http://ex.org/variable#60	1
http://ex.org/variable#92 http://www.ibm.com/timex#oi http://ex.org/variable#61	1
http://ex.org/variable#92 http://www.ibm.com/timex#oi http://ex.org/variable#62	1
http://ex.org/variable#92 http://www.ibm.com/timex#oi http://ex.org/variable#63	1
http://ex.org/variable#92 http://www.ibm.com/timex#oi http://ex.org/variable#64	1
http://ex.org/variable#92 http://www.ibm.com/timex#bi http://ex.org/variable#65	1
http://ex.org/variable#92 http://www.ibm.com/timex#bi http://ex.org/variable#66	1
http://ex.org/variable#92 http://www.ibm.com/timex#oi http://ex.org/variable#67	1
http://ex.org/variable#92 http://www.ibm.com/timex#oi http://ex.org/variable#68	1
http://ex.org/variable#92 http://www.ibm.com/timex#oi http://ex.org/variable#69	1
http://ex.org/variable#92 http://www.ibm.com/timex#d http://ex.org/variable#70	1
http://ex.org/variable#92 http://www.ibm.com/timex#oi http://ex.org/variable#71	1
http://ex.org/variable#92 http://www.ibm.com/timex#oi http://ex.org/variable#72	1
http://ex.org/variable#92 http://www.ibm.com/timex#oi http://ex.org/variable#73	1
http://ex.org/variable#92 http://www.ibm.com/timex#oi http://ex.org/variable#74	1
http://ex.org/variable#92 http://www.ibm.com/timex#oi http://ex.org/variable#75	1
http://ex.org/variable#92 http://www.ibm.com/timex#oi http://ex.org/variable#76	1
http://ex.org/variable#92 http://www.ibm.com/timex#oi_d_f http://ex.org/variable#77	1
http://ex.org/variable#92 http://www.ibm.com/timex#oi http://ex.org/variable#78	1
http://ex.org/variable#92 http://www.ibm.com/timex#oi http://ex.org/variable#79	1
http://ex.org/variable#92 http://www.ibm.com/timex#oi http://ex.org/variable#80	1
http://ex.org/variable#92 http://www.ibm.com/timex#oi http://ex.org/variable#81	1
http://ex.org/variable#92 http://www.ibm.com/timex#bi http://ex.org/variable#82	1
http://ex.org/variable#92 http://www.ibm.com/timex#oi http://ex.org/variable#83	1
http://ex.org/variable#92 http://www.ibm.com/timex#di http://ex.org/variable#84	1
http://ex.org/variable#92 http://www.ibm.com/timex#di http://ex.org/variable#85	1
http://ex.org/variable#92 http://www.ibm.com/timex#oi http://ex.org/variable#86	1
http://ex.org/variable#92 http://www.ibm.com/timex#di http://ex.org/variable#87	1
http://ex.org/variable#92 http://www.ibm.com/timex#di http://ex.org/variable#88	1
http://ex.org/variable#92 http://www.ibm.com/timex#oi http://ex.org/variable#89	1
http://ex.org/variable#92 http://www.ibm.com/timex#oi http://ex.org/variable#90	1
http://ex.org/variable#92 http://www.ibm.com/timex#oi http://ex.org/variable#91	1
http://ex.org/variable#92 http://www.ibm.com/timex#oi http://ex.org/variable#93	1
http://ex.org/variable#92 http://www.ibm.com/timex#oi http://ex.org/variable#94	1
http://ex.org/variable#92 http://www.ibm.com/timex#bi_mi http://ex.org/variable#95	1
http://ex.org/variable#92 http://www.ibm.com/timex#bi http://ex.org/variable#96	1
http://ex.org/variable#92 http://www.ibm.com/timex#oi http://ex.org/variable#97	1
http://ex.org/variable#92 http://www.ibm.com/timex#di http://ex.org/variable#98	1
http://ex.org/variable#92 http://www.ibm.com/timex#di http://ex.org/variable#99	1
http://ex.org/variable#92 http://www.ibm.com/timex#bi http://ex.org/variable#100	1
http://ex.org/variable#92 http://www.ibm.com/timex#oi http://ex.org/variable#101	1
http://ex.org/variable#92 http://www.ibm.com/timex#di http://ex.org/variable#102	1
http://ex.org/variable#92 http://www.ibm.com/timex#oi http://ex.org/variable#103	1
http://ex.org/variable#92 http://www.ibm.com/timex#di http://ex.org/variable#104	1
http://ex.org/variable#92 http://www.ibm.com/timex#oi http://ex.org/variable#105	1
http://ex.org/variable#92 http://www.ibm.com/timex#oi http://ex.org/variable#106	1
http://ex.org/variable#92 http://www.ibm.com/timex#oi http://ex.org/variable#107	1
http://ex.org/variable#92 http://www.ibm.com/timex#oi http://ex.org/variable#108	1
http://ex.org/variable#92 http://www.ibm.com/timex#di http://ex.org/variable#109	1
http://ex.org/variable#92 http://www.ibm.com/timex#oi http://ex.org/variable#110	1
http://ex.org/variable#92 http://www.ibm.com/timex#oi http://ex.org/variable#111	1
http://ex.org/variable#92 http://www.ibm.com/timex#oi http://ex.org/variable#112	1
http://ex.org/variable#92 http://www.ibm.com/timex#di http://ex.org/variable#113	1
http://ex.org/variable#92 http://www.ibm.com/timex#oi http://ex.org/variable#114	1
http://ex.org/variable#92 http://www.ibm.com/timex#di http://ex.org/variable#115	1
http://ex.org/variable#92 http://www.ibm.com/timex#di http://ex.org/variable#116	1
http://ex.org/variable#92 http://www.ibm.com/timex#oi http://ex.org/variable#117	1
http://ex.org/variable#92 http://www.ibm.com/timex#oi http://ex.org/variable#118	1
http://ex.org/variable#92 http://www.ibm.com/timex#oi http://ex.org/variable#119	1
http://ex.org/variable#92 http://www.ibm.com/timex#oi http://ex.org/variable#120	1
http://ex.org/variable#92 http://www.ibm.com/timex#di http://ex.org/variable#121	1
http://ex.org/variable#92 http://www.ibm.com/timex#oi http://ex.org/variable#122	1
http://ex.org/variable#92 http://www.ibm.com/timex#oi http://ex.org/variable#123	1
http://ex.org/variable#92 http://www.ibm.com/timex#oi http://ex.org/variable#124	1
http://ex.org/variable#92 http://www.ibm.com/timex#oi http://ex.org/variable#125	1
http://ex.org/variable#92 http://www.ibm.com/timex#di http://ex.org/variable#126	1
http://ex.org/variable#92 http://www.ibm.com/timex#di http://ex.org/variable#127	1
http://ex.org/variable#92 http://www.ibm.com/timex#oi http://ex.org/variable#128	1
http://ex.org/variable#92 http://www.ibm.com/timex#oi http://ex.org/variable#129	1
http://ex.org/variable#92 http://www.ibm.com/timex#oi http://ex.org/variable#130	1
http://ex.org/variable#92 http://www.ibm.com/timex#di http://ex.org/variable#131	1
http://ex.org/variable#92 http://www.ibm.com/timex#oi http://ex.org/variable#132	1
http://ex.org/variable#92 http://www.ibm.com/timex#oi_d_f http://ex.org/variable#133	1
http://ex.org/variable#92 http://www.ibm.com/timex#oi http://ex.org/variable#134	1
http://ex.org/variable#92 http://www.ibm.com/timex#oi http://ex.org/variable#135	1
http://ex.org/variable#92 http://www.ibm.com/timex#oi http://ex.org/variable#136	1
http://ex.org/variable#92 http://www.ibm.com/timex#oi http://ex.org/variable#137	1
http://ex.org/variable#92 http://www.ibm.com/timex#di http://ex.org/variable#138	1
http://ex.org/variable#92 http://www.ibm.com/timex#oi http://ex.org/variable#139	1
http://ex.org/variable#92 http://www.ibm.com/timex#oi http://ex.org/variable#140	1
http://ex.org/variable#92 http://www.ibm.com/timex#oi http://ex.org/variable#141	1
http://ex.org/variable#92 http://www.ibm.com/timex#oi http://ex.org/variable#142	1
http://ex.org/variable#92 http://www.ibm.com/timex#oi http://ex.org/variable#143	1
http://ex.org/variable#92 http://www.ibm.com/timex#oi http://ex.org/variable#144	1
http://ex.org/variable#92 http://www.ibm.com/timex#di http://ex.org/variable#145	1
http://ex.org/variable#92 http://www.ibm.com/timex#oi_f http://ex.org/variable#146	1
http://ex.org/variable#92 http://www.ibm.com/timex#oi http://ex.org/variable#147	1
http://ex.org/variable#92 http://www.ibm.com/timex#oi http://ex.org/variable#148	1
http://ex.org/variable#92 http://www.ibm.com/timex#bi http://ex.org/variable#149	1
http://ex.org/variable#92 http://www.ibm.com/timex#o_di_fi http://ex.org/variable#150	1
http://ex.org/variable#92 http://www.ibm.com/timex#oi http://ex.org/variable#151	1
http://ex.org/variable#92 http://www.ibm.com/timex#bi http://ex.org/variable#152	1
http://ex.org/variable#92 http://www.ibm.com/timex#oi http://ex.org/variable#153	1
http://ex.org/variable#92 http://www.ibm.com/timex#oi http://ex.org/variable#154	1
http://ex.org/variable#92 http://www.ibm.com/timex#oi http://ex.org/variable#155	1
http://ex.org/variable#92 http://www.ibm.com/timex#oi http://ex.org/variable#156	1
http://ex.org/variable#92 http://www.ibm.com/timex#bi http://ex.org/variable#157	1
http://ex.org/variable#92 http://www.ibm.com/timex#oi http://ex.org/variable#158	1
http://ex.org/variable#92 http://www.ibm.com/timex#oi http://ex.org/variable#159	1
http://ex.org/variable#92 http://www.ibm.com/timex#oi http://ex.org/variable#160	1
http://ex.org/variable#92 http://www.ibm.com/timex#oi http://ex.org/variable#161	1
http://ex.org/variable#92 http://www.ibm.com/timex#oi http://ex.org/variable#162	1
http://ex.org/variable#92 http://www.ibm.com/timex#oi http://ex.org/variable#163	1
http://ex.org/variable#92 http://www.ibm.com/timex#oi http://ex.org/variable#164	1
http://ex.org/variable#92 http://www.ibm.com/timex#oi http://ex.org/variable#165	1
http://ex.org/variable#92 http://www.ibm.com/timex#oi http://ex.org/variable#166	1
http://ex.org/variable#92 http://www.ibm.com/timex#oi http://ex.org/variable#167	1
http://ex.org/variable#92 http://www.ibm.com/timex#oi_si http://ex.org/variable#168	1
http://ex.org/variable#92 http://www.ibm.com/timex#oi http://ex.org/variable#169	1
http://ex.org/variable#92 http://www.ibm.com/timex#di http://ex.org/variable#170	1
http://ex.org/variable#92 http://www.ibm.com/timex#oi http://ex.org/variable#171	1
http://ex.org/variable#92 http://www.ibm.com/timex#bi http://ex.org/variable#172	1
http://ex.org/variable#92 http://www.ibm.com/timex#di http://ex.org/variable#173	1
http://ex.org/variable#92 http://www.ibm.com/timex#di http://ex.org/variable#174	1
http://ex.org/variable#92 http://www.ibm.com/timex#oi http://ex.org/variable#175	1
http://ex.org/variable#92 http://www.ibm.com/timex#oi http://ex.org/variable#176	1
http://ex.org/variable#92 http://www.ibm.com/timex#oi http://ex.org/variable#177	1
http://ex.org/variable#92 http://www.ibm.com/timex#d http://ex.org/variable#178	1
http://ex.org/variable#92 http://www.ibm.com/timex#oi http://ex.org/variable#179	1
http://ex.org/variable#92 http://www.ibm.com/timex#bi http://ex.org/variable#180	1
http://ex.org/variable#92 http://www.ibm.com/timex#bi http://ex.org/variable#181	1
http://ex.org/variable#92 http://www.ibm.com/timex#oi http://ex.org/variable#182	1
http://ex.org/variable#92 http://www.ibm.com/timex#di http://ex.org/variable#183	1
http://ex.org/variable#92 http://www.ibm.com/timex#oi http://ex.org/variable#184	1
http://ex.org/variable#92 http://www.ibm.com/timex#oi http://ex.org/variable#185	1
http://ex.org/variable#92 http://www.ibm.com/timex#oi http://ex.org/variable#186	1
http://ex.org/variable#92 http://www.ibm.com/timex#oi http://ex.org/variable#187	1
http://ex.org/variable#92 http://www.ibm.com/timex#di http://ex.org/variable#188	1
http://ex.org/variable#92 http://www.ibm.com/timex#oi http://ex.org/variable#189	1
http://ex.org/variable#93 http://www.ibm.com/timex#o http://ex.org/variable#0	1
http://ex.org/variable#93 http://www.ibm.com/timex#o http://ex.org/variable#1	1
http://ex.org/variable#93 http://www.ibm.com/timex#o http://ex.org/variable#2	1
http://ex.org/variable#93 http://www.ibm.com/timex#di http://ex.org/variable#3	1
http://ex.org/variable#93 http://www.ibm.com/timex#o http://ex.org/variable#4	1
http://ex.org/variable#93 http://www.ibm.com/timex#oi http://ex.org/variable#5	1
http://ex.org/variable#93 http://www.ibm.com/timex#di http://ex.org/variable#6	1
http://ex.org/variable#93 http://www.ibm.com/timex#o http://ex.org/variable#7	1
http://ex.org/variable#93 http://www.ibm.com/timex#oi http://ex.org/variable#8	1
http://ex.org/variable#93 http://www.ibm.com/timex#o http://ex.org/variable#9	1
http://ex.org/variable#93 http://www.ibm.com/timex#o http://ex.org/variable#10	1
http://ex.org/variable#93 http://www.ibm.com/timex#d http://ex.org/variable#11	1
http://ex.org/variable#93 http://www.ibm.com/timex#d http://ex.org/variable#12	1
http://ex.org/variable#93 http://www.ibm.com/timex#oi http://ex.org/variable#13	1
http://ex.org/variable#93 http://www.ibm.com/timex#di http://ex.org/variable#14	1
http://ex.org/variable#93 http://www.ibm.com/timex#oi http://ex.org/variable#15	1
http://ex.org/variable#93 http://www.ibm.com/timex#oi http://ex.org/variable#16	1
http://ex.org/variable#93 http://www.ibm.com/timex#di http://ex.org/variable#17	1
http://ex.org/variable#93 http://www.ibm.com/timex#oi http://ex.org/variable#18	1
http://ex.org/variable#93 http://www.ibm.com/timex#oi http://ex.org/variable#19	1
http://ex.org/variable#93 http://www.ibm.com/timex#d http://ex.org/variable#20	1
http://ex.org/variable#93 http://www.ibm.com/timex#o http://ex.org/variable#21	1
http://ex.org/variable#93 http://www.ibm.com/timex#d http://ex.org/variable#22	1
http://ex.org/variable#93 http://www.ibm.com/timex#oi http://ex.org/variable#23	1
http://ex.org/variable#93 http://www.ibm.com/timex#d http://ex.org/variable#24	1
http://ex.org/variable#93 http://www.ibm.com/timex#bi_mi_oi http://ex.org/variable#25	1
http://ex.org/variable#93 http://www.ibm.com/timex#di http://ex.org/variable#26	1
http://ex.org/variable#93 http://www.ibm.com/timex#oi http://ex.org/variable#27	1
http://ex.org/variable#93 http://www.ibm.com/timex#o_di http://ex.org/variable#28	1
http://ex.org/variable#93 http://www.ibm.com/timex#o http://ex.org/variable#29	1
http://ex.org/variable#93 http://www.ibm.com/timex#di http://ex.org/variable#30	1
http://ex.org/variable#93 http://www.ibm.com/timex#oi http://ex.org/variable#31	1
http://ex.org/variable#93 http://www.ibm.com/timex#oi http://ex.org/variable#32	1
http://ex.org/variable#93 http://www.ibm.com/timex#o http://ex.org/variable#33	1
http://ex.org/variable#93 http://www.ibm.com/timex#oi http://ex.org/variable#34	1
http://ex.org/variable#93 http://www.ibm.com/timex#di http://ex.org/variable#35	1
http://ex.org/variable#93 http://www.ibm.com/timex#oi http://ex.org/variable#36	1
http://ex.org/variable#93 http://www.ibm.com/timex#oi http://ex.org/variable#37	1
http://ex.org/variable#93 http://www.ibm.com/timex#oi http://ex.org/variable#38	1
http://ex.org/variable#93 http://www.ibm.com/timex#di http://ex.org/variable#39	1
http://ex.org/variable#93 http://www.ibm.com/timex#oi http://ex.org/variable#40	1
http://ex.org/variable#93 http://www.ibm.com/timex#d http://ex.org/variable#41	1
http://ex.org/variable#93 http://www.ibm.com/timex#o http://ex.org/variable#42	1
http://ex.org/variable#93 http://www.ibm.com/timex#oi http://ex.org/variable#43	1
http://ex.org/variable#93 http://www.ibm.com/timex#oi http://ex.org/variable#44	1
http://ex.org/variable#93 http://www.ibm.com/timex#o http://ex.org/variable#45	1
http://ex.org/variable#93 http://www.ibm.com/timex#oi http://ex.org/variable#46	1
http://ex.org/variable#93 http://www.ibm.com/timex#oi http://ex.org/variable#47	1
http://ex.org/variable#93 http://www.ibm.com/timex#di http://ex.org/variable#48	1
http://ex.org/variable#93 http://www.ibm.com/timex#oi http://ex.org/variable#49	1
http://ex.org/variable#93 http://www.ibm.com/timex#o http://ex.org/variable#50	1
http://ex.org/variable#93 http://www.ibm.com/timex#di http://ex.org/variable#51	1
http://ex.org/variable#93 http://www.ibm.com/timex#oi http://ex.org/variable#52	1
http://ex.org/variable#93 http://www.ibm.com/timex#d http://ex.org/variable#53	1
http://ex.org/variable#93 http://www.ibm.com/timex#oi http://ex.org/variable#54	1
http://ex.org/variable#93 http://www.ibm.com/timex#di http://ex.org/variable#55	1
http://ex.org/variable#93 http://www.ibm.com/timex#di http://ex.org/variable#56	1
http://ex.org/variable#93 http://www.ibm.com/timex#oi http://ex.org/variable#57	1
http://ex.org/variable#93 http://www.ibm.com/timex#oi http://ex.org/variable#58	1
http://ex.org/variable#93 http://www.ibm.com/timex#d http://ex.org/variable#59	1
http://ex.org/variable#93 http://www.ibm.com/timex#d http://ex.org/variable#60	1
http://ex.org/variable#93 http://www.ibm.com/timex#d http://ex.org/variable#61	1
http://ex.org/variable#93 http://www.ibm.com/timex#o http://ex.org/variable#62	1
http://ex.org/variable#93 http://www.ibm.com/timex#oi http://ex.org/variable#63	1
http://ex.org/variable#93 http://www.ibm.com/timex#d http://ex.org/variable#64	1
http://ex.org/variable#93 http://www.ibm.com/timex#bi http://ex.org/variable#65	1
http://ex.org/variable#93 http://www.ibm.com/timex#oi http://ex.org/variable#66	1
http://ex.org/variable#93 http://www.ibm.com/timex#d http://ex.org/variable#67	1
http://ex.org/variable#93 http://www.ibm.com/timex#o http://ex.org/variable#68	1
http://ex.org/variable#93 http://www.ibm.com/timex#di http://ex.org/variable#69	1
http://ex.org/variable#93 http://www.ibm.com/timex#d http://ex.org/variable#70	1
http://ex.org/variable#93 http://www.ibm.com/timex#oi http://ex.org/variable#71	1
http://ex.org/variable#93 http://www.ibm.com/timex#di http://ex.org/variable#72	1
http://ex.org/variable#93 http://www.ibm.com/timex#oi http://ex.org/variable#73	1
http://ex.org/variable#93 http://www.ibm.com/timex#d http://ex.org/variable#74	1
http://ex.org/variable#93 http://www.ibm.com/timex#oi http://ex.org/variable#75	1
http://ex.org/variable#93 http://www.ibm.com/timex#di_fi http://ex.org/variable#76	1
http://ex.org/variable#93 http://www.ibm.com/timex#d http://ex.org/variable#77	1
http://ex.org/variable#93 http://www.ibm.com/timex#di http://ex.org/variable#78	1
http://ex.org/variable#93 http://www.ibm.com/timex#oi http://ex.org/variable#79	1
http://ex.org/variable#93 http://www.ibm.com/timex#d http://ex.org/variable#80	1
http://ex.org/variable#93 http://www.ibm.com/timex#oi http://ex.org/variable#81	1
http://ex.org/variable#93 http://www.ibm.com/timex#oi http://ex.org/variable#82	1
http://ex.org/variable#93 http://www.ibm.com/timex#d http://ex.org/variable#83	1
http://ex.org/variable#93 http://www.ibm.com/timex#di http://ex.org/variable#84	1
http://ex.org/variable#93 http://www.ibm.com/timex#di http://ex.org/variable#85	1
http://ex.org/variable#93 http://www.ibm.com/timex#d http://ex.org/variable#86	1
http://ex.org/variable#93 http://www.ibm.com/timex#o http://ex.org/variable#87	1
http://ex.org/variable#93 http://www.ibm.com/timex#m_o http://ex.org/variable#88	1
http://ex.org/variable#93 http://www.ibm.com/timex#o http://ex.org/variable#89	1
http://ex.org/variable#93 http://www.ibm.com/timex#di http://ex.org/variable#90	1
http://ex.org/variable#93 http://www.ibm.com/timex#d http://ex.org/variable#91	1
http://ex.org/variable#93 http://www.ibm.com/timex#o http://ex.org/variable#92	1
http://ex.org/variable#93 http://www.ibm.com/timex#oi http://ex.org/variable#94	1
http://ex.org/variable#93 http://www.ibm.com/timex#di http://ex.org/variable#95	1
http://ex.org/variable#93 http://www.ibm.com/timex#oi http://ex.org/variable#96	1
http://ex.org/variable#93 http://www.ibm.com/timex#o http://ex.org/variable#97	1
http://ex.org/variable#93 http://www.ibm.com/timex#o http://ex.org/variable#98	1
http://ex.org/variable#93 http://www.ibm.com/timex#di_fi http://ex.org/variable#99	1
http://ex.org/variable#93 http://www.ibm.com/timex#oi http://ex.org/variable#100	1
http://ex.org/variable#93 http://www.ibm.com/timex#o http://ex.org/variable#101	1
http://ex.org/variable#93 http://www.ibm.com/timex#di http://ex.org/variable#102	1
http://ex.org/variable#93 http://www.ibm.com/timex#oi http://ex.org/variable#103	1
http://ex.org/variable#93 http://www.ibm.com/timex#b http://ex.org/variable#104	1
http://ex.org/variable#93 http://www.ibm.com/timex#d http://ex.org/variable#105	1
http://ex.org/variable#93 http://www.ibm.com/timex#d http://ex.org/variable#106	1
http://ex.org/variable#93 http://www.ibm.com/timex#di http://ex.org/variable#107	1
http://ex.org/variable#93 http://www.ibm.com/timex#di http://ex.org/variable#108	1
http://ex.org/variable#93 http://www.ibm.com/timex#di http://ex.org/variable#109	1
http://ex.org/variable#93 http://www.ibm.com/timex#d http://ex.org/variable#110	1
http://ex.org/variable#93 http://www.ibm.com/timex#di http://ex.org/variable#111	1
http://ex.org/variable#93 http://www.ibm.com/timex#oi http://ex.org/variable#112	1
http://ex.org/variable#93 http://www.ibm.com/timex#di http://ex.org/variable#113	1
http://ex.org/variable#93 http://www.ibm.com/timex#oi http://ex.org/variable#114	1
http://ex.org/variable#93 http://www.ibm.com/timex#b http://ex.org/variable#115	1
http://ex.org/variable#93 http://www.ibm.com/timex#di http://ex.org/variable#116	1
http://ex.org/variable#93 http://www.ibm.com/timex#oi http://ex.org/variable#117	1
http://ex.org/variable#93 http://www.ibm.com/timex#oi http://ex.org/variable#118	1
http://ex.org/variable#93 http://www.ibm.com/timex#d http://ex.org/variable#119	1
http://ex.org/variable#93 http://www.ibm.com/timex#oi http://ex.org/variable#120	1
http://ex.org/variable#93 http://www.ibm.com/timex#b http://ex.org/variable#121	1
http://ex.org/variable#93 http://www.ibm.com/timex#oi http://ex.org/variable#122	1
http://ex.org/variable#93 http://www.ibm.com/timex#o http://ex.org/variable#123	1
http://ex.org/variable#93 http://www.ibm.com/timex#oi http://ex.org/variable#124	1
http://ex.org/variable#93 http://www.ibm.com/timex#oi http://ex.org/variable#125	1
http://ex.org/variable#93 http://www.ibm.com/timex#di http://ex.org/variable#126	1
http://ex.org/variable#93 http://www.ibm.com/timex#o http://ex.org/variable#127	1
http://ex.org/variable#93 http://www.ibm.com/timex#o http://ex.org/variable#128	1
http://ex.org/variable#93 http://www.ibm.com/timex#oi http://ex.org/variable#129	1
http://ex.org/variable#93 http://www.ibm.com/timex#di http://ex.org/variable#130	1
http://ex.org/variable#93 http://www.ibm.com/timex#o http://ex.org/variable#131	1
http://ex.org/variable#93 http://www.ibm.com/timex#d http://ex.org/variable#132	1
http://ex.org/variable#93 http://www.ibm.com/timex#o http://ex.org/variable#133	1
http://ex.org/variable#93 http://www.ibm.com/timex#oi http://ex.org/variable#134	1
http://ex.org/variable#93 http://www.ibm.com/timex#d http://ex.org/variable#135	1
http://ex.org/variable#93 http://www.ibm.com/timex#d http://ex.org/variable#136	1
http://ex.org/variable#93 http://www.ibm.com/timex#di http://ex.org/variable#137	1
http://ex.org/variable#93 http://www.ibm.com/timex#o http://ex.org/variable#138	1
http://ex.org/variable#93 http://www.ibm.com/timex#di http://ex.org/variable#139	1
http://ex.org/variable#93 http://www.ibm.com/timex#di http://ex.org/variable#140	1
http://ex.org/variable#93 http://www.ibm.com/timex#d http://ex.org/variable#141	1
http://ex.org/variable#93 http://www.ibm.com/timex#oi http://ex.org/variable#142	1
http://ex.org/variable#93 http://www.ibm.com/timex#d http://ex.org/variable#143	1
http://ex.org/variable#93 http://www.ibm.com/timex#o http://ex.org/variable#144	1
http://ex.org/variable#93 http://www.ibm.com/timex#o http://ex.org/variable#145	1
http://ex.org/variable#93 http://www.ibm.com/timex#o http://ex.org/variable#146	1
http://ex.org/variable#93 http://www.ibm.com/timex#oi http://ex.org/variable#147	1
http://ex.org/variable#93 http://www.ibm.com/timex#di http://ex.org/variable#148	1
http://ex.org/variable#93 http://www.ibm.com/timex#oi http://ex.org/variable#149	1
http://ex.org/variable#93 http://www.ibm.com/timex#o http://ex.org/variable#150	1
http://ex.org/variable#93 http://www.ibm.com/timex#o http://ex.org/variable#151	1
http://ex.org/variable#93 http://www.ibm.com/timex#bi_mi http://ex.org/variable#152	1
http://ex.org/variable#93 http://www.ibm.com/timex#d http://ex.org/variable#153	1
http://ex.org/variable#93 http://www.ibm.com/timex#di http://ex.org/variable#154	1
http://ex.org/variable#93 http://www.ibm.com/timex#oi http://ex.org/variable#155	1
http://ex.org/variable#93 http://www.ibm.com/timex#oi http://ex.org/variable#156	1
http://ex.org/variable#93 http://www.ibm.com/timex#bi http://ex.org/variable#157	1
http://ex.org/variable#93 http://www.ibm.com/timex#oi http://ex.org/variable#158	1
http://ex.org/variable#93 http://www.ibm.com/timex#o http://ex.org/variable#159	1
http://ex.org/variable#93 http://www.ibm.com/timex#o_di_fi http://ex.org/variable#160	1
http://ex.org/variable#93 http://www.ibm.com/timex#di http://ex.org/variable#161	1
http://ex.org/variable#93 http://www.ibm.com/timex#oi http://ex.org/variable#162	1
http://ex.org/variable#93 http://www.ibm.com/timex#o http://ex.org/variable#163	1
http://ex.org/variable#93 http://www.ibm.com/timex#o http://ex.org/variable#164	1
http://ex.org/variable#93 http://www.ibm.com/timex#di http://ex.org/variable#165	1
http://ex.org/variable#93 http://www.ibm.com/timex#oi http://ex.org/variable#166	1
http://ex.org/variable#93 http://www.ibm.com/timex#oi http://ex.org/variable#167	1
http://ex.org/variable#93 http://www.ibm.com/timex#o http://ex.org/variable#168	1
http://ex.org/variable#93 http://www.ibm.com/timex#d http://ex.org/variable#169	1
http://ex.org/variable#93 http://www.ibm.com/timex#o http://ex.org/variable#170	1
http://ex.org/variable#93 http://www.ibm.com/timex#oi http://ex.org/variable#171	1
http://ex.org/variable#93 http://www.ibm.com/timex#bi http://ex.org/variable#172	1
http://ex.org/variable#93 http://www.ibm.com/timex#di http://ex.org/variable#173	1
http://ex.org/variable#93 http://www.ibm.com/timex#di http://ex.org/variable#174	1
http://ex.org/variable#93 http://www.ibm.com/timex#oi http://ex.org/variable#175	1
http://ex.org/variable#93 http://www.ibm.com/timex#o http://ex.org/variable#176	1
http://ex.org/variable#93 http://www.ibm.com/timex#di http://ex.org/variable#177	1
http://ex.org/variable#93 http://www.ibm.com/timex#o http://ex.org/variable#178	1
http://ex.org/variable#93 http://www.ibm.com/timex#o http://ex.org/variable#179	1
http://ex.org/variable#93 http://www.ibm.com/timex#bi_mi http://ex.org/variable#180	1
http://ex.org/variable#93 http://www.ibm.com/timex#oi http://ex.org/variable#181	1
http://ex.org/variable#93 http://www.ibm.com/timex#di http://ex.org/variable#182	1
http://ex.org/variable#93 http://www.ibm.com/timex#o http://ex.org/variable#183	1
http://ex.org/variable#93 http://www.ibm.com/timex#oi http://ex.org/variable#184	1
http://ex.org/variable#93 http://www.ibm.com/timex#di http://ex.org/variable#185	1
http://ex.org/variable#93 http://www.ibm.com/timex#o http://ex.org/variable#186	1
http://ex.org/variable#93 http://www.ibm.com/timex#oi http://ex.org/variable#187	1
http://ex.org/variable#93 http://www.ibm.com/timex#di http://ex.org/variable#188	1
http://ex.org/variable#93 http://www.ibm.com/timex#di http://ex.org/variable#189	1
http://ex.org/variable#94 http://www.ibm.com/timex#o http://ex.org/variable#0	1
http://ex.org/variable#94 http://www.ibm.com/timex#b http://ex.org/variable#1	1
http://ex.org/variable#94 http://www.ibm.com/timex#o http://ex.org/variable#2	1
http://ex.org/variable#94 http://www.ibm.com/timex#o http://ex.org/variable#3	1
http://ex.org/variable#94 http://www.ibm.com/timex#o http://ex.org/variable#4	1
http://ex.org/variable#94 http://www.ibm.com/timex#di http://ex.org/variable#5	1
http://ex.org/variable#94 http://www.ibm.com/timex#o http://ex.org/variable#6	1
http://ex.org/variable#94 http://www.ibm.com/timex#o http://ex.org/variable#7	1
http://ex.org/variable#94 http://www.ibm.com/timex#oi http://ex.org/variable#8	1
http://ex.org/variable#94 http://www.ibm.com/timex#o http://ex.org/variable#9	1
http://ex.org/variable#94 http://www.ibm.com/timex#o http://ex.org/variable#10	1
http://ex.org/variable#94 http://www.ibm.com/timex#o http://ex.org/variable#11	1
http://ex.org/variable#94 http://www.ibm.com/timex#d http://ex.org/variable#12	1
http://ex.org/variable#94 http://www.ibm.com/timex#oi http://ex.org/variable#13	1
http://ex.org/variable#94 http://www.ibm.com/timex#o http://ex.org/variable#14	1
http://ex.org/variable#94 http://www.ibm.com/timex#d http://ex.org/variable#15	1
http://ex.org/variable#94 http://www.ibm.com/timex#o http://ex.org/variable#16	1
http://ex.org/variable#94 http://www.ibm.com/timex#b http://ex.org/variable#17	1
http://ex.org/variable#94 http://www.ibm.com/timex#o http://ex.org/variable#18	1
http://ex.org/variable#94 http://www.ibm.com/timex#oi_di_si http://ex.org/variable#19	1
http://ex.org/variable#94 http://www.ibm.com/timex#d http://ex.org/variable#20	1
http://ex.org/variable#94 http://www.ibm.com/timex#b http://ex.org/variable#21	1
http://ex.org/variable#94 http://www.ibm.com/timex#o http://ex.org/variable#22	1
http://ex.org/variable#94 http://www.ibm.com/timex#di http://ex.org/variable#23	1
http://ex.org/variable#94 http://www.ibm.com/timex#d http://ex.org/variable#24	1
http://ex.org/variable#94 http://www.ibm.com/timex#oi http://ex.org/variable#25	1
http://ex.org/variable#94 http://www.ibm.com/timex#b http://ex.org/variable#26	1
http://ex.org/variable#94 http://www.ibm.com/timex#oi http://ex.org/variable#27	1
http://ex.org/variable#94 http://www.ibm.com/timex#o http://ex.org/variable#28	1
http://ex.org/variable#94 http://www.ibm.com/timex#o http://ex.org/variable#29	1
http://ex.org/variable#94 http://www.ibm.com/timex#di http://ex.org/variable#30	1
http://ex.org/variable#94 http://www.ibm.com/timex#oi http://ex.org/variable#31	1
http://ex.org/variable#94 http://www.ibm.com/timex#oi http://ex.org/variable#32	1
http://ex.org/variable#94 http://www.ibm.com/timex#b http://ex.org/variable#33	1
http://ex.org/variable#94 http://www.ibm.com/timex#o http://ex.org/variable#34	1
http://ex.org/variable#94 http://www.ibm.com/timex#di http://ex.org/variable#35	1
http://ex.org/variable#94 http://www.ibm.com/timex#oi http://ex.org/variable#36	1
http://ex.org/variable#94 http://www.ibm.com/timex#oi http://ex.org/variable#37	1
http://ex.org/variable#94 http://www.ibm.com/timex#d http://ex.org/variable#38	1
http://ex.org/variable#94 http://www.ibm.com/timex#b http://ex.org/variable#39	1
http://ex.org/variable#94 http://www.ibm.com/timex#d http://ex.org/variable#40	1
http://ex.org/variable#94 http://www.ibm.com/timex#o http://ex.org/variable#41	1
http://ex.org/variable#94 http://www.ibm.com/timex#o http://ex.org/variable#42	1
http://ex.org/variable#94 http://www.ibm.com/timex#d http://ex.org/variable#43	1
http://ex.org/variable#94 http://www.ibm.com/timex#d http://ex.org/variable#44	1
http://ex.org/variable#94 http://www.ibm.com/timex#o http://ex.org/variable#45	1
http://ex.org/variable#94 http://www.ibm.com/timex#oi http://ex.org/variable#46	1
http://ex.org/variable#94 http://www.ibm.com/timex#d http://ex.org/variable#47	1
http://ex.org/variable#94 http://www.ibm.com/timex#b http://ex.org/variable#48	1
http://ex.org/variable#94 http://www.ibm.com/timex#oi http://ex.org/variable#49	1
http://ex.org/variable#94 http://www.ibm.com/timex#o http://ex.org/variable#50	1
http://ex.org/variable#94 http://www.ibm.com/timex#b http://ex.org/variable#51	1
http://ex.org/variable#94 http://www.ibm.com/timex#d http://ex.org/variable#52	1
http://ex.org/variable#94 http://www.ibm.com/timex#d http://ex.org/variable#53	1
http://ex.org/variable#94 http://www.ibm.com/timex#o http://ex.org/variable#54	1
http://ex.org/variable#94 http://www.ibm.com/timex#o http://ex.org/variable#55	1
http://ex.org/variable#94 http://www.ibm.com/timex#di http://ex.org/variable#56	1
http://ex.org/variable#94 http://www.ibm.com/timex#oi http://ex.org/variable#57	1
http://ex.org/variable#94 http://www.ibm.com/timex#o http://ex.org/variable#58	1
http://ex.org/variable#94 http://www.ibm.com/timex#o http://ex.org/variable#59	1
http://ex.org/variable#94 http://www.ibm.com/timex#d http://ex.org/variable#60	1
http://ex.org/variable#94 http://www.ibm.com/timex#d http://ex.org/variable#61	1
http://ex.org/variable#94 http://www.ibm.com/timex#o http://ex.org/variable#62	1
http://ex.org/variable#94 http://www.ibm.com/timex#d http://ex.org/variable#63	1
http://ex.org/variable#94 http://www.ibm.com/timex#d http://ex.org/variable#64	1
http://ex.org/variable#94 http://www.ibm.com/timex#di http://ex.org/variable#65	1
http://ex.org/variable#94 http://www.ibm.com/timex#oi http://ex.org/variable#66	1
http://ex.org/variable#94 http://www.ibm.com/timex#o http://ex.org/variable#67	1
http://ex.org/variable#94 http://www.ibm.com/timex#o http://ex.org/variable#68	1
http://ex.org/variable#94 http://www.ibm.com/timex#o http://ex.org/variable#69	1
http://ex.org/variable#94 http://www.ibm.com/timex#o http://ex.org/variable#70	1
http://ex.org/variable#94 http://www.ibm.com/timex#oi http://ex.org/variable#71	1
http://ex.org/variable#94 http://www.ibm.com/timex#o http://ex.org/variable#72	1
http://ex.org/variable#94 http://www.ibm.com/timex#o http://ex.org/variable#73	1
http://ex.org/variable#94 http://www.ibm.com/timex#o http://ex.org/variable#74	1
http://ex.org/variable#94 http://www.ibm.com/timex#o http://ex.org/variable#75	1
http://ex.org/variable#94 http://www.ibm.com/timex#o http://ex.org/variable#76	1
http://ex.org/variable#94 http://www.ibm.com/timex#o http://ex.org/variable#77	1
http://ex.org/variable#94 http://www.ibm.com/timex#o http://ex.org/variable#78	1
http://ex.org/variable#94 http://www.ibm.com/timex#oi http://ex.org/variable#79	1
http://ex.org/variable#94 http://www.ibm.com/timex#d http://ex.org/variable#80	1
http://ex.org/variable#94 http://www.ibm.com/timex#oi http://ex.org/variable#81	1
http://ex.org/variable#94 http://www.ibm.com/timex#di http://ex.org/variable#82	1
http://ex.org/variable#94 http://www.ibm.com/timex#d http://ex.org/variable#83	1
http://ex.org/variable#94 http://www.ibm.com/timex#o http://ex.org/variable#84	1
http://ex.org/variable#94 http://www.ibm.com/timex#b http://ex.org/variable#85	1
http://ex.org/variable#94 http://www.ibm.com/timex#d http://ex.org/variable#86	1
http://ex.org/variable#94 http://www.ibm.com/timex#o http://ex.org/variable#87	1
http://ex.org/variable#94 http://www.ibm.com/timex#b http://ex.org/variable#88	1
http://ex.org/variable#94 http://www.ibm.com/timex#o http://ex.org/variable#89	1
http://ex.org/variable#94 http://www.ibm.com/timex#o http://ex.org/variable#90	1
http://ex.org/variable#94 http://www.ibm.com/timex#o http://ex.org/variable#91	1
http://ex.org/variable#94 http://www.ibm.com/timex#o http://ex.org/variable#92	1
http://ex.org/variable#94 http://www.ibm.com/timex#o http://ex.org/variable#93	1
http://ex.org/variable#94 http://www.ibm.com/timex#di http://ex.org/variable#95	1
http://ex.org/variable#94 http://www.ibm.com/timex#di http://ex.org/variable#96	1
http://ex.org/variable#94 http://www.ibm.com/timex#o http://ex.org/variable#97	1
http://ex.org/variable#94 http://www.ibm.com/timex#b http://ex.org/variable#98	1
http://ex.org/variable#94 http://www.ibm.com/timex#b http://ex.org/variable#99	1
http://ex.org/variable#94 http://www.ibm.com/timex#oi http://ex.org/variable#100	1
http://ex.org/variable#94 http://www.ibm.com/timex#o http://ex.org/variable#101	1
http://ex.org/variable#94 http://www.ibm.com/timex#o http://ex.org/variable#102	1
http://ex.org/variable#94 http://www.ibm.com/timex#d http://ex.org/variable#103	1
http://ex.org/variable#94 http://www.ibm.com/timex#b http://ex.org/variable#104	1
http://ex.org/variable#94 http://www.ibm.com/timex#o http://ex.org/variable#105	1
http://ex.org/variable#94 http://www.ibm.com/timex#d http://ex.org/variable#106	1
http://ex.org/variable#94 http://www.ibm.com/timex#o http://ex.org/variable#107	1
http://ex.org/variable#94 http://www.ibm.com/timex#di http://ex.org/variable#108	1
http://ex.org/variable#94 http://www.ibm.com/timex#o http://ex.org/variable#109	1
http://ex.org/variable#94 http://www.ibm.com/timex#d http://ex.org/variable#110	1
http://ex.org/variable#94 http://www.ibm.com/timex#o http://ex.org/variable#111	1
http://ex.org/variable#94 http://www.ibm.com/timex#d http://ex.org/variable#112	1
http://ex.org/variable#94 http://www.ibm.com/timex#di http://ex.org/variable#113	1
http://ex.org/variable#94 http://www.ibm.com/timex#o http://ex.org/variable#114	1
http://ex.org/variable#94 http://www.ibm.com/timex#b http://ex.org/variable#115	1
http://ex.org/variable#94 http://www.ibm.com/timex#o http://ex.org/variable#116	1
http://ex.org/variable#94 http://www.ibm.com/timex#oi http://ex.org/variable#117	1
http://ex.org/variable#94 http://www.ibm.com/timex#oi http://ex.org/variable#118	1
http://ex.org/variable#94 http://www.ibm.com/timex#d http://ex.org/variable#119	1
http://ex.org/variable#94 http://www.ibm.com/timex#di http://ex.org/variable#120	1
http://ex.org/variable#94 http://www.ibm.com/timex#b http://ex.org/variable#121	1
http://ex.org/variable#94 http://www.ibm.com/timex#d http://ex.org/variable#122	1
http://ex.org/variable#94 http://www.ibm.com/timex#o http://ex.org/variable#123	1
http://ex.org/variable#94 http://www.ibm.com/timex#oi http://ex.org/variable#124	1
http://ex.org/variable#94 http://www.ibm.com/timex#oi http://ex.org/variable#125	1
http://ex.org/variable#94 http://www.ibm.com/timex#o http://ex.org/variable#126	1
http://ex.org/variable#94 http://www.ibm.com/timex#b http://ex.org/variable#127	1
http://ex.org/variable#94 http://www.ibm.com/timex#o http://ex.org/variable#128	1
http://ex.org/variable#94 http://www.ibm.com/timex#oi http://ex.org/variable#129	1
http://ex.org/variable#94 http://www.ibm.com/timex#di http://ex.org/variable#130	1
http://ex.org/variable#94 http://www.ibm.com/timex#b http://ex.org/variable#131	1
http://ex.org/variable#94 http://www.ibm.com/timex#d http://ex.org/variable#132	1
http://ex.org/variable#94 http://www.ibm.com/timex#o http://ex.org/variable#133	1
http://ex.org/variable#94 http://www.ibm.com/timex#oi http://ex.org/variable#134	1
http://ex.org/variable#94 http://www.ibm.com/timex#o http://ex.org/variable#135	1
http://ex.org/variable#94 http://www.ibm.com/timex#o http://ex.org/variable#136	1
http://ex.org/variable#94 http://www.ibm.com/timex#di http://ex.org/variable#137	1
http://ex.org/variable#94 http://www.ibm.com/timex#b http://ex.org/variable#138	1
http://ex.org/variable#94 http://www.ibm.com/timex#di http://ex.org/variable#139	1
http://ex.org/variable#94 http://www.ibm.com/timex#di http://ex.org/variable#140	1
http://ex.org/variable#94 http://www.ibm.com/timex#d http://ex.org/variable#141	1
http://ex.org/variable#94 http://www.ibm.com/timex#oi http://ex.org/variable#142	1
http://ex.org/variable#94 http://www.ibm.com/timex#d http://ex.org/variable#143	1
http://ex.org/variable#94 http://www.ibm.com/timex#o http://ex.org/variable#144	1
http://ex.org/variable#94 http://www.ibm.com/timex#b http://ex.org/variable#145	1
http://ex.org/variable#94 http://www.ibm.com/timex#o http://ex.org/variable#146	1
http://ex.org/variable#94 http://www.ibm.com/timex#o http://ex.org/variable#147	1
http://ex.org/variable#94 http://www.ibm.com/timex#o http://ex.org/variable#148	1
http://ex.org/variable#94 http://www.ibm.com/timex#oi http://ex.org/variable#149	1
http://ex.org/variable#94 http://www.ibm.com/timex#b http://ex.org/variable#150	1
http://ex.org/variable#94 http://www.ibm.com/timex#o http://ex.org/variable#151	1
http://ex.org/variable#94 http://www.ibm.com/timex#oi http://ex.org/variable#152	1
http://ex.org/variable#94 http://www.ibm.com/timex#o http://ex.org/variable#153	1
http://ex.org/variable#94 http://www.ibm.com/timex#di http://ex.org/variable#154	1
http://ex.org/variable#94 http://www.ibm.com/timex#d http://ex.org/variable#155	1
http://ex.org/variable#94 http://www.ibm.com/timex#o http://ex.org/variable#156	1
http://ex.org/variable#94 http://www.ibm.com/timex#di http://ex.org/variable#157	1
http://ex.org/variable#94 http://www.ibm.com/timex#di http://ex.org/variable#158	1
http://ex.org/variable#94 http://www.ibm.com/timex#o http://ex.org/variable#159	1
http://ex.org/variable#94 http://www.ibm.com/timex#o http://ex.org/variable#160	1
http://ex.org/variable#94 http://www.ibm.com/timex#di http://ex.org/variable#161	1
http://ex.org/variable#94 http://www.ibm.com/timex#di http://ex.org/variable#162	1
http://ex.org/variable#94 http://www.ibm.com/timex#o http://ex.org/variable#163	1
http://ex.org/variable#94 http://www.ibm.com/timex#o http://ex.org/variable#164	1
http://ex.org/variable#94 http://www.ibm.com/timex#di http://ex.org/variable#165	1
http://ex.org/variable#94 http://www.ibm.com/timex#oi http://ex.org/variable#166	1
http://ex.org/variable#94 http://www.ibm.com/timex#d http://ex.org/variable#167	1
http://ex.org/variable#94 http://www.ibm.com/timex#o http://ex.org/variable#168	1
http://ex.org/variable#94 http://www.ibm.com/timex#d http://ex.org/variable#169	1
http://ex.org/variable#94 http://www.ibm.com/timex#b http://ex.org/variable#170	1
http://ex.org/variable#94 http://www.ibm.com/timex#oi http://ex.org/variable#171	1
http://ex.org/variable#94 http://www.ibm.com/timex#oi http://ex.org/variable#172	1
http://ex.org/variable#94 http://www.ibm.com/timex#b http://ex.org/variable#173	1
http://ex.org/variable#94 http://www.ibm.com/timex#o http://ex.org/variable#174	1
http://ex.org/variable#94 http://www.ibm.com/timex#d http://ex.org/variable#175	1
http://ex.org/variable#94 http://www.ibm.com/timex#o http://ex.org/variable#176	1
http://ex.org/variable#94 http://www.ibm.com/timex#o http://ex.org/variable#177	1
http://ex.org/variable#94 http://www.ibm.com/timex#o http://ex.org/variable#178	1
http://ex.org/variable#94 http://www.ibm.com/timex#o http://ex.org/variable#179	1
http://ex.org/variable#94 http://www.ibm.com/timex#di http://ex.org/variable#180	1
http://ex.org/variable#94 http://www.ibm.com/timex#oi http://ex.org/variable#181	1
http://ex.org/variable#94 http://www.ibm.com/timex#di http://ex.org/variable#182	1
http://ex.org/variable#94 http://www.ibm.com/timex#b http://ex.org/variable#183	1
http://ex.org/variable#94 http://www.ibm.com/timex#oi http://ex.org/variable#184	1
http://ex.org/variable#94 http://www.ibm.com/timex#o http://ex.org/variable#185	1
http://ex.org/variable#94 http://www.ibm.com/timex#o http://ex.org/variable#186	1
http://ex.org/variable#94 http://www.ibm.com/timex#d http://ex.org/variable#187	1
http://ex.org/variable#94 http://www.ibm.com/timex#o http://ex.org/variable#188	1
http://ex.org/variable#94 http://www.ibm.com/timex#di http://ex.org/variable#189	1
http://ex.org/variable#95 http://www.ibm.com/timex#d http://ex.org/variable#0	1
http://ex.org/variable#95 http://www.ibm.com/timex#b http://ex.org/variable#1	1
http://ex.org/variable#95 http://www.ibm.com/timex#d http://ex.org/variable#2	1
http://ex.org/variable#95 http://www.ibm.com/timex#d http://ex.org/variable#3	1
http://ex.org/variable#95 http://www.ibm.com/timex#d http://ex.org/variable#4	1
http://ex.org/variable#95 http://www.ibm.com/timex#d http://ex.org/variable#5	1
http://ex.org/variable#95 http://www.ibm.com/timex#b http://ex.org/variable#6	1
http://ex.org/variable#95 http://www.ibm.com/timex#d http://ex.org/variable#7	1
http://ex.org/variable#95 http://www.ibm.com/timex#bi http://ex.org/variable#8	1
http://ex.org/variable#95 http://www.ibm.com/timex#b http://ex.org/variable#9	1
http://ex.org/variable#95 http://www.ibm.com/timex#d http://ex.org/variable#10	1
http://ex.org/variable#95 http://www.ibm.com/timex#d http://ex.org/variable#11	1
http://ex.org/variable#95 http://www.ibm.com/timex#d http://ex.org/variable#12	1
http://ex.org/variable#95 http://www.ibm.com/timex#d http://ex.org/variable#13	1
http://ex.org/variable#95 http://www.ibm.com/timex#b http://ex.org/variable#14	1
http://ex.org/variable#95 http://www.ibm.com/timex#d http://ex.org/variable#15	1
http://ex.org/variable#95 http://www.ibm.com/timex#d http://ex.org/variable#16	1
http://ex.org/variable#95 http://www.ibm.com/timex#b http://ex.org/variable#17	1
http://ex.org/variable#95 http://www.ibm.com/timex#d http://ex.org/variable#18	1
http://ex.org/variable#95 http://www.ibm.com/timex#bi http://ex.org/variable#19	1
http://ex.org/variable#95 http://www.ibm.com/timex#d http://ex.org/variable#20	1
http://ex.org/variable#95 http://www.ibm.com/timex#b http://ex.org/variable#21	1
http://ex.org/variable#95 http://www.ibm.com/timex#d http://ex.org/variable#22	1
http://ex.org/variable#95 http://www.ibm.com/timex#bi http://ex.org/variable#23	1
http://ex.org/variable#95 http://www.ibm.com/timex#d http://ex.org/variable#24	1
http://ex.org/variable#95 http://www.ibm.com/timex#bi http://ex.org/variable#25	1
http://ex.org/variable#95 http://www.ibm.com/timex#b http://ex.org/variable#26	1
http://ex.org/variable#95 http://www.ibm.com/timex#bi http://ex.org/variable#27	1
http://ex.org/variable#95 http://www.ibm.com/timex#b http://ex.org/variable#28	1
http://ex.org/variable#95 http://www.ibm.com/timex#d http://ex.org/variable#29	1
http://ex.org/variable#95 http://www.ibm.com/timex#s http://ex.org/variable#30	1
http://ex.org/variable#95 http://www.ibm.com/timex#d http://ex.org/variable#31	1
http://ex.org/variable#95 http://www.ibm.com/timex#bi http://ex.org/variable#32	1
http://ex.org/variable#95 http://www.ibm.com/timex#b http://ex.org/variable#33	1
http://ex.org/variable#95 http://www.ibm.com/timex#d http://ex.org/variable#34	1
http://ex.org/variable#95 http://www.ibm.com/timex#d http://ex.org/variable#35	1
http://ex.org/variable#95 http://www.ibm.com/timex#d http://ex.org/variable#36	1
http://ex.org/variable#95 http://www.ibm.com/timex#bi http://ex.org/variable#37	1
http://ex.org/variable#95 http://www.ibm.com/timex#d http://ex.org/variable#38	1
http://ex.org/variable#95 http://www.ibm.com/timex#b http://ex.org/variable#39	1
http://ex.org/variable#95 http://www.ibm.com/timex#d http://ex.org/variable#40	1
http://ex.org/variable#95 http://www.ibm.com/timex#d http://ex.org/variable#41	1
http://ex.org/variable#95 http://www.ibm.com/timex#d http://ex.org/variable#42	1
http://ex.org/variable#95 http://www.ibm.com/timex#d http://ex.org/variable#43	1
http://ex.org/variable#95 http://www.ibm.com/timex#d http://ex.org/variable#44	1
http://ex.org/variable#95 http://www.ibm.com/timex#d http://ex.org/variable#45	1
http://ex.org/variable#95 http://www.ibm.com/timex#d http://ex.org/variable#46	1
http://ex.org/variable#95 http://www.ibm.com/timex#d http://ex.org/variable#47	1
http://ex.org/variable#95 http://www.ibm.com/timex#b http://ex.org/variable#48	1
http://ex.org/variable#95 http://www.ibm.com/timex#bi http://ex.org/variable#49	1
http://ex.org/variable#95 http://www.ibm.com/timex#d http://ex.org/variable#50	1
http://ex.org/variable#95 http://www.ibm.com/timex#b http://ex.org/variable#51	1
http://ex.org/variable#95 http://www.ibm.com/timex#d http://ex.org/variable#52	1
http://ex.org/variable#95 http://www.ibm.com/timex#d http://ex.org/variable#53	1
http://ex.org/variable#95 http://www.ibm.com/timex#d http://ex.org/variable#54	1
http://ex.org/variable#95 http://www.ibm.com/timex#d http://ex.org/variable#55	1
http://ex.org/variable#95 http://www.ibm.com/timex#d http://ex.org/variable#56	1
http://ex.org/variable#95 http://www.ibm.com/timex#d http://ex.org/variable#57	1
http://ex.org/variable#95 http://www.ibm.com/timex#d http://ex.org/variable#58	1
http://ex.org/variable#95 http://www.ibm.com/timex#d http://ex.org/variable#59	1
http://ex.org/variable#95 http://www.ibm.com/timex#d http://ex.org/variable#60	1
http://ex.org/variable#95 http://www.ibm.com/timex#d http://ex.org/variable#61	1
http://ex.org/variable#95 http://www.ibm.com/timex#d http://ex.org/variable#62	1
http://ex.org/variable#95 http://www.ibm.com/timex#d http://ex.org/variable#63	1
http://ex.org/variable#95 http://www.ibm.com/timex#d http://ex.org/variable#64	1
http://ex.org/variable#95 http://www.ibm.com/timex#bi http://ex.org/variable#65	1
http://ex.org/variable#95 http://www.ibm.com/timex#bi http://ex.org/variable#66	1
http://ex.org/variable#95 http://www.ibm.com/timex#d http://ex.org/variable#67	1
http://ex.org/variable#95 http://www.ibm.com/timex#d http://ex.org/variable#68	1
http://ex.org/variable#95 http://www.ibm.com/timex#d http://ex.org/variable#69	1
http://ex.org/variable#95 http://www.ibm.com/timex#d http://ex.org/variable#70	1
http://ex.org/variable#95 http://www.ibm.com/timex#d http://ex.org/variable#71	1
http://ex.org/variable#95 http://www.ibm.com/timex#d http://ex.org/variable#72	1
http://ex.org/variable#95 http://www.ibm.com/timex#d http://ex.org/variable#73	1
http://ex.org/variable#95 http://www.ibm.com/timex#d http://ex.org/variable#74	1
http://ex.org/variable#95 http://www.ibm.com/timex#d http://ex.org/variable#75	1
http://ex.org/variable#95 http://www.ibm.com/timex#d http://ex.org/variable#76	1
http://ex.org/variable#95 http://www.ibm.com/timex#d http://ex.org/variable#77	1
http://ex.org/variable#95 http://www.ibm.com/timex#d http://ex.org/variable#78	1
http://ex.org/variable#95 http://www.ibm.com/timex#d http://ex.org/variable#79	1
http://ex.org/variable#95 http://www.ibm.com/timex#d http://ex.org/variable#80	1
http://ex.org/variable#95 http://www.ibm.com/timex#d http://ex.org/variable#81	1
http://ex.org/variable#95 http://www.ibm.com/timex#bi http://ex.org/variable#82	1
http://ex.org/variable#95 http://www.ibm.com/timex#d http://ex.org/variable#83	1
http://ex.org/variable#95 http://www.ibm.com/timex#b http://ex.org/variable#84	1
http://ex.org/variable#95 http://www.ibm.com/timex#b http://ex.org/variable#85	1
http://ex.org/variable#95 http://www.ibm.com/timex#d http://ex.org/variable#86	1
http://ex.org/variable#95 http://www.ibm.com/timex#b http://ex.org/variable#87	1
http://ex.org/variable#95 http://www.ibm.com/timex#b http://ex.org/variable#88	1
http://ex.org/variable#95 http://www.ibm.com/timex#d http://ex.org/variable#89	1
http://ex.org/variable#95 http://www.ibm.com/timex#d http://ex.org/variable#90	1
http://ex.org/variable#95 http://www.ibm.com/timex#d http://ex.org/variable#91	1
http://ex.org/variable#95 http://www.ibm.com/timex#b_m http://ex.org/variable#92	1
http://ex.org/variable#95 http://www.ibm.com/timex#d http://ex.org/variable#93	1
http://ex.org/variable#95 http://www.ibm.com/timex#d http://ex.org/variable#94	1
http://ex.org/variable#95 http://www.ibm.com/timex#bi http://ex.org/variable#96	1
http://ex.org/variable#95 http://www.ibm.com/timex#d http://ex.org/variable#97	1
http://ex.org/variable#95 http://www.ibm.com/timex#b http://ex.org/variable#98	1
http://ex.org/variable#95 http://www.ibm.com/timex#b http://ex.org/variable#99	1
http://ex.org/variable#95 http://www.ibm.com/timex#bi http://ex.org/variable#100	1
http://ex.org/variable#95 http://www.ibm.com/timex#d http://ex.org/variable#101	1
http://ex.org/variable#95 http://www.ibm.com/timex#b http://ex.org/variable#102	1
http://ex.org/variable#95 http://www.ibm.com/timex#d http://ex.org/variable#103	1
http://ex.org/variable#95 http://www.ibm.com/timex#b http://ex.org/variable#104	1
http://ex.org/variable#95 http://www.ibm.com/timex#d http://ex.org/variable#105	1
http://ex.org/variable#95 http://www.ibm.com/timex#d http://ex.org/variable#106	1
http://ex.org/variable#95 http://www.ibm.com/timex#d http://ex.org/variable#107	1
http://ex.org/variable#95 http://www.ibm.com/timex#d http://ex.org/variable#108	1
http://ex.org/variable#95 http://www.ibm.com/timex#b http://ex.org/variable#109	1
http://ex.org/variable#95 http://www.ibm.com/timex#d http://ex.org/variable#110	1
http://ex.org/variable#95 http://www.ibm.com/timex#d http://ex.org/variable#111	1
http://ex.org/variable#95 http://www.ibm.com/timex#d http://ex.org/variable#112	1
http://ex.org/variable#95 http://www.ibm.com/timex#b http://ex.org/variable#113	1
http://ex.org/variable#95 http://www.ibm.com/timex#d http://ex.org/variable#114	1
http://ex.org/variable#95 http://www.ibm.com/timex#b http://ex.org/variable#115	1
http://ex.org/variable#95 http://www.ibm.com/timex#b http://ex.org/variable#116	1
http://ex.org/variable#95 http://www.ibm.com/timex#d http://ex.org/variable#117	1
http://ex.org/variable#95 http://www.ibm.com/timex#d http://ex.org/variable#118	1
http://ex.org/variable#95 http://www.ibm.com/timex#d http://ex.org/variable#119	1
http://ex.org/variable#95 http://www.ibm.com/timex#d http://ex.org/variable#120	1
http://ex.org/variable#95 http://www.ibm.com/timex#b http://ex.org/variable#121	1
http://ex.org/variable#95 http://www.ibm.com/timex#d http://ex.org/variable#122	1
http://ex.org/variable#95 http://www.ibm.com/timex#d http://ex.org/variable#123	1
http://ex.org/variable#95 http://www.ibm.com/timex#d http://ex.org/variable#124	1
http://ex.org/variable#95 http://www.ibm.com/timex#d http://ex.org/variable#125	1
http://ex.org/variable#95 http://www.ibm.com/timex#b http://ex.org/variable#126	1
http://ex.org/variable#95 http://www.ibm.com/timex#b http://ex.org/variable#127	1
http://ex.org/variable#95 http://www.ibm.com/timex#d http://ex.org/variable#128	1
http://ex.org/variable#95 http://www.ibm.com/timex#d http://ex.org/variable#129	1
http://ex.org/variable#95 http://www.ibm.com/timex#d http://ex.org/variable#130	1
http://ex.org/variable#95 http://www.ibm.com/timex#b http://ex.org/variable#131	1
http://ex.org/variable#95 http://www.ibm.com/timex#d http://ex.org/variable#132	1
http://ex.org/variable#95 http://www.ibm.com/timex#d http://ex.org/variable#133	1
http://ex.org/variable#95 http://www.ibm.com/timex#d http://ex.org/variable#134	1
http://ex.org/variable#95 http://www.ibm.com/timex#d http://ex.org/variable#135	1
http://ex.org/variable#95 http://www.ibm.com/timex#d http://ex.org/variable#136	1
http://ex.org/variable#95 http://www.ibm.com/timex#d http://ex.org/variable#137	1
http://ex.org/variable#95 http://www.ibm.com/timex#b http://ex.org/variable#138	1
http://ex.org/variable#95 http://www.ibm.com/timex#d http://ex.org/variable#139	1
http://ex.org/variable#95 http://www.ibm.com/timex#d http://ex.org/variable#140	1
http://ex.org/variable#95 http://www.ibm.com/timex#d http://ex.org/variable#141	1
http://ex.org/variable#95 http://www.ibm.com/timex#d http://ex.org/variable#142	1
http://ex.org/variable#95 http://www.ibm.com/timex#d http://ex.org/variable#143	1
http://ex.org/variable#95 http://www.ibm.com/timex#d http://ex.org/variable#144	1
http://ex.org/variable#95 http://www.ibm.com/timex#b http://ex.org/variable#145	1
http://ex.org/variable#95 http://www.ibm.com/timex#d http://ex.org/variable#146	1
http://ex.org/variable#95 http://www.ibm.com/timex#d http://ex.org/variable#147	1
http://ex.org/variable#95 http://www.ibm.com/timex#d http://ex.org/variable#148	1
http://ex.org/variable#95 http://www.ibm.com/timex#bi http://ex.org/variable#149	1
http://ex.org/variable#95 http://www.ibm.com/timex#b http://ex.org/variable#150	1
http://ex.org/variable#95 http://www.ibm.com/timex#d http://ex.org/variable#151	1
http://ex.org/variable#95 http://www.ibm.com/timex#bi http://ex.org/variable#152	1
http://ex.org/variable#95 http://www.ibm.com/timex#d http://ex.org/variable#153	1
http://ex.org/variable#95 http://www.ibm.com/timex#d http://ex.org/variable#154	1
http://ex.org/variable#95 http://www.ibm.com/timex#d http://ex.org/variable#155	1
http://ex.org/variable#95 http://www.ibm.com/timex#d http://ex.org/variable#156	1
http://ex.org/variable#95 http://www.ibm.com/timex#bi http://ex.org/variable#157	1
http://ex.org/variable#95 http://www.ibm.com/timex#d http://ex.org/variable#158	1
http://ex.org/variable#95 http://www.ibm.com/timex#d http://ex.org/variable#159	1
http://ex.org/variable#95 http://www.ibm.com/timex#d http://ex.org/variable#160	1
http://ex.org/variable#95 http://www.ibm.com/timex#d http://ex.org/variable#161	1
http://ex.org/variable#95 http://www.ibm.com/timex#d http://ex.org/variable#162	1
http://ex.org/variable#95 http://www.ibm.com/timex#d http://ex.org/variable#163	1
http://ex.org/variable#95 http://www.ibm.com/timex#d http://ex.org/variable#164	1
http://ex.org/variable#95 http://www.ibm.com/timex#d http://ex.org/variable#165	1
http://ex.org/variable#95 http://www.ibm.com/timex#d http://ex.org/variable#166	1
http://ex.org/variable#95 http://www.ibm.com/timex#d http://ex.org/variable#167	1
http://ex.org/variable#95 http://www.ibm.com/timex#b_m http://ex.org/variable#168	1
http://ex.org/variable#95 http://www.ibm.com/timex#d http://ex.org/variable#169	1
http://ex.org/variable#95 http://www.ibm.com/timex#b http://ex.org/variable#170	1
http://ex.org/variable#95 http://www.ibm.com/timex#d http://ex.org/variable#171	1
http://ex.org/variable#95 http://www.ibm.com/timex#bi http://ex.org/variable#172	1
http://ex.org/variable#95 http://www.ibm.com/timex#b http://ex.org/variable#173	1
http://ex.org/variable#95 http://www.ibm.com/timex#b http://ex.org/variable#174	1
http://ex.org/variable#95 http://www.ibm.com/timex#d http://ex.org/variable#175	1
http://ex.org/variable#95 http://www.ibm.com/timex#d http://ex.org/variable#176	1
http://ex.org/variable#95 http://www.ibm.com/timex#d http://ex.org/variable#177	1
http://ex.org/variable#95 http://www.ibm.com/timex#d http://ex.org/variable#178	1
http://ex.org/variable#95 http://www.ibm.com/timex#d http://ex.org/variable#179	1
http://ex.org/variable#95 http://www.ibm.com/timex#bi http://ex.org/variable#180	1
http://ex.org/variable#95 http://www.ibm.com/timex#bi http://ex.org/variable#181	1
http://ex.org/variable#95 http://www.ibm.com/timex#d http://ex.org/variable#182	1
http://ex.org/variable#95 http://www.ibm.com/timex#b http://ex.org/variable#183	1
http://ex.org/variable#95 http://www.ibm.com/timex#d http://ex.org/variable#184	1
http://ex.org/variable#95 http://www.ibm.com/timex#d http://ex.org/variable#185	1
http://ex.org/variable#95 http://www.ibm.com/timex#d_s http://ex.org/variable#186	1
http://ex.org/variable#95 http://www.ibm.com/timex#d http://ex.org/variable#187	1
http://ex.org/variable#95 http://www.ibm.com/timex#b http://ex.org/variable#188	1
http://ex.org/variable#95 http://www.ibm.com/timex#d http://ex.org/variable#189	1
http://ex.org/variable#96 http://www.ibm.com/timex#b http://ex.org/variable#0	1
http://ex.org/variable#96 http://www.ibm.com/timex#b http://ex.org/variable#1	1
http://ex.org/variable#96 http://www.ibm.com/timex#b_m http://ex.org/variable#2	1
http://ex.org/variable#96 http://www.ibm.com/timex#b http://ex.org/variable#3	1
http://ex.org/variable#96 http://www.ibm.com/timex#b http://ex.org/variable#4	1
http://ex.org/variable#96 http://www.ibm.com/timex#o http://ex.org/variable#5	1
http://ex.org/variable#96 http://www.ibm.com/timex#b http://ex.org/variable#6	1
http://ex.org/variable#96 http://www.ibm.com/timex#b http://ex.org/variable#7	1
http://ex.org/variable#96 http://www.ibm.com/timex#d_f http://ex.org/variable#8	1
http://ex.org/variable#96 http://www.ibm.com/timex#b http://ex.org/variable#9	1
http://ex.org/variable#96 http://www.ibm.com/timex#b http://ex.org/variable#10	1
http://ex.org/variable#96 http://www.ibm.com/timex#d http://ex.org/variable#11	1
http://ex.org/variable#96 http://www.ibm.com/timex#d http://ex.org/variable#12	1
http://ex.org/variable#96 http://www.ibm.com/timex#d http://ex.org/variable#13	1
http://ex.org/variable#96 http://www.ibm.com/timex#b http://ex.org/variable#14	1
http://ex.org/variable#96 http://www.ibm.com/timex#d http://ex.org/variable#15	1
http://ex.org/variable#96 http://www.ibm.com/timex#d http://ex.org/variable#16	1
http://ex.org/variable#96 http://www.ibm.com/timex#b http://ex.org/variable#17	1
http://ex.org/variable#96 http://www.ibm.com/timex#s http://ex.org/variable#18	1
http://ex.org/variable#96 http://www.ibm.com/timex#d http://ex.org/variable#19	1
http://ex.org/variable#96 http://www.ibm.com/timex#d http://ex.org/variable#20	1
http://ex.org/variable#96 http://www.ibm.com/timex#b http://ex.org/variable#21	1
http://ex.org/variable#96 http://www.ibm.com/timex#s http://ex.org/variable#22	1
http://ex.org/variable#96 http://www.ibm.com/timex#d http://ex.org/variable#23	1
http://ex.org/variable#96 http://www.ibm.com/timex#d http://ex.org/variable#24	1
http://ex.org/variable#96 http://www.ibm.com/timex#oi http://ex.org/variable#25	1
http://ex.org/variable#96 http://www.ibm.com/timex#b http://ex.org/variable#26	1
http://ex.org/variable#96 http://www.ibm.com/timex#d http://ex.org/variable#27	1
http://ex.org/variable#96 http://www.ibm.com/timex#b http://ex.org/variable#28	1
http://ex.org/variable#96 http://www.ibm.com/timex#b http://ex.org/variable#29	1
http://ex.org/variable#96 http://www.ibm.com/timex#b http://ex.org/variable#30	1
http://ex.org/variable#96 http://www.ibm.com/timex#d http://ex.org/variable#31	1
http://ex.org/variable#96 http://www.ibm.com/timex#d http://ex.org/variable#32	1
http://ex.org/variable#96 http://www.ibm.com/timex#b http://ex.org/variable#33	1
http://ex.org/variable#96 http://www.ibm.com/timex#d http://ex.org/variable#34	1
http://ex.org/variable#96 http://www.ibm.com/timex#b http://ex.org/variable#35	1
http://ex.org/variable#96 http://www.ibm.com/timex#d http://ex.org/variable#36	1
http://ex.org/variable#96 http://www.ibm.com/timex#d http://ex.org/variable#37	1
http://ex.org/variable#96 http://www.ibm.com/timex#d http://ex.org/variable#38	1
http://ex.org/variable#96 http://www.ibm.com/timex#b http://ex.org/variable#39	1
http://ex.org/variable#96 http://www.ibm.com/timex#d http://ex.org/variable#40	1
http://ex.org/variable#96 http://www.ibm.com/timex#d http://ex.org/variable#41	1
http://ex.org/variable#96 http://www.ibm.com/timex#b http://ex.org/variable#42	1
http://ex.org/variable#96 http://www.ibm.com/timex#d http://ex.org/variable#43	1
http://ex.org/variable#96 http://www.ibm.com/timex#d http://ex.org/variable#44	1
http://ex.org/variable#96 http://www.ibm.com/timex#b http://ex.org/variable#45	1
http://ex.org/variable#96 http://www.ibm.com/timex#d http://ex.org/variable#46	1
http://ex.org/variable#96 http://www.ibm.com/timex#d http://ex.org/variable#47	1
http://ex.org/variable#96 http://www.ibm.com/timex#b http://ex.org/variable#48	1
http://ex.org/variable#96 http://www.ibm.com/timex#d http://ex.org/variable#49	1
http://ex.org/variable#96 http://www.ibm.com/timex#b http://ex.org/variable#50	1
http://ex.org/variable#96 http://www.ibm.com/timex#b http://ex.org/variable#51	1
http://ex.org/variable#96 http://www.ibm.com/timex#d http://ex.org/variable#52	1
http://ex.org/variable#96 http://www.ibm.com/timex#d http://ex.org/variable#53	1
http://ex.org/variable#96 http://www.ibm.com/timex#d http://ex.org/variable#54	1
http://ex.org/variable#96 http://www.ibm.com/timex#b http://ex.org/variable#55	1
http://ex.org/variable#96 http://www.ibm.com/timex#b http://ex.org/variable#56	1
http://ex.org/variable#96 http://www.ibm.com/timex#d http://ex.org/variable#57	1
http://ex.org/variable#96 http://www.ibm.com/timex#d http://ex.org/variable#58	1
http://ex.org/variable#96 http://www.ibm.com/timex#d http://ex.org/variable#59	1
http://ex.org/variable#96 http://www.ibm.com/timex#d http://ex.org/variable#60	1
http://ex.org/variable#96 http://www.ibm.com/timex#d http://ex.org/variable#61	1
http://ex.org/variable#96 http://www.ibm.com/timex#b http://ex.org/variable#62	1
http://ex.org/variable#96 http://www.ibm.com/timex#d http://ex.org/variable#63	1
http://ex.org/variable#96 http://www.ibm.com/timex#d http://ex.org/variable#64	1
http://ex.org/variable#96 http://www.ibm.com/timex#oi http://ex.org/variable#65	1
http://ex.org/variable#96 http://www.ibm.com/timex#d http://ex.org/variable#66	1
http://ex.org/variable#96 http://www.ibm.com/timex#d http://ex.org/variable#67	1
http://ex.org/variable#96 http://www.ibm.com/timex#b http://ex.org/variable#68	1
http://ex.org/variable#96 http://www.ibm.com/timex#b http://ex.org/variable#69	1
http://ex.org/variable#96 http://www.ibm.com/timex#d http://ex.org/variable#70	1
http://ex.org/variable#96 http://www.ibm.com/timex#d http://ex.org/variable#71	1
http://ex.org/variable#96 http://www.ibm.com/timex#b http://ex.org/variable#72	1
http://ex.org/variable#96 http://www.ibm.com/timex#d http://ex.org/variable#73	1
http://ex.org/variable#96 http://www.ibm.com/timex#d http://ex.org/variable#74	1
http://ex.org/variable#96 http://www.ibm.com/timex#d http://ex.org/variable#75	1
http://ex.org/variable#96 http://www.ibm.com/timex#m_o http://ex.org/variable#76	1
http://ex.org/variable#96 http://www.ibm.com/timex#s http://ex.org/variable#77	1
http://ex.org/variable#96 http://www.ibm.com/timex#b http://ex.org/variable#78	1
http://ex.org/variable#96 http://www.ibm.com/timex#d http://ex.org/variable#79	1
http://ex.org/variable#96 http://www.ibm.com/timex#d http://ex.org/variable#80	1
http://ex.org/variable#96 http://www.ibm.com/timex#d http://ex.org/variable#81	1
http://ex.org/variable#96 http://www.ibm.com/timex#o_s http://ex.org/variable#82	1
http://ex.org/variable#96 http://www.ibm.com/timex#d http://ex.org/variable#83	1
http://ex.org/variable#96 http://www.ibm.com/timex#b http://ex.org/variable#84	1
http://ex.org/variable#96 http://www.ibm.com/timex#b http://ex.org/variable#85	1
http://ex.org/variable#96 http://www.ibm.com/timex#d http://ex.org/variable#86	1
http://ex.org/variable#96 http://www.ibm.com/timex#b http://ex.org/variable#87	1
http://ex.org/variable#96 http://www.ibm.com/timex#b http://ex.org/variable#88	1
http://ex.org/variable#96 http://www.ibm.com/timex#b http://ex.org/variable#89	1
http://ex.org/variable#96 http://www.ibm.com/timex#b http://ex.org/variable#90	1
http://ex.org/variable#96 http://www.ibm.com/timex#d http://ex.org/variable#91	1
http://ex.org/variable#96 http://www.ibm.com/timex#b http://ex.org/variable#92	1
http://ex.org/variable#96 http://www.ibm.com/timex#o http://ex.org/variable#93	1
http://ex.org/variable#96 http://www.ibm.com/timex#d http://ex.org/variable#94	1
http://ex.org/variable#96 http://www.ibm.com/timex#b http://ex.org/variable#95	1
http://ex.org/variable#96 http://www.ibm.com/timex#b http://ex.org/variable#97	1
http://ex.org/variable#96 http://www.ibm.com/timex#b http://ex.org/variable#98	1
http://ex.org/variable#96 http://www.ibm.com/timex#b http://ex.org/variable#99	1
http://ex.org/variable#96 http://www.ibm.com/timex#d http://ex.org/variable#100	1
http://ex.org/variable#96 http://www.ibm.com/timex#b http://ex.org/variable#101	1
http://ex.org/variable#96 http://www.ibm.com/timex#b http://ex.org/variable#102	1
http://ex.org/variable#96 http://www.ibm.com/timex#d http://ex.org/variable#103	1
http://ex.org/variable#96 http://www.ibm.com/timex#b http://ex.org/variable#104	1
http://ex.org/variable#96 http://www.ibm.com/timex#d http://ex.org/variable#105	1
http://ex.org/variable#96 http://www.ibm.com/timex#d http://ex.org/variable#106	1
http://ex.org/variable#96 http://www.ibm.com/timex#b http://ex.org/variable#107	1
http://ex.org/variable#96 http://www.ibm.com/timex#b http://ex.org/variable#108	1
http://ex.org/variable#96 http://www.ibm.com/timex#b http://ex.org/variable#109	1
http://ex.org/variable#96 http://www.ibm.com/timex#d http://ex.org/variable#110	1
http://ex.org/variable#96 http://www.ibm.com/timex#b http://ex.org/variable#111	1
http://ex.org/variable#96 http://www.ibm.com/timex#d http://ex.org/variable#112	1
http://ex.org/variable#96 http://www.ibm.com/timex#b http://ex.org/variable#113	1
http://ex.org/variable#96 http://www.ibm.com/timex#d http://ex.org/variable#114	1
http://ex.org/variable#96 http://www.ibm.com/timex#b http://ex.org/variable#115	1
http://ex.org/variable#96 http://www.ibm.com/timex#b http://ex.org/variable#116	1
http://ex.org/variable#96 http://www.ibm.com/timex#d http://ex.org/variable#117	1
http://ex.org/variable#96 http://www.ibm.com/timex#d http://ex.org/variable#118	1
http://ex.org/variable#96 http://www.ibm.com/timex#d http://ex.org/variable#119	1
http://ex.org/variable#96 http://www.ibm.com/timex#d http://ex.org/variable#120	1
http://ex.org/variable#96 http://www.ibm.com/timex#b http://ex.org/variable#121	1
http://ex.org/variable#96 http://www.ibm.com/timex#d http://ex.org/variable#122	1
http://ex.org/variable#96 http://www.ibm.com/timex#b http://ex.org/variable#123	1
http://ex.org/variable#96 http://www.ibm.com/timex#d http://ex.org/variable#124	1
http://ex.org/variable#96 http://www.ibm.com/timex#d http://ex.org/variable#125	1
http://ex.org/variable#96 http://www.ibm.com/timex#b http://ex.org/variable#126	1
http://ex.org/variable#96 http://www.ibm.com/timex#b http://ex.org/variable#127	1
http://ex.org/variable#96 http://www.ibm.com/timex#b http://ex.org/variable#128	1
http://ex.org/variable#96 http://www.ibm.com/timex#d http://ex.org/variable#129	1
http://ex.org/variable#96 http://www.ibm.com/timex#b http://ex.org/variable#130	1
http://ex.org/variable#96 http://www.ibm.com/timex#b http://ex.org/variable#131	1
http://ex.org/variable#96 http://www.ibm.com/timex#d http://ex.org/variable#132	1
http://ex.org/variable#96 http://www.ibm.com/timex#b http://ex.org/variable#133	1
http://ex.org/variable#96 http://www.ibm.com/timex#d http://ex.org/variable#134	1
http://ex.org/variable#96 http://www.ibm.com/timex#d http://ex.org/variable#135	1
http://ex.org/variable#96 http://www.ibm.com/timex#d http://ex.org/variable#136	1
http://ex.org/variable#96 http://www.ibm.com/timex#b http://ex.org/variable#137	1
http://ex.org/variable#96 http://www.ibm.com/timex#b http://ex.org/variable#138	1
http://ex.org/variable#96 http://www.ibm.com/timex#b http://ex.org/variable#139	1
http://ex.org/variable#96 http://www.ibm.com/timex#b http://ex.org/variable#140	1
http://ex.org/variable#96 http://www.ibm.com/timex#d http://ex.org/variable#141	1
http://ex.org/variable#96 http://www.ibm.com/timex#d http://ex.org/variable#142	1
http://ex.org/variable#96 http://www.ibm.com/timex#d http://ex.org/variable#143	1
http://ex.org/variable#96 http://www.ibm.com/timex#b http://ex.org/variable#144	1
http://ex.org/variable#96 http://www.ibm.com/timex#b http://ex.org/variable#145	1
http://ex.org/variable#96 http://www.ibm.com/timex#b http://ex.org/variable#146	1
http://ex.org/variable#96 http://www.ibm.com/timex#d http://ex.org/variable#147	1
http://ex.org/variable#96 http://www.ibm.com/timex#b http://ex.org/variable#148	1
http://ex.org/variable#96 http://www.ibm.com/timex#d http://ex.org/variable#149	1
http://ex.org/variable#96 http://www.ibm.com/timex#b http://ex.org/variable#150	1
http://ex.org/variable#96 http://www.ibm.com/timex#b http://ex.org/variable#151	1
http://ex.org/variable#96 http://www.ibm.com/timex#oi http://ex.org/variable#152	1
http://ex.org/variable#96 http://www.ibm.com/timex#d http://ex.org/variable#153	1
http://ex.org/variable#96 http://www.ibm.com/timex#b http://ex.org/variable#154	1
http://ex.org/variable#96 http://www.ibm.com/timex#d http://ex.org/variable#155	1
http://ex.org/variable#96 http://www.ibm.com/timex#d http://ex.org/variable#156	1
http://ex.org/variable#96 http://www.ibm.com/timex#bi_mi http://ex.org/variable#157	1
http://ex.org/variable#96 http://www.ibm.com/timex#d http://ex.org/variable#158	1
http://ex.org/variable#96 http://www.ibm.com/timex#b http://ex.org/variable#159	1
http://ex.org/variable#96 http://www.ibm.com/timex#b http://ex.org/variable#160	1
http://ex.org/variable#96 http://www.ibm.com/timex#b http://ex.org/variable#161	1
http://ex.org/variable#96 http://www.ibm.com/timex#d http://ex.org/variable#162	1
http://ex.org/variable#96 http://www.ibm.com/timex#b http://ex.org/variable#163	1
http://ex.org/variable#96 http://www.ibm.com/timex#b http://ex.org/variable#164	1
http://ex.org/variable#96 http://www.ibm.com/timex#b http://ex.org/variable#165	1
http://ex.org/variable#96 http://www.ibm.com/timex#d http://ex.org/variable#166	1
http://ex.org/variable#96 http://www.ibm.com/timex#d http://ex.org/variable#167	1
http://ex.org/variable#96 http://www.ibm.com/timex#b http://ex.org/variable#168	1
http://ex.org/variable#96 http://www.ibm.com/timex#d http://ex.org/variable#169	1
http://ex.org/variable#96 http://www.ibm.com/timex#b http://ex.org/variable#170	1
http://ex.org/variable#96 http://www.ibm.com/timex#d http://ex.org/variable#171	1
http://ex.org/variable#96 http://www.ibm.com/timex#bi http://ex.org/variable#172	1
http://ex.org/variable#96 http://www.ibm.com/timex#b http://ex.org/variable#173	1
http://ex.org/variable#96 http://www.ibm.com/timex#b http://ex.org/variable#174	1
http://ex.org/variable#96 http://www.ibm.com/timex#d http://ex.org/variable#175	1
http://ex.org/variable#96 http://www.ibm.com/timex#b http://ex.org/variable#176	1
http://ex.org/variable#96 http://www.ibm.com/timex#b http://ex.org/variable#177	1
http://ex.org/variable#96 http://www.ibm.com/timex#b http://ex.org/variable#178	1
http://ex.org/variable#96 http://www.ibm.com/timex#b http://ex.org/variable#179	1
http://ex.org/variable#96 http://www.ibm.com/timex#di http://ex.org/variable#180	1
http://ex.org/variable#96 http://www.ibm.com/timex#d http://ex.org/variable#181	1
http://ex.org/variable#96 http://www.ibm.com/timex#b http://ex.org/variable#182	1
http://ex.org/variable#96 http://www.ibm.com/timex#b http://ex.org/variable#183	1
http://ex.org/variable#96 http://www.ibm.com/timex#d http://ex.org/variable#184	1
http://ex.org/variable#96 http://www.ibm.com/timex#b http://ex.org/variable#185	1
http://ex.org/variable#96 http://www.ibm.com/timex#b http://ex.org/variable#186	1
http://ex.org/variable#96 http://www.ibm.com/timex#d http://ex.org/variable#187	1
http://ex.org/variable#96 http://www.ibm.com/timex#b http://ex.org/variable#188	1
http://ex.org/variable#96 http://www.ibm.com/timex#b http://ex.org/variable#189	1
http://ex.org/variable#97 http://www.ibm.com/timex#s http://ex.org/variable#0	1
http://ex.org/variable#97 http://www.ibm.com/timex#o http://ex.org/variable#1	1
http://ex.org/variable#97 http://www.ibm.com/timex#d http://ex.org/variable#2	1
http://ex.org/variable#97 http://www.ibm.com/timex#di http://ex.org/variable#3	1
http://ex.org/variable#97 http://www.ibm.com/timex#o http://ex.org/variable#4	1
http://ex.org/variable#97 http://www.ibm.com/timex#oi http://ex.org/variable#5	1
http://ex.org/variable#97 http://www.ibm.com/timex#di http://ex.org/variable#6	1
http://ex.org/variable#97 http://www.ibm.com/timex#d http://ex.org/variable#7	1
http://ex.org/variable#97 http://www.ibm.com/timex#bi http://ex.org/variable#8	1
http://ex.org/variable#97 http://www.ibm.com/timex#o http://ex.org/variable#9	1
http://ex.org/variable#97 http://www.ibm.com/timex#di http://ex.org/variable#10	1
http://ex.org/variable#97 http://www.ibm.com/timex#d http://ex.org/variable#11	1
http://ex.org/variable#97 http://www.ibm.com/timex#d http://ex.org/variable#12	1
http://ex.org/variable#97 http://www.ibm.com/timex#oi http://ex.org/variable#13	1
http://ex.org/variable#97 http://www.ibm.com/timex#di http://ex.org/variable#14	1
http://ex.org/variable#97 http://www.ibm.com/timex#oi http://ex.org/variable#15	1
http://ex.org/variable#97 http://www.ibm.com/timex#oi http://ex.org/variable#16	1
http://ex.org/variable#97 http://www.ibm.com/timex#di http://ex.org/variable#17	1
http://ex.org/variable#97 http://www.ibm.com/timex#oi http://ex.org/variable#18	1
http://ex.org/variable#97 http://www.ibm.com/timex#oi http://ex.org/variable#19	1
http://ex.org/variable#97 http://www.ibm.com/timex#d http://ex.org/variable#20	1
http://ex.org/variable#97 http://www.ibm.com/timex#o http://ex.org/variable#21	1
http://ex.org/variable#97 http://www.ibm.com/timex#d http://ex.org/variable#22	1
http://ex.org/variable#97 http://www.ibm.com/timex#oi http://ex.org/variable#23	1
http://ex.org/variable#97 http://www.ibm.com/timex#d http://ex.org/variable#24	1
http://ex.org/variable#97 http://www.ibm.com/timex#bi http://ex.org/variable#25	1
http://ex.org/variable#97 http://www.ibm.com/timex#di http://ex.org/variable#26	1
http://ex.org/variable#97 http://www.ibm.com/timex#oi http://ex.org/variable#27	1
http://ex.org/variable#97 http://www.ibm.com/timex#di http://ex.org/variable#28	1
http://ex.org/variable#97 http://www.ibm.com/timex#eq_fi http://ex.org/variable#29	1
http://ex.org/variable#97 http://www.ibm.com/timex#di http://ex.org/variable#30	1
http://ex.org/variable#97 http://www.ibm.com/timex#oi http://ex.org/variable#31	1
http://ex.org/variable#97 http://www.ibm.com/timex#oi http://ex.org/variable#32	1
http://ex.org/variable#97 http://www.ibm.com/timex#o http://ex.org/variable#33	1
http://ex.org/variable#97 http://www.ibm.com/timex#oi http://ex.org/variable#34	1
http://ex.org/variable#97 http://www.ibm.com/timex#di http://ex.org/variable#35	1
http://ex.org/variable#97 http://www.ibm.com/timex#oi http://ex.org/variable#36	1
http://ex.org/variable#97 http://www.ibm.com/timex#oi http://ex.org/variable#37	1
http://ex.org/variable#97 http://www.ibm.com/timex#oi http://ex.org/variable#38	1
http://ex.org/variable#97 http://www.ibm.com/timex#di http://ex.org/variable#39	1
http://ex.org/variable#97 http://www.ibm.com/timex#oi http://ex.org/variable#40	1
http://ex.org/variable#97 http://www.ibm.com/timex#f http://ex.org/variable#41	1
http://ex.org/variable#97 http://www.ibm.com/timex#d http://ex.org/variable#42	1
http://ex.org/variable#97 http://www.ibm.com/timex#oi http://ex.org/variable#43	1
http://ex.org/variable#97 http://www.ibm.com/timex#oi http://ex.org/variable#44	1
http://ex.org/variable#97 http://www.ibm.com/timex#o http://ex.org/variable#45	1
http://ex.org/variable#97 http://www.ibm.com/timex#oi http://ex.org/variable#46	1
http://ex.org/variable#97 http://www.ibm.com/timex#oi http://ex.org/variable#47	1
http://ex.org/variable#97 http://www.ibm.com/timex#di http://ex.org/variable#48	1
http://ex.org/variable#97 http://www.ibm.com/timex#oi http://ex.org/variable#49	1
http://ex.org/variable#97 http://www.ibm.com/timex#o http://ex.org/variable#50	1
http://ex.org/variable#97 http://www.ibm.com/timex#di http://ex.org/variable#51	1
http://ex.org/variable#97 http://www.ibm.com/timex#oi http://ex.org/variable#52	1
http://ex.org/variable#97 http://www.ibm.com/timex#oi http://ex.org/variable#53	1
http://ex.org/variable#97 http://www.ibm.com/timex#oi http://ex.org/variable#54	1
http://ex.org/variable#97 http://www.ibm.com/timex#di http://ex.org/variable#55	1
http://ex.org/variable#97 http://www.ibm.com/timex#oi http://ex.org/variable#56	1
http://ex.org/variable#97 http://www.ibm.com/timex#oi http://ex.org/variable#57	1
http://ex.org/variable#97 http://www.ibm.com/timex#oi http://ex.org/variable#58	1
http://ex.org/variable#97 http://www.ibm.com/timex#d http://ex.org/variable#59	1
http://ex.org/variable#97 http://www.ibm.com/timex#d http://ex.org/variable#60	1
http://ex.org/variable#97 http://www.ibm.com/timex#d http://ex.org/variable#61	1
http://ex.org/variable#97 http://www.ibm.com/timex#d http://ex.org/variable#62	1
http://ex.org/variable#97 http://www.ibm.com/timex#oi http://ex.org/variable#63	1
http://ex.org/variable#97 http://www.ibm.com/timex#d http://ex.org/variable#64	1
http://ex.org/variable#97 http://www.ibm.com/timex#bi http://ex.org/variable#65	1
http://ex.org/variable#97 http://www.ibm.com/timex#oi http://ex.org/variable#66	1
http://ex.org/variable#97 http://www.ibm.com/timex#d http://ex.org/variable#67	1
http://ex.org/variable#97 http://www.ibm.com/timex#d http://ex.org/variable#68	1
http://ex.org/variable#97 http://www.ibm.com/timex#oi http://ex.org/variable#69	1
http://ex.org/variable#97 http://www.ibm.com/timex#d http://ex.org/variable#70	1
http://ex.org/variable#97 http://www.ibm.com/timex#oi http://ex.org/variable#71	1
http://ex.org/variable#97 http://www.ibm.com/timex#di http://ex.org/variable#72	1
http://ex.org/variable#97 http://www.ibm.com/timex#oi http://ex.org/variable#73	1
http://ex.org/variable#97 http://www.ibm.com/timex#d http://ex.org/variable#74	1
http://ex.org/variable#97 http://www.ibm.com/timex#oi http://ex.org/variable#75	1
http://ex.org/variable#97 http://www.ibm.com/timex#oi http://ex.org/variable#76	1
http://ex.org/variable#97 http://www.ibm.com/timex#d http://ex.org/variable#77	1
http://ex.org/variable#97 http://www.ibm.com/timex#oi http://ex.org/variable#78	1
http://ex.org/variable#97 http://www.ibm.com/timex#oi http://ex.org/variable#79	1
http://ex.org/variable#97 http://www.ibm.com/timex#d http://ex.org/variable#80	1
http://ex.org/variable#97 http://www.ibm.com/timex#oi http://ex.org/variable#81	1
http://ex.org/variable#97 http://www.ibm.com/timex#oi http://ex.org/variable#82	1
http://ex.org/variable#97 http://www.ibm.com/timex#d http://ex.org/variable#83	1
http://ex.org/variable#97 http://www.ibm.com/timex#di http://ex.org/variable#84	1
http://ex.org/variable#97 http://www.ibm.com/timex#di http://ex.org/variable#85	1
http://ex.org/variable#97 http://www.ibm.com/timex#d http://ex.org/variable#86	1
http://ex.org/variable#97 http://www.ibm.com/timex#o http://ex.org/variable#87	1
http://ex.org/variable#97 http://www.ibm.com/timex#di http://ex.org/variable#88	1
http://ex.org/variable#97 http://www.ibm.com/timex#d http://ex.org/variable#89	1
http://ex.org/variable#97 http://www.ibm.com/timex#oi_di_si http://ex.org/variable#90	1
http://ex.org/variable#97 http://www.ibm.com/timex#d http://ex.org/variable#91	1
http://ex.org/variable#97 http://www.ibm.com/timex#o http://ex.org/variable#92	1
http://ex.org/variable#97 http://www.ibm.com/timex#oi http://ex.org/variable#93	1
http://ex.org/variable#97 http://www.ibm.com/timex#oi http://ex.org/variable#94	1
http://ex.org/variable#97 http://www.ibm.com/timex#di http://ex.org/variable#95	1
http://ex.org/variable#97 http://www.ibm.com/timex#bi http://ex.org/variable#96	1
http://ex.org/variable#97 http://www.ibm.com/timex#o http://ex.org/variable#98	1
http://ex.org/variable#97 http://www.ibm.com/timex#di http://ex.org/variable#99	1
http://ex.org/variable#97 http://www.ibm.com/timex#oi http://ex.org/variable#100	1
http://ex.org/variable#97 http://www.ibm.com/timex#d http://ex.org/variable#101	1
http://ex.org/variable#97 http://www.ibm.com/timex#di http://ex.org/variable#102	1
http://ex.org/variable#97 http://www.ibm.com/timex#oi http://ex.org/variable#103	1
http://ex.org/variable#97 http://www.ibm.com/timex#b http://ex.org/variable#104	1
http://ex.org/variable#97 http://www.ibm.com/timex#d http://ex.org/variable#105	1
http://ex.org/variable#97 http://www.ibm.com/timex#d http://ex.org/variable#106	1
http://ex.org/variable#97 http://www.ibm.com/timex#oi http://ex.org/variable#107	1
http://ex.org/variable#97 http://www.ibm.com/timex#di http://ex.org/variable#108	1
http://ex.org/variable#97 http://www.ibm.com/timex#di http://ex.org/variable#109	1
http://ex.org/variable#97 http://www.ibm.com/timex#d http://ex.org/variable#110	1
http://ex.org/variable#97 http://www.ibm.com/timex#oi http://ex.org/variable#111	1
http://ex.org/variable#97 http://www.ibm.com/timex#oi http://ex.org/variable#112	1
http://ex.org/variable#97 http://www.ibm.com/timex#di http://ex.org/variable#113	1
http://ex.org/variable#97 http://www.ibm.com/timex#oi http://ex.org/variable#114	1
http://ex.org/variable#97 http://www.ibm.com/timex#fi http://ex.org/variable#115	1
http://ex.org/variable#97 http://www.ibm.com/timex#di http://ex.org/variable#116	1
http://ex.org/variable#97 http://www.ibm.com/timex#oi http://ex.org/variable#117	1
http://ex.org/variable#97 http://www.ibm.com/timex#oi http://ex.org/variable#118	1
http://ex.org/variable#97 http://www.ibm.com/timex#d http://ex.org/variable#119	1
http://ex.org/variable#97 http://www.ibm.com/timex#oi http://ex.org/variable#120	1
http://ex.org/variable#97 http://www.ibm.com/timex#fi http://ex.org/variable#121	1
http://ex.org/variable#97 http://www.ibm.com/timex#oi http://ex.org/variable#122	1
http://ex.org/variable#97 http://www.ibm.com/timex#o http://ex.org/variable#123	1
http://ex.org/variable#97 http://www.ibm.com/timex#oi http://ex.org/variable#124	1
http://ex.org/variable#97 http://www.ibm.com/timex#oi http://ex.org/variable#125	1
http://ex.org/variable#97 http://www.ibm.com/timex#di http://ex.org/variable#126	1
http://ex.org/variable#97 http://www.ibm.com/timex#di http://ex.org/variable#127	1
http://ex.org/variable#97 http://www.ibm.com/timex#o http://ex.org/variable#128	1
http://ex.org/variable#97 http://www.ibm.com/timex#oi http://ex.org/variable#129	1
http://ex.org/variable#97 http://www.ibm.com/timex#oi http://ex.org/variable#130	1
http://ex.org/variable#97 http://www.ibm.com/timex#o http://ex.org/variable#131	1
http://ex.org/variable#97 http://www.ibm.com/timex#d http://ex.org/variable#132	1
http://ex.org/variable#97 http://www.ibm.com/timex#o http://ex.org/variable#133	1
http://ex.org/variable#97 http://www.ibm.com/timex#oi http://ex.org/variable#134	1
http://ex.org/variable#97 http://www.ibm.com/timex#d http://ex.org/variable#135	1
http://ex.org/variable#97 http://www.ibm.com/timex#d http://ex.org/variable#136	1
http://ex.org/variable#97 http://www.ibm.com/timex#di http://ex.org/variable#137	1
http://ex.org/variable#97 http://www.ibm.com/timex#o http://ex.org/variable#138	1
http://ex.org/variable#97 http://www.ibm.com/timex#oi http://ex.org/variable#139	1
http://ex.org/variable#97 http://www.ibm.com/timex#oi http://ex.org/variable#140	1
http://ex.org/variable#97 http://www.ibm.com/timex#d http://ex.org/variable#141	1
http://ex.org/variable#97 http://www.ibm.com/timex#oi http://ex.org/variable#142	1
http://ex.org/variable#97 http://www.ibm.com/timex#d http://ex.org/variable#143	1
http://ex.org/variable#97 http://www.ibm.com/timex#d http://ex.org/variable#144	1
http://ex.org/variable#97 http://www.ibm.com/timex#fi http://ex.org/variable#145	1
http://ex.org/variable#97 http://www.ibm.com/timex#o http://ex.org/variable#146	1
http://ex.org/variable#97 http://www.ibm.com/timex#oi http://ex.org/variable#147	1
http://ex.org/variable#97 http://www.ibm.com/timex#oi http://ex.org/variable#148	1
http://ex.org/variable#97 http://www.ibm.com/timex#oi http://ex.org/variable#149	1
http://ex.org/variable#97 http://www.ibm.com/timex#o http://ex.org/variable#150	1
http://ex.org/variable#97 http://www.ibm.com/timex#d http://ex.org/variable#151	1
http://ex.org/variable#97 http://www.ibm.com/timex#bi http://ex.org/variable#152	1
http://ex.org/variable#97 http://www.ibm.com/timex#d http://ex.org/variable#153	1
http://ex.org/variable#97 http://www.ibm.com/timex#di http://ex.org/variable#154	1
http://ex.org/variable#97 http://www.ibm.com/timex#oi http://ex.org/variable#155	1
http://ex.org/variable#97 http://www.ibm.com/timex#oi http://ex.org/variable#156	1
http://ex.org/variable#97 http://www.ibm.com/timex#bi http://ex.org/variable#157	1
http://ex.org/variable#97 http://www.ibm.com/timex#oi http://ex.org/variable#158	1
http://ex.org/variable#97 http://www.ibm.com/timex#o http://ex.org/variable#159	1
http://ex.org/variable#97 http://www.ibm.com/timex#oi http://ex.org/variable#160	1
http://ex.org/variable#97 http://www.ibm.com/timex#di http://ex.org/variable#161	1
http://ex.org/variable#97 http://www.ibm.com/timex#oi http://ex.org/variable#162	1
http://ex.org/variable#97 http://www.ibm.com/timex#fi http://ex.org/variable#163	1
http://ex.org/variable#97 http://www.ibm.com/timex#o_d_s http://ex.org/variable#164	1
http://ex.org/variable#97 http://www.ibm.com/timex#oi_si http://ex.org/variable#165	1
http://ex.org/variable#97 http://www.ibm.com/timex#oi http://ex.org/variable#166	1
http://ex.org/variable#97 http://www.ibm.com/timex#oi http://ex.org/variable#167	1
http://ex.org/variable#97 http://www.ibm.com/timex#o http://ex.org/variable#168	1
http://ex.org/variable#97 http://www.ibm.com/timex#d http://ex.org/variable#169	1
http://ex.org/variable#97 http://www.ibm.com/timex#o http://ex.org/variable#170	1
http://ex.org/variable#97 http://www.ibm.com/timex#oi http://ex.org/variable#171	1
http://ex.org/variable#97 http://www.ibm.com/timex#bi http://ex.org/variable#172	1
http://ex.org/variable#97 http://www.ibm.com/timex#di http://ex.org/variable#173	1
http://ex.org/variable#97 http://www.ibm.com/timex#di http://ex.org/variable#174	1
http://ex.org/variable#97 http://www.ibm.com/timex#oi http://ex.org/variable#175	1
http://ex.org/variable#97 http://www.ibm.com/timex#o http://ex.org/variable#176	1
http://ex.org/variable#97 http://www.ibm.com/timex#oi http://ex.org/variable#177	1
http://ex.org/variable#97 http://www.ibm.com/timex#d http://ex.org/variable#178	1
http://ex.org/variable#97 http://www.ibm.com/timex#o http://ex.org/variable#179	1
http://ex.org/variable#97 http://www.ibm.com/timex#bi http://ex.org/variable#180	1
http://ex.org/variable#97 http://www.ibm.com/timex#oi http://ex.org/variable#181	1
http://ex.org/variable#97 http://www.ibm.com/timex#di http://ex.org/variable#182	1
http://ex.org/variable#97 http://www.ibm.com/timex#o http://ex.org/variable#183	1
http://ex.org/variable#97 http://www.ibm.com/timex#oi http://ex.org/variable#184	1
http://ex.org/variable#97 http://www.ibm.com/timex#oi http://ex.org/variable#185	1
http://ex.org/variable#97 http://www.ibm.com/timex#fi http://ex.org/variable#186	1
http://ex.org/variable#97 http://www.ibm.com/timex#oi http://ex.org/variable#187	1
http://ex.org/variable#97 http://www.ibm.com/timex#di http://ex.org/variable#188	1
http://ex.org/variable#97 http://www.ibm.com/timex#di http://ex.org/variable#189	1
http://ex.org/variable#98 http://www.ibm.com/timex#d http://ex.org/variable#0	1
http://ex.org/variable#98 http://www.ibm.com/timex#o http://ex.org/variable#1	1
http://ex.org/variable#98 http://www.ibm.com/timex#d_f http://ex.org/variable#2	1
http://ex.org/variable#98 http://www.ibm.com/timex#oi http://ex.org/variable#3	1
http://ex.org/variable#98 http://www.ibm.com/timex#d http://ex.org/variable#4	1
http://ex.org/variable#98 http://www.ibm.com/timex#bi http://ex.org/variable#5	1
http://ex.org/variable#98 http://www.ibm.com/timex#oi http://ex.org/variable#6	1
http://ex.org/variable#98 http://www.ibm.com/timex#d http://ex.org/variable#7	1
http://ex.org/variable#98 http://www.ibm.com/timex#bi http://ex.org/variable#8	1
http://ex.org/variable#98 http://www.ibm.com/timex#d http://ex.org/variable#9	1
http://ex.org/variable#98 http://www.ibm.com/timex#oi http://ex.org/variable#10	1
http://ex.org/variable#98 http://www.ibm.com/timex#oi_d http://ex.org/variable#11	1
http://ex.org/variable#98 http://www.ibm.com/timex#d http://ex.org/variable#12	1
http://ex.org/variable#98 http://www.ibm.com/timex#bi http://ex.org/variable#13	1
http://ex.org/variable#98 http://www.ibm.com/timex#bi http://ex.org/variable#14	1
http://ex.org/variable#98 http://www.ibm.com/timex#bi http://ex.org/variable#15	1
http://ex.org/variable#98 http://www.ibm.com/timex#bi http://ex.org/variable#16	1
http://ex.org/variable#98 http://www.ibm.com/timex#oi_di http://ex.org/variable#17	1
http://ex.org/variable#98 http://www.ibm.com/timex#oi http://ex.org/variable#18	1
http://ex.org/variable#98 http://www.ibm.com/timex#bi http://ex.org/variable#19	1
http://ex.org/variable#98 http://www.ibm.com/timex#d http://ex.org/variable#20	1
http://ex.org/variable#98 http://www.ibm.com/timex#oi http://ex.org/variable#21	1
http://ex.org/variable#98 http://www.ibm.com/timex#d http://ex.org/variable#22	1
http://ex.org/variable#98 http://www.ibm.com/timex#bi http://ex.org/variable#23	1
http://ex.org/variable#98 http://www.ibm.com/timex#d http://ex.org/variable#24	1
http://ex.org/variable#98 http://www.ibm.com/timex#bi http://ex.org/variable#25	1
http://ex.org/variable#98 http://www.ibm.com/timex#oi http://ex.org/variable#26	1
http://ex.org/variable#98 http://www.ibm.com/timex#bi http://ex.org/variable#27	1
http://ex.org/variable#98 http://www.ibm.com/timex#oi http://ex.org/variable#28	1
http://ex.org/variable#98 http://www.ibm.com/timex#oi http://ex.org/variable#29	1
http://ex.org/variable#98 http://www.ibm.com/timex#bi http://ex.org/variable#30	1
http://ex.org/variable#98 http://www.ibm.com/timex#bi http://ex.org/variable#31	1
http://ex.org/variable#98 http://www.ibm.com/timex#bi http://ex.org/variable#32	1
http://ex.org/variable#98 http://www.ibm.com/timex#d http://ex.org/variable#33	1
http://ex.org/variable#98 http://www.ibm.com/timex#oi http://ex.org/variable#34	1
http://ex.org/variable#98 http://www.ibm.com/timex#bi http://ex.org/variable#35	1
http://ex.org/variable#98 http://www.ibm.com/timex#bi http://ex.org/variable#36	1
http://ex.org/variable#98 http://www.ibm.com/timex#bi http://ex.org/variable#37	1
http://ex.org/variable#98 http://www.ibm.com/timex#oi http://ex.org/variable#38	1
http://ex.org/variable#98 http://www.ibm.com/timex#mi_oi http://ex.org/variable#39	1
http://ex.org/variable#98 http://www.ibm.com/timex#bi http://ex.org/variable#40	1
http://ex.org/variable#98 http://www.ibm.com/timex#oi http://ex.org/variable#41	1
http://ex.org/variable#98 http://www.ibm.com/timex#d http://ex.org/variable#42	1
http://ex.org/variable#98 http://www.ibm.com/timex#oi http://ex.org/variable#43	1
http://ex.org/variable#98 http://www.ibm.com/timex#oi http://ex.org/variable#44	1
http://ex.org/variable#98 http://www.ibm.com/timex#d http://ex.org/variable#45	1
http://ex.org/variable#98 http://www.ibm.com/timex#bi http://ex.org/variable#46	1
http://ex.org/variable#98 http://www.ibm.com/timex#bi http://ex.org/variable#47	1
http://ex.org/variable#98 http://www.ibm.com/timex#oi http://ex.org/variable#48	1
http://ex.org/variable#98 http://www.ibm.com/timex#bi http://ex.org/variable#49	1
http://ex.org/variable#98 http://www.ibm.com/timex#d http://ex.org/variable#50	1
http://ex.org/variable#98 http://www.ibm.com/timex#oi http://ex.org/variable#51	1
http://ex.org/variable#98 http://www.ibm.com/timex#oi http://ex.org/variable#52	1
http://ex.org/variable#98 http://www.ibm.com/timex#oi http://ex.org/variable#53	1
http://ex.org/variable#98 http://www.ibm.com/timex#oi http://ex.org/variable#54	1
http://ex.org/variable#98 http://www.ibm.com/timex#oi http://ex.org/variable#55	1
http://ex.org/variable#98 http://www.ibm.com/timex#bi http://ex.org/variable#56	1
http://ex.org/variable#98 http://www.ibm.com/timex#bi http://ex.org/variable#57	1
http://ex.org/variable#98 http://www.ibm.com/timex#bi_mi_oi http://ex.org/variable#58	1
http://ex.org/variable#98 http://www.ibm.com/timex#d http://ex.org/variable#59	1
http://ex.org/variable#98 http://www.ibm.com/timex#d http://ex.org/variable#60	1
http://ex.org/variable#98 http://www.ibm.com/timex#d http://ex.org/variable#61	1
http://ex.org/variable#98 http://www.ibm.com/timex#d http://ex.org/variable#62	1
http://ex.org/variable#98 http://www.ibm.com/timex#oi http://ex.org/variable#63	1
http://ex.org/variable#98 http://www.ibm.com/timex#oi http://ex.org/variable#64	1
http://ex.org/variable#98 http://www.ibm.com/timex#bi http://ex.org/variable#65	1
http://ex.org/variable#98 http://www.ibm.com/timex#bi http://ex.org/variable#66	1
http://ex.org/variable#98 http://www.ibm.com/timex#d http://ex.org/variable#67	1
http://ex.org/variable#98 http://www.ibm.com/timex#d_f http://ex.org/variable#68	1
http://ex.org/variable#98 http://www.ibm.com/timex#bi http://ex.org/variable#69	1
http://ex.org/variable#98 http://www.ibm.com/timex#d http://ex.org/variable#70	1
http://ex.org/variable#98 http://www.ibm.com/timex#bi http://ex.org/variable#71	1
http://ex.org/variable#98 http://www.ibm.com/timex#oi http://ex.org/variable#72	1
http://ex.org/variable#98 http://www.ibm.com/timex#bi_mi_oi http://ex.org/variable#73	1
http://ex.org/variable#98 http://www.ibm.com/timex#oi_d_f http://ex.org/variable#74	1
http://ex.org/variable#98 http://www.ibm.com/timex#bi_mi_oi http://ex.org/variable#75	1
http://ex.org/variable#98 http://www.ibm.com/timex#oi http://ex.org/variable#76	1
http://ex.org/variable#98 http://www.ibm.com/timex#d http://ex.org/variable#77	1
http://ex.org/variable#98 http://www.ibm.com/timex#bi http://ex.org/variable#78	1
http://ex.org/variable#98 http://www.ibm.com/timex#bi http://ex.org/variable#79	1
http://ex.org/variable#98 http://www.ibm.com/timex#d http://ex.org/variable#80	1
http://ex.org/variable#98 http://www.ibm.com/timex#bi http://ex.org/variable#81	1
http://ex.org/variable#98 http://www.ibm.com/timex#bi http://ex.org/variable#82	1
http://ex.org/variable#98 http://www.ibm.com/timex#oi http://ex.org/variable#83	1
http://ex.org/variable#98 http://www.ibm.com/timex#oi http://ex.org/variable#84	1
http://ex.org/variable#98 http://www.ibm.com/timex#oi http://ex.org/variable#85	1
http://ex.org/variable#98 http://www.ibm.com/timex#d http://ex.org/variable#86	1
http://ex.org/variable#98 http://www.ibm.com/timex#d_f http://ex.org/variable#87	1
http://ex.org/variable#98 http://www.ibm.com/timex#di http://ex.org/variable#88	1
http://ex.org/variable#98 http://www.ibm.com/timex#d http://ex.org/variable#89	1
http://ex.org/variable#98 http://www.ibm.com/timex#bi_mi_oi http://ex.org/variable#90	1
http://ex.org/variable#98 http://www.ibm.com/timex#d http://ex.org/variable#91	1
http://ex.org/variable#98 http://www.ibm.com/timex#d http://ex.org/variable#92	1
http://ex.org/variable#98 http://www.ibm.com/timex#oi http://ex.org/variable#93	1
http://ex.org/variable#98 http://www.ibm.com/timex#bi http://ex.org/variable#94	1
http://ex.org/variable#98 http://www.ibm.com/timex#bi http://ex.org/variable#95	1
http://ex.org/variable#98 http://www.ibm.com/timex#bi http://ex.org/variable#96	1
http://ex.org/variable#98 http://www.ibm.com/timex#oi http://ex.org/variable#97	1
http://ex.org/variable#98 http://www.ibm.com/timex#oi http://ex.org/variable#99	1
http://ex.org/variable#98 http://www.ibm.com/timex#bi http://ex.org/variable#100	1
http://ex.org/variable#98 http://www.ibm.com/timex#oi_d_f http://ex.org/variable#101	1
http://ex.org/variable#98 http://www.ibm.com/timex#bi http://ex.org/variable#102	1
http://ex.org/variable#98 http://www.ibm.com/timex#oi http://ex.org/variable#103	1
http://ex.org/variable#98 http://www.ibm.com/timex#di http://ex.org/variable#104	1
http://ex.org/variable#98 http://www.ibm.com/timex#oi http://ex.org/variable#105	1
http://ex.org/variable#98 http://www.ibm.com/timex#d http://ex.org/variable#106	1
http://ex.org/variable#98 http://www.ibm.com/timex#oi http://ex.org/variable#107	1
http://ex.org/variable#98 http://www.ibm.com/timex#bi http://ex.org/variable#108	1
http://ex.org/variable#98 http://www.ibm.com/timex#bi http://ex.org/variable#109	1
http://ex.org/variable#98 http://www.ibm.com/timex#oi_d_f http://ex.org/variable#110	1
http://ex.org/variable#98 http://www.ibm.com/timex#bi http://ex.org/variable#111	1
http://ex.org/variable#98 http://www.ibm.com/timex#bi_mi_oi http://ex.org/variable#112	1
http://ex.org/variable#98 http://www.ibm.com/timex#bi http://ex.org/variable#113	1
http://ex.org/variable#98 http://www.ibm.com/timex#oi http://ex.org/variable#114	1
http://ex.org/variable#98 http://www.ibm.com/timex#di http://ex.org/variable#115	1
http://ex.org/variable#98 http://www.ibm.com/timex#bi http://ex.org/variable#116	1
http://ex.org/variable#98 http://www.ibm.com/timex#bi http://ex.org/variable#117	1
http://ex.org/variable#98 http://www.ibm.com/timex#bi http://ex.org/variable#118	1
http://ex.org/variable#98 http://www.ibm.com/timex#oi http://ex.org/variable#119	1
http://ex.org/variable#98 http://www.ibm.com/timex#bi http://ex.org/variable#120	1
http://ex.org/variable#98 http://www.ibm.com/timex#di http://ex.org/variable#121	1
http://ex.org/variable#98 http://www.ibm.com/timex#oi http://ex.org/variable#122	1
http://ex.org/variable#98 http://www.ibm.com/timex#d http://ex.org/variable#123	1
http://ex.org/variable#98 http://www.ibm.com/timex#bi http://ex.org/variable#124	1
http://ex.org/variable#98 http://www.ibm.com/timex#bi http://ex.org/variable#125	1
http://ex.org/variable#98 http://www.ibm.com/timex#oi http://ex.org/variable#126	1
http://ex.org/variable#98 http://www.ibm.com/timex#oi http://ex.org/variable#127	1
http://ex.org/variable#98 http://www.ibm.com/timex#d http://ex.org/variable#128	1
http://ex.org/variable#98 http://www.ibm.com/timex#bi http://ex.org/variable#129	1
http://ex.org/variable#98 http://www.ibm.com/timex#bi http://ex.org/variable#130	1
http://ex.org/variable#98 http://www.ibm.com/timex#o http://ex.org/variable#131	1
http://ex.org/variable#98 http://www.ibm.com/timex#oi http://ex.org/variable#132	1
http://ex.org/variable#98 http://www.ibm.com/timex#d http://ex.org/variable#133	1
http://ex.org/variable#98 http://www.ibm.com/timex#bi http://ex.org/variable#134	1
http://ex.org/variable#98 http://www.ibm.com/timex#d http://ex.org/variable#135	1
http://ex.org/variable#98 http://www.ibm.com/timex#d http://ex.org/variable#136	1
http://ex.org/variable#98 http://www.ibm.com/timex#bi http://ex.org/variable#137	1
http://ex.org/variable#98 http://www.ibm.com/timex#oi_d_f http://ex.org/variable#138	1
http://ex.org/variable#98 http://www.ibm.com/timex#bi http://ex.org/variable#139	1
http://ex.org/variable#98 http://www.ibm.com/timex#bi http://ex.org/variable#140	1
http://ex.org/variable#98 http://www.ibm.com/timex#d http://ex.org/variable#141	1
http://ex.org/variable#98 http://www.ibm.com/timex#bi http://ex.org/variable#142	1
http://ex.org/variable#98 http://www.ibm.com/timex#d http://ex.org/variable#143	1
http://ex.org/variable#98 http://www.ibm.com/timex#d http://ex.org/variable#144	1
http://ex.org/variable#98 http://www.ibm.com/timex#oi http://ex.org/variable#145	1
http://ex.org/variable#98 http://www.ibm.com/timex#d http://ex.org/variable#146	1
http://ex.org/variable#98 http://www.ibm.com/timex#bi_mi_oi http://ex.org/variable#147	1
http://ex.org/variable#98 http://www.ibm.com/timex#oi http://ex.org/variable#148	1
http://ex.org/variable#98 http://www.ibm.com/timex#bi http://ex.org/variable#149	1
http://ex.org/variable#98 http://www.ibm.com/timex#d http://ex.org/variable#150	1
http://ex.org/variable#98 http://www.ibm.com/timex#d http://ex.org/variable#151	1
http://ex.org/variable#98 http://www.ibm.com/timex#bi http://ex.org/variable#152	1
http://ex.org/variable#98 http://www.ibm.com/timex#d http://ex.org/variable#153	1
http://ex.org/variable#98 http://www.ibm.com/timex#bi http://ex.org/variable#154	1
http://ex.org/variable#98 http://www.ibm.com/timex#oi http://ex.org/variable#155	1
http://ex.org/variable#98 http://www.ibm.com/timex#oi http://ex.org/variable#156	1
http://ex.org/variable#98 http://www.ibm.com/timex#bi http://ex.org/variable#157	1
http://ex.org/variable#98 http://www.ibm.com/timex#bi http://ex.org/variable#158	1
http://ex.org/variable#98 http://www.ibm.com/timex#d http://ex.org/variable#159	1
http://ex.org/variable#98 http://www.ibm.com/timex#oi http://ex.org/variable#160	1
http://ex.org/variable#98 http://www.ibm.com/timex#bi http://ex.org/variable#161	1
http://ex.org/variable#98 http://www.ibm.com/timex#bi http://ex.org/variable#162	1
http://ex.org/variable#98 http://www.ibm.com/timex#oi http://ex.org/variable#163	1
http://ex.org/variable#98 http://www.ibm.com/timex#oi_f http://ex.org/variable#164	1
http://ex.org/variable#98 http://www.ibm.com/timex#bi http://ex.org/variable#165	1
http://ex.org/variable#98 http://www.ibm.com/timex#bi http://ex.org/variable#166	1
http://ex.org/variable#98 http://www.ibm.com/timex#bi http://ex.org/variable#167	1
http://ex.org/variable#98 http://www.ibm.com/timex#oi_d_f http://ex.org/variable#168	1
http://ex.org/variable#98 http://www.ibm.com/timex#oi http://ex.org/variable#169	1
http://ex.org/variable#98 http://www.ibm.com/timex#oi_d_f http://ex.org/variable#170	1
http://ex.org/variable#98 http://www.ibm.com/timex#bi http://ex.org/variable#171	1
http://ex.org/variable#98 http://www.ibm.com/timex#bi http://ex.org/variable#172	1
http://ex.org/variable#98 http://www.ibm.com/timex#di http://ex.org/variable#173	1
http://ex.org/variable#98 http://www.ibm.com/timex#oi http://ex.org/variable#174	1
http://ex.org/variable#98 http://www.ibm.com/timex#oi http://ex.org/variable#175	1
http://ex.org/variable#98 http://www.ibm.com/timex#d http://ex.org/variable#176	1
http://ex.org/variable#98 http://www.ibm.com/timex#oi http://ex.org/variable#177	1
http://ex.org/variable#98 http://www.ibm.com/timex#d http://ex.org/variable#178	1
http://ex.org/variable#98 http://www.ibm.com/timex#oi http://ex.org/variable#179	1
http://ex.org/variable#98 http://www.ibm.com/timex#bi http://ex.org/variable#180	1
http://ex.org/variable#98 http://www.ibm.com/timex#bi http://ex.org/variable#181	1
http://ex.org/variable#98 http://www.ibm.com/timex#bi http://ex.org/variable#182	1
http://ex.org/variable#98 http://www.ibm.com/timex#oi http://ex.org/variable#183	1
http://ex.org/variable#98 http://www.ibm.com/timex#bi http://ex.org/variable#184	1
http://ex.org/variable#98 http://www.ibm.com/timex#oi http://ex.org/variable#185	1
http://ex.org/variable#98 http://www.ibm.com/timex#oi http://ex.org/variable#186	1
http://ex.org/variable#98 http://www.ibm.com/timex#oi http://ex.org/variable#187	1
http://ex.org/variable#98 http://www.ibm.com/timex#mi_oi http://ex.org/variable#188	1
http://ex.org/variable#98 http://www.ibm.com/timex#bi http://ex.org/variable#189	1
http://ex.org/variable#99 http://www.ibm.com/timex#d http://ex.org/variable#0	1
http://ex.org/variable#99 http://www.ibm.com/timex#o http://ex.org/variable#1	1
http://ex.org/variable#99 http://www.ibm.com/timex#d http://ex.org/variable#2	1
http://ex.org/variable#99 http://www.ibm.com/timex#oi http://ex.org/variable#3	1
http://ex.org/variable#99 http://www.ibm.com/timex#d http://ex.org/variable#4	1
http://ex.org/variable#99 http://www.ibm.com/timex#bi http://ex.org/variable#5	1
http://ex.org/variable#99 http://www.ibm.com/timex#oi http://ex.org/variable#6	1
http://ex.org/variable#99 http://www.ibm.com/timex#d http://ex.org/variable#7	1
http://ex.org/variable#99 http://www.ibm.com/timex#bi http://ex.org/variable#8	1
http://ex.org/variable#99 http://www.ibm.com/timex#d http://ex.org/variable#9	1
http://ex.org/variable#99 http://www.ibm.com/timex#d http://ex.org/variable#10	1
http://ex.org/variable#99 http://www.ibm.com/timex#d http://ex.org/variable#11	1
http://ex.org/variable#99 http://www.ibm.com/timex#d http://ex.org/variable#12	1
http://ex.org/variable#99 http://www.ibm.com/timex#bi http://ex.org/variable#13	1
http://ex.org/variable#99 http://www.ibm.com/timex#bi http://ex.org/variable#14	1
http://ex.org/variable#99 http://www.ibm.com/timex#oi http://ex.org/variable#15	1
http://ex.org/variable#99 http://www.ibm.com/timex#bi http://ex.org/variable#16	1
http://ex.org/variable#99 http://www.ibm.com/timex#di http://ex.org/variable#17	1
http://ex.org/variable#99 http://www.ibm.com/timex#oi http://ex.org/variable#18	1
http://ex.org/variable#99 http://www.ibm.com/timex#bi http://ex.org/variable#19	1
http://ex.org/variable#99 http://www.ibm.com/timex#d http://ex.org/variable#20	1
http://ex.org/variable#99 http://www.ibm.com/timex#d http://ex.org/variable#21	1
http://ex.org/variable#99 http://www.ibm.com/timex#d http://ex.org/variable#22	1
http://ex.org/variable#99 http://www.ibm.com/timex#bi http://ex.org/variable#23	1
http://ex.org/variable#99 http://www.ibm.com/timex#d http://ex.org/variable#24	1
http://ex.org/variable#99 http://www.ibm.com/timex#bi http://ex.org/variable#25	1
http://ex.org/variable#99 http://www.ibm.com/timex#si http://ex.org/variable#26	1
http://ex.org/variable#99 http://www.ibm.com/timex#bi http://ex.org/variable#27	1
http://ex.org/variable#99 http://www.ibm.com/timex#d http://ex.org/variable#28	1
http://ex.org/variable#99 http://www.ibm.com/timex#d http://ex.org/variable#29	1
http://ex.org/variable#99 http://www.ibm.com/timex#bi http://ex.org/variable#30	1
http://ex.org/variable#99 http://www.ibm.com/timex#bi http://ex.org/variable#31	1
http://ex.org/variable#99 http://www.ibm.com/timex#bi http://ex.org/variable#32	1
http://ex.org/variable#99 http://www.ibm.com/timex#o_s http://ex.org/variable#33	1
http://ex.org/variable#99 http://www.ibm.com/timex#oi http://ex.org/variable#34	1
http://ex.org/variable#99 http://www.ibm.com/timex#bi http://ex.org/variable#35	1
http://ex.org/variable#99 http://www.ibm.com/timex#bi http://ex.org/variable#36	1
http://ex.org/variable#99 http://www.ibm.com/timex#bi http://ex.org/variable#37	1
http://ex.org/variable#99 http://www.ibm.com/timex#oi http://ex.org/variable#38	1
http://ex.org/variable#99 http://www.ibm.com/timex#oi_di_si http://ex.org/variable#39	1
http://ex.org/variable#99 http://www.ibm.com/timex#mi_oi http://ex.org/variable#40	1
http://ex.org/variable#99 http://www.ibm.com/timex#d http://ex.org/variable#41	1
http://ex.org/variable#99 http://www.ibm.com/timex#d http://ex.org/variable#42	1
http://ex.org/variable#99 http://www.ibm.com/timex#oi http://ex.org/variable#43	1
http://ex.org/variable#99 http://www.ibm.com/timex#oi http://ex.org/variable#44	1
http://ex.org/variable#99 http://www.ibm.com/timex#d http://ex.org/variable#45	1
http://ex.org/variable#99 http://www.ibm.com/timex#bi http://ex.org/variable#46	1
http://ex.org/variable#99 http://www.ibm.com/timex#oi http://ex.org/variable#47	1
http://ex.org/variable#99 http://www.ibm.com/timex#di http://ex.org/variable#48	1
http://ex.org/variable#99 http://www.ibm.com/timex#bi http://ex.org/variable#49	1
http://ex.org/variable#99 http://www.ibm.com/timex#d http://ex.org/variable#50	1
http://ex.org/variable#99 http://www.ibm.com/timex#si http://ex.org/variable#51	1
http://ex.org/variable#99 http://www.ibm.com/timex#oi http://ex.org/variable#52	1
http://ex.org/variable#99 http://www.ibm.com/timex#d http://ex.org/variable#53	1
http://ex.org/variable#99 http://www.ibm.com/timex#oi http://ex.org/variable#54	1
http://ex.org/variable#99 http://www.ibm.com/timex#oi http://ex.org/variable#55	1
http://ex.org/variable#99 http://www.ibm.com/timex#bi http://ex.org/variable#56	1
http://ex.org/variable#99 http://www.ibm.com/timex#bi http://ex.org/variable#57	1
http://ex.org/variable#99 http://www.ibm.com/timex#oi http://ex.org/variable#58	1
http://ex.org/variable#99 http://www.ibm.com/timex#d http://ex.org/variable#59	1
http://ex.org/variable#99 http://www.ibm.com/timex#d http://ex.org/variable#60	1
http://ex.org/variable#99 http://www.ibm.com/timex#d http://ex.org/variable#61	1
http://ex.org/variable#99 http://www.ibm.com/timex#d http://ex.org/variable#62	1
http://ex.org/variable#99 http://www.ibm.com/timex#oi http://ex.org/variable#63	1
http://ex.org/variable#99 http://www.ibm.com/timex#d http://ex.org/variable#64	1
http://ex.org/variable#99 http://www.ibm.com/timex#bi http://ex.org/variable#65	1
http://ex.org/variable#99 http://www.ibm.com/timex#bi http://ex.org/variable#66	1
http://ex.org/variable#99 http://www.ibm.com/timex#d http://ex.org/variable#67	1
http://ex.org/variable#99 http://www.ibm.com/timex#d http://ex.org/variable#68	1
http://ex.org/variable#99 http://www.ibm.com/timex#bi http://ex.org/variable#69	1
http://ex.org/variable#99 http://www.ibm.com/timex#d http://ex.org/variable#70	1
http://ex.org/variable#99 http://www.ibm.com/timex#bi http://ex.org/variable#71	1
http://ex.org/variable#99 http://www.ibm.com/timex#oi http://ex.org/variable#72	1
http://ex.org/variable#99 http://www.ibm.com/timex#oi http://ex.org/variable#73	1
http://ex.org/variable#99 http://www.ibm.com/timex#d http://ex.org/variable#74	1
http://ex.org/variable#99 http://www.ibm.com/timex#oi http://ex.org/variable#75	1
http://ex.org/variable#99 http://www.ibm.com/timex#d_f http://ex.org/variable#76	1
http://ex.org/variable#99 http://www.ibm.com/timex#d http://ex.org/variable#77	1
http://ex.org/variable#99 http://www.ibm.com/timex#oi http://ex.org/variable#78	1
http://ex.org/variable#99 http://www.ibm.com/timex#bi http://ex.org/variable#79	1
http://ex.org/variable#99 http://www.ibm.com/timex#d http://ex.org/variable#80	1
http://ex.org/variable#99 http://www.ibm.com/timex#bi http://ex.org/variable#81	1
http://ex.org/variable#99 http://www.ibm.com/timex#bi http://ex.org/variable#82	1
http://ex.org/variable#99 http://www.ibm.com/timex#d http://ex.org/variable#83	1
http://ex.org/variable#99 http://www.ibm.com/timex#oi http://ex.org/variable#84	1
http://ex.org/variable#99 http://www.ibm.com/timex#oi http://ex.org/variable#85	1
http://ex.org/variable#99 http://www.ibm.com/timex#d http://ex.org/variable#86	1
http://ex.org/variable#99 http://www.ibm.com/timex#d http://ex.org/variable#87	1
http://ex.org/variable#99 http://www.ibm.com/timex#m http://ex.org/variable#88	1
http://ex.org/variable#99 http://www.ibm.com/timex#d http://ex.org/variable#89	1
http://ex.org/variable#99 http://www.ibm.com/timex#oi http://ex.org/variable#90	1
http://ex.org/variable#99 http://www.ibm.com/timex#d http://ex.org/variable#91	1
http://ex.org/variable#99 http://www.ibm.com/timex#d http://ex.org/variable#92	1
http://ex.org/variable#99 http://www.ibm.com/timex#d_f http://ex.org/variable#93	1
http://ex.org/variable#99 http://www.ibm.com/timex#bi http://ex.org/variable#94	1
http://ex.org/variable#99 http://www.ibm.com/timex#bi http://ex.org/variable#95	1
http://ex.org/variable#99 http://www.ibm.com/timex#bi http://ex.org/variable#96	1
http://ex.org/variable#99 http://www.ibm.com/timex#d http://ex.org/variable#97	1
http://ex.org/variable#99 http://www.ibm.com/timex#o http://ex.org/variable#98	1
http://ex.org/variable#99 http://www.ibm.com/timex#bi http://ex.org/variable#100	1
http://ex.org/variable#99 http://www.ibm.com/timex#d http://ex.org/variable#101	1
http://ex.org/variable#99 http://www.ibm.com/timex#bi http://ex.org/variable#102	1
http://ex.org/variable#99 http://www.ibm.com/timex#oi http://ex.org/variable#103	1
http://ex.org/variable#99 http://www.ibm.com/timex#b http://ex.org/variable#104	1
http://ex.org/variable#99 http://www.ibm.com/timex#d http://ex.org/variable#105	1
http://ex.org/variable#99 http://www.ibm.com/timex#d http://ex.org/variable#106	1
http://ex.org/variable#99 http://www.ibm.com/timex#oi http://ex.org/variable#107	1
http://ex.org/variable#99 http://www.ibm.com/timex#bi http://ex.org/variable#108	1
http://ex.org/variable#99 http://www.ibm.com/timex#bi http://ex.org/variable#109	1
http://ex.org/variable#99 http://www.ibm.com/timex#d http://ex.org/variable#110	1
http://ex.org/variable#99 http://www.ibm.com/timex#bi http://ex.org/variable#111	1
http://ex.org/variable#99 http://www.ibm.com/timex#oi http://ex.org/variable#112	1
http://ex.org/variable#99 http://www.ibm.com/timex#bi http://ex.org/variable#113	1
http://ex.org/variable#99 http://www.ibm.com/timex#oi http://ex.org/variable#114	1
http://ex.org/variable#99 http://www.ibm.com/timex#b http://ex.org/variable#115	1
http://ex.org/variable#99 http://www.ibm.com/timex#bi http://ex.org/variable#116	1
http://ex.org/variable#99 http://www.ibm.com/timex#bi http://ex.org/variable#117	1
http://ex.org/variable#99 http://www.ibm.com/timex#bi http://ex.org/variable#118	1
http://ex.org/variable#99 http://www.ibm.com/timex#d http://ex.org/variable#119	1
http://ex.org/variable#99 http://www.ibm.com/timex#bi http://ex.org/variable#120	1
http://ex.org/variable#99 http://www.ibm.com/timex#b http://ex.org/variable#121	1
http://ex.org/variable#99 http://www.ibm.com/timex#oi http://ex.org/variable#122	1
http://ex.org/variable#99 http://www.ibm.com/timex#d http://ex.org/variable#123	1
http://ex.org/variable#99 http://www.ibm.com/timex#bi http://ex.org/variable#124	1
http://ex.org/variable#99 http://www.ibm.com/timex#bi http://ex.org/variable#125	1
http://ex.org/variable#99 http://www.ibm.com/timex#oi http://ex.org/variable#126	1
http://ex.org/variable#99 http://www.ibm.com/timex#d http://ex.org/variable#127	1
http://ex.org/variable#99 http://www.ibm.com/timex#d http://ex.org/variable#128	1
http://ex.org/variable#99 http://www.ibm.com/timex#bi http://ex.org/variable#129	1
http://ex.org/variable#99 http://www.ibm.com/timex#bi http://ex.org/variable#130	1
http://ex.org/variable#99 http://www.ibm.com/timex#o http://ex.org/variable#131	1
http://ex.org/variable#99 http://www.ibm.com/timex#d http://ex.org/variable#132	1
http://ex.org/variable#99 http://www.ibm.com/timex#d http://ex.org/variable#133	1
http://ex.org/variable#99 http://www.ibm.com/timex#bi http://ex.org/variable#134	1
http://ex.org/variable#99 http://www.ibm.com/timex#d http://ex.org/variable#135	1
http://ex.org/variable#99 http://www.ibm.com/timex#d http://ex.org/variable#136	1
http://ex.org/variable#99 http://www.ibm.com/timex#bi http://ex.org/variable#137	1
http://ex.org/variable#99 http://www.ibm.com/timex#d_s http://ex.org/variable#138	1
http://ex.org/variable#99 http://www.ibm.com/timex#bi http://ex.org/variable#139	1
http://ex.org/variable#99 http://www.ibm.com/timex#bi http://ex.org/variable#140	1
http://ex.org/variable#99 http://www.ibm.com/timex#d http://ex.org/variable#141	1
http://ex.org/variable#99 http://www.ibm.com/timex#bi http://ex.org/variable#142	1
http://ex.org/variable#99 http://www.ibm.com/timex#d http://ex.org/variable#143	1
http://ex.org/variable#99 http://www.ibm.com/timex#d http://ex.org/variable#144	1
http://ex.org/variable#99 http://www.ibm.com/timex#d http://ex.org/variable#145	1
http://ex.org/variable#99 http://www.ibm.com/timex#d http://ex.org/variable#146	1
http://ex.org/variable#99 http://www.ibm.com/timex#oi http://ex.org/variable#147	1
http://ex.org/variable#99 http://www.ibm.com/timex#oi http://ex.org/variable#148	1
http://ex.org/variable#99 http://www.ibm.com/timex#bi http://ex.org/variable#149	1
http://ex.org/variable#99 http://www.ibm.com/timex#o_s http://ex.org/variable#150	1
http://ex.org/variable#99 http://www.ibm.com/timex#d http://ex.org/variable#151	1
http://ex.org/variable#99 http://www.ibm.com/timex#bi http://ex.org/variable#152	1
http://ex.org/variable#99 http://www.ibm.com/timex#d http://ex.org/variable#153	1
http://ex.org/variable#99 http://www.ibm.com/timex#bi http://ex.org/variable#154	1
http://ex.org/variable#99 http://www.ibm.com/timex#oi http://ex.org/variable#155	1
http://ex.org/variable#99 http://www.ibm.com/timex#oi http://ex.org/variable#156	1
http://ex.org/variable#99 http://www.ibm.com/timex#bi http://ex.org/variable#157	1
http://ex.org/variable#99 http://www.ibm.com/timex#bi http://ex.org/variable#158	1
http://ex.org/variable#99 http://www.ibm.com/timex#d http://ex.org/variable#159	1
http://ex.org/variable#99 http://www.ibm.com/timex#d http://ex.org/variable#160	1
http://ex.org/variable#99 http://www.ibm.com/timex#bi http://ex.org/variable#161	1
http://ex.org/variable#99 http://www.ibm.com/timex#bi http://ex.org/variable#162	1
http://ex.org/variable#99 http://www.ibm.com/timex#d http://ex.org/variable#163	1
http://ex.org/variable#99 http://www.ibm.com/timex#d http://ex.org/variable#164	1
http://ex.org/variable#99 http://www.ibm.com/timex#bi http://ex.org/variable#165	1
http://ex.org/variable#99 http://www.ibm.com/timex#bi http://ex.org/variable#166	1
http://ex.org/variable#99 http://www.ibm.com/timex#oi http://ex.org/variable#167	1
http://ex.org/variable#99 http://www.ibm.com/timex#d http://ex.org/variable#168	1
http://ex.org/variable#99 http://www.ibm.com/timex#d http://ex.org/variable#169	1
http://ex.org/variable#99 http://www.ibm.com/timex#d http://ex.org/variable#170	1
http://ex.org/variable#99 http://www.ibm.com/timex#bi http://ex.org/variable#171	1
http://ex.org/variable#99 http://www.ibm.com/timex#bi http://ex.org/variable#172	1
http://ex.org/variable#99 http://www.ibm.com/timex#di http://ex.org/variable#173	1
http://ex.org/variable#99 http://www.ibm.com/timex#oi http://ex.org/variable#174	1
http://ex.org/variable#99 http://www.ibm.com/timex#oi http://ex.org/variable#175	1
http://ex.org/variable#99 http://www.ibm.com/timex#d http://ex.org/variable#176	1
http://ex.org/variable#99 http://www.ibm.com/timex#oi http://ex.org/variable#177	1
http://ex.org/variable#99 http://www.ibm.com/timex#d http://ex.org/variable#178	1
http://ex.org/variable#99 http://www.ibm.com/timex#d http://ex.org/variable#179	1
http://ex.org/variable#99 http://www.ibm.com/timex#bi http://ex.org/variable#180	1
http://ex.org/variable#99 http://www.ibm.com/timex#bi http://ex.org/variable#181	1
http://ex.org/variable#99 http://www.ibm.com/timex#bi http://ex.org/variable#182	1
http://ex.org/variable#99 http://www.ibm.com/timex#d http://ex.org/variable#183	1
http://ex.org/variable#99 http://www.ibm.com/timex#bi http://ex.org/variable#184	1
http://ex.org/variable#99 http://www.ibm.com/timex#oi http://ex.org/variable#185	1
http://ex.org/variable#99 http://www.ibm.com/timex#d http://ex.org/variable#186	1
http://ex.org/variable#99 http://www.ibm.com/timex#oi http://ex.org/variable#187	1
http://ex.org/variable#99 http://www.ibm.com/timex#oi http://ex.org/variable#188	1
http://ex.org/variable#99 http://www.ibm.com/timex#bi http://ex.org/variable#189	1
http://ex.org/variable#100 http://www.ibm.com/timex#o http://ex.org/variable#0	1
http://ex.org/variable#100 http://www.ibm.com/timex#b http://ex.org/variable#1	1
http://ex.org/variable#100 http://www.ibm.com/timex#o http://ex.org/variable#2	1
http://ex.org/variable#100 http://www.ibm.com/timex#b http://ex.org/variable#3	1
http://ex.org/variable#100 http://www.ibm.com/timex#b http://ex.org/variable#4	1
http://ex.org/variable#100 http://www.ibm.com/timex#o http://ex.org/variable#5	1
http://ex.org/variable#100 http://www.ibm.com/timex#b http://ex.org/variable#6	1
http://ex.org/variable#100 http://www.ibm.com/timex#o http://ex.org/variable#7	1
http://ex.org/variable#100 http://www.ibm.com/timex#oi_di_si http://ex.org/variable#8	1
http://ex.org/variable#100 http://www.ibm.com/timex#b http://ex.org/variable#9	1
http://ex.org/variable#100 http://www.ibm.com/timex#b http://ex.org/variable#10	1
http://ex.org/variable#100 http://www.ibm.com/timex#o http://ex.org/variable#11	1
http://ex.org/variable#100 http://www.ibm.com/timex#d http://ex.org/variable#12	1
http://ex.org/variable#100 http://www.ibm.com/timex#o http://ex.org/variable#13	1
http://ex.org/variable#100 http://www.ibm.com/timex#b http://ex.org/variable#14	1
http://ex.org/variable#100 http://www.ibm.com/timex#o http://ex.org/variable#15	1
http://ex.org/variable#100 http://www.ibm.com/timex#o http://ex.org/variable#16	1
http://ex.org/variable#100 http://www.ibm.com/timex#b http://ex.org/variable#17	1
http://ex.org/variable#100 http://www.ibm.com/timex#o http://ex.org/variable#18	1
http://ex.org/variable#100 http://www.ibm.com/timex#o http://ex.org/variable#19	1
http://ex.org/variable#100 http://www.ibm.com/timex#d http://ex.org/variable#20	1
http://ex.org/variable#100 http://www.ibm.com/timex#b http://ex.org/variable#21	1
http://ex.org/variable#100 http://www.ibm.com/timex#o http://ex.org/variable#22	1
http://ex.org/variable#100 http://www.ibm.com/timex#o http://ex.org/variable#23	1
http://ex.org/variable#100 http://www.ibm.com/timex#o_d_s http://ex.org/variable#24	1
http://ex.org/variable#100 http://www.ibm.com/timex#oi http://ex.org/variable#25	1
http://ex.org/variable#100 http://www.ibm.com/timex#b http://ex.org/variable#26	1
http://ex.org/variable#100 http://www.ibm.com/timex#d http://ex.org/variable#27	1
http://ex.org/variable#100 http://www.ibm.com/timex#b http://ex.org/variable#28	1
http://ex.org/variable#100 http://www.ibm.com/timex#m_o http://ex.org/variable#29	1
http://ex.org/variable#100 http://www.ibm.com/timex#b http://ex.org/variable#30	1
http://ex.org/variable#100 http://www.ibm.com/timex#d http://ex.org/variable#31	1
http://ex.org/variable#100 http://www.ibm.com/timex#d http://ex.org/variable#32	1
http://ex.org/variable#100 http://www.ibm.com/timex#b http://ex.org/variable#33	1
http://ex.org/variable#100 http://www.ibm.com/timex#o http://ex.org/variable#34	1
http://ex.org/variable#100 http://www.ibm.com/timex#b http://ex.org/variable#35	1
http://ex.org/variable#100 http://www.ibm.com/timex#d http://ex.org/variable#36	1
http://ex.org/variable#100 http://www.ibm.com/timex#o http://ex.org/variable#37	1
http://ex.org/variable#100 http://www.ibm.com/timex#o http://ex.org/variable#38	1
http://ex.org/variable#100 http://www.ibm.com/timex#b http://ex.org/variable#39	1
http://ex.org/variable#100 http://www.ibm.com/timex#o_d_s http://ex.org/variable#40	1
http://ex.org/variable#100 http://www.ibm.com/timex#o http://ex.org/variable#41	1
http://ex.org/variable#100 http://www.ibm.com/timex#o http://ex.org/variable#42	1
http://ex.org/variable#100 http://www.ibm.com/timex#d http://ex.org/variable#43	1
http://ex.org/variable#100 http://www.ibm.com/timex#o http://ex.org/variable#44	1
http://ex.org/variable#100 http://www.ibm.com/timex#b http://ex.org/variable#45	1
http://ex.org/variable#100 http://www.ibm.com/timex#d http://ex.org/variable#46	1
http://ex.org/variable#100 http://www.ibm.com/timex#d http://ex.org/variable#47	1
http://ex.org/variable#100 http://www.ibm.com/timex#b http://ex.org/variable#48	1
http://ex.org/variable#100 http://www.ibm.com/timex#d http://ex.org/variable#49	1
http://ex.org/variable#100 http://www.ibm.com/timex#b http://ex.org/variable#50	1
http://ex.org/variable#100 http://www.ibm.com/timex#b http://ex.org/variable#51	1
http://ex.org/variable#100 http://www.ibm.com/timex#d http://ex.org/variable#52	1
http://ex.org/variable#100 http://www.ibm.com/timex#o http://ex.org/variable#53	1
http://ex.org/variable#100 http://www.ibm.com/timex#o http://ex.org/variable#54	1
http://ex.org/variable#100 http://www.ibm.com/timex#b http://ex.org/variable#55	1
http://ex.org/variable#100 http://www.ibm.com/timex#o http://ex.org/variable#56	1
http://ex.org/variable#100 http://www.ibm.com/timex#d http://ex.org/variable#57	1
http://ex.org/variable#100 http://www.ibm.com/timex#o http://ex.org/variable#58	1
http://ex.org/variable#100 http://www.ibm.com/timex#o http://ex.org/variable#59	1
http://ex.org/variable#100 http://www.ibm.com/timex#o_d_s http://ex.org/variable#60	1
http://ex.org/variable#100 http://www.ibm.com/timex#d http://ex.org/variable#61	1
http://ex.org/variable#100 http://www.ibm.com/timex#o http://ex.org/variable#62	1
http://ex.org/variable#100 http://www.ibm.com/timex#d http://ex.org/variable#63	1
http://ex.org/variable#100 http://www.ibm.com/timex#d http://ex.org/variable#64	1
http://ex.org/variable#100 http://www.ibm.com/timex#di http://ex.org/variable#65	1
http://ex.org/variable#100 http://www.ibm.com/timex#d http://ex.org/variable#66	1
http://ex.org/variable#100 http://www.ibm.com/timex#o http://ex.org/variable#67	1
http://ex.org/variable#100 http://www.ibm.com/timex#o http://ex.org/variable#68	1
http://ex.org/variable#100 http://www.ibm.com/timex#o http://ex.org/variable#69	1
http://ex.org/variable#100 http://www.ibm.com/timex#o http://ex.org/variable#70	1
http://ex.org/variable#100 http://www.ibm.com/timex#o http://ex.org/variable#71	1
http://ex.org/variable#100 http://www.ibm.com/timex#b http://ex.org/variable#72	1
http://ex.org/variable#100 http://www.ibm.com/timex#o http://ex.org/variable#73	1
http://ex.org/variable#100 http://www.ibm.com/timex#o http://ex.org/variable#74	1
http://ex.org/variable#100 http://www.ibm.com/timex#o http://ex.org/variable#75	1
http://ex.org/variable#100 http://www.ibm.com/timex#o http://ex.org/variable#76	1
http://ex.org/variable#100 http://www.ibm.com/timex#o http://ex.org/variable#77	1
http://ex.org/variable#100 http://www.ibm.com/timex#o http://ex.org/variable#78	1
http://ex.org/variable#100 http://www.ibm.com/timex#d http://ex.org/variable#79	1
http://ex.org/variable#100 http://www.ibm.com/timex#d http://ex.org/variable#80	1
http://ex.org/variable#100 http://www.ibm.com/timex#d http://ex.org/variable#81	1
http://ex.org/variable#100 http://www.ibm.com/timex#o http://ex.org/variable#82	1
http://ex.org/variable#100 http://www.ibm.com/timex#d http://ex.org/variable#83	1
http://ex.org/variable#100 http://www.ibm.com/timex#b http://ex.org/variable#84	1
http://ex.org/variable#100 http://www.ibm.com/timex#b http://ex.org/variable#85	1
http://ex.org/variable#100 http://www.ibm.com/timex#d http://ex.org/variable#86	1
http://ex.org/variable#100 http://www.ibm.com/timex#b http://ex.org/variable#87	1
http://ex.org/variable#100 http://www.ibm.com/timex#b http://ex.org/variable#88	1
http://ex.org/variable#100 http://www.ibm.com/timex#o http://ex.org/variable#89	1
http://ex.org/variable#100 http://www.ibm.com/timex#m_o http://ex.org/variable#90	1
http://ex.org/variable#100 http://www.ibm.com/timex#o http://ex.org/variable#91	1
http://ex.org/variable#100 http://www.ibm.com/timex#b http://ex.org/variable#92	1
http://ex.org/variable#100 http://www.ibm.com/timex#o http://ex.org/variable#93	1
http://ex.org/variable#100 http://www.ibm.com/timex#o http://ex.org/variable#94	1
http://ex.org/variable#100 http://www.ibm.com/timex#b http://ex.org/variable#95	1
http://ex.org/variable#100 http://www.ibm.com/timex#di http://ex.org/variable#96	1
http://ex.org/variable#100 http://www.ibm.com/timex#o http://ex.org/variable#97	1
http://ex.org/variable#100 http://www.ibm.com/timex#b http://ex.org/variable#98	1
http://ex.org/variable#100 http://www.ibm.com/timex#b http://ex.org/variable#99	1
http://ex.org/variable#100 http://www.ibm.com/timex#o http://ex.org/variable#101	1
http://ex.org/variable#100 http://www.ibm.com/timex#b http://ex.org/variable#102	1
http://ex.org/variable#100 http://www.ibm.com/timex#o http://ex.org/variable#103	1
http://ex.org/variable#100 http://www.ibm.com/timex#b http://ex.org/variable#104	1
http://ex.org/variable#100 http://www.ibm.com/timex#o http://ex.org/variable#105	1
http://ex.org/variable#100 http://www.ibm.com/timex#o_d_s http://ex.org/variable#106	1
http://ex.org/variable#100 http://www.ibm.com/timex#o http://ex.org/variable#107	1
http://ex.org/variable#100 http://www.ibm.com/timex#b http://ex.org/variable#108	1
http://ex.org/variable#100 http://www.ibm.com/timex#b http://ex.org/variable#109	1
http://ex.org/variable#100 http://www.ibm.com/timex#o_d_s http://ex.org/variable#110	1
http://ex.org/variable#100 http://www.ibm.com/timex#o http://ex.org/variable#111	1
http://ex.org/variable#100 http://www.ibm.com/timex#d http://ex.org/variable#112	1
http://ex.org/variable#100 http://www.ibm.com/timex#b http://ex.org/variable#113	1
http://ex.org/variable#100 http://www.ibm.com/timex#o http://ex.org/variable#114	1
http://ex.org/variable#100 http://www.ibm.com/timex#b http://ex.org/variable#115	1
http://ex.org/variable#100 http://www.ibm.com/timex#b http://ex.org/variable#116	1
http://ex.org/variable#100 http://www.ibm.com/timex#o_s http://ex.org/variable#117	1
http://ex.org/variable#100 http://www.ibm.com/timex#o http://ex.org/variable#118	1
http://ex.org/variable#100 http://www.ibm.com/timex#d http://ex.org/variable#119	1
http://ex.org/variable#100 http://www.ibm.com/timex#o http://ex.org/variable#120	1
http://ex.org/variable#100 http://www.ibm.com/timex#b http://ex.org/variable#121	1
http://ex.org/variable#100 http://www.ibm.com/timex#d http://ex.org/variable#122	1
http://ex.org/variable#100 http://www.ibm.com/timex#b http://ex.org/variable#123	1
http://ex.org/variable#100 http://www.ibm.com/timex#d http://ex.org/variable#124	1
http://ex.org/variable#100 http://www.ibm.com/timex#d http://ex.org/variable#125	1
http://ex.org/variable#100 http://www.ibm.com/timex#b http://ex.org/variable#126	1
http://ex.org/variable#100 http://www.ibm.com/timex#b http://ex.org/variable#127	1
http://ex.org/variable#100 http://www.ibm.com/timex#m http://ex.org/variable#128	1
http://ex.org/variable#100 http://www.ibm.com/timex#d http://ex.org/variable#129	1
http://ex.org/variable#100 http://www.ibm.com/timex#o http://ex.org/variable#130	1
http://ex.org/variable#100 http://www.ibm.com/timex#b http://ex.org/variable#131	1
http://ex.org/variable#100 http://www.ibm.com/timex#o http://ex.org/variable#132	1
http://ex.org/variable#100 http://www.ibm.com/timex#b http://ex.org/variable#133	1
http://ex.org/variable#100 http://www.ibm.com/timex#d http://ex.org/variable#134	1
http://ex.org/variable#100 http://www.ibm.com/timex#o http://ex.org/variable#135	1
http://ex.org/variable#100 http://www.ibm.com/timex#o http://ex.org/variable#136	1
http://ex.org/variable#100 http://www.ibm.com/timex#b http://ex.org/variable#137	1
http://ex.org/variable#100 http://www.ibm.com/timex#b http://ex.org/variable#138	1
http://ex.org/variable#100 http://www.ibm.com/timex#o http://ex.org/variable#139	1
http://ex.org/variable#100 http://www.ibm.com/timex#o http://ex.org/variable#140	1
http://ex.org/variable#100 http://www.ibm.com/timex#d http://ex.org/variable#141	1
http://ex.org/variable#100 http://www.ibm.com/timex#o http://ex.org/variable#142	1
http://ex.org/variable#100 http://www.ibm.com/timex#o http://ex.org/variable#143	1
http://ex.org/variable#100 http://www.ibm.com/timex#o http://ex.org/variable#144	1
http://ex.org/variable#100 http://www.ibm.com/timex#b http://ex.org/variable#145	1
http://ex.org/variable#100 http://www.ibm.com/timex#b http://ex.org/variable#146	1
http://ex.org/variable#100 http://www.ibm.com/timex#o http://ex.org/variable#147	1
http://ex.org/variable#100 http://www.ibm.com/timex#o http://ex.org/variable#148	1
http://ex.org/variable#100 http://www.ibm.com/timex#d_f http://ex.org/variable#149	1
http://ex.org/variable#100 http://www.ibm.com/timex#b http://ex.org/variable#150	1
http://ex.org/variable#100 http://www.ibm.com/timex#o http://ex.org/variable#151	1
http://ex.org/variable#100 http://www.ibm.com/timex#oi_di_si http://ex.org/variable#152	1
http://ex.org/variable#100 http://www.ibm.com/timex#o http://ex.org/variable#153	1
http://ex.org/variable#100 http://www.ibm.com/timex#b http://ex.org/variable#154	1
http://ex.org/variable#100 http://www.ibm.com/timex#d http://ex.org/variable#155	1
http://ex.org/variable#100 http://www.ibm.com/timex#o http://ex.org/variable#156	1
http://ex.org/variable#100 http://www.ibm.com/timex#di http://ex.org/variable#157	1
http://ex.org/variable#100 http://www.ibm.com/timex#o http://ex.org/variable#158	1
http://ex.org/variable#100 http://www.ibm.com/timex#b http://ex.org/variable#159	1
http://ex.org/variable#100 http://www.ibm.com/timex#o http://ex.org/variable#160	1
http://ex.org/variable#100 http://www.ibm.com/timex#b http://ex.org/variable#161	1
http://ex.org/variable#100 http://www.ibm.com/timex#o http://ex.org/variable#162	1
http://ex.org/variable#100 http://www.ibm.com/timex#b http://ex.org/variable#163	1
http://ex.org/variable#100 http://www.ibm.com/timex#b_o http://ex.org/variable#164	1
http://ex.org/variable#100 http://www.ibm.com/timex#o http://ex.org/variable#165	1
http://ex.org/variable#100 http://www.ibm.com/timex#d http://ex.org/variable#166	1
http://ex.org/variable#100 http://www.ibm.com/timex#o_s http://ex.org/variable#167	1
http://ex.org/variable#100 http://www.ibm.com/timex#b http://ex.org/variable#168	1
http://ex.org/variable#100 http://www.ibm.com/timex#d http://ex.org/variable#169	1
http://ex.org/variable#100 http://www.ibm.com/timex#b http://ex.org/variable#170	1
http://ex.org/variable#100 http://www.ibm.com/timex#d http://ex.org/variable#171	1
http://ex.org/variable#100 http://www.ibm.com/timex#oi http://ex.org/variable#172	1
http://ex.org/variable#100 http://www.ibm.com/timex#b http://ex.org/variable#173	1
http://ex.org/variable#100 http://www.ibm.com/timex#b http://ex.org/variable#174	1
http://ex.org/variable#100 http://www.ibm.com/timex#o_s http://ex.org/variable#175	1
http://ex.org/variable#100 http://www.ibm.com/timex#b http://ex.org/variable#176	1
http://ex.org/variable#100 http://www.ibm.com/timex#o http://ex.org/variable#177	1
http://ex.org/variable#100 http://www.ibm.com/timex#o http://ex.org/variable#178	1
http://ex.org/variable#100 http://www.ibm.com/timex#b http://ex.org/variable#179	1
http://ex.org/variable#100 http://www.ibm.com/timex#di http://ex.org/variable#180	1
http://ex.org/variable#100 http://www.ibm.com/timex#f http://ex.org/variable#181	1
http://ex.org/variable#100 http://www.ibm.com/timex#b http://ex.org/variable#182	1
http://ex.org/variable#100 http://www.ibm.com/timex#b http://ex.org/variable#183	1
http://ex.org/variable#100 http://www.ibm.com/timex#o http://ex.org/variable#184	1
http://ex.org/variable#100 http://www.ibm.com/timex#o http://ex.org/variable#185	1
http://ex.org/variable#100 http://www.ibm.com/timex#b http://ex.org/variable#186	1
http://ex.org/variable#100 http://www.ibm.com/timex#d http://ex.org/variable#187	1
http://ex.org/variable#100 http://www.ibm.com/timex#b http://ex.org/variable#188	1
http://ex.org/variable#100 http://www.ibm.com/timex#b http://ex.org/variable#189	1
http://ex.org/variable#101 http://www.ibm.com/timex#o http://ex.org/variable#0	1
http://ex.org/variable#101 http://www.ibm.com/timex#o http://ex.org/variable#1	1
http://ex.org/variable#101 http://www.ibm.com/timex#d http://ex.org/variable#2	1
http://ex.org/variable#101 http://www.ibm.com/timex#di http://ex.org/variable#3	1
http://ex.org/variable#101 http://www.ibm.com/timex#o http://ex.org/variable#4	1
http://ex.org/variable#101 http://www.ibm.com/timex#oi http://ex.org/variable#5	1
http://ex.org/variable#101 http://www.ibm.com/timex#di http://ex.org/variable#6	1
http://ex.org/variable#101 http://www.ibm.com/timex#o http://ex.org/variable#7	1
http://ex.org/variable#101 http://www.ibm.com/timex#bi http://ex.org/variable#8	1
http://ex.org/variable#101 http://www.ibm.com/timex#o http://ex.org/variable#9	1
http://ex.org/variable#101 http://www.ibm.com/timex#di http://ex.org/variable#10	1
http://ex.org/variable#101 http://www.ibm.com/timex#oi_d_f http://ex.org/variable#11	1
http://ex.org/variable#101 http://www.ibm.com/timex#d http://ex.org/variable#12	1
http://ex.org/variable#101 http://www.ibm.com/timex#oi http://ex.org/variable#13	1
http://ex.org/variable#101 http://www.ibm.com/timex#di http://ex.org/variable#14	1
http://ex.org/variable#101 http://www.ibm.com/timex#oi http://ex.org/variable#15	1
http://ex.org/variable#101 http://www.ibm.com/timex#oi http://ex.org/variable#16	1
http://ex.org/variable#101 http://www.ibm.com/timex#di http://ex.org/variable#17	1
http://ex.org/variable#101 http://www.ibm.com/timex#oi http://ex.org/variable#18	1
http://ex.org/variable#101 http://www.ibm.com/timex#oi http://ex.org/variable#19	1
http://ex.org/variable#101 http://www.ibm.com/timex#d http://ex.org/variable#20	1
http://ex.org/variable#101 http://www.ibm.com/timex#di http://ex.org/variable#21	1
http://ex.org/variable#101 http://www.ibm.com/timex#d http://ex.org/variable#22	1
http://ex.org/variable#101 http://www.ibm.com/timex#oi http://ex.org/variable#23	1
http://ex.org/variable#101 http://www.ibm.com/timex#d http://ex.org/variable#24	1
http://ex.org/variable#101 http://www.ibm.com/timex#bi http://ex.org/variable#25	1
http://ex.org/variable#101 http://www.ibm.com/timex#di http://ex.org/variable#26	1
http://ex.org/variable#101 http://www.ibm.com/timex#oi http://ex.org/variable#27	1
http://ex.org/variable#101 http://www.ibm.com/timex#di http://ex.org/variable#28	1
http://ex.org/variable#101 http://www.ibm.com/timex#di http://ex.org/variable#29	1
http://ex.org/variable#101 http://www.ibm.com/timex#di http://ex.org/variable#30	1
http://ex.org/variable#101 http://www.ibm.com/timex#oi http://ex.org/variable#31	1
http://ex.org/variable#101 http://www.ibm.com/timex#oi http://ex.org/variable#32	1
http://ex.org/variable#101 http://www.ibm.com/timex#o http://ex.org/variable#33	1
http://ex.org/variable#101 http://www.ibm.com/timex#oi http://ex.org/variable#34	1
http://ex.org/variable#101 http://www.ibm.com/timex#di http://ex.org/variable#35	1
http://ex.org/variable#101 http://www.ibm.com/timex#oi http://ex.org/variable#36	1
http://ex.org/variable#101 http://www.ibm.com/timex#oi http://ex.org/variable#37	1
http://ex.org/variable#101 http://www.ibm.com/timex#oi http://ex.org/variable#38	1
http://ex.org/variable#101 http://www.ibm.com/timex#di http://ex.org/variable#39	1
http://ex.org/variable#101 http://www.ibm.com/timex#oi http://ex.org/variable#40	1
http://ex.org/variable#101 http://www.ibm.com/timex#oi http://ex.org/variable#41	1
http://ex.org/variable#101 http://www.ibm.com/timex#d http://ex.org/variable#42	1
http://ex.org/variable#101 http://www.ibm.com/timex#oi http://ex.org/variable#43	1
http://ex.org/variable#101 http://www.ibm.com/timex#oi http://ex.org/variable#44	1
http://ex.org/variable#101 http://www.ibm.com/timex#o http://ex.org/variable#45	1
http://ex.org/variable#101 http://www.ibm.com/timex#oi http://ex.org/variable#46	1
http://ex.org/variable#101 http://www.ibm.com/timex#oi http://ex.org/variable#47	1
http://ex.org/variable#101 http://www.ibm.com/timex#di http://ex.org/variable#48	1
http://ex.org/variable#101 http://www.ibm.com/timex#oi http://ex.org/variable#49	1
http://ex.org/variable#101 http://www.ibm.com/timex#o http://ex.org/variable#50	1
http://ex.org/variable#101 http://www.ibm.com/timex#di http://ex.org/variable#51	1
http://ex.org/variable#101 http://www.ibm.com/timex#oi http://ex.org/variable#52	1
http://ex.org/variable#101 http://www.ibm.com/timex#oi http://ex.org/variable#53	1
http://ex.org/variable#101 http://www.ibm.com/timex#oi http://ex.org/variable#54	1
http://ex.org/variable#101 http://www.ibm.com/timex#di http://ex.org/variable#55	1
http://ex.org/variable#101 http://www.ibm.com/timex#oi http://ex.org/variable#56	1
http://ex.org/variable#101 http://www.ibm.com/timex#oi http://ex.org/variable#57	1
http://ex.org/variable#101 http://www.ibm.com/timex#oi http://ex.org/variable#58	1
http://ex.org/variable#101 http://www.ibm.com/timex#d http://ex.org/variable#59	1
http://ex.org/variable#101 http://www.ibm.com/timex#d http://ex.org/variable#60	1
http://ex.org/variable#101 http://www.ibm.com/timex#d http://ex.org/variable#61	1
http://ex.org/variable#101 http://www.ibm.com/timex#o http://ex.org/variable#62	1
http://ex.org/variable#101 http://www.ibm.com/timex#oi http://ex.org/variable#63	1
http://ex.org/variable#101 http://www.ibm.com/timex#oi http://ex.org/variable#64	1
http://ex.org/variable#101 http://www.ibm.com/timex#bi http://ex.org/variable#65	1
http://ex.org/variable#101 http://www.ibm.com/timex#oi http://ex.org/variable#66	1
http://ex.org/variable#101 http://www.ibm.com/timex#d http://ex.org/variable#67	1
http://ex.org/variable#101 http://www.ibm.com/timex#oi_d_f http://ex.org/variable#68	1
http://ex.org/variable#101 http://www.ibm.com/timex#oi http://ex.org/variable#69	1
http://ex.org/variable#101 http://www.ibm.com/timex#d http://ex.org/variable#70	1
http://ex.org/variable#101 http://www.ibm.com/timex#oi http://ex.org/variable#71	1
http://ex.org/variable#101 http://www.ibm.com/timex#di http://ex.org/variable#72	1
http://ex.org/variable#101 http://www.ibm.com/timex#oi http://ex.org/variable#73	1
http://ex.org/variable#101 http://www.ibm.com/timex#oi_d_f http://ex.org/variable#74	1
http://ex.org/variable#101 http://www.ibm.com/timex#oi http://ex.org/variable#75	1
http://ex.org/variable#101 http://www.ibm.com/timex#oi http://ex.org/variable#76	1
http://ex.org/variable#101 http://www.ibm.com/timex#d http://ex.org/variable#77	1
http://ex.org/variable#101 http://www.ibm.com/timex#di http://ex.org/variable#78	1
http://ex.org/variable#101 http://www.ibm.com/timex#oi http://ex.org/variable#79	1
http://ex.org/variable#101 http://www.ibm.com/timex#d http://ex.org/variable#80	1
http://ex.org/variable#101 http://www.ibm.com/timex#oi http://ex.org/variable#81	1
http://ex.org/variable#101 http://www.ibm.com/timex#oi http://ex.org/variable#82	1
http://ex.org/variable#101 http://www.ibm.com/timex#oi http://ex.org/variable#83	1
http://ex.org/variable#101 http://www.ibm.com/timex#di http://ex.org/variable#84	1
http://ex.org/variable#101 http://www.ibm.com/timex#di http://ex.org/variable#85	1
http://ex.org/variable#101 http://www.ibm.com/timex#d http://ex.org/variable#86	1
http://ex.org/variable#101 http://www.ibm.com/timex#o http://ex.org/variable#87	1
http://ex.org/variable#101 http://www.ibm.com/timex#di http://ex.org/variable#88	1
http://ex.org/variable#101 http://www.ibm.com/timex#d http://ex.org/variable#89	1
http://ex.org/variable#101 http://www.ibm.com/timex#di http://ex.org/variable#90	1
http://ex.org/variable#101 http://www.ibm.com/timex#d http://ex.org/variable#91	1
http://ex.org/variable#101 http://www.ibm.com/timex#o http://ex.org/variable#92	1
http://ex.org/variable#101 http://www.ibm.com/timex#oi http://ex.org/variable#93	1
http://ex.org/variable#101 http://www.ibm.com/timex#oi http://ex.org/variable#94	1
http://ex.org/variable#101 http://www.ibm.com/timex#di http://ex.org/variable#95	1
http://ex.org/variable#101 http://www.ibm.com/timex#bi http://ex.org/variable#96	1
http://ex.org/variable#101 http://www.ibm.com/timex#di http://ex.org/variable#97	1
http://ex.org/variable#101 http://www.ibm.com/timex#o_di_fi http://ex.org/variable#98	1
http://ex.org/variable#101 http://www.ibm.com/timex#di http://ex.org/variable#99	1
http://ex.org/variable#101 http://www.ibm.com/timex#oi http://ex.org/variable#100	1
http://ex.org/variable#101 http://www.ibm.com/timex#di http://ex.org/variable#102	1
http://ex.org/variable#101 http://www.ibm.com/timex#oi http://ex.org/variable#103	1
http://ex.org/variable#101 http://www.ibm.com/timex#di http://ex.org/variable#104	1
http://ex.org/variable#101 http://www.ibm.com/timex#oi http://ex.org/variable#105	1
http://ex.org/variable#101 http://www.ibm.com/timex#d http://ex.org/variable#106	1
http://ex.org/variable#101 http://www.ibm.com/timex#di http://ex.org/variable#107	1
http://ex.org/variable#101 http://www.ibm.com/timex#di http://ex.org/variable#108	1
http://ex.org/variable#101 http://www.ibm.com/timex#di http://ex.org/variable#109	1
http://ex.org/variable#101 http://www.ibm.com/timex#oi_d_f http://ex.org/variable#110	1
http://ex.org/variable#101 http://www.ibm.com/timex#oi http://ex.org/variable#111	1
http://ex.org/variable#101 http://www.ibm.com/timex#oi http://ex.org/variable#112	1
http://ex.org/variable#101 http://www.ibm.com/timex#di http://ex.org/variable#113	1
http://ex.org/variable#101 http://www.ibm.com/timex#oi http://ex.org/variable#114	1
http://ex.org/variable#101 http://www.ibm.com/timex#di http://ex.org/variable#115	1
http://ex.org/variable#101 http://www.ibm.com/timex#di http://ex.org/variable#116	1
http://ex.org/variable#101 http://www.ibm.com/timex#oi http://ex.org/variable#117	1
http://ex.org/variable#101 http://www.ibm.com/timex#oi http://ex.org/variable#118	1
http://ex.org/variable#101 http://www.ibm.com/timex#oi http://ex.org/variable#119	1
http://ex.org/variable#101 http://www.ibm.com/timex#oi http://ex.org/variable#120	1
http://ex.org/variable#101 http://www.ibm.com/timex#di http://ex.org/variable#121	1
http://ex.org/variable#101 http://www.ibm.com/timex#oi http://ex.org/variable#122	1
http://ex.org/variable#101 http://www.ibm.com/timex#o http://ex.org/variable#123	1
http://ex.org/variable#101 http://www.ibm.com/timex#oi http://ex.org/variable#124	1
http://ex.org/variable#101 http://www.ibm.com/timex#oi http://ex.org/variable#125	1
http://ex.org/variable#101 http://www.ibm.com/timex#di http://ex.org/variable#126	1
http://ex.org/variable#101 http://www.ibm.com/timex#di http://ex.org/variable#127	1
http://ex.org/variable#101 http://www.ibm.com/timex#o http://ex.org/variable#128	1
http://ex.org/variable#101 http://www.ibm.com/timex#oi http://ex.org/variable#129	1
http://ex.org/variable#101 http://www.ibm.com/timex#oi http://ex.org/variable#130	1
http://ex.org/variable#101 http://www.ibm.com/timex#o http://ex.org/variable#131	1
http://ex.org/variable#101 http://www.ibm.com/timex#oi http://ex.org/variable#132	1
http://ex.org/variable#101 http://www.ibm.com/timex#o http://ex.org/variable#133	1
http://ex.org/variable#101 http://www.ibm.com/timex#oi http://ex.org/variable#134	1
http://ex.org/variable#101 http://www.ibm.com/timex#d http://ex.org/variable#135	1
http://ex.org/variable#101 http://www.ibm.com/timex#d http://ex.org/variable#136	1
http://ex.org/variable#101 http://www.ibm.com/timex#di http://ex.org/variable#137	1
http://ex.org/variable#101 http://www.ibm.com/timex#o_di_fi http://ex.org/variable#138	1
http://ex.org/variable#101 http://www.ibm.com/timex#oi http://ex.org/variable#139	1
http://ex.org/variable#101 http://www.ibm.com/timex#di http://ex.org/variable#140	1
http://ex.org/variable#101 http://www.ibm.com/timex#d http://ex.org/variable#141	1
http://ex.org/variable#101 http://www.ibm.com/timex#oi http://ex.org/variable#142	1
http://ex.org/variable#101 http://www.ibm.com/timex#d http://ex.org/variable#143	1
http://ex.org/variable#101 http://www.ibm.com/timex#o http://ex.org/variable#144	1
http://ex.org/variable#101 http://www.ibm.com/timex#di http://ex.org/variable#145	1
http://ex.org/variable#101 http://www.ibm.com/timex#o http://ex.org/variable#146	1
http://ex.org/variable#101 http://www.ibm.com/timex#oi http://ex.org/variable#147	1
http://ex.org/variable#101 http://www.ibm.com/timex#oi_di_si http://ex.org/variable#148	1
http://ex.org/variable#101 http://www.ibm.com/timex#oi http://ex.org/variable#149	1
http://ex.org/variable#101 http://www.ibm.com/timex#o http://ex.org/variable#150	1
http://ex.org/variable#101 http://www.ibm.com/timex#d http://ex.org/variable#151	1
http://ex.org/variable#101 http://www.ibm.com/timex#bi http://ex.org/variable#152	1
http://ex.org/variable#101 http://www.ibm.com/timex#d http://ex.org/variable#153	1
http://ex.org/variable#101 http://www.ibm.com/timex#di http://ex.org/variable#154	1
http://ex.org/variable#101 http://www.ibm.com/timex#oi http://ex.org/variable#155	1
http://ex.org/variable#101 http://www.ibm.com/timex#oi http://ex.org/variable#156	1
http://ex.org/variable#101 http://www.ibm.com/timex#bi http://ex.org/variable#157	1
http://ex.org/variable#101 http://www.ibm.com/timex#oi http://ex.org/variable#158	1
http://ex.org/variable#101 http://www.ibm.com/timex#o http://ex.org/variable#159	1
http://ex.org/variable#101 http://www.ibm.com/timex#oi http://ex.org/variable#160	1
http://ex.org/variable#101 http://www.ibm.com/timex#di http://ex.org/variable#161	1
http://ex.org/variable#101 http://www.ibm.com/timex#oi http://ex.org/variable#162	1
http://ex.org/variable#101 http://www.ibm.com/timex#di http://ex.org/variable#163	1
http://ex.org/variable#101 http://www.ibm.com/timex#di http://ex.org/variable#164	1
http://ex.org/variable#101 http://www.ibm.com/timex#di http://ex.org/variable#165	1
http://ex.org/variable#101 http://www.ibm.com/timex#oi http://ex.org/variable#166	1
http://ex.org/variable#101 http://www.ibm.com/timex#oi http://ex.org/variable#167	1
http://ex.org/variable#101 http://www.ibm.com/timex#di_fi http://ex.org/variable#168	1
http://ex.org/variable#101 http://www.ibm.com/timex#oi http://ex.org/variable#169	1
http://ex.org/variable#101 http://www.ibm.com/timex#o_di_fi http://ex.org/variable#170	1
http://ex.org/variable#101 http://www.ibm.com/timex#oi http://ex.org/variable#171	1
http://ex.org/variable#101 http://www.ibm.com/timex#bi http://ex.org/variable#172	1
http://ex.org/variable#101 http://www.ibm.com/timex#di http://ex.org/variable#173	1
http://ex.org/variable#101 http://www.ibm.com/timex#di http://ex.org/variable#174	1
http://ex.org/variable#101 http://www.ibm.com/timex#oi http://ex.org/variable#175	1
http://ex.org/variable#101 http://www.ibm.com/timex#o http://ex.org/variable#176	1
http://ex.org/variable#101 http://www.ibm.com/timex#oi http://ex.org/variable#177	1
http://ex.org/variable#101 http://www.ibm.com/timex#d http://ex.org/variable#178	1
http://ex.org/variable#101 http://www.ibm.com/timex#di http://ex.org/variable#179	1
http://ex.org/variable#101 http://www.ibm.com/timex#bi http://ex.org/variable#180	1
http://ex.org/variable#101 http://www.ibm.com/timex#oi http://ex.org/variable#181	1
http://ex.org/variable#101 http://www.ibm.com/timex#di http://ex.org/variable#182	1
http://ex.org/variable#101 http://www.ibm.com/timex#di http://ex.org/variable#183	1
http://ex.org/variable#101 http://www.ibm.com/timex#oi http://ex.org/variable#184	1
http://ex.org/variable#101 http://www.ibm.com/timex#oi_di_si http://ex.org/variable#185	1
http://ex.org/variable#101 http://www.ibm.com/timex#di http://ex.org/variable#186	1
http://ex.org/variable#101 http://www.ibm.com/timex#oi http://ex.org/variable#187	1
http://ex.org/variable#101 http://www.ibm.com/timex#di http://ex.org/variable#188	1
http://ex.org/variable#101 http://www.ibm.com/timex#di http://ex.org/variable#189	1
http://ex.org/variable#102 http://www.ibm.com/timex#d http://ex.org/variable#0	1
http://ex.org/variable#102 http://www.ibm.com/timex#b http://ex.org/variable#1	1
http://ex.org/variable#102 http://www.ibm.com/timex#d http://ex.org/variable#2	1
http://ex.org/variable#102 http://www.ibm.com/timex#d http://ex.org/variable#3	1
http://ex.org/variable#102 http://www.ibm.com/timex#d http://ex.org/variable#4	1
http://ex.org/variable#102 http://www.ibm.com/timex#bi http://ex.org/variable#5	1
http://ex.org/variable#102 http://www.ibm.com/timex#d http://ex.org/variable#6	1
http://ex.org/variable#102 http://www.ibm.com/timex#d http://ex.org/variable#7	1
http://ex.org/variable#102 http://www.ibm.com/timex#bi http://ex.org/variable#8	1
http://ex.org/variable#102 http://www.ibm.com/timex#d http://ex.org/variable#9	1
http://ex.org/variable#102 http://www.ibm.com/timex#d http://ex.org/variable#10	1
http://ex.org/variable#102 http://www.ibm.com/timex#d http://ex.org/variable#11	1
http://ex.org/variable#102 http://www.ibm.com/timex#d http://ex.org/variable#12	1
http://ex.org/variable#102 http://www.ibm.com/timex#bi http://ex.org/variable#13	1
http://ex.org/variable#102 http://www.ibm.com/timex#oi http://ex.org/variable#14	1
http://ex.org/variable#102 http://www.ibm.com/timex#d http://ex.org/variable#15	1
http://ex.org/variable#102 http://www.ibm.com/timex#f http://ex.org/variable#16	1
http://ex.org/variable#102 http://www.ibm.com/timex#b http://ex.org/variable#17	1
http://ex.org/variable#102 http://www.ibm.com/timex#d http://ex.org/variable#18	1
http://ex.org/variable#102 http://www.ibm.com/timex#bi http://ex.org/variable#19	1
http://ex.org/variable#102 http://www.ibm.com/timex#d http://ex.org/variable#20	1
http://ex.org/variable#102 http://www.ibm.com/timex#m http://ex.org/variable#21	1
http://ex.org/variable#102 http://www.ibm.com/timex#d http://ex.org/variable#22	1
http://ex.org/variable#102 http://www.ibm.com/timex#bi http://ex.org/variable#23	1
http://ex.org/variable#102 http://www.ibm.com/timex#d http://ex.org/variable#24	1
http://ex.org/variable#102 http://www.ibm.com/timex#bi http://ex.org/variable#25	1
http://ex.org/variable#102 http://www.ibm.com/timex#b http://ex.org/variable#26	1
http://ex.org/variable#102 http://www.ibm.com/timex#bi http://ex.org/variable#27	1
http://ex.org/variable#102 http://www.ibm.com/timex#d http://ex.org/variable#28	1
http://ex.org/variable#102 http://www.ibm.com/timex#d http://ex.org/variable#29	1
http://ex.org/variable#102 http://www.ibm.com/timex#bi http://ex.org/variable#30	1
http://ex.org/variable#102 http://www.ibm.com/timex#bi http://ex.org/variable#31	1
http://ex.org/variable#102 http://www.ibm.com/timex#bi http://ex.org/variable#32	1
http://ex.org/variable#102 http://www.ibm.com/timex#b http://ex.org/variable#33	1
http://ex.org/variable#102 http://www.ibm.com/timex#d http://ex.org/variable#34	1
http://ex.org/variable#102 http://www.ibm.com/timex#bi http://ex.org/variable#35	1
http://ex.org/variable#102 http://www.ibm.com/timex#bi http://ex.org/variable#36	1
http://ex.org/variable#102 http://www.ibm.com/timex#bi http://ex.org/variable#37	1
http://ex.org/variable#102 http://www.ibm.com/timex#d http://ex.org/variable#38	1
http://ex.org/variable#102 http://www.ibm.com/timex#b http://ex.org/variable#39	1
http://ex.org/variable#102 http://www.ibm.com/timex#d http://ex.org/variable#40	1
http://ex.org/variable#102 http://www.ibm.com/timex#d http://ex.org/variable#41	1
http://ex.org/variable#102 http://www.ibm.com/timex#d http://ex.org/variable#42	1
http://ex.org/variable#102 http://www.ibm.com/timex#d http://ex.org/variable#43	1
http://ex.org/variable#102 http://www.ibm.com/timex#d http://ex.org/variable#44	1
http://ex.org/variable#102 http://www.ibm.com/timex#d http://ex.org/variable#45	1
http://ex.org/variable#102 http://www.ibm.com/timex#oi http://ex.org/variable#46	1
http://ex.org/variable#102 http://www.ibm.com/timex#d http://ex.org/variable#47	1
http://ex.org/variable#102 http://www.ibm.com/timex#b http://ex.org/variable#48	1
http://ex.org/variable#102 http://www.ibm.com/timex#bi http://ex.org/variable#49	1
http://ex.org/variable#102 http://www.ibm.com/timex#d http://ex.org/variable#50	1
http://ex.org/variable#102 http://www.ibm.com/timex#b http://ex.org/variable#51	1
http://ex.org/variable#102 http://www.ibm.com/timex#d http://ex.org/variable#52	1
http://ex.org/variable#102 http://www.ibm.com/timex#d http://ex.org/variable#53	1
http://ex.org/variable#102 http://www.ibm.com/timex#d http://ex.org/variable#54	1
http://ex.org/variable#102 http://www.ibm.com/timex#d http://ex.org/variable#55	1
http://ex.org/variable#102 http://www.ibm.com/timex#bi http://ex.org/variable#56	1
http://ex.org/variable#102 http://www.ibm.com/timex#oi http://ex.org/variable#57	1
http://ex.org/variable#102 http://www.ibm.com/timex#d http://ex.org/variable#58	1
http://ex.org/variable#102 http://www.ibm.com/timex#d http://ex.org/variable#59	1
http://ex.org/variable#102 http://www.ibm.com/timex#d http://ex.org/variable#60	1
http://ex.org/variable#102 http://www.ibm.com/timex#d http://ex.org/variable#61	1
http://ex.org/variable#102 http://www.ibm.com/timex#d http://ex.org/variable#62	1
http://ex.org/variable#102 http://www.ibm.com/timex#d http://ex.org/variable#63	1
http://ex.org/variable#102 http://www.ibm.com/timex#d http://ex.org/variable#64	1
http://ex.org/variable#102 http://www.ibm.com/timex#bi http://ex.org/variable#65	1
http://ex.org/variable#102 http://www.ibm.com/timex#bi http://ex.org/variable#66	1
http://ex.org/variable#102 http://www.ibm.com/timex#d http://ex.org/variable#67	1
http://ex.org/variable#102 http://www.ibm.com/timex#d http://ex.org/variable#68	1
http://ex.org/variable#102 http://www.ibm.com/timex#oi http://ex.org/variable#69	1
http://ex.org/variable#102 http://www.ibm.com/timex#d http://ex.org/variable#70	1
http://ex.org/variable#102 http://www.ibm.com/timex#oi http://ex.org/variable#71	1
http://ex.org/variable#102 http://www.ibm.com/timex#d http://ex.org/variable#72	1
http://ex.org/variable#102 http://www.ibm.com/timex#d http://ex.org/variable#73	1
http://ex.org/variable#102 http://www.ibm.com/timex#d http://ex.org/variable#74	1
http://ex.org/variable#102 http://www.ibm.com/timex#d http://ex.org/variable#75	1
http://ex.org/variable#102 http://www.ibm.com/timex#d http://ex.org/variable#76	1
http://ex.org/variable#102 http://www.ibm.com/timex#d http://ex.org/variable#77	1
http://ex.org/variable#102 http://www.ibm.com/timex#d http://ex.org/variable#78	1
http://ex.org/variable#102 http://www.ibm.com/timex#bi http://ex.org/variable#79	1
http://ex.org/variable#102 http://www.ibm.com/timex#d http://ex.org/variable#80	1
http://ex.org/variable#102 http://www.ibm.com/timex#oi http://ex.org/variable#81	1
http://ex.org/variable#102 http://www.ibm.com/timex#bi http://ex.org/variable#82	1
http://ex.org/variable#102 http://www.ibm.com/timex#d http://ex.org/variable#83	1
http://ex.org/variable#102 http://www.ibm.com/timex#d http://ex.org/variable#84	1
http://ex.org/variable#102 http://www.ibm.com/timex#m http://ex.org/variable#85	1
http://ex.org/variable#102 http://www.ibm.com/timex#d http://ex.org/variable#86	1
http://ex.org/variable#102 http://www.ibm.com/timex#d http://ex.org/variable#87	1
http://ex.org/variable#102 http://www.ibm.com/timex#b http://ex.org/variable#88	1
http://ex.org/variable#102 http://www.ibm.com/timex#d http://ex.org/variable#89	1
http://ex.org/variable#102 http://www.ibm.com/timex#d http://ex.org/variable#90	1
http://ex.org/variable#102 http://www.ibm.com/timex#d http://ex.org/variable#91	1
http://ex.org/variable#102 http://www.ibm.com/timex#d http://ex.org/variable#92	1
http://ex.org/variable#102 http://www.ibm.com/timex#d http://ex.org/variable#93	1
http://ex.org/variable#102 http://www.ibm.com/timex#oi http://ex.org/variable#94	1
http://ex.org/variable#102 http://www.ibm.com/timex#bi http://ex.org/variable#95	1
http://ex.org/variable#102 http://www.ibm.com/timex#bi http://ex.org/variable#96	1
http://ex.org/variable#102 http://www.ibm.com/timex#d http://ex.org/variable#97	1
http://ex.org/variable#102 http://www.ibm.com/timex#b http://ex.org/variable#98	1
http://ex.org/variable#102 http://www.ibm.com/timex#b http://ex.org/variable#99	1
http://ex.org/variable#102 http://www.ibm.com/timex#bi http://ex.org/variable#100	1
http://ex.org/variable#102 http://www.ibm.com/timex#d http://ex.org/variable#101	1
http://ex.org/variable#102 http://www.ibm.com/timex#d http://ex.org/variable#103	1
http://ex.org/variable#102 http://www.ibm.com/timex#b http://ex.org/variable#104	1
http://ex.org/variable#102 http://www.ibm.com/timex#d http://ex.org/variable#105	1
http://ex.org/variable#102 http://www.ibm.com/timex#d http://ex.org/variable#106	1
http://ex.org/variable#102 http://www.ibm.com/timex#d http://ex.org/variable#107	1
http://ex.org/variable#102 http://www.ibm.com/timex#bi_mi http://ex.org/variable#108	1
http://ex.org/variable#102 http://www.ibm.com/timex#oi http://ex.org/variable#109	1
http://ex.org/variable#102 http://www.ibm.com/timex#d http://ex.org/variable#110	1
http://ex.org/variable#102 http://www.ibm.com/timex#oi http://ex.org/variable#111	1
http://ex.org/variable#102 http://www.ibm.com/timex#d http://ex.org/variable#112	1
http://ex.org/variable#102 http://www.ibm.com/timex#bi http://ex.org/variable#113	1
http://ex.org/variable#102 http://www.ibm.com/timex#d http://ex.org/variable#114	1
http://ex.org/variable#102 http://www.ibm.com/timex#b http://ex.org/variable#115	1
http://ex.org/variable#102 http://www.ibm.com/timex#oi http://ex.org/variable#116	1
http://ex.org/variable#102 http://www.ibm.com/timex#bi http://ex.org/variable#117	1
http://ex.org/variable#102 http://www.ibm.com/timex#oi http://ex.org/variable#118	1
http://ex.org/variable#102 http://www.ibm.com/timex#d http://ex.org/variable#119	1
http://ex.org/variable#102 http://www.ibm.com/timex#bi http://ex.org/variable#120	1
http://ex.org/variable#102 http://www.ibm.com/timex#b http://ex.org/variable#121	1
http://ex.org/variable#102 http://www.ibm.com/timex#d http://ex.org/variable#122	1
http://ex.org/variable#102 http://www.ibm.com/timex#d http://ex.org/variable#123	1
http://ex.org/variable#102 http://www.ibm.com/timex#bi http://ex.org/variable#124	1
http://ex.org/variable#102 http://www.ibm.com/timex#bi http://ex.org/variable#125	1
http://ex.org/variable#102 http://www.ibm.com/timex#d http://ex.org/variable#126	1
http://ex.org/variable#102 http://www.ibm.com/timex#m http://ex.org/variable#127	1
http://ex.org/variable#102 http://www.ibm.com/timex#d http://ex.org/variable#128	1
http://ex.org/variable#102 http://www.ibm.com/timex#bi http://ex.org/variable#129	1
http://ex.org/variable#102 http://www.ibm.com/timex#bi http://ex.org/variable#130	1
http://ex.org/variable#102 http://www.ibm.com/timex#b http://ex.org/variable#131	1
http://ex.org/variable#102 http://www.ibm.com/timex#d http://ex.org/variable#132	1
http://ex.org/variable#102 http://www.ibm.com/timex#d http://ex.org/variable#133	1
http://ex.org/variable#102 http://www.ibm.com/timex#bi http://ex.org/variable#134	1
http://ex.org/variable#102 http://www.ibm.com/timex#d http://ex.org/variable#135	1
http://ex.org/variable#102 http://www.ibm.com/timex#d http://ex.org/variable#136	1
http://ex.org/variable#102 http://www.ibm.com/timex#bi http://ex.org/variable#137	1
http://ex.org/variable#102 http://www.ibm.com/timex#b http://ex.org/variable#138	1
http://ex.org/variable#102 http://www.ibm.com/timex#bi http://ex.org/variable#139	1
http://ex.org/variable#102 http://www.ibm.com/timex#bi http://ex.org/variable#140	1
http://ex.org/variable#102 http://www.ibm.com/timex#d http://ex.org/variable#141	1
http://ex.org/variable#102 http://www.ibm.com/timex#oi http://ex.org/variable#142	1
http://ex.org/variable#102 http://www.ibm.com/timex#d http://ex.org/variable#143	1
http://ex.org/variable#102 http://www.ibm.com/timex#d http://ex.org/variable#144	1
http://ex.org/variable#102 http://www.ibm.com/timex#m http://ex.org/variable#145	1
http://ex.org/variable#102 http://www.ibm.com/timex#d http://ex.org/variable#146	1
http://ex.org/variable#102 http://www.ibm.com/timex#d http://ex.org/variable#147	1
http://ex.org/variable#102 http://www.ibm.com/timex#d http://ex.org/variable#148	1
http://ex.org/variable#102 http://www.ibm.com/timex#bi http://ex.org/variable#149	1
http://ex.org/variable#102 http://www.ibm.com/timex#b http://ex.org/variable#150	1
http://ex.org/variable#102 http://www.ibm.com/timex#d http://ex.org/variable#151	1
http://ex.org/variable#102 http://www.ibm.com/timex#bi http://ex.org/variable#152	1
http://ex.org/variable#102 http://www.ibm.com/timex#d http://ex.org/variable#153	1
http://ex.org/variable#102 http://www.ibm.com/timex#bi http://ex.org/variable#154	1
http://ex.org/variable#102 http://www.ibm.com/timex#d http://ex.org/variable#155	1
http://ex.org/variable#102 http://www.ibm.com/timex#d http://ex.org/variable#156	1
http://ex.org/variable#102 http://www.ibm.com/timex#bi http://ex.org/variable#157	1
http://ex.org/variable#102 http://www.ibm.com/timex#bi_mi http://ex.org/variable#158	1
http://ex.org/variable#102 http://www.ibm.com/timex#d http://ex.org/variable#159	1
http://ex.org/variable#102 http://www.ibm.com/timex#d http://ex.org/variable#160	1
http://ex.org/variable#102 http://www.ibm.com/timex#bi http://ex.org/variable#161	1
http://ex.org/variable#102 http://www.ibm.com/timex#bi http://ex.org/variable#162	1
http://ex.org/variable#102 http://www.ibm.com/timex#d http://ex.org/variable#163	1
http://ex.org/variable#102 http://www.ibm.com/timex#d http://ex.org/variable#164	1
http://ex.org/variable#102 http://www.ibm.com/timex#bi http://ex.org/variable#165	1
http://ex.org/variable#102 http://www.ibm.com/timex#bi_oi http://ex.org/variable#166	1
http://ex.org/variable#102 http://www.ibm.com/timex#d http://ex.org/variable#167	1
http://ex.org/variable#102 http://www.ibm.com/timex#d http://ex.org/variable#168	1
http://ex.org/variable#102 http://www.ibm.com/timex#d http://ex.org/variable#169	1
http://ex.org/variable#102 http://www.ibm.com/timex#m http://ex.org/variable#170	1
http://ex.org/variable#102 http://www.ibm.com/timex#bi_mi http://ex.org/variable#171	1
http://ex.org/variable#102 http://www.ibm.com/timex#bi http://ex.org/variable#172	1
http://ex.org/variable#102 http://www.ibm.com/timex#b http://ex.org/variable#173	1
http://ex.org/variable#102 http://www.ibm.com/timex#d http://ex.org/variable#174	1
http://ex.org/variable#102 http://www.ibm.com/timex#d http://ex.org/variable#175	1
http://ex.org/variable#102 http://www.ibm.com/timex#d http://ex.org/variable#176	1
http://ex.org/variable#102 http://www.ibm.com/timex#d http://ex.org/variable#177	1
http://ex.org/variable#102 http://www.ibm.com/timex#d http://ex.org/variable#178	1
http://ex.org/variable#102 http://www.ibm.com/timex#d http://ex.org/variable#179	1
http://ex.org/variable#102 http://www.ibm.com/timex#bi http://ex.org/variable#180	1
http://ex.org/variable#102 http://www.ibm.com/timex#bi http://ex.org/variable#181	1
http://ex.org/variable#102 http://www.ibm.com/timex#bi http://ex.org/variable#182	1
http://ex.org/variable#102 http://www.ibm.com/timex#o http://ex.org/variable#183	1
http://ex.org/variable#102 http://www.ibm.com/timex#oi http://ex.org/variable#184	1
http://ex.org/variable#102 http://www.ibm.com/timex#d http://ex.org/variable#185	1
http://ex.org/variable#102 http://www.ibm.com/timex#d http://ex.org/variable#186	1
http://ex.org/variable#102 http://www.ibm.com/timex#d http://ex.org/variable#187	1
http://ex.org/variable#102 http://www.ibm.com/timex#d http://ex.org/variable#188	1
http://ex.org/variable#102 http://www.ibm.com/timex#bi_mi http://ex.org/variable#189	1
http://ex.org/variable#103 http://www.ibm.com/timex#o http://ex.org/variable#0	1
http://ex.org/variable#103 http://www.ibm.com/timex#o http://ex.org/variable#1	1
http://ex.org/variable#103 http://www.ibm.com/timex#o http://ex.org/variable#2	1
http://ex.org/variable#103 http://www.ibm.com/timex#fi http://ex.org/variable#3	1
http://ex.org/variable#103 http://www.ibm.com/timex#o http://ex.org/variable#4	1
http://ex.org/variable#103 http://www.ibm.com/timex#di http://ex.org/variable#5	1
http://ex.org/variable#103 http://www.ibm.com/timex#o http://ex.org/variable#6	1
http://ex.org/variable#103 http://www.ibm.com/timex#o http://ex.org/variable#7	1
http://ex.org/variable#103 http://www.ibm.com/timex#oi http://ex.org/variable#8	1
http://ex.org/variable#103 http://www.ibm.com/timex#o http://ex.org/variable#9	1
http://ex.org/variable#103 http://www.ibm.com/timex#o http://ex.org/variable#10	1
http://ex.org/variable#103 http://www.ibm.com/timex#o http://ex.org/variable#11	1
http://ex.org/variable#103 http://www.ibm.com/timex#d http://ex.org/variable#12	1
http://ex.org/variable#103 http://www.ibm.com/timex#di http://ex.org/variable#13	1
http://ex.org/variable#103 http://www.ibm.com/timex#di http://ex.org/variable#14	1
http://ex.org/variable#103 http://www.ibm.com/timex#di http://ex.org/variable#15	1
http://ex.org/variable#103 http://www.ibm.com/timex#di http://ex.org/variable#16	1
http://ex.org/variable#103 http://www.ibm.com/timex#m_o http://ex.org/variable#17	1
http://ex.org/variable#103 http://www.ibm.com/timex#o http://ex.org/variable#18	1
http://ex.org/variable#103 http://www.ibm.com/timex#di http://ex.org/variable#19	1
http://ex.org/variable#103 http://www.ibm.com/timex#d http://ex.org/variable#20	1
http://ex.org/variable#103 http://www.ibm.com/timex#o http://ex.org/variable#21	1
http://ex.org/variable#103 http://www.ibm.com/timex#o http://ex.org/variable#22	1
http://ex.org/variable#103 http://www.ibm.com/timex#di http://ex.org/variable#23	1
http://ex.org/variable#103 http://www.ibm.com/timex#d http://ex.org/variable#24	1
http://ex.org/variable#103 http://www.ibm.com/timex#oi http://ex.org/variable#25	1
http://ex.org/variable#103 http://www.ibm.com/timex#o http://ex.org/variable#26	1
http://ex.org/variable#103 http://www.ibm.com/timex#oi http://ex.org/variable#27	1
http://ex.org/variable#103 http://www.ibm.com/timex#o http://ex.org/variable#28	1
http://ex.org/variable#103 http://www.ibm.com/timex#o http://ex.org/variable#29	1
http://ex.org/variable#103 http://www.ibm.com/timex#di http://ex.org/variable#30	1
http://ex.org/variable#103 http://www.ibm.com/timex#oi http://ex.org/variable#31	1
http://ex.org/variable#103 http://www.ibm.com/timex#oi http://ex.org/variable#32	1
http://ex.org/variable#103 http://www.ibm.com/timex#o http://ex.org/variable#33	1
http://ex.org/variable#103 http://www.ibm.com/timex#o_fi http://ex.org/variable#34	1
http://ex.org/variable#103 http://www.ibm.com/timex#di http://ex.org/variable#35	1
http://ex.org/variable#103 http://www.ibm.com/timex#oi http://ex.org/variable#36	1
http://ex.org/variable#103 http://www.ibm.com/timex#di http://ex.org/variable#37	1
http://ex.org/variable#103 http://www.ibm.com/timex#si http://ex.org/variable#38	1
http://ex.org/variable#103 http://www.ibm.com/timex#di http://ex.org/variable#39	1
http://ex.org/variable#103 http://www.ibm.com/timex#oi http://ex.org/variable#40	1
http://ex.org/variable#103 http://www.ibm.com/timex#o http://ex.org/variable#41	1
http://ex.org/variable#103 http://www.ibm.com/timex#o http://ex.org/variable#42	1
http://ex.org/variable#103 http://www.ibm.com/timex#d_f http://ex.org/variable#43	1
http://ex.org/variable#103 http://www.ibm.com/timex#s http://ex.org/variable#44	1
http://ex.org/variable#103 http://www.ibm.com/timex#o http://ex.org/variable#45	1
http://ex.org/variable#103 http://www.ibm.com/timex#oi http://ex.org/variable#46	1
http://ex.org/variable#103 http://www.ibm.com/timex#oi http://ex.org/variable#47	1
http://ex.org/variable#103 http://www.ibm.com/timex#o http://ex.org/variable#48	1
http://ex.org/variable#103 http://www.ibm.com/timex#oi http://ex.org/variable#49	1
http://ex.org/variable#103 http://www.ibm.com/timex#o http://ex.org/variable#50	1
http://ex.org/variable#103 http://www.ibm.com/timex#o http://ex.org/variable#51	1
http://ex.org/variable#103 http://www.ibm.com/timex#d http://ex.org/variable#52	1
http://ex.org/variable#103 http://www.ibm.com/timex#d http://ex.org/variable#53	1
http://ex.org/variable#103 http://www.ibm.com/timex#o http://ex.org/variable#54	1
http://ex.org/variable#103 http://www.ibm.com/timex#di_fi http://ex.org/variable#55	1
http://ex.org/variable#103 http://www.ibm.com/timex#di http://ex.org/variable#56	1
http://ex.org/variable#103 http://www.ibm.com/timex#oi http://ex.org/variable#57	1
http://ex.org/variable#103 http://www.ibm.com/timex#di http://ex.org/variable#58	1
http://ex.org/variable#103 http://www.ibm.com/timex#o http://ex.org/variable#59	1
http://ex.org/variable#103 http://www.ibm.com/timex#d http://ex.org/variable#60	1
http://ex.org/variable#103 http://www.ibm.com/timex#d http://ex.org/variable#61	1
http://ex.org/variable#103 http://www.ibm.com/timex#o http://ex.org/variable#62	1
http://ex.org/variable#103 http://www.ibm.com/timex#d http://ex.org/variable#63	1
http://ex.org/variable#103 http://www.ibm.com/timex#d http://ex.org/variable#64	1
http://ex.org/variable#103 http://www.ibm.com/timex#di http://ex.org/variable#65	1
http://ex.org/variable#103 http://www.ibm.com/timex#oi http://ex.org/variable#66	1
http://ex.org/variable#103 http://www.ibm.com/timex#o http://ex.org/variable#67	1
http://ex.org/variable#103 http://www.ibm.com/timex#o http://ex.org/variable#68	1
http://ex.org/variable#103 http://www.ibm.com/timex#di http://ex.org/variable#69	1
http://ex.org/variable#103 http://www.ibm.com/timex#o http://ex.org/variable#70	1
http://ex.org/variable#103 http://www.ibm.com/timex#di http://ex.org/variable#71	1
http://ex.org/variable#103 http://www.ibm.com/timex#o http://ex.org/variable#72	1
http://ex.org/variable#103 http://www.ibm.com/timex#di http://ex.org/variable#73	1
http://ex.org/variable#103 http://www.ibm.com/timex#o http://ex.org/variable#74	1
http://ex.org/variable#103 http://www.ibm.com/timex#di http://ex.org/variable#75	1
http://ex.org/variable#103 http://www.ibm.com/timex#o http://ex.org/variable#76	1
http://ex.org/variable#103 http://www.ibm.com/timex#o http://ex.org/variable#77	1
http://ex.org/variable#103 http://www.ibm.com/timex#di http://ex.org/variable#78	1
http://ex.org/variable#103 http://www.ibm.com/timex#oi http://ex.org/variable#79	1
http://ex.org/variable#103 http://www.ibm.com/timex#d http://ex.org/variable#80	1
http://ex.org/variable#103 http://www.ibm.com/timex#oi http://ex.org/variable#81	1
http://ex.org/variable#103 http://www.ibm.com/timex#di http://ex.org/variable#82	1
http://ex.org/variable#103 http://www.ibm.com/timex#d http://ex.org/variable#83	1
http://ex.org/variable#103 http://www.ibm.com/timex#o http://ex.org/variable#84	1
http://ex.org/variable#103 http://www.ibm.com/timex#o http://ex.org/variable#85	1
http://ex.org/variable#103 http://www.ibm.com/timex#d http://ex.org/variable#86	1
http://ex.org/variable#103 http://www.ibm.com/timex#o http://ex.org/variable#87	1
http://ex.org/variable#103 http://www.ibm.com/timex#b http://ex.org/variable#88	1
http://ex.org/variable#103 http://www.ibm.com/timex#o http://ex.org/variable#89	1
http://ex.org/variable#103 http://www.ibm.com/timex#o_di_fi http://ex.org/variable#90	1
http://ex.org/variable#103 http://www.ibm.com/timex#o http://ex.org/variable#91	1
http://ex.org/variable#103 http://www.ibm.com/timex#o http://ex.org/variable#92	1
http://ex.org/variable#103 http://www.ibm.com/timex#o http://ex.org/variable#93	1
http://ex.org/variable#103 http://www.ibm.com/timex#di http://ex.org/variable#94	1
http://ex.org/variable#103 http://www.ibm.com/timex#di http://ex.org/variable#95	1
http://ex.org/variable#103 http://www.ibm.com/timex#di http://ex.org/variable#96	1
http://ex.org/variable#103 http://www.ibm.com/timex#o http://ex.org/variable#97	1
http://ex.org/variable#103 http://www.ibm.com/timex#o http://ex.org/variable#98	1
http://ex.org/variable#103 http://www.ibm.com/timex#o http://ex.org/variable#99	1
http://ex.org/variable#103 http://www.ibm.com/timex#oi http://ex.org/variable#100	1
http://ex.org/variable#103 http://www.ibm.com/timex#o http://ex.org/variable#101	1
http://ex.org/variable#103 http://www.ibm.com/timex#di http://ex.org/variable#102	1
http://ex.org/variable#103 http://www.ibm.com/timex#b http://ex.org/variable#104	1
http://ex.org/variable#103 http://www.ibm.com/timex#o http://ex.org/variable#105	1
http://ex.org/variable#103 http://www.ibm.com/timex#d http://ex.org/variable#106	1
http://ex.org/variable#103 http://www.ibm.com/timex#o http://ex.org/variable#107	1
http://ex.org/variable#103 http://www.ibm.com/timex#di http://ex.org/variable#108	1
http://ex.org/variable#103 http://www.ibm.com/timex#di http://ex.org/variable#109	1
http://ex.org/variable#103 http://www.ibm.com/timex#d http://ex.org/variable#110	1
http://ex.org/variable#103 http://www.ibm.com/timex#di http://ex.org/variable#111	1
http://ex.org/variable#103 http://www.ibm.com/timex#oi_d_f http://ex.org/variable#112	1
http://ex.org/variable#103 http://www.ibm.com/timex#di http://ex.org/variable#113	1
http://ex.org/variable#103 http://www.ibm.com/timex#o http://ex.org/variable#114	1
http://ex.org/variable#103 http://www.ibm.com/timex#b http://ex.org/variable#115	1
http://ex.org/variable#103 http://www.ibm.com/timex#di http://ex.org/variable#116	1
http://ex.org/variable#103 http://www.ibm.com/timex#oi_di http://ex.org/variable#117	1
http://ex.org/variable#103 http://www.ibm.com/timex#di http://ex.org/variable#118	1
http://ex.org/variable#103 http://www.ibm.com/timex#d http://ex.org/variable#119	1
http://ex.org/variable#103 http://www.ibm.com/timex#di http://ex.org/variable#120	1
http://ex.org/variable#103 http://www.ibm.com/timex#b http://ex.org/variable#121	1
http://ex.org/variable#103 http://www.ibm.com/timex#d http://ex.org/variable#122	1
http://ex.org/variable#103 http://www.ibm.com/timex#o http://ex.org/variable#123	1
http://ex.org/variable#103 http://www.ibm.com/timex#oi http://ex.org/variable#124	1
http://ex.org/variable#103 http://www.ibm.com/timex#oi http://ex.org/variable#125	1
http://ex.org/variable#103 http://www.ibm.com/timex#o http://ex.org/variable#126	1
http://ex.org/variable#103 http://www.ibm.com/timex#o http://ex.org/variable#127	1
http://ex.org/variable#103 http://www.ibm.com/timex#o http://ex.org/variable#128	1
http://ex.org/variable#103 http://www.ibm.com/timex#oi http://ex.org/variable#129	1
http://ex.org/variable#103 http://www.ibm.com/timex#di http://ex.org/variable#130	1
http://ex.org/variable#103 http://www.ibm.com/timex#b http://ex.org/variable#131	1
http://ex.org/variable#103 http://www.ibm.com/timex#d http://ex.org/variable#132	1
http://ex.org/variable#103 http://www.ibm.com/timex#o http://ex.org/variable#133	1
http://ex.org/variable#103 http://www.ibm.com/timex#oi http://ex.org/variable#134	1
http://ex.org/variable#103 http://www.ibm.com/timex#o http://ex.org/variable#135	1
http://ex.org/variable#103 http://www.ibm.com/timex#o http://ex.org/variable#136	1
http://ex.org/variable#103 http://www.ibm.com/timex#di http://ex.org/variable#137	1
http://ex.org/variable#103 http://www.ibm.com/timex#o http://ex.org/variable#138	1
http://ex.org/variable#103 http://www.ibm.com/timex#di http://ex.org/variable#139	1
http://ex.org/variable#103 http://www.ibm.com/timex#di http://ex.org/variable#140	1
http://ex.org/variable#103 http://www.ibm.com/timex#d http://ex.org/variable#141	1
http://ex.org/variable#103 http://www.ibm.com/timex#di http://ex.org/variable#142	1
http://ex.org/variable#103 http://www.ibm.com/timex#o http://ex.org/variable#143	1
http://ex.org/variable#103 http://www.ibm.com/timex#o http://ex.org/variable#144	1
http://ex.org/variable#103 http://www.ibm.com/timex#o http://ex.org/variable#145	1
http://ex.org/variable#103 http://www.ibm.com/timex#o http://ex.org/variable#146	1
http://ex.org/variable#103 http://www.ibm.com/timex#di http://ex.org/variable#147	1
http://ex.org/variable#103 http://www.ibm.com/timex#o http://ex.org/variable#148	1
http://ex.org/variable#103 http://www.ibm.com/timex#oi http://ex.org/variable#149	1
http://ex.org/variable#103 http://www.ibm.com/timex#o http://ex.org/variable#150	1
http://ex.org/variable#103 http://www.ibm.com/timex#o http://ex.org/variable#151	1
http://ex.org/variable#103 http://www.ibm.com/timex#oi_di http://ex.org/variable#152	1
http://ex.org/variable#103 http://www.ibm.com/timex#o http://ex.org/variable#153	1
http://ex.org/variable#103 http://www.ibm.com/timex#di http://ex.org/variable#154	1
http://ex.org/variable#103 http://www.ibm.com/timex#oi http://ex.org/variable#155	1
http://ex.org/variable#103 http://www.ibm.com/timex#o http://ex.org/variable#156	1
http://ex.org/variable#103 http://www.ibm.com/timex#di http://ex.org/variable#157	1
http://ex.org/variable#103 http://www.ibm.com/timex#di http://ex.org/variable#158	1
http://ex.org/variable#103 http://www.ibm.com/timex#o http://ex.org/variable#159	1
http://ex.org/variable#103 http://www.ibm.com/timex#o http://ex.org/variable#160	1
http://ex.org/variable#103 http://www.ibm.com/timex#di http://ex.org/variable#161	1
http://ex.org/variable#103 http://www.ibm.com/timex#di http://ex.org/variable#162	1
http://ex.org/variable#103 http://www.ibm.com/timex#o http://ex.org/variable#163	1
http://ex.org/variable#103 http://www.ibm.com/timex#o http://ex.org/variable#164	1
http://ex.org/variable#103 http://www.ibm.com/timex#di http://ex.org/variable#165	1
http://ex.org/variable#103 http://www.ibm.com/timex#oi http://ex.org/variable#166	1
http://ex.org/variable#103 http://www.ibm.com/timex#oi http://ex.org/variable#167	1
http://ex.org/variable#103 http://www.ibm.com/timex#o http://ex.org/variable#168	1
http://ex.org/variable#103 http://www.ibm.com/timex#d http://ex.org/variable#169	1
http://ex.org/variable#103 http://www.ibm.com/timex#o http://ex.org/variable#170	1
http://ex.org/variable#103 http://www.ibm.com/timex#oi http://ex.org/variable#171	1
http://ex.org/variable#103 http://www.ibm.com/timex#oi http://ex.org/variable#172	1
http://ex.org/variable#103 http://www.ibm.com/timex#b http://ex.org/variable#173	1
http://ex.org/variable#103 http://www.ibm.com/timex#o http://ex.org/variable#174	1
http://ex.org/variable#103 http://www.ibm.com/timex#oi http://ex.org/variable#175	1
http://ex.org/variable#103 http://www.ibm.com/timex#o http://ex.org/variable#176	1
http://ex.org/variable#103 http://www.ibm.com/timex#o http://ex.org/variable#177	1
http://ex.org/variable#103 http://www.ibm.com/timex#o http://ex.org/variable#178	1
http://ex.org/variable#103 http://www.ibm.com/timex#o http://ex.org/variable#179	1
http://ex.org/variable#103 http://www.ibm.com/timex#di http://ex.org/variable#180	1
http://ex.org/variable#103 http://www.ibm.com/timex#oi http://ex.org/variable#181	1
http://ex.org/variable#103 http://www.ibm.com/timex#di http://ex.org/variable#182	1
http://ex.org/variable#103 http://www.ibm.com/timex#o http://ex.org/variable#183	1
http://ex.org/variable#103 http://www.ibm.com/timex#di http://ex.org/variable#184	1
http://ex.org/variable#103 http://www.ibm.com/timex#o http://ex.org/variable#185	1
http://ex.org/variable#103 http://www.ibm.com/timex#o http://ex.org/variable#186	1
http://ex.org/variable#103 http://www.ibm.com/timex#d http://ex.org/variable#187	1
http://ex.org/variable#103 http://www.ibm.com/timex#o_di_fi http://ex.org/variable#188	1
http://ex.org/variable#103 http://www.ibm.com/timex#di http://ex.org/variable#189	1
http://ex.org/variable#104 http://www.ibm.com/timex#d http://ex.org/variable#0	1
http://ex.org/variable#104 http://www.ibm.com/timex#d http://ex.org/variable#1	1
http://ex.org/variable#104 http://www.ibm.com/timex#d http://ex.org/variable#2	1
http://ex.org/variable#104 http://www.ibm.com/timex#bi http://ex.org/variable#3	1
http://ex.org/variable#104 http://www.ibm.com/timex#d http://ex.org/variable#4	1
http://ex.org/variable#104 http://www.ibm.com/timex#bi http://ex.org/variable#5	1
http://ex.org/variable#104 http://www.ibm.com/timex#bi http://ex.org/variable#6	1
http://ex.org/variable#104 http://www.ibm.com/timex#d http://ex.org/variable#7	1
http://ex.org/variable#104 http://www.ibm.com/timex#bi http://ex.org/variable#8	1
http://ex.org/variable#104 http://www.ibm.com/timex#d http://ex.org/variable#9	1
http://ex.org/variable#104 http://www.ibm.com/timex#bi http://ex.org/variable#10	1
http://ex.org/variable#104 http://www.ibm.com/timex#d_f http://ex.org/variable#11	1
http://ex.org/variable#104 http://www.ibm.com/timex#d http://ex.org/variable#12	1
http://ex.org/variable#104 http://www.ibm.com/timex#bi http://ex.org/variable#13	1
http://ex.org/variable#104 http://www.ibm.com/timex#bi http://ex.org/variable#14	1
http://ex.org/variable#104 http://www.ibm.com/timex#bi http://ex.org/variable#15	1
http://ex.org/variable#104 http://www.ibm.com/timex#bi http://ex.org/variable#16	1
http://ex.org/variable#104 http://www.ibm.com/timex#bi http://ex.org/variable#17	1
http://ex.org/variable#104 http://www.ibm.com/timex#bi http://ex.org/variable#18	1
http://ex.org/variable#104 http://www.ibm.com/timex#bi http://ex.org/variable#19	1
http://ex.org/variable#104 http://www.ibm.com/timex#d http://ex.org/variable#20	1
http://ex.org/variable#104 http://www.ibm.com/timex#mi http://ex.org/variable#21	1
http://ex.org/variable#104 http://www.ibm.com/timex#d http://ex.org/variable#22	1
http://ex.org/variable#104 http://www.ibm.com/timex#bi http://ex.org/variable#23	1
http://ex.org/variable#104 http://www.ibm.com/timex#d http://ex.org/variable#24	1
http://ex.org/variable#104 http://www.ibm.com/timex#bi http://ex.org/variable#25	1
http://ex.org/variable#104 http://www.ibm.com/timex#bi http://ex.org/variable#26	1
http://ex.org/variable#104 http://www.ibm.com/timex#bi http://ex.org/variable#27	1
http://ex.org/variable#104 http://www.ibm.com/timex#bi http://ex.org/variable#28	1
http://ex.org/variable#104 http://www.ibm.com/timex#bi http://ex.org/variable#29	1
http://ex.org/variable#104 http://www.ibm.com/timex#bi http://ex.org/variable#30	1
http://ex.org/variable#104 http://www.ibm.com/timex#bi http://ex.org/variable#31	1
http://ex.org/variable#104 http://www.ibm.com/timex#bi http://ex.org/variable#32	1
http://ex.org/variable#104 http://www.ibm.com/timex#d http://ex.org/variable#33	1
http://ex.org/variable#104 http://www.ibm.com/timex#bi http://ex.org/variable#34	1
http://ex.org/variable#104 http://www.ibm.com/timex#bi http://ex.org/variable#35	1
http://ex.org/variable#104 http://www.ibm.com/timex#bi http://ex.org/variable#36	1
http://ex.org/variable#104 http://www.ibm.com/timex#bi http://ex.org/variable#37	1
http://ex.org/variable#104 http://www.ibm.com/timex#bi http://ex.org/variable#38	1
http://ex.org/variable#104 http://www.ibm.com/timex#bi http://ex.org/variable#39	1
http://ex.org/variable#104 http://www.ibm.com/timex#bi http://ex.org/variable#40	1
http://ex.org/variable#104 http://www.ibm.com/timex#bi http://ex.org/variable#41	1
http://ex.org/variable#104 http://www.ibm.com/timex#d http://ex.org/variable#42	1
http://ex.org/variable#104 http://www.ibm.com/timex#bi http://ex.org/variable#43	1
http://ex.org/variable#104 http://www.ibm.com/timex#bi http://ex.org/variable#44	1
http://ex.org/variable#104 http://www.ibm.com/timex#d http://ex.org/variable#45	1
http://ex.org/variable#104 http://www.ibm.com/timex#bi http://ex.org/variable#46	1
http://ex.org/variable#104 http://www.ibm.com/timex#bi http://ex.org/variable#47	1
http://ex.org/variable#104 http://www.ibm.com/timex#bi http://ex.org/variable#48	1
http://ex.org/variable#104 http://www.ibm.com/timex#bi http://ex.org/variable#49	1
http://ex.org/variable#104 http://www.ibm.com/timex#d http://ex.org/variable#50	1
http://ex.org/variable#104 http://www.ibm.com/timex#bi http://ex.org/variable#51	1
http://ex.org/variable#104 http://www.ibm.com/timex#bi http://ex.org/variable#52	1
http://ex.org/variable#104 http://www.ibm.com/timex#bi http://ex.org/variable#53	1
http://ex.org/variable#104 http://www.ibm.com/timex#bi http://ex.org/variable#54	1
http://ex.org/variable#104 http://www.ibm.com/timex#bi http://ex.org/variable#55	1
http://ex.org/variable#104 http://www.ibm.com/timex#bi http://ex.org/variable#56	1
http://ex.org/variable#104 http://www.ibm.com/timex#bi http://ex.org/variable#57	1
http://ex.org/variable#104 http://www.ibm.com/timex#bi http://ex.org/variable#58	1
http://ex.org/variable#104 http://www.ibm.com/timex#d http://ex.org/variable#59	1
http://ex.org/variable#104 http://www.ibm.com/timex#d http://ex.org/variable#60	1
http://ex.org/variable#104 http://www.ibm.com/timex#d http://ex.org/variable#61	1
http://ex.org/variable#104 http://www.ibm.com/timex#d http://ex.org/variable#62	1
http://ex.org/variable#104 http://www.ibm.com/timex#bi http://ex.org/variable#63	1
http://ex.org/variable#104 http://www.ibm.com/timex#d_f http://ex.org/variable#64	1
http://ex.org/variable#104 http://www.ibm.com/timex#bi http://ex.org/variable#65	1
http://ex.org/variable#104 http://www.ibm.com/timex#bi http://ex.org/variable#66	1
http://ex.org/variable#104 http://www.ibm.com/timex#d http://ex.org/variable#67	1
http://ex.org/variable#104 http://www.ibm.com/timex#d http://ex.org/variable#68	1
http://ex.org/variable#104 http://www.ibm.com/timex#bi http://ex.org/variable#69	1
http://ex.org/variable#104 http://www.ibm.com/timex#d http://ex.org/variable#70	1
http://ex.org/variable#104 http://www.ibm.com/timex#bi http://ex.org/variable#71	1
http://ex.org/variable#104 http://www.ibm.com/timex#bi http://ex.org/variable#72	1
http://ex.org/variable#104 http://www.ibm.com/timex#bi http://ex.org/variable#73	1
http://ex.org/variable#104 http://www.ibm.com/timex#oi_d_f http://ex.org/variable#74	1
http://ex.org/variable#104 http://www.ibm.com/timex#bi http://ex.org/variable#75	1
http://ex.org/variable#104 http://www.ibm.com/timex#bi http://ex.org/variable#76	1
http://ex.org/variable#104 http://www.ibm.com/timex#d http://ex.org/variable#77	1
http://ex.org/variable#104 http://www.ibm.com/timex#bi http://ex.org/variable#78	1
http://ex.org/variable#104 http://www.ibm.com/timex#bi http://ex.org/variable#79	1
http://ex.org/variable#104 http://www.ibm.com/timex#d http://ex.org/variable#80	1
http://ex.org/variable#104 http://www.ibm.com/timex#bi http://ex.org/variable#81	1
http://ex.org/variable#104 http://www.ibm.com/timex#bi http://ex.org/variable#82	1
http://ex.org/variable#104 http://www.ibm.com/timex#oi_d http://ex.org/variable#83	1
http://ex.org/variable#104 http://www.ibm.com/timex#bi http://ex.org/variable#84	1
http://ex.org/variable#104 http://www.ibm.com/timex#bi http://ex.org/variable#85	1
http://ex.org/variable#104 http://www.ibm.com/timex#d http://ex.org/variable#86	1
http://ex.org/variable#104 http://www.ibm.com/timex#d http://ex.org/variable#87	1
http://ex.org/variable#104 http://www.ibm.com/timex#bi http://ex.org/variable#88	1
http://ex.org/variable#104 http://www.ibm.com/timex#d http://ex.org/variable#89	1
http://ex.org/variable#104 http://www.ibm.com/timex#bi http://ex.org/variable#90	1
http://ex.org/variable#104 http://www.ibm.com/timex#d http://ex.org/variable#91	1
http://ex.org/variable#104 http://www.ibm.com/timex#d http://ex.org/variable#92	1
http://ex.org/variable#104 http://www.ibm.com/timex#bi http://ex.org/variable#93	1
http://ex.org/variable#104 http://www.ibm.com/timex#bi http://ex.org/variable#94	1
http://ex.org/variable#104 http://www.ibm.com/timex#bi http://ex.org/variable#95	1
http://ex.org/variable#104 http://www.ibm.com/timex#bi http://ex.org/variable#96	1
http://ex.org/variable#104 http://www.ibm.com/timex#bi http://ex.org/variable#97	1
http://ex.org/variable#104 http://www.ibm.com/timex#d http://ex.org/variable#98	1
http://ex.org/variable#104 http://www.ibm.com/timex#bi http://ex.org/variable#99	1
http://ex.org/variable#104 http://www.ibm.com/timex#bi http://ex.org/variable#100	1
http://ex.org/variable#104 http://www.ibm.com/timex#d http://ex.org/variable#101	1
http://ex.org/variable#104 http://www.ibm.com/timex#bi http://ex.org/variable#102	1
http://ex.org/variable#104 http://www.ibm.com/timex#bi http://ex.org/variable#103	1
http://ex.org/variable#104 http://www.ibm.com/timex#bi_mi_oi_d_f http://ex.org/variable#105	1
http://ex.org/variable#104 http://www.ibm.com/timex#d http://ex.org/variable#106	1
http://ex.org/variable#104 http://www.ibm.com/timex#bi http://ex.org/variable#107	1
http://ex.org/variable#104 http://www.ibm.com/timex#bi http://ex.org/variable#108	1
http://ex.org/variable#104 http://www.ibm.com/timex#bi http://ex.org/variable#109	1
http://ex.org/variable#104 http://www.ibm.com/timex#d http://ex.org/variable#110	1
http://ex.org/variable#104 http://www.ibm.com/timex#bi http://ex.org/variable#111	1
http://ex.org/variable#104 http://www.ibm.com/timex#bi http://ex.org/variable#112	1
http://ex.org/variable#104 http://www.ibm.com/timex#bi http://ex.org/variable#113	1
http://ex.org/variable#104 http://www.ibm.com/timex#bi http://ex.org/variable#114	1
http://ex.org/variable#104 http://www.ibm.com/timex#bi http://ex.org/variable#115	1
http://ex.org/variable#104 http://www.ibm.com/timex#bi http://ex.org/variable#116	1
http://ex.org/variable#104 http://www.ibm.com/timex#bi http://ex.org/variable#117	1
http://ex.org/variable#104 http://www.ibm.com/timex#bi http://ex.org/variable#118	1
http://ex.org/variable#104 http://www.ibm.com/timex#oi_d http://ex.org/variable#119	1
http://ex.org/variable#104 http://www.ibm.com/timex#bi http://ex.org/variable#120	1
http://ex.org/variable#104 http://www.ibm.com/timex#bi http://ex.org/variable#121	1
http://ex.org/variable#104 http://www.ibm.com/timex#bi http://ex.org/variable#122	1
http://ex.org/variable#104 http://www.ibm.com/timex#d http://ex.org/variable#123	1
http://ex.org/variable#104 http://www.ibm.com/timex#bi http://ex.org/variable#124	1
http://ex.org/variable#104 http://www.ibm.com/timex#bi http://ex.org/variable#125	1
http://ex.org/variable#104 http://www.ibm.com/timex#bi http://ex.org/variable#126	1
http://ex.org/variable#104 http://www.ibm.com/timex#bi http://ex.org/variable#127	1
http://ex.org/variable#104 http://www.ibm.com/timex#d http://ex.org/variable#128	1
http://ex.org/variable#104 http://www.ibm.com/timex#bi http://ex.org/variable#129	1
http://ex.org/variable#104 http://www.ibm.com/timex#bi http://ex.org/variable#130	1
http://ex.org/variable#104 http://www.ibm.com/timex#d http://ex.org/variable#131	1
http://ex.org/variable#104 http://www.ibm.com/timex#mi_oi_d_f http://ex.org/variable#132	1
http://ex.org/variable#104 http://www.ibm.com/timex#d http://ex.org/variable#133	1
http://ex.org/variable#104 http://www.ibm.com/timex#bi http://ex.org/variable#134	1
http://ex.org/variable#104 http://www.ibm.com/timex#d http://ex.org/variable#135	1
http://ex.org/variable#104 http://www.ibm.com/timex#d http://ex.org/variable#136	1
http://ex.org/variable#104 http://www.ibm.com/timex#bi http://ex.org/variable#137	1
http://ex.org/variable#104 http://www.ibm.com/timex#oi_d_f http://ex.org/variable#138	1
http://ex.org/variable#104 http://www.ibm.com/timex#bi http://ex.org/variable#139	1
http://ex.org/variable#104 http://www.ibm.com/timex#bi http://ex.org/variable#140	1
http://ex.org/variable#104 http://www.ibm.com/timex#d http://ex.org/variable#141	1
http://ex.org/variable#104 http://www.ibm.com/timex#bi http://ex.org/variable#142	1
http://ex.org/variable#104 http://www.ibm.com/timex#d http://ex.org/variable#143	1
http://ex.org/variable#104 http://www.ibm.com/timex#d http://ex.org/variable#144	1
http://ex.org/variable#104 http://www.ibm.com/timex#bi http://ex.org/variable#145	1
http://ex.org/variable#104 http://www.ibm.com/timex#d http://ex.org/variable#146	1
http://ex.org/variable#104 http://www.ibm.com/timex#bi http://ex.org/variable#147	1
http://ex.org/variable#104 http://www.ibm.com/timex#bi http://ex.org/variable#148	1
http://ex.org/variable#104 http://www.ibm.com/timex#bi http://ex.org/variable#149	1
http://ex.org/variable#104 http://www.ibm.com/timex#d http://ex.org/variable#150	1
http://ex.org/variable#104 http://www.ibm.com/timex#d http://ex.org/variable#151	1
http://ex.org/variable#104 http://www.ibm.com/timex#bi http://ex.org/variable#152	1
http://ex.org/variable#104 http://www.ibm.com/timex#d http://ex.org/variable#153	1
http://ex.org/variable#104 http://www.ibm.com/timex#bi http://ex.org/variable#154	1
http://ex.org/variable#104 http://www.ibm.com/timex#bi http://ex.org/variable#155	1
http://ex.org/variable#104 http://www.ibm.com/timex#bi http://ex.org/variable#156	1
http://ex.org/variable#104 http://www.ibm.com/timex#bi http://ex.org/variable#157	1
http://ex.org/variable#104 http://www.ibm.com/timex#bi http://ex.org/variable#158	1
http://ex.org/variable#104 http://www.ibm.com/timex#d http://ex.org/variable#159	1
http://ex.org/variable#104 http://www.ibm.com/timex#bi http://ex.org/variable#160	1
http://ex.org/variable#104 http://www.ibm.com/timex#bi http://ex.org/variable#161	1
http://ex.org/variable#104 http://www.ibm.com/timex#bi http://ex.org/variable#162	1
http://ex.org/variable#104 http://www.ibm.com/timex#bi http://ex.org/variable#163	1
http://ex.org/variable#104 http://www.ibm.com/timex#d_f http://ex.org/variable#164	1
http://ex.org/variable#104 http://www.ibm.com/timex#bi http://ex.org/variable#165	1
http://ex.org/variable#104 http://www.ibm.com/timex#bi http://ex.org/variable#166	1
http://ex.org/variable#104 http://www.ibm.com/timex#bi http://ex.org/variable#167	1
http://ex.org/variable#104 http://www.ibm.com/timex#d http://ex.org/variable#168	1
http://ex.org/variable#104 http://www.ibm.com/timex#bi_oi_d_f http://ex.org/variable#169	1
http://ex.org/variable#104 http://www.ibm.com/timex#oi_d http://ex.org/variable#170	1
http://ex.org/variable#104 http://www.ibm.com/timex#bi http://ex.org/variable#171	1
http://ex.org/variable#104 http://www.ibm.com/timex#bi http://ex.org/variable#172	1
http://ex.org/variable#104 http://www.ibm.com/timex#bi http://ex.org/variable#173	1
http://ex.org/variable#104 http://www.ibm.com/timex#bi http://ex.org/variable#174	1
http://ex.org/variable#104 http://www.ibm.com/timex#bi http://ex.org/variable#175	1
http://ex.org/variable#104 http://www.ibm.com/timex#d http://ex.org/variable#176	1
http://ex.org/variable#104 http://www.ibm.com/timex#bi http://ex.org/variable#177	1
http://ex.org/variable#104 http://www.ibm.com/timex#d http://ex.org/variable#178	1
http://ex.org/variable#104 http://www.ibm.com/timex#oi_d http://ex.org/variable#179	1
http://ex.org/variable#104 http://www.ibm.com/timex#bi http://ex.org/variable#180	1
http://ex.org/variable#104 http://www.ibm.com/timex#bi http://ex.org/variable#181	1
http://ex.org/variable#104 http://www.ibm.com/timex#bi http://ex.org/variable#182	1
http://ex.org/variable#104 http://www.ibm.com/timex#oi_d http://ex.org/variable#183	1
http://ex.org/variable#104 http://www.ibm.com/timex#bi http://ex.org/variable#184	1
http://ex.org/variable#104 http://www.ibm.com/timex#bi http://ex.org/variable#185	1
http://ex.org/variable#104 http://www.ibm.com/timex#bi http://ex.org/variable#186	1
http://ex.org/variable#104 http://www.ibm.com/timex#bi http://ex.org/variable#187	1
http://ex.org/variable#104 http://www.ibm.com/timex#bi http://ex.org/variable#188	1
http://ex.org/variable#104 http://www.ibm.com/timex#bi http://ex.org/variable#189	1
http://ex.org/variable#105 http://www.ibm.com/timex#o http://ex.org/variable#0	1
http://ex.org/variable#105 http://www.ibm.com/timex#o http://ex.org/variable#1	1
http://ex.org/variable#105 http://www.ibm.com/timex#o http://ex.org/variable#2	1
http://ex.org/variable#105 http://www.ibm.com/timex#di http://ex.org/variable#3	1
http://ex.org/variable#105 http://www.ibm.com/timex#o http://ex.org/variable#4	1
http://ex.org/variable#105 http://www.ibm.com/timex#di http://ex.org/variable#5	1
http://ex.org/variable#105 http://www.ibm.com/timex#di http://ex.org/variable#6	1
http://ex.org/variable#105 http://www.ibm.com/timex#o http://ex.org/variable#7	1
http://ex.org/variable#105 http://www.ibm.com/timex#oi http://ex.org/variable#8	1
http://ex.org/variable#105 http://www.ibm.com/timex#o http://ex.org/variable#9	1
http://ex.org/variable#105 http://www.ibm.com/timex#di http://ex.org/variable#10	1
http://ex.org/variable#105 http://www.ibm.com/timex#oi_d_f http://ex.org/variable#11	1
http://ex.org/variable#105 http://www.ibm.com/timex#d http://ex.org/variable#12	1
http://ex.org/variable#105 http://www.ibm.com/timex#oi http://ex.org/variable#13	1
http://ex.org/variable#105 http://www.ibm.com/timex#di http://ex.org/variable#14	1
http://ex.org/variable#105 http://www.ibm.com/timex#oi http://ex.org/variable#15	1
http://ex.org/variable#105 http://www.ibm.com/timex#oi http://ex.org/variable#16	1
http://ex.org/variable#105 http://www.ibm.com/timex#di http://ex.org/variable#17	1
http://ex.org/variable#105 http://www.ibm.com/timex#di http://ex.org/variable#18	1
http://ex.org/variable#105 http://www.ibm.com/timex#oi http://ex.org/variable#19	1
http://ex.org/variable#105 http://www.ibm.com/timex#d http://ex.org/variable#20	1
http://ex.org/variable#105 http://www.ibm.com/timex#o_di_fi http://ex.org/variable#21	1
http://ex.org/variable#105 http://www.ibm.com/timex#o http://ex.org/variable#22	1
http://ex.org/variable#105 http://www.ibm.com/timex#oi http://ex.org/variable#23	1
http://ex.org/variable#105 http://www.ibm.com/timex#d http://ex.org/variable#24	1
http://ex.org/variable#105 http://www.ibm.com/timex#oi http://ex.org/variable#25	1
http://ex.org/variable#105 http://www.ibm.com/timex#di http://ex.org/variable#26	1
http://ex.org/variable#105 http://www.ibm.com/timex#oi http://ex.org/variable#27	1
http://ex.org/variable#105 http://www.ibm.com/timex#di http://ex.org/variable#28	1
http://ex.org/variable#105 http://www.ibm.com/timex#di http://ex.org/variable#29	1
http://ex.org/variable#105 http://www.ibm.com/timex#di http://ex.org/variable#30	1
http://ex.org/variable#105 http://www.ibm.com/timex#oi http://ex.org/variable#31	1
http://ex.org/variable#105 http://www.ibm.com/timex#oi http://ex.org/variable#32	1
http://ex.org/variable#105 http://www.ibm.com/timex#o http://ex.org/variable#33	1
http://ex.org/variable#105 http://www.ibm.com/timex#oi http://ex.org/variable#34	1
http://ex.org/variable#105 http://www.ibm.com/timex#di http://ex.org/variable#35	1
http://ex.org/variable#105 http://www.ibm.com/timex#oi http://ex.org/variable#36	1
http://ex.org/variable#105 http://www.ibm.com/timex#oi http://ex.org/variable#37	1
http://ex.org/variable#105 http://www.ibm.com/timex#oi http://ex.org/variable#38	1
http://ex.org/variable#105 http://www.ibm.com/timex#di http://ex.org/variable#39	1
http://ex.org/variable#105 http://www.ibm.com/timex#oi http://ex.org/variable#40	1
http://ex.org/variable#105 http://www.ibm.com/timex#oi http://ex.org/variable#41	1
http://ex.org/variable#105 http://www.ibm.com/timex#o http://ex.org/variable#42	1
http://ex.org/variable#105 http://www.ibm.com/timex#oi http://ex.org/variable#43	1
http://ex.org/variable#105 http://www.ibm.com/timex#oi http://ex.org/variable#44	1
http://ex.org/variable#105 http://www.ibm.com/timex#o http://ex.org/variable#45	1
http://ex.org/variable#105 http://www.ibm.com/timex#oi http://ex.org/variable#46	1
http://ex.org/variable#105 http://www.ibm.com/timex#oi http://ex.org/variable#47	1
http://ex.org/variable#105 http://www.ibm.com/timex#di http://ex.org/variable#48	1
http://ex.org/variable#105 http://www.ibm.com/timex#oi http://ex.org/variable#49	1
http://ex.org/variable#105 http://www.ibm.com/timex#o http://ex.org/variable#50	1
http://ex.org/variable#105 http://www.ibm.com/timex#di http://ex.org/variable#51	1
http://ex.org/variable#105 http://www.ibm.com/timex#oi http://ex.org/variable#52	1
http://ex.org/variable#105 http://www.ibm.com/timex#oi http://ex.org/variable#53	1
http://ex.org/variable#105 http://www.ibm.com/timex#oi http://ex.org/variable#54	1
http://ex.org/variable#105 http://www.ibm.com/timex#di http://ex.org/variable#55	1
http://ex.org/variable#105 http://www.ibm.com/timex#di http://ex.org/variable#56	1
http://ex.org/variable#105 http://www.ibm.com/timex#oi http://ex.org/variable#57	1
http://ex.org/variable#105 http://www.ibm.com/timex#oi http://ex.org/variable#58	1
http://ex.org/variable#105 http://www.ibm.com/timex#d http://ex.org/variable#59	1
http://ex.org/variable#105 http://www.ibm.com/timex#d http://ex.org/variable#60	1
http://ex.org/variable#105 http://www.ibm.com/timex#d http://ex.org/variable#61	1
http://ex.org/variable#105 http://www.ibm.com/timex#o http://ex.org/variable#62	1
http://ex.org/variable#105 http://www.ibm.com/timex#oi http://ex.org/variable#63	1
http://ex.org/variable#105 http://www.ibm.com/timex#oi_d_f http://ex.org/variable#64	1
http://ex.org/variable#105 http://www.ibm.com/timex#oi http://ex.org/variable#65	1
http://ex.org/variable#105 http://www.ibm.com/timex#oi http://ex.org/variable#66	1
http://ex.org/variable#105 http://www.ibm.com/timex#o http://ex.org/variable#67	1
http://ex.org/variable#105 http://www.ibm.com/timex#o http://ex.org/variable#68	1
http://ex.org/variable#105 http://www.ibm.com/timex#di http://ex.org/variable#69	1
http://ex.org/variable#105 http://www.ibm.com/timex#d_s http://ex.org/variable#70	1
http://ex.org/variable#105 http://www.ibm.com/timex#oi http://ex.org/variable#71	1
http://ex.org/variable#105 http://www.ibm.com/timex#di http://ex.org/variable#72	1
http://ex.org/variable#105 http://www.ibm.com/timex#oi http://ex.org/variable#73	1
http://ex.org/variable#105 http://www.ibm.com/timex#d_s http://ex.org/variable#74	1
http://ex.org/variable#105 http://www.ibm.com/timex#oi http://ex.org/variable#75	1
http://ex.org/variable#105 http://www.ibm.com/timex#di http://ex.org/variable#76	1
http://ex.org/variable#105 http://www.ibm.com/timex#o http://ex.org/variable#77	1
http://ex.org/variable#105 http://www.ibm.com/timex#di http://ex.org/variable#78	1
http://ex.org/variable#105 http://www.ibm.com/timex#oi http://ex.org/variable#79	1
http://ex.org/variable#105 http://www.ibm.com/timex#d http://ex.org/variable#80	1
http://ex.org/variable#105 http://www.ibm.com/timex#oi http://ex.org/variable#81	1
http://ex.org/variable#105 http://www.ibm.com/timex#di http://ex.org/variable#82	1
http://ex.org/variable#105 http://www.ibm.com/timex#d http://ex.org/variable#83	1
http://ex.org/variable#105 http://www.ibm.com/timex#di http://ex.org/variable#84	1
http://ex.org/variable#105 http://www.ibm.com/timex#di http://ex.org/variable#85	1
http://ex.org/variable#105 http://www.ibm.com/timex#d http://ex.org/variable#86	1
http://ex.org/variable#105 http://www.ibm.com/timex#o http://ex.org/variable#87	1
http://ex.org/variable#105 http://www.ibm.com/timex#di http://ex.org/variable#88	1
http://ex.org/variable#105 http://www.ibm.com/timex#o http://ex.org/variable#89	1
http://ex.org/variable#105 http://www.ibm.com/timex#di http://ex.org/variable#90	1
http://ex.org/variable#105 http://www.ibm.com/timex#d http://ex.org/variable#91	1
http://ex.org/variable#105 http://www.ibm.com/timex#o http://ex.org/variable#92	1
http://ex.org/variable#105 http://www.ibm.com/timex#di http://ex.org/variable#93	1
http://ex.org/variable#105 http://www.ibm.com/timex#oi http://ex.org/variable#94	1
http://ex.org/variable#105 http://www.ibm.com/timex#di http://ex.org/variable#95	1
http://ex.org/variable#105 http://www.ibm.com/timex#di http://ex.org/variable#96	1
http://ex.org/variable#105 http://www.ibm.com/timex#di http://ex.org/variable#97	1
http://ex.org/variable#105 http://www.ibm.com/timex#o http://ex.org/variable#98	1
http://ex.org/variable#105 http://www.ibm.com/timex#di http://ex.org/variable#99	1
http://ex.org/variable#105 http://www.ibm.com/timex#oi http://ex.org/variable#100	1
http://ex.org/variable#105 http://www.ibm.com/timex#o http://ex.org/variable#101	1
http://ex.org/variable#105 http://www.ibm.com/timex#di http://ex.org/variable#102	1
http://ex.org/variable#105 http://www.ibm.com/timex#oi http://ex.org/variable#103	1
http://ex.org/variable#105 http://www.ibm.com/timex#b_m_o_di_fi http://ex.org/variable#104	1
http://ex.org/variable#105 http://www.ibm.com/timex#d http://ex.org/variable#106	1
http://ex.org/variable#105 http://www.ibm.com/timex#di http://ex.org/variable#107	1
http://ex.org/variable#105 http://www.ibm.com/timex#di http://ex.org/variable#108	1
http://ex.org/variable#105 http://www.ibm.com/timex#di http://ex.org/variable#109	1
http://ex.org/variable#105 http://www.ibm.com/timex#oi_d_f http://ex.org/variable#110	1
http://ex.org/variable#105 http://www.ibm.com/timex#di http://ex.org/variable#111	1
http://ex.org/variable#105 http://www.ibm.com/timex#oi http://ex.org/variable#112	1
http://ex.org/variable#105 http://www.ibm.com/timex#di http://ex.org/variable#113	1
http://ex.org/variable#105 http://www.ibm.com/timex#oi http://ex.org/variable#114	1
http://ex.org/variable#105 http://www.ibm.com/timex#di http://ex.org/variable#115	1
http://ex.org/variable#105 http://www.ibm.com/timex#di http://ex.org/variable#116	1
http://ex.org/variable#105 http://www.ibm.com/timex#oi http://ex.org/variable#117	1
http://ex.org/variable#105 http://www.ibm.com/timex#oi http://ex.org/variable#118	1
http://ex.org/variable#105 http://www.ibm.com/timex#d http://ex.org/variable#119	1
http://ex.org/variable#105 http://www.ibm.com/timex#oi http://ex.org/variable#120	1
http://ex.org/variable#105 http://www.ibm.com/timex#di http://ex.org/variable#121	1
http://ex.org/variable#105 http://www.ibm.com/timex#oi http://ex.org/variable#122	1
http://ex.org/variable#105 http://www.ibm.com/timex#o http://ex.org/variable#123	1
http://ex.org/variable#105 http://www.ibm.com/timex#oi http://ex.org/variable#124	1
http://ex.org/variable#105 http://www.ibm.com/timex#oi http://ex.org/variable#125	1
http://ex.org/variable#105 http://www.ibm.com/timex#di http://ex.org/variable#126	1
http://ex.org/variable#105 http://www.ibm.com/timex#di http://ex.org/variable#127	1
http://ex.org/variable#105 http://www.ibm.com/timex#o http://ex.org/variable#128	1
http://ex.org/variable#105 http://www.ibm.com/timex#oi http://ex.org/variable#129	1
http://ex.org/variable#105 http://www.ibm.com/timex#di http://ex.org/variable#130	1
http://ex.org/variable#105 http://www.ibm.com/timex#o http://ex.org/variable#131	1
http://ex.org/variable#105 http://www.ibm.com/timex#d http://ex.org/variable#132	1
http://ex.org/variable#105 http://www.ibm.com/timex#o http://ex.org/variable#133	1
http://ex.org/variable#105 http://www.ibm.com/timex#oi http://ex.org/variable#134	1
http://ex.org/variable#105 http://www.ibm.com/timex#d http://ex.org/variable#135	1
http://ex.org/variable#105 http://www.ibm.com/timex#d http://ex.org/variable#136	1
http://ex.org/variable#105 http://www.ibm.com/timex#di http://ex.org/variable#137	1
http://ex.org/variable#105 http://www.ibm.com/timex#o http://ex.org/variable#138	1
http://ex.org/variable#105 http://www.ibm.com/timex#di http://ex.org/variable#139	1
http://ex.org/variable#105 http://www.ibm.com/timex#di http://ex.org/variable#140	1
http://ex.org/variable#105 http://www.ibm.com/timex#d http://ex.org/variable#141	1
http://ex.org/variable#105 http://www.ibm.com/timex#oi http://ex.org/variable#142	1
http://ex.org/variable#105 http://www.ibm.com/timex#d http://ex.org/variable#143	1
http://ex.org/variable#105 http://www.ibm.com/timex#o http://ex.org/variable#144	1
http://ex.org/variable#105 http://www.ibm.com/timex#di http://ex.org/variable#145	1
http://ex.org/variable#105 http://www.ibm.com/timex#o http://ex.org/variable#146	1
http://ex.org/variable#105 http://www.ibm.com/timex#oi http://ex.org/variable#147	1
http://ex.org/variable#105 http://www.ibm.com/timex#di http://ex.org/variable#148	1
http://ex.org/variable#105 http://www.ibm.com/timex#oi http://ex.org/variable#149	1
http://ex.org/variable#105 http://www.ibm.com/timex#o http://ex.org/variable#150	1
http://ex.org/variable#105 http://www.ibm.com/timex#o http://ex.org/variable#151	1
http://ex.org/variable#105 http://www.ibm.com/timex#oi http://ex.org/variable#152	1
http://ex.org/variable#105 http://www.ibm.com/timex#d http://ex.org/variable#153	1
http://ex.org/variable#105 http://www.ibm.com/timex#di http://ex.org/variable#154	1
http://ex.org/variable#105 http://www.ibm.com/timex#oi http://ex.org/variable#155	1
http://ex.org/variable#105 http://www.ibm.com/timex#oi http://ex.org/variable#156	1
http://ex.org/variable#105 http://www.ibm.com/timex#oi http://ex.org/variable#157	1
http://ex.org/variable#105 http://www.ibm.com/timex#oi http://ex.org/variable#158	1
http://ex.org/variable#105 http://www.ibm.com/timex#o http://ex.org/variable#159	1
http://ex.org/variable#105 http://www.ibm.com/timex#di http://ex.org/variable#160	1
http://ex.org/variable#105 http://www.ibm.com/timex#di http://ex.org/variable#161	1
http://ex.org/variable#105 http://www.ibm.com/timex#oi http://ex.org/variable#162	1
http://ex.org/variable#105 http://www.ibm.com/timex#di http://ex.org/variable#163	1
http://ex.org/variable#105 http://www.ibm.com/timex#o http://ex.org/variable#164	1
http://ex.org/variable#105 http://www.ibm.com/timex#di http://ex.org/variable#165	1
http://ex.org/variable#105 http://www.ibm.com/timex#oi http://ex.org/variable#166	1
http://ex.org/variable#105 http://www.ibm.com/timex#oi http://ex.org/variable#167	1
http://ex.org/variable#105 http://www.ibm.com/timex#o http://ex.org/variable#168	1
http://ex.org/variable#105 http://www.ibm.com/timex#oi_d_f http://ex.org/variable#169	1
http://ex.org/variable#105 http://www.ibm.com/timex#o http://ex.org/variable#170	1
http://ex.org/variable#105 http://www.ibm.com/timex#oi http://ex.org/variable#171	1
http://ex.org/variable#105 http://www.ibm.com/timex#oi http://ex.org/variable#172	1
http://ex.org/variable#105 http://www.ibm.com/timex#di http://ex.org/variable#173	1
http://ex.org/variable#105 http://www.ibm.com/timex#di http://ex.org/variable#174	1
http://ex.org/variable#105 http://www.ibm.com/timex#oi http://ex.org/variable#175	1
http://ex.org/variable#105 http://www.ibm.com/timex#o http://ex.org/variable#176	1
http://ex.org/variable#105 http://www.ibm.com/timex#di http://ex.org/variable#177	1
http://ex.org/variable#105 http://www.ibm.com/timex#o http://ex.org/variable#178	1
http://ex.org/variable#105 http://www.ibm.com/timex#o http://ex.org/variable#179	1
http://ex.org/variable#105 http://www.ibm.com/timex#di http://ex.org/variable#180	1
http://ex.org/variable#105 http://www.ibm.com/timex#oi http://ex.org/variable#181	1
http://ex.org/variable#105 http://www.ibm.com/timex#di http://ex.org/variable#182	1
http://ex.org/variable#105 http://www.ibm.com/timex#o http://ex.org/variable#183	1
http://ex.org/variable#105 http://www.ibm.com/timex#oi http://ex.org/variable#184	1
http://ex.org/variable#105 http://www.ibm.com/timex#di http://ex.org/variable#185	1
http://ex.org/variable#105 http://www.ibm.com/timex#di http://ex.org/variable#186	1
http://ex.org/variable#105 http://www.ibm.com/timex#oi http://ex.org/variable#187	1
http://ex.org/variable#105 http://www.ibm.com/timex#di http://ex.org/variable#188	1
http://ex.org/variable#105 http://www.ibm.com/timex#di http://ex.org/variable#189	1
http://ex.org/variable#106 http://www.ibm.com/timex#o http://ex.org/variable#0	1
http://ex.org/variable#106 http://www.ibm.com/timex#o http://ex.org/variable#1	1
http://ex.org/variable#106 http://www.ibm.com/timex#di http://ex.org/variable#2	1
http://ex.org/variable#106 http://www.ibm.com/timex#di http://ex.org/variable#3	1
http://ex.org/variable#106 http://www.ibm.com/timex#o http://ex.org/variable#4	1
http://ex.org/variable#106 http://www.ibm.com/timex#di http://ex.org/variable#5	1
http://ex.org/variable#106 http://www.ibm.com/timex#di http://ex.org/variable#6	1
http://ex.org/variable#106 http://www.ibm.com/timex#o http://ex.org/variable#7	1
http://ex.org/variable#106 http://www.ibm.com/timex#oi_di_si http://ex.org/variable#8	1
http://ex.org/variable#106 http://www.ibm.com/timex#o http://ex.org/variable#9	1
http://ex.org/variable#106 http://www.ibm.com/timex#di http://ex.org/variable#10	1
http://ex.org/variable#106 http://www.ibm.com/timex#di http://ex.org/variable#11	1
http://ex.org/variable#106 http://www.ibm.com/timex#d http://ex.org/variable#12	1
http://ex.org/variable#106 http://www.ibm.com/timex#di http://ex.org/variable#13	1
http://ex.org/variable#106 http://www.ibm.com/timex#di http://ex.org/variable#14	1
http://ex.org/variable#106 http://www.ibm.com/timex#di http://ex.org/variable#15	1
http://ex.org/variable#106 http://www.ibm.com/timex#di http://ex.org/variable#16	1
http://ex.org/variable#106 http://www.ibm.com/timex#di http://ex.org/variable#17	1
http://ex.org/variable#106 http://www.ibm.com/timex#di http://ex.org/variable#18	1
http://ex.org/variable#106 http://www.ibm.com/timex#di http://ex.org/variable#19	1
http://ex.org/variable#106 http://www.ibm.com/timex#d http://ex.org/variable#20	1
http://ex.org/variable#106 http://www.ibm.com/timex#di http://ex.org/variable#21	1
http://ex.org/variable#106 http://www.ibm.com/timex#o http://ex.org/variable#22	1
http://ex.org/variable#106 http://www.ibm.com/timex#di http://ex.org/variable#23	1
http://ex.org/variable#106 http://www.ibm.com/timex#f http://ex.org/variable#24	1
http://ex.org/variable#106 http://www.ibm.com/timex#oi http://ex.org/variable#25	1
http://ex.org/variable#106 http://www.ibm.com/timex#di http://ex.org/variable#26	1
http://ex.org/variable#106 http://www.ibm.com/timex#oi http://ex.org/variable#27	1
http://ex.org/variable#106 http://www.ibm.com/timex#di http://ex.org/variable#28	1
http://ex.org/variable#106 http://www.ibm.com/timex#di http://ex.org/variable#29	1
http://ex.org/variable#106 http://www.ibm.com/timex#di http://ex.org/variable#30	1
http://ex.org/variable#106 http://www.ibm.com/timex#oi http://ex.org/variable#31	1
http://ex.org/variable#106 http://www.ibm.com/timex#oi http://ex.org/variable#32	1
http://ex.org/variable#106 http://www.ibm.com/timex#o http://ex.org/variable#33	1
http://ex.org/variable#106 http://www.ibm.com/timex#di http://ex.org/variable#34	1
http://ex.org/variable#106 http://www.ibm.com/timex#di http://ex.org/variable#35	1
http://ex.org/variable#106 http://www.ibm.com/timex#oi http://ex.org/variable#36	1
http://ex.org/variable#106 http://www.ibm.com/timex#di http://ex.org/variable#37	1
http://ex.org/variable#106 http://www.ibm.com/timex#di http://ex.org/variable#38	1
http://ex.org/variable#106 http://www.ibm.com/timex#di http://ex.org/variable#39	1
http://ex.org/variable#106 http://www.ibm.com/timex#oi_di_si http://ex.org/variable#40	1
http://ex.org/variable#106 http://www.ibm.com/timex#di http://ex.org/variable#41	1
http://ex.org/variable#106 http://www.ibm.com/timex#o http://ex.org/variable#42	1
http://ex.org/variable#106 http://www.ibm.com/timex#oi http://ex.org/variable#43	1
http://ex.org/variable#106 http://www.ibm.com/timex#di http://ex.org/variable#44	1
http://ex.org/variable#106 http://www.ibm.com/timex#o http://ex.org/variable#45	1
http://ex.org/variable#106 http://www.ibm.com/timex#oi http://ex.org/variable#46	1
http://ex.org/variable#106 http://www.ibm.com/timex#oi http://ex.org/variable#47	1
http://ex.org/variable#106 http://www.ibm.com/timex#di http://ex.org/variable#48	1
http://ex.org/variable#106 http://www.ibm.com/timex#oi http://ex.org/variable#49	1
http://ex.org/variable#106 http://www.ibm.com/timex#o http://ex.org/variable#50	1
http://ex.org/variable#106 http://www.ibm.com/timex#di http://ex.org/variable#51	1
http://ex.org/variable#106 http://www.ibm.com/timex#oi http://ex.org/variable#52	1
http://ex.org/variable#106 http://www.ibm.com/timex#di http://ex.org/variable#53	1
http://ex.org/variable#106 http://www.ibm.com/timex#di http://ex.org/variable#54	1
http://ex.org/variable#106 http://www.ibm.com/timex#di http://ex.org/variable#55	1
http://ex.org/variable#106 http://www.ibm.com/timex#di http://ex.org/variable#56	1
http://ex.org/variable#106 http://www.ibm.com/timex#oi http://ex.org/variable#57	1
http://ex.org/variable#106 http://www.ibm.com/timex#di http://ex.org/variable#58	1
http://ex.org/variable#106 http://www.ibm.com/timex#o http://ex.org/variable#59	1
http://ex.org/variable#106 http://www.ibm.com/timex#o_s http://ex.org/variable#60	1
http://ex.org/variable#106 http://www.ibm.com/timex#d http://ex.org/variable#61	1
http://ex.org/variable#106 http://www.ibm.com/timex#o http://ex.org/variable#62	1
http://ex.org/variable#106 http://www.ibm.com/timex#oi_si http://ex.org/variable#63	1
http://ex.org/variable#106 http://www.ibm.com/timex#oi http://ex.org/variable#64	1
http://ex.org/variable#106 http://www.ibm.com/timex#di http://ex.org/variable#65	1
http://ex.org/variable#106 http://www.ibm.com/timex#oi http://ex.org/variable#66	1
http://ex.org/variable#106 http://www.ibm.com/timex#o http://ex.org/variable#67	1
http://ex.org/variable#106 http://www.ibm.com/timex#di http://ex.org/variable#68	1
http://ex.org/variable#106 http://www.ibm.com/timex#di http://ex.org/variable#69	1
http://ex.org/variable#106 http://www.ibm.com/timex#o http://ex.org/variable#70	1
http://ex.org/variable#106 http://www.ibm.com/timex#di http://ex.org/variable#71	1
http://ex.org/variable#106 http://www.ibm.com/timex#di http://ex.org/variable#72	1
http://ex.org/variable#106 http://www.ibm.com/timex#di http://ex.org/variable#73	1
http://ex.org/variable#106 http://www.ibm.com/timex#di http://ex.org/variable#74	1
http://ex.org/variable#106 http://www.ibm.com/timex#di http://ex.org/variable#75	1
http://ex.org/variable#106 http://www.ibm.com/timex#di http://ex.org/variable#76	1
http://ex.org/variable#106 http://www.ibm.com/timex#o http://ex.org/variable#77	1
http://ex.org/variable#106 http://www.ibm.com/timex#di http://ex.org/variable#78	1
http://ex.org/variable#106 http://www.ibm.com/timex#oi http://ex.org/variable#79	1
http://ex.org/variable#106 http://www.ibm.com/timex#d http://ex.org/variable#80	1
http://ex.org/variable#106 http://www.ibm.com/timex#oi http://ex.org/variable#81	1
http://ex.org/variable#106 http://www.ibm.com/timex#di http://ex.org/variable#82	1
http://ex.org/variable#106 http://www.ibm.com/timex#oi http://ex.org/variable#83	1
http://ex.org/variable#106 http://www.ibm.com/timex#di http://ex.org/variable#84	1
http://ex.org/variable#106 http://www.ibm.com/timex#di http://ex.org/variable#85	1
http://ex.org/variable#106 http://www.ibm.com/timex#d http://ex.org/variable#86	1
http://ex.org/variable#106 http://www.ibm.com/timex#di http://ex.org/variable#87	1
http://ex.org/variable#106 http://www.ibm.com/timex#di http://ex.org/variable#88	1
http://ex.org/variable#106 http://www.ibm.com/timex#o_fi http://ex.org/variable#89	1
http://ex.org/variable#106 http://www.ibm.com/timex#di http://ex.org/variable#90	1
http://ex.org/variable#106 http://www.ibm.com/timex#o http://ex.org/variable#91	1
http://ex.org/variable#106 http://www.ibm.com/timex#o http://ex.org/variable#92	1
http://ex.org/variable#106 http://www.ibm.com/timex#di http://ex.org/variable#93	1
http://ex.org/variable#106 http://www.ibm.com/timex#di http://ex.org/variable#94	1
http://ex.org/variable#106 http://www.ibm.com/timex#di http://ex.org/variable#95	1
http://ex.org/variable#106 http://www.ibm.com/timex#di http://ex.org/variable#96	1
http://ex.org/variable#106 http://www.ibm.com/timex#di http://ex.org/variable#97	1
http://ex.org/variable#106 http://www.ibm.com/timex#di http://ex.org/variable#98	1
http://ex.org/variable#106 http://www.ibm.com/timex#di http://ex.org/variable#99	1
http://ex.org/variable#106 http://www.ibm.com/timex#oi_di_si http://ex.org/variable#100	1
http://ex.org/variable#106 http://www.ibm.com/timex#di http://ex.org/variable#101	1
http://ex.org/variable#106 http://www.ibm.com/timex#di http://ex.org/variable#102	1
http://ex.org/variable#106 http://www.ibm.com/timex#di http://ex.org/variable#103	1
http://ex.org/variable#106 http://www.ibm.com/timex#di http://ex.org/variable#104	1
http://ex.org/variable#106 http://www.ibm.com/timex#di http://ex.org/variable#105	1
http://ex.org/variable#106 http://www.ibm.com/timex#di http://ex.org/variable#107	1
http://ex.org/variable#106 http://www.ibm.com/timex#di http://ex.org/variable#108	1
http://ex.org/variable#106 http://www.ibm.com/timex#di http://ex.org/variable#109	1
http://ex.org/variable#106 http://www.ibm.com/timex#oi_si http://ex.org/variable#110	1
http://ex.org/variable#106 http://www.ibm.com/timex#di http://ex.org/variable#111	1
http://ex.org/variable#106 http://www.ibm.com/timex#oi http://ex.org/variable#112	1
http://ex.org/variable#106 http://www.ibm.com/timex#di http://ex.org/variable#113	1
http://ex.org/variable#106 http://www.ibm.com/timex#di http://ex.org/variable#114	1
http://ex.org/variable#106 http://www.ibm.com/timex#di http://ex.org/variable#115	1
http://ex.org/variable#106 http://www.ibm.com/timex#di http://ex.org/variable#116	1
http://ex.org/variable#106 http://www.ibm.com/timex#di http://ex.org/variable#117	1
http://ex.org/variable#106 http://www.ibm.com/timex#di http://ex.org/variable#118	1
http://ex.org/variable#106 http://www.ibm.com/timex#oi http://ex.org/variable#119	1
http://ex.org/variable#106 http://www.ibm.com/timex#di http://ex.org/variable#120	1
http://ex.org/variable#106 http://www.ibm.com/timex#di http://ex.org/variable#121	1
http://ex.org/variable#106 http://www.ibm.com/timex#oi http://ex.org/variable#122	1
http://ex.org/variable#106 http://www.ibm.com/timex#o http://ex.org/variable#123	1
http://ex.org/variable#106 http://www.ibm.com/timex#oi http://ex.org/variable#124	1
http://ex.org/variable#106 http://www.ibm.com/timex#oi http://ex.org/variable#125	1
http://ex.org/variable#106 http://www.ibm.com/timex#di http://ex.org/variable#126	1
http://ex.org/variable#106 http://www.ibm.com/timex#di http://ex.org/variable#127	1
http://ex.org/variable#106 http://www.ibm.com/timex#o http://ex.org/variable#128	1
http://ex.org/variable#106 http://www.ibm.com/timex#oi http://ex.org/variable#129	1
http://ex.org/variable#106 http://www.ibm.com/timex#di http://ex.org/variable#130	1
http://ex.org/variable#106 http://www.ibm.com/timex#o http://ex.org/variable#131	1
http://ex.org/variable#106 http://www.ibm.com/timex#di http://ex.org/variable#132	1
http://ex.org/variable#106 http://www.ibm.com/timex#o http://ex.org/variable#133	1
http://ex.org/variable#106 http://www.ibm.com/timex#oi http://ex.org/variable#134	1
http://ex.org/variable#106 http://www.ibm.com/timex#o http://ex.org/variable#135	1
http://ex.org/variable#106 http://www.ibm.com/timex#o http://ex.org/variable#136	1
http://ex.org/variable#106 http://www.ibm.com/timex#di http://ex.org/variable#137	1
http://ex.org/variable#106 http://www.ibm.com/timex#di http://ex.org/variable#138	1
http://ex.org/variable#106 http://www.ibm.com/timex#di http://ex.org/variable#139	1
http://ex.org/variable#106 http://www.ibm.com/timex#di http://ex.org/variable#140	1
http://ex.org/variable#106 http://www.ibm.com/timex#d http://ex.org/variable#141	1
http://ex.org/variable#106 http://www.ibm.com/timex#di http://ex.org/variable#142	1
http://ex.org/variable#106 http://www.ibm.com/timex#di http://ex.org/variable#143	1
http://ex.org/variable#106 http://www.ibm.com/timex#o http://ex.org/variable#144	1
http://ex.org/variable#106 http://www.ibm.com/timex#di http://ex.org/variable#145	1
http://ex.org/variable#106 http://www.ibm.com/timex#o http://ex.org/variable#146	1
http://ex.org/variable#106 http://www.ibm.com/timex#di http://ex.org/variable#147	1
http://ex.org/variable#106 http://www.ibm.com/timex#di http://ex.org/variable#148	1
http://ex.org/variable#106 http://www.ibm.com/timex#oi http://ex.org/variable#149	1
http://ex.org/variable#106 http://www.ibm.com/timex#o http://ex.org/variable#150	1
http://ex.org/variable#106 http://www.ibm.com/timex#o http://ex.org/variable#151	1
http://ex.org/variable#106 http://www.ibm.com/timex#di_si http://ex.org/variable#152	1
http://ex.org/variable#106 http://www.ibm.com/timex#o http://ex.org/variable#153	1
http://ex.org/variable#106 http://www.ibm.com/timex#di http://ex.org/variable#154	1
http://ex.org/variable#106 http://www.ibm.com/timex#oi http://ex.org/variable#155	1
http://ex.org/variable#106 http://www.ibm.com/timex#di http://ex.org/variable#156	1
http://ex.org/variable#106 http://www.ibm.com/timex#di http://ex.org/variable#157	1
http://ex.org/variable#106 http://www.ibm.com/timex#di http://ex.org/variable#158	1
http://ex.org/variable#106 http://www.ibm.com/timex#o http://ex.org/variable#159	1
http://ex.org/variable#106 http://www.ibm.com/timex#di http://ex.org/variable#160	1
http://ex.org/variable#106 http://www.ibm.com/timex#di http://ex.org/variable#161	1
http://ex.org/variable#106 http://www.ibm.com/timex#di http://ex.org/variable#162	1
http://ex.org/variable#106 http://www.ibm.com/timex#di http://ex.org/variable#163	1
http://ex.org/variable#106 http://www.ibm.com/timex#di http://ex.org/variable#164	1
http://ex.org/variable#106 http://www.ibm.com/timex#di http://ex.org/variable#165	1
http://ex.org/variable#106 http://www.ibm.com/timex#oi http://ex.org/variable#166	1
http://ex.org/variable#106 http://www.ibm.com/timex#di http://ex.org/variable#167	1
http://ex.org/variable#106 http://www.ibm.com/timex#di http://ex.org/variable#168	1
http://ex.org/variable#106 http://www.ibm.com/timex#oi http://ex.org/variable#169	1
http://ex.org/variable#106 http://www.ibm.com/timex#di http://ex.org/variable#170	1
http://ex.org/variable#106 http://www.ibm.com/timex#oi http://ex.org/variable#171	1
http://ex.org/variable#106 http://www.ibm.com/timex#oi http://ex.org/variable#172	1
http://ex.org/variable#106 http://www.ibm.com/timex#di http://ex.org/variable#173	1
http://ex.org/variable#106 http://www.ibm.com/timex#di http://ex.org/variable#174	1
http://ex.org/variable#106 http://www.ibm.com/timex#di http://ex.org/variable#175	1
http://ex.org/variable#106 http://www.ibm.com/timex#o http://ex.org/variable#176	1
http://ex.org/variable#106 http://www.ibm.com/timex#di http://ex.org/variable#177	1
http://ex.org/variable#106 http://www.ibm.com/timex#o http://ex.org/variable#178	1
http://ex.org/variable#106 http://www.ibm.com/timex#di http://ex.org/variable#179	1
http://ex.org/variable#106 http://www.ibm.com/timex#di http://ex.org/variable#180	1
http://ex.org/variable#106 http://www.ibm.com/timex#oi_si http://ex.org/variable#181	1
http://ex.org/variable#106 http://www.ibm.com/timex#di http://ex.org/variable#182	1
http://ex.org/variable#106 http://www.ibm.com/timex#di http://ex.org/variable#183	1
http://ex.org/variable#106 http://www.ibm.com/timex#di http://ex.org/variable#184	1
http://ex.org/variable#106 http://www.ibm.com/timex#di http://ex.org/variable#185	1
http://ex.org/variable#106 http://www.ibm.com/timex#di http://ex.org/variable#186	1
http://ex.org/variable#106 http://www.ibm.com/timex#oi http://ex.org/variable#187	1
http://ex.org/variable#106 http://www.ibm.com/timex#di http://ex.org/variable#188	1
http://ex.org/variable#106 http://www.ibm.com/timex#di http://ex.org/variable#189	1
http://ex.org/variable#107 http://www.ibm.com/timex#o http://ex.org/variable#0	1
http://ex.org/variable#107 http://www.ibm.com/timex#o http://ex.org/variable#1	1
http://ex.org/variable#107 http://www.ibm.com/timex#d http://ex.org/variable#2	1
http://ex.org/variable#107 http://www.ibm.com/timex#di http://ex.org/variable#3	1
http://ex.org/variable#107 http://www.ibm.com/timex#o http://ex.org/variable#4	1
http://ex.org/variable#107 http://www.ibm.com/timex#oi http://ex.org/variable#5	1
http://ex.org/variable#107 http://www.ibm.com/timex#o http://ex.org/variable#6	1
http://ex.org/variable#107 http://www.ibm.com/timex#d http://ex.org/variable#7	1
http://ex.org/variable#107 http://www.ibm.com/timex#bi http://ex.org/variable#8	1
http://ex.org/variable#107 http://www.ibm.com/timex#o http://ex.org/variable#9	1
http://ex.org/variable#107 http://www.ibm.com/timex#o http://ex.org/variable#10	1
http://ex.org/variable#107 http://www.ibm.com/timex#d http://ex.org/variable#11	1
http://ex.org/variable#107 http://www.ibm.com/timex#d http://ex.org/variable#12	1
http://ex.org/variable#107 http://www.ibm.com/timex#oi http://ex.org/variable#13	1
http://ex.org/variable#107 http://www.ibm.com/timex#di http://ex.org/variable#14	1
http://ex.org/variable#107 http://www.ibm.com/timex#oi http://ex.org/variable#15	1
http://ex.org/variable#107 http://www.ibm.com/timex#oi http://ex.org/variable#16	1
http://ex.org/variable#107 http://www.ibm.com/timex#di_fi http://ex.org/variable#17	1
http://ex.org/variable#107 http://www.ibm.com/timex#f http://ex.org/variable#18	1
http://ex.org/variable#107 http://www.ibm.com/timex#oi http://ex.org/variable#19	1
http://ex.org/variable#107 http://www.ibm.com/timex#d http://ex.org/variable#20	1
http://ex.org/variable#107 http://www.ibm.com/timex#o http://ex.org/variable#21	1
http://ex.org/variable#107 http://www.ibm.com/timex#d http://ex.org/variable#22	1
http://ex.org/variable#107 http://www.ibm.com/timex#oi http://ex.org/variable#23	1
http://ex.org/variable#107 http://www.ibm.com/timex#d http://ex.org/variable#24	1
http://ex.org/variable#107 http://www.ibm.com/timex#bi http://ex.org/variable#25	1
http://ex.org/variable#107 http://www.ibm.com/timex#o http://ex.org/variable#26	1
http://ex.org/variable#107 http://www.ibm.com/timex#oi http://ex.org/variable#27	1
http://ex.org/variable#107 http://www.ibm.com/timex#o http://ex.org/variable#28	1
http://ex.org/variable#107 http://www.ibm.com/timex#o http://ex.org/variable#29	1
http://ex.org/variable#107 http://www.ibm.com/timex#di http://ex.org/variable#30	1
http://ex.org/variable#107 http://www.ibm.com/timex#oi http://ex.org/variable#31	1
http://ex.org/variable#107 http://www.ibm.com/timex#oi http://ex.org/variable#32	1
http://ex.org/variable#107 http://www.ibm.com/timex#o http://ex.org/variable#33	1
http://ex.org/variable#107 http://www.ibm.com/timex#oi http://ex.org/variable#34	1
http://ex.org/variable#107 http://www.ibm.com/timex#di http://ex.org/variable#35	1
http://ex.org/variable#107 http://www.ibm.com/timex#oi http://ex.org/variable#36	1
http://ex.org/variable#107 http://www.ibm.com/timex#oi http://ex.org/variable#37	1
http://ex.org/variable#107 http://www.ibm.com/timex#oi http://ex.org/variable#38	1
http://ex.org/variable#107 http://www.ibm.com/timex#di http://ex.org/variable#39	1
http://ex.org/variable#107 http://www.ibm.com/timex#oi http://ex.org/variable#40	1
http://ex.org/variable#107 http://www.ibm.com/timex#d http://ex.org/variable#41	1
http://ex.org/variable#107 http://www.ibm.com/timex#d http://ex.org/variable#42	1
http://ex.org/variable#107 http://www.ibm.com/timex#oi http://ex.org/variable#43	1
http://ex.org/variable#107 http://www.ibm.com/timex#d http://ex.org/variable#44	1
http://ex.org/variable#107 http://www.ibm.com/timex#o http://ex.org/variable#45	1
http://ex.org/variable#107 http://www.ibm.com/timex#oi http://ex.org/variable#46	1
http://ex.org/variable#107 http://www.ibm.com/timex#oi http://ex.org/variable#47	1
http://ex.org/variable#107 http://www.ibm.com/timex#di_fi http://ex.org/variable#48	1
http://ex.org/variable#107 http://www.ibm.com/timex#oi http://ex.org/variable#49	1
http://ex.org/variable#107 http://www.ibm.com/timex#o http://ex.org/variable#50	1
http://ex.org/variable#107 http://www.ibm.com/timex#o http://ex.org/variable#51	1
http://ex.org/variable#107 http://www.ibm.com/timex#d http://ex.org/variable#52	1
http://ex.org/variable#107 http://www.ibm.com/timex#d http://ex.org/variable#53	1
http://ex.org/variable#107 http://www.ibm.com/timex#d_f http://ex.org/variable#54	1
http://ex.org/variable#107 http://www.ibm.com/timex#di http://ex.org/variable#55	1
http://ex.org/variable#107 http://www.ibm.com/timex#oi http://ex.org/variable#56	1
http://ex.org/variable#107 http://www.ibm.com/timex#oi http://ex.org/variable#57	1
http://ex.org/variable#107 http://www.ibm.com/timex#oi http://ex.org/variable#58	1
http://ex.org/variable#107 http://www.ibm.com/timex#d http://ex.org/variable#59	1
http://ex.org/variable#107 http://www.ibm.com/timex#d http://ex.org/variable#60	1
http://ex.org/variable#107 http://www.ibm.com/timex#d http://ex.org/variable#61	1
http://ex.org/variable#107 http://www.ibm.com/timex#d http://ex.org/variable#62	1
http://ex.org/variable#107 http://www.ibm.com/timex#d http://ex.org/variable#63	1
http://ex.org/variable#107 http://www.ibm.com/timex#d http://ex.org/variable#64	1
http://ex.org/variable#107 http://www.ibm.com/timex#bi http://ex.org/variable#65	1
http://ex.org/variable#107 http://www.ibm.com/timex#oi http://ex.org/variable#66	1
http://ex.org/variable#107 http://www.ibm.com/timex#d http://ex.org/variable#67	1
http://ex.org/variable#107 http://www.ibm.com/timex#d http://ex.org/variable#68	1
http://ex.org/variable#107 http://www.ibm.com/timex#oi http://ex.org/variable#69	1
http://ex.org/variable#107 http://www.ibm.com/timex#d http://ex.org/variable#70	1
http://ex.org/variable#107 http://www.ibm.com/timex#oi http://ex.org/variable#71	1
http://ex.org/variable#107 http://www.ibm.com/timex#o http://ex.org/variable#72	1
http://ex.org/variable#107 http://www.ibm.com/timex#oi http://ex.org/variable#73	1
http://ex.org/variable#107 http://www.ibm.com/timex#d http://ex.org/variable#74	1
http://ex.org/variable#107 http://www.ibm.com/timex#oi http://ex.org/variable#75	1
http://ex.org/variable#107 http://www.ibm.com/timex#d http://ex.org/variable#76	1
http://ex.org/variable#107 http://www.ibm.com/timex#d http://ex.org/variable#77	1
http://ex.org/variable#107 http://www.ibm.com/timex#oi http://ex.org/variable#78	1
http://ex.org/variable#107 http://www.ibm.com/timex#oi http://ex.org/variable#79	1
http://ex.org/variable#107 http://www.ibm.com/timex#d http://ex.org/variable#80	1
http://ex.org/variable#107 http://www.ibm.com/timex#oi http://ex.org/variable#81	1
http://ex.org/variable#107 http://www.ibm.com/timex#oi http://ex.org/variable#82	1
http://ex.org/variable#107 http://www.ibm.com/timex#d http://ex.org/variable#83	1
http://ex.org/variable#107 http://www.ibm.com/timex#o http://ex.org/variable#84	1
http://ex.org/variable#107 http://www.ibm.com/timex#o http://ex.org/variable#85	1
http://ex.org/variable#107 http://www.ibm.com/timex#d http://ex.org/variable#86	1
http://ex.org/variable#107 http://www.ibm.com/timex#o http://ex.org/variable#87	1
http://ex.org/variable#107 http://www.ibm.com/timex#b http://ex.org/variable#88	1
http://ex.org/variable#107 http://www.ibm.com/timex#d http://ex.org/variable#89	1
http://ex.org/variable#107 http://www.ibm.com/timex#di http://ex.org/variable#90	1
http://ex.org/variable#107 http://www.ibm.com/timex#d http://ex.org/variable#91	1
http://ex.org/variable#107 http://www.ibm.com/timex#o http://ex.org/variable#92	1
http://ex.org/variable#107 http://www.ibm.com/timex#d http://ex.org/variable#93	1
http://ex.org/variable#107 http://www.ibm.com/timex#oi http://ex.org/variable#94	1
http://ex.org/variable#107 http://www.ibm.com/timex#di http://ex.org/variable#95	1
http://ex.org/variable#107 http://www.ibm.com/timex#bi http://ex.org/variable#96	1
http://ex.org/variable#107 http://www.ibm.com/timex#o http://ex.org/variable#97	1
http://ex.org/variable#107 http://www.ibm.com/timex#o http://ex.org/variable#98	1
http://ex.org/variable#107 http://www.ibm.com/timex#o http://ex.org/variable#99	1
http://ex.org/variable#107 http://www.ibm.com/timex#oi http://ex.org/variable#100	1
http://ex.org/variable#107 http://www.ibm.com/timex#d http://ex.org/variable#101	1
http://ex.org/variable#107 http://www.ibm.com/timex#di http://ex.org/variable#102	1
http://ex.org/variable#107 http://www.ibm.com/timex#oi http://ex.org/variable#103	1
http://ex.org/variable#107 http://www.ibm.com/timex#b http://ex.org/variable#104	1
http://ex.org/variable#107 http://www.ibm.com/timex#d http://ex.org/variable#105	1
http://ex.org/variable#107 http://www.ibm.com/timex#d http://ex.org/variable#106	1
http://ex.org/variable#107 http://www.ibm.com/timex#di http://ex.org/variable#108	1
http://ex.org/variable#107 http://www.ibm.com/timex#di http://ex.org/variable#109	1
http://ex.org/variable#107 http://www.ibm.com/timex#d http://ex.org/variable#110	1
http://ex.org/variable#107 http://www.ibm.com/timex#oi http://ex.org/variable#111	1
http://ex.org/variable#107 http://www.ibm.com/timex#oi http://ex.org/variable#112	1
http://ex.org/variable#107 http://www.ibm.com/timex#di http://ex.org/variable#113	1
http://ex.org/variable#107 http://www.ibm.com/timex#d http://ex.org/variable#114	1
http://ex.org/variable#107 http://www.ibm.com/timex#b http://ex.org/variable#115	1
http://ex.org/variable#107 http://www.ibm.com/timex#di http://ex.org/variable#116	1
http://ex.org/variable#107 http://www.ibm.com/timex#oi http://ex.org/variable#117	1
http://ex.org/variable#107 http://www.ibm.com/timex#oi http://ex.org/variable#118	1
http://ex.org/variable#107 http://www.ibm.com/timex#d http://ex.org/variable#119	1
http://ex.org/variable#107 http://www.ibm.com/timex#oi http://ex.org/variable#120	1
http://ex.org/variable#107 http://www.ibm.com/timex#b http://ex.org/variable#121	1
http://ex.org/variable#107 http://www.ibm.com/timex#d http://ex.org/variable#122	1
http://ex.org/variable#107 http://www.ibm.com/timex#o http://ex.org/variable#123	1
http://ex.org/variable#107 http://www.ibm.com/timex#oi http://ex.org/variable#124	1
http://ex.org/variable#107 http://www.ibm.com/timex#oi http://ex.org/variable#125	1
http://ex.org/variable#107 http://www.ibm.com/timex#o http://ex.org/variable#126	1
http://ex.org/variable#107 http://www.ibm.com/timex#o http://ex.org/variable#127	1
http://ex.org/variable#107 http://www.ibm.com/timex#o http://ex.org/variable#128	1
http://ex.org/variable#107 http://www.ibm.com/timex#oi http://ex.org/variable#129	1
http://ex.org/variable#107 http://www.ibm.com/timex#oi http://ex.org/variable#130	1
http://ex.org/variable#107 http://www.ibm.com/timex#b http://ex.org/variable#131	1
http://ex.org/variable#107 http://www.ibm.com/timex#d http://ex.org/variable#132	1
http://ex.org/variable#107 http://www.ibm.com/timex#o http://ex.org/variable#133	1
http://ex.org/variable#107 http://www.ibm.com/timex#oi http://ex.org/variable#134	1
http://ex.org/variable#107 http://www.ibm.com/timex#d http://ex.org/variable#135	1
http://ex.org/variable#107 http://www.ibm.com/timex#d http://ex.org/variable#136	1
http://ex.org/variable#107 http://www.ibm.com/timex#di http://ex.org/variable#137	1
http://ex.org/variable#107 http://www.ibm.com/timex#o http://ex.org/variable#138	1
http://ex.org/variable#107 http://www.ibm.com/timex#oi http://ex.org/variable#139	1
http://ex.org/variable#107 http://www.ibm.com/timex#di http://ex.org/variable#140	1
http://ex.org/variable#107 http://www.ibm.com/timex#d http://ex.org/variable#141	1
http://ex.org/variable#107 http://www.ibm.com/timex#oi http://ex.org/variable#142	1
http://ex.org/variable#107 http://www.ibm.com/timex#d http://ex.org/variable#143	1
http://ex.org/variable#107 http://www.ibm.com/timex#d http://ex.org/variable#144	1
http://ex.org/variable#107 http://www.ibm.com/timex#o http://ex.org/variable#145	1
http://ex.org/variable#107 http://www.ibm.com/timex#o http://ex.org/variable#146	1
http://ex.org/variable#107 http://www.ibm.com/timex#oi http://ex.org/variable#147	1
http://ex.org/variable#107 http://www.ibm.com/timex#d http://ex.org/variable#148	1
http://ex.org/variable#107 http://www.ibm.com/timex#oi http://ex.org/variable#149	1
http://ex.org/variable#107 http://www.ibm.com/timex#o http://ex.org/variable#150	1
http://ex.org/variable#107 http://www.ibm.com/timex#d http://ex.org/variable#151	1
http://ex.org/variable#107 http://www.ibm.com/timex#bi http://ex.org/variable#152	1
http://ex.org/variable#107 http://www.ibm.com/timex#d http://ex.org/variable#153	1
http://ex.org/variable#107 http://www.ibm.com/timex#di http://ex.org/variable#154	1
http://ex.org/variable#107 http://www.ibm.com/timex#oi http://ex.org/variable#155	1
http://ex.org/variable#107 http://www.ibm.com/timex#d http://ex.org/variable#156	1
http://ex.org/variable#107 http://www.ibm.com/timex#bi http://ex.org/variable#157	1
http://ex.org/variable#107 http://www.ibm.com/timex#oi http://ex.org/variable#158	1
http://ex.org/variable#107 http://www.ibm.com/timex#o http://ex.org/variable#159	1
http://ex.org/variable#107 http://www.ibm.com/timex#d http://ex.org/variable#160	1
http://ex.org/variable#107 http://www.ibm.com/timex#di http://ex.org/variable#161	1
http://ex.org/variable#107 http://www.ibm.com/timex#oi http://ex.org/variable#162	1
http://ex.org/variable#107 http://www.ibm.com/timex#o http://ex.org/variable#163	1
http://ex.org/variable#107 http://www.ibm.com/timex#o http://ex.org/variable#164	1
http://ex.org/variable#107 http://www.ibm.com/timex#di http://ex.org/variable#165	1
http://ex.org/variable#107 http://www.ibm.com/timex#oi http://ex.org/variable#166	1
http://ex.org/variable#107 http://www.ibm.com/timex#oi http://ex.org/variable#167	1
http://ex.org/variable#107 http://www.ibm.com/timex#o http://ex.org/variable#168	1
http://ex.org/variable#107 http://www.ibm.com/timex#d http://ex.org/variable#169	1
http://ex.org/variable#107 http://www.ibm.com/timex#o http://ex.org/variable#170	1
http://ex.org/variable#107 http://www.ibm.com/timex#oi http://ex.org/variable#171	1
http://ex.org/variable#107 http://www.ibm.com/timex#bi http://ex.org/variable#172	1
http://ex.org/variable#107 http://www.ibm.com/timex#m http://ex.org/variable#173	1
http://ex.org/variable#107 http://www.ibm.com/timex#o http://ex.org/variable#174	1
http://ex.org/variable#107 http://www.ibm.com/timex#oi http://ex.org/variable#175	1
http://ex.org/variable#107 http://www.ibm.com/timex#o http://ex.org/variable#176	1
http://ex.org/variable#107 http://www.ibm.com/timex#d http://ex.org/variable#177	1
http://ex.org/variable#107 http://www.ibm.com/timex#d http://ex.org/variable#178	1
http://ex.org/variable#107 http://www.ibm.com/timex#o http://ex.org/variable#179	1
http://ex.org/variable#107 http://www.ibm.com/timex#bi http://ex.org/variable#180	1
http://ex.org/variable#107 http://www.ibm.com/timex#oi http://ex.org/variable#181	1
http://ex.org/variable#107 http://www.ibm.com/timex#di http://ex.org/variable#182	1
http://ex.org/variable#107 http://www.ibm.com/timex#o http://ex.org/variable#183	1
http://ex.org/variable#107 http://www.ibm.com/timex#oi http://ex.org/variable#184	1
http://ex.org/variable#107 http://www.ibm.com/timex#d http://ex.org/variable#185	1
http://ex.org/variable#107 http://www.ibm.com/timex#o http://ex.org/variable#186	1
http://ex.org/variable#107 http://www.ibm.com/timex#d http://ex.org/variable#187	1
http://ex.org/variable#107 http://www.ibm.com/timex#o_di_fi http://ex.org/variable#188	1
http://ex.org/variable#107 http://www.ibm.com/timex#di http://ex.org/variable#189	1
http://ex.org/variable#108 http://www.ibm.com/timex#d http://ex.org/variable#0	1
http://ex.org/variable#108 http://www.ibm.com/timex#b http://ex.org/variable#1	1
http://ex.org/variable#108 http://www.ibm.com/timex#d http://ex.org/variable#2	1
http://ex.org/variable#108 http://www.ibm.com/timex#o http://ex.org/variable#3	1
http://ex.org/variable#108 http://www.ibm.com/timex#d http://ex.org/variable#4	1
http://ex.org/variable#108 http://www.ibm.com/timex#oi_d_f http://ex.org/variable#5	1
http://ex.org/variable#108 http://www.ibm.com/timex#b_o http://ex.org/variable#6	1
http://ex.org/variable#108 http://www.ibm.com/timex#d http://ex.org/variable#7	1
http://ex.org/variable#108 http://www.ibm.com/timex#bi http://ex.org/variable#8	1
http://ex.org/variable#108 http://www.ibm.com/timex#b_m_o http://ex.org/variable#9	1
http://ex.org/variable#108 http://www.ibm.com/timex#d http://ex.org/variable#10	1
http://ex.org/variable#108 http://www.ibm.com/timex#d http://ex.org/variable#11	1
http://ex.org/variable#108 http://www.ibm.com/timex#d http://ex.org/variable#12	1
http://ex.org/variable#108 http://www.ibm.com/timex#oi_d_f http://ex.org/variable#13	1
http://ex.org/variable#108 http://www.ibm.com/timex#b_m_o http://ex.org/variable#14	1
http://ex.org/variable#108 http://www.ibm.com/timex#d http://ex.org/variable#15	1
http://ex.org/variable#108 http://www.ibm.com/timex#d http://ex.org/variable#16	1
http://ex.org/variable#108 http://www.ibm.com/timex#b http://ex.org/variable#17	1
http://ex.org/variable#108 http://www.ibm.com/timex#d http://ex.org/variable#18	1
http://ex.org/variable#108 http://www.ibm.com/timex#oi http://ex.org/variable#19	1
http://ex.org/variable#108 http://www.ibm.com/timex#d http://ex.org/variable#20	1
http://ex.org/variable#108 http://www.ibm.com/timex#b http://ex.org/variable#21	1
http://ex.org/variable#108 http://www.ibm.com/timex#d http://ex.org/variable#22	1
http://ex.org/variable#108 http://www.ibm.com/timex#oi http://ex.org/variable#23	1
http://ex.org/variable#108 http://www.ibm.com/timex#d http://ex.org/variable#24	1
http://ex.org/variable#108 http://www.ibm.com/timex#bi http://ex.org/variable#25	1
http://ex.org/variable#108 http://www.ibm.com/timex#b http://ex.org/variable#26	1
http://ex.org/variable#108 http://www.ibm.com/timex#oi http://ex.org/variable#27	1
http://ex.org/variable#108 http://www.ibm.com/timex#o http://ex.org/variable#28	1
http://ex.org/variable#108 http://www.ibm.com/timex#d http://ex.org/variable#29	1
http://ex.org/variable#108 http://www.ibm.com/timex#o_di_fi http://ex.org/variable#30	1
http://ex.org/variable#108 http://www.ibm.com/timex#oi_d_f http://ex.org/variable#31	1
http://ex.org/variable#108 http://www.ibm.com/timex#mi_oi http://ex.org/variable#32	1
http://ex.org/variable#108 http://www.ibm.com/timex#b http://ex.org/variable#33	1
http://ex.org/variable#108 http://www.ibm.com/timex#d http://ex.org/variable#34	1
http://ex.org/variable#108 http://www.ibm.com/timex#oi_di_si http://ex.org/variable#35	1
http://ex.org/variable#108 http://www.ibm.com/timex#oi http://ex.org/variable#36	1
http://ex.org/variable#108 http://www.ibm.com/timex#bi_mi_oi http://ex.org/variable#37	1
http://ex.org/variable#108 http://www.ibm.com/timex#d http://ex.org/variable#38	1
http://ex.org/variable#108 http://www.ibm.com/timex#b http://ex.org/variable#39	1
http://ex.org/variable#108 http://www.ibm.com/timex#d http://ex.org/variable#40	1
http://ex.org/variable#108 http://www.ibm.com/timex#d http://ex.org/variable#41	1
http://ex.org/variable#108 http://www.ibm.com/timex#d http://ex.org/variable#42	1
http://ex.org/variable#108 http://www.ibm.com/timex#d http://ex.org/variable#43	1
http://ex.org/variable#108 http://www.ibm.com/timex#d http://ex.org/variable#44	1
http://ex.org/variable#108 http://www.ibm.com/timex#o_d_s http://ex.org/variable#45	1
http://ex.org/variable#108 http://www.ibm.com/timex#d http://ex.org/variable#46	1
http://ex.org/variable#108 http://www.ibm.com/timex#d http://ex.org/variable#47	1
http://ex.org/variable#108 http://www.ibm.com/timex#b http://ex.org/variable#48	1
http://ex.org/variable#108 http://www.ibm.com/timex#oi http://ex.org/variable#49	1
http://ex.org/variable#108 http://www.ibm.com/timex#d http://ex.org/variable#50	1
http://ex.org/variable#108 http://www.ibm.com/timex#b http://ex.org/variable#51	1
http://ex.org/variable#108 http://www.ibm.com/timex#d http://ex.org/variable#52	1
http://ex.org/variable#108 http://www.ibm.com/timex#d http://ex.org/variable#53	1
http://ex.org/variable#108 http://www.ibm.com/timex#d http://ex.org/variable#54	1
http://ex.org/variable#108 http://www.ibm.com/timex#d http://ex.org/variable#55	1
http://ex.org/variable#108 http://www.ibm.com/timex#oi_d_f http://ex.org/variable#56	1
http://ex.org/variable#108 http://www.ibm.com/timex#d http://ex.org/variable#57	1
http://ex.org/variable#108 http://www.ibm.com/timex#d http://ex.org/variable#58	1
http://ex.org/variable#108 http://www.ibm.com/timex#d http://ex.org/variable#59	1
http://ex.org/variable#108 http://www.ibm.com/timex#d http://ex.org/variable#60	1
http://ex.org/variable#108 http://www.ibm.com/timex#d http://ex.org/variable#61	1
http://ex.org/variable#108 http://www.ibm.com/timex#d http://ex.org/variable#62	1
http://ex.org/variable#108 http://www.ibm.com/timex#d http://ex.org/variable#63	1
http://ex.org/variable#108 http://www.ibm.com/timex#d http://ex.org/variable#64	1
http://ex.org/variable#108 http://www.ibm.com/timex#bi http://ex.org/variable#65	1
http://ex.org/variable#108 http://www.ibm.com/timex#mi_oi http://ex.org/variable#66	1
http://ex.org/variable#108 http://www.ibm.com/timex#d http://ex.org/variable#67	1
http://ex.org/variable#108 http://www.ibm.com/timex#d http://ex.org/variable#68	1
http://ex.org/variable#108 http://www.ibm.com/timex#d http://ex.org/variable#69	1
http://ex.org/variable#108 http://www.ibm.com/timex#d http://ex.org/variable#70	1
http://ex.org/variable#108 http://www.ibm.com/timex#d http://ex.org/variable#71	1
http://ex.org/variable#108 http://www.ibm.com/timex#d http://ex.org/variable#72	1
http://ex.org/variable#108 http://www.ibm.com/timex#d http://ex.org/variable#73	1
http://ex.org/variable#108 http://www.ibm.com/timex#d http://ex.org/variable#74	1
http://ex.org/variable#108 http://www.ibm.com/timex#d http://ex.org/variable#75	1
http://ex.org/variable#108 http://www.ibm.com/timex#d http://ex.org/variable#76	1
http://ex.org/variable#108 http://www.ibm.com/timex#d http://ex.org/variable#77	1
http://ex.org/variable#108 http://www.ibm.com/timex#d http://ex.org/variable#78	1
http://ex.org/variable#108 http://www.ibm.com/timex#oi_d_f http://ex.org/variable#79	1
http://ex.org/variable#108 http://www.ibm.com/timex#d http://ex.org/variable#80	1
http://ex.org/variable#108 http://www.ibm.com/timex#d http://ex.org/variable#81	1
http://ex.org/variable#108 http://www.ibm.com/timex#oi http://ex.org/variable#82	1
http://ex.org/variable#108 http://www.ibm.com/timex#d http://ex.org/variable#83	1
http://ex.org/variable#108 http://www.ibm.com/timex#o http://ex.org/variable#84	1
http://ex.org/variable#108 http://www.ibm.com/timex#b http://ex.org/variable#85	1
http://ex.org/variable#108 http://www.ibm.com/timex#d http://ex.org/variable#86	1
http://ex.org/variable#108 http://www.ibm.com/timex#o http://ex.org/variable#87	1
http://ex.org/variable#108 http://www.ibm.com/timex#b http://ex.org/variable#88	1
http://ex.org/variable#108 http://www.ibm.com/timex#d http://ex.org/variable#89	1
http://ex.org/variable#108 http://www.ibm.com/timex#d http://ex.org/variable#90	1
http://ex.org/variable#108 http://www.ibm.com/timex#d http://ex.org/variable#91	1
http://ex.org/variable#108 http://www.ibm.com/timex#o http://ex.org/variable#92	1
http://ex.org/variable#108 http://www.ibm.com/timex#d http://ex.org/variable#93	1
http://ex.org/variable#108 http://www.ibm.com/timex#d http://ex.org/variable#94	1
http://ex.org/variable#108 http://www.ibm.com/timex#di http://ex.org/variable#95	1
http://ex.org/variable#108 http://www.ibm.com/timex#bi http://ex.org/variable#96	1
http://ex.org/variable#108 http://www.ibm.com/timex#d http://ex.org/variable#97	1
http://ex.org/variable#108 http://www.ibm.com/timex#b http://ex.org/variable#98	1
http://ex.org/variable#108 http://www.ibm.com/timex#b http://ex.org/variable#99	1
http://ex.org/variable#108 http://www.ibm.com/timex#bi http://ex.org/variable#100	1
http://ex.org/variable#108 http://www.ibm.com/timex#d http://ex.org/variable#101	1
http://ex.org/variable#108 http://www.ibm.com/timex#b_m http://ex.org/variable#102	1
http://ex.org/variable#108 http://www.ibm.com/timex#d http://ex.org/variable#103	1
http://ex.org/variable#108 http://www.ibm.com/timex#b http://ex.org/variable#104	1
http://ex.org/variable#108 http://www.ibm.com/timex#d http://ex.org/variable#105	1
http://ex.org/variable#108 http://www.ibm.com/timex#d http://ex.org/variable#106	1
http://ex.org/variable#108 http://www.ibm.com/timex#d http://ex.org/variable#107	1
http://ex.org/variable#108 http://www.ibm.com/timex#b_m_o http://ex.org/variable#109	1
http://ex.org/variable#108 http://www.ibm.com/timex#d http://ex.org/variable#110	1
http://ex.org/variable#108 http://www.ibm.com/timex#d http://ex.org/variable#111	1
http://ex.org/variable#108 http://www.ibm.com/timex#d http://ex.org/variable#112	1
http://ex.org/variable#108 http://www.ibm.com/timex#o_di_fi http://ex.org/variable#113	1
http://ex.org/variable#108 http://www.ibm.com/timex#d http://ex.org/variable#114	1
http://ex.org/variable#108 http://www.ibm.com/timex#b http://ex.org/variable#115	1
http://ex.org/variable#108 http://www.ibm.com/timex#b_o http://ex.org/variable#116	1
http://ex.org/variable#108 http://www.ibm.com/timex#oi_f http://ex.org/variable#117	1
http://ex.org/variable#108 http://www.ibm.com/timex#d http://ex.org/variable#118	1
http://ex.org/variable#108 http://www.ibm.com/timex#d http://ex.org/variable#119	1
http://ex.org/variable#108 http://www.ibm.com/timex#oi_d_f http://ex.org/variable#120	1
http://ex.org/variable#108 http://www.ibm.com/timex#b http://ex.org/variable#121	1
http://ex.org/variable#108 http://www.ibm.com/timex#d http://ex.org/variable#122	1
http://ex.org/variable#108 http://www.ibm.com/timex#d http://ex.org/variable#123	1
http://ex.org/variable#108 http://www.ibm.com/timex#oi_d_f http://ex.org/variable#124	1
http://ex.org/variable#108 http://www.ibm.com/timex#oi_d http://ex.org/variable#125	1
http://ex.org/variable#108 http://www.ibm.com/timex#o http://ex.org/variable#126	1
http://ex.org/variable#108 http://www.ibm.com/timex#b http://ex.org/variable#127	1
http://ex.org/variable#108 http://www.ibm.com/timex#d http://ex.org/variable#128	1
http://ex.org/variable#108 http://www.ibm.com/timex#oi_d_f http://ex.org/variable#129	1
http://ex.org/variable#108 http://www.ibm.com/timex#oi http://ex.org/variable#130	1
http://ex.org/variable#108 http://www.ibm.com/timex#b http://ex.org/variable#131	1
http://ex.org/variable#108 http://www.ibm.com/timex#d http://ex.org/variable#132	1
http://ex.org/variable#108 http://www.ibm.com/timex#o_d_s http://ex.org/variable#133	1
http://ex.org/variable#108 http://www.ibm.com/timex#oi_d http://ex.org/variable#134	1
http://ex.org/variable#108 http://www.ibm.com/timex#d http://ex.org/variable#135	1
http://ex.org/variable#108 http://www.ibm.com/timex#d http://ex.org/variable#136	1
http://ex.org/variable#108 http://www.ibm.com/timex#oi_d http://ex.org/variable#137	1
http://ex.org/variable#108 http://www.ibm.com/timex#b http://ex.org/variable#138	1
http://ex.org/variable#108 http://www.ibm.com/timex#oi_d_f http://ex.org/variable#139	1
http://ex.org/variable#108 http://www.ibm.com/timex#oi_d_f http://ex.org/variable#140	1
http://ex.org/variable#108 http://www.ibm.com/timex#d http://ex.org/variable#141	1
http://ex.org/variable#108 http://www.ibm.com/timex#d http://ex.org/variable#142	1
http://ex.org/variable#108 http://www.ibm.com/timex#d http://ex.org/variable#143	1
http://ex.org/variable#108 http://www.ibm.com/timex#d http://ex.org/variable#144	1
http://ex.org/variable#108 http://www.ibm.com/timex#b http://ex.org/variable#145	1
http://ex.org/variable#108 http://www.ibm.com/timex#d http://ex.org/variable#146	1
http://ex.org/variable#108 http://www.ibm.com/timex#d http://ex.org/variable#147	1
http://ex.org/variable#108 http://www.ibm.com/timex#d http://ex.org/variable#148	1
http://ex.org/variable#108 http://www.ibm.com/timex#bi_oi http://ex.org/variable#149	1
http://ex.org/variable#108 http://www.ibm.com/timex#b http://ex.org/variable#150	1
http://ex.org/variable#108 http://www.ibm.com/timex#d http://ex.org/variable#151	1
http://ex.org/variable#108 http://www.ibm.com/timex#bi http://ex.org/variable#152	1
http://ex.org/variable#108 http://www.ibm.com/timex#d http://ex.org/variable#153	1
http://ex.org/variable#108 http://www.ibm.com/timex#oi_d http://ex.org/variable#154	1
http://ex.org/variable#108 http://www.ibm.com/timex#d http://ex.org/variable#155	1
http://ex.org/variable#108 http://www.ibm.com/timex#d http://ex.org/variable#156	1
http://ex.org/variable#108 http://www.ibm.com/timex#bi http://ex.org/variable#157	1
http://ex.org/variable#108 http://www.ibm.com/timex#oi_d_f http://ex.org/variable#158	1
http://ex.org/variable#108 http://www.ibm.com/timex#o_d_s http://ex.org/variable#159	1
http://ex.org/variable#108 http://www.ibm.com/timex#d http://ex.org/variable#160	1
http://ex.org/variable#108 http://www.ibm.com/timex#oi_d http://ex.org/variable#161	1
http://ex.org/variable#108 http://www.ibm.com/timex#oi_f http://ex.org/variable#162	1
http://ex.org/variable#108 http://www.ibm.com/timex#o http://ex.org/variable#163	1
http://ex.org/variable#108 http://www.ibm.com/timex#o_d_s http://ex.org/variable#164	1
http://ex.org/variable#108 http://www.ibm.com/timex#oi_d_f http://ex.org/variable#165	1
http://ex.org/variable#108 http://www.ibm.com/timex#d_f http://ex.org/variable#166	1
http://ex.org/variable#108 http://www.ibm.com/timex#d http://ex.org/variable#167	1
http://ex.org/variable#108 http://www.ibm.com/timex#o http://ex.org/variable#168	1
http://ex.org/variable#108 http://www.ibm.com/timex#d http://ex.org/variable#169	1
http://ex.org/variable#108 http://www.ibm.com/timex#b http://ex.org/variable#170	1
http://ex.org/variable#108 http://www.ibm.com/timex#oi_d_f http://ex.org/variable#171	1
http://ex.org/variable#108 http://www.ibm.com/timex#bi http://ex.org/variable#172	1
http://ex.org/variable#108 http://www.ibm.com/timex#b http://ex.org/variable#173	1
http://ex.org/variable#108 http://www.ibm.com/timex#o http://ex.org/variable#174	1
http://ex.org/variable#108 http://www.ibm.com/timex#d http://ex.org/variable#175	1
http://ex.org/variable#108 http://www.ibm.com/timex#o_d_s http://ex.org/variable#176	1
http://ex.org/variable#108 http://www.ibm.com/timex#d http://ex.org/variable#177	1
http://ex.org/variable#108 http://www.ibm.com/timex#d http://ex.org/variable#178	1
http://ex.org/variable#108 http://www.ibm.com/timex#o_d_s http://ex.org/variable#179	1
http://ex.org/variable#108 http://www.ibm.com/timex#bi http://ex.org/variable#180	1
http://ex.org/variable#108 http://www.ibm.com/timex#bi http://ex.org/variable#181	1
http://ex.org/variable#108 http://www.ibm.com/timex#o_di http://ex.org/variable#182	1
http://ex.org/variable#108 http://www.ibm.com/timex#b http://ex.org/variable#183	1
http://ex.org/variable#108 http://www.ibm.com/timex#d http://ex.org/variable#184	1
http://ex.org/variable#108 http://www.ibm.com/timex#d http://ex.org/variable#185	1
http://ex.org/variable#108 http://www.ibm.com/timex#o http://ex.org/variable#186	1
http://ex.org/variable#108 http://www.ibm.com/timex#d http://ex.org/variable#187	1
http://ex.org/variable#108 http://www.ibm.com/timex#o http://ex.org/variable#188	1
http://ex.org/variable#108 http://www.ibm.com/timex#d_f http://ex.org/variable#189	1
http://ex.org/variable#109 http://www.ibm.com/timex#d http://ex.org/variable#0	1
http://ex.org/variable#109 http://www.ibm.com/timex#b http://ex.org/variable#1	1
http://ex.org/variable#109 http://www.ibm.com/timex#d http://ex.org/variable#2	1
http://ex.org/variable#109 http://www.ibm.com/timex#d http://ex.org/variable#3	1
http://ex.org/variable#109 http://www.ibm.com/timex#d http://ex.org/variable#4	1
http://ex.org/variable#109 http://www.ibm.com/timex#bi http://ex.org/variable#5	1
http://ex.org/variable#109 http://www.ibm.com/timex#d http://ex.org/variable#6	1
http://ex.org/variable#109 http://www.ibm.com/timex#d http://ex.org/variable#7	1
http://ex.org/variable#109 http://www.ibm.com/timex#bi http://ex.org/variable#8	1
http://ex.org/variable#109 http://www.ibm.com/timex#d http://ex.org/variable#9	1
http://ex.org/variable#109 http://www.ibm.com/timex#d http://ex.org/variable#10	1
http://ex.org/variable#109 http://www.ibm.com/timex#d http://ex.org/variable#11	1
http://ex.org/variable#109 http://www.ibm.com/timex#d http://ex.org/variable#12	1
http://ex.org/variable#109 http://www.ibm.com/timex#bi http://ex.org/variable#13	1
http://ex.org/variable#109 http://www.ibm.com/timex#oi http://ex.org/variable#14	1
http://ex.org/variable#109 http://www.ibm.com/timex#d http://ex.org/variable#15	1
http://ex.org/variable#109 http://www.ibm.com/timex#d http://ex.org/variable#16	1
http://ex.org/variable#109 http://www.ibm.com/timex#b http://ex.org/variable#17	1
http://ex.org/variable#109 http://www.ibm.com/timex#d http://ex.org/variable#18	1
http://ex.org/variable#109 http://www.ibm.com/timex#bi http://ex.org/variable#19	1
http://ex.org/variable#109 http://www.ibm.com/timex#d http://ex.org/variable#20	1
http://ex.org/variable#109 http://www.ibm.com/timex#b http://ex.org/variable#21	1
http://ex.org/variable#109 http://www.ibm.com/timex#d http://ex.org/variable#22	1
http://ex.org/variable#109 http://www.ibm.com/timex#bi http://ex.org/variable#23	1
http://ex.org/variable#109 http://www.ibm.com/timex#d http://ex.org/variable#24	1
http://ex.org/variable#109 http://www.ibm.com/timex#bi http://ex.org/variable#25	1
http://ex.org/variable#109 http://www.ibm.com/timex#b http://ex.org/variable#26	1
http://ex.org/variable#109 http://www.ibm.com/timex#bi http://ex.org/variable#27	1
http://ex.org/variable#109 http://www.ibm.com/timex#d http://ex.org/variable#28	1
http://ex.org/variable#109 http://www.ibm.com/timex#d http://ex.org/variable#29	1
http://ex.org/variable#109 http://www.ibm.com/timex#bi http://ex.org/variable#30	1
http://ex.org/variable#109 http://www.ibm.com/timex#bi http://ex.org/variable#31	1
http://ex.org/variable#109 http://www.ibm.com/timex#bi http://ex.org/variable#32	1
http://ex.org/variable#109 http://www.ibm.com/timex#b http://ex.org/variable#33	1
http://ex.org/variable#109 http://www.ibm.com/timex#d http://ex.org/variable#34	1
http://ex.org/variable#109 http://www.ibm.com/timex#bi http://ex.org/variable#35	1
http://ex.org/variable#109 http://www.ibm.com/timex#bi http://ex.org/variable#36	1
http://ex.org/variable#109 http://www.ibm.com/timex#bi http://ex.org/variable#37	1
http://ex.org/variable#109 http://www.ibm.com/timex#d http://ex.org/variable#38	1
http://ex.org/variable#109 http://www.ibm.com/timex#b http://ex.org/variable#39	1
http://ex.org/variable#109 http://www.ibm.com/timex#d http://ex.org/variable#40	1
http://ex.org/variable#109 http://www.ibm.com/timex#d http://ex.org/variable#41	1
http://ex.org/variable#109 http://www.ibm.com/timex#d http://ex.org/variable#42	1
http://ex.org/variable#109 http://www.ibm.com/timex#d http://ex.org/variable#43	1
http://ex.org/variable#109 http://www.ibm.com/timex#d http://ex.org/variable#44	1
http://ex.org/variable#109 http://www.ibm.com/timex#d http://ex.org/variable#45	1
http://ex.org/variable#109 http://www.ibm.com/timex#oi http://ex.org/variable#46	1
http://ex.org/variable#109 http://www.ibm.com/timex#d http://ex.org/variable#47	1
http://ex.org/variable#109 http://www.ibm.com/timex#b http://ex.org/variable#48	1
http://ex.org/variable#109 http://www.ibm.com/timex#bi http://ex.org/variable#49	1
http://ex.org/variable#109 http://www.ibm.com/timex#d http://ex.org/variable#50	1
http://ex.org/variable#109 http://www.ibm.com/timex#b http://ex.org/variable#51	1
http://ex.org/variable#109 http://www.ibm.com/timex#d http://ex.org/variable#52	1
http://ex.org/variable#109 http://www.ibm.com/timex#d http://ex.org/variable#53	1
http://ex.org/variable#109 http://www.ibm.com/timex#d http://ex.org/variable#54	1
http://ex.org/variable#109 http://www.ibm.com/timex#d http://ex.org/variable#55	1
http://ex.org/variable#109 http://www.ibm.com/timex#bi http://ex.org/variable#56	1
http://ex.org/variable#109 http://www.ibm.com/timex#oi http://ex.org/variable#57	1
http://ex.org/variable#109 http://www.ibm.com/timex#d http://ex.org/variable#58	1
http://ex.org/variable#109 http://www.ibm.com/timex#d http://ex.org/variable#59	1
http://ex.org/variable#109 http://www.ibm.com/timex#d http://ex.org/variable#60	1
http://ex.org/variable#109 http://www.ibm.com/timex#d http://ex.org/variable#61	1
http://ex.org/variable#109 http://www.ibm.com/timex#d http://ex.org/variable#62	1
http://ex.org/variable#109 http://www.ibm.com/timex#d http://ex.org/variable#63	1
http://ex.org/variable#109 http://www.ibm.com/timex#d http://ex.org/variable#64	1
http://ex.org/variable#109 http://www.ibm.com/timex#bi http://ex.org/variable#65	1
http://ex.org/variable#109 http://www.ibm.com/timex#bi http://ex.org/variable#66	1
http://ex.org/variable#109 http://www.ibm.com/timex#d http://ex.org/variable#67	1
http://ex.org/variable#109 http://www.ibm.com/timex#d http://ex.org/variable#68	1
http://ex.org/variable#109 http://www.ibm.com/timex#oi http://ex.org/variable#69	1
http://ex.org/variable#109 http://www.ibm.com/timex#d http://ex.org/variable#70	1
http://ex.org/variable#109 http://www.ibm.com/timex#oi http://ex.org/variable#71	1
http://ex.org/variable#109 http://www.ibm.com/timex#d http://ex.org/variable#72	1
http://ex.org/variable#109 http://www.ibm.com/timex#d http://ex.org/variable#73	1
http://ex.org/variable#109 http://www.ibm.com/timex#d http://ex.org/variable#74	1
http://ex.org/variable#109 http://www.ibm.com/timex#d http://ex.org/variable#75	1
http://ex.org/variable#109 http://www.ibm.com/timex#d http://ex.org/variable#76	1
http://ex.org/variable#109 http://www.ibm.com/timex#d http://ex.org/variable#77	1
http://ex.org/variable#109 http://www.ibm.com/timex#d http://ex.org/variable#78	1
http://ex.org/variable#109 http://www.ibm.com/timex#bi_mi_oi http://ex.org/variable#79	1
http://ex.org/variable#109 http://www.ibm.com/timex#d http://ex.org/variable#80	1
http://ex.org/variable#109 http://www.ibm.com/timex#oi http://ex.org/variable#81	1
http://ex.org/variable#109 http://www.ibm.com/timex#bi http://ex.org/variable#82	1
http://ex.org/variable#109 http://www.ibm.com/timex#d http://ex.org/variable#83	1
http://ex.org/variable#109 http://www.ibm.com/timex#d http://ex.org/variable#84	1
http://ex.org/variable#109 http://www.ibm.com/timex#b http://ex.org/variable#85	1
http://ex.org/variable#109 http://www.ibm.com/timex#d http://ex.org/variable#86	1
http://ex.org/variable#109 http://www.ibm.com/timex#d http://ex.org/variable#87	1
http://ex.org/variable#109 http://www.ibm.com/timex#b http://ex.org/variable#88	1
http://ex.org/variable#109 http://www.ibm.com/timex#d http://ex.org/variable#89	1
http://ex.org/variable#109 http://www.ibm.com/timex#d http://ex.org/variable#90	1
http://ex.org/variable#109 http://www.ibm.com/timex#d http://ex.org/variable#91	1
http://ex.org/variable#109 http://www.ibm.com/timex#d http://ex.org/variable#92	1
http://ex.org/variable#109 http://www.ibm.com/timex#d http://ex.org/variable#93	1
http://ex.org/variable#109 http://www.ibm.com/timex#oi http://ex.org/variable#94	1
http://ex.org/variable#109 http://www.ibm.com/timex#bi http://ex.org/variable#95	1
http://ex.org/variable#109 http://www.ibm.com/timex#bi http://ex.org/variable#96	1
http://ex.org/variable#109 http://www.ibm.com/timex#d http://ex.org/variable#97	1
http://ex.org/variable#109 http://www.ibm.com/timex#b http://ex.org/variable#98	1
http://ex.org/variable#109 http://www.ibm.com/timex#b http://ex.org/variable#99	1
http://ex.org/variable#109 http://www.ibm.com/timex#bi http://ex.org/variable#100	1
http://ex.org/variable#109 http://www.ibm.com/timex#d http://ex.org/variable#101	1
http://ex.org/variable#109 http://www.ibm.com/timex#o http://ex.org/variable#102	1
http://ex.org/variable#109 http://www.ibm.com/timex#d http://ex.org/variable#103	1
http://ex.org/variable#109 http://www.ibm.com/timex#b http://ex.org/variable#104	1
http://ex.org/variable#109 http://www.ibm.com/timex#d http://ex.org/variable#105	1
http://ex.org/variable#109 http://www.ibm.com/timex#d http://ex.org/variable#106	1
http://ex.org/variable#109 http://www.ibm.com/timex#d http://ex.org/variable#107	1
http://ex.org/variable#109 http://www.ibm.com/timex#bi_mi_oi http://ex.org/variable#108	1
http://ex.org/variable#109 http://www.ibm.com/timex#d http://ex.org/variable#110	1
http://ex.org/variable#109 http://www.ibm.com/timex#oi_d_f http://ex.org/variable#111	1
http://ex.org/variable#109 http://www.ibm.com/timex#d http://ex.org/variable#112	1
http://ex.org/variable#109 http://www.ibm.com/timex#bi http://ex.org/variable#113	1
http://ex.org/variable#109 http://www.ibm.com/timex#d http://ex.org/variable#114	1
http://ex.org/variable#109 http://www.ibm.com/timex#b http://ex.org/variable#115	1
http://ex.org/variable#109 http://www.ibm.com/timex#oi http://ex.org/variable#116	1
http://ex.org/variable#109 http://www.ibm.com/timex#bi http://ex.org/variable#117	1
http://ex.org/variable#109 http://www.ibm.com/timex#oi http://ex.org/variable#118	1
http://ex.org/variable#109 http://www.ibm.com/timex#d http://ex.org/variable#119	1
http://ex.org/variable#109 http://www.ibm.com/timex#bi http://ex.org/variable#120	1
http://ex.org/variable#109 http://www.ibm.com/timex#b http://ex.org/variable#121	1
http://ex.org/variable#109 http://www.ibm.com/timex#d http://ex.org/variable#122	1
http://ex.org/variable#109 http://www.ibm.com/timex#d http://ex.org/variable#123	1
http://ex.org/variable#109 http://www.ibm.com/timex#bi http://ex.org/variable#124	1
http://ex.org/variable#109 http://www.ibm.com/timex#bi http://ex.org/variable#125	1
http://ex.org/variable#109 http://www.ibm.com/timex#d http://ex.org/variable#126	1
http://ex.org/variable#109 http://www.ibm.com/timex#b http://ex.org/variable#127	1
http://ex.org/variable#109 http://www.ibm.com/timex#d http://ex.org/variable#128	1
http://ex.org/variable#109 http://www.ibm.com/timex#bi http://ex.org/variable#129	1
http://ex.org/variable#109 http://www.ibm.com/timex#bi http://ex.org/variable#130	1
http://ex.org/variable#109 http://www.ibm.com/timex#b http://ex.org/variable#131	1
http://ex.org/variable#109 http://www.ibm.com/timex#d http://ex.org/variable#132	1
http://ex.org/variable#109 http://www.ibm.com/timex#d http://ex.org/variable#133	1
http://ex.org/variable#109 http://www.ibm.com/timex#bi http://ex.org/variable#134	1
http://ex.org/variable#109 http://www.ibm.com/timex#d http://ex.org/variable#135	1
http://ex.org/variable#109 http://www.ibm.com/timex#d http://ex.org/variable#136	1
http://ex.org/variable#109 http://www.ibm.com/timex#bi http://ex.org/variable#137	1
http://ex.org/variable#109 http://www.ibm.com/timex#b http://ex.org/variable#138	1
http://ex.org/variable#109 http://www.ibm.com/timex#bi http://ex.org/variable#139	1
http://ex.org/variable#109 http://www.ibm.com/timex#bi http://ex.org/variable#140	1
http://ex.org/variable#109 http://www.ibm.com/timex#d http://ex.org/variable#141	1
http://ex.org/variable#109 http://www.ibm.com/timex#oi http://ex.org/variable#142	1
http://ex.org/variable#109 http://www.ibm.com/timex#d http://ex.org/variable#143	1
http://ex.org/variable#109 http://www.ibm.com/timex#d http://ex.org/variable#144	1
http://ex.org/variable#109 http://www.ibm.com/timex#b http://ex.org/variable#145	1
http://ex.org/variable#109 http://www.ibm.com/timex#d http://ex.org/variable#146	1
http://ex.org/variable#109 http://www.ibm.com/timex#d http://ex.org/variable#147	1
http://ex.org/variable#109 http://www.ibm.com/timex#d http://ex.org/variable#148	1
http://ex.org/variable#109 http://www.ibm.com/timex#bi http://ex.org/variable#149	1
http://ex.org/variable#109 http://www.ibm.com/timex#b http://ex.org/variable#150	1
http://ex.org/variable#109 http://www.ibm.com/timex#d http://ex.org/variable#151	1
http://ex.org/variable#109 http://www.ibm.com/timex#bi http://ex.org/variable#152	1
http://ex.org/variable#109 http://www.ibm.com/timex#d http://ex.org/variable#153	1
http://ex.org/variable#109 http://www.ibm.com/timex#bi http://ex.org/variable#154	1
http://ex.org/variable#109 http://www.ibm.com/timex#d http://ex.org/variable#155	1
http://ex.org/variable#109 http://www.ibm.com/timex#d http://ex.org/variable#156	1
http://ex.org/variable#109 http://www.ibm.com/timex#bi http://ex.org/variable#157	1
http://ex.org/variable#109 http://www.ibm.com/timex#bi_mi_oi http://ex.org/variable#158	1
http://ex.org/variable#109 http://www.ibm.com/timex#d http://ex.org/variable#159	1
http://ex.org/variable#109 http://www.ibm.com/timex#d http://ex.org/variable#160	1
http://ex.org/variable#109 http://www.ibm.com/timex#bi http://ex.org/variable#161	1
http://ex.org/variable#109 http://www.ibm.com/timex#bi http://ex.org/variable#162	1
http://ex.org/variable#109 http://www.ibm.com/timex#d http://ex.org/variable#163	1
http://ex.org/variable#109 http://www.ibm.com/timex#d http://ex.org/variable#164	1
http://ex.org/variable#109 http://www.ibm.com/timex#bi http://ex.org/variable#165	1
http://ex.org/variable#109 http://www.ibm.com/timex#bi_mi_oi http://ex.org/variable#166	1
http://ex.org/variable#109 http://www.ibm.com/timex#d http://ex.org/variable#167	1
http://ex.org/variable#109 http://www.ibm.com/timex#d http://ex.org/variable#168	1
http://ex.org/variable#109 http://www.ibm.com/timex#d http://ex.org/variable#169	1
http://ex.org/variable#109 http://www.ibm.com/timex#b http://ex.org/variable#170	1
http://ex.org/variable#109 http://www.ibm.com/timex#bi_mi_oi http://ex.org/variable#171	1
http://ex.org/variable#109 http://www.ibm.com/timex#bi http://ex.org/variable#172	1
http://ex.org/variable#109 http://www.ibm.com/timex#b http://ex.org/variable#173	1
http://ex.org/variable#109 http://www.ibm.com/timex#d http://ex.org/variable#174	1
http://ex.org/variable#109 http://www.ibm.com/timex#d http://ex.org/variable#175	1
http://ex.org/variable#109 http://www.ibm.com/timex#d http://ex.org/variable#176	1
http://ex.org/variable#109 http://www.ibm.com/timex#d http://ex.org/variable#177	1
http://ex.org/variable#109 http://www.ibm.com/timex#d http://ex.org/variable#178	1
http://ex.org/variable#109 http://www.ibm.com/timex#d http://ex.org/variable#179	1
http://ex.org/variable#109 http://www.ibm.com/timex#bi http://ex.org/variable#180	1
http://ex.org/variable#109 http://www.ibm.com/timex#bi http://ex.org/variable#181	1
http://ex.org/variable#109 http://www.ibm.com/timex#bi http://ex.org/variable#182	1
http://ex.org/variable#109 http://www.ibm.com/timex#o http://ex.org/variable#183	1
http://ex.org/variable#109 http://www.ibm.com/timex#oi http://ex.org/variable#184	1
http://ex.org/variable#109 http://www.ibm.com/timex#d http://ex.org/variable#185	1
http://ex.org/variable#109 http://www.ibm.com/timex#d http://ex.org/variable#186	1
http://ex.org/variable#109 http://www.ibm.com/timex#d http://ex.org/variable#187	1
http://ex.org/variable#109 http://www.ibm.com/timex#d http://ex.org/variable#188	1
http://ex.org/variable#109 http://www.ibm.com/timex#bi_mi_oi http://ex.org/variable#189	1
http://ex.org/variable#110 http://www.ibm.com/timex#o http://ex.org/variable#0	1
http://ex.org/variable#110 http://www.ibm.com/timex#o http://ex.org/variable#1	1
http://ex.org/variable#110 http://www.ibm.com/timex#o_di_fi http://ex.org/variable#2	1
http://ex.org/variable#110 http://www.ibm.com/timex#di http://ex.org/variable#3	1
http://ex.org/variable#110 http://www.ibm.com/timex#o http://ex.org/variable#4	1
http://ex.org/variable#110 http://www.ibm.com/timex#di http://ex.org/variable#5	1
http://ex.org/variable#110 http://www.ibm.com/timex#di http://ex.org/variable#6	1
http://ex.org/variable#110 http://www.ibm.com/timex#o http://ex.org/variable#7	1
http://ex.org/variable#110 http://www.ibm.com/timex#oi_di_si http://ex.org/variable#8	1
http://ex.org/variable#110 http://www.ibm.com/timex#o http://ex.org/variable#9	1
http://ex.org/variable#110 http://www.ibm.com/timex#di http://ex.org/variable#10	1
http://ex.org/variable#110 http://www.ibm.com/timex#o_di http://ex.org/variable#11	1
http://ex.org/variable#110 http://www.ibm.com/timex#d http://ex.org/variable#12	1
http://ex.org/variable#110 http://www.ibm.com/timex#di http://ex.org/variable#13	1
http://ex.org/variable#110 http://www.ibm.com/timex#di http://ex.org/variable#14	1
http://ex.org/variable#110 http://www.ibm.com/timex#di http://ex.org/variable#15	1
http://ex.org/variable#110 http://www.ibm.com/timex#di http://ex.org/variable#16	1
http://ex.org/variable#110 http://www.ibm.com/timex#di http://ex.org/variable#17	1
http://ex.org/variable#110 http://www.ibm.com/timex#di http://ex.org/variable#18	1
http://ex.org/variable#110 http://www.ibm.com/timex#di http://ex.org/variable#19	1
http://ex.org/variable#110 http://www.ibm.com/timex#d http://ex.org/variable#20	1
http://ex.org/variable#110 http://www.ibm.com/timex#di http://ex.org/variable#21	1
http://ex.org/variable#110 http://www.ibm.com/timex#o http://ex.org/variable#22	1
http://ex.org/variable#110 http://www.ibm.com/timex#di http://ex.org/variable#23	1
http://ex.org/variable#110 http://www.ibm.com/timex#o_d_s http://ex.org/variable#24	1
http://ex.org/variable#110 http://www.ibm.com/timex#oi http://ex.org/variable#25	1
http://ex.org/variable#110 http://www.ibm.com/timex#di http://ex.org/variable#26	1
http://ex.org/variable#110 http://www.ibm.com/timex#oi http://ex.org/variable#27	1
http://ex.org/variable#110 http://www.ibm.com/timex#di http://ex.org/variable#28	1
http://ex.org/variable#110 http://www.ibm.com/timex#di http://ex.org/variable#29	1
http://ex.org/variable#110 http://www.ibm.com/timex#di http://ex.org/variable#30	1
http://ex.org/variable#110 http://www.ibm.com/timex#oi http://ex.org/variable#31	1
http://ex.org/variable#110 http://www.ibm.com/timex#oi http://ex.org/variable#32	1
http://ex.org/variable#110 http://www.ibm.com/timex#o http://ex.org/variable#33	1
http://ex.org/variable#110 http://www.ibm.com/timex#di http://ex.org/variable#34	1
http://ex.org/variable#110 http://www.ibm.com/timex#di http://ex.org/variable#35	1
http://ex.org/variable#110 http://www.ibm.com/timex#oi http://ex.org/variable#36	1
http://ex.org/variable#110 http://www.ibm.com/timex#di http://ex.org/variable#37	1
http://ex.org/variable#110 http://www.ibm.com/timex#di http://ex.org/variable#38	1
http://ex.org/variable#110 http://www.ibm.com/timex#di http://ex.org/variable#39	1
http://ex.org/variable#110 http://www.ibm.com/timex#oi_di_si http://ex.org/variable#40	1
http://ex.org/variable#110 http://www.ibm.com/timex#di http://ex.org/variable#41	1
http://ex.org/variable#110 http://www.ibm.com/timex#o http://ex.org/variable#42	1
http://ex.org/variable#110 http://www.ibm.com/timex#oi http://ex.org/variable#43	1
http://ex.org/variable#110 http://www.ibm.com/timex#di http://ex.org/variable#44	1
http://ex.org/variable#110 http://www.ibm.com/timex#o http://ex.org/variable#45	1
http://ex.org/variable#110 http://www.ibm.com/timex#oi http://ex.org/variable#46	1
http://ex.org/variable#110 http://www.ibm.com/timex#oi http://ex.org/variable#47	1
http://ex.org/variable#110 http://www.ibm.com/timex#di http://ex.org/variable#48	1
http://ex.org/variable#110 http://www.ibm.com/timex#oi http://ex.org/variable#49	1
http://ex.org/variable#110 http://www.ibm.com/timex#o http://ex.org/variable#50	1
http://ex.org/variable#110 http://www.ibm.com/timex#di http://ex.org/variable#51	1
http://ex.org/variable#110 http://www.ibm.com/timex#oi http://ex.org/variable#52	1
http://ex.org/variable#110 http://www.ibm.com/timex#di http://ex.org/variable#53	1
http://ex.org/variable#110 http://www.ibm.com/timex#di http://ex.org/variable#54	1
http://ex.org/variable#110 http://www.ibm.com/timex#di http://ex.org/variable#55	1
http://ex.org/variable#110 http://www.ibm.com/timex#di http://ex.org/variable#56	1
http://ex.org/variable#110 http://www.ibm.com/timex#oi http://ex.org/variable#57	1
http://ex.org/variable#110 http://www.ibm.com/timex#di http://ex.org/variable#58	1
http://ex.org/variable#110 http://www.ibm.com/timex#o http://ex.org/variable#59	1
http://ex.org/variable#110 http://www.ibm.com/timex#o_s http://ex.org/variable#60	1
http://ex.org/variable#110 http://www.ibm.com/timex#d http://ex.org/variable#61	1
http://ex.org/variable#110 http://www.ibm.com/timex#o http://ex.org/variable#62	1
http://ex.org/variable#110 http://www.ibm.com/timex#oi_si http://ex.org/variable#63	1
http://ex.org/variable#110 http://www.ibm.com/timex#oi_d_f http://ex.org/variable#64	1
http://ex.org/variable#110 http://www.ibm.com/timex#di http://ex.org/variable#65	1
http://ex.org/variable#110 http://www.ibm.com/timex#oi http://ex.org/variable#66	1
http://ex.org/variable#110 http://www.ibm.com/timex#o http://ex.org/variable#67	1
http://ex.org/variable#110 http://www.ibm.com/timex#o_di_fi http://ex.org/variable#68	1
http://ex.org/variable#110 http://www.ibm.com/timex#di http://ex.org/variable#69	1
http://ex.org/variable#110 http://www.ibm.com/timex#o http://ex.org/variable#70	1
http://ex.org/variable#110 http://www.ibm.com/timex#di http://ex.org/variable#71	1
http://ex.org/variable#110 http://www.ibm.com/timex#di http://ex.org/variable#72	1
http://ex.org/variable#110 http://www.ibm.com/timex#di http://ex.org/variable#73	1
http://ex.org/variable#110 http://www.ibm.com/timex#o_di_fi http://ex.org/variable#74	1
http://ex.org/variable#110 http://www.ibm.com/timex#di http://ex.org/variable#75	1
http://ex.org/variable#110 http://www.ibm.com/timex#di http://ex.org/variable#76	1
http://ex.org/variable#110 http://www.ibm.com/timex#o http://ex.org/variable#77	1
http://ex.org/variable#110 http://www.ibm.com/timex#di http://ex.org/variable#78	1
http://ex.org/variable#110 http://www.ibm.com/timex#oi http://ex.org/variable#79	1
http://ex.org/variable#110 http://www.ibm.com/timex#d http://ex.org/variable#80	1
http://ex.org/variable#110 http://www.ibm.com/timex#oi http://ex.org/variable#81	1
http://ex.org/variable#110 http://www.ibm.com/timex#di http://ex.org/variable#82	1
http://ex.org/variable#110 http://www.ibm.com/timex#oi_d http://ex.org/variable#83	1
http://ex.org/variable#110 http://www.ibm.com/timex#di http://ex.org/variable#84	1
http://ex.org/variable#110 http://www.ibm.com/timex#di http://ex.org/variable#85	1
http://ex.org/variable#110 http://www.ibm.com/timex#d http://ex.org/variable#86	1
http://ex.org/variable#110 http://www.ibm.com/timex#o_di_fi http://ex.org/variable#87	1
http://ex.org/variable#110 http://www.ibm.com/timex#di http://ex.org/variable#88	1
http://ex.org/variable#110 http://www.ibm.com/timex#o http://ex.org/variable#89	1
http://ex.org/variable#110 http://www.ibm.com/timex#di http://ex.org/variable#90	1
http://ex.org/variable#110 http://www.ibm.com/timex#o http://ex.org/variable#91	1
http://ex.org/variable#110 http://www.ibm.com/timex#o http://ex.org/variable#92	1
http://ex.org/variable#110 http://www.ibm.com/timex#di http://ex.org/variable#93	1
http://ex.org/variable#110 http://www.ibm.com/timex#di http://ex.org/variable#94	1
http://ex.org/variable#110 http://www.ibm.com/timex#di http://ex.org/variable#95	1
http://ex.org/variable#110 http://www.ibm.com/timex#di http://ex.org/variable#96	1
http://ex.org/variable#110 http://www.ibm.com/timex#di http://ex.org/variable#97	1
http://ex.org/variable#110 http://www.ibm.com/timex#o_di_fi http://ex.org/variable#98	1
http://ex.org/variable#110 http://www.ibm.com/timex#di http://ex.org/variable#99	1
http://ex.org/variable#110 http://www.ibm.com/timex#oi_di_si http://ex.org/variable#100	1
http://ex.org/variable#110 http://www.ibm.com/timex#o_di_fi http://ex.org/variable#101	1
http://ex.org/variable#110 http://www.ibm.com/timex#di http://ex.org/variable#102	1
http://ex.org/variable#110 http://www.ibm.com/timex#di http://ex.org/variable#103	1
http://ex.org/variable#110 http://www.ibm.com/timex#di http://ex.org/variable#104	1
http://ex.org/variable#110 http://www.ibm.com/timex#o_di_fi http://ex.org/variable#105	1
http://ex.org/variable#110 http://www.ibm.com/timex#o_s http://ex.org/variable#106	1
http://ex.org/variable#110 http://www.ibm.com/timex#di http://ex.org/variable#107	1
http://ex.org/variable#110 http://www.ibm.com/timex#di http://ex.org/variable#108	1
http://ex.org/variable#110 http://www.ibm.com/timex#di http://ex.org/variable#109	1
http://ex.org/variable#110 http://www.ibm.com/timex#di http://ex.org/variable#111	1
http://ex.org/variable#110 http://www.ibm.com/timex#oi http://ex.org/variable#112	1
http://ex.org/variable#110 http://www.ibm.com/timex#di http://ex.org/variable#113	1
http://ex.org/variable#110 http://www.ibm.com/timex#di http://ex.org/variable#114	1
http://ex.org/variable#110 http://www.ibm.com/timex#di http://ex.org/variable#115	1
http://ex.org/variable#110 http://www.ibm.com/timex#di http://ex.org/variable#116	1
http://ex.org/variable#110 http://www.ibm.com/timex#di http://ex.org/variable#117	1
http://ex.org/variable#110 http://www.ibm.com/timex#di http://ex.org/variable#118	1
http://ex.org/variable#110 http://www.ibm.com/timex#oi_d http://ex.org/variable#119	1
http://ex.org/variable#110 http://www.ibm.com/timex#di http://ex.org/variable#120	1
http://ex.org/variable#110 http://www.ibm.com/timex#di http://ex.org/variable#121	1
http://ex.org/variable#110 http://www.ibm.com/timex#oi http://ex.org/variable#122	1
http://ex.org/variable#110 http://www.ibm.com/timex#o http://ex.org/variable#123	1
http://ex.org/variable#110 http://www.ibm.com/timex#oi http://ex.org/variable#124	1
http://ex.org/variable#110 http://www.ibm.com/timex#oi http://ex.org/variable#125	1
http://ex.org/variable#110 http://www.ibm.com/timex#di http://ex.org/variable#126	1
http://ex.org/variable#110 http://www.ibm.com/timex#di http://ex.org/variable#127	1
http://ex.org/variable#110 http://www.ibm.com/timex#o http://ex.org/variable#128	1
http://ex.org/variable#110 http://www.ibm.com/timex#oi http://ex.org/variable#129	1
http://ex.org/variable#110 http://www.ibm.com/timex#di http://ex.org/variable#130	1
http://ex.org/variable#110 http://www.ibm.com/timex#o http://ex.org/variable#131	1
http://ex.org/variable#110 http://www.ibm.com/timex#o_di_fi http://ex.org/variable#132	1
http://ex.org/variable#110 http://www.ibm.com/timex#o http://ex.org/variable#133	1
http://ex.org/variable#110 http://www.ibm.com/timex#oi http://ex.org/variable#134	1
http://ex.org/variable#110 http://www.ibm.com/timex#o http://ex.org/variable#135	1
http://ex.org/variable#110 http://www.ibm.com/timex#o http://ex.org/variable#136	1
http://ex.org/variable#110 http://www.ibm.com/timex#di http://ex.org/variable#137	1
http://ex.org/variable#110 http://www.ibm.com/timex#o_di_fi http://ex.org/variable#138	1
http://ex.org/variable#110 http://www.ibm.com/timex#di http://ex.org/variable#139	1
http://ex.org/variable#110 http://www.ibm.com/timex#di http://ex.org/variable#140	1
http://ex.org/variable#110 http://www.ibm.com/timex#d http://ex.org/variable#141	1
http://ex.org/variable#110 http://www.ibm.com/timex#di http://ex.org/variable#142	1
http://ex.org/variable#110 http://www.ibm.com/timex#o_di_fi http://ex.org/variable#143	1
http://ex.org/variable#110 http://www.ibm.com/timex#o http://ex.org/variable#144	1
http://ex.org/variable#110 http://www.ibm.com/timex#di http://ex.org/variable#145	1
http://ex.org/variable#110 http://www.ibm.com/timex#o http://ex.org/variable#146	1
http://ex.org/variable#110 http://www.ibm.com/timex#di http://ex.org/variable#147	1
http://ex.org/variable#110 http://www.ibm.com/timex#di http://ex.org/variable#148	1
http://ex.org/variable#110 http://www.ibm.com/timex#oi http://ex.org/variable#149	1
http://ex.org/variable#110 http://www.ibm.com/timex#o http://ex.org/variable#150	1
http://ex.org/variable#110 http://www.ibm.com/timex#o http://ex.org/variable#151	1
http://ex.org/variable#110 http://www.ibm.com/timex#di http://ex.org/variable#152	1
http://ex.org/variable#110 http://www.ibm.com/timex#o http://ex.org/variable#153	1
http://ex.org/variable#110 http://www.ibm.com/timex#di http://ex.org/variable#154	1
http://ex.org/variable#110 http://www.ibm.com/timex#oi http://ex.org/variable#155	1
http://ex.org/variable#110 http://www.ibm.com/timex#di http://ex.org/variable#156	1
http://ex.org/variable#110 http://www.ibm.com/timex#di http://ex.org/variable#157	1
http://ex.org/variable#110 http://www.ibm.com/timex#di http://ex.org/variable#158	1
http://ex.org/variable#110 http://www.ibm.com/timex#o http://ex.org/variable#159	1
http://ex.org/variable#110 http://www.ibm.com/timex#di http://ex.org/variable#160	1
http://ex.org/variable#110 http://www.ibm.com/timex#di http://ex.org/variable#161	1
http://ex.org/variable#110 http://www.ibm.com/timex#di http://ex.org/variable#162	1
http://ex.org/variable#110 http://www.ibm.com/timex#di http://ex.org/variable#163	1
http://ex.org/variable#110 http://www.ibm.com/timex#o_di http://ex.org/variable#164	1
http://ex.org/variable#110 http://www.ibm.com/timex#di http://ex.org/variable#165	1
http://ex.org/variable#110 http://www.ibm.com/timex#oi http://ex.org/variable#166	1
http://ex.org/variable#110 http://www.ibm.com/timex#di http://ex.org/variable#167	1
http://ex.org/variable#110 http://www.ibm.com/timex#o_di_fi http://ex.org/variable#168	1
http://ex.org/variable#110 http://www.ibm.com/timex#oi_f http://ex.org/variable#169	1
http://ex.org/variable#110 http://www.ibm.com/timex#o_di_fi http://ex.org/variable#170	1
http://ex.org/variable#110 http://www.ibm.com/timex#oi http://ex.org/variable#171	1
http://ex.org/variable#110 http://www.ibm.com/timex#oi http://ex.org/variable#172	1
http://ex.org/variable#110 http://www.ibm.com/timex#di http://ex.org/variable#173	1
http://ex.org/variable#110 http://www.ibm.com/timex#di http://ex.org/variable#174	1
http://ex.org/variable#110 http://www.ibm.com/timex#di http://ex.org/variable#175	1
http://ex.org/variable#110 http://www.ibm.com/timex#o http://ex.org/variable#176	1
http://ex.org/variable#110 http://www.ibm.com/timex#di http://ex.org/variable#177	1
http://ex.org/variable#110 http://www.ibm.com/timex#o http://ex.org/variable#178	1
http://ex.org/variable#110 http://www.ibm.com/timex#o_di http://ex.org/variable#179	1
http://ex.org/variable#110 http://www.ibm.com/timex#di http://ex.org/variable#180	1
http://ex.org/variable#110 http://www.ibm.com/timex#oi_si http://ex.org/variable#181	1
http://ex.org/variable#110 http://www.ibm.com/timex#di http://ex.org/variable#182	1
http://ex.org/variable#110 http://www.ibm.com/timex#o_di http://ex.org/variable#183	1
http://ex.org/variable#110 http://www.ibm.com/timex#di http://ex.org/variable#184	1
http://ex.org/variable#110 http://www.ibm.com/timex#di http://ex.org/variable#185	1
http://ex.org/variable#110 http://www.ibm.com/timex#di http://ex.org/variable#186	1
http://ex.org/variable#110 http://www.ibm.com/timex#oi http://ex.org/variable#187	1
http://ex.org/variable#110 http://www.ibm.com/timex#di http://ex.org/variable#188	1
http://ex.org/variable#110 http://www.ibm.com/timex#di http://ex.org/variable#189	1
http://ex.org/variable#111 http://www.ibm.com/timex#o http://ex.org/variable#0	1
http://ex.org/variable#111 http://www.ibm.com/timex#b http://ex.org/variable#1	1
http://ex.org/variable#111 http://www.ibm.com/timex#d http://ex.org/variable#2	1
http://ex.org/variable#111 http://www.ibm.com/timex#o http://ex.org/variable#3	1
http://ex.org/variable#111 http://www.ibm.com/timex#o http://ex.org/variable#4	1
http://ex.org/variable#111 http://www.ibm.com/timex#oi http://ex.org/variable#5	1
http://ex.org/variable#111 http://www.ibm.com/timex#o http://ex.org/variable#6	1
http://ex.org/variable#111 http://www.ibm.com/timex#o http://ex.org/variable#7	1
http://ex.org/variable#111 http://www.ibm.com/timex#bi_mi_oi http://ex.org/variable#8	1
http://ex.org/variable#111 http://www.ibm.com/timex#o http://ex.org/variable#9	1
http://ex.org/variable#111 http://www.ibm.com/timex#o http://ex.org/variable#10	1
http://ex.org/variable#111 http://www.ibm.com/timex#d http://ex.org/variable#11	1
http://ex.org/variable#111 http://www.ibm.com/timex#d http://ex.org/variable#12	1
http://ex.org/variable#111 http://www.ibm.com/timex#oi http://ex.org/variable#13	1
http://ex.org/variable#111 http://www.ibm.com/timex#di http://ex.org/variable#14	1
http://ex.org/variable#111 http://www.ibm.com/timex#d http://ex.org/variable#15	1
http://ex.org/variable#111 http://www.ibm.com/timex#d http://ex.org/variable#16	1
http://ex.org/variable#111 http://www.ibm.com/timex#b http://ex.org/variable#17	1
http://ex.org/variable#111 http://www.ibm.com/timex#d http://ex.org/variable#18	1
http://ex.org/variable#111 http://www.ibm.com/timex#oi http://ex.org/variable#19	1
http://ex.org/variable#111 http://www.ibm.com/timex#d http://ex.org/variable#20	1
http://ex.org/variable#111 http://www.ibm.com/timex#b http://ex.org/variable#21	1
http://ex.org/variable#111 http://www.ibm.com/timex#d http://ex.org/variable#22	1
http://ex.org/variable#111 http://www.ibm.com/timex#oi http://ex.org/variable#23	1
http://ex.org/variable#111 http://www.ibm.com/timex#d http://ex.org/variable#24	1
http://ex.org/variable#111 http://www.ibm.com/timex#bi http://ex.org/variable#25	1
http://ex.org/variable#111 http://www.ibm.com/timex#b http://ex.org/variable#26	1
http://ex.org/variable#111 http://www.ibm.com/timex#oi http://ex.org/variable#27	1
http://ex.org/variable#111 http://www.ibm.com/timex#o http://ex.org/variable#28	1
http://ex.org/variable#111 http://www.ibm.com/timex#o http://ex.org/variable#29	1
http://ex.org/variable#111 http://www.ibm.com/timex#di http://ex.org/variable#30	1
http://ex.org/variable#111 http://www.ibm.com/timex#oi http://ex.org/variable#31	1
http://ex.org/variable#111 http://www.ibm.com/timex#oi http://ex.org/variable#32	1
http://ex.org/variable#111 http://www.ibm.com/timex#b http://ex.org/variable#33	1
http://ex.org/variable#111 http://www.ibm.com/timex#d http://ex.org/variable#34	1
http://ex.org/variable#111 http://www.ibm.com/timex#di http://ex.org/variable#35	1
http://ex.org/variable#111 http://www.ibm.com/timex#oi http://ex.org/variable#36	1
http://ex.org/variable#111 http://www.ibm.com/timex#oi http://ex.org/variable#37	1
http://ex.org/variable#111 http://www.ibm.com/timex#d http://ex.org/variable#38	1
http://ex.org/variable#111 http://www.ibm.com/timex#b http://ex.org/variable#39	1
http://ex.org/variable#111 http://www.ibm.com/timex#d http://ex.org/variable#40	1
http://ex.org/variable#111 http://www.ibm.com/timex#d http://ex.org/variable#41	1
http://ex.org/variable#111 http://www.ibm.com/timex#o http://ex.org/variable#42	1
http://ex.org/variable#111 http://www.ibm.com/timex#d http://ex.org/variable#43	1
http://ex.org/variable#111 http://www.ibm.com/timex#d http://ex.org/variable#44	1
http://ex.org/variable#111 http://www.ibm.com/timex#o http://ex.org/variable#45	1
http://ex.org/variable#111 http://www.ibm.com/timex#oi http://ex.org/variable#46	1
http://ex.org/variable#111 http://www.ibm.com/timex#d http://ex.org/variable#47	1
http://ex.org/variable#111 http://www.ibm.com/timex#b http://ex.org/variable#48	1
http://ex.org/variable#111 http://www.ibm.com/timex#oi http://ex.org/variable#49	1
http://ex.org/variable#111 http://www.ibm.com/timex#o http://ex.org/variable#50	1
http://ex.org/variable#111 http://www.ibm.com/timex#b http://ex.org/variable#51	1
http://ex.org/variable#111 http://www.ibm.com/timex#d http://ex.org/variable#52	1
http://ex.org/variable#111 http://www.ibm.com/timex#d http://ex.org/variable#53	1
http://ex.org/variable#111 http://www.ibm.com/timex#d http://ex.org/variable#54	1
http://ex.org/variable#111 http://www.ibm.com/timex#o http://ex.org/variable#55	1
http://ex.org/variable#111 http://www.ibm.com/timex#di_si http://ex.org/variable#56	1
http://ex.org/variable#111 http://www.ibm.com/timex#oi http://ex.org/variable#57	1
http://ex.org/variable#111 http://www.ibm.com/timex#d http://ex.org/variable#58	1
http://ex.org/variable#111 http://www.ibm.com/timex#d http://ex.org/variable#59	1
http://ex.org/variable#111 http://www.ibm.com/timex#d http://ex.org/variable#60	1
http://ex.org/variable#111 http://www.ibm.com/timex#d http://ex.org/variable#61	1
http://ex.org/variable#111 http://www.ibm.com/timex#o http://ex.org/variable#62	1
http://ex.org/variable#111 http://www.ibm.com/timex#d http://ex.org/variable#63	1
http://ex.org/variable#111 http://www.ibm.com/timex#d http://ex.org/variable#64	1
http://ex.org/variable#111 http://www.ibm.com/timex#bi http://ex.org/variable#65	1
http://ex.org/variable#111 http://www.ibm.com/timex#oi http://ex.org/variable#66	1
http://ex.org/variable#111 http://www.ibm.com/timex#d http://ex.org/variable#67	1
http://ex.org/variable#111 http://www.ibm.com/timex#o http://ex.org/variable#68	1
http://ex.org/variable#111 http://www.ibm.com/timex#di http://ex.org/variable#69	1
http://ex.org/variable#111 http://www.ibm.com/timex#d http://ex.org/variable#70	1
http://ex.org/variable#111 http://www.ibm.com/timex#oi http://ex.org/variable#71	1
http://ex.org/variable#111 http://www.ibm.com/timex#o http://ex.org/variable#72	1
http://ex.org/variable#111 http://www.ibm.com/timex#d http://ex.org/variable#73	1
http://ex.org/variable#111 http://www.ibm.com/timex#d http://ex.org/variable#74	1
http://ex.org/variable#111 http://www.ibm.com/timex#d http://ex.org/variable#75	1
http://ex.org/variable#111 http://www.ibm.com/timex#d http://ex.org/variable#76	1
http://ex.org/variable#111 http://www.ibm.com/timex#d http://ex.org/variable#77	1
http://ex.org/variable#111 http://www.ibm.com/timex#o http://ex.org/variable#78	1
http://ex.org/variable#111 http://www.ibm.com/timex#oi http://ex.org/variable#79	1
http://ex.org/variable#111 http://www.ibm.com/timex#d http://ex.org/variable#80	1
http://ex.org/variable#111 http://www.ibm.com/timex#oi http://ex.org/variable#81	1
http://ex.org/variable#111 http://www.ibm.com/timex#oi http://ex.org/variable#82	1
http://ex.org/variable#111 http://www.ibm.com/timex#d http://ex.org/variable#83	1
http://ex.org/variable#111 http://www.ibm.com/timex#o http://ex.org/variable#84	1
http://ex.org/variable#111 http://www.ibm.com/timex#b http://ex.org/variable#85	1
http://ex.org/variable#111 http://www.ibm.com/timex#d http://ex.org/variable#86	1
http://ex.org/variable#111 http://www.ibm.com/timex#o http://ex.org/variable#87	1
http://ex.org/variable#111 http://www.ibm.com/timex#b http://ex.org/variable#88	1
http://ex.org/variable#111 http://www.ibm.com/timex#o http://ex.org/variable#89	1
http://ex.org/variable#111 http://www.ibm.com/timex#o http://ex.org/variable#90	1
http://ex.org/variable#111 http://www.ibm.com/timex#d http://ex.org/variable#91	1
http://ex.org/variable#111 http://www.ibm.com/timex#o http://ex.org/variable#92	1
http://ex.org/variable#111 http://www.ibm.com/timex#d http://ex.org/variable#93	1
http://ex.org/variable#111 http://www.ibm.com/timex#oi http://ex.org/variable#94	1
http://ex.org/variable#111 http://www.ibm.com/timex#di http://ex.org/variable#95	1
http://ex.org/variable#111 http://www.ibm.com/timex#bi http://ex.org/variable#96	1
http://ex.org/variable#111 http://www.ibm.com/timex#o http://ex.org/variable#97	1
http://ex.org/variable#111 http://www.ibm.com/timex#b http://ex.org/variable#98	1
http://ex.org/variable#111 http://www.ibm.com/timex#b http://ex.org/variable#99	1
http://ex.org/variable#111 http://www.ibm.com/timex#oi http://ex.org/variable#100	1
http://ex.org/variable#111 http://www.ibm.com/timex#o http://ex.org/variable#101	1
http://ex.org/variable#111 http://www.ibm.com/timex#o http://ex.org/variable#102	1
http://ex.org/variable#111 http://www.ibm.com/timex#d http://ex.org/variable#103	1
http://ex.org/variable#111 http://www.ibm.com/timex#b http://ex.org/variable#104	1
http://ex.org/variable#111 http://www.ibm.com/timex#d http://ex.org/variable#105	1
http://ex.org/variable#111 http://www.ibm.com/timex#d http://ex.org/variable#106	1
http://ex.org/variable#111 http://www.ibm.com/timex#o http://ex.org/variable#107	1
http://ex.org/variable#111 http://www.ibm.com/timex#di http://ex.org/variable#108	1
http://ex.org/variable#111 http://www.ibm.com/timex#o_di_fi http://ex.org/variable#109	1
http://ex.org/variable#111 http://www.ibm.com/timex#d http://ex.org/variable#110	1
http://ex.org/variable#111 http://www.ibm.com/timex#d http://ex.org/variable#112	1
http://ex.org/variable#111 http://www.ibm.com/timex#di http://ex.org/variable#113	1
http://ex.org/variable#111 http://www.ibm.com/timex#d http://ex.org/variable#114	1
http://ex.org/variable#111 http://www.ibm.com/timex#b http://ex.org/variable#115	1
http://ex.org/variable#111 http://www.ibm.com/timex#di http://ex.org/variable#116	1
http://ex.org/variable#111 http://www.ibm.com/timex#oi http://ex.org/variable#117	1
http://ex.org/variable#111 http://www.ibm.com/timex#oi http://ex.org/variable#118	1
http://ex.org/variable#111 http://www.ibm.com/timex#d http://ex.org/variable#119	1
http://ex.org/variable#111 http://www.ibm.com/timex#oi http://ex.org/variable#120	1
http://ex.org/variable#111 http://www.ibm.com/timex#b http://ex.org/variable#121	1
http://ex.org/variable#111 http://www.ibm.com/timex#d http://ex.org/variable#122	1
http://ex.org/variable#111 http://www.ibm.com/timex#o http://ex.org/variable#123	1
http://ex.org/variable#111 http://www.ibm.com/timex#oi http://ex.org/variable#124	1
http://ex.org/variable#111 http://www.ibm.com/timex#oi http://ex.org/variable#125	1
http://ex.org/variable#111 http://www.ibm.com/timex#o http://ex.org/variable#126	1
http://ex.org/variable#111 http://www.ibm.com/timex#b http://ex.org/variable#127	1
http://ex.org/variable#111 http://www.ibm.com/timex#o http://ex.org/variable#128	1
http://ex.org/variable#111 http://www.ibm.com/timex#oi http://ex.org/variable#129	1
http://ex.org/variable#111 http://www.ibm.com/timex#di_si http://ex.org/variable#130	1
http://ex.org/variable#111 http://www.ibm.com/timex#b http://ex.org/variable#131	1
http://ex.org/variable#111 http://www.ibm.com/timex#d http://ex.org/variable#132	1
http://ex.org/variable#111 http://www.ibm.com/timex#o http://ex.org/variable#133	1
http://ex.org/variable#111 http://www.ibm.com/timex#oi http://ex.org/variable#134	1
http://ex.org/variable#111 http://www.ibm.com/timex#d http://ex.org/variable#135	1
http://ex.org/variable#111 http://www.ibm.com/timex#d http://ex.org/variable#136	1
http://ex.org/variable#111 http://www.ibm.com/timex#di http://ex.org/variable#137	1
http://ex.org/variable#111 http://www.ibm.com/timex#b http://ex.org/variable#138	1
http://ex.org/variable#111 http://www.ibm.com/timex#di http://ex.org/variable#139	1
http://ex.org/variable#111 http://www.ibm.com/timex#di http://ex.org/variable#140	1
http://ex.org/variable#111 http://www.ibm.com/timex#d http://ex.org/variable#141	1
http://ex.org/variable#111 http://www.ibm.com/timex#oi http://ex.org/variable#142	1
http://ex.org/variable#111 http://www.ibm.com/timex#d http://ex.org/variable#143	1
http://ex.org/variable#111 http://www.ibm.com/timex#o http://ex.org/variable#144	1
http://ex.org/variable#111 http://www.ibm.com/timex#b http://ex.org/variable#145	1
http://ex.org/variable#111 http://www.ibm.com/timex#o http://ex.org/variable#146	1
http://ex.org/variable#111 http://www.ibm.com/timex#d http://ex.org/variable#147	1
http://ex.org/variable#111 http://www.ibm.com/timex#o http://ex.org/variable#148	1
http://ex.org/variable#111 http://www.ibm.com/timex#oi http://ex.org/variable#149	1
http://ex.org/variable#111 http://www.ibm.com/timex#b http://ex.org/variable#150	1
http://ex.org/variable#111 http://www.ibm.com/timex#o http://ex.org/variable#151	1
http://ex.org/variable#111 http://www.ibm.com/timex#bi http://ex.org/variable#152	1
http://ex.org/variable#111 http://www.ibm.com/timex#d http://ex.org/variable#153	1
http://ex.org/variable#111 http://www.ibm.com/timex#di http://ex.org/variable#154	1
http://ex.org/variable#111 http://www.ibm.com/timex#d http://ex.org/variable#155	1
http://ex.org/variable#111 http://www.ibm.com/timex#d http://ex.org/variable#156	1
http://ex.org/variable#111 http://www.ibm.com/timex#bi http://ex.org/variable#157	1
http://ex.org/variable#111 http://www.ibm.com/timex#oi http://ex.org/variable#158	1
http://ex.org/variable#111 http://www.ibm.com/timex#o http://ex.org/variable#159	1
http://ex.org/variable#111 http://www.ibm.com/timex#o http://ex.org/variable#160	1
http://ex.org/variable#111 http://www.ibm.com/timex#di http://ex.org/variable#161	1
http://ex.org/variable#111 http://www.ibm.com/timex#oi http://ex.org/variable#162	1
http://ex.org/variable#111 http://www.ibm.com/timex#o http://ex.org/variable#163	1
http://ex.org/variable#111 http://www.ibm.com/timex#o http://ex.org/variable#164	1
http://ex.org/variable#111 http://www.ibm.com/timex#di http://ex.org/variable#165	1
http://ex.org/variable#111 http://www.ibm.com/timex#oi http://ex.org/variable#166	1
http://ex.org/variable#111 http://www.ibm.com/timex#d http://ex.org/variable#167	1
http://ex.org/variable#111 http://www.ibm.com/timex#o http://ex.org/variable#168	1
http://ex.org/variable#111 http://www.ibm.com/timex#d http://ex.org/variable#169	1
http://ex.org/variable#111 http://www.ibm.com/timex#b http://ex.org/variable#170	1
http://ex.org/variable#111 http://www.ibm.com/timex#oi http://ex.org/variable#171	1
http://ex.org/variable#111 http://www.ibm.com/timex#bi http://ex.org/variable#172	1
http://ex.org/variable#111 http://www.ibm.com/timex#b http://ex.org/variable#173	1
http://ex.org/variable#111 http://www.ibm.com/timex#o http://ex.org/variable#174	1
http://ex.org/variable#111 http://www.ibm.com/timex#d http://ex.org/variable#175	1
http://ex.org/variable#111 http://www.ibm.com/timex#o http://ex.org/variable#176	1
http://ex.org/variable#111 http://www.ibm.com/timex#o http://ex.org/variable#177	1
http://ex.org/variable#111 http://www.ibm.com/timex#o http://ex.org/variable#178	1
http://ex.org/variable#111 http://www.ibm.com/timex#o http://ex.org/variable#179	1
http://ex.org/variable#111 http://www.ibm.com/timex#bi http://ex.org/variable#180	1
http://ex.org/variable#111 http://www.ibm.com/timex#oi http://ex.org/variable#181	1
http://ex.org/variable#111 http://www.ibm.com/timex#di http://ex.org/variable#182	1
http://ex.org/variable#111 http://www.ibm.com/timex#o http://ex.org/variable#183	1
http://ex.org/variable#111 http://www.ibm.com/timex#oi http://ex.org/variable#184	1
http://ex.org/variable#111 http://www.ibm.com/timex#o http://ex.org/variable#185	1
http://ex.org/variable#111 http://www.ibm.com/timex#o http://ex.org/variable#186	1
http://ex.org/variable#111 http://www.ibm.com/timex#d http://ex.org/variable#187	1
http://ex.org/variable#111 http://www.ibm.com/timex#o http://ex.org/variable#188	1
http://ex.org/variable#111 http://www.ibm.com/timex#di http://ex.org/variable#189	1
http://ex.org/variable#112 http://www.ibm.com/timex#o http://ex.org/variable#0	1
http://ex.org/variable#112 http://www.ibm.com/timex#b_m_o http://ex.org/variable#1	1
http://ex.org/variable#112 http://www.ibm.com/timex#o http://ex.org/variable#2	1
http://ex.org/variable#112 http://www.ibm.com/timex#o_di_fi http://ex.org/variable#3	1
http://ex.org/variable#112 http://www.ibm.com/timex#o http://ex.org/variable#4	1
http://ex.org/variable#112 http://www.ibm.com/timex#di http://ex.org/variable#5	1
http://ex.org/variable#112 http://www.ibm.com/timex#o http://ex.org/variable#6	1
http://ex.org/variable#112 http://www.ibm.com/timex#o http://ex.org/variable#7	1
http://ex.org/variable#112 http://www.ibm.com/timex#di http://ex.org/variable#8	1
http://ex.org/variable#112 http://www.ibm.com/timex#o http://ex.org/variable#9	1
http://ex.org/variable#112 http://www.ibm.com/timex#o http://ex.org/variable#10	1
http://ex.org/variable#112 http://www.ibm.com/timex#o http://ex.org/variable#11	1
http://ex.org/variable#112 http://www.ibm.com/timex#d http://ex.org/variable#12	1
http://ex.org/variable#112 http://www.ibm.com/timex#di http://ex.org/variable#13	1
http://ex.org/variable#112 http://www.ibm.com/timex#di http://ex.org/variable#14	1
http://ex.org/variable#112 http://www.ibm.com/timex#di_fi http://ex.org/variable#15	1
http://ex.org/variable#112 http://www.ibm.com/timex#di http://ex.org/variable#16	1
http://ex.org/variable#112 http://www.ibm.com/timex#b_m_o_di_fi http://ex.org/variable#17	1
http://ex.org/variable#112 http://www.ibm.com/timex#o http://ex.org/variable#18	1
http://ex.org/variable#112 http://www.ibm.com/timex#di http://ex.org/variable#19	1
http://ex.org/variable#112 http://www.ibm.com/timex#d http://ex.org/variable#20	1
http://ex.org/variable#112 http://www.ibm.com/timex#o http://ex.org/variable#21	1
http://ex.org/variable#112 http://www.ibm.com/timex#o http://ex.org/variable#22	1
http://ex.org/variable#112 http://www.ibm.com/timex#di http://ex.org/variable#23	1
http://ex.org/variable#112 http://www.ibm.com/timex#o http://ex.org/variable#24	1
http://ex.org/variable#112 http://www.ibm.com/timex#di http://ex.org/variable#25	1
http://ex.org/variable#112 http://www.ibm.com/timex#o http://ex.org/variable#26	1
http://ex.org/variable#112 http://www.ibm.com/timex#oi http://ex.org/variable#27	1
http://ex.org/variable#112 http://www.ibm.com/timex#o http://ex.org/variable#28	1
http://ex.org/variable#112 http://www.ibm.com/timex#o http://ex.org/variable#29	1
http://ex.org/variable#112 http://www.ibm.com/timex#di http://ex.org/variable#30	1
http://ex.org/variable#112 http://www.ibm.com/timex#oi http://ex.org/variable#31	1
http://ex.org/variable#112 http://www.ibm.com/timex#di http://ex.org/variable#32	1
http://ex.org/variable#112 http://www.ibm.com/timex#o http://ex.org/variable#33	1
http://ex.org/variable#112 http://www.ibm.com/timex#o_fi http://ex.org/variable#34	1
http://ex.org/variable#112 http://www.ibm.com/timex#di http://ex.org/variable#35	1
http://ex.org/variable#112 http://www.ibm.com/timex#di http://ex.org/variable#36	1
http://ex.org/variable#112 http://www.ibm.com/timex#di http://ex.org/variable#37	1
http://ex.org/variable#112 http://www.ibm.com/timex#o_di http://ex.org/variable#38	1
http://ex.org/variable#112 http://www.ibm.com/timex#o_di_fi http://ex.org/variable#39	1
http://ex.org/variable#112 http://www.ibm.com/timex#di http://ex.org/variable#40	1
http://ex.org/variable#112 http://www.ibm.com/timex#o http://ex.org/variable#41	1
http://ex.org/variable#112 http://www.ibm.com/timex#o http://ex.org/variable#42	1
http://ex.org/variable#112 http://www.ibm.com/timex#eq_s http://ex.org/variable#43	1
http://ex.org/variable#112 http://www.ibm.com/timex#o http://ex.org/variable#44	1
http://ex.org/variable#112 http://www.ibm.com/timex#o http://ex.org/variable#45	1
http://ex.org/variable#112 http://www.ibm.com/timex#oi http://ex.org/variable#46	1
http://ex.org/variable#112 http://www.ibm.com/timex#oi_f http://ex.org/variable#47	1
http://ex.org/variable#112 http://www.ibm.com/timex#m_o_di_fi http://ex.org/variable#48	1
http://ex.org/variable#112 http://www.ibm.com/timex#oi http://ex.org/variable#49	1
http://ex.org/variable#112 http://www.ibm.com/timex#o http://ex.org/variable#50	1
http://ex.org/variable#112 http://www.ibm.com/timex#o http://ex.org/variable#51	1
http://ex.org/variable#112 http://www.ibm.com/timex#d http://ex.org/variable#52	1
http://ex.org/variable#112 http://www.ibm.com/timex#o http://ex.org/variable#53	1
http://ex.org/variable#112 http://www.ibm.com/timex#o http://ex.org/variable#54	1
http://ex.org/variable#112 http://www.ibm.com/timex#o_di_fi http://ex.org/variable#55	1
http://ex.org/variable#112 http://www.ibm.com/timex#di http://ex.org/variable#56	1
http://ex.org/variable#112 http://www.ibm.com/timex#oi http://ex.org/variable#57	1
http://ex.org/variable#112 http://www.ibm.com/timex#o_di_fi http://ex.org/variable#58	1
http://ex.org/variable#112 http://www.ibm.com/timex#o http://ex.org/variable#59	1
http://ex.org/variable#112 http://www.ibm.com/timex#o http://ex.org/variable#60	1
http://ex.org/variable#112 http://www.ibm.com/timex#o http://ex.org/variable#61	1
http://ex.org/variable#112 http://www.ibm.com/timex#o http://ex.org/variable#62	1
http://ex.org/variable#112 http://www.ibm.com/timex#o http://ex.org/variable#63	1
http://ex.org/variable#112 http://www.ibm.com/timex#o http://ex.org/variable#64	1
http://ex.org/variable#112 http://www.ibm.com/timex#di http://ex.org/variable#65	1
http://ex.org/variable#112 http://www.ibm.com/timex#oi http://ex.org/variable#66	1
http://ex.org/variable#112 http://www.ibm.com/timex#o http://ex.org/variable#67	1
http://ex.org/variable#112 http://www.ibm.com/timex#o http://ex.org/variable#68	1
http://ex.org/variable#112 http://www.ibm.com/timex#di http://ex.org/variable#69	1
http://ex.org/variable#112 http://www.ibm.com/timex#o http://ex.org/variable#70	1
http://ex.org/variable#112 http://www.ibm.com/timex#di http://ex.org/variable#71	1
http://ex.org/variable#112 http://www.ibm.com/timex#o http://ex.org/variable#72	1
http://ex.org/variable#112 http://www.ibm.com/timex#o_di_fi http://ex.org/variable#73	1
http://ex.org/variable#112 http://www.ibm.com/timex#o http://ex.org/variable#74	1
http://ex.org/variable#112 http://www.ibm.com/timex#o_di http://ex.org/variable#75	1
http://ex.org/variable#112 http://www.ibm.com/timex#o http://ex.org/variable#76	1
http://ex.org/variable#112 http://www.ibm.com/timex#o http://ex.org/variable#77	1
http://ex.org/variable#112 http://www.ibm.com/timex#di_fi http://ex.org/variable#78	1
http://ex.org/variable#112 http://www.ibm.com/timex#oi http://ex.org/variable#79	1
http://ex.org/variable#112 http://www.ibm.com/timex#d http://ex.org/variable#80	1
http://ex.org/variable#112 http://www.ibm.com/timex#oi http://ex.org/variable#81	1
http://ex.org/variable#112 http://www.ibm.com/timex#di http://ex.org/variable#82	1
http://ex.org/variable#112 http://www.ibm.com/timex#d http://ex.org/variable#83	1
http://ex.org/variable#112 http://www.ibm.com/timex#o http://ex.org/variable#84	1
http://ex.org/variable#112 http://www.ibm.com/timex#o http://ex.org/variable#85	1
http://ex.org/variable#112 http://www.ibm.com/timex#d http://ex.org/variable#86	1
http://ex.org/variable#112 http://www.ibm.com/timex#o http://ex.org/variable#87	1
http://ex.org/variable#112 http://www.ibm.com/timex#b http://ex.org/variable#88	1
http://ex.org/variable#112 http://www.ibm.com/timex#o http://ex.org/variable#89	1
http://ex.org/variable#112 http://www.ibm.com/timex#di_fi http://ex.org/variable#90	1
http://ex.org/variable#112 http://www.ibm.com/timex#o http://ex.org/variable#91	1
http://ex.org/variable#112 http://www.ibm.com/timex#o http://ex.org/variable#92	1
http://ex.org/variable#112 http://www.ibm.com/timex#o http://ex.org/variable#93	1
http://ex.org/variable#112 http://www.ibm.com/timex#di http://ex.org/variable#94	1
http://ex.org/variable#112 http://www.ibm.com/timex#di http://ex.org/variable#95	1
http://ex.org/variable#112 http://www.ibm.com/timex#di http://ex.org/variable#96	1
http://ex.org/variable#112 http://www.ibm.com/timex#o http://ex.org/variable#97	1
http://ex.org/variable#112 http://www.ibm.com/timex#b_m_o http://ex.org/variable#98	1
http://ex.org/variable#112 http://www.ibm.com/timex#o http://ex.org/variable#99	1
http://ex.org/variable#112 http://www.ibm.com/timex#di http://ex.org/variable#100	1
http://ex.org/variable#112 http://www.ibm.com/timex#o http://ex.org/variable#101	1
http://ex.org/variable#112 http://www.ibm.com/timex#di http://ex.org/variable#102	1
http://ex.org/variable#112 http://www.ibm.com/timex#o_di_fi http://ex.org/variable#103	1
http://ex.org/variable#112 http://www.ibm.com/timex#b http://ex.org/variable#104	1
http://ex.org/variable#112 http://www.ibm.com/timex#o http://ex.org/variable#105	1
http://ex.org/variable#112 http://www.ibm.com/timex#o http://ex.org/variable#106	1
http://ex.org/variable#112 http://www.ibm.com/timex#o http://ex.org/variable#107	1
http://ex.org/variable#112 http://www.ibm.com/timex#di http://ex.org/variable#108	1
http://ex.org/variable#112 http://www.ibm.com/timex#di http://ex.org/variable#109	1
http://ex.org/variable#112 http://www.ibm.com/timex#o http://ex.org/variable#110	1
http://ex.org/variable#112 http://www.ibm.com/timex#di http://ex.org/variable#111	1
http://ex.org/variable#112 http://www.ibm.com/timex#di http://ex.org/variable#113	1
http://ex.org/variable#112 http://www.ibm.com/timex#o http://ex.org/variable#114	1
http://ex.org/variable#112 http://www.ibm.com/timex#b http://ex.org/variable#115	1
http://ex.org/variable#112 http://www.ibm.com/timex#di http://ex.org/variable#116	1
http://ex.org/variable#112 http://www.ibm.com/timex#di http://ex.org/variable#117	1
http://ex.org/variable#112 http://www.ibm.com/timex#di http://ex.org/variable#118	1
http://ex.org/variable#112 http://www.ibm.com/timex#d http://ex.org/variable#119	1
http://ex.org/variable#112 http://www.ibm.com/timex#di http://ex.org/variable#120	1
http://ex.org/variable#112 http://www.ibm.com/timex#b http://ex.org/variable#121	1
http://ex.org/variable#112 http://www.ibm.com/timex#o http://ex.org/variable#122	1
http://ex.org/variable#112 http://www.ibm.com/timex#o http://ex.org/variable#123	1
http://ex.org/variable#112 http://www.ibm.com/timex#oi http://ex.org/variable#124	1
http://ex.org/variable#112 http://www.ibm.com/timex#oi http://ex.org/variable#125	1
http://ex.org/variable#112 http://www.ibm.com/timex#o http://ex.org/variable#126	1
http://ex.org/variable#112 http://www.ibm.com/timex#o http://ex.org/variable#127	1
http://ex.org/variable#112 http://www.ibm.com/timex#o http://ex.org/variable#128	1
http://ex.org/variable#112 http://www.ibm.com/timex#oi http://ex.org/variable#129	1
http://ex.org/variable#112 http://www.ibm.com/timex#di http://ex.org/variable#130	1
http://ex.org/variable#112 http://www.ibm.com/timex#b http://ex.org/variable#131	1
http://ex.org/variable#112 http://www.ibm.com/timex#o http://ex.org/variable#132	1
http://ex.org/variable#112 http://www.ibm.com/timex#o http://ex.org/variable#133	1
http://ex.org/variable#112 http://www.ibm.com/timex#oi http://ex.org/variable#134	1
http://ex.org/variable#112 http://www.ibm.com/timex#o http://ex.org/variable#135	1
http://ex.org/variable#112 http://www.ibm.com/timex#o http://ex.org/variable#136	1
http://ex.org/variable#112 http://www.ibm.com/timex#di http://ex.org/variable#137	1
http://ex.org/variable#112 http://www.ibm.com/timex#o http://ex.org/variable#138	1
http://ex.org/variable#112 http://www.ibm.com/timex#di http://ex.org/variable#139	1
http://ex.org/variable#112 http://www.ibm.com/timex#di http://ex.org/variable#140	1
http://ex.org/variable#112 http://www.ibm.com/timex#d http://ex.org/variable#141	1
http://ex.org/variable#112 http://www.ibm.com/timex#di http://ex.org/variable#142	1
http://ex.org/variable#112 http://www.ibm.com/timex#o http://ex.org/variable#143	1
http://ex.org/variable#112 http://www.ibm.com/timex#o http://ex.org/variable#144	1
http://ex.org/variable#112 http://www.ibm.com/timex#o http://ex.org/variable#145	1
http://ex.org/variable#112 http://www.ibm.com/timex#o http://ex.org/variable#146	1
http://ex.org/variable#112 http://www.ibm.com/timex#o_di http://ex.org/variable#147	1
http://ex.org/variable#112 http://www.ibm.com/timex#o http://ex.org/variable#148	1
http://ex.org/variable#112 http://www.ibm.com/timex#oi http://ex.org/variable#149	1
http://ex.org/variable#112 http://www.ibm.com/timex#o http://ex.org/variable#150	1
http://ex.org/variable#112 http://www.ibm.com/timex#o http://ex.org/variable#151	1
http://ex.org/variable#112 http://www.ibm.com/timex#di http://ex.org/variable#152	1
http://ex.org/variable#112 http://www.ibm.com/timex#o http://ex.org/variable#153	1
http://ex.org/variable#112 http://www.ibm.com/timex#di http://ex.org/variable#154	1
http://ex.org/variable#112 http://www.ibm.com/timex#oi_d http://ex.org/variable#155	1
http://ex.org/variable#112 http://www.ibm.com/timex#o http://ex.org/variable#156	1
http://ex.org/variable#112 http://www.ibm.com/timex#di http://ex.org/variable#157	1
http://ex.org/variable#112 http://www.ibm.com/timex#di http://ex.org/variable#158	1
http://ex.org/variable#112 http://www.ibm.com/timex#o http://ex.org/variable#159	1
http://ex.org/variable#112 http://www.ibm.com/timex#o http://ex.org/variable#160	1
http://ex.org/variable#112 http://www.ibm.com/timex#di http://ex.org/variable#161	1
http://ex.org/variable#112 http://www.ibm.com/timex#di http://ex.org/variable#162	1
http://ex.org/variable#112 http://www.ibm.com/timex#o http://ex.org/variable#163	1
http://ex.org/variable#112 http://www.ibm.com/timex#o http://ex.org/variable#164	1
http://ex.org/variable#112 http://www.ibm.com/timex#di http://ex.org/variable#165	1
http://ex.org/variable#112 http://www.ibm.com/timex#oi http://ex.org/variable#166	1
http://ex.org/variable#112 http://www.ibm.com/timex#di_fi http://ex.org/variable#167	1
http://ex.org/variable#112 http://www.ibm.com/timex#o http://ex.org/variable#168	1
http://ex.org/variable#112 http://www.ibm.com/timex#o http://ex.org/variable#169	1
http://ex.org/variable#112 http://www.ibm.com/timex#o http://ex.org/variable#170	1
http://ex.org/variable#112 http://www.ibm.com/timex#di_si http://ex.org/variable#171	1
http://ex.org/variable#112 http://www.ibm.com/timex#oi http://ex.org/variable#172	1
http://ex.org/variable#112 http://www.ibm.com/timex#b http://ex.org/variable#173	1
http://ex.org/variable#112 http://www.ibm.com/timex#o http://ex.org/variable#174	1
http://ex.org/variable#112 http://www.ibm.com/timex#o_di http://ex.org/variable#175	1
http://ex.org/variable#112 http://www.ibm.com/timex#o http://ex.org/variable#176	1
http://ex.org/variable#112 http://www.ibm.com/timex#o http://ex.org/variable#177	1
http://ex.org/variable#112 http://www.ibm.com/timex#o http://ex.org/variable#178	1
http://ex.org/variable#112 http://www.ibm.com/timex#o http://ex.org/variable#179	1
http://ex.org/variable#112 http://www.ibm.com/timex#di http://ex.org/variable#180	1
http://ex.org/variable#112 http://www.ibm.com/timex#di http://ex.org/variable#181	1
http://ex.org/variable#112 http://www.ibm.com/timex#di http://ex.org/variable#182	1
http://ex.org/variable#112 http://www.ibm.com/timex#o http://ex.org/variable#183	1
http://ex.org/variable#112 http://www.ibm.com/timex#di http://ex.org/variable#184	1
http://ex.org/variable#112 http://www.ibm.com/timex#o http://ex.org/variable#185	1
http://ex.org/variable#112 http://www.ibm.com/timex#o http://ex.org/variable#186	1
http://ex.org/variable#112 http://www.ibm.com/timex#d http://ex.org/variable#187	1
http://ex.org/variable#112 http://www.ibm.com/timex#o_di_fi http://ex.org/variable#188	1
http://ex.org/variable#112 http://www.ibm.com/timex#di http://ex.org/variable#189	1
http://ex.org/variable#113 http://www.ibm.com/timex#d http://ex.org/variable#0	1
http://ex.org/variable#113 http://www.ibm.com/timex#b http://ex.org/variable#1	1
http://ex.org/variable#113 http://www.ibm.com/timex#d http://ex.org/variable#2	1
http://ex.org/variable#113 http://www.ibm.com/timex#d http://ex.org/variable#3	1
http://ex.org/variable#113 http://www.ibm.com/timex#d http://ex.org/variable#4	1
http://ex.org/variable#113 http://www.ibm.com/timex#bi_mi_oi_d_f http://ex.org/variable#5	1
http://ex.org/variable#113 http://www.ibm.com/timex#b http://ex.org/variable#6	1
http://ex.org/variable#113 http://www.ibm.com/timex#d http://ex.org/variable#7	1
http://ex.org/variable#113 http://www.ibm.com/timex#bi http://ex.org/variable#8	1
http://ex.org/variable#113 http://www.ibm.com/timex#o_d_s http://ex.org/variable#9	1
http://ex.org/variable#113 http://www.ibm.com/timex#d http://ex.org/variable#10	1
http://ex.org/variable#113 http://www.ibm.com/timex#d http://ex.org/variable#11	1
http://ex.org/variable#113 http://www.ibm.com/timex#d http://ex.org/variable#12	1
http://ex.org/variable#113 http://www.ibm.com/timex#oi http://ex.org/variable#13	1
http://ex.org/variable#113 http://www.ibm.com/timex#o http://ex.org/variable#14	1
http://ex.org/variable#113 http://www.ibm.com/timex#d http://ex.org/variable#15	1
http://ex.org/variable#113 http://www.ibm.com/timex#d http://ex.org/variable#16	1
http://ex.org/variable#113 http://www.ibm.com/timex#b http://ex.org/variable#17	1
http://ex.org/variable#113 http://www.ibm.com/timex#d http://ex.org/variable#18	1
http://ex.org/variable#113 http://www.ibm.com/timex#bi http://ex.org/variable#19	1
http://ex.org/variable#113 http://www.ibm.com/timex#d http://ex.org/variable#20	1
http://ex.org/variable#113 http://www.ibm.com/timex#b http://ex.org/variable#21	1
http://ex.org/variable#113 http://www.ibm.com/timex#d http://ex.org/variable#22	1
http://ex.org/variable#113 http://www.ibm.com/timex#bi http://ex.org/variable#23	1
http://ex.org/variable#113 http://www.ibm.com/timex#d http://ex.org/variable#24	1
http://ex.org/variable#113 http://www.ibm.com/timex#bi http://ex.org/variable#25	1
http://ex.org/variable#113 http://www.ibm.com/timex#b http://ex.org/variable#26	1
http://ex.org/variable#113 http://www.ibm.com/timex#bi http://ex.org/variable#27	1
http://ex.org/variable#113 http://www.ibm.com/timex#d http://ex.org/variable#28	1
http://ex.org/variable#113 http://www.ibm.com/timex#d http://ex.org/variable#29	1
http://ex.org/variable#113 http://www.ibm.com/timex#oi http://ex.org/variable#30	1
http://ex.org/variable#113 http://www.ibm.com/timex#d http://ex.org/variable#31	1
http://ex.org/variable#113 http://www.ibm.com/timex#bi http://ex.org/variable#32	1
http://ex.org/variable#113 http://www.ibm.com/timex#b http://ex.org/variable#33	1
http://ex.org/variable#113 http://www.ibm.com/timex#d http://ex.org/variable#34	1
http://ex.org/variable#113 http://www.ibm.com/timex#bi http://ex.org/variable#35	1
http://ex.org/variable#113 http://www.ibm.com/timex#bi http://ex.org/variable#36	1
http://ex.org/variable#113 http://www.ibm.com/timex#bi http://ex.org/variable#37	1
http://ex.org/variable#113 http://www.ibm.com/timex#d http://ex.org/variable#38	1
http://ex.org/variable#113 http://www.ibm.com/timex#b http://ex.org/variable#39	1
http://ex.org/variable#113 http://www.ibm.com/timex#d http://ex.org/variable#40	1
http://ex.org/variable#113 http://www.ibm.com/timex#d http://ex.org/variable#41	1
http://ex.org/variable#113 http://www.ibm.com/timex#d http://ex.org/variable#42	1
http://ex.org/variable#113 http://www.ibm.com/timex#d http://ex.org/variable#43	1
http://ex.org/variable#113 http://www.ibm.com/timex#d http://ex.org/variable#44	1
http://ex.org/variable#113 http://www.ibm.com/timex#d http://ex.org/variable#45	1
http://ex.org/variable#113 http://www.ibm.com/timex#d http://ex.org/variable#46	1
http://ex.org/variable#113 http://www.ibm.com/timex#d http://ex.org/variable#47	1
http://ex.org/variable#113 http://www.ibm.com/timex#b http://ex.org/variable#48	1
http://ex.org/variable#113 http://www.ibm.com/timex#bi http://ex.org/variable#49	1
http://ex.org/variable#113 http://www.ibm.com/timex#d http://ex.org/variable#50	1
http://ex.org/variable#113 http://www.ibm.com/timex#b http://ex.org/variable#51	1
http://ex.org/variable#113 http://www.ibm.com/timex#d http://ex.org/variable#52	1
http://ex.org/variable#113 http://www.ibm.com/timex#d http://ex.org/variable#53	1
http://ex.org/variable#113 http://www.ibm.com/timex#d http://ex.org/variable#54	1
http://ex.org/variable#113 http://www.ibm.com/timex#d http://ex.org/variable#55	1
http://ex.org/variable#113 http://www.ibm.com/timex#oi_d_f http://ex.org/variable#56	1
http://ex.org/variable#113 http://www.ibm.com/timex#d http://ex.org/variable#57	1
http://ex.org/variable#113 http://www.ibm.com/timex#d http://ex.org/variable#58	1
http://ex.org/variable#113 http://www.ibm.com/timex#d http://ex.org/variable#59	1
http://ex.org/variable#113 http://www.ibm.com/timex#d http://ex.org/variable#60	1
http://ex.org/variable#113 http://www.ibm.com/timex#d http://ex.org/variable#61	1
http://ex.org/variable#113 http://www.ibm.com/timex#d http://ex.org/variable#62	1
http://ex.org/variable#113 http://www.ibm.com/timex#d http://ex.org/variable#63	1
http://ex.org/variable#113 http://www.ibm.com/timex#d http://ex.org/variable#64	1
http://ex.org/variable#113 http://www.ibm.com/timex#bi http://ex.org/variable#65	1
http://ex.org/variable#113 http://www.ibm.com/timex#bi http://ex.org/variable#66	1
http://ex.org/variable#113 http://www.ibm.com/timex#d http://ex.org/variable#67	1
http://ex.org/variable#113 http://www.ibm.com/timex#d http://ex.org/variable#68	1
http://ex.org/variable#113 http://www.ibm.com/timex#d http://ex.org/variable#69	1
http://ex.org/variable#113 http://www.ibm.com/timex#d http://ex.org/variable#70	1
http://ex.org/variable#113 http://www.ibm.com/timex#d http://ex.org/variable#71	1
http://ex.org/variable#113 http://www.ibm.com/timex#d http://ex.org/variable#72	1
http://ex.org/variable#113 http://www.ibm.com/timex#d http://ex.org/variable#73	1
http://ex.org/variable#113 http://www.ibm.com/timex#d http://ex.org/variable#74	1
http://ex.org/variable#113 http://www.ibm.com/timex#d http://ex.org/variable#75	1
http://ex.org/variable#113 http://www.ibm.com/timex#d http://ex.org/variable#76	1
http://ex.org/variable#113 http://www.ibm.com/timex#d http://ex.org/variable#77	1
http://ex.org/variable#113 http://www.ibm.com/timex#d http://ex.org/variable#78	1
http://ex.org/variable#113 http://www.ibm.com/timex#d http://ex.org/variable#79	1
http://ex.org/variable#113 http://www.ibm.com/timex#d http://ex.org/variable#80	1
http://ex.org/variable#113 http://www.ibm.com/timex#d http://ex.org/variable#81	1
http://ex.org/variable#113 http://www.ibm.com/timex#bi http://ex.org/variable#82	1
http://ex.org/variable#113 http://www.ibm.com/timex#d http://ex.org/variable#83	1
http://ex.org/variable#113 http://www.ibm.com/timex#o_d_s http://ex.org/variable#84	1
http://ex.org/variable#113 http://www.ibm.com/timex#b http://ex.org/variable#85	1
http://ex.org/variable#113 http://www.ibm.com/timex#d http://ex.org/variable#86	1
http://ex.org/variable#113 http://www.ibm.com/timex#d http://ex.org/variable#87	1
http://ex.org/variable#113 http://www.ibm.com/timex#b http://ex.org/variable#88	1
http://ex.org/variable#113 http://www.ibm.com/timex#d http://ex.org/variable#89	1
http://ex.org/variable#113 http://www.ibm.com/timex#d http://ex.org/variable#90	1
http://ex.org/variable#113 http://www.ibm.com/timex#d http://ex.org/variable#91	1
http://ex.org/variable#113 http://www.ibm.com/timex#d http://ex.org/variable#92	1
http://ex.org/variable#113 http://www.ibm.com/timex#d http://ex.org/variable#93	1
http://ex.org/variable#113 http://www.ibm.com/timex#d http://ex.org/variable#94	1
http://ex.org/variable#113 http://www.ibm.com/timex#bi http://ex.org/variable#95	1
http://ex.org/variable#113 http://www.ibm.com/timex#bi http://ex.org/variable#96	1
http://ex.org/variable#113 http://www.ibm.com/timex#d http://ex.org/variable#97	1
http://ex.org/variable#113 http://www.ibm.com/timex#b http://ex.org/variable#98	1
http://ex.org/variable#113 http://www.ibm.com/timex#b http://ex.org/variable#99	1
http://ex.org/variable#113 http://www.ibm.com/timex#bi http://ex.org/variable#100	1
http://ex.org/variable#113 http://www.ibm.com/timex#d http://ex.org/variable#101	1
http://ex.org/variable#113 http://www.ibm.com/timex#b http://ex.org/variable#102	1
http://ex.org/variable#113 http://www.ibm.com/timex#d http://ex.org/variable#103	1
http://ex.org/variable#113 http://www.ibm.com/timex#b http://ex.org/variable#104	1
http://ex.org/variable#113 http://www.ibm.com/timex#d http://ex.org/variable#105	1
http://ex.org/variable#113 http://www.ibm.com/timex#d http://ex.org/variable#106	1
http://ex.org/variable#113 http://www.ibm.com/timex#d http://ex.org/variable#107	1
http://ex.org/variable#113 http://www.ibm.com/timex#oi_d_f http://ex.org/variable#108	1
http://ex.org/variable#113 http://www.ibm.com/timex#b http://ex.org/variable#109	1
http://ex.org/variable#113 http://www.ibm.com/timex#d http://ex.org/variable#110	1
http://ex.org/variable#113 http://www.ibm.com/timex#d http://ex.org/variable#111	1
http://ex.org/variable#113 http://www.ibm.com/timex#d http://ex.org/variable#112	1
http://ex.org/variable#113 http://www.ibm.com/timex#d http://ex.org/variable#114	1
http://ex.org/variable#113 http://www.ibm.com/timex#b http://ex.org/variable#115	1
http://ex.org/variable#113 http://www.ibm.com/timex#b http://ex.org/variable#116	1
http://ex.org/variable#113 http://www.ibm.com/timex#oi http://ex.org/variable#117	1
http://ex.org/variable#113 http://www.ibm.com/timex#d http://ex.org/variable#118	1
http://ex.org/variable#113 http://www.ibm.com/timex#d http://ex.org/variable#119	1
http://ex.org/variable#113 http://www.ibm.com/timex#oi http://ex.org/variable#120	1
http://ex.org/variable#113 http://www.ibm.com/timex#b http://ex.org/variable#121	1
http://ex.org/variable#113 http://www.ibm.com/timex#d http://ex.org/variable#122	1
http://ex.org/variable#113 http://www.ibm.com/timex#d http://ex.org/variable#123	1
http://ex.org/variable#113 http://www.ibm.com/timex#oi http://ex.org/variable#124	1
http://ex.org/variable#113 http://www.ibm.com/timex#d http://ex.org/variable#125	1
http://ex.org/variable#113 http://www.ibm.com/timex#d http://ex.org/variable#126	1
http://ex.org/variable#113 http://www.ibm.com/timex#b http://ex.org/variable#127	1
http://ex.org/variable#113 http://www.ibm.com/timex#d http://ex.org/variable#128	1
http://ex.org/variable#113 http://www.ibm.com/timex#bi_mi_oi http://ex.org/variable#129	1
http://ex.org/variable#113 http://www.ibm.com/timex#oi http://ex.org/variable#130	1
http://ex.org/variable#113 http://www.ibm.com/timex#b http://ex.org/variable#131	1
http://ex.org/variable#113 http://www.ibm.com/timex#d http://ex.org/variable#132	1
http://ex.org/variable#113 http://www.ibm.com/timex#d http://ex.org/variable#133	1
http://ex.org/variable#113 http://www.ibm.com/timex#d http://ex.org/variable#134	1
http://ex.org/variable#113 http://www.ibm.com/timex#d http://ex.org/variable#135	1
http://ex.org/variable#113 http://www.ibm.com/timex#d http://ex.org/variable#136	1
http://ex.org/variable#113 http://www.ibm.com/timex#d http://ex.org/variable#137	1
http://ex.org/variable#113 http://www.ibm.com/timex#b http://ex.org/variable#138	1
http://ex.org/variable#113 http://www.ibm.com/timex#d_f http://ex.org/variable#139	1
http://ex.org/variable#113 http://www.ibm.com/timex#d http://ex.org/variable#140	1
http://ex.org/variable#113 http://www.ibm.com/timex#d http://ex.org/variable#141	1
http://ex.org/variable#113 http://www.ibm.com/timex#d http://ex.org/variable#142	1
http://ex.org/variable#113 http://www.ibm.com/timex#d http://ex.org/variable#143	1
http://ex.org/variable#113 http://www.ibm.com/timex#d http://ex.org/variable#144	1
http://ex.org/variable#113 http://www.ibm.com/timex#b http://ex.org/variable#145	1
http://ex.org/variable#113 http://www.ibm.com/timex#d http://ex.org/variable#146	1
http://ex.org/variable#113 http://www.ibm.com/timex#d http://ex.org/variable#147	1
http://ex.org/variable#113 http://www.ibm.com/timex#d http://ex.org/variable#148	1
http://ex.org/variable#113 http://www.ibm.com/timex#bi http://ex.org/variable#149	1
http://ex.org/variable#113 http://www.ibm.com/timex#b http://ex.org/variable#150	1
http://ex.org/variable#113 http://www.ibm.com/timex#d http://ex.org/variable#151	1
http://ex.org/variable#113 http://www.ibm.com/timex#bi http://ex.org/variable#152	1
http://ex.org/variable#113 http://www.ibm.com/timex#d http://ex.org/variable#153	1
http://ex.org/variable#113 http://www.ibm.com/timex#d http://ex.org/variable#154	1
http://ex.org/variable#113 http://www.ibm.com/timex#d http://ex.org/variable#155	1
http://ex.org/variable#113 http://www.ibm.com/timex#d http://ex.org/variable#156	1
http://ex.org/variable#113 http://www.ibm.com/timex#bi http://ex.org/variable#157	1
http://ex.org/variable#113 http://www.ibm.com/timex#d http://ex.org/variable#158	1
http://ex.org/variable#113 http://www.ibm.com/timex#d http://ex.org/variable#159	1
http://ex.org/variable#113 http://www.ibm.com/timex#d http://ex.org/variable#160	1
http://ex.org/variable#113 http://www.ibm.com/timex#d http://ex.org/variable#161	1
http://ex.org/variable#113 http://www.ibm.com/timex#bi_mi_oi_d_f http://ex.org/variable#162	1
http://ex.org/variable#113 http://www.ibm.com/timex#d http://ex.org/variable#163	1
http://ex.org/variable#113 http://www.ibm.com/timex#d http://ex.org/variable#164	1
http://ex.org/variable#113 http://www.ibm.com/timex#d http://ex.org/variable#165	1
http://ex.org/variable#113 http://www.ibm.com/timex#d http://ex.org/variable#166	1
http://ex.org/variable#113 http://www.ibm.com/timex#d http://ex.org/variable#167	1
http://ex.org/variable#113 http://www.ibm.com/timex#d http://ex.org/variable#168	1
http://ex.org/variable#113 http://www.ibm.com/timex#d http://ex.org/variable#169	1
http://ex.org/variable#113 http://www.ibm.com/timex#b http://ex.org/variable#170	1
http://ex.org/variable#113 http://www.ibm.com/timex#d http://ex.org/variable#171	1
http://ex.org/variable#113 http://www.ibm.com/timex#bi http://ex.org/variable#172	1
http://ex.org/variable#113 http://www.ibm.com/timex#b http://ex.org/variable#173	1
http://ex.org/variable#113 http://www.ibm.com/timex#d http://ex.org/variable#174	1
http://ex.org/variable#113 http://www.ibm.com/timex#d http://ex.org/variable#175	1
http://ex.org/variable#113 http://www.ibm.com/timex#d http://ex.org/variable#176	1
http://ex.org/variable#113 http://www.ibm.com/timex#d http://ex.org/variable#177	1
http://ex.org/variable#113 http://www.ibm.com/timex#d http://ex.org/variable#178	1
http://ex.org/variable#113 http://www.ibm.com/timex#d http://ex.org/variable#179	1
http://ex.org/variable#113 http://www.ibm.com/timex#bi http://ex.org/variable#180	1
http://ex.org/variable#113 http://www.ibm.com/timex#bi http://ex.org/variable#181	1
http://ex.org/variable#113 http://www.ibm.com/timex#d http://ex.org/variable#182	1
http://ex.org/variable#113 http://www.ibm.com/timex#b http://ex.org/variable#183	1
http://ex.org/variable#113 http://www.ibm.com/timex#d http://ex.org/variable#184	1
http://ex.org/variable#113 http://www.ibm.com/timex#d http://ex.org/variable#185	1
http://ex.org/variable#113 http://www.ibm.com/timex#d http://ex.org/variable#186	1
http://ex.org/variable#113 http://www.ibm.com/timex#d http://ex.org/variable#187	1
http://ex.org/variable#113 http://www.ibm.com/timex#d http://ex.org/variable#188	1
http://ex.org/variable#113 http://www.ibm.com/timex#d http://ex.org/variable#189	1
http://ex.org/variable#114 http://www.ibm.com/timex#o http://ex.org/variable#0	1
http://ex.org/variable#114 http://www.ibm.com/timex#o http://ex.org/variable#1	1
http://ex.org/variable#114 http://www.ibm.com/timex#o http://ex.org/variable#2	1
http://ex.org/variable#114 http://www.ibm.com/timex#di http://ex.org/variable#3	1
http://ex.org/variable#114 http://www.ibm.com/timex#o http://ex.org/variable#4	1
http://ex.org/variable#114 http://www.ibm.com/timex#di http://ex.org/variable#5	1
http://ex.org/variable#114 http://www.ibm.com/timex#o_fi http://ex.org/variable#6	1
http://ex.org/variable#114 http://www.ibm.com/timex#o http://ex.org/variable#7	1
http://ex.org/variable#114 http://www.ibm.com/timex#oi http://ex.org/variable#8	1
http://ex.org/variable#114 http://www.ibm.com/timex#o http://ex.org/variable#9	1
http://ex.org/variable#114 http://www.ibm.com/timex#o http://ex.org/variable#10	1
http://ex.org/variable#114 http://www.ibm.com/timex#s http://ex.org/variable#11	1
http://ex.org/variable#114 http://www.ibm.com/timex#d http://ex.org/variable#12	1
http://ex.org/variable#114 http://www.ibm.com/timex#oi http://ex.org/variable#13	1
http://ex.org/variable#114 http://www.ibm.com/timex#di http://ex.org/variable#14	1
http://ex.org/variable#114 http://www.ibm.com/timex#oi http://ex.org/variable#15	1
http://ex.org/variable#114 http://www.ibm.com/timex#di http://ex.org/variable#16	1
http://ex.org/variable#114 http://www.ibm.com/timex#di http://ex.org/variable#17	1
http://ex.org/variable#114 http://www.ibm.com/timex#di http://ex.org/variable#18	1
http://ex.org/variable#114 http://www.ibm.com/timex#oi http://ex.org/variable#19	1
http://ex.org/variable#114 http://www.ibm.com/timex#d http://ex.org/variable#20	1
http://ex.org/variable#114 http://www.ibm.com/timex#o http://ex.org/variable#21	1
http://ex.org/variable#114 http://www.ibm.com/timex#o http://ex.org/variable#22	1
http://ex.org/variable#114 http://www.ibm.com/timex#di http://ex.org/variable#23	1
http://ex.org/variable#114 http://www.ibm.com/timex#d http://ex.org/variable#24	1
http://ex.org/variable#114 http://www.ibm.com/timex#oi http://ex.org/variable#25	1
http://ex.org/variable#114 http://www.ibm.com/timex#o_di http://ex.org/variable#26	1
http://ex.org/variable#114 http://www.ibm.com/timex#oi http://ex.org/variable#27	1
http://ex.org/variable#114 http://www.ibm.com/timex#o http://ex.org/variable#28	1
http://ex.org/variable#114 http://www.ibm.com/timex#o http://ex.org/variable#29	1
http://ex.org/variable#114 http://www.ibm.com/timex#di http://ex.org/variable#30	1
http://ex.org/variable#114 http://www.ibm.com/timex#oi http://ex.org/variable#31	1
http://ex.org/variable#114 http://www.ibm.com/timex#oi http://ex.org/variable#32	1
http://ex.org/variable#114 http://www.ibm.com/timex#o http://ex.org/variable#33	1
http://ex.org/variable#114 http://www.ibm.com/timex#si http://ex.org/variable#34	1
http://ex.org/variable#114 http://www.ibm.com/timex#di http://ex.org/variable#35	1
http://ex.org/variable#114 http://www.ibm.com/timex#oi http://ex.org/variable#36	1
http://ex.org/variable#114 http://www.ibm.com/timex#oi http://ex.org/variable#37	1
http://ex.org/variable#114 http://www.ibm.com/timex#oi http://ex.org/variable#38	1
http://ex.org/variable#114 http://www.ibm.com/timex#di http://ex.org/variable#39	1
http://ex.org/variable#114 http://www.ibm.com/timex#oi http://ex.org/variable#40	1
http://ex.org/variable#114 http://www.ibm.com/timex#o http://ex.org/variable#41	1
http://ex.org/variable#114 http://www.ibm.com/timex#o http://ex.org/variable#42	1
http://ex.org/variable#114 http://www.ibm.com/timex#oi http://ex.org/variable#43	1
http://ex.org/variable#114 http://www.ibm.com/timex#d http://ex.org/variable#44	1
http://ex.org/variable#114 http://www.ibm.com/timex#o http://ex.org/variable#45	1
http://ex.org/variable#114 http://www.ibm.com/timex#oi http://ex.org/variable#46	1
http://ex.org/variable#114 http://www.ibm.com/timex#oi http://ex.org/variable#47	1
http://ex.org/variable#114 http://www.ibm.com/timex#di http://ex.org/variable#48	1
http://ex.org/variable#114 http://www.ibm.com/timex#oi http://ex.org/variable#49	1
http://ex.org/variable#114 http://www.ibm.com/timex#o http://ex.org/variable#50	1
http://ex.org/variable#114 http://www.ibm.com/timex#di http://ex.org/variable#51	1
http://ex.org/variable#114 http://www.ibm.com/timex#oi_d_f http://ex.org/variable#52	1
http://ex.org/variable#114 http://www.ibm.com/timex#d http://ex.org/variable#53	1
http://ex.org/variable#114 http://www.ibm.com/timex#di http://ex.org/variable#54	1
http://ex.org/variable#114 http://www.ibm.com/timex#di http://ex.org/variable#55	1
http://ex.org/variable#114 http://www.ibm.com/timex#di http://ex.org/variable#56	1
http://ex.org/variable#114 http://www.ibm.com/timex#oi http://ex.org/variable#57	1
http://ex.org/variable#114 http://www.ibm.com/timex#di_si http://ex.org/variable#58	1
http://ex.org/variable#114 http://www.ibm.com/timex#s http://ex.org/variable#59	1
http://ex.org/variable#114 http://www.ibm.com/timex#d http://ex.org/variable#60	1
http://ex.org/variable#114 http://www.ibm.com/timex#d http://ex.org/variable#61	1
http://ex.org/variable#114 http://www.ibm.com/timex#o http://ex.org/variable#62	1
http://ex.org/variable#114 http://www.ibm.com/timex#oi_f http://ex.org/variable#63	1
http://ex.org/variable#114 http://www.ibm.com/timex#d http://ex.org/variable#64	1
http://ex.org/variable#114 http://www.ibm.com/timex#di http://ex.org/variable#65	1
http://ex.org/variable#114 http://www.ibm.com/timex#oi http://ex.org/variable#66	1
http://ex.org/variable#114 http://www.ibm.com/timex#o http://ex.org/variable#67	1
http://ex.org/variable#114 http://www.ibm.com/timex#o http://ex.org/variable#68	1
http://ex.org/variable#114 http://www.ibm.com/timex#di http://ex.org/variable#69	1
http://ex.org/variable#114 http://www.ibm.com/timex#o http://ex.org/variable#70	1
http://ex.org/variable#114 http://www.ibm.com/timex#oi http://ex.org/variable#71	1
http://ex.org/variable#114 http://www.ibm.com/timex#o_di http://ex.org/variable#72	1
http://ex.org/variable#114 http://www.ibm.com/timex#di http://ex.org/variable#73	1
http://ex.org/variable#114 http://www.ibm.com/timex#o http://ex.org/variable#74	1
http://ex.org/variable#114 http://www.ibm.com/timex#si http://ex.org/variable#75	1
http://ex.org/variable#114 http://www.ibm.com/timex#o http://ex.org/variable#76	1
http://ex.org/variable#114 http://www.ibm.com/timex#o http://ex.org/variable#77	1
http://ex.org/variable#114 http://www.ibm.com/timex#di http://ex.org/variable#78	1
http://ex.org/variable#114 http://www.ibm.com/timex#oi http://ex.org/variable#79	1
http://ex.org/variable#114 http://www.ibm.com/timex#d http://ex.org/variable#80	1
http://ex.org/variable#114 http://www.ibm.com/timex#oi http://ex.org/variable#81	1
http://ex.org/variable#114 http://www.ibm.com/timex#di http://ex.org/variable#82	1
http://ex.org/variable#114 http://www.ibm.com/timex#d http://ex.org/variable#83	1
http://ex.org/variable#114 http://www.ibm.com/timex#o http://ex.org/variable#84	1
http://ex.org/variable#114 http://www.ibm.com/timex#o_di_fi http://ex.org/variable#85	1
http://ex.org/variable#114 http://www.ibm.com/timex#d http://ex.org/variable#86	1
http://ex.org/variable#114 http://www.ibm.com/timex#o http://ex.org/variable#87	1
http://ex.org/variable#114 http://www.ibm.com/timex#b http://ex.org/variable#88	1
http://ex.org/variable#114 http://www.ibm.com/timex#o http://ex.org/variable#89	1
http://ex.org/variable#114 http://www.ibm.com/timex#di http://ex.org/variable#90	1
http://ex.org/variable#114 http://www.ibm.com/timex#o http://ex.org/variable#91	1
http://ex.org/variable#114 http://www.ibm.com/timex#o http://ex.org/variable#92	1
http://ex.org/variable#114 http://www.ibm.com/timex#o http://ex.org/variable#93	1
http://ex.org/variable#114 http://www.ibm.com/timex#oi http://ex.org/variable#94	1
http://ex.org/variable#114 http://www.ibm.com/timex#di http://ex.org/variable#95	1
http://ex.org/variable#114 http://www.ibm.com/timex#di http://ex.org/variable#96	1
http://ex.org/variable#114 http://www.ibm.com/timex#o http://ex.org/variable#97	1
http://ex.org/variable#114 http://www.ibm.com/timex#o http://ex.org/variable#98	1
http://ex.org/variable#114 http://www.ibm.com/timex#o http://ex.org/variable#99	1
http://ex.org/variable#114 http://www.ibm.com/timex#oi http://ex.org/variable#100	1
http://ex.org/variable#114 http://www.ibm.com/timex#o http://ex.org/variable#101	1
http://ex.org/variable#114 http://www.ibm.com/timex#di http://ex.org/variable#102	1
http://ex.org/variable#114 http://www.ibm.com/timex#oi http://ex.org/variable#103	1
http://ex.org/variable#114 http://www.ibm.com/timex#b http://ex.org/variable#104	1
http://ex.org/variable#114 http://www.ibm.com/timex#o http://ex.org/variable#105	1
http://ex.org/variable#114 http://www.ibm.com/timex#d http://ex.org/variable#106	1
http://ex.org/variable#114 http://www.ibm.com/timex#di http://ex.org/variable#107	1
http://ex.org/variable#114 http://www.ibm.com/timex#di http://ex.org/variable#108	1
http://ex.org/variable#114 http://www.ibm.com/timex#di http://ex.org/variable#109	1
http://ex.org/variable#114 http://www.ibm.com/timex#d http://ex.org/variable#110	1
http://ex.org/variable#114 http://www.ibm.com/timex#di http://ex.org/variable#111	1
http://ex.org/variable#114 http://www.ibm.com/timex#oi http://ex.org/variable#112	1
http://ex.org/variable#114 http://www.ibm.com/timex#di http://ex.org/variable#113	1
http://ex.org/variable#114 http://www.ibm.com/timex#b http://ex.org/variable#115	1
http://ex.org/variable#114 http://www.ibm.com/timex#di http://ex.org/variable#116	1
http://ex.org/variable#114 http://www.ibm.com/timex#oi http://ex.org/variable#117	1
http://ex.org/variable#114 http://www.ibm.com/timex#oi http://ex.org/variable#118	1
http://ex.org/variable#114 http://www.ibm.com/timex#d http://ex.org/variable#119	1
http://ex.org/variable#114 http://www.ibm.com/timex#di http://ex.org/variable#120	1
http://ex.org/variable#114 http://www.ibm.com/timex#b http://ex.org/variable#121	1
http://ex.org/variable#114 http://www.ibm.com/timex#oi_d http://ex.org/variable#122	1
http://ex.org/variable#114 http://www.ibm.com/timex#o http://ex.org/variable#123	1
http://ex.org/variable#114 http://www.ibm.com/timex#oi http://ex.org/variable#124	1
http://ex.org/variable#114 http://www.ibm.com/timex#oi http://ex.org/variable#125	1
http://ex.org/variable#114 http://www.ibm.com/timex#o_di_fi http://ex.org/variable#126	1
http://ex.org/variable#114 http://www.ibm.com/timex#o http://ex.org/variable#127	1
http://ex.org/variable#114 http://www.ibm.com/timex#o http://ex.org/variable#128	1
http://ex.org/variable#114 http://www.ibm.com/timex#oi http://ex.org/variable#129	1
http://ex.org/variable#114 http://www.ibm.com/timex#di http://ex.org/variable#130	1
http://ex.org/variable#114 http://www.ibm.com/timex#o http://ex.org/variable#131	1
http://ex.org/variable#114 http://www.ibm.com/timex#d http://ex.org/variable#132	1
http://ex.org/variable#114 http://www.ibm.com/timex#o http://ex.org/variable#133	1
http://ex.org/variable#114 http://www.ibm.com/timex#oi http://ex.org/variable#134	1
http://ex.org/variable#114 http://www.ibm.com/timex#o http://ex.org/variable#135	1
http://ex.org/variable#114 http://www.ibm.com/timex#o http://ex.org/variable#136	1
http://ex.org/variable#114 http://www.ibm.com/timex#di http://ex.org/variable#137	1
http://ex.org/variable#114 http://www.ibm.com/timex#o http://ex.org/variable#138	1
http://ex.org/variable#114 http://www.ibm.com/timex#di http://ex.org/variable#139	1
http://ex.org/variable#114 http://www.ibm.com/timex#di http://ex.org/variable#140	1
http://ex.org/variable#114 http://www.ibm.com/timex#d http://ex.org/variable#141	1
http://ex.org/variable#114 http://www.ibm.com/timex#oi http://ex.org/variable#142	1
http://ex.org/variable#114 http://www.ibm.com/timex#d http://ex.org/variable#143	1
http://ex.org/variable#114 http://www.ibm.com/timex#o http://ex.org/variable#144	1
http://ex.org/variable#114 http://www.ibm.com/timex#o http://ex.org/variable#145	1
http://ex.org/variable#114 http://www.ibm.com/timex#o http://ex.org/variable#146	1
http://ex.org/variable#114 http://www.ibm.com/timex#di http://ex.org/variable#147	1
http://ex.org/variable#114 http://www.ibm.com/timex#di_fi http://ex.org/variable#148	1
http://ex.org/variable#114 http://www.ibm.com/timex#oi http://ex.org/variable#149	1
http://ex.org/variable#114 http://www.ibm.com/timex#o http://ex.org/variable#150	1
http://ex.org/variable#114 http://www.ibm.com/timex#o http://ex.org/variable#151	1
http://ex.org/variable#114 http://www.ibm.com/timex#oi http://ex.org/variable#152	1
http://ex.org/variable#114 http://www.ibm.com/timex#o http://ex.org/variable#153	1
http://ex.org/variable#114 http://www.ibm.com/timex#di http://ex.org/variable#154	1
http://ex.org/variable#114 http://www.ibm.com/timex#oi http://ex.org/variable#155	1
http://ex.org/variable#114 http://www.ibm.com/timex#o http://ex.org/variable#156	1
http://ex.org/variable#114 http://www.ibm.com/timex#di http://ex.org/variable#157	1
http://ex.org/variable#114 http://www.ibm.com/timex#si http://ex.org/variable#158	1
http://ex.org/variable#114 http://www.ibm.com/timex#o http://ex.org/variable#159	1
http://ex.org/variable#114 http://www.ibm.com/timex#o http://ex.org/variable#160	1
http://ex.org/variable#114 http://www.ibm.com/timex#di http://ex.org/variable#161	1
http://ex.org/variable#114 http://www.ibm.com/timex#si http://ex.org/variable#162	1
http://ex.org/variable#114 http://www.ibm.com/timex#o http://ex.org/variable#163	1
http://ex.org/variable#114 http://www.ibm.com/timex#o http://ex.org/variable#164	1
http://ex.org/variable#114 http://www.ibm.com/timex#di http://ex.org/variable#165	1
http://ex.org/variable#114 http://www.ibm.com/timex#oi http://ex.org/variable#166	1
http://ex.org/variable#114 http://www.ibm.com/timex#oi http://ex.org/variable#167	1
http://ex.org/variable#114 http://www.ibm.com/timex#o http://ex.org/variable#168	1
http://ex.org/variable#114 http://www.ibm.com/timex#d http://ex.org/variable#169	1
http://ex.org/variable#114 http://www.ibm.com/timex#o http://ex.org/variable#170	1
http://ex.org/variable#114 http://www.ibm.com/timex#oi http://ex.org/variable#171	1
http://ex.org/variable#114 http://www.ibm.com/timex#oi http://ex.org/variable#172	1
http://ex.org/variable#114 http://www.ibm.com/timex#di http://ex.org/variable#173	1
http://ex.org/variable#114 http://www.ibm.com/timex#o http://ex.org/variable#174	1
http://ex.org/variable#114 http://www.ibm.com/timex#oi http://ex.org/variable#175	1
http://ex.org/variable#114 http://www.ibm.com/timex#o http://ex.org/variable#176	1
http://ex.org/variable#114 http://www.ibm.com/timex#o_di_fi http://ex.org/variable#177	1
http://ex.org/variable#114 http://www.ibm.com/timex#o http://ex.org/variable#178	1
http://ex.org/variable#114 http://www.ibm.com/timex#o http://ex.org/variable#179	1
http://ex.org/variable#114 http://www.ibm.com/timex#di http://ex.org/variable#180	1
http://ex.org/variable#114 http://www.ibm.com/timex#oi http://ex.org/variable#181	1
http://ex.org/variable#114 http://www.ibm.com/timex#di http://ex.org/variable#182	1
http://ex.org/variable#114 http://www.ibm.com/timex#o http://ex.org/variable#183	1
http://ex.org/variable#114 http://www.ibm.com/timex#oi http://ex.org/variable#184	1
http://ex.org/variable#114 http://www.ibm.com/timex#o_fi http://ex.org/variable#185	1
http://ex.org/variable#114 http://www.ibm.com/timex#o http://ex.org/variable#186	1
http://ex.org/variable#114 http://www.ibm.com/timex#d http://ex.org/variable#187	1
http://ex.org/variable#114 http://www.ibm.com/timex#di http://ex.org/variable#188	1
http://ex.org/variable#114 http://www.ibm.com/timex#di http://ex.org/variable#189	1
http://ex.org/variable#115 http://www.ibm.com/timex#d http://ex.org/variable#0	1
http://ex.org/variable#115 http://www.ibm.com/timex#d http://ex.org/variable#1	1
http://ex.org/variable#115 http://www.ibm.com/timex#d http://ex.org/variable#2	1
http://ex.org/variable#115 http://www.ibm.com/timex#bi http://ex.org/variable#3	1
http://ex.org/variable#115 http://www.ibm.com/timex#d http://ex.org/variable#4	1
http://ex.org/variable#115 http://www.ibm.com/timex#bi http://ex.org/variable#5	1
http://ex.org/variable#115 http://www.ibm.com/timex#bi http://ex.org/variable#6	1
http://ex.org/variable#115 http://www.ibm.com/timex#d http://ex.org/variable#7	1
http://ex.org/variable#115 http://www.ibm.com/timex#bi http://ex.org/variable#8	1
http://ex.org/variable#115 http://www.ibm.com/timex#d http://ex.org/variable#9	1
http://ex.org/variable#115 http://www.ibm.com/timex#oi http://ex.org/variable#10	1
http://ex.org/variable#115 http://www.ibm.com/timex#d http://ex.org/variable#11	1
http://ex.org/variable#115 http://www.ibm.com/timex#d http://ex.org/variable#12	1
http://ex.org/variable#115 http://www.ibm.com/timex#bi http://ex.org/variable#13	1
http://ex.org/variable#115 http://www.ibm.com/timex#bi http://ex.org/variable#14	1
http://ex.org/variable#115 http://www.ibm.com/timex#bi http://ex.org/variable#15	1
http://ex.org/variable#115 http://www.ibm.com/timex#bi http://ex.org/variable#16	1
http://ex.org/variable#115 http://www.ibm.com/timex#bi http://ex.org/variable#17	1
http://ex.org/variable#115 http://www.ibm.com/timex#bi http://ex.org/variable#18	1
http://ex.org/variable#115 http://www.ibm.com/timex#bi http://ex.org/variable#19	1
http://ex.org/variable#115 http://www.ibm.com/timex#d http://ex.org/variable#20	1
http://ex.org/variable#115 http://www.ibm.com/timex#d http://ex.org/variable#21	1
http://ex.org/variable#115 http://www.ibm.com/timex#d http://ex.org/variable#22	1
http://ex.org/variable#115 http://www.ibm.com/timex#bi http://ex.org/variable#23	1
http://ex.org/variable#115 http://www.ibm.com/timex#d http://ex.org/variable#24	1
http://ex.org/variable#115 http://www.ibm.com/timex#bi http://ex.org/variable#25	1
http://ex.org/variable#115 http://www.ibm.com/timex#bi http://ex.org/variable#26	1
http://ex.org/variable#115 http://www.ibm.com/timex#bi http://ex.org/variable#27	1
http://ex.org/variable#115 http://www.ibm.com/timex#bi_mi_oi http://ex.org/variable#28	1
http://ex.org/variable#115 http://www.ibm.com/timex#f http://ex.org/variable#29	1
http://ex.org/variable#115 http://www.ibm.com/timex#bi http://ex.org/variable#30	1
http://ex.org/variable#115 http://www.ibm.com/timex#bi http://ex.org/variable#31	1
http://ex.org/variable#115 http://www.ibm.com/timex#bi http://ex.org/variable#32	1
http://ex.org/variable#115 http://www.ibm.com/timex#d http://ex.org/variable#33	1
http://ex.org/variable#115 http://www.ibm.com/timex#bi http://ex.org/variable#34	1
http://ex.org/variable#115 http://www.ibm.com/timex#bi http://ex.org/variable#35	1
http://ex.org/variable#115 http://www.ibm.com/timex#bi http://ex.org/variable#36	1
http://ex.org/variable#115 http://www.ibm.com/timex#bi http://ex.org/variable#37	1
http://ex.org/variable#115 http://www.ibm.com/timex#bi http://ex.org/variable#38	1
http://ex.org/variable#115 http://www.ibm.com/timex#bi http://ex.org/variable#39	1
http://ex.org/variable#115 http://www.ibm.com/timex#bi http://ex.org/variable#40	1
http://ex.org/variable#115 http://www.ibm.com/timex#f http://ex.org/variable#41	1
http://ex.org/variable#115 http://www.ibm.com/timex#d http://ex.org/variable#42	1
http://ex.org/variable#115 http://www.ibm.com/timex#bi http://ex.org/variable#43	1
http://ex.org/variable#115 http://www.ibm.com/timex#bi http://ex.org/variable#44	1
http://ex.org/variable#115 http://www.ibm.com/timex#d http://ex.org/variable#45	1
http://ex.org/variable#115 http://www.ibm.com/timex#bi http://ex.org/variable#46	1
http://ex.org/variable#115 http://www.ibm.com/timex#bi http://ex.org/variable#47	1
http://ex.org/variable#115 http://www.ibm.com/timex#bi http://ex.org/variable#48	1
http://ex.org/variable#115 http://www.ibm.com/timex#bi http://ex.org/variable#49	1
http://ex.org/variable#115 http://www.ibm.com/timex#d http://ex.org/variable#50	1
http://ex.org/variable#115 http://www.ibm.com/timex#bi http://ex.org/variable#51	1
http://ex.org/variable#115 http://www.ibm.com/timex#bi http://ex.org/variable#52	1
http://ex.org/variable#115 http://www.ibm.com/timex#bi http://ex.org/variable#53	1
http://ex.org/variable#115 http://www.ibm.com/timex#bi http://ex.org/variable#54	1
http://ex.org/variable#115 http://www.ibm.com/timex#bi http://ex.org/variable#55	1
http://ex.org/variable#115 http://www.ibm.com/timex#bi http://ex.org/variable#56	1
http://ex.org/variable#115 http://www.ibm.com/timex#bi http://ex.org/variable#57	1
http://ex.org/variable#115 http://www.ibm.com/timex#bi http://ex.org/variable#58	1
http://ex.org/variable#115 http://www.ibm.com/timex#d http://ex.org/variable#59	1
http://ex.org/variable#115 http://www.ibm.com/timex#d http://ex.org/variable#60	1
http://ex.org/variable#115 http://www.ibm.com/timex#d http://ex.org/variable#61	1
http://ex.org/variable#115 http://www.ibm.com/timex#d http://ex.org/variable#62	1
http://ex.org/variable#115 http://www.ibm.com/timex#bi http://ex.org/variable#63	1
http://ex.org/variable#115 http://www.ibm.com/timex#d http://ex.org/variable#64	1
http://ex.org/variable#115 http://www.ibm.com/timex#bi http://ex.org/variable#65	1
http://ex.org/variable#115 http://www.ibm.com/timex#bi http://ex.org/variable#66	1
http://ex.org/variable#115 http://www.ibm.com/timex#d http://ex.org/variable#67	1
http://ex.org/variable#115 http://www.ibm.com/timex#d http://ex.org/variable#68	1
http://ex.org/variable#115 http://www.ibm.com/timex#bi http://ex.org/variable#69	1
http://ex.org/variable#115 http://www.ibm.com/timex#d http://ex.org/variable#70	1
http://ex.org/variable#115 http://www.ibm.com/timex#bi http://ex.org/variable#71	1
http://ex.org/variable#115 http://www.ibm.com/timex#bi http://ex.org/variable#72	1
http://ex.org/variable#115 http://www.ibm.com/timex#bi http://ex.org/variable#73	1
http://ex.org/variable#115 http://www.ibm.com/timex#d http://ex.org/variable#74	1
http://ex.org/variable#115 http://www.ibm.com/timex#bi http://ex.org/variable#75	1
http://ex.org/variable#115 http://www.ibm.com/timex#bi http://ex.org/variable#76	1
http://ex.org/variable#115 http://www.ibm.com/timex#d http://ex.org/variable#77	1
http://ex.org/variable#115 http://www.ibm.com/timex#bi http://ex.org/variable#78	1
http://ex.org/variable#115 http://www.ibm.com/timex#bi http://ex.org/variable#79	1
http://ex.org/variable#115 http://www.ibm.com/timex#d http://ex.org/variable#80	1
http://ex.org/variable#115 http://www.ibm.com/timex#bi http://ex.org/variable#81	1
http://ex.org/variable#115 http://www.ibm.com/timex#bi http://ex.org/variable#82	1
http://ex.org/variable#115 http://www.ibm.com/timex#d http://ex.org/variable#83	1
http://ex.org/variable#115 http://www.ibm.com/timex#bi http://ex.org/variable#84	1
http://ex.org/variable#115 http://www.ibm.com/timex#bi http://ex.org/variable#85	1
http://ex.org/variable#115 http://www.ibm.com/timex#d http://ex.org/variable#86	1
http://ex.org/variable#115 http://www.ibm.com/timex#d http://ex.org/variable#87	1
http://ex.org/variable#115 http://www.ibm.com/timex#oi http://ex.org/variable#88	1
http://ex.org/variable#115 http://www.ibm.com/timex#d http://ex.org/variable#89	1
http://ex.org/variable#115 http://www.ibm.com/timex#bi http://ex.org/variable#90	1
http://ex.org/variable#115 http://www.ibm.com/timex#d http://ex.org/variable#91	1
http://ex.org/variable#115 http://www.ibm.com/timex#d http://ex.org/variable#92	1
http://ex.org/variable#115 http://www.ibm.com/timex#bi http://ex.org/variable#93	1
http://ex.org/variable#115 http://www.ibm.com/timex#bi http://ex.org/variable#94	1
http://ex.org/variable#115 http://www.ibm.com/timex#bi http://ex.org/variable#95	1
http://ex.org/variable#115 http://www.ibm.com/timex#bi http://ex.org/variable#96	1
http://ex.org/variable#115 http://www.ibm.com/timex#f http://ex.org/variable#97	1
http://ex.org/variable#115 http://www.ibm.com/timex#d http://ex.org/variable#98	1
http://ex.org/variable#115 http://www.ibm.com/timex#bi http://ex.org/variable#99	1
http://ex.org/variable#115 http://www.ibm.com/timex#bi http://ex.org/variable#100	1
http://ex.org/variable#115 http://www.ibm.com/timex#d http://ex.org/variable#101	1
http://ex.org/variable#115 http://www.ibm.com/timex#bi http://ex.org/variable#102	1
http://ex.org/variable#115 http://www.ibm.com/timex#bi http://ex.org/variable#103	1
http://ex.org/variable#115 http://www.ibm.com/timex#b http://ex.org/variable#104	1
http://ex.org/variable#115 http://www.ibm.com/timex#d http://ex.org/variable#105	1
http://ex.org/variable#115 http://www.ibm.com/timex#d http://ex.org/variable#106	1
http://ex.org/variable#115 http://www.ibm.com/timex#bi http://ex.org/variable#107	1
http://ex.org/variable#115 http://www.ibm.com/timex#bi http://ex.org/variable#108	1
http://ex.org/variable#115 http://www.ibm.com/timex#bi http://ex.org/variable#109	1
http://ex.org/variable#115 http://www.ibm.com/timex#d http://ex.org/variable#110	1
http://ex.org/variable#115 http://www.ibm.com/timex#bi http://ex.org/variable#111	1
http://ex.org/variable#115 http://www.ibm.com/timex#bi http://ex.org/variable#112	1
http://ex.org/variable#115 http://www.ibm.com/timex#bi http://ex.org/variable#113	1
http://ex.org/variable#115 http://www.ibm.com/timex#bi http://ex.org/variable#114	1
http://ex.org/variable#115 http://www.ibm.com/timex#bi http://ex.org/variable#116	1
http://ex.org/variable#115 http://www.ibm.com/timex#bi http://ex.org/variable#117	1
http://ex.org/variable#115 http://www.ibm.com/timex#bi http://ex.org/variable#118	1
http://ex.org/variable#115 http://www.ibm.com/timex#d http://ex.org/variable#119	1
http://ex.org/variable#115 http://www.ibm.com/timex#bi http://ex.org/variable#120	1
http://ex.org/variable#115 http://www.ibm.com/timex#eq http://ex.org/variable#121	1
http://ex.org/variable#115 http://www.ibm.com/timex#bi http://ex.org/variable#122	1
http://ex.org/variable#115 http://www.ibm.com/timex#d http://ex.org/variable#123	1
http://ex.org/variable#115 http://www.ibm.com/timex#bi http://ex.org/variable#124	1
http://ex.org/variable#115 http://www.ibm.com/timex#bi http://ex.org/variable#125	1
http://ex.org/variable#115 http://www.ibm.com/timex#bi http://ex.org/variable#126	1
http://ex.org/variable#115 http://www.ibm.com/timex#oi http://ex.org/variable#127	1
http://ex.org/variable#115 http://www.ibm.com/timex#d http://ex.org/variable#128	1
http://ex.org/variable#115 http://www.ibm.com/timex#bi http://ex.org/variable#129	1
http://ex.org/variable#115 http://www.ibm.com/timex#bi http://ex.org/variable#130	1
http://ex.org/variable#115 http://www.ibm.com/timex#d http://ex.org/variable#131	1
http://ex.org/variable#115 http://www.ibm.com/timex#d http://ex.org/variable#132	1
http://ex.org/variable#115 http://www.ibm.com/timex#d http://ex.org/variable#133	1
http://ex.org/variable#115 http://www.ibm.com/timex#bi http://ex.org/variable#134	1
http://ex.org/variable#115 http://www.ibm.com/timex#d http://ex.org/variable#135	1
http://ex.org/variable#115 http://www.ibm.com/timex#d http://ex.org/variable#136	1
http://ex.org/variable#115 http://www.ibm.com/timex#bi http://ex.org/variable#137	1
http://ex.org/variable#115 http://www.ibm.com/timex#d http://ex.org/variable#138	1
http://ex.org/variable#115 http://www.ibm.com/timex#bi http://ex.org/variable#139	1
http://ex.org/variable#115 http://www.ibm.com/timex#bi http://ex.org/variable#140	1
http://ex.org/variable#115 http://www.ibm.com/timex#d http://ex.org/variable#141	1
http://ex.org/variable#115 http://www.ibm.com/timex#bi http://ex.org/variable#142	1
http://ex.org/variable#115 http://www.ibm.com/timex#d http://ex.org/variable#143	1
http://ex.org/variable#115 http://www.ibm.com/timex#d http://ex.org/variable#144	1
http://ex.org/variable#115 http://www.ibm.com/timex#f http://ex.org/variable#145	1
http://ex.org/variable#115 http://www.ibm.com/timex#d http://ex.org/variable#146	1
http://ex.org/variable#115 http://www.ibm.com/timex#bi http://ex.org/variable#147	1
http://ex.org/variable#115 http://www.ibm.com/timex#bi http://ex.org/variable#148	1
http://ex.org/variable#115 http://www.ibm.com/timex#bi http://ex.org/variable#149	1
http://ex.org/variable#115 http://www.ibm.com/timex#d http://ex.org/variable#150	1
http://ex.org/variable#115 http://www.ibm.com/timex#d http://ex.org/variable#151	1
http://ex.org/variable#115 http://www.ibm.com/timex#bi http://ex.org/variable#152	1
http://ex.org/variable#115 http://www.ibm.com/timex#d http://ex.org/variable#153	1
http://ex.org/variable#115 http://www.ibm.com/timex#bi http://ex.org/variable#154	1
http://ex.org/variable#115 http://www.ibm.com/timex#bi http://ex.org/variable#155	1
http://ex.org/variable#115 http://www.ibm.com/timex#bi http://ex.org/variable#156	1
http://ex.org/variable#115 http://www.ibm.com/timex#bi http://ex.org/variable#157	1
http://ex.org/variable#115 http://www.ibm.com/timex#bi http://ex.org/variable#158	1
http://ex.org/variable#115 http://www.ibm.com/timex#d http://ex.org/variable#159	1
http://ex.org/variable#115 http://www.ibm.com/timex#bi_mi_oi http://ex.org/variable#160	1
http://ex.org/variable#115 http://www.ibm.com/timex#bi http://ex.org/variable#161	1
http://ex.org/variable#115 http://www.ibm.com/timex#bi http://ex.org/variable#162	1
http://ex.org/variable#115 http://www.ibm.com/timex#f http://ex.org/variable#163	1
http://ex.org/variable#115 http://www.ibm.com/timex#d http://ex.org/variable#164	1
http://ex.org/variable#115 http://www.ibm.com/timex#bi http://ex.org/variable#165	1
http://ex.org/variable#115 http://www.ibm.com/timex#bi http://ex.org/variable#166	1
http://ex.org/variable#115 http://www.ibm.com/timex#bi http://ex.org/variable#167	1
http://ex.org/variable#115 http://www.ibm.com/timex#d http://ex.org/variable#168	1
http://ex.org/variable#115 http://www.ibm.com/timex#d http://ex.org/variable#169	1
http://ex.org/variable#115 http://www.ibm.com/timex#d http://ex.org/variable#170	1
http://ex.org/variable#115 http://www.ibm.com/timex#bi http://ex.org/variable#171	1
http://ex.org/variable#115 http://www.ibm.com/timex#bi http://ex.org/variable#172	1
http://ex.org/variable#115 http://www.ibm.com/timex#bi http://ex.org/variable#173	1
http://ex.org/variable#115 http://www.ibm.com/timex#bi http://ex.org/variable#174	1
http://ex.org/variable#115 http://www.ibm.com/timex#bi http://ex.org/variable#175	1
http://ex.org/variable#115 http://www.ibm.com/timex#d http://ex.org/variable#176	1
http://ex.org/variable#115 http://www.ibm.com/timex#bi http://ex.org/variable#177	1
http://ex.org/variable#115 http://www.ibm.com/timex#d http://ex.org/variable#178	1
http://ex.org/variable#115 http://www.ibm.com/timex#d http://ex.org/variable#179	1
http://ex.org/variable#115 http://www.ibm.com/timex#bi http://ex.org/variable#180	1
http://ex.org/variable#115 http://www.ibm.com/timex#bi http://ex.org/variable#181	1
http://ex.org/variable#115 http://www.ibm.com/timex#bi http://ex.org/variable#182	1
http://ex.org/variable#115 http://www.ibm.com/timex#d http://ex.org/variable#183	1
http://ex.org/variable#115 http://www.ibm.com/timex#bi http://ex.org/variable#184	1
http://ex.org/variable#115 http://www.ibm.com/timex#bi http://ex.org/variable#185	1
http://ex.org/variable#115 http://www.ibm.com/timex#f http://ex.org/variable#186	1
http://ex.org/variable#115 http://www.ibm.com/timex#bi http://ex.org/variable#187	1
http://ex.org/variable#115 http://www.ibm.com/timex#bi http://ex.org/variable#188	1
http://ex.org/variable#115 http://www.ibm.com/timex#bi http://ex.org/variable#189	1
http://ex.org/variable#116 http://www.ibm.com/timex#d http://ex.org/variable#0	1
http://ex.org/variable#116 http://www.ibm.com/timex#b http://ex.org/variable#1	1
http://ex.org/variable#116 http://www.ibm.com/timex#d http://ex.org/variable#2	1
http://ex.org/variable#116 http://www.ibm.com/timex#d http://ex.org/variable#3	1
http://ex.org/variable#116 http://www.ibm.com/timex#d http://ex.org/variable#4	1
http://ex.org/variable#116 http://www.ibm.com/timex#bi_mi http://ex.org/variable#5	1
http://ex.org/variable#116 http://www.ibm.com/timex#s http://ex.org/variable#6	1
http://ex.org/variable#116 http://www.ibm.com/timex#d http://ex.org/variable#7	1
http://ex.org/variable#116 http://www.ibm.com/timex#bi http://ex.org/variable#8	1
http://ex.org/variable#116 http://www.ibm.com/timex#d http://ex.org/variable#9	1
http://ex.org/variable#116 http://www.ibm.com/timex#d http://ex.org/variable#10	1
http://ex.org/variable#116 http://www.ibm.com/timex#d http://ex.org/variable#11	1
http://ex.org/variable#116 http://www.ibm.com/timex#d http://ex.org/variable#12	1
http://ex.org/variable#116 http://www.ibm.com/timex#bi http://ex.org/variable#13	1
http://ex.org/variable#116 http://www.ibm.com/timex#oi http://ex.org/variable#14	1
http://ex.org/variable#116 http://www.ibm.com/timex#d http://ex.org/variable#15	1
http://ex.org/variable#116 http://www.ibm.com/timex#d http://ex.org/variable#16	1
http://ex.org/variable#116 http://www.ibm.com/timex#b http://ex.org/variable#17	1
http://ex.org/variable#116 http://www.ibm.com/timex#d http://ex.org/variable#18	1
http://ex.org/variable#116 http://www.ibm.com/timex#bi http://ex.org/variable#19	1
http://ex.org/variable#116 http://www.ibm.com/timex#d http://ex.org/variable#20	1
http://ex.org/variable#116 http://www.ibm.com/timex#b http://ex.org/variable#21	1
http://ex.org/variable#116 http://www.ibm.com/timex#d http://ex.org/variable#22	1
http://ex.org/variable#116 http://www.ibm.com/timex#bi http://ex.org/variable#23	1
http://ex.org/variable#116 http://www.ibm.com/timex#d http://ex.org/variable#24	1
http://ex.org/variable#116 http://www.ibm.com/timex#bi http://ex.org/variable#25	1
http://ex.org/variable#116 http://www.ibm.com/timex#b http://ex.org/variable#26	1
http://ex.org/variable#116 http://www.ibm.com/timex#bi http://ex.org/variable#27	1
http://ex.org/variable#116 http://www.ibm.com/timex#d http://ex.org/variable#28	1
http://ex.org/variable#116 http://www.ibm.com/timex#d http://ex.org/variable#29	1
http://ex.org/variable#116 http://www.ibm.com/timex#bi http://ex.org/variable#30	1
http://ex.org/variable#116 http://www.ibm.com/timex#bi http://ex.org/variable#31	1
http://ex.org/variable#116 http://www.ibm.com/timex#bi http://ex.org/variable#32	1
http://ex.org/variable#116 http://www.ibm.com/timex#b http://ex.org/variable#33	1
http://ex.org/variable#116 http://www.ibm.com/timex#d http://ex.org/variable#34	1
http://ex.org/variable#116 http://www.ibm.com/timex#bi http://ex.org/variable#35	1
http://ex.org/variable#116 http://www.ibm.com/timex#bi http://ex.org/variable#36	1
http://ex.org/variable#116 http://www.ibm.com/timex#bi http://ex.org/variable#37	1
http://ex.org/variable#116 http://www.ibm.com/timex#d http://ex.org/variable#38	1
http://ex.org/variable#116 http://www.ibm.com/timex#b http://ex.org/variable#39	1
http://ex.org/variable#116 http://www.ibm.com/timex#d http://ex.org/variable#40	1
http://ex.org/variable#116 http://www.ibm.com/timex#d http://ex.org/variable#41	1
http://ex.org/variable#116 http://www.ibm.com/timex#d http://ex.org/variable#42	1
http://ex.org/variable#116 http://www.ibm.com/timex#d http://ex.org/variable#43	1
http://ex.org/variable#116 http://www.ibm.com/timex#d http://ex.org/variable#44	1
http://ex.org/variable#116 http://www.ibm.com/timex#d http://ex.org/variable#45	1
http://ex.org/variable#116 http://www.ibm.com/timex#oi http://ex.org/variable#46	1
http://ex.org/variable#116 http://www.ibm.com/timex#d http://ex.org/variable#47	1
http://ex.org/variable#116 http://www.ibm.com/timex#b http://ex.org/variable#48	1
http://ex.org/variable#116 http://www.ibm.com/timex#bi http://ex.org/variable#49	1
http://ex.org/variable#116 http://www.ibm.com/timex#d http://ex.org/variable#50	1
http://ex.org/variable#116 http://www.ibm.com/timex#b http://ex.org/variable#51	1
http://ex.org/variable#116 http://www.ibm.com/timex#d http://ex.org/variable#52	1
http://ex.org/variable#116 http://www.ibm.com/timex#d http://ex.org/variable#53	1
http://ex.org/variable#116 http://www.ibm.com/timex#d http://ex.org/variable#54	1
http://ex.org/variable#116 http://www.ibm.com/timex#d http://ex.org/variable#55	1
http://ex.org/variable#116 http://www.ibm.com/timex#bi http://ex.org/variable#56	1
http://ex.org/variable#116 http://www.ibm.com/timex#oi http://ex.org/variable#57	1
http://ex.org/variable#116 http://www.ibm.com/timex#d http://ex.org/variable#58	1
http://ex.org/variable#116 http://www.ibm.com/timex#d http://ex.org/variable#59	1
http://ex.org/variable#116 http://www.ibm.com/timex#d http://ex.org/variable#60	1
http://ex.org/variable#116 http://www.ibm.com/timex#d http://ex.org/variable#61	1
http://ex.org/variable#116 http://www.ibm.com/timex#d http://ex.org/variable#62	1
http://ex.org/variable#116 http://www.ibm.com/timex#d http://ex.org/variable#63	1
http://ex.org/variable#116 http://www.ibm.com/timex#d http://ex.org/variable#64	1
http://ex.org/variable#116 http://www.ibm.com/timex#bi http://ex.org/variable#65	1
http://ex.org/variable#116 http://www.ibm.com/timex#bi http://ex.org/variable#66	1
http://ex.org/variable#116 http://www.ibm.com/timex#d http://ex.org/variable#67	1
http://ex.org/variable#116 http://www.ibm.com/timex#d http://ex.org/variable#68	1
http://ex.org/variable#116 http://www.ibm.com/timex#oi http://ex.org/variable#69	1
http://ex.org/variable#116 http://www.ibm.com/timex#d http://ex.org/variable#70	1
http://ex.org/variable#116 http://www.ibm.com/timex#oi http://ex.org/variable#71	1
http://ex.org/variable#116 http://www.ibm.com/timex#d http://ex.org/variable#72	1
http://ex.org/variable#116 http://www.ibm.com/timex#d http://ex.org/variable#73	1
http://ex.org/variable#116 http://www.ibm.com/timex#d http://ex.org/variable#74	1
http://ex.org/variable#116 http://www.ibm.com/timex#d http://ex.org/variable#75	1
http://ex.org/variable#116 http://www.ibm.com/timex#d http://ex.org/variable#76	1
http://ex.org/variable#116 http://www.ibm.com/timex#d http://ex.org/variable#77	1
http://ex.org/variable#116 http://www.ibm.com/timex#d http://ex.org/variable#78	1
http://ex.org/variable#116 http://www.ibm.com/timex#bi_oi http://ex.org/variable#79	1
http://ex.org/variable#116 http://www.ibm.com/timex#d http://ex.org/variable#80	1
http://ex.org/variable#116 http://www.ibm.com/timex#oi http://ex.org/variable#81	1
http://ex.org/variable#116 http://www.ibm.com/timex#bi http://ex.org/variable#82	1
http://ex.org/variable#116 http://www.ibm.com/timex#d http://ex.org/variable#83	1
http://ex.org/variable#116 http://www.ibm.com/timex#d http://ex.org/variable#84	1
http://ex.org/variable#116 http://www.ibm.com/timex#b http://ex.org/variable#85	1
http://ex.org/variable#116 http://www.ibm.com/timex#d http://ex.org/variable#86	1
http://ex.org/variable#116 http://www.ibm.com/timex#d http://ex.org/variable#87	1
http://ex.org/variable#116 http://www.ibm.com/timex#b http://ex.org/variable#88	1
http://ex.org/variable#116 http://www.ibm.com/timex#d http://ex.org/variable#89	1
http://ex.org/variable#116 http://www.ibm.com/timex#d http://ex.org/variable#90	1
http://ex.org/variable#116 http://www.ibm.com/timex#d http://ex.org/variable#91	1
http://ex.org/variable#116 http://www.ibm.com/timex#d http://ex.org/variable#92	1
http://ex.org/variable#116 http://www.ibm.com/timex#d http://ex.org/variable#93	1
http://ex.org/variable#116 http://www.ibm.com/timex#oi http://ex.org/variable#94	1
http://ex.org/variable#116 http://www.ibm.com/timex#bi http://ex.org/variable#95	1
http://ex.org/variable#116 http://www.ibm.com/timex#bi http://ex.org/variable#96	1
http://ex.org/variable#116 http://www.ibm.com/timex#d http://ex.org/variable#97	1
http://ex.org/variable#116 http://www.ibm.com/timex#b http://ex.org/variable#98	1
http://ex.org/variable#116 http://www.ibm.com/timex#b http://ex.org/variable#99	1
http://ex.org/variable#116 http://www.ibm.com/timex#bi http://ex.org/variable#100	1
http://ex.org/variable#116 http://www.ibm.com/timex#d http://ex.org/variable#101	1
http://ex.org/variable#116 http://www.ibm.com/timex#o http://ex.org/variable#102	1
http://ex.org/variable#116 http://www.ibm.com/timex#d http://ex.org/variable#103	1
http://ex.org/variable#116 http://www.ibm.com/timex#b http://ex.org/variable#104	1
http://ex.org/variable#116 http://www.ibm.com/timex#d http://ex.org/variable#105	1
http://ex.org/variable#116 http://www.ibm.com/timex#d http://ex.org/variable#106	1
http://ex.org/variable#116 http://www.ibm.com/timex#d http://ex.org/variable#107	1
http://ex.org/variable#116 http://www.ibm.com/timex#bi_oi http://ex.org/variable#108	1
http://ex.org/variable#116 http://www.ibm.com/timex#o http://ex.org/variable#109	1
http://ex.org/variable#116 http://www.ibm.com/timex#d http://ex.org/variable#110	1
http://ex.org/variable#116 http://www.ibm.com/timex#d http://ex.org/variable#111	1
http://ex.org/variable#116 http://www.ibm.com/timex#d http://ex.org/variable#112	1
http://ex.org/variable#116 http://www.ibm.com/timex#bi http://ex.org/variable#113	1
http://ex.org/variable#116 http://www.ibm.com/timex#d http://ex.org/variable#114	1
http://ex.org/variable#116 http://www.ibm.com/timex#b http://ex.org/variable#115	1
http://ex.org/variable#116 http://www.ibm.com/timex#bi http://ex.org/variable#117	1
http://ex.org/variable#116 http://www.ibm.com/timex#oi http://ex.org/variable#118	1
http://ex.org/variable#116 http://www.ibm.com/timex#d http://ex.org/variable#119	1
http://ex.org/variable#116 http://www.ibm.com/timex#bi http://ex.org/variable#120	1
http://ex.org/variable#116 http://www.ibm.com/timex#b http://ex.org/variable#121	1
http://ex.org/variable#116 http://www.ibm.com/timex#d http://ex.org/variable#122	1
http://ex.org/variable#116 http://www.ibm.com/timex#d http://ex.org/variable#123	1
http://ex.org/variable#116 http://www.ibm.com/timex#bi http://ex.org/variable#124	1
http://ex.org/variable#116 http://www.ibm.com/timex#mi http://ex.org/variable#125	1
http://ex.org/variable#116 http://www.ibm.com/timex#d http://ex.org/variable#126	1
http://ex.org/variable#116 http://www.ibm.com/timex#b http://ex.org/variable#127	1
http://ex.org/variable#116 http://www.ibm.com/timex#d http://ex.org/variable#128	1
http://ex.org/variable#116 http://www.ibm.com/timex#bi http://ex.org/variable#129	1
http://ex.org/variable#116 http://www.ibm.com/timex#bi http://ex.org/variable#130	1
http://ex.org/variable#116 http://www.ibm.com/timex#b http://ex.org/variable#131	1
http://ex.org/variable#116 http://www.ibm.com/timex#d http://ex.org/variable#132	1
http://ex.org/variable#116 http://www.ibm.com/timex#d http://ex.org/variable#133	1
http://ex.org/variable#116 http://www.ibm.com/timex#mi http://ex.org/variable#134	1
http://ex.org/variable#116 http://www.ibm.com/timex#d http://ex.org/variable#135	1
http://ex.org/variable#116 http://www.ibm.com/timex#d http://ex.org/variable#136	1
http://ex.org/variable#116 http://www.ibm.com/timex#mi http://ex.org/variable#137	1
http://ex.org/variable#116 http://www.ibm.com/timex#b http://ex.org/variable#138	1
http://ex.org/variable#116 http://www.ibm.com/timex#bi http://ex.org/variable#139	1
http://ex.org/variable#116 http://www.ibm.com/timex#bi http://ex.org/variable#140	1
http://ex.org/variable#116 http://www.ibm.com/timex#d http://ex.org/variable#141	1
http://ex.org/variable#116 http://www.ibm.com/timex#oi http://ex.org/variable#142	1
http://ex.org/variable#116 http://www.ibm.com/timex#d http://ex.org/variable#143	1
http://ex.org/variable#116 http://www.ibm.com/timex#d http://ex.org/variable#144	1
http://ex.org/variable#116 http://www.ibm.com/timex#b http://ex.org/variable#145	1
http://ex.org/variable#116 http://www.ibm.com/timex#d http://ex.org/variable#146	1
http://ex.org/variable#116 http://www.ibm.com/timex#d http://ex.org/variable#147	1
http://ex.org/variable#116 http://www.ibm.com/timex#d http://ex.org/variable#148	1
http://ex.org/variable#116 http://www.ibm.com/timex#bi http://ex.org/variable#149	1
http://ex.org/variable#116 http://www.ibm.com/timex#b http://ex.org/variable#150	1
http://ex.org/variable#116 http://www.ibm.com/timex#d http://ex.org/variable#151	1
http://ex.org/variable#116 http://www.ibm.com/timex#bi http://ex.org/variable#152	1
http://ex.org/variable#116 http://www.ibm.com/timex#d http://ex.org/variable#153	1
http://ex.org/variable#116 http://www.ibm.com/timex#mi http://ex.org/variable#154	1
http://ex.org/variable#116 http://www.ibm.com/timex#d http://ex.org/variable#155	1
http://ex.org/variable#116 http://www.ibm.com/timex#d http://ex.org/variable#156	1
http://ex.org/variable#116 http://www.ibm.com/timex#bi http://ex.org/variable#157	1
http://ex.org/variable#116 http://www.ibm.com/timex#oi http://ex.org/variable#158	1
http://ex.org/variable#116 http://www.ibm.com/timex#d http://ex.org/variable#159	1
http://ex.org/variable#116 http://www.ibm.com/timex#d http://ex.org/variable#160	1
http://ex.org/variable#116 http://www.ibm.com/timex#mi http://ex.org/variable#161	1
http://ex.org/variable#116 http://www.ibm.com/timex#bi http://ex.org/variable#162	1
http://ex.org/variable#116 http://www.ibm.com/timex#d http://ex.org/variable#163	1
http://ex.org/variable#116 http://www.ibm.com/timex#d http://ex.org/variable#164	1
http://ex.org/variable#116 http://www.ibm.com/timex#bi http://ex.org/variable#165	1
http://ex.org/variable#116 http://www.ibm.com/timex#oi http://ex.org/variable#166	1
http://ex.org/variable#116 http://www.ibm.com/timex#d http://ex.org/variable#167	1
http://ex.org/variable#116 http://www.ibm.com/timex#d http://ex.org/variable#168	1
http://ex.org/variable#116 http://www.ibm.com/timex#d http://ex.org/variable#169	1
http://ex.org/variable#116 http://www.ibm.com/timex#b http://ex.org/variable#170	1
http://ex.org/variable#116 http://www.ibm.com/timex#oi http://ex.org/variable#171	1
http://ex.org/variable#116 http://www.ibm.com/timex#bi http://ex.org/variable#172	1
http://ex.org/variable#116 http://www.ibm.com/timex#b http://ex.org/variable#173	1
http://ex.org/variable#116 http://www.ibm.com/timex#d http://ex.org/variable#174	1
http://ex.org/variable#116 http://www.ibm.com/timex#d http://ex.org/variable#175	1
http://ex.org/variable#116 http://www.ibm.com/timex#d http://ex.org/variable#176	1
http://ex.org/variable#116 http://www.ibm.com/timex#d http://ex.org/variable#177	1
http://ex.org/variable#116 http://www.ibm.com/timex#d http://ex.org/variable#178	1
http://ex.org/variable#116 http://www.ibm.com/timex#d http://ex.org/variable#179	1
http://ex.org/variable#116 http://www.ibm.com/timex#bi http://ex.org/variable#180	1
http://ex.org/variable#116 http://www.ibm.com/timex#bi http://ex.org/variable#181	1
http://ex.org/variable#116 http://www.ibm.com/timex#bi http://ex.org/variable#182	1
http://ex.org/variable#116 http://www.ibm.com/timex#m http://ex.org/variable#183	1
http://ex.org/variable#116 http://www.ibm.com/timex#oi http://ex.org/variable#184	1
http://ex.org/variable#116 http://www.ibm.com/timex#d http://ex.org/variable#185	1
http://ex.org/variable#116 http://www.ibm.com/timex#d http://ex.org/variable#186	1
http://ex.org/variable#116 http://www.ibm.com/timex#d http://ex.org/variable#187	1
http://ex.org/variable#116 http://www.ibm.com/timex#d http://ex.org/variable#188	1
http://ex.org/variable#116 http://www.ibm.com/timex#oi http://ex.org/variable#189	1
http://ex.org/variable#117 http://www.ibm.com/timex#o http://ex.org/variable#0	1
http://ex.org/variable#117 http://www.ibm.com/timex#b http://ex.org/variable#1	1
http://ex.org/variable#117 http://www.ibm.com/timex#o http://ex.org/variable#2	1
http://ex.org/variable#117 http://www.ibm.com/timex#o http://ex.org/variable#3	1
http://ex.org/variable#117 http://www.ibm.com/timex#o http://ex.org/variable#4	1
http://ex.org/variable#117 http://www.ibm.com/timex#o_di http://ex.org/variable#5	1
http://ex.org/variable#117 http://www.ibm.com/timex#b http://ex.org/variable#6	1
http://ex.org/variable#117 http://www.ibm.com/timex#o http://ex.org/variable#7	1
http://ex.org/variable#117 http://www.ibm.com/timex#oi_di_si http://ex.org/variable#8	1
http://ex.org/variable#117 http://www.ibm.com/timex#b_m_o http://ex.org/variable#9	1
http://ex.org/variable#117 http://www.ibm.com/timex#o http://ex.org/variable#10	1
http://ex.org/variable#117 http://www.ibm.com/timex#o http://ex.org/variable#11	1
http://ex.org/variable#117 http://www.ibm.com/timex#d http://ex.org/variable#12	1
http://ex.org/variable#117 http://www.ibm.com/timex#o http://ex.org/variable#13	1
http://ex.org/variable#117 http://www.ibm.com/timex#b_m http://ex.org/variable#14	1
http://ex.org/variable#117 http://www.ibm.com/timex#o http://ex.org/variable#15	1
http://ex.org/variable#117 http://www.ibm.com/timex#o http://ex.org/variable#16	1
http://ex.org/variable#117 http://www.ibm.com/timex#b http://ex.org/variable#17	1
http://ex.org/variable#117 http://www.ibm.com/timex#o http://ex.org/variable#18	1
http://ex.org/variable#117 http://www.ibm.com/timex#di http://ex.org/variable#19	1
http://ex.org/variable#117 http://www.ibm.com/timex#d http://ex.org/variable#20	1
http://ex.org/variable#117 http://www.ibm.com/timex#b http://ex.org/variable#21	1
http://ex.org/variable#117 http://www.ibm.com/timex#o http://ex.org/variable#22	1
http://ex.org/variable#117 http://www.ibm.com/timex#di http://ex.org/variable#23	1
http://ex.org/variable#117 http://www.ibm.com/timex#d http://ex.org/variable#24	1
http://ex.org/variable#117 http://www.ibm.com/timex#oi http://ex.org/variable#25	1
http://ex.org/variable#117 http://www.ibm.com/timex#b http://ex.org/variable#26	1
http://ex.org/variable#117 http://www.ibm.com/timex#oi http://ex.org/variable#27	1
http://ex.org/variable#117 http://www.ibm.com/timex#o http://ex.org/variable#28	1
http://ex.org/variable#117 http://www.ibm.com/timex#o http://ex.org/variable#29	1
http://ex.org/variable#117 http://www.ibm.com/timex#o http://ex.org/variable#30	1
http://ex.org/variable#117 http://www.ibm.com/timex#d http://ex.org/variable#31	1
http://ex.org/variable#117 http://www.ibm.com/timex#oi http://ex.org/variable#32	1
http://ex.org/variable#117 http://www.ibm.com/timex#b http://ex.org/variable#33	1
http://ex.org/variable#117 http://www.ibm.com/timex#o http://ex.org/variable#34	1
http://ex.org/variable#117 http://www.ibm.com/timex#di http://ex.org/variable#35	1
http://ex.org/variable#117 http://www.ibm.com/timex#oi http://ex.org/variable#36	1
http://ex.org/variable#117 http://www.ibm.com/timex#di http://ex.org/variable#37	1
http://ex.org/variable#117 http://www.ibm.com/timex#o_d http://ex.org/variable#38	1
http://ex.org/variable#117 http://www.ibm.com/timex#b http://ex.org/variable#39	1
http://ex.org/variable#117 http://www.ibm.com/timex#o_d_s http://ex.org/variable#40	1
http://ex.org/variable#117 http://www.ibm.com/timex#o http://ex.org/variable#41	1
http://ex.org/variable#117 http://www.ibm.com/timex#o http://ex.org/variable#42	1
http://ex.org/variable#117 http://www.ibm.com/timex#d http://ex.org/variable#43	1
http://ex.org/variable#117 http://www.ibm.com/timex#o_d http://ex.org/variable#44	1
http://ex.org/variable#117 http://www.ibm.com/timex#o http://ex.org/variable#45	1
http://ex.org/variable#117 http://www.ibm.com/timex#d http://ex.org/variable#46	1
http://ex.org/variable#117 http://www.ibm.com/timex#d http://ex.org/variable#47	1
http://ex.org/variable#117 http://www.ibm.com/timex#b http://ex.org/variable#48	1
http://ex.org/variable#117 http://www.ibm.com/timex#oi http://ex.org/variable#49	1
http://ex.org/variable#117 http://www.ibm.com/timex#o http://ex.org/variable#50	1
http://ex.org/variable#117 http://www.ibm.com/timex#b http://ex.org/variable#51	1
http://ex.org/variable#117 http://www.ibm.com/timex#d http://ex.org/variable#52	1
http://ex.org/variable#117 http://www.ibm.com/timex#o_d_s http://ex.org/variable#53	1
http://ex.org/variable#117 http://www.ibm.com/timex#o http://ex.org/variable#54	1
http://ex.org/variable#117 http://www.ibm.com/timex#o http://ex.org/variable#55	1
http://ex.org/variable#117 http://www.ibm.com/timex#o http://ex.org/variable#56	1
http://ex.org/variable#117 http://www.ibm.com/timex#d http://ex.org/variable#57	1
http://ex.org/variable#117 http://www.ibm.com/timex#o http://ex.org/variable#58	1
http://ex.org/variable#117 http://www.ibm.com/timex#o http://ex.org/variable#59	1
http://ex.org/variable#117 http://www.ibm.com/timex#d http://ex.org/variable#60	1
http://ex.org/variable#117 http://www.ibm.com/timex#d http://ex.org/variable#61	1
http://ex.org/variable#117 http://www.ibm.com/timex#o http://ex.org/variable#62	1
http://ex.org/variable#117 http://www.ibm.com/timex#d http://ex.org/variable#63	1
http://ex.org/variable#117 http://www.ibm.com/timex#d http://ex.org/variable#64	1
http://ex.org/variable#117 http://www.ibm.com/timex#di http://ex.org/variable#65	1
http://ex.org/variable#117 http://www.ibm.com/timex#oi http://ex.org/variable#66	1
http://ex.org/variable#117 http://www.ibm.com/timex#o http://ex.org/variable#67	1
http://ex.org/variable#117 http://www.ibm.com/timex#o http://ex.org/variable#68	1
http://ex.org/variable#117 http://www.ibm.com/timex#o http://ex.org/variable#69	1
http://ex.org/variable#117 http://www.ibm.com/timex#o http://ex.org/variable#70	1
http://ex.org/variable#117 http://www.ibm.com/timex#o http://ex.org/variable#71	1
http://ex.org/variable#117 http://www.ibm.com/timex#o http://ex.org/variable#72	1
http://ex.org/variable#117 http://www.ibm.com/timex#o http://ex.org/variable#73	1
http://ex.org/variable#117 http://www.ibm.com/timex#o http://ex.org/variable#74	1
http://ex.org/variable#117 http://www.ibm.com/timex#o http://ex.org/variable#75	1
http://ex.org/variable#117 http://www.ibm.com/timex#o http://ex.org/variable#76	1
http://ex.org/variable#117 http://www.ibm.com/timex#o http://ex.org/variable#77	1
http://ex.org/variable#117 http://www.ibm.com/timex#o http://ex.org/variable#78	1
http://ex.org/variable#117 http://www.ibm.com/timex#d http://ex.org/variable#79	1
http://ex.org/variable#117 http://www.ibm.com/timex#d http://ex.org/variable#80	1
http://ex.org/variable#117 http://www.ibm.com/timex#d http://ex.org/variable#81	1
http://ex.org/variable#117 http://www.ibm.com/timex#di http://ex.org/variable#82	1
http://ex.org/variable#117 http://www.ibm.com/timex#d http://ex.org/variable#83	1
http://ex.org/variable#117 http://www.ibm.com/timex#b_m_o http://ex.org/variable#84	1
http://ex.org/variable#117 http://www.ibm.com/timex#b http://ex.org/variable#85	1
http://ex.org/variable#117 http://www.ibm.com/timex#d http://ex.org/variable#86	1
http://ex.org/variable#117 http://www.ibm.com/timex#o http://ex.org/variable#87	1
http://ex.org/variable#117 http://www.ibm.com/timex#b http://ex.org/variable#88	1
http://ex.org/variable#117 http://www.ibm.com/timex#o http://ex.org/variable#89	1
http://ex.org/variable#117 http://www.ibm.com/timex#o http://ex.org/variable#90	1
http://ex.org/variable#117 http://www.ibm.com/timex#o http://ex.org/variable#91	1
http://ex.org/variable#117 http://www.ibm.com/timex#o http://ex.org/variable#92	1
http://ex.org/variable#117 http://www.ibm.com/timex#o http://ex.org/variable#93	1
http://ex.org/variable#117 http://www.ibm.com/timex#o http://ex.org/variable#94	1
http://ex.org/variable#117 http://www.ibm.com/timex#di http://ex.org/variable#95	1
http://ex.org/variable#117 http://www.ibm.com/timex#di http://ex.org/variable#96	1
http://ex.org/variable#117 http://www.ibm.com/timex#o http://ex.org/variable#97	1
http://ex.org/variable#117 http://www.ibm.com/timex#b http://ex.org/variable#98	1
http://ex.org/variable#117 http://www.ibm.com/timex#b http://ex.org/variable#99	1
http://ex.org/variable#117 http://www.ibm.com/timex#oi_si http://ex.org/variable#100	1
http://ex.org/variable#117 http://www.ibm.com/timex#o http://ex.org/variable#101	1
http://ex.org/variable#117 http://www.ibm.com/timex#b http://ex.org/variable#102	1
http://ex.org/variable#117 http://www.ibm.com/timex#o_d http://ex.org/variable#103	1
http://ex.org/variable#117 http://www.ibm.com/timex#b http://ex.org/variable#104	1
http://ex.org/variable#117 http://www.ibm.com/timex#o http://ex.org/variable#105	1
http://ex.org/variable#117 http://www.ibm.com/timex#d http://ex.org/variable#106	1
http://ex.org/variable#117 http://www.ibm.com/timex#o http://ex.org/variable#107	1
http://ex.org/variable#117 http://www.ibm.com/timex#o_fi http://ex.org/variable#108	1
http://ex.org/variable#117 http://www.ibm.com/timex#b http://ex.org/variable#109	1
http://ex.org/variable#117 http://www.ibm.com/timex#d http://ex.org/variable#110	1
http://ex.org/variable#117 http://www.ibm.com/timex#o http://ex.org/variable#111	1
http://ex.org/variable#117 http://www.ibm.com/timex#d http://ex.org/variable#112	1
http://ex.org/variable#117 http://www.ibm.com/timex#o http://ex.org/variable#113	1
http://ex.org/variable#117 http://www.ibm.com/timex#o http://ex.org/variable#114	1
http://ex.org/variable#117 http://www.ibm.com/timex#b http://ex.org/variable#115	1
http://ex.org/variable#117 http://www.ibm.com/timex#b http://ex.org/variable#116	1
http://ex.org/variable#117 http://www.ibm.com/timex#o http://ex.org/variable#118	1
http://ex.org/variable#117 http://www.ibm.com/timex#d http://ex.org/variable#119	1
http://ex.org/variable#117 http://www.ibm.com/timex#o_fi http://ex.org/variable#120	1
http://ex.org/variable#117 http://www.ibm.com/timex#b http://ex.org/variable#121	1
http://ex.org/variable#117 http://www.ibm.com/timex#d http://ex.org/variable#122	1
http://ex.org/variable#117 http://www.ibm.com/timex#o http://ex.org/variable#123	1
http://ex.org/variable#117 http://www.ibm.com/timex#d http://ex.org/variable#124	1
http://ex.org/variable#117 http://www.ibm.com/timex#d http://ex.org/variable#125	1
http://ex.org/variable#117 http://www.ibm.com/timex#o http://ex.org/variable#126	1
http://ex.org/variable#117 http://www.ibm.com/timex#b http://ex.org/variable#127	1
http://ex.org/variable#117 http://www.ibm.com/timex#o http://ex.org/variable#128	1
http://ex.org/variable#117 http://www.ibm.com/timex#oi_d_f http://ex.org/variable#129	1
http://ex.org/variable#117 http://www.ibm.com/timex#di http://ex.org/variable#130	1
http://ex.org/variable#117 http://www.ibm.com/timex#b http://ex.org/variable#131	1
http://ex.org/variable#117 http://www.ibm.com/timex#o_d_s http://ex.org/variable#132	1
http://ex.org/variable#117 http://www.ibm.com/timex#o http://ex.org/variable#133	1
http://ex.org/variable#117 http://www.ibm.com/timex#d http://ex.org/variable#134	1
http://ex.org/variable#117 http://www.ibm.com/timex#o http://ex.org/variable#135	1
http://ex.org/variable#117 http://www.ibm.com/timex#o http://ex.org/variable#136	1
http://ex.org/variable#117 http://www.ibm.com/timex#o http://ex.org/variable#137	1
http://ex.org/variable#117 http://www.ibm.com/timex#b http://ex.org/variable#138	1
http://ex.org/variable#117 http://www.ibm.com/timex#o http://ex.org/variable#139	1
http://ex.org/variable#117 http://www.ibm.com/timex#o http://ex.org/variable#140	1
http://ex.org/variable#117 http://www.ibm.com/timex#d http://ex.org/variable#141	1
http://ex.org/variable#117 http://www.ibm.com/timex#o http://ex.org/variable#142	1
http://ex.org/variable#117 http://www.ibm.com/timex#o http://ex.org/variable#143	1
http://ex.org/variable#117 http://www.ibm.com/timex#o http://ex.org/variable#144	1
http://ex.org/variable#117 http://www.ibm.com/timex#b http://ex.org/variable#145	1
http://ex.org/variable#117 http://www.ibm.com/timex#o http://ex.org/variable#146	1
http://ex.org/variable#117 http://www.ibm.com/timex#o http://ex.org/variable#147	1
http://ex.org/variable#117 http://www.ibm.com/timex#o http://ex.org/variable#148	1
http://ex.org/variable#117 http://www.ibm.com/timex#oi http://ex.org/variable#149	1
http://ex.org/variable#117 http://www.ibm.com/timex#b http://ex.org/variable#150	1
http://ex.org/variable#117 http://www.ibm.com/timex#o http://ex.org/variable#151	1
http://ex.org/variable#117 http://www.ibm.com/timex#oi http://ex.org/variable#152	1
http://ex.org/variable#117 http://www.ibm.com/timex#o http://ex.org/variable#153	1
http://ex.org/variable#117 http://www.ibm.com/timex#o http://ex.org/variable#154	1
http://ex.org/variable#117 http://www.ibm.com/timex#d http://ex.org/variable#155	1
http://ex.org/variable#117 http://www.ibm.com/timex#o http://ex.org/variable#156	1
http://ex.org/variable#117 http://www.ibm.com/timex#di http://ex.org/variable#157	1
http://ex.org/variable#117 http://www.ibm.com/timex#o http://ex.org/variable#158	1
http://ex.org/variable#117 http://www.ibm.com/timex#o http://ex.org/variable#159	1
http://ex.org/variable#117 http://www.ibm.com/timex#o http://ex.org/variable#160	1
http://ex.org/variable#117 http://www.ibm.com/timex#o http://ex.org/variable#161	1
http://ex.org/variable#117 http://www.ibm.com/timex#o_di http://ex.org/variable#162	1
http://ex.org/variable#117 http://www.ibm.com/timex#o http://ex.org/variable#163	1
http://ex.org/variable#117 http://www.ibm.com/timex#o http://ex.org/variable#164	1
http://ex.org/variable#117 http://www.ibm.com/timex#o http://ex.org/variable#165	1
http://ex.org/variable#117 http://www.ibm.com/timex#d http://ex.org/variable#166	1
http://ex.org/variable#117 http://www.ibm.com/timex#o_d_s http://ex.org/variable#167	1
http://ex.org/variable#117 http://www.ibm.com/timex#o http://ex.org/variable#168	1
http://ex.org/variable#117 http://www.ibm.com/timex#d http://ex.org/variable#169	1
http://ex.org/variable#117 http://www.ibm.com/timex#b http://ex.org/variable#170	1
http://ex.org/variable#117 http://www.ibm.com/timex#d http://ex.org/variable#171	1
http://ex.org/variable#117 http://www.ibm.com/timex#oi http://ex.org/variable#172	1
http://ex.org/variable#117 http://www.ibm.com/timex#b http://ex.org/variable#173	1
http://ex.org/variable#117 http://www.ibm.com/timex#o http://ex.org/variable#174	1
http://ex.org/variable#117 http://www.ibm.com/timex#o_d_s http://ex.org/variable#175	1
http://ex.org/variable#117 http://www.ibm.com/timex#o http://ex.org/variable#176	1
http://ex.org/variable#117 http://www.ibm.com/timex#o http://ex.org/variable#177	1
http://ex.org/variable#117 http://www.ibm.com/timex#o http://ex.org/variable#178	1
http://ex.org/variable#117 http://www.ibm.com/timex#o http://ex.org/variable#179	1
http://ex.org/variable#117 http://www.ibm.com/timex#di http://ex.org/variable#180	1
http://ex.org/variable#117 http://www.ibm.com/timex#oi http://ex.org/variable#181	1
http://ex.org/variable#117 http://www.ibm.com/timex#o http://ex.org/variable#182	1
http://ex.org/variable#117 http://www.ibm.com/timex#b http://ex.org/variable#183	1
http://ex.org/variable#117 http://www.ibm.com/timex#o http://ex.org/variable#184	1
http://ex.org/variable#117 http://www.ibm.com/timex#o http://ex.org/variable#185	1
http://ex.org/variable#117 http://www.ibm.com/timex#o http://ex.org/variable#186	1
http://ex.org/variable#117 http://www.ibm.com/timex#d http://ex.org/variable#187	1
http://ex.org/variable#117 http://www.ibm.com/timex#o http://ex.org/variable#188	1
http://ex.org/variable#117 http://www.ibm.com/timex#o http://ex.org/variable#189	1
http://ex.org/variable#118 http://www.ibm.com/timex#o http://ex.org/variable#0	1
http://ex.org/variable#118 http://www.ibm.com/timex#b http://ex.org/variable#1	1
http://ex.org/variable#118 http://www.ibm.com/timex#o http://ex.org/variable#2	1
http://ex.org/variable#118 http://www.ibm.com/timex#o http://ex.org/variable#3	1
http://ex.org/variable#118 http://www.ibm.com/timex#o http://ex.org/variable#4	1
http://ex.org/variable#118 http://www.ibm.com/timex#di http://ex.org/variable#5	1
http://ex.org/variable#118 http://www.ibm.com/timex#o http://ex.org/variable#6	1
http://ex.org/variable#118 http://www.ibm.com/timex#o http://ex.org/variable#7	1
http://ex.org/variable#118 http://www.ibm.com/timex#oi http://ex.org/variable#8	1
http://ex.org/variable#118 http://www.ibm.com/timex#o http://ex.org/variable#9	1
http://ex.org/variable#118 http://www.ibm.com/timex#o http://ex.org/variable#10	1
http://ex.org/variable#118 http://www.ibm.com/timex#o http://ex.org/variable#11	1
http://ex.org/variable#118 http://www.ibm.com/timex#d http://ex.org/variable#12	1
http://ex.org/variable#118 http://www.ibm.com/timex#oi_di http://ex.org/variable#13	1
http://ex.org/variable#118 http://www.ibm.com/timex#o http://ex.org/variable#14	1
http://ex.org/variable#118 http://www.ibm.com/timex#d http://ex.org/variable#15	1
http://ex.org/variable#118 http://www.ibm.com/timex#o http://ex.org/variable#16	1
http://ex.org/variable#118 http://www.ibm.com/timex#b http://ex.org/variable#17	1
http://ex.org/variable#118 http://www.ibm.com/timex#o http://ex.org/variable#18	1
http://ex.org/variable#118 http://www.ibm.com/timex#di_si http://ex.org/variable#19	1
http://ex.org/variable#118 http://www.ibm.com/timex#d http://ex.org/variable#20	1
http://ex.org/variable#118 http://www.ibm.com/timex#b http://ex.org/variable#21	1
http://ex.org/variable#118 http://www.ibm.com/timex#o http://ex.org/variable#22	1
http://ex.org/variable#118 http://www.ibm.com/timex#di http://ex.org/variable#23	1
http://ex.org/variable#118 http://www.ibm.com/timex#d http://ex.org/variable#24	1
http://ex.org/variable#118 http://www.ibm.com/timex#oi http://ex.org/variable#25	1
http://ex.org/variable#118 http://www.ibm.com/timex#b http://ex.org/variable#26	1
http://ex.org/variable#118 http://www.ibm.com/timex#oi http://ex.org/variable#27	1
http://ex.org/variable#118 http://www.ibm.com/timex#o http://ex.org/variable#28	1
http://ex.org/variable#118 http://www.ibm.com/timex#o http://ex.org/variable#29	1
http://ex.org/variable#118 http://www.ibm.com/timex#di http://ex.org/variable#30	1
http://ex.org/variable#118 http://www.ibm.com/timex#oi http://ex.org/variable#31	1
http://ex.org/variable#118 http://www.ibm.com/timex#oi http://ex.org/variable#32	1
http://ex.org/variable#118 http://www.ibm.com/timex#b http://ex.org/variable#33	1
http://ex.org/variable#118 http://www.ibm.com/timex#o http://ex.org/variable#34	1
http://ex.org/variable#118 http://www.ibm.com/timex#di http://ex.org/variable#35	1
http://ex.org/variable#118 http://www.ibm.com/timex#oi http://ex.org/variable#36	1
http://ex.org/variable#118 http://www.ibm.com/timex#oi http://ex.org/variable#37	1
http://ex.org/variable#118 http://www.ibm.com/timex#d http://ex.org/variable#38	1
http://ex.org/variable#118 http://www.ibm.com/timex#b http://ex.org/variable#39	1
http://ex.org/variable#118 http://www.ibm.com/timex#d http://ex.org/variable#40	1
http://ex.org/variable#118 http://www.ibm.com/timex#o http://ex.org/variable#41	1
http://ex.org/variable#118 http://www.ibm.com/timex#o http://ex.org/variable#42	1
http://ex.org/variable#118 http://www.ibm.com/timex#d http://ex.org/variable#43	1
http://ex.org/variable#118 http://www.ibm.com/timex#d http://ex.org/variable#44	1
http://ex.org/variable#118 http://www.ibm.com/timex#o http://ex.org/variable#45	1
http://ex.org/variable#118 http://www.ibm.com/timex#d http://ex.org/variable#46	1
http://ex.org/variable#118 http://www.ibm.com/timex#d http://ex.org/variable#47	1
http://ex.org/variable#118 http://www.ibm.com/timex#b http://ex.org/variable#48	1
http://ex.org/variable#118 http://www.ibm.com/timex#oi http://ex.org/variable#49	1
http://ex.org/variable#118 http://www.ibm.com/timex#o http://ex.org/variable#50	1
http://ex.org/variable#118 http://www.ibm.com/timex#b http://ex.org/variable#51	1
http://ex.org/variable#118 http://www.ibm.com/timex#d http://ex.org/variable#52	1
http://ex.org/variable#118 http://www.ibm.com/timex#d http://ex.org/variable#53	1
http://ex.org/variable#118 http://www.ibm.com/timex#o http://ex.org/variable#54	1
http://ex.org/variable#118 http://www.ibm.com/timex#o http://ex.org/variable#55	1
http://ex.org/variable#118 http://www.ibm.com/timex#di http://ex.org/variable#56	1
http://ex.org/variable#118 http://www.ibm.com/timex#d http://ex.org/variable#57	1
http://ex.org/variable#118 http://www.ibm.com/timex#o http://ex.org/variable#58	1
http://ex.org/variable#118 http://www.ibm.com/timex#o http://ex.org/variable#59	1
http://ex.org/variable#118 http://www.ibm.com/timex#d http://ex.org/variable#60	1
http://ex.org/variable#118 http://www.ibm.com/timex#d http://ex.org/variable#61	1
http://ex.org/variable#118 http://www.ibm.com/timex#o http://ex.org/variable#62	1
http://ex.org/variable#118 http://www.ibm.com/timex#d http://ex.org/variable#63	1
http://ex.org/variable#118 http://www.ibm.com/timex#d http://ex.org/variable#64	1
http://ex.org/variable#118 http://www.ibm.com/timex#di http://ex.org/variable#65	1
http://ex.org/variable#118 http://www.ibm.com/timex#oi http://ex.org/variable#66	1
http://ex.org/variable#118 http://www.ibm.com/timex#o http://ex.org/variable#67	1
http://ex.org/variable#118 http://www.ibm.com/timex#o http://ex.org/variable#68	1
http://ex.org/variable#118 http://www.ibm.com/timex#o http://ex.org/variable#69	1
http://ex.org/variable#118 http://www.ibm.com/timex#o http://ex.org/variable#70	1
http://ex.org/variable#118 http://www.ibm.com/timex#o http://ex.org/variable#71	1
http://ex.org/variable#118 http://www.ibm.com/timex#o http://ex.org/variable#72	1
http://ex.org/variable#118 http://www.ibm.com/timex#o http://ex.org/variable#73	1
http://ex.org/variable#118 http://www.ibm.com/timex#o http://ex.org/variable#74	1
http://ex.org/variable#118 http://www.ibm.com/timex#o http://ex.org/variable#75	1
http://ex.org/variable#118 http://www.ibm.com/timex#o http://ex.org/variable#76	1
http://ex.org/variable#118 http://www.ibm.com/timex#o http://ex.org/variable#77	1
http://ex.org/variable#118 http://www.ibm.com/timex#o http://ex.org/variable#78	1
http://ex.org/variable#118 http://www.ibm.com/timex#oi http://ex.org/variable#79	1
http://ex.org/variable#118 http://www.ibm.com/timex#d http://ex.org/variable#80	1
http://ex.org/variable#118 http://www.ibm.com/timex#d http://ex.org/variable#81	1
http://ex.org/variable#118 http://www.ibm.com/timex#di http://ex.org/variable#82	1
http://ex.org/variable#118 http://www.ibm.com/timex#d http://ex.org/variable#83	1
http://ex.org/variable#118 http://www.ibm.com/timex#o http://ex.org/variable#84	1
http://ex.org/variable#118 http://www.ibm.com/timex#b http://ex.org/variable#85	1
http://ex.org/variable#118 http://www.ibm.com/timex#d http://ex.org/variable#86	1
http://ex.org/variable#118 http://www.ibm.com/timex#o http://ex.org/variable#87	1
http://ex.org/variable#118 http://www.ibm.com/timex#b http://ex.org/variable#88	1
http://ex.org/variable#118 http://www.ibm.com/timex#o http://ex.org/variable#89	1
http://ex.org/variable#118 http://www.ibm.com/timex#o http://ex.org/variable#90	1
http://ex.org/variable#118 http://www.ibm.com/timex#o http://ex.org/variable#91	1
http://ex.org/variable#118 http://www.ibm.com/timex#o http://ex.org/variable#92	1
http://ex.org/variable#118 http://www.ibm.com/timex#o http://ex.org/variable#93	1
http://ex.org/variable#118 http://www.ibm.com/timex#o http://ex.org/variable#94	1
http://ex.org/variable#118 http://www.ibm.com/timex#di http://ex.org/variable#95	1
http://ex.org/variable#118 http://www.ibm.com/timex#di http://ex.org/variable#96	1
http://ex.org/variable#118 http://www.ibm.com/timex#o http://ex.org/variable#97	1
http://ex.org/variable#118 http://www.ibm.com/timex#b http://ex.org/variable#98	1
http://ex.org/variable#118 http://www.ibm.com/timex#b http://ex.org/variable#99	1
http://ex.org/variable#118 http://www.ibm.com/timex#oi http://ex.org/variable#100	1
http://ex.org/variable#118 http://www.ibm.com/timex#o http://ex.org/variable#101	1
http://ex.org/variable#118 http://www.ibm.com/timex#o http://ex.org/variable#102	1
http://ex.org/variable#118 http://www.ibm.com/timex#d http://ex.org/variable#103	1
http://ex.org/variable#118 http://www.ibm.com/timex#b http://ex.org/variable#104	1
http://ex.org/variable#118 http://www.ibm.com/timex#o http://ex.org/variable#105	1
http://ex.org/variable#118 http://www.ibm.com/timex#d http://ex.org/variable#106	1
http://ex.org/variable#118 http://www.ibm.com/timex#o http://ex.org/variable#107	1
http://ex.org/variable#118 http://www.ibm.com/timex#di http://ex.org/variable#108	1
http://ex.org/variable#118 http://www.ibm.com/timex#o http://ex.org/variable#109	1
http://ex.org/variable#118 http://www.ibm.com/timex#d http://ex.org/variable#110	1
http://ex.org/variable#118 http://www.ibm.com/timex#o http://ex.org/variable#111	1
http://ex.org/variable#118 http://www.ibm.com/timex#d http://ex.org/variable#112	1
http://ex.org/variable#118 http://www.ibm.com/timex#di http://ex.org/variable#113	1
http://ex.org/variable#118 http://www.ibm.com/timex#o http://ex.org/variable#114	1
http://ex.org/variable#118 http://www.ibm.com/timex#b http://ex.org/variable#115	1
http://ex.org/variable#118 http://www.ibm.com/timex#o http://ex.org/variable#116	1
http://ex.org/variable#118 http://www.ibm.com/timex#oi http://ex.org/variable#117	1
http://ex.org/variable#118 http://www.ibm.com/timex#d http://ex.org/variable#119	1
http://ex.org/variable#118 http://www.ibm.com/timex#di http://ex.org/variable#120	1
http://ex.org/variable#118 http://www.ibm.com/timex#b http://ex.org/variable#121	1
http://ex.org/variable#118 http://www.ibm.com/timex#d http://ex.org/variable#122	1
http://ex.org/variable#118 http://www.ibm.com/timex#o http://ex.org/variable#123	1
http://ex.org/variable#118 http://www.ibm.com/timex#oi http://ex.org/variable#124	1
http://ex.org/variable#118 http://www.ibm.com/timex#oi http://ex.org/variable#125	1
http://ex.org/variable#118 http://www.ibm.com/timex#o http://ex.org/variable#126	1
http://ex.org/variable#118 http://www.ibm.com/timex#b http://ex.org/variable#127	1
http://ex.org/variable#118 http://www.ibm.com/timex#o http://ex.org/variable#128	1
http://ex.org/variable#118 http://www.ibm.com/timex#oi http://ex.org/variable#129	1
http://ex.org/variable#118 http://www.ibm.com/timex#di http://ex.org/variable#130	1
http://ex.org/variable#118 http://www.ibm.com/timex#b http://ex.org/variable#131	1
http://ex.org/variable#118 http://www.ibm.com/timex#d http://ex.org/variable#132	1
http://ex.org/variable#118 http://www.ibm.com/timex#o http://ex.org/variable#133	1
http://ex.org/variable#118 http://www.ibm.com/timex#oi http://ex.org/variable#134	1
http://ex.org/variable#118 http://www.ibm.com/timex#o http://ex.org/variable#135	1
http://ex.org/variable#118 http://www.ibm.com/timex#o http://ex.org/variable#136	1
http://ex.org/variable#118 http://www.ibm.com/timex#di http://ex.org/variable#137	1
http://ex.org/variable#118 http://www.ibm.com/timex#b http://ex.org/variable#138	1
http://ex.org/variable#118 http://www.ibm.com/timex#di http://ex.org/variable#139	1
http://ex.org/variable#118 http://www.ibm.com/timex#di http://ex.org/variable#140	1
http://ex.org/variable#118 http://www.ibm.com/timex#d http://ex.org/variable#141	1
http://ex.org/variable#118 http://www.ibm.com/timex#eq http://ex.org/variable#142	1
http://ex.org/variable#118 http://www.ibm.com/timex#o_s http://ex.org/variable#143	1
http://ex.org/variable#118 http://www.ibm.com/timex#o http://ex.org/variable#144	1
http://ex.org/variable#118 http://www.ibm.com/timex#b http://ex.org/variable#145	1
http://ex.org/variable#118 http://www.ibm.com/timex#o http://ex.org/variable#146	1
http://ex.org/variable#118 http://www.ibm.com/timex#o http://ex.org/variable#147	1
http://ex.org/variable#118 http://www.ibm.com/timex#o http://ex.org/variable#148	1
http://ex.org/variable#118 http://www.ibm.com/timex#oi http://ex.org/variable#149	1
http://ex.org/variable#118 http://www.ibm.com/timex#b http://ex.org/variable#150	1
http://ex.org/variable#118 http://www.ibm.com/timex#o http://ex.org/variable#151	1
http://ex.org/variable#118 http://www.ibm.com/timex#oi http://ex.org/variable#152	1
http://ex.org/variable#118 http://www.ibm.com/timex#o http://ex.org/variable#153	1
http://ex.org/variable#118 http://www.ibm.com/timex#di http://ex.org/variable#154	1
http://ex.org/variable#118 http://www.ibm.com/timex#d http://ex.org/variable#155	1
http://ex.org/variable#118 http://www.ibm.com/timex#o http://ex.org/variable#156	1
http://ex.org/variable#118 http://www.ibm.com/timex#di http://ex.org/variable#157	1
http://ex.org/variable#118 http://www.ibm.com/timex#di http://ex.org/variable#158	1
http://ex.org/variable#118 http://www.ibm.com/timex#o http://ex.org/variable#159	1
http://ex.org/variable#118 http://www.ibm.com/timex#o http://ex.org/variable#160	1
http://ex.org/variable#118 http://www.ibm.com/timex#di http://ex.org/variable#161	1
http://ex.org/variable#118 http://www.ibm.com/timex#di http://ex.org/variable#162	1
http://ex.org/variable#118 http://www.ibm.com/timex#o http://ex.org/variable#163	1
http://ex.org/variable#118 http://www.ibm.com/timex#o http://ex.org/variable#164	1
http://ex.org/variable#118 http://www.ibm.com/timex#di http://ex.org/variable#165	1
http://ex.org/variable#118 http://www.ibm.com/timex#oi http://ex.org/variable#166	1
http://ex.org/variable#118 http://www.ibm.com/timex#d http://ex.org/variable#167	1
http://ex.org/variable#118 http://www.ibm.com/timex#o http://ex.org/variable#168	1
http://ex.org/variable#118 http://www.ibm.com/timex#d http://ex.org/variable#169	1
http://ex.org/variable#118 http://www.ibm.com/timex#b http://ex.org/variable#170	1
http://ex.org/variable#118 http://www.ibm.com/timex#oi http://ex.org/variable#171	1
http://ex.org/variable#118 http://www.ibm.com/timex#oi http://ex.org/variable#172	1
http://ex.org/variable#118 http://www.ibm.com/timex#b http://ex.org/variable#173	1
http://ex.org/variable#118 http://www.ibm.com/timex#o http://ex.org/variable#174	1
http://ex.org/variable#118 http://www.ibm.com/timex#d http://ex.org/variable#175	1
http://ex.org/variable#118 http://www.ibm.com/timex#o http://ex.org/variable#176	1
http://ex.org/variable#118 http://www.ibm.com/timex#o http://ex.org/variable#177	1
http://ex.org/variable#118 http://www.ibm.com/timex#o http://ex.org/variable#178	1
http://ex.org/variable#118 http://www.ibm.com/timex#o http://ex.org/variable#179	1
http://ex.org/variable#118 http://www.ibm.com/timex#di http://ex.org/variable#180	1
http://ex.org/variable#118 http://www.ibm.com/timex#oi http://ex.org/variable#181	1
http://ex.org/variable#118 http://www.ibm.com/timex#di http://ex.org/variable#182	1
http://ex.org/variable#118 http://www.ibm.com/timex#b http://ex.org/variable#183	1
http://ex.org/variable#118 http://www.ibm.com/timex#d http://ex.org/variable#184	1
http://ex.org/variable#118 http://www.ibm.com/timex#o http://ex.org/variable#185	1
http://ex.org/variable#118 http://www.ibm.com/timex#o http://ex.org/variable#186	1
http://ex.org/variable#118 http://www.ibm.com/timex#d http://ex.org/variable#187	1
http://ex.org/variable#118 http://www.ibm.com/timex#o http://ex.org/variable#188	1
http://ex.org/variable#118 http://www.ibm.com/timex#di http://ex.org/variable#189	1
http://ex.org/variable#119 http://www.ibm.com/timex#o http://ex.org/variable#0	1
http://ex.org/variable#119 http://www.ibm.com/timex#o http://ex.org/variable#1	1
http://ex.org/variable#119 http://www.ibm.com/timex#o http://ex.org/variable#2	1
http://ex.org/variable#119 http://www.ibm.com/timex#di http://ex.org/variable#3	1
http://ex.org/variable#119 http://www.ibm.com/timex#o http://ex.org/variable#4	1
http://ex.org/variable#119 http://www.ibm.com/timex#di http://ex.org/variable#5	1
http://ex.org/variable#119 http://www.ibm.com/timex#di http://ex.org/variable#6	1
http://ex.org/variable#119 http://www.ibm.com/timex#o http://ex.org/variable#7	1
http://ex.org/variable#119 http://www.ibm.com/timex#di http://ex.org/variable#8	1
http://ex.org/variable#119 http://www.ibm.com/timex#o http://ex.org/variable#9	1
http://ex.org/variable#119 http://www.ibm.com/timex#di http://ex.org/variable#10	1
http://ex.org/variable#119 http://www.ibm.com/timex#o_di_fi http://ex.org/variable#11	1
http://ex.org/variable#119 http://www.ibm.com/timex#o http://ex.org/variable#12	1
http://ex.org/variable#119 http://www.ibm.com/timex#di http://ex.org/variable#13	1
http://ex.org/variable#119 http://www.ibm.com/timex#di http://ex.org/variable#14	1
http://ex.org/variable#119 http://www.ibm.com/timex#di http://ex.org/variable#15	1
http://ex.org/variable#119 http://www.ibm.com/timex#di http://ex.org/variable#16	1
http://ex.org/variable#119 http://www.ibm.com/timex#di http://ex.org/variable#17	1
http://ex.org/variable#119 http://www.ibm.com/timex#di http://ex.org/variable#18	1
http://ex.org/variable#119 http://www.ibm.com/timex#di http://ex.org/variable#19	1
http://ex.org/variable#119 http://www.ibm.com/timex#o http://ex.org/variable#20	1
http://ex.org/variable#119 http://www.ibm.com/timex#di http://ex.org/variable#21	1
http://ex.org/variable#119 http://www.ibm.com/timex#o http://ex.org/variable#22	1
http://ex.org/variable#119 http://www.ibm.com/timex#di http://ex.org/variable#23	1
http://ex.org/variable#119 http://www.ibm.com/timex#o http://ex.org/variable#24	1
http://ex.org/variable#119 http://www.ibm.com/timex#di http://ex.org/variable#25	1
http://ex.org/variable#119 http://www.ibm.com/timex#di http://ex.org/variable#26	1
http://ex.org/variable#119 http://www.ibm.com/timex#oi_di_si http://ex.org/variable#27	1
http://ex.org/variable#119 http://www.ibm.com/timex#di http://ex.org/variable#28	1
http://ex.org/variable#119 http://www.ibm.com/timex#di http://ex.org/variable#29	1
http://ex.org/variable#119 http://www.ibm.com/timex#di http://ex.org/variable#30	1
http://ex.org/variable#119 http://www.ibm.com/timex#oi http://ex.org/variable#31	1
http://ex.org/variable#119 http://www.ibm.com/timex#di http://ex.org/variable#32	1
http://ex.org/variable#119 http://www.ibm.com/timex#o http://ex.org/variable#33	1
http://ex.org/variable#119 http://www.ibm.com/timex#di http://ex.org/variable#34	1
http://ex.org/variable#119 http://www.ibm.com/timex#di http://ex.org/variable#35	1
http://ex.org/variable#119 http://www.ibm.com/timex#di http://ex.org/variable#36	1
http://ex.org/variable#119 http://www.ibm.com/timex#di http://ex.org/variable#37	1
http://ex.org/variable#119 http://www.ibm.com/timex#di http://ex.org/variable#38	1
http://ex.org/variable#119 http://www.ibm.com/timex#di http://ex.org/variable#39	1
http://ex.org/variable#119 http://www.ibm.com/timex#di http://ex.org/variable#40	1
http://ex.org/variable#119 http://www.ibm.com/timex#di http://ex.org/variable#41	1
http://ex.org/variable#119 http://www.ibm.com/timex#o http://ex.org/variable#42	1
http://ex.org/variable#119 http://www.ibm.com/timex#di http://ex.org/variable#43	1
http://ex.org/variable#119 http://www.ibm.com/timex#di http://ex.org/variable#44	1
http://ex.org/variable#119 http://www.ibm.com/timex#o http://ex.org/variable#45	1
http://ex.org/variable#119 http://www.ibm.com/timex#di http://ex.org/variable#46	1
http://ex.org/variable#119 http://www.ibm.com/timex#oi_di_si http://ex.org/variable#47	1
http://ex.org/variable#119 http://www.ibm.com/timex#di http://ex.org/variable#48	1
http://ex.org/variable#119 http://www.ibm.com/timex#di http://ex.org/variable#49	1
http://ex.org/variable#119 http://www.ibm.com/timex#o http://ex.org/variable#50	1
http://ex.org/variable#119 http://www.ibm.com/timex#di http://ex.org/variable#51	1
http://ex.org/variable#119 http://www.ibm.com/timex#di http://ex.org/variable#52	1
http://ex.org/variable#119 http://www.ibm.com/timex#di http://ex.org/variable#53	1
http://ex.org/variable#119 http://www.ibm.com/timex#di http://ex.org/variable#54	1
http://ex.org/variable#119 http://www.ibm.com/timex#di http://ex.org/variable#55	1
http://ex.org/variable#119 http://www.ibm.com/timex#di http://ex.org/variable#56	1
http://ex.org/variable#119 http://www.ibm.com/timex#di http://ex.org/variable#57	1
http://ex.org/variable#119 http://www.ibm.com/timex#di http://ex.org/variable#58	1
http://ex.org/variable#119 http://www.ibm.com/timex#o http://ex.org/variable#59	1
http://ex.org/variable#119 http://www.ibm.com/timex#o http://ex.org/variable#60	1
http://ex.org/variable#119 http://www.ibm.com/timex#o http://ex.org/variable#61	1
http://ex.org/variable#119 http://www.ibm.com/timex#o http://ex.org/variable#62	1
http://ex.org/variable#119 http://www.ibm.com/timex#di http://ex.org/variable#63	1
http://ex.org/variable#119 http://www.ibm.com/timex#o_di_fi http://ex.org/variable#64	1
http://ex.org/variable#119 http://www.ibm.com/timex#di http://ex.org/variable#65	1
http://ex.org/variable#119 http://www.ibm.com/timex#oi_di_si http://ex.org/variable#66	1
http://ex.org/variable#119 http://www.ibm.com/timex#o http://ex.org/variable#67	1
http://ex.org/variable#119 http://www.ibm.com/timex#o http://ex.org/variable#68	1
http://ex.org/variable#119 http://www.ibm.com/timex#di http://ex.org/variable#69	1
http://ex.org/variable#119 http://www.ibm.com/timex#o http://ex.org/variable#70	1
http://ex.org/variable#119 http://www.ibm.com/timex#di http://ex.org/variable#71	1
http://ex.org/variable#119 http://www.ibm.com/timex#di http://ex.org/variable#72	1
http://ex.org/variable#119 http://www.ibm.com/timex#di http://ex.org/variable#73	1
http://ex.org/variable#119 http://www.ibm.com/timex#o http://ex.org/variable#74	1
http://ex.org/variable#119 http://www.ibm.com/timex#di http://ex.org/variable#75	1
http://ex.org/variable#119 http://www.ibm.com/timex#di http://ex.org/variable#76	1
http://ex.org/variable#119 http://www.ibm.com/timex#o http://ex.org/variable#77	1
http://ex.org/variable#119 http://www.ibm.com/timex#di http://ex.org/variable#78	1
http://ex.org/variable#119 http://www.ibm.com/timex#oi http://ex.org/variable#79	1
http://ex.org/variable#119 http://www.ibm.com/timex#o http://ex.org/variable#80	1
http://ex.org/variable#119 http://www.ibm.com/timex#di http://ex.org/variable#81	1
http://ex.org/variable#119 http://www.ibm.com/timex#di http://ex.org/variable#82	1
http://ex.org/variable#119 http://www.ibm.com/timex#fi http://ex.org/variable#83	1
http://ex.org/variable#119 http://www.ibm.com/timex#di http://ex.org/variable#84	1
http://ex.org/variable#119 http://www.ibm.com/timex#di http://ex.org/variable#85	1
http://ex.org/variable#119 http://www.ibm.com/timex#o http://ex.org/variable#86	1
http://ex.org/variable#119 http://www.ibm.com/timex#o http://ex.org/variable#87	1
http://ex.org/variable#119 http://www.ibm.com/timex#di http://ex.org/variable#88	1
http://ex.org/variable#119 http://www.ibm.com/timex#o http://ex.org/variable#89	1
http://ex.org/variable#119 http://www.ibm.com/timex#di http://ex.org/variable#90	1
http://ex.org/variable#119 http://www.ibm.com/timex#o http://ex.org/variable#91	1
http://ex.org/variable#119 http://www.ibm.com/timex#o http://ex.org/variable#92	1
http://ex.org/variable#119 http://www.ibm.com/timex#di http://ex.org/variable#93	1
http://ex.org/variable#119 http://www.ibm.com/timex#di http://ex.org/variable#94	1
http://ex.org/variable#119 http://www.ibm.com/timex#di http://ex.org/variable#95	1
http://ex.org/variable#119 http://www.ibm.com/timex#di http://ex.org/variable#96	1
http://ex.org/variable#119 http://www.ibm.com/timex#di http://ex.org/variable#97	1
http://ex.org/variable#119 http://www.ibm.com/timex#o http://ex.org/variable#98	1
http://ex.org/variable#119 http://www.ibm.com/timex#di http://ex.org/variable#99	1
http://ex.org/variable#119 http://www.ibm.com/timex#di http://ex.org/variable#100	1
http://ex.org/variable#119 http://www.ibm.com/timex#o http://ex.org/variable#101	1
http://ex.org/variable#119 http://www.ibm.com/timex#di http://ex.org/variable#102	1
http://ex.org/variable#119 http://www.ibm.com/timex#di http://ex.org/variable#103	1
http://ex.org/variable#119 http://www.ibm.com/timex#o_di http://ex.org/variable#104	1
http://ex.org/variable#119 http://www.ibm.com/timex#di http://ex.org/variable#105	1
http://ex.org/variable#119 http://www.ibm.com/timex#o http://ex.org/variable#106	1
http://ex.org/variable#119 http://www.ibm.com/timex#di http://ex.org/variable#107	1
http://ex.org/variable#119 http://www.ibm.com/timex#di http://ex.org/variable#108	1
http://ex.org/variable#119 http://www.ibm.com/timex#di http://ex.org/variable#109	1
http://ex.org/variable#119 http://www.ibm.com/timex#o_di http://ex.org/variable#110	1
http://ex.org/variable#119 http://www.ibm.com/timex#di http://ex.org/variable#111	1
http://ex.org/variable#119 http://www.ibm.com/timex#di http://ex.org/variable#112	1
http://ex.org/variable#119 http://www.ibm.com/timex#di http://ex.org/variable#113	1
http://ex.org/variable#119 http://www.ibm.com/timex#di http://ex.org/variable#114	1
http://ex.org/variable#119 http://www.ibm.com/timex#di http://ex.org/variable#115	1
http://ex.org/variable#119 http://www.ibm.com/timex#di http://ex.org/variable#116	1
http://ex.org/variable#119 http://www.ibm.com/timex#di http://ex.org/variable#117	1
http://ex.org/variable#119 http://www.ibm.com/timex#di http://ex.org/variable#118	1
http://ex.org/variable#119 http://www.ibm.com/timex#di http://ex.org/variable#120	1
http://ex.org/variable#119 http://www.ibm.com/timex#di http://ex.org/variable#121	1
http://ex.org/variable#119 http://www.ibm.com/timex#di http://ex.org/variable#122	1
http://ex.org/variable#119 http://www.ibm.com/timex#o http://ex.org/variable#123	1
http://ex.org/variable#119 http://www.ibm.com/timex#di http://ex.org/variable#124	1
http://ex.org/variable#119 http://www.ibm.com/timex#di http://ex.org/variable#125	1
http://ex.org/variable#119 http://www.ibm.com/timex#di http://ex.org/variable#126	1
http://ex.org/variable#119 http://www.ibm.com/timex#di http://ex.org/variable#127	1
http://ex.org/variable#119 http://www.ibm.com/timex#o http://ex.org/variable#128	1
http://ex.org/variable#119 http://www.ibm.com/timex#oi http://ex.org/variable#129	1
http://ex.org/variable#119 http://www.ibm.com/timex#di http://ex.org/variable#130	1
http://ex.org/variable#119 http://www.ibm.com/timex#o http://ex.org/variable#131	1
http://ex.org/variable#119 http://www.ibm.com/timex#di_fi http://ex.org/variable#132	1
http://ex.org/variable#119 http://www.ibm.com/timex#o http://ex.org/variable#133	1
http://ex.org/variable#119 http://www.ibm.com/timex#di http://ex.org/variable#134	1
http://ex.org/variable#119 http://www.ibm.com/timex#o http://ex.org/variable#135	1
http://ex.org/variable#119 http://www.ibm.com/timex#o http://ex.org/variable#136	1
http://ex.org/variable#119 http://www.ibm.com/timex#di http://ex.org/variable#137	1
http://ex.org/variable#119 http://www.ibm.com/timex#o http://ex.org/variable#138	1
http://ex.org/variable#119 http://www.ibm.com/timex#di http://ex.org/variable#139	1
http://ex.org/variable#119 http://www.ibm.com/timex#di http://ex.org/variable#140	1
http://ex.org/variable#119 http://www.ibm.com/timex#o http://ex.org/variable#141	1
http://ex.org/variable#119 http://www.ibm.com/timex#di http://ex.org/variable#142	1
http://ex.org/variable#119 http://www.ibm.com/timex#o http://ex.org/variable#143	1
http://ex.org/variable#119 http://www.ibm.com/timex#o http://ex.org/variable#144	1
http://ex.org/variable#119 http://www.ibm.com/timex#di http://ex.org/variable#145	1
http://ex.org/variable#119 http://www.ibm.com/timex#o http://ex.org/variable#146	1
http://ex.org/variable#119 http://www.ibm.com/timex#di http://ex.org/variable#147	1
http://ex.org/variable#119 http://www.ibm.com/timex#di http://ex.org/variable#148	1
http://ex.org/variable#119 http://www.ibm.com/timex#di http://ex.org/variable#149	1
http://ex.org/variable#119 http://www.ibm.com/timex#o http://ex.org/variable#150	1
http://ex.org/variable#119 http://www.ibm.com/timex#o http://ex.org/variable#151	1
http://ex.org/variable#119 http://www.ibm.com/timex#di http://ex.org/variable#152	1
http://ex.org/variable#119 http://www.ibm.com/timex#o http://ex.org/variable#153	1
http://ex.org/variable#119 http://www.ibm.com/timex#di http://ex.org/variable#154	1
http://ex.org/variable#119 http://www.ibm.com/timex#di http://ex.org/variable#155	1
http://ex.org/variable#119 http://www.ibm.com/timex#di http://ex.org/variable#156	1
http://ex.org/variable#119 http://www.ibm.com/timex#di http://ex.org/variable#157	1
http://ex.org/variable#119 http://www.ibm.com/timex#di http://ex.org/variable#158	1
http://ex.org/variable#119 http://www.ibm.com/timex#o http://ex.org/variable#159	1
http://ex.org/variable#119 http://www.ibm.com/timex#di http://ex.org/variable#160	1
http://ex.org/variable#119 http://www.ibm.com/timex#di http://ex.org/variable#161	1
http://ex.org/variable#119 http://www.ibm.com/timex#di http://ex.org/variable#162	1
http://ex.org/variable#119 http://www.ibm.com/timex#di http://ex.org/variable#163	1
http://ex.org/variable#119 http://www.ibm.com/timex#o http://ex.org/variable#164	1
http://ex.org/variable#119 http://www.ibm.com/timex#di http://ex.org/variable#165	1
http://ex.org/variable#119 http://www.ibm.com/timex#di http://ex.org/variable#166	1
http://ex.org/variable#119 http://www.ibm.com/timex#di http://ex.org/variable#167	1
http://ex.org/variable#119 http://www.ibm.com/timex#o http://ex.org/variable#168	1
http://ex.org/variable#119 http://www.ibm.com/timex#di http://ex.org/variable#169	1
http://ex.org/variable#119 http://www.ibm.com/timex#o http://ex.org/variable#170	1
http://ex.org/variable#119 http://www.ibm.com/timex#di http://ex.org/variable#171	1
http://ex.org/variable#119 http://www.ibm.com/timex#di http://ex.org/variable#172	1
http://ex.org/variable#119 http://www.ibm.com/timex#di http://ex.org/variable#173	1
http://ex.org/variable#119 http://www.ibm.com/timex#di http://ex.org/variable#174	1
http://ex.org/variable#119 http://www.ibm.com/timex#di http://ex.org/variable#175	1
http://ex.org/variable#119 http://www.ibm.com/timex#o http://ex.org/variable#176	1
http://ex.org/variable#119 http://www.ibm.com/timex#di http://ex.org/variable#177	1
http://ex.org/variable#119 http://www.ibm.com/timex#o http://ex.org/variable#178	1
http://ex.org/variable#119 http://www.ibm.com/timex#fi http://ex.org/variable#179	1
http://ex.org/variable#119 http://www.ibm.com/timex#di http://ex.org/variable#180	1
http://ex.org/variable#119 http://www.ibm.com/timex#di http://ex.org/variable#181	1
http://ex.org/variable#119 http://www.ibm.com/timex#di http://ex.org/variable#182	1
http://ex.org/variable#119 http://www.ibm.com/timex#fi http://ex.org/variable#183	1
http://ex.org/variable#119 http://www.ibm.com/timex#di http://ex.org/variable#184	1
http://ex.org/variable#119 http://www.ibm.com/timex#di http://ex.org/variable#185	1
http://ex.org/variable#119 http://www.ibm.com/timex#di http://ex.org/variable#186	1
http://ex.org/variable#119 http://www.ibm.com/timex#di http://ex.org/variable#187	1
http://ex.org/variable#119 http://www.ibm.com/timex#di http://ex.org/variable#188	1
http://ex.org/variable#119 http://www.ibm.com/timex#di http://ex.org/variable#189	1
http://ex.org/variable#120 http://www.ibm.com/timex#o http://ex.org/variable#0	1
http://ex.org/variable#120 http://www.ibm.com/timex#b http://ex.org/variable#1	1
http://ex.org/variable#120 http://www.ibm.com/timex#o http://ex.org/variable#2	1
http://ex.org/variable#120 http://www.ibm.com/timex#o http://ex.org/variable#3	1
http://ex.org/variable#120 http://www.ibm.com/timex#o http://ex.org/variable#4	1
http://ex.org/variable#120 http://www.ibm.com/timex#o_di_fi http://ex.org/variable#5	1
http://ex.org/variable#120 http://www.ibm.com/timex#b http://ex.org/variable#6	1
http://ex.org/variable#120 http://www.ibm.com/timex#o http://ex.org/variable#7	1
http://ex.org/variable#120 http://www.ibm.com/timex#oi http://ex.org/variable#8	1
http://ex.org/variable#120 http://www.ibm.com/timex#b_m_o http://ex.org/variable#9	1
http://ex.org/variable#120 http://www.ibm.com/timex#o http://ex.org/variable#10	1
http://ex.org/variable#120 http://www.ibm.com/timex#d http://ex.org/variable#11	1
http://ex.org/variable#120 http://www.ibm.com/timex#d http://ex.org/variable#12	1
http://ex.org/variable#120 http://www.ibm.com/timex#d_f http://ex.org/variable#13	1
http://ex.org/variable#120 http://www.ibm.com/timex#m_o http://ex.org/variable#14	1
http://ex.org/variable#120 http://www.ibm.com/timex#d http://ex.org/variable#15	1
http://ex.org/variable#120 http://www.ibm.com/timex#o_d_s http://ex.org/variable#16	1
http://ex.org/variable#120 http://www.ibm.com/timex#b http://ex.org/variable#17	1
http://ex.org/variable#120 http://www.ibm.com/timex#o http://ex.org/variable#18	1
http://ex.org/variable#120 http://www.ibm.com/timex#oi http://ex.org/variable#19	1
http://ex.org/variable#120 http://www.ibm.com/timex#d http://ex.org/variable#20	1
http://ex.org/variable#120 http://www.ibm.com/timex#b http://ex.org/variable#21	1
http://ex.org/variable#120 http://www.ibm.com/timex#o http://ex.org/variable#22	1
http://ex.org/variable#120 http://www.ibm.com/timex#oi_di http://ex.org/variable#23	1
http://ex.org/variable#120 http://www.ibm.com/timex#d http://ex.org/variable#24	1
http://ex.org/variable#120 http://www.ibm.com/timex#oi http://ex.org/variable#25	1
http://ex.org/variable#120 http://www.ibm.com/timex#b http://ex.org/variable#26	1
http://ex.org/variable#120 http://www.ibm.com/timex#oi http://ex.org/variable#27	1
http://ex.org/variable#120 http://www.ibm.com/timex#o http://ex.org/variable#28	1
http://ex.org/variable#120 http://www.ibm.com/timex#o http://ex.org/variable#29	1
http://ex.org/variable#120 http://www.ibm.com/timex#o http://ex.org/variable#30	1
http://ex.org/variable#120 http://www.ibm.com/timex#d http://ex.org/variable#31	1
http://ex.org/variable#120 http://www.ibm.com/timex#oi http://ex.org/variable#32	1
http://ex.org/variable#120 http://www.ibm.com/timex#b http://ex.org/variable#33	1
http://ex.org/variable#120 http://www.ibm.com/timex#d http://ex.org/variable#34	1
http://ex.org/variable#120 http://www.ibm.com/timex#di http://ex.org/variable#35	1
http://ex.org/variable#120 http://www.ibm.com/timex#oi http://ex.org/variable#36	1
http://ex.org/variable#120 http://www.ibm.com/timex#oi http://ex.org/variable#37	1
http://ex.org/variable#120 http://www.ibm.com/timex#d http://ex.org/variable#38	1
http://ex.org/variable#120 http://www.ibm.com/timex#b http://ex.org/variable#39	1
http://ex.org/variable#120 http://www.ibm.com/timex#d http://ex.org/variable#40	1
http://ex.org/variable#120 http://www.ibm.com/timex#d http://ex.org/variable#41	1
http://ex.org/variable#120 http://www.ibm.com/timex#o http://ex.org/variable#42	1
http://ex.org/variable#120 http://www.ibm.com/timex#d http://ex.org/variable#43	1
http://ex.org/variable#120 http://www.ibm.com/timex#d http://ex.org/variable#44	1
http://ex.org/variable#120 http://www.ibm.com/timex#o http://ex.org/variable#45	1
http://ex.org/variable#120 http://www.ibm.com/timex#d http://ex.org/variable#46	1
http://ex.org/variable#120 http://www.ibm.com/timex#d http://ex.org/variable#47	1
http://ex.org/variable#120 http://www.ibm.com/timex#b http://ex.org/variable#48	1
http://ex.org/variable#120 http://www.ibm.com/timex#oi http://ex.org/variable#49	1
http://ex.org/variable#120 http://www.ibm.com/timex#o http://ex.org/variable#50	1
http://ex.org/variable#120 http://www.ibm.com/timex#b http://ex.org/variable#51	1
http://ex.org/variable#120 http://www.ibm.com/timex#d http://ex.org/variable#52	1
http://ex.org/variable#120 http://www.ibm.com/timex#d http://ex.org/variable#53	1
http://ex.org/variable#120 http://www.ibm.com/timex#o http://ex.org/variable#54	1
http://ex.org/variable#120 http://www.ibm.com/timex#o http://ex.org/variable#55	1
http://ex.org/variable#120 http://www.ibm.com/timex#o_di_fi http://ex.org/variable#56	1
http://ex.org/variable#120 http://www.ibm.com/timex#d http://ex.org/variable#57	1
http://ex.org/variable#120 http://www.ibm.com/timex#d http://ex.org/variable#58	1
http://ex.org/variable#120 http://www.ibm.com/timex#d http://ex.org/variable#59	1
http://ex.org/variable#120 http://www.ibm.com/timex#d http://ex.org/variable#60	1
http://ex.org/variable#120 http://www.ibm.com/timex#d http://ex.org/variable#61	1
http://ex.org/variable#120 http://www.ibm.com/timex#o http://ex.org/variable#62	1
http://ex.org/variable#120 http://www.ibm.com/timex#d http://ex.org/variable#63	1
http://ex.org/variable#120 http://www.ibm.com/timex#d http://ex.org/variable#64	1
http://ex.org/variable#120 http://www.ibm.com/timex#oi_di http://ex.org/variable#65	1
http://ex.org/variable#120 http://www.ibm.com/timex#oi http://ex.org/variable#66	1
http://ex.org/variable#120 http://www.ibm.com/timex#o http://ex.org/variable#67	1
http://ex.org/variable#120 http://www.ibm.com/timex#o http://ex.org/variable#68	1
http://ex.org/variable#120 http://www.ibm.com/timex#o http://ex.org/variable#69	1
http://ex.org/variable#120 http://www.ibm.com/timex#o http://ex.org/variable#70	1
http://ex.org/variable#120 http://www.ibm.com/timex#d http://ex.org/variable#71	1
http://ex.org/variable#120 http://www.ibm.com/timex#o http://ex.org/variable#72	1
http://ex.org/variable#120 http://www.ibm.com/timex#o http://ex.org/variable#73	1
http://ex.org/variable#120 http://www.ibm.com/timex#o http://ex.org/variable#74	1
http://ex.org/variable#120 http://www.ibm.com/timex#d http://ex.org/variable#75	1
http://ex.org/variable#120 http://www.ibm.com/timex#o http://ex.org/variable#76	1
http://ex.org/variable#120 http://www.ibm.com/timex#o http://ex.org/variable#77	1
http://ex.org/variable#120 http://www.ibm.com/timex#o http://ex.org/variable#78	1
http://ex.org/variable#120 http://www.ibm.com/timex#d http://ex.org/variable#79	1
http://ex.org/variable#120 http://www.ibm.com/timex#d http://ex.org/variable#80	1
http://ex.org/variable#120 http://www.ibm.com/timex#d http://ex.org/variable#81	1
http://ex.org/variable#120 http://www.ibm.com/timex#di http://ex.org/variable#82	1
http://ex.org/variable#120 http://www.ibm.com/timex#d http://ex.org/variable#83	1
http://ex.org/variable#120 http://www.ibm.com/timex#o http://ex.org/variable#84	1
http://ex.org/variable#120 http://www.ibm.com/timex#b http://ex.org/variable#85	1
http://ex.org/variable#120 http://www.ibm.com/timex#d http://ex.org/variable#86	1
http://ex.org/variable#120 http://www.ibm.com/timex#o http://ex.org/variable#87	1
http://ex.org/variable#120 http://www.ibm.com/timex#b http://ex.org/variable#88	1
http://ex.org/variable#120 http://www.ibm.com/timex#o http://ex.org/variable#89	1
http://ex.org/variable#120 http://www.ibm.com/timex#o http://ex.org/variable#90	1
http://ex.org/variable#120 http://www.ibm.com/timex#d http://ex.org/variable#91	1
http://ex.org/variable#120 http://www.ibm.com/timex#o http://ex.org/variable#92	1
http://ex.org/variable#120 http://www.ibm.com/timex#o http://ex.org/variable#93	1
http://ex.org/variable#120 http://www.ibm.com/timex#d http://ex.org/variable#94	1
http://ex.org/variable#120 http://www.ibm.com/timex#di http://ex.org/variable#95	1
http://ex.org/variable#120 http://www.ibm.com/timex#di http://ex.org/variable#96	1
http://ex.org/variable#120 http://www.ibm.com/timex#o http://ex.org/variable#97	1
http://ex.org/variable#120 http://www.ibm.com/timex#b http://ex.org/variable#98	1
http://ex.org/variable#120 http://www.ibm.com/timex#b http://ex.org/variable#99	1
http://ex.org/variable#120 http://www.ibm.com/timex#oi http://ex.org/variable#100	1
http://ex.org/variable#120 http://www.ibm.com/timex#o http://ex.org/variable#101	1
http://ex.org/variable#120 http://www.ibm.com/timex#b http://ex.org/variable#102	1
http://ex.org/variable#120 http://www.ibm.com/timex#d http://ex.org/variable#103	1
http://ex.org/variable#120 http://www.ibm.com/timex#b http://ex.org/variable#104	1
http://ex.org/variable#120 http://www.ibm.com/timex#o http://ex.org/variable#105	1
http://ex.org/variable#120 http://www.ibm.com/timex#d http://ex.org/variable#106	1
http://ex.org/variable#120 http://www.ibm.com/timex#o http://ex.org/variable#107	1
http://ex.org/variable#120 http://www.ibm.com/timex#o_di_fi http://ex.org/variable#108	1
http://ex.org/variable#120 http://www.ibm.com/timex#b http://ex.org/variable#109	1
http://ex.org/variable#120 http://www.ibm.com/timex#d http://ex.org/variable#110	1
http://ex.org/variable#120 http://www.ibm.com/timex#o http://ex.org/variable#111	1
http://ex.org/variable#120 http://www.ibm.com/timex#d http://ex.org/variable#112	1
http://ex.org/variable#120 http://www.ibm.com/timex#o http://ex.org/variable#113	1
http://ex.org/variable#120 http://www.ibm.com/timex#d http://ex.org/variable#114	1
http://ex.org/variable#120 http://www.ibm.com/timex#b http://ex.org/variable#115	1
http://ex.org/variable#120 http://www.ibm.com/timex#b http://ex.org/variable#116	1
http://ex.org/variable#120 http://www.ibm.com/timex#oi_f http://ex.org/variable#117	1
http://ex.org/variable#120 http://www.ibm.com/timex#d http://ex.org/variable#118	1
http://ex.org/variable#120 http://www.ibm.com/timex#d http://ex.org/variable#119	1
http://ex.org/variable#120 http://www.ibm.com/timex#b http://ex.org/variable#121	1
http://ex.org/variable#120 http://www.ibm.com/timex#d http://ex.org/variable#122	1
http://ex.org/variable#120 http://www.ibm.com/timex#o http://ex.org/variable#123	1
http://ex.org/variable#120 http://www.ibm.com/timex#d http://ex.org/variable#124	1
http://ex.org/variable#120 http://www.ibm.com/timex#d http://ex.org/variable#125	1
http://ex.org/variable#120 http://www.ibm.com/timex#o http://ex.org/variable#126	1
http://ex.org/variable#120 http://www.ibm.com/timex#b http://ex.org/variable#127	1
http://ex.org/variable#120 http://www.ibm.com/timex#o http://ex.org/variable#128	1
http://ex.org/variable#120 http://www.ibm.com/timex#oi_f http://ex.org/variable#129	1
http://ex.org/variable#120 http://www.ibm.com/timex#di http://ex.org/variable#130	1
http://ex.org/variable#120 http://www.ibm.com/timex#b http://ex.org/variable#131	1
http://ex.org/variable#120 http://www.ibm.com/timex#d http://ex.org/variable#132	1
http://ex.org/variable#120 http://www.ibm.com/timex#o http://ex.org/variable#133	1
http://ex.org/variable#120 http://www.ibm.com/timex#d http://ex.org/variable#134	1
http://ex.org/variable#120 http://www.ibm.com/timex#s http://ex.org/variable#135	1
http://ex.org/variable#120 http://www.ibm.com/timex#o_s http://ex.org/variable#136	1
http://ex.org/variable#120 http://www.ibm.com/timex#o http://ex.org/variable#137	1
http://ex.org/variable#120 http://www.ibm.com/timex#b http://ex.org/variable#138	1
http://ex.org/variable#120 http://www.ibm.com/timex#o http://ex.org/variable#139	1
http://ex.org/variable#120 http://www.ibm.com/timex#o http://ex.org/variable#140	1
http://ex.org/variable#120 http://www.ibm.com/timex#d http://ex.org/variable#141	1
http://ex.org/variable#120 http://www.ibm.com/timex#d http://ex.org/variable#142	1
http://ex.org/variable#120 http://www.ibm.com/timex#d http://ex.org/variable#143	1
http://ex.org/variable#120 http://www.ibm.com/timex#o http://ex.org/variable#144	1
http://ex.org/variable#120 http://www.ibm.com/timex#b http://ex.org/variable#145	1
http://ex.org/variable#120 http://www.ibm.com/timex#o http://ex.org/variable#146	1
http://ex.org/variable#120 http://www.ibm.com/timex#o_d_s http://ex.org/variable#147	1
http://ex.org/variable#120 http://www.ibm.com/timex#o http://ex.org/variable#148	1
http://ex.org/variable#120 http://www.ibm.com/timex#oi http://ex.org/variable#149	1
http://ex.org/variable#120 http://www.ibm.com/timex#b http://ex.org/variable#150	1
http://ex.org/variable#120 http://www.ibm.com/timex#o http://ex.org/variable#151	1
http://ex.org/variable#120 http://www.ibm.com/timex#oi http://ex.org/variable#152	1
http://ex.org/variable#120 http://www.ibm.com/timex#o_d http://ex.org/variable#153	1
http://ex.org/variable#120 http://www.ibm.com/timex#o http://ex.org/variable#154	1
http://ex.org/variable#120 http://www.ibm.com/timex#d http://ex.org/variable#155	1
http://ex.org/variable#120 http://www.ibm.com/timex#o http://ex.org/variable#156	1
http://ex.org/variable#120 http://www.ibm.com/timex#oi_di_si http://ex.org/variable#157	1
http://ex.org/variable#120 http://www.ibm.com/timex#d http://ex.org/variable#158	1
http://ex.org/variable#120 http://www.ibm.com/timex#o http://ex.org/variable#159	1
http://ex.org/variable#120 http://www.ibm.com/timex#o http://ex.org/variable#160	1
http://ex.org/variable#120 http://www.ibm.com/timex#o http://ex.org/variable#161	1
http://ex.org/variable#120 http://www.ibm.com/timex#oi_d_f http://ex.org/variable#162	1
http://ex.org/variable#120 http://www.ibm.com/timex#o http://ex.org/variable#163	1
http://ex.org/variable#120 http://www.ibm.com/timex#o http://ex.org/variable#164	1
http://ex.org/variable#120 http://www.ibm.com/timex#o http://ex.org/variable#165	1
http://ex.org/variable#120 http://www.ibm.com/timex#d http://ex.org/variable#166	1
http://ex.org/variable#120 http://www.ibm.com/timex#d http://ex.org/variable#167	1
http://ex.org/variable#120 http://www.ibm.com/timex#o http://ex.org/variable#168	1
http://ex.org/variable#120 http://www.ibm.com/timex#d http://ex.org/variable#169	1
http://ex.org/variable#120 http://www.ibm.com/timex#b http://ex.org/variable#170	1
http://ex.org/variable#120 http://www.ibm.com/timex#d http://ex.org/variable#171	1
http://ex.org/variable#120 http://www.ibm.com/timex#oi http://ex.org/variable#172	1
http://ex.org/variable#120 http://www.ibm.com/timex#b http://ex.org/variable#173	1
http://ex.org/variable#120 http://www.ibm.com/timex#o http://ex.org/variable#174	1
http://ex.org/variable#120 http://www.ibm.com/timex#d http://ex.org/variable#175	1
http://ex.org/variable#120 http://www.ibm.com/timex#o http://ex.org/variable#176	1
http://ex.org/variable#120 http://www.ibm.com/timex#o http://ex.org/variable#177	1
http://ex.org/variable#120 http://www.ibm.com/timex#o http://ex.org/variable#178	1
http://ex.org/variable#120 http://www.ibm.com/timex#o http://ex.org/variable#179	1
http://ex.org/variable#120 http://www.ibm.com/timex#di http://ex.org/variable#180	1
http://ex.org/variable#120 http://www.ibm.com/timex#oi http://ex.org/variable#181	1
http://ex.org/variable#120 http://www.ibm.com/timex#o http://ex.org/variable#182	1
http://ex.org/variable#120 http://www.ibm.com/timex#b http://ex.org/variable#183	1
http://ex.org/variable#120 http://www.ibm.com/timex#d http://ex.org/variable#184	1
http://ex.org/variable#120 http://www.ibm.com/timex#o http://ex.org/variable#185	1
http://ex.org/variable#120 http://www.ibm.com/timex#o http://ex.org/variable#186	1
http://ex.org/variable#120 http://www.ibm.com/timex#d http://ex.org/variable#187	1
http://ex.org/variable#120 http://www.ibm.com/timex#o http://ex.org/variable#188	1
http://ex.org/variable#120 http://www.ibm.com/timex#o http://ex.org/variable#189	1
http://ex.org/variable#121 http://www.ibm.com/timex#d http://ex.org/variable#0	1
http://ex.org/variable#121 http://www.ibm.com/timex#d http://ex.org/variable#1	1
http://ex.org/variable#121 http://www.ibm.com/timex#d http://ex.org/variable#2	1
http://ex.org/variable#121 http://www.ibm.com/timex#bi http://ex.org/variable#3	1
http://ex.org/variable#121 http://www.ibm.com/timex#d http://ex.org/variable#4	1
http://ex.org/variable#121 http://www.ibm.com/timex#bi http://ex.org/variable#5	1
http://ex.org/variable#121 http://www.ibm.com/timex#bi http://ex.org/variable#6	1
http://ex.org/variable#121 http://www.ibm.com/timex#d http://ex.org/variable#7	1
http://ex.org/variable#121 http://www.ibm.com/timex#bi http://ex.org/variable#8	1
http://ex.org/variable#121 http://www.ibm.com/timex#d http://ex.org/variable#9	1
http://ex.org/variable#121 http://www.ibm.com/timex#oi http://ex.org/variable#10	1
http://ex.org/variable#121 http://www.ibm.com/timex#d http://ex.org/variable#11	1
http://ex.org/variable#121 http://www.ibm.com/timex#d http://ex.org/variable#12	1
http://ex.org/variable#121 http://www.ibm.com/timex#bi http://ex.org/variable#13	1
http://ex.org/variable#121 http://www.ibm.com/timex#bi http://ex.org/variable#14	1
http://ex.org/variable#121 http://www.ibm.com/timex#bi http://ex.org/variable#15	1
http://ex.org/variable#121 http://www.ibm.com/timex#bi http://ex.org/variable#16	1
http://ex.org/variable#121 http://www.ibm.com/timex#bi http://ex.org/variable#17	1
http://ex.org/variable#121 http://www.ibm.com/timex#bi http://ex.org/variable#18	1
http://ex.org/variable#121 http://www.ibm.com/timex#bi http://ex.org/variable#19	1
http://ex.org/variable#121 http://www.ibm.com/timex#d http://ex.org/variable#20	1
http://ex.org/variable#121 http://www.ibm.com/timex#d http://ex.org/variable#21	1
http://ex.org/variable#121 http://www.ibm.com/timex#d http://ex.org/variable#22	1
http://ex.org/variable#121 http://www.ibm.com/timex#bi http://ex.org/variable#23	1
http://ex.org/variable#121 http://www.ibm.com/timex#d http://ex.org/variable#24	1
http://ex.org/variable#121 http://www.ibm.com/timex#bi http://ex.org/variable#25	1
http://ex.org/variable#121 http://www.ibm.com/timex#bi http://ex.org/variable#26	1
http://ex.org/variable#121 http://www.ibm.com/timex#bi http://ex.org/variable#27	1
http://ex.org/variable#121 http://www.ibm.com/timex#bi_mi_oi http://ex.org/variable#28	1
http://ex.org/variable#121 http://www.ibm.com/timex#f http://ex.org/variable#29	1
http://ex.org/variable#121 http://www.ibm.com/timex#bi http://ex.org/variable#30	1
http://ex.org/variable#121 http://www.ibm.com/timex#bi http://ex.org/variable#31	1
http://ex.org/variable#121 http://www.ibm.com/timex#bi http://ex.org/variable#32	1
http://ex.org/variable#121 http://www.ibm.com/timex#d http://ex.org/variable#33	1
http://ex.org/variable#121 http://www.ibm.com/timex#bi http://ex.org/variable#34	1
http://ex.org/variable#121 http://www.ibm.com/timex#bi http://ex.org/variable#35	1
http://ex.org/variable#121 http://www.ibm.com/timex#bi http://ex.org/variable#36	1
http://ex.org/variable#121 http://www.ibm.com/timex#bi http://ex.org/variable#37	1
http://ex.org/variable#121 http://www.ibm.com/timex#bi http://ex.org/variable#38	1
http://ex.org/variable#121 http://www.ibm.com/timex#bi http://ex.org/variable#39	1
http://ex.org/variable#121 http://www.ibm.com/timex#bi http://ex.org/variable#40	1
http://ex.org/variable#121 http://www.ibm.com/timex#f http://ex.org/variable#41	1
http://ex.org/variable#121 http://www.ibm.com/timex#d http://ex.org/variable#42	1
http://ex.org/variable#121 http://www.ibm.com/timex#bi http://ex.org/variable#43	1
http://ex.org/variable#121 http://www.ibm.com/timex#bi http://ex.org/variable#44	1
http://ex.org/variable#121 http://www.ibm.com/timex#d http://ex.org/variable#45	1
http://ex.org/variable#121 http://www.ibm.com/timex#bi http://ex.org/variable#46	1
http://ex.org/variable#121 http://www.ibm.com/timex#bi http://ex.org/variable#47	1
http://ex.org/variable#121 http://www.ibm.com/timex#bi http://ex.org/variable#48	1
http://ex.org/variable#121 http://www.ibm.com/timex#bi http://ex.org/variable#49	1
http://ex.org/variable#121 http://www.ibm.com/timex#d http://ex.org/variable#50	1
http://ex.org/variable#121 http://www.ibm.com/timex#bi http://ex.org/variable#51	1
http://ex.org/variable#121 http://www.ibm.com/timex#bi http://ex.org/variable#52	1
http://ex.org/variable#121 http://www.ibm.com/timex#bi http://ex.org/variable#53	1
http://ex.org/variable#121 http://www.ibm.com/timex#bi http://ex.org/variable#54	1
http://ex.org/variable#121 http://www.ibm.com/timex#bi http://ex.org/variable#55	1
http://ex.org/variable#121 http://www.ibm.com/timex#bi http://ex.org/variable#56	1
http://ex.org/variable#121 http://www.ibm.com/timex#bi http://ex.org/variable#57	1
http://ex.org/variable#121 http://www.ibm.com/timex#bi http://ex.org/variable#58	1
http://ex.org/variable#121 http://www.ibm.com/timex#d http://ex.org/variable#59	1
http://ex.org/variable#121 http://www.ibm.com/timex#d http://ex.org/variable#60	1
http://ex.org/variable#121 http://www.ibm.com/timex#d http://ex.org/variable#61	1
http://ex.org/variable#121 http://www.ibm.com/timex#d http://ex.org/variable#62	1
http://ex.org/variable#121 http://www.ibm.com/timex#bi http://ex.org/variable#63	1
http://ex.org/variable#121 http://www.ibm.com/timex#d http://ex.org/variable#64	1
http://ex.org/variable#121 http://www.ibm.com/timex#bi http://ex.org/variable#65	1
http://ex.org/variable#121 http://www.ibm.com/timex#bi http://ex.org/variable#66	1
http://ex.org/variable#121 http://www.ibm.com/timex#d http://ex.org/variable#67	1
http://ex.org/variable#121 http://www.ibm.com/timex#d http://ex.org/variable#68	1
http://ex.org/variable#121 http://www.ibm.com/timex#bi http://ex.org/variable#69	1
http://ex.org/variable#121 http://www.ibm.com/timex#d http://ex.org/variable#70	1
http://ex.org/variable#121 http://www.ibm.com/timex#bi http://ex.org/variable#71	1
http://ex.org/variable#121 http://www.ibm.com/timex#bi http://ex.org/variable#72	1
http://ex.org/variable#121 http://www.ibm.com/timex#bi http://ex.org/variable#73	1
http://ex.org/variable#121 http://www.ibm.com/timex#d http://ex.org/variable#74	1
http://ex.org/variable#121 http://www.ibm.com/timex#bi http://ex.org/variable#75	1
http://ex.org/variable#121 http://www.ibm.com/timex#bi http://ex.org/variable#76	1
http://ex.org/variable#121 http://www.ibm.com/timex#d http://ex.org/variable#77	1
http://ex.org/variable#121 http://www.ibm.com/timex#bi http://ex.org/variable#78	1
http://ex.org/variable#121 http://www.ibm.com/timex#bi http://ex.org/variable#79	1
http://ex.org/variable#121 http://www.ibm.com/timex#d http://ex.org/variable#80	1
http://ex.org/variable#121 http://www.ibm.com/timex#bi http://ex.org/variable#81	1
http://ex.org/variable#121 http://www.ibm.com/timex#bi http://ex.org/variable#82	1
http://ex.org/variable#121 http://www.ibm.com/timex#d http://ex.org/variable#83	1
http://ex.org/variable#121 http://www.ibm.com/timex#bi http://ex.org/variable#84	1
http://ex.org/variable#121 http://www.ibm.com/timex#bi http://ex.org/variable#85	1
http://ex.org/variable#121 http://www.ibm.com/timex#d http://ex.org/variable#86	1
http://ex.org/variable#121 http://www.ibm.com/timex#d http://ex.org/variable#87	1
http://ex.org/variable#121 http://www.ibm.com/timex#oi http://ex.org/variable#88	1
http://ex.org/variable#121 http://www.ibm.com/timex#d http://ex.org/variable#89	1
http://ex.org/variable#121 http://www.ibm.com/timex#bi http://ex.org/variable#90	1
http://ex.org/variable#121 http://www.ibm.com/timex#d http://ex.org/variable#91	1
http://ex.org/variable#121 http://www.ibm.com/timex#d http://ex.org/variable#92	1
http://ex.org/variable#121 http://www.ibm.com/timex#bi http://ex.org/variable#93	1
http://ex.org/variable#121 http://www.ibm.com/timex#bi http://ex.org/variable#94	1
http://ex.org/variable#121 http://www.ibm.com/timex#bi http://ex.org/variable#95	1
http://ex.org/variable#121 http://www.ibm.com/timex#bi http://ex.org/variable#96	1
http://ex.org/variable#121 http://www.ibm.com/timex#f http://ex.org/variable#97	1
http://ex.org/variable#121 http://www.ibm.com/timex#d http://ex.org/variable#98	1
http://ex.org/variable#121 http://www.ibm.com/timex#bi http://ex.org/variable#99	1
http://ex.org/variable#121 http://www.ibm.com/timex#bi http://ex.org/variable#100	1
http://ex.org/variable#121 http://www.ibm.com/timex#d http://ex.org/variable#101	1
http://ex.org/variable#121 http://www.ibm.com/timex#bi http://ex.org/variable#102	1
http://ex.org/variable#121 http://www.ibm.com/timex#bi http://ex.org/variable#103	1
http://ex.org/variable#121 http://www.ibm.com/timex#b http://ex.org/variable#104	1
http://ex.org/variable#121 http://www.ibm.com/timex#d http://ex.org/variable#105	1
http://ex.org/variable#121 http://www.ibm.com/timex#d http://ex.org/variable#106	1
http://ex.org/variable#121 http://www.ibm.com/timex#bi http://ex.org/variable#107	1
http://ex.org/variable#121 http://www.ibm.com/timex#bi http://ex.org/variable#108	1
http://ex.org/variable#121 http://www.ibm.com/timex#bi http://ex.org/variable#109	1
http://ex.org/variable#121 http://www.ibm.com/timex#d http://ex.org/variable#110	1
http://ex.org/variable#121 http://www.ibm.com/timex#bi http://ex.org/variable#111	1
http://ex.org/variable#121 http://www.ibm.com/timex#bi http://ex.org/variable#112	1
http://ex.org/variable#121 http://www.ibm.com/timex#bi http://ex.org/variable#113	1
http://ex.org/variable#121 http://www.ibm.com/timex#bi http://ex.org/variable#114	1
http://ex.org/variable#121 http://www.ibm.com/timex#eq http://ex.org/variable#115	1
http://ex.org/variable#121 http://www.ibm.com/timex#bi http://ex.org/variable#116	1
http://ex.org/variable#121 http://www.ibm.com/timex#bi http://ex.org/variable#117	1
http://ex.org/variable#121 http://www.ibm.com/timex#bi http://ex.org/variable#118	1
http://ex.org/variable#121 http://www.ibm.com/timex#d http://ex.org/variable#119	1
http://ex.org/variable#121 http://www.ibm.com/timex#bi http://ex.org/variable#120	1
http://ex.org/variable#121 http://www.ibm.com/timex#bi http://ex.org/variable#122	1
http://ex.org/variable#121 http://www.ibm.com/timex#d http://ex.org/variable#123	1
http://ex.org/variable#121 http://www.ibm.com/timex#bi http://ex.org/variable#124	1
http://ex.org/variable#121 http://www.ibm.com/timex#bi http://ex.org/variable#125	1
http://ex.org/variable#121 http://www.ibm.com/timex#bi http://ex.org/variable#126	1
http://ex.org/variable#121 http://www.ibm.com/timex#oi http://ex.org/variable#127	1
http://ex.org/variable#121 http://www.ibm.com/timex#d http://ex.org/variable#128	1
http://ex.org/variable#121 http://www.ibm.com/timex#bi http://ex.org/variable#129	1
http://ex.org/variable#121 http://www.ibm.com/timex#bi http://ex.org/variable#130	1
http://ex.org/variable#121 http://www.ibm.com/timex#d http://ex.org/variable#131	1
http://ex.org/variable#121 http://www.ibm.com/timex#d http://ex.org/variable#132	1
http://ex.org/variable#121 http://www.ibm.com/timex#d http://ex.org/variable#133	1
http://ex.org/variable#121 http://www.ibm.com/timex#bi http://ex.org/variable#134	1
http://ex.org/variable#121 http://www.ibm.com/timex#d http://ex.org/variable#135	1
http://ex.org/variable#121 http://www.ibm.com/timex#d http://ex.org/variable#136	1
http://ex.org/variable#121 http://www.ibm.com/timex#bi http://ex.org/variable#137	1
http://ex.org/variable#121 http://www.ibm.com/timex#d http://ex.org/variable#138	1
http://ex.org/variable#121 http://www.ibm.com/timex#bi http://ex.org/variable#139	1
http://ex.org/variable#121 http://www.ibm.com/timex#bi http://ex.org/variable#140	1
http://ex.org/variable#121 http://www.ibm.com/timex#d http://ex.org/variable#141	1
http://ex.org/variable#121 http://www.ibm.com/timex#bi http://ex.org/variable#142	1
http://ex.org/variable#121 http://www.ibm.com/timex#d http://ex.org/variable#143	1
http://ex.org/variable#121 http://www.ibm.com/timex#d http://ex.org/variable#144	1
http://ex.org/variable#121 http://www.ibm.com/timex#f http://ex.org/variable#145	1
http://ex.org/variable#121 http://www.ibm.com/timex#d http://ex.org/variable#146	1
http://ex.org/variable#121 http://www.ibm.com/timex#bi http://ex.org/variable#147	1
http://ex.org/variable#121 http://www.ibm.com/timex#bi http://ex.org/variable#148	1
http://ex.org/variable#121 http://www.ibm.com/timex#bi http://ex.org/variable#149	1
http://ex.org/variable#121 http://www.ibm.com/timex#d http://ex.org/variable#150	1
http://ex.org/variable#121 http://www.ibm.com/timex#d http://ex.org/variable#151	1
http://ex.org/variable#121 http://www.ibm.com/timex#bi http://ex.org/variable#152	1
http://ex.org/variable#121 http://www.ibm.com/timex#d http://ex.org/variable#153	1
http://ex.org/variable#121 http://www.ibm.com/timex#bi http://ex.org/variable#154	1
http://ex.org/variable#121 http://www.ibm.com/timex#bi http://ex.org/variable#155	1
http://ex.org/variable#121 http://www.ibm.com/timex#bi http://ex.org/variable#156	1
http://ex.org/variable#121 http://www.ibm.com/timex#bi http://ex.org/variable#157	1
http://ex.org/variable#121 http://www.ibm.com/timex#bi http://ex.org/variable#158	1
http://ex.org/variable#121 http://www.ibm.com/timex#d http://ex.org/variable#159	1
http://ex.org/variable#121 http://www.ibm.com/timex#bi_mi_oi http://ex.org/variable#160	1
http://ex.org/variable#121 http://www.ibm.com/timex#bi http://ex.org/variable#161	1
http://ex.org/variable#121 http://www.ibm.com/timex#bi http://ex.org/variable#162	1
http://ex.org/variable#121 http://www.ibm.com/timex#f http://ex.org/variable#163	1
http://ex.org/variable#121 http://www.ibm.com/timex#d http://ex.org/variable#164	1
http://ex.org/variable#121 http://www.ibm.com/timex#bi http://ex.org/variable#165	1
http://ex.org/variable#121 http://www.ibm.com/timex#bi http://ex.org/variable#166	1
http://ex.org/variable#121 http://www.ibm.com/timex#bi http://ex.org/variable#167	1
http://ex.org/variable#121 http://www.ibm.com/timex#d http://ex.org/variable#168	1
http://ex.org/variable#121 http://www.ibm.com/timex#d http://ex.org/variable#169	1
http://ex.org/variable#121 http://www.ibm.com/timex#d http://ex.org/variable#170	1
http://ex.org/variable#121 http://www.ibm.com/timex#bi http://ex.org/variable#171	1
http://ex.org/variable#121 http://www.ibm.com/timex#bi http://ex.org/variable#172	1
http://ex.org/variable#121 http://www.ibm.com/timex#bi http://ex.org/variable#173	1
http://ex.org/variable#121 http://www.ibm.com/timex#bi http://ex.org/variable#174	1
http://ex.org/variable#121 http://www.ibm.com/timex#bi http://ex.org/variable#175	1
http://ex.org/variable#121 http://www.ibm.com/timex#d http://ex.org/variable#176	1
http://ex.org/variable#121 http://www.ibm.com/timex#bi http://ex.org/variable#177	1
http://ex.org/variable#121 http://www.ibm.com/timex#d http://ex.org/variable#178	1
http://ex.org/variable#121 http://www.ibm.com/timex#d http://ex.org/variable#179	1
http://ex.org/variable#121 http://www.ibm.com/timex#bi http://ex.org/variable#180	1
http://ex.org/variable#121 http://www.ibm.com/timex#bi http://ex.org/variable#181	1
http://ex.org/variable#121 http://www.ibm.com/timex#bi http://ex.org/variable#182	1
http://ex.org/variable#121 http://www.ibm.com/timex#d http://ex.org/variable#183	1
http://ex.org/variable#121 http://www.ibm.com/timex#bi http://ex.org/variable#184	1
http://ex.org/variable#121 http://www.ibm.com/timex#bi http://ex.org/variable#185	1
http://ex.org/variable#121 http://www.ibm.com/timex#f http://ex.org/variable#186	1
http://ex.org/variable#121 http://www.ibm.com/timex#bi http://ex.org/variable#187	1
http://ex.org/variable#121 http://www.ibm.com/timex#bi http://ex.org/variable#188	1
http://ex.org/variable#121 http://www.ibm.com/timex#bi http://ex.org/variable#189	1
http://ex.org/variable#122 http://www.ibm.com/timex#o http://ex.org/variable#0	1
http://ex.org/variable#122 http://www.ibm.com/timex#o http://ex.org/variable#1	1
http://ex.org/variable#122 http://www.ibm.com/timex#o http://ex.org/variable#2	1
http://ex.org/variable#122 http://www.ibm.com/timex#di http://ex.org/variable#3	1
http://ex.org/variable#122 http://www.ibm.com/timex#o http://ex.org/variable#4	1
http://ex.org/variable#122 http://www.ibm.com/timex#di http://ex.org/variable#5	1
http://ex.org/variable#122 http://www.ibm.com/timex#o_fi http://ex.org/variable#6	1
http://ex.org/variable#122 http://www.ibm.com/timex#o http://ex.org/variable#7	1
http://ex.org/variable#122 http://www.ibm.com/timex#di http://ex.org/variable#8	1
http://ex.org/variable#122 http://www.ibm.com/timex#o http://ex.org/variable#9	1
http://ex.org/variable#122 http://www.ibm.com/timex#o http://ex.org/variable#10	1
http://ex.org/variable#122 http://www.ibm.com/timex#o http://ex.org/variable#11	1
http://ex.org/variable#122 http://www.ibm.com/timex#d http://ex.org/variable#12	1
http://ex.org/variable#122 http://www.ibm.com/timex#di http://ex.org/variable#13	1
http://ex.org/variable#122 http://www.ibm.com/timex#di http://ex.org/variable#14	1
http://ex.org/variable#122 http://www.ibm.com/timex#di http://ex.org/variable#15	1
http://ex.org/variable#122 http://www.ibm.com/timex#di http://ex.org/variable#16	1
http://ex.org/variable#122 http://www.ibm.com/timex#di http://ex.org/variable#17	1
http://ex.org/variable#122 http://www.ibm.com/timex#di http://ex.org/variable#18	1
http://ex.org/variable#122 http://www.ibm.com/timex#di http://ex.org/variable#19	1
http://ex.org/variable#122 http://www.ibm.com/timex#d http://ex.org/variable#20	1
http://ex.org/variable#122 http://www.ibm.com/timex#o http://ex.org/variable#21	1
http://ex.org/variable#122 http://www.ibm.com/timex#o http://ex.org/variable#22	1
http://ex.org/variable#122 http://www.ibm.com/timex#di http://ex.org/variable#23	1
http://ex.org/variable#122 http://www.ibm.com/timex#o_s http://ex.org/variable#24	1
http://ex.org/variable#122 http://www.ibm.com/timex#si http://ex.org/variable#25	1
http://ex.org/variable#122 http://www.ibm.com/timex#o_di_fi http://ex.org/variable#26	1
http://ex.org/variable#122 http://www.ibm.com/timex#oi http://ex.org/variable#27	1
http://ex.org/variable#122 http://www.ibm.com/timex#o http://ex.org/variable#28	1
http://ex.org/variable#122 http://www.ibm.com/timex#o http://ex.org/variable#29	1
http://ex.org/variable#122 http://www.ibm.com/timex#di http://ex.org/variable#30	1
http://ex.org/variable#122 http://www.ibm.com/timex#oi http://ex.org/variable#31	1
http://ex.org/variable#122 http://www.ibm.com/timex#oi_di_si http://ex.org/variable#32	1
http://ex.org/variable#122 http://www.ibm.com/timex#o http://ex.org/variable#33	1
http://ex.org/variable#122 http://www.ibm.com/timex#di http://ex.org/variable#34	1
http://ex.org/variable#122 http://www.ibm.com/timex#di http://ex.org/variable#35	1
http://ex.org/variable#122 http://www.ibm.com/timex#di http://ex.org/variable#36	1
http://ex.org/variable#122 http://www.ibm.com/timex#di http://ex.org/variable#37	1
http://ex.org/variable#122 http://www.ibm.com/timex#di http://ex.org/variable#38	1
http://ex.org/variable#122 http://www.ibm.com/timex#di http://ex.org/variable#39	1
http://ex.org/variable#122 http://www.ibm.com/timex#oi_di_si http://ex.org/variable#40	1
http://ex.org/variable#122 http://www.ibm.com/timex#o http://ex.org/variable#41	1
http://ex.org/variable#122 http://www.ibm.com/timex#o http://ex.org/variable#42	1
http://ex.org/variable#122 http://www.ibm.com/timex#oi http://ex.org/variable#43	1
http://ex.org/variable#122 http://www.ibm.com/timex#o http://ex.org/variable#44	1
http://ex.org/variable#122 http://www.ibm.com/timex#o http://ex.org/variable#45	1
http://ex.org/variable#122 http://www.ibm.com/timex#oi http://ex.org/variable#46	1
http://ex.org/variable#122 http://www.ibm.com/timex#oi http://ex.org/variable#47	1
http://ex.org/variable#122 http://www.ibm.com/timex#di http://ex.org/variable#48	1
http://ex.org/variable#122 http://www.ibm.com/timex#oi http://ex.org/variable#49	1
http://ex.org/variable#122 http://www.ibm.com/timex#o http://ex.org/variable#50	1
http://ex.org/variable#122 http://www.ibm.com/timex#di http://ex.org/variable#51	1
http://ex.org/variable#122 http://www.ibm.com/timex#oi_d_f http://ex.org/variable#52	1
http://ex.org/variable#122 http://www.ibm.com/timex#o http://ex.org/variable#53	1
http://ex.org/variable#122 http://www.ibm.com/timex#di http://ex.org/variable#54	1
http://ex.org/variable#122 http://www.ibm.com/timex#di http://ex.org/variable#55	1
http://ex.org/variable#122 http://www.ibm.com/timex#di http://ex.org/variable#56	1
http://ex.org/variable#122 http://www.ibm.com/timex#oi http://ex.org/variable#57	1
http://ex.org/variable#122 http://www.ibm.com/timex#di http://ex.org/variable#58	1
http://ex.org/variable#122 http://www.ibm.com/timex#o http://ex.org/variable#59	1
http://ex.org/variable#122 http://www.ibm.com/timex#o http://ex.org/variable#60	1
http://ex.org/variable#122 http://www.ibm.com/timex#d_s http://ex.org/variable#61	1
http://ex.org/variable#122 http://www.ibm.com/timex#o http://ex.org/variable#62	1
http://ex.org/variable#122 http://www.ibm.com/timex#di_fi http://ex.org/variable#63	1
http://ex.org/variable#122 http://www.ibm.com/timex#o http://ex.org/variable#64	1
http://ex.org/variable#122 http://www.ibm.com/timex#di http://ex.org/variable#65	1
http://ex.org/variable#122 http://www.ibm.com/timex#oi http://ex.org/variable#66	1
http://ex.org/variable#122 http://www.ibm.com/timex#o http://ex.org/variable#67	1
http://ex.org/variable#122 http://www.ibm.com/timex#o http://ex.org/variable#68	1
http://ex.org/variable#122 http://www.ibm.com/timex#di http://ex.org/variable#69	1
http://ex.org/variable#122 http://www.ibm.com/timex#o http://ex.org/variable#70	1
http://ex.org/variable#122 http://www.ibm.com/timex#di http://ex.org/variable#71	1
http://ex.org/variable#122 http://www.ibm.com/timex#o_di_fi http://ex.org/variable#72	1
http://ex.org/variable#122 http://www.ibm.com/timex#di http://ex.org/variable#73	1
http://ex.org/variable#122 http://www.ibm.com/timex#o http://ex.org/variable#74	1
http://ex.org/variable#122 http://www.ibm.com/timex#di http://ex.org/variable#75	1
http://ex.org/variable#122 http://www.ibm.com/timex#o http://ex.org/variable#76	1
http://ex.org/variable#122 http://www.ibm.com/timex#o http://ex.org/variable#77	1
http://ex.org/variable#122 http://www.ibm.com/timex#di http://ex.org/variable#78	1
http://ex.org/variable#122 http://www.ibm.com/timex#oi http://ex.org/variable#79	1
http://ex.org/variable#122 http://www.ibm.com/timex#d http://ex.org/variable#80	1
http://ex.org/variable#122 http://www.ibm.com/timex#oi http://ex.org/variable#81	1
http://ex.org/variable#122 http://www.ibm.com/timex#di http://ex.org/variable#82	1
http://ex.org/variable#122 http://www.ibm.com/timex#d http://ex.org/variable#83	1
http://ex.org/variable#122 http://www.ibm.com/timex#o http://ex.org/variable#84	1
http://ex.org/variable#122 http://www.ibm.com/timex#o_di_fi http://ex.org/variable#85	1
http://ex.org/variable#122 http://www.ibm.com/timex#d http://ex.org/variable#86	1
http://ex.org/variable#122 http://www.ibm.com/timex#o http://ex.org/variable#87	1
http://ex.org/variable#122 http://www.ibm.com/timex#b http://ex.org/variable#88	1
http://ex.org/variable#122 http://www.ibm.com/timex#o http://ex.org/variable#89	1
http://ex.org/variable#122 http://www.ibm.com/timex#di http://ex.org/variable#90	1
http://ex.org/variable#122 http://www.ibm.com/timex#o http://ex.org/variable#91	1
http://ex.org/variable#122 http://www.ibm.com/timex#o http://ex.org/variable#92	1
http://ex.org/variable#122 http://www.ibm.com/timex#o http://ex.org/variable#93	1
http://ex.org/variable#122 http://www.ibm.com/timex#di http://ex.org/variable#94	1
http://ex.org/variable#122 http://www.ibm.com/timex#di http://ex.org/variable#95	1
http://ex.org/variable#122 http://www.ibm.com/timex#di http://ex.org/variable#96	1
http://ex.org/variable#122 http://www.ibm.com/timex#o http://ex.org/variable#97	1
http://ex.org/variable#122 http://www.ibm.com/timex#o http://ex.org/variable#98	1
http://ex.org/variable#122 http://www.ibm.com/timex#o http://ex.org/variable#99	1
http://ex.org/variable#122 http://www.ibm.com/timex#di http://ex.org/variable#100	1
http://ex.org/variable#122 http://www.ibm.com/timex#o http://ex.org/variable#101	1
http://ex.org/variable#122 http://www.ibm.com/timex#di http://ex.org/variable#102	1
http://ex.org/variable#122 http://www.ibm.com/timex#di http://ex.org/variable#103	1
http://ex.org/variable#122 http://www.ibm.com/timex#b http://ex.org/variable#104	1
http://ex.org/variable#122 http://www.ibm.com/timex#o http://ex.org/variable#105	1
http://ex.org/variable#122 http://www.ibm.com/timex#o http://ex.org/variable#106	1
http://ex.org/variable#122 http://www.ibm.com/timex#di http://ex.org/variable#107	1
http://ex.org/variable#122 http://www.ibm.com/timex#di http://ex.org/variable#108	1
http://ex.org/variable#122 http://www.ibm.com/timex#di http://ex.org/variable#109	1
http://ex.org/variable#122 http://www.ibm.com/timex#o http://ex.org/variable#110	1
http://ex.org/variable#122 http://www.ibm.com/timex#di http://ex.org/variable#111	1
http://ex.org/variable#122 http://www.ibm.com/timex#oi http://ex.org/variable#112	1
http://ex.org/variable#122 http://www.ibm.com/timex#di http://ex.org/variable#113	1
http://ex.org/variable#122 http://www.ibm.com/timex#o_di http://ex.org/variable#114	1
http://ex.org/variable#122 http://www.ibm.com/timex#b http://ex.org/variable#115	1
http://ex.org/variable#122 http://www.ibm.com/timex#di http://ex.org/variable#116	1
http://ex.org/variable#122 http://www.ibm.com/timex#di http://ex.org/variable#117	1
http://ex.org/variable#122 http://www.ibm.com/timex#di http://ex.org/variable#118	1
http://ex.org/variable#122 http://www.ibm.com/timex#d http://ex.org/variable#119	1
http://ex.org/variable#122 http://www.ibm.com/timex#di http://ex.org/variable#120	1
http://ex.org/variable#122 http://www.ibm.com/timex#b http://ex.org/variable#121	1
http://ex.org/variable#122 http://www.ibm.com/timex#o http://ex.org/variable#123	1
http://ex.org/variable#122 http://www.ibm.com/timex#oi http://ex.org/variable#124	1
http://ex.org/variable#122 http://www.ibm.com/timex#oi http://ex.org/variable#125	1
http://ex.org/variable#122 http://www.ibm.com/timex#o_di_fi http://ex.org/variable#126	1
http://ex.org/variable#122 http://www.ibm.com/timex#o http://ex.org/variable#127	1
http://ex.org/variable#122 http://www.ibm.com/timex#o http://ex.org/variable#128	1
http://ex.org/variable#122 http://www.ibm.com/timex#oi http://ex.org/variable#129	1
http://ex.org/variable#122 http://www.ibm.com/timex#di http://ex.org/variable#130	1
http://ex.org/variable#122 http://www.ibm.com/timex#o http://ex.org/variable#131	1
http://ex.org/variable#122 http://www.ibm.com/timex#o http://ex.org/variable#132	1
http://ex.org/variable#122 http://www.ibm.com/timex#o http://ex.org/variable#133	1
http://ex.org/variable#122 http://www.ibm.com/timex#oi http://ex.org/variable#134	1
http://ex.org/variable#122 http://www.ibm.com/timex#o http://ex.org/variable#135	1
http://ex.org/variable#122 http://www.ibm.com/timex#o http://ex.org/variable#136	1
http://ex.org/variable#122 http://www.ibm.com/timex#di http://ex.org/variable#137	1
http://ex.org/variable#122 http://www.ibm.com/timex#o http://ex.org/variable#138	1
http://ex.org/variable#122 http://www.ibm.com/timex#di http://ex.org/variable#139	1
http://ex.org/variable#122 http://www.ibm.com/timex#di http://ex.org/variable#140	1
http://ex.org/variable#122 http://www.ibm.com/timex#d http://ex.org/variable#141	1
http://ex.org/variable#122 http://www.ibm.com/timex#di http://ex.org/variable#142	1
http://ex.org/variable#122 http://www.ibm.com/timex#o http://ex.org/variable#143	1
http://ex.org/variable#122 http://www.ibm.com/timex#o http://ex.org/variable#144	1
http://ex.org/variable#122 http://www.ibm.com/timex#o http://ex.org/variable#145	1
http://ex.org/variable#122 http://www.ibm.com/timex#o http://ex.org/variable#146	1
http://ex.org/variable#122 http://www.ibm.com/timex#di http://ex.org/variable#147	1
http://ex.org/variable#122 http://www.ibm.com/timex#o_di_fi http://ex.org/variable#148	1
http://ex.org/variable#122 http://www.ibm.com/timex#oi http://ex.org/variable#149	1
http://ex.org/variable#122 http://www.ibm.com/timex#o http://ex.org/variable#150	1
http://ex.org/variable#122 http://www.ibm.com/timex#o http://ex.org/variable#151	1
http://ex.org/variable#122 http://www.ibm.com/timex#di http://ex.org/variable#152	1
http://ex.org/variable#122 http://www.ibm.com/timex#o http://ex.org/variable#153	1
http://ex.org/variable#122 http://www.ibm.com/timex#di http://ex.org/variable#154	1
http://ex.org/variable#122 http://www.ibm.com/timex#oi http://ex.org/variable#155	1
http://ex.org/variable#122 http://www.ibm.com/timex#o http://ex.org/variable#156	1
http://ex.org/variable#122 http://www.ibm.com/timex#di http://ex.org/variable#157	1
http://ex.org/variable#122 http://www.ibm.com/timex#di http://ex.org/variable#158	1
http://ex.org/variable#122 http://www.ibm.com/timex#o http://ex.org/variable#159	1
http://ex.org/variable#122 http://www.ibm.com/timex#o http://ex.org/variable#160	1
http://ex.org/variable#122 http://www.ibm.com/timex#di http://ex.org/variable#161	1
http://ex.org/variable#122 http://www.ibm.com/timex#di http://ex.org/variable#162	1
http://ex.org/variable#122 http://www.ibm.com/timex#o http://ex.org/variable#163	1
http://ex.org/variable#122 http://www.ibm.com/timex#o http://ex.org/variable#164	1
http://ex.org/variable#122 http://www.ibm.com/timex#di http://ex.org/variable#165	1
http://ex.org/variable#122 http://www.ibm.com/timex#oi http://ex.org/variable#166	1
http://ex.org/variable#122 http://www.ibm.com/timex#di http://ex.org/variable#167	1
http://ex.org/variable#122 http://www.ibm.com/timex#o http://ex.org/variable#168	1
http://ex.org/variable#122 http://www.ibm.com/timex#o_s http://ex.org/variable#169	1
http://ex.org/variable#122 http://www.ibm.com/timex#o http://ex.org/variable#170	1
http://ex.org/variable#122 http://www.ibm.com/timex#oi http://ex.org/variable#171	1
http://ex.org/variable#122 http://www.ibm.com/timex#oi http://ex.org/variable#172	1
http://ex.org/variable#122 http://www.ibm.com/timex#di http://ex.org/variable#173	1
http://ex.org/variable#122 http://www.ibm.com/timex#o http://ex.org/variable#174	1
http://ex.org/variable#122 http://www.ibm.com/timex#di http://ex.org/variable#175	1
http://ex.org/variable#122 http://www.ibm.com/timex#o http://ex.org/variable#176	1
http://ex.org/variable#122 http://www.ibm.com/timex#o_di_fi http://ex.org/variable#177	1
http://ex.org/variable#122 http://www.ibm.com/timex#o http://ex.org/variable#178	1
http://ex.org/variable#122 http://www.ibm.com/timex#o http://ex.org/variable#179	1
http://ex.org/variable#122 http://www.ibm.com/timex#di http://ex.org/variable#180	1
http://ex.org/variable#122 http://www.ibm.com/timex#di http://ex.org/variable#181	1
http://ex.org/variable#122 http://www.ibm.com/timex#di http://ex.org/variable#182	1
http://ex.org/variable#122 http://www.ibm.com/timex#o http://ex.org/variable#183	1
http://ex.org/variable#122 http://www.ibm.com/timex#di http://ex.org/variable#184	1
http://ex.org/variable#122 http://www.ibm.com/timex#o_fi http://ex.org/variable#185	1
http://ex.org/variable#122 http://www.ibm.com/timex#o http://ex.org/variable#186	1
http://ex.org/variable#122 http://www.ibm.com/timex#d http://ex.org/variable#187	1
http://ex.org/variable#122 http://www.ibm.com/timex#di_fi http://ex.org/variable#188	1
http://ex.org/variable#122 http://www.ibm.com/timex#di http://ex.org/variable#189	1
http://ex.org/variable#123 http://www.ibm.com/timex#oi http://ex.org/variable#0	1
http://ex.org/variable#123 http://www.ibm.com/timex#o http://ex.org/variable#1	1
http://ex.org/variable#123 http://www.ibm.com/timex#oi http://ex.org/variable#2	1
http://ex.org/variable#123 http://www.ibm.com/timex#di http://ex.org/variable#3	1
http://ex.org/variable#123 http://www.ibm.com/timex#d http://ex.org/variable#4	1
http://ex.org/variable#123 http://www.ibm.com/timex#oi http://ex.org/variable#5	1
http://ex.org/variable#123 http://www.ibm.com/timex#di http://ex.org/variable#6	1
http://ex.org/variable#123 http://www.ibm.com/timex#oi http://ex.org/variable#7	1
http://ex.org/variable#123 http://www.ibm.com/timex#bi http://ex.org/variable#8	1
http://ex.org/variable#123 http://www.ibm.com/timex#o http://ex.org/variable#9	1
http://ex.org/variable#123 http://www.ibm.com/timex#oi_si http://ex.org/variable#10	1
http://ex.org/variable#123 http://www.ibm.com/timex#oi http://ex.org/variable#11	1
http://ex.org/variable#123 http://www.ibm.com/timex#d http://ex.org/variable#12	1
http://ex.org/variable#123 http://www.ibm.com/timex#oi http://ex.org/variable#13	1
http://ex.org/variable#123 http://www.ibm.com/timex#di http://ex.org/variable#14	1
http://ex.org/variable#123 http://www.ibm.com/timex#oi http://ex.org/variable#15	1
http://ex.org/variable#123 http://www.ibm.com/timex#oi http://ex.org/variable#16	1
http://ex.org/variable#123 http://www.ibm.com/timex#di http://ex.org/variable#17	1
http://ex.org/variable#123 http://www.ibm.com/timex#oi http://ex.org/variable#18	1
http://ex.org/variable#123 http://www.ibm.com/timex#oi http://ex.org/variable#19	1
http://ex.org/variable#123 http://www.ibm.com/timex#d http://ex.org/variable#20	1
http://ex.org/variable#123 http://www.ibm.com/timex#di http://ex.org/variable#21	1
http://ex.org/variable#123 http://www.ibm.com/timex#d http://ex.org/variable#22	1
http://ex.org/variable#123 http://www.ibm.com/timex#oi http://ex.org/variable#23	1
http://ex.org/variable#123 http://www.ibm.com/timex#oi http://ex.org/variable#24	1
http://ex.org/variable#123 http://www.ibm.com/timex#bi http://ex.org/variable#25	1
http://ex.org/variable#123 http://www.ibm.com/timex#di http://ex.org/variable#26	1
http://ex.org/variable#123 http://www.ibm.com/timex#oi http://ex.org/variable#27	1
http://ex.org/variable#123 http://www.ibm.com/timex#di http://ex.org/variable#28	1
http://ex.org/variable#123 http://www.ibm.com/timex#oi http://ex.org/variable#29	1
http://ex.org/variable#123 http://www.ibm.com/timex#di http://ex.org/variable#30	1
http://ex.org/variable#123 http://www.ibm.com/timex#oi http://ex.org/variable#31	1
http://ex.org/variable#123 http://www.ibm.com/timex#oi http://ex.org/variable#32	1
http://ex.org/variable#123 http://www.ibm.com/timex#o http://ex.org/variable#33	1
http://ex.org/variable#123 http://www.ibm.com/timex#oi http://ex.org/variable#34	1
http://ex.org/variable#123 http://www.ibm.com/timex#di http://ex.org/variable#35	1
http://ex.org/variable#123 http://www.ibm.com/timex#oi http://ex.org/variable#36	1
http://ex.org/variable#123 http://www.ibm.com/timex#oi http://ex.org/variable#37	1
http://ex.org/variable#123 http://www.ibm.com/timex#oi http://ex.org/variable#38	1
http://ex.org/variable#123 http://www.ibm.com/timex#di http://ex.org/variable#39	1
http://ex.org/variable#123 http://www.ibm.com/timex#oi http://ex.org/variable#40	1
http://ex.org/variable#123 http://www.ibm.com/timex#oi http://ex.org/variable#41	1
http://ex.org/variable#123 http://www.ibm.com/timex#f http://ex.org/variable#42	1
http://ex.org/variable#123 http://www.ibm.com/timex#oi http://ex.org/variable#43	1
http://ex.org/variable#123 http://www.ibm.com/timex#oi http://ex.org/variable#44	1
http://ex.org/variable#123 http://www.ibm.com/timex#o http://ex.org/variable#45	1
http://ex.org/variable#123 http://www.ibm.com/timex#oi http://ex.org/variable#46	1
http://ex.org/variable#123 http://www.ibm.com/timex#oi http://ex.org/variable#47	1
http://ex.org/variable#123 http://www.ibm.com/timex#di http://ex.org/variable#48	1
http://ex.org/variable#123 http://www.ibm.com/timex#oi http://ex.org/variable#49	1
http://ex.org/variable#123 http://www.ibm.com/timex#eq_o_oi_d_di_s_si_f_fi http://ex.org/variable#50	1
http://ex.org/variable#123 http://www.ibm.com/timex#di http://ex.org/variable#51	1
http://ex.org/variable#123 http://www.ibm.com/timex#oi http://ex.org/variable#52	1
http://ex.org/variable#123 http://www.ibm.com/timex#oi http://ex.org/variable#53	1
http://ex.org/variable#123 http://www.ibm.com/timex#oi http://ex.org/variable#54	1
http://ex.org/variable#123 http://www.ibm.com/timex#oi_si http://ex.org/variable#55	1
http://ex.org/variable#123 http://www.ibm.com/timex#oi http://ex.org/variable#56	1
http://ex.org/variable#123 http://www.ibm.com/timex#oi http://ex.org/variable#57	1
http://ex.org/variable#123 http://www.ibm.com/timex#oi http://ex.org/variable#58	1
http://ex.org/variable#123 http://www.ibm.com/timex#d http://ex.org/variable#59	1
http://ex.org/variable#123 http://www.ibm.com/timex#oi_d http://ex.org/variable#60	1
http://ex.org/variable#123 http://www.ibm.com/timex#d http://ex.org/variable#61	1
http://ex.org/variable#123 http://www.ibm.com/timex#d http://ex.org/variable#62	1
http://ex.org/variable#123 http://www.ibm.com/timex#oi http://ex.org/variable#63	1
http://ex.org/variable#123 http://www.ibm.com/timex#oi http://ex.org/variable#64	1
http://ex.org/variable#123 http://www.ibm.com/timex#bi http://ex.org/variable#65	1
http://ex.org/variable#123 http://www.ibm.com/timex#oi http://ex.org/variable#66	1
http://ex.org/variable#123 http://www.ibm.com/timex#d http://ex.org/variable#67	1
http://ex.org/variable#123 http://www.ibm.com/timex#oi http://ex.org/variable#68	1
http://ex.org/variable#123 http://www.ibm.com/timex#oi http://ex.org/variable#69	1
http://ex.org/variable#123 http://www.ibm.com/timex#d http://ex.org/variable#70	1
http://ex.org/variable#123 http://www.ibm.com/timex#oi http://ex.org/variable#71	1
http://ex.org/variable#123 http://www.ibm.com/timex#oi_si http://ex.org/variable#72	1
http://ex.org/variable#123 http://www.ibm.com/timex#oi http://ex.org/variable#73	1
http://ex.org/variable#123 http://www.ibm.com/timex#oi http://ex.org/variable#74	1
http://ex.org/variable#123 http://www.ibm.com/timex#oi http://ex.org/variable#75	1
http://ex.org/variable#123 http://www.ibm.com/timex#oi http://ex.org/variable#76	1
http://ex.org/variable#123 http://www.ibm.com/timex#d http://ex.org/variable#77	1
http://ex.org/variable#123 http://www.ibm.com/timex#oi http://ex.org/variable#78	1
http://ex.org/variable#123 http://www.ibm.com/timex#oi http://ex.org/variable#79	1
http://ex.org/variable#123 http://www.ibm.com/timex#oi http://ex.org/variable#80	1
http://ex.org/variable#123 http://www.ibm.com/timex#oi http://ex.org/variable#81	1
http://ex.org/variable#123 http://www.ibm.com/timex#oi http://ex.org/variable#82	1
http://ex.org/variable#123 http://www.ibm.com/timex#oi http://ex.org/variable#83	1
http://ex.org/variable#123 http://www.ibm.com/timex#di http://ex.org/variable#84	1
http://ex.org/variable#123 http://www.ibm.com/timex#di http://ex.org/variable#85	1
http://ex.org/variable#123 http://www.ibm.com/timex#d http://ex.org/variable#86	1
http://ex.org/variable#123 http://www.ibm.com/timex#di http://ex.org/variable#87	1
http://ex.org/variable#123 http://www.ibm.com/timex#di http://ex.org/variable#88	1
http://ex.org/variable#123 http://www.ibm.com/timex#oi http://ex.org/variable#89	1
http://ex.org/variable#123 http://www.ibm.com/timex#oi http://ex.org/variable#90	1
http://ex.org/variable#123 http://www.ibm.com/timex#oi http://ex.org/variable#91	1
http://ex.org/variable#123 http://www.ibm.com/timex#o http://ex.org/variable#92	1
http://ex.org/variable#123 http://www.ibm.com/timex#oi http://ex.org/variable#93	1
http://ex.org/variable#123 http://www.ibm.com/timex#oi http://ex.org/variable#94	1
http://ex.org/variable#123 http://www.ibm.com/timex#di http://ex.org/variable#95	1
http://ex.org/variable#123 http://www.ibm.com/timex#bi http://ex.org/variable#96	1
http://ex.org/variable#123 http://www.ibm.com/timex#oi http://ex.org/variable#97	1
http://ex.org/variable#123 http://www.ibm.com/timex#di http://ex.org/variable#98	1
http://ex.org/variable#123 http://www.ibm.com/timex#di http://ex.org/variable#99	1
http://ex.org/variable#123 http://www.ibm.com/timex#bi http://ex.org/variable#100	1
http://ex.org/variable#123 http://www.ibm.com/timex#oi http://ex.org/variable#101	1
http://ex.org/variable#123 http://www.ibm.com/timex#di http://ex.org/variable#102	1
http://ex.org/variable#123 http://www.ibm.com/timex#oi http://ex.org/variable#103	1
http://ex.org/variable#123 http://www.ibm.com/timex#di http://ex.org/variable#104	1
http://ex.org/variable#123 http://www.ibm.com/timex#oi http://ex.org/variable#105	1
http://ex.org/variable#123 http://www.ibm.com/timex#oi http://ex.org/variable#106	1
http://ex.org/variable#123 http://www.ibm.com/timex#oi http://ex.org/variable#107	1
http://ex.org/variable#123 http://www.ibm.com/timex#di http://ex.org/variable#108	1
http://ex.org/variable#123 http://www.ibm.com/timex#di http://ex.org/variable#109	1
http://ex.org/variable#123 http://www.ibm.com/timex#oi http://ex.org/variable#110	1
http://ex.org/variable#123 http://www.ibm.com/timex#oi http://ex.org/variable#111	1
http://ex.org/variable#123 http://www.ibm.com/timex#oi http://ex.org/variable#112	1
http://ex.org/variable#123 http://www.ibm.com/timex#di http://ex.org/variable#113	1
http://ex.org/variable#123 http://www.ibm.com/timex#oi http://ex.org/variable#114	1
http://ex.org/variable#123 http://www.ibm.com/timex#di http://ex.org/variable#115	1
http://ex.org/variable#123 http://www.ibm.com/timex#di http://ex.org/variable#116	1
http://ex.org/variable#123 http://www.ibm.com/timex#oi http://ex.org/variable#117	1
http://ex.org/variable#123 http://www.ibm.com/timex#oi http://ex.org/variable#118	1
http://ex.org/variable#123 http://www.ibm.com/timex#oi http://ex.org/variable#119	1
http://ex.org/variable#123 http://www.ibm.com/timex#oi http://ex.org/variable#120	1
http://ex.org/variable#123 http://www.ibm.com/timex#di http://ex.org/variable#121	1
http://ex.org/variable#123 http://www.ibm.com/timex#oi http://ex.org/variable#122	1
http://ex.org/variable#123 http://www.ibm.com/timex#oi http://ex.org/variable#124	1
http://ex.org/variable#123 http://www.ibm.com/timex#oi http://ex.org/variable#125	1
http://ex.org/variable#123 http://www.ibm.com/timex#di http://ex.org/variable#126	1
http://ex.org/variable#123 http://www.ibm.com/timex#di http://ex.org/variable#127	1
http://ex.org/variable#123 http://www.ibm.com/timex#f http://ex.org/variable#128	1
http://ex.org/variable#123 http://www.ibm.com/timex#oi http://ex.org/variable#129	1
http://ex.org/variable#123 http://www.ibm.com/timex#oi http://ex.org/variable#130	1
http://ex.org/variable#123 http://www.ibm.com/timex#o http://ex.org/variable#131	1
http://ex.org/variable#123 http://www.ibm.com/timex#oi http://ex.org/variable#132	1
http://ex.org/variable#123 http://www.ibm.com/timex#o http://ex.org/variable#133	1
http://ex.org/variable#123 http://www.ibm.com/timex#oi http://ex.org/variable#134	1
http://ex.org/variable#123 http://www.ibm.com/timex#d http://ex.org/variable#135	1
http://ex.org/variable#123 http://www.ibm.com/timex#d http://ex.org/variable#136	1
http://ex.org/variable#123 http://www.ibm.com/timex#di http://ex.org/variable#137	1
http://ex.org/variable#123 http://www.ibm.com/timex#di http://ex.org/variable#138	1
http://ex.org/variable#123 http://www.ibm.com/timex#oi http://ex.org/variable#139	1
http://ex.org/variable#123 http://www.ibm.com/timex#oi http://ex.org/variable#140	1
http://ex.org/variable#123 http://www.ibm.com/timex#oi_d http://ex.org/variable#141	1
http://ex.org/variable#123 http://www.ibm.com/timex#oi http://ex.org/variable#142	1
http://ex.org/variable#123 http://www.ibm.com/timex#oi http://ex.org/variable#143	1
http://ex.org/variable#123 http://www.ibm.com/timex#oi http://ex.org/variable#144	1
http://ex.org/variable#123 http://www.ibm.com/timex#di http://ex.org/variable#145	1
http://ex.org/variable#123 http://www.ibm.com/timex#d http://ex.org/variable#146	1
http://ex.org/variable#123 http://www.ibm.com/timex#oi http://ex.org/variable#147	1
http://ex.org/variable#123 http://www.ibm.com/timex#oi http://ex.org/variable#148	1
http://ex.org/variable#123 http://www.ibm.com/timex#bi_mi_oi http://ex.org/variable#149	1
http://ex.org/variable#123 http://www.ibm.com/timex#o http://ex.org/variable#150	1
http://ex.org/variable#123 http://www.ibm.com/timex#d http://ex.org/variable#151	1
http://ex.org/variable#123 http://www.ibm.com/timex#bi http://ex.org/variable#152	1
http://ex.org/variable#123 http://www.ibm.com/timex#d http://ex.org/variable#153	1
http://ex.org/variable#123 http://www.ibm.com/timex#di http://ex.org/variable#154	1
http://ex.org/variable#123 http://www.ibm.com/timex#oi http://ex.org/variable#155	1
http://ex.org/variable#123 http://www.ibm.com/timex#oi http://ex.org/variable#156	1
http://ex.org/variable#123 http://www.ibm.com/timex#bi http://ex.org/variable#157	1
http://ex.org/variable#123 http://www.ibm.com/timex#oi http://ex.org/variable#158	1
http://ex.org/variable#123 http://www.ibm.com/timex#o http://ex.org/variable#159	1
http://ex.org/variable#123 http://www.ibm.com/timex#oi http://ex.org/variable#160	1
http://ex.org/variable#123 http://www.ibm.com/timex#di http://ex.org/variable#161	1
http://ex.org/variable#123 http://www.ibm.com/timex#oi http://ex.org/variable#162	1
http://ex.org/variable#123 http://www.ibm.com/timex#di http://ex.org/variable#163	1
http://ex.org/variable#123 http://www.ibm.com/timex#oi_di_si http://ex.org/variable#164	1
http://ex.org/variable#123 http://www.ibm.com/timex#oi http://ex.org/variable#165	1
http://ex.org/variable#123 http://www.ibm.com/timex#oi http://ex.org/variable#166	1
http://ex.org/variable#123 http://www.ibm.com/timex#oi http://ex.org/variable#167	1
http://ex.org/variable#123 http://www.ibm.com/timex#di http://ex.org/variable#168	1
http://ex.org/variable#123 http://www.ibm.com/timex#oi http://ex.org/variable#169	1
http://ex.org/variable#123 http://www.ibm.com/timex#di http://ex.org/variable#170	1
http://ex.org/variable#123 http://www.ibm.com/timex#oi http://ex.org/variable#171	1
http://ex.org/variable#123 http://www.ibm.com/timex#bi http://ex.org/variable#172	1
http://ex.org/variable#123 http://www.ibm.com/timex#di http://ex.org/variable#173	1
http://ex.org/variable#123 http://www.ibm.com/timex#di http://ex.org/variable#174	1
http://ex.org/variable#123 http://www.ibm.com/timex#oi http://ex.org/variable#175	1
http://ex.org/variable#123 http://www.ibm.com/timex#o http://ex.org/variable#176	1
http://ex.org/variable#123 http://www.ibm.com/timex#oi http://ex.org/variable#177	1
http://ex.org/variable#123 http://www.ibm.com/timex#d http://ex.org/variable#178	1
http://ex.org/variable#123 http://www.ibm.com/timex#di http://ex.org/variable#179	1
http://ex.org/variable#123 http://www.ibm.com/timex#bi http://ex.org/variable#180	1
http://ex.org/variable#123 http://www.ibm.com/timex#bi http://ex.org/variable#181	1
http://ex.org/variable#123 http://www.ibm.com/timex#di http://ex.org/variable#182	1
http://ex.org/variable#123 http://www.ibm.com/timex#di http://ex.org/variable#183	1
http://ex.org/variable#123 http://www.ibm.com/timex#oi http://ex.org/variable#184	1
http://ex.org/variable#123 http://www.ibm.com/timex#oi http://ex.org/variable#185	1
http://ex.org/variable#123 http://www.ibm.com/timex#di http://ex.org/variable#186	1
http://ex.org/variable#123 http://www.ibm.com/timex#oi http://ex.org/variable#187	1
http://ex.org/variable#123 http://www.ibm.com/timex#di http://ex.org/variable#188	1
http://ex.org/variable#123 http://www.ibm.com/timex#di http://ex.org/variable#189	1
http://ex.org/variable#124 http://www.ibm.com/timex#o http://ex.org/variable#0	1
http://ex.org/variable#124 http://www.ibm.com/timex#b http://ex.org/variable#1	1
http://ex.org/variable#124 http://www.ibm.com/timex#o http://ex.org/variable#2	1
http://ex.org/variable#124 http://www.ibm.com/timex#o http://ex.org/variable#3	1
http://ex.org/variable#124 http://www.ibm.com/timex#o http://ex.org/variable#4	1
http://ex.org/variable#124 http://www.ibm.com/timex#o_di http://ex.org/variable#5	1
http://ex.org/variable#124 http://www.ibm.com/timex#b http://ex.org/variable#6	1
http://ex.org/variable#124 http://www.ibm.com/timex#o http://ex.org/variable#7	1
http://ex.org/variable#124 http://www.ibm.com/timex#di http://ex.org/variable#8	1
http://ex.org/variable#124 http://www.ibm.com/timex#o http://ex.org/variable#9	1
http://ex.org/variable#124 http://www.ibm.com/timex#o http://ex.org/variable#10	1
http://ex.org/variable#124 http://www.ibm.com/timex#o http://ex.org/variable#11	1
http://ex.org/variable#124 http://www.ibm.com/timex#d http://ex.org/variable#12	1
http://ex.org/variable#124 http://www.ibm.com/timex#di http://ex.org/variable#13	1
http://ex.org/variable#124 http://www.ibm.com/timex#o http://ex.org/variable#14	1
http://ex.org/variable#124 http://www.ibm.com/timex#o http://ex.org/variable#15	1
http://ex.org/variable#124 http://www.ibm.com/timex#o http://ex.org/variable#16	1
http://ex.org/variable#124 http://www.ibm.com/timex#b http://ex.org/variable#17	1
http://ex.org/variable#124 http://www.ibm.com/timex#o http://ex.org/variable#18	1
http://ex.org/variable#124 http://www.ibm.com/timex#di http://ex.org/variable#19	1
http://ex.org/variable#124 http://www.ibm.com/timex#o http://ex.org/variable#20	1
http://ex.org/variable#124 http://www.ibm.com/timex#b http://ex.org/variable#21	1
http://ex.org/variable#124 http://www.ibm.com/timex#o http://ex.org/variable#22	1
http://ex.org/variable#124 http://www.ibm.com/timex#di http://ex.org/variable#23	1
http://ex.org/variable#124 http://www.ibm.com/timex#o http://ex.org/variable#24	1
http://ex.org/variable#124 http://www.ibm.com/timex#di http://ex.org/variable#25	1
http://ex.org/variable#124 http://www.ibm.com/timex#b http://ex.org/variable#26	1
http://ex.org/variable#124 http://www.ibm.com/timex#oi http://ex.org/variable#27	1
http://ex.org/variable#124 http://www.ibm.com/timex#o http://ex.org/variable#28	1
http://ex.org/variable#124 http://www.ibm.com/timex#o http://ex.org/variable#29	1
http://ex.org/variable#124 http://www.ibm.com/timex#fi http://ex.org/variable#30	1
http://ex.org/variable#124 http://www.ibm.com/timex#d http://ex.org/variable#31	1
http://ex.org/variable#124 http://www.ibm.com/timex#di http://ex.org/variable#32	1
http://ex.org/variable#124 http://www.ibm.com/timex#b http://ex.org/variable#33	1
http://ex.org/variable#124 http://www.ibm.com/timex#o http://ex.org/variable#34	1
http://ex.org/variable#124 http://www.ibm.com/timex#di http://ex.org/variable#35	1
http://ex.org/variable#124 http://www.ibm.com/timex#di http://ex.org/variable#36	1
http://ex.org/variable#124 http://www.ibm.com/timex#di http://ex.org/variable#37	1
http://ex.org/variable#124 http://www.ibm.com/timex#o http://ex.org/variable#38	1
http://ex.org/variable#124 http://www.ibm.com/timex#b http://ex.org/variable#39	1
http://ex.org/variable#124 http://www.ibm.com/timex#o http://ex.org/variable#40	1
http://ex.org/variable#124 http://www.ibm.com/timex#o http://ex.org/variable#41	1
http://ex.org/variable#124 http://www.ibm.com/timex#o http://ex.org/variable#42	1
http://ex.org/variable#124 http://www.ibm.com/timex#o http://ex.org/variable#43	1
http://ex.org/variable#124 http://www.ibm.com/timex#o http://ex.org/variable#44	1
http://ex.org/variable#124 http://www.ibm.com/timex#o http://ex.org/variable#45	1
http://ex.org/variable#124 http://www.ibm.com/timex#o http://ex.org/variable#46	1
http://ex.org/variable#124 http://www.ibm.com/timex#d http://ex.org/variable#47	1
http://ex.org/variable#124 http://www.ibm.com/timex#b http://ex.org/variable#48	1
http://ex.org/variable#124 http://www.ibm.com/timex#di http://ex.org/variable#49	1
http://ex.org/variable#124 http://www.ibm.com/timex#o http://ex.org/variable#50	1
http://ex.org/variable#124 http://www.ibm.com/timex#b http://ex.org/variable#51	1
http://ex.org/variable#124 http://www.ibm.com/timex#o http://ex.org/variable#52	1
http://ex.org/variable#124 http://www.ibm.com/timex#o http://ex.org/variable#53	1
http://ex.org/variable#124 http://www.ibm.com/timex#o http://ex.org/variable#54	1
http://ex.org/variable#124 http://www.ibm.com/timex#o http://ex.org/variable#55	1
http://ex.org/variable#124 http://www.ibm.com/timex#o_di_fi http://ex.org/variable#56	1
http://ex.org/variable#124 http://www.ibm.com/timex#o http://ex.org/variable#57	1
http://ex.org/variable#124 http://www.ibm.com/timex#o http://ex.org/variable#58	1
http://ex.org/variable#124 http://www.ibm.com/timex#o http://ex.org/variable#59	1
http://ex.org/variable#124 http://www.ibm.com/timex#o http://ex.org/variable#60	1
http://ex.org/variable#124 http://www.ibm.com/timex#o http://ex.org/variable#61	1
http://ex.org/variable#124 http://www.ibm.com/timex#o http://ex.org/variable#62	1
http://ex.org/variable#124 http://www.ibm.com/timex#o http://ex.org/variable#63	1
http://ex.org/variable#124 http://www.ibm.com/timex#o http://ex.org/variable#64	1
http://ex.org/variable#124 http://www.ibm.com/timex#di http://ex.org/variable#65	1
http://ex.org/variable#124 http://www.ibm.com/timex#oi http://ex.org/variable#66	1
http://ex.org/variable#124 http://www.ibm.com/timex#o http://ex.org/variable#67	1
http://ex.org/variable#124 http://www.ibm.com/timex#o http://ex.org/variable#68	1
http://ex.org/variable#124 http://www.ibm.com/timex#o http://ex.org/variable#69	1
http://ex.org/variable#124 http://www.ibm.com/timex#o http://ex.org/variable#70	1
http://ex.org/variable#124 http://www.ibm.com/timex#o http://ex.org/variable#71	1
http://ex.org/variable#124 http://www.ibm.com/timex#o http://ex.org/variable#72	1
http://ex.org/variable#124 http://www.ibm.com/timex#o http://ex.org/variable#73	1
http://ex.org/variable#124 http://www.ibm.com/timex#o http://ex.org/variable#74	1
http://ex.org/variable#124 http://www.ibm.com/timex#o http://ex.org/variable#75	1
http://ex.org/variable#124 http://www.ibm.com/timex#o http://ex.org/variable#76	1
http://ex.org/variable#124 http://www.ibm.com/timex#o http://ex.org/variable#77	1
http://ex.org/variable#124 http://www.ibm.com/timex#o http://ex.org/variable#78	1
http://ex.org/variable#124 http://www.ibm.com/timex#d http://ex.org/variable#79	1
http://ex.org/variable#124 http://www.ibm.com/timex#o http://ex.org/variable#80	1
http://ex.org/variable#124 http://www.ibm.com/timex#d http://ex.org/variable#81	1
http://ex.org/variable#124 http://www.ibm.com/timex#di http://ex.org/variable#82	1
http://ex.org/variable#124 http://www.ibm.com/timex#o http://ex.org/variable#83	1
http://ex.org/variable#124 http://www.ibm.com/timex#o http://ex.org/variable#84	1
http://ex.org/variable#124 http://www.ibm.com/timex#b http://ex.org/variable#85	1
http://ex.org/variable#124 http://www.ibm.com/timex#o http://ex.org/variable#86	1
http://ex.org/variable#124 http://www.ibm.com/timex#o http://ex.org/variable#87	1
http://ex.org/variable#124 http://www.ibm.com/timex#b http://ex.org/variable#88	1
http://ex.org/variable#124 http://www.ibm.com/timex#o http://ex.org/variable#89	1
http://ex.org/variable#124 http://www.ibm.com/timex#o http://ex.org/variable#90	1
http://ex.org/variable#124 http://www.ibm.com/timex#o http://ex.org/variable#91	1
http://ex.org/variable#124 http://www.ibm.com/timex#o http://ex.org/variable#92	1
http://ex.org/variable#124 http://www.ibm.com/timex#o http://ex.org/variable#93	1
http://ex.org/variable#124 http://www.ibm.com/timex#o http://ex.org/variable#94	1
http://ex.org/variable#124 http://www.ibm.com/timex#di http://ex.org/variable#95	1
http://ex.org/variable#124 http://www.ibm.com/timex#di http://ex.org/variable#96	1
http://ex.org/variable#124 http://www.ibm.com/timex#o http://ex.org/variable#97	1
http://ex.org/variable#124 http://www.ibm.com/timex#b http://ex.org/variable#98	1
http://ex.org/variable#124 http://www.ibm.com/timex#b http://ex.org/variable#99	1
http://ex.org/variable#124 http://www.ibm.com/timex#di http://ex.org/variable#100	1
http://ex.org/variable#124 http://www.ibm.com/timex#o http://ex.org/variable#101	1
http://ex.org/variable#124 http://www.ibm.com/timex#b http://ex.org/variable#102	1
http://ex.org/variable#124 http://www.ibm.com/timex#o http://ex.org/variable#103	1
http://ex.org/variable#124 http://www.ibm.com/timex#b http://ex.org/variable#104	1
http://ex.org/variable#124 http://www.ibm.com/timex#o http://ex.org/variable#105	1
http://ex.org/variable#124 http://www.ibm.com/timex#o http://ex.org/variable#106	1
http://ex.org/variable#124 http://www.ibm.com/timex#o http://ex.org/variable#107	1
http://ex.org/variable#124 http://www.ibm.com/timex#o_di_fi http://ex.org/variable#108	1
http://ex.org/variable#124 http://www.ibm.com/timex#b http://ex.org/variable#109	1
http://ex.org/variable#124 http://www.ibm.com/timex#o http://ex.org/variable#110	1
http://ex.org/variable#124 http://www.ibm.com/timex#o http://ex.org/variable#111	1
http://ex.org/variable#124 http://www.ibm.com/timex#o http://ex.org/variable#112	1
http://ex.org/variable#124 http://www.ibm.com/timex#o http://ex.org/variable#113	1
http://ex.org/variable#124 http://www.ibm.com/timex#o http://ex.org/variable#114	1
http://ex.org/variable#124 http://www.ibm.com/timex#b http://ex.org/variable#115	1
http://ex.org/variable#124 http://www.ibm.com/timex#b http://ex.org/variable#116	1
http://ex.org/variable#124 http://www.ibm.com/timex#di http://ex.org/variable#117	1
http://ex.org/variable#124 http://www.ibm.com/timex#o http://ex.org/variable#118	1
http://ex.org/variable#124 http://www.ibm.com/timex#d http://ex.org/variable#119	1
http://ex.org/variable#124 http://www.ibm.com/timex#di http://ex.org/variable#120	1
http://ex.org/variable#124 http://www.ibm.com/timex#b http://ex.org/variable#121	1
http://ex.org/variable#124 http://www.ibm.com/timex#o http://ex.org/variable#122	1
http://ex.org/variable#124 http://www.ibm.com/timex#o http://ex.org/variable#123	1
http://ex.org/variable#124 http://www.ibm.com/timex#o_d_s http://ex.org/variable#125	1
http://ex.org/variable#124 http://www.ibm.com/timex#o http://ex.org/variable#126	1
http://ex.org/variable#124 http://www.ibm.com/timex#b http://ex.org/variable#127	1
http://ex.org/variable#124 http://www.ibm.com/timex#o http://ex.org/variable#128	1
http://ex.org/variable#124 http://www.ibm.com/timex#oi http://ex.org/variable#129	1
http://ex.org/variable#124 http://www.ibm.com/timex#di http://ex.org/variable#130	1
http://ex.org/variable#124 http://www.ibm.com/timex#b http://ex.org/variable#131	1
http://ex.org/variable#124 http://www.ibm.com/timex#o http://ex.org/variable#132	1
http://ex.org/variable#124 http://www.ibm.com/timex#o http://ex.org/variable#133	1
http://ex.org/variable#124 http://www.ibm.com/timex#o http://ex.org/variable#134	1
http://ex.org/variable#124 http://www.ibm.com/timex#o http://ex.org/variable#135	1
http://ex.org/variable#124 http://www.ibm.com/timex#o http://ex.org/variable#136	1
http://ex.org/variable#124 http://www.ibm.com/timex#o http://ex.org/variable#137	1
http://ex.org/variable#124 http://www.ibm.com/timex#b http://ex.org/variable#138	1
http://ex.org/variable#124 http://www.ibm.com/timex#o http://ex.org/variable#139	1
http://ex.org/variable#124 http://www.ibm.com/timex#o http://ex.org/variable#140	1
http://ex.org/variable#124 http://www.ibm.com/timex#o http://ex.org/variable#141	1
http://ex.org/variable#124 http://www.ibm.com/timex#o http://ex.org/variable#142	1
http://ex.org/variable#124 http://www.ibm.com/timex#o http://ex.org/variable#143	1
http://ex.org/variable#124 http://www.ibm.com/timex#o http://ex.org/variable#144	1
http://ex.org/variable#124 http://www.ibm.com/timex#b http://ex.org/variable#145	1
http://ex.org/variable#124 http://www.ibm.com/timex#o http://ex.org/variable#146	1
http://ex.org/variable#124 http://www.ibm.com/timex#o http://ex.org/variable#147	1
http://ex.org/variable#124 http://www.ibm.com/timex#o http://ex.org/variable#148	1
http://ex.org/variable#124 http://www.ibm.com/timex#di http://ex.org/variable#149	1
http://ex.org/variable#124 http://www.ibm.com/timex#b http://ex.org/variable#150	1
http://ex.org/variable#124 http://www.ibm.com/timex#o http://ex.org/variable#151	1
http://ex.org/variable#124 http://www.ibm.com/timex#di http://ex.org/variable#152	1
http://ex.org/variable#124 http://www.ibm.com/timex#o http://ex.org/variable#153	1
http://ex.org/variable#124 http://www.ibm.com/timex#o http://ex.org/variable#154	1
http://ex.org/variable#124 http://www.ibm.com/timex#d http://ex.org/variable#155	1
http://ex.org/variable#124 http://www.ibm.com/timex#o http://ex.org/variable#156	1
http://ex.org/variable#124 http://www.ibm.com/timex#di http://ex.org/variable#157	1
http://ex.org/variable#124 http://www.ibm.com/timex#o http://ex.org/variable#158	1
http://ex.org/variable#124 http://www.ibm.com/timex#o http://ex.org/variable#159	1
http://ex.org/variable#124 http://www.ibm.com/timex#o http://ex.org/variable#160	1
http://ex.org/variable#124 http://www.ibm.com/timex#o http://ex.org/variable#161	1
http://ex.org/variable#124 http://www.ibm.com/timex#o_di http://ex.org/variable#162	1
http://ex.org/variable#124 http://www.ibm.com/timex#o http://ex.org/variable#163	1
http://ex.org/variable#124 http://www.ibm.com/timex#o http://ex.org/variable#164	1
http://ex.org/variable#124 http://www.ibm.com/timex#o http://ex.org/variable#165	1
http://ex.org/variable#124 http://www.ibm.com/timex#o http://ex.org/variable#166	1
http://ex.org/variable#124 http://www.ibm.com/timex#o http://ex.org/variable#167	1
http://ex.org/variable#124 http://www.ibm.com/timex#o http://ex.org/variable#168	1
http://ex.org/variable#124 http://www.ibm.com/timex#o http://ex.org/variable#169	1
http://ex.org/variable#124 http://www.ibm.com/timex#b http://ex.org/variable#170	1
http://ex.org/variable#124 http://www.ibm.com/timex#o http://ex.org/variable#171	1
http://ex.org/variable#124 http://www.ibm.com/timex#oi http://ex.org/variable#172	1
http://ex.org/variable#124 http://www.ibm.com/timex#b http://ex.org/variable#173	1
http://ex.org/variable#124 http://www.ibm.com/timex#o http://ex.org/variable#174	1
http://ex.org/variable#124 http://www.ibm.com/timex#o http://ex.org/variable#175	1
http://ex.org/variable#124 http://www.ibm.com/timex#o http://ex.org/variable#176	1
http://ex.org/variable#124 http://www.ibm.com/timex#o http://ex.org/variable#177	1
http://ex.org/variable#124 http://www.ibm.com/timex#o http://ex.org/variable#178	1
http://ex.org/variable#124 http://www.ibm.com/timex#o http://ex.org/variable#179	1
http://ex.org/variable#124 http://www.ibm.com/timex#di http://ex.org/variable#180	1
http://ex.org/variable#124 http://www.ibm.com/timex#di http://ex.org/variable#181	1
http://ex.org/variable#124 http://www.ibm.com/timex#o http://ex.org/variable#182	1
http://ex.org/variable#124 http://www.ibm.com/timex#b http://ex.org/variable#183	1
http://ex.org/variable#124 http://www.ibm.com/timex#o http://ex.org/variable#184	1
http://ex.org/variable#124 http://www.ibm.com/timex#o http://ex.org/variable#185	1
http://ex.org/variable#124 http://www.ibm.com/timex#o http://ex.org/variable#186	1
http://ex.org/variable#124 http://www.ibm.com/timex#d http://ex.org/variable#187	1
http://ex.org/variable#124 http://www.ibm.com/timex#o http://ex.org/variable#188	1
http://ex.org/variable#124 http://www.ibm.com/timex#o http://ex.org/variable#189	1
http://ex.org/variable#125 http://www.ibm.com/timex#o http://ex.org/variable#0	1
http://ex.org/variable#125 http://www.ibm.com/timex#b http://ex.org/variable#1	1
http://ex.org/variable#125 http://www.ibm.com/timex#o http://ex.org/variable#2	1
http://ex.org/variable#125 http://www.ibm.com/timex#o http://ex.org/variable#3	1
http://ex.org/variable#125 http://www.ibm.com/timex#o http://ex.org/variable#4	1
http://ex.org/variable#125 http://www.ibm.com/timex#di_fi http://ex.org/variable#5	1
http://ex.org/variable#125 http://www.ibm.com/timex#m http://ex.org/variable#6	1
http://ex.org/variable#125 http://www.ibm.com/timex#o http://ex.org/variable#7	1
http://ex.org/variable#125 http://www.ibm.com/timex#di http://ex.org/variable#8	1
http://ex.org/variable#125 http://www.ibm.com/timex#o http://ex.org/variable#9	1
http://ex.org/variable#125 http://www.ibm.com/timex#o http://ex.org/variable#10	1
http://ex.org/variable#125 http://www.ibm.com/timex#o http://ex.org/variable#11	1
http://ex.org/variable#125 http://www.ibm.com/timex#d_s http://ex.org/variable#12	1
http://ex.org/variable#125 http://www.ibm.com/timex#di http://ex.org/variable#13	1
http://ex.org/variable#125 http://www.ibm.com/timex#o http://ex.org/variable#14	1
http://ex.org/variable#125 http://www.ibm.com/timex#o http://ex.org/variable#15	1
http://ex.org/variable#125 http://www.ibm.com/timex#o http://ex.org/variable#16	1
http://ex.org/variable#125 http://www.ibm.com/timex#b http://ex.org/variable#17	1
http://ex.org/variable#125 http://www.ibm.com/timex#o http://ex.org/variable#18	1
http://ex.org/variable#125 http://www.ibm.com/timex#di http://ex.org/variable#19	1
http://ex.org/variable#125 http://www.ibm.com/timex#o http://ex.org/variable#20	1
http://ex.org/variable#125 http://www.ibm.com/timex#b http://ex.org/variable#21	1
http://ex.org/variable#125 http://www.ibm.com/timex#o http://ex.org/variable#22	1
http://ex.org/variable#125 http://www.ibm.com/timex#di http://ex.org/variable#23	1
http://ex.org/variable#125 http://www.ibm.com/timex#o http://ex.org/variable#24	1
http://ex.org/variable#125 http://www.ibm.com/timex#di http://ex.org/variable#25	1
http://ex.org/variable#125 http://www.ibm.com/timex#b http://ex.org/variable#26	1
http://ex.org/variable#125 http://www.ibm.com/timex#oi http://ex.org/variable#27	1
http://ex.org/variable#125 http://www.ibm.com/timex#o http://ex.org/variable#28	1
http://ex.org/variable#125 http://www.ibm.com/timex#o http://ex.org/variable#29	1
http://ex.org/variable#125 http://www.ibm.com/timex#di http://ex.org/variable#30	1
http://ex.org/variable#125 http://www.ibm.com/timex#oi http://ex.org/variable#31	1
http://ex.org/variable#125 http://www.ibm.com/timex#di http://ex.org/variable#32	1
http://ex.org/variable#125 http://www.ibm.com/timex#b http://ex.org/variable#33	1
http://ex.org/variable#125 http://www.ibm.com/timex#o http://ex.org/variable#34	1
http://ex.org/variable#125 http://www.ibm.com/timex#di http://ex.org/variable#35	1
http://ex.org/variable#125 http://www.ibm.com/timex#di http://ex.org/variable#36	1
http://ex.org/variable#125 http://www.ibm.com/timex#di http://ex.org/variable#37	1
http://ex.org/variable#125 http://www.ibm.com/timex#o http://ex.org/variable#38	1
http://ex.org/variable#125 http://www.ibm.com/timex#b http://ex.org/variable#39	1
http://ex.org/variable#125 http://www.ibm.com/timex#o http://ex.org/variable#40	1
http://ex.org/variable#125 http://www.ibm.com/timex#o http://ex.org/variable#41	1
http://ex.org/variable#125 http://www.ibm.com/timex#o http://ex.org/variable#42	1
http://ex.org/variable#125 http://www.ibm.com/timex#o http://ex.org/variable#43	1
http://ex.org/variable#125 http://www.ibm.com/timex#o http://ex.org/variable#44	1
http://ex.org/variable#125 http://www.ibm.com/timex#o http://ex.org/variable#45	1
http://ex.org/variable#125 http://www.ibm.com/timex#o_d_s http://ex.org/variable#46	1
http://ex.org/variable#125 http://www.ibm.com/timex#d http://ex.org/variable#47	1
http://ex.org/variable#125 http://www.ibm.com/timex#b http://ex.org/variable#48	1
http://ex.org/variable#125 http://www.ibm.com/timex#di http://ex.org/variable#49	1
http://ex.org/variable#125 http://www.ibm.com/timex#o http://ex.org/variable#50	1
http://ex.org/variable#125 http://www.ibm.com/timex#b http://ex.org/variable#51	1
http://ex.org/variable#125 http://www.ibm.com/timex#o http://ex.org/variable#52	1
http://ex.org/variable#125 http://www.ibm.com/timex#o http://ex.org/variable#53	1
http://ex.org/variable#125 http://www.ibm.com/timex#o http://ex.org/variable#54	1
http://ex.org/variable#125 http://www.ibm.com/timex#o http://ex.org/variable#55	1
http://ex.org/variable#125 http://www.ibm.com/timex#di http://ex.org/variable#56	1
http://ex.org/variable#125 http://www.ibm.com/timex#o_d_s http://ex.org/variable#57	1
http://ex.org/variable#125 http://www.ibm.com/timex#o http://ex.org/variable#58	1
http://ex.org/variable#125 http://www.ibm.com/timex#o http://ex.org/variable#59	1
http://ex.org/variable#125 http://www.ibm.com/timex#o http://ex.org/variable#60	1
http://ex.org/variable#125 http://www.ibm.com/timex#o http://ex.org/variable#61	1
http://ex.org/variable#125 http://www.ibm.com/timex#o http://ex.org/variable#62	1
http://ex.org/variable#125 http://www.ibm.com/timex#o http://ex.org/variable#63	1
http://ex.org/variable#125 http://www.ibm.com/timex#o http://ex.org/variable#64	1
http://ex.org/variable#125 http://www.ibm.com/timex#di http://ex.org/variable#65	1
http://ex.org/variable#125 http://www.ibm.com/timex#oi http://ex.org/variable#66	1
http://ex.org/variable#125 http://www.ibm.com/timex#o http://ex.org/variable#67	1
http://ex.org/variable#125 http://www.ibm.com/timex#o http://ex.org/variable#68	1
http://ex.org/variable#125 http://www.ibm.com/timex#o http://ex.org/variable#69	1
http://ex.org/variable#125 http://www.ibm.com/timex#o http://ex.org/variable#70	1
http://ex.org/variable#125 http://www.ibm.com/timex#o http://ex.org/variable#71	1
http://ex.org/variable#125 http://www.ibm.com/timex#o http://ex.org/variable#72	1
http://ex.org/variable#125 http://www.ibm.com/timex#o http://ex.org/variable#73	1
http://ex.org/variable#125 http://www.ibm.com/timex#o http://ex.org/variable#74	1
http://ex.org/variable#125 http://www.ibm.com/timex#o http://ex.org/variable#75	1
http://ex.org/variable#125 http://www.ibm.com/timex#o http://ex.org/variable#76	1
http://ex.org/variable#125 http://www.ibm.com/timex#o http://ex.org/variable#77	1
http://ex.org/variable#125 http://www.ibm.com/timex#o http://ex.org/variable#78	1
http://ex.org/variable#125 http://www.ibm.com/timex#oi_d http://ex.org/variable#79	1
http://ex.org/variable#125 http://www.ibm.com/timex#o http://ex.org/variable#80	1
http://ex.org/variable#125 http://www.ibm.com/timex#d http://ex.org/variable#81	1
http://ex.org/variable#125 http://www.ibm.com/timex#di http://ex.org/variable#82	1
http://ex.org/variable#125 http://www.ibm.com/timex#o http://ex.org/variable#83	1
http://ex.org/variable#125 http://www.ibm.com/timex#o http://ex.org/variable#84	1
http://ex.org/variable#125 http://www.ibm.com/timex#b http://ex.org/variable#85	1
http://ex.org/variable#125 http://www.ibm.com/timex#o_d_s http://ex.org/variable#86	1
http://ex.org/variable#125 http://www.ibm.com/timex#o http://ex.org/variable#87	1
http://ex.org/variable#125 http://www.ibm.com/timex#b http://ex.org/variable#88	1
http://ex.org/variable#125 http://www.ibm.com/timex#o http://ex.org/variable#89	1
http://ex.org/variable#125 http://www.ibm.com/timex#o http://ex.org/variable#90	1
http://ex.org/variable#125 http://www.ibm.com/timex#o http://ex.org/variable#91	1
http://ex.org/variable#125 http://www.ibm.com/timex#o http://ex.org/variable#92	1
http://ex.org/variable#125 http://www.ibm.com/timex#o http://ex.org/variable#93	1
http://ex.org/variable#125 http://www.ibm.com/timex#o http://ex.org/variable#94	1
http://ex.org/variable#125 http://www.ibm.com/timex#di http://ex.org/variable#95	1
http://ex.org/variable#125 http://www.ibm.com/timex#di http://ex.org/variable#96	1
http://ex.org/variable#125 http://www.ibm.com/timex#o http://ex.org/variable#97	1
http://ex.org/variable#125 http://www.ibm.com/timex#b http://ex.org/variable#98	1
http://ex.org/variable#125 http://www.ibm.com/timex#b http://ex.org/variable#99	1
http://ex.org/variable#125 http://www.ibm.com/timex#di http://ex.org/variable#100	1
http://ex.org/variable#125 http://www.ibm.com/timex#o http://ex.org/variable#101	1
http://ex.org/variable#125 http://www.ibm.com/timex#b http://ex.org/variable#102	1
http://ex.org/variable#125 http://www.ibm.com/timex#o http://ex.org/variable#103	1
http://ex.org/variable#125 http://www.ibm.com/timex#b http://ex.org/variable#104	1
http://ex.org/variable#125 http://www.ibm.com/timex#o http://ex.org/variable#105	1
http://ex.org/variable#125 http://www.ibm.com/timex#o http://ex.org/variable#106	1
http://ex.org/variable#125 http://www.ibm.com/timex#o http://ex.org/variable#107	1
http://ex.org/variable#125 http://www.ibm.com/timex#o_di http://ex.org/variable#108	1
http://ex.org/variable#125 http://www.ibm.com/timex#b http://ex.org/variable#109	1
http://ex.org/variable#125 http://www.ibm.com/timex#o http://ex.org/variable#110	1
http://ex.org/variable#125 http://www.ibm.com/timex#o http://ex.org/variable#111	1
http://ex.org/variable#125 http://www.ibm.com/timex#o http://ex.org/variable#112	1
http://ex.org/variable#125 http://www.ibm.com/timex#di http://ex.org/variable#113	1
http://ex.org/variable#125 http://www.ibm.com/timex#o http://ex.org/variable#114	1
http://ex.org/variable#125 http://www.ibm.com/timex#b http://ex.org/variable#115	1
http://ex.org/variable#125 http://www.ibm.com/timex#m http://ex.org/variable#116	1
http://ex.org/variable#125 http://www.ibm.com/timex#di http://ex.org/variable#117	1
http://ex.org/variable#125 http://www.ibm.com/timex#o http://ex.org/variable#118	1
http://ex.org/variable#125 http://www.ibm.com/timex#d http://ex.org/variable#119	1
http://ex.org/variable#125 http://www.ibm.com/timex#di http://ex.org/variable#120	1
http://ex.org/variable#125 http://www.ibm.com/timex#b http://ex.org/variable#121	1
http://ex.org/variable#125 http://www.ibm.com/timex#o http://ex.org/variable#122	1
http://ex.org/variable#125 http://www.ibm.com/timex#o http://ex.org/variable#123	1
http://ex.org/variable#125 http://www.ibm.com/timex#oi_di_si http://ex.org/variable#124	1
http://ex.org/variable#125 http://www.ibm.com/timex#o http://ex.org/variable#126	1
http://ex.org/variable#125 http://www.ibm.com/timex#b http://ex.org/variable#127	1
http://ex.org/variable#125 http://www.ibm.com/timex#o http://ex.org/variable#128	1
http://ex.org/variable#125 http://www.ibm.com/timex#oi http://ex.org/variable#129	1
http://ex.org/variable#125 http://www.ibm.com/timex#di http://ex.org/variable#130	1
http://ex.org/variable#125 http://www.ibm.com/timex#b http://ex.org/variable#131	1
http://ex.org/variable#125 http://www.ibm.com/timex#o http://ex.org/variable#132	1
http://ex.org/variable#125 http://www.ibm.com/timex#o http://ex.org/variable#133	1
http://ex.org/variable#125 http://www.ibm.com/timex#fi http://ex.org/variable#134	1
http://ex.org/variable#125 http://www.ibm.com/timex#o http://ex.org/variable#135	1
http://ex.org/variable#125 http://www.ibm.com/timex#o http://ex.org/variable#136	1
http://ex.org/variable#125 http://www.ibm.com/timex#fi http://ex.org/variable#137	1
http://ex.org/variable#125 http://www.ibm.com/timex#b http://ex.org/variable#138	1
http://ex.org/variable#125 http://www.ibm.com/timex#di http://ex.org/variable#139	1
http://ex.org/variable#125 http://www.ibm.com/timex#di http://ex.org/variable#140	1
http://ex.org/variable#125 http://www.ibm.com/timex#o http://ex.org/variable#141	1
http://ex.org/variable#125 http://www.ibm.com/timex#o http://ex.org/variable#142	1
http://ex.org/variable#125 http://www.ibm.com/timex#o http://ex.org/variable#143	1
http://ex.org/variable#125 http://www.ibm.com/timex#o http://ex.org/variable#144	1
http://ex.org/variable#125 http://www.ibm.com/timex#b http://ex.org/variable#145	1
http://ex.org/variable#125 http://www.ibm.com/timex#o http://ex.org/variable#146	1
http://ex.org/variable#125 http://www.ibm.com/timex#o http://ex.org/variable#147	1
http://ex.org/variable#125 http://www.ibm.com/timex#o http://ex.org/variable#148	1
http://ex.org/variable#125 http://www.ibm.com/timex#di http://ex.org/variable#149	1
http://ex.org/variable#125 http://www.ibm.com/timex#b http://ex.org/variable#150	1
http://ex.org/variable#125 http://www.ibm.com/timex#o http://ex.org/variable#151	1
http://ex.org/variable#125 http://www.ibm.com/timex#di http://ex.org/variable#152	1
http://ex.org/variable#125 http://www.ibm.com/timex#o http://ex.org/variable#153	1
http://ex.org/variable#125 http://www.ibm.com/timex#fi http://ex.org/variable#154	1
http://ex.org/variable#125 http://www.ibm.com/timex#d_s http://ex.org/variable#155	1
http://ex.org/variable#125 http://www.ibm.com/timex#o http://ex.org/variable#156	1
http://ex.org/variable#125 http://www.ibm.com/timex#di http://ex.org/variable#157	1
http://ex.org/variable#125 http://www.ibm.com/timex#o http://ex.org/variable#158	1
http://ex.org/variable#125 http://www.ibm.com/timex#o http://ex.org/variable#159	1
http://ex.org/variable#125 http://www.ibm.com/timex#o http://ex.org/variable#160	1
http://ex.org/variable#125 http://www.ibm.com/timex#fi http://ex.org/variable#161	1
http://ex.org/variable#125 http://www.ibm.com/timex#di http://ex.org/variable#162	1
http://ex.org/variable#125 http://www.ibm.com/timex#o http://ex.org/variable#163	1
http://ex.org/variable#125 http://www.ibm.com/timex#o http://ex.org/variable#164	1
http://ex.org/variable#125 http://www.ibm.com/timex#di http://ex.org/variable#165	1
http://ex.org/variable#125 http://www.ibm.com/timex#o http://ex.org/variable#166	1
http://ex.org/variable#125 http://www.ibm.com/timex#o http://ex.org/variable#167	1
http://ex.org/variable#125 http://www.ibm.com/timex#o http://ex.org/variable#168	1
http://ex.org/variable#125 http://www.ibm.com/timex#o http://ex.org/variable#169	1
http://ex.org/variable#125 http://www.ibm.com/timex#b http://ex.org/variable#170	1
http://ex.org/variable#125 http://www.ibm.com/timex#o http://ex.org/variable#171	1
http://ex.org/variable#125 http://www.ibm.com/timex#oi_si http://ex.org/variable#172	1
http://ex.org/variable#125 http://www.ibm.com/timex#b http://ex.org/variable#173	1
http://ex.org/variable#125 http://www.ibm.com/timex#o http://ex.org/variable#174	1
http://ex.org/variable#125 http://www.ibm.com/timex#o http://ex.org/variable#175	1
http://ex.org/variable#125 http://www.ibm.com/timex#o http://ex.org/variable#176	1
http://ex.org/variable#125 http://www.ibm.com/timex#o http://ex.org/variable#177	1
http://ex.org/variable#125 http://www.ibm.com/timex#o http://ex.org/variable#178	1
http://ex.org/variable#125 http://www.ibm.com/timex#o http://ex.org/variable#179	1
http://ex.org/variable#125 http://www.ibm.com/timex#di http://ex.org/variable#180	1
http://ex.org/variable#125 http://www.ibm.com/timex#di http://ex.org/variable#181	1
http://ex.org/variable#125 http://www.ibm.com/timex#di http://ex.org/variable#182	1
http://ex.org/variable#125 http://www.ibm.com/timex#b http://ex.org/variable#183	1
http://ex.org/variable#125 http://www.ibm.com/timex#o http://ex.org/variable#184	1
http://ex.org/variable#125 http://www.ibm.com/timex#o http://ex.org/variable#185	1
http://ex.org/variable#125 http://www.ibm.com/timex#o http://ex.org/variable#186	1
http://ex.org/variable#125 http://www.ibm.com/timex#d http://ex.org/variable#187	1
http://ex.org/variable#125 http://www.ibm.com/timex#o http://ex.org/variable#188	1
http://ex.org/variable#125 http://www.ibm.com/timex#o http://ex.org/variable#189	1
http://ex.org/variable#126 http://www.ibm.com/timex#d http://ex.org/variable#0	1
http://ex.org/variable#126 http://www.ibm.com/timex#o http://ex.org/variable#1	1
http://ex.org/variable#126 http://www.ibm.com/timex#d http://ex.org/variable#2	1
http://ex.org/variable#126 http://www.ibm.com/timex#oi http://ex.org/variable#3	1
http://ex.org/variable#126 http://www.ibm.com/timex#d http://ex.org/variable#4	1
http://ex.org/variable#126 http://www.ibm.com/timex#oi http://ex.org/variable#5	1
http://ex.org/variable#126 http://www.ibm.com/timex#o http://ex.org/variable#6	1
http://ex.org/variable#126 http://www.ibm.com/timex#d http://ex.org/variable#7	1
http://ex.org/variable#126 http://www.ibm.com/timex#bi http://ex.org/variable#8	1
http://ex.org/variable#126 http://www.ibm.com/timex#o_d_s http://ex.org/variable#9	1
http://ex.org/variable#126 http://www.ibm.com/timex#d http://ex.org/variable#10	1
http://ex.org/variable#126 http://www.ibm.com/timex#d http://ex.org/variable#11	1
http://ex.org/variable#126 http://www.ibm.com/timex#d http://ex.org/variable#12	1
http://ex.org/variable#126 http://www.ibm.com/timex#oi http://ex.org/variable#13	1
http://ex.org/variable#126 http://www.ibm.com/timex#di http://ex.org/variable#14	1
http://ex.org/variable#126 http://www.ibm.com/timex#oi http://ex.org/variable#15	1
http://ex.org/variable#126 http://www.ibm.com/timex#oi http://ex.org/variable#16	1
http://ex.org/variable#126 http://www.ibm.com/timex#di http://ex.org/variable#17	1
http://ex.org/variable#126 http://www.ibm.com/timex#oi http://ex.org/variable#18	1
http://ex.org/variable#126 http://www.ibm.com/timex#bi http://ex.org/variable#19	1
http://ex.org/variable#126 http://www.ibm.com/timex#d http://ex.org/variable#20	1
http://ex.org/variable#126 http://www.ibm.com/timex#o http://ex.org/variable#21	1
http://ex.org/variable#126 http://www.ibm.com/timex#d http://ex.org/variable#22	1
http://ex.org/variable#126 http://www.ibm.com/timex#bi http://ex.org/variable#23	1
http://ex.org/variable#126 http://www.ibm.com/timex#d http://ex.org/variable#24	1
http://ex.org/variable#126 http://www.ibm.com/timex#bi http://ex.org/variable#25	1
http://ex.org/variable#126 http://www.ibm.com/timex#di http://ex.org/variable#26	1
http://ex.org/variable#126 http://www.ibm.com/timex#bi http://ex.org/variable#27	1
http://ex.org/variable#126 http://www.ibm.com/timex#o http://ex.org/variable#28	1
http://ex.org/variable#126 http://www.ibm.com/timex#d http://ex.org/variable#29	1
http://ex.org/variable#126 http://www.ibm.com/timex#oi http://ex.org/variable#30	1
http://ex.org/variable#126 http://www.ibm.com/timex#oi http://ex.org/variable#31	1
http://ex.org/variable#126 http://www.ibm.com/timex#bi http://ex.org/variable#32	1
http://ex.org/variable#126 http://www.ibm.com/timex#o http://ex.org/variable#33	1
http://ex.org/variable#126 http://www.ibm.com/timex#oi http://ex.org/variable#34	1
http://ex.org/variable#126 http://www.ibm.com/timex#oi http://ex.org/variable#35	1
http://ex.org/variable#126 http://www.ibm.com/timex#oi http://ex.org/variable#36	1
http://ex.org/variable#126 http://www.ibm.com/timex#bi http://ex.org/variable#37	1
http://ex.org/variable#126 http://www.ibm.com/timex#oi http://ex.org/variable#38	1
http://ex.org/variable#126 http://www.ibm.com/timex#di http://ex.org/variable#39	1
http://ex.org/variable#126 http://www.ibm.com/timex#oi http://ex.org/variable#40	1
http://ex.org/variable#126 http://www.ibm.com/timex#d http://ex.org/variable#41	1
http://ex.org/variable#126 http://www.ibm.com/timex#d http://ex.org/variable#42	1
http://ex.org/variable#126 http://www.ibm.com/timex#oi http://ex.org/variable#43	1
http://ex.org/variable#126 http://www.ibm.com/timex#d http://ex.org/variable#44	1
http://ex.org/variable#126 http://www.ibm.com/timex#d http://ex.org/variable#45	1
http://ex.org/variable#126 http://www.ibm.com/timex#oi http://ex.org/variable#46	1
http://ex.org/variable#126 http://www.ibm.com/timex#oi http://ex.org/variable#47	1
http://ex.org/variable#126 http://www.ibm.com/timex#di http://ex.org/variable#48	1
http://ex.org/variable#126 http://www.ibm.com/timex#bi http://ex.org/variable#49	1
http://ex.org/variable#126 http://www.ibm.com/timex#d http://ex.org/variable#50	1
http://ex.org/variable#126 http://www.ibm.com/timex#di http://ex.org/variable#51	1
http://ex.org/variable#126 http://www.ibm.com/timex#oi http://ex.org/variable#52	1
http://ex.org/variable#126 http://www.ibm.com/timex#d http://ex.org/variable#53	1
http://ex.org/variable#126 http://www.ibm.com/timex#oi http://ex.org/variable#54	1
http://ex.org/variable#126 http://www.ibm.com/timex#oi http://ex.org/variable#55	1
http://ex.org/variable#126 http://www.ibm.com/timex#oi http://ex.org/variable#56	1
http://ex.org/variable#126 http://www.ibm.com/timex#oi http://ex.org/variable#57	1
http://ex.org/variable#126 http://www.ibm.com/timex#oi http://ex.org/variable#58	1
http://ex.org/variable#126 http://www.ibm.com/timex#d http://ex.org/variable#59	1
http://ex.org/variable#126 http://www.ibm.com/timex#d http://ex.org/variable#60	1
http://ex.org/variable#126 http://www.ibm.com/timex#d http://ex.org/variable#61	1
http://ex.org/variable#126 http://www.ibm.com/timex#d http://ex.org/variable#62	1
http://ex.org/variable#126 http://www.ibm.com/timex#oi http://ex.org/variable#63	1
http://ex.org/variable#126 http://www.ibm.com/timex#d http://ex.org/variable#64	1
http://ex.org/variable#126 http://www.ibm.com/timex#bi http://ex.org/variable#65	1
http://ex.org/variable#126 http://www.ibm.com/timex#bi http://ex.org/variable#66	1
http://ex.org/variable#126 http://www.ibm.com/timex#d http://ex.org/variable#67	1
http://ex.org/variable#126 http://www.ibm.com/timex#d http://ex.org/variable#68	1
http://ex.org/variable#126 http://www.ibm.com/timex#oi http://ex.org/variable#69	1
http://ex.org/variable#126 http://www.ibm.com/timex#d http://ex.org/variable#70	1
http://ex.org/variable#126 http://www.ibm.com/timex#oi http://ex.org/variable#71	1
http://ex.org/variable#126 http://www.ibm.com/timex#oi http://ex.org/variable#72	1
http://ex.org/variable#126 http://www.ibm.com/timex#oi http://ex.org/variable#73	1
http://ex.org/variable#126 http://www.ibm.com/timex#d http://ex.org/variable#74	1
http://ex.org/variable#126 http://www.ibm.com/timex#oi http://ex.org/variable#75	1
http://ex.org/variable#126 http://www.ibm.com/timex#d http://ex.org/variable#76	1
http://ex.org/variable#126 http://www.ibm.com/timex#d http://ex.org/variable#77	1
http://ex.org/variable#126 http://www.ibm.com/timex#oi http://ex.org/variable#78	1
http://ex.org/variable#126 http://www.ibm.com/timex#oi http://ex.org/variable#79	1
http://ex.org/variable#126 http://www.ibm.com/timex#d http://ex.org/variable#80	1
http://ex.org/variable#126 http://www.ibm.com/timex#oi http://ex.org/variable#81	1
http://ex.org/variable#126 http://www.ibm.com/timex#bi http://ex.org/variable#82	1
http://ex.org/variable#126 http://www.ibm.com/timex#d http://ex.org/variable#83	1
http://ex.org/variable#126 http://www.ibm.com/timex#o http://ex.org/variable#84	1
http://ex.org/variable#126 http://www.ibm.com/timex#di http://ex.org/variable#85	1
http://ex.org/variable#126 http://www.ibm.com/timex#d http://ex.org/variable#86	1
http://ex.org/variable#126 http://www.ibm.com/timex#o_s http://ex.org/variable#87	1
http://ex.org/variable#126 http://www.ibm.com/timex#b http://ex.org/variable#88	1
http://ex.org/variable#126 http://www.ibm.com/timex#d http://ex.org/variable#89	1
http://ex.org/variable#126 http://www.ibm.com/timex#oi http://ex.org/variable#90	1
http://ex.org/variable#126 http://www.ibm.com/timex#d http://ex.org/variable#91	1
http://ex.org/variable#126 http://www.ibm.com/timex#d http://ex.org/variable#92	1
http://ex.org/variable#126 http://www.ibm.com/timex#d http://ex.org/variable#93	1
http://ex.org/variable#126 http://www.ibm.com/timex#oi http://ex.org/variable#94	1
http://ex.org/variable#126 http://www.ibm.com/timex#bi http://ex.org/variable#95	1
http://ex.org/variable#126 http://www.ibm.com/timex#bi http://ex.org/variable#96	1
http://ex.org/variable#126 http://www.ibm.com/timex#d http://ex.org/variable#97	1
http://ex.org/variable#126 http://www.ibm.com/timex#o http://ex.org/variable#98	1
http://ex.org/variable#126 http://www.ibm.com/timex#o http://ex.org/variable#99	1
http://ex.org/variable#126 http://www.ibm.com/timex#bi http://ex.org/variable#100	1
http://ex.org/variable#126 http://www.ibm.com/timex#d http://ex.org/variable#101	1
http://ex.org/variable#126 http://www.ibm.com/timex#di http://ex.org/variable#102	1
http://ex.org/variable#126 http://www.ibm.com/timex#oi http://ex.org/variable#103	1
http://ex.org/variable#126 http://www.ibm.com/timex#b http://ex.org/variable#104	1
http://ex.org/variable#126 http://www.ibm.com/timex#d http://ex.org/variable#105	1
http://ex.org/variable#126 http://www.ibm.com/timex#d http://ex.org/variable#106	1
http://ex.org/variable#126 http://www.ibm.com/timex#oi http://ex.org/variable#107	1
http://ex.org/variable#126 http://www.ibm.com/timex#oi http://ex.org/variable#108	1
http://ex.org/variable#126 http://www.ibm.com/timex#di http://ex.org/variable#109	1
http://ex.org/variable#126 http://www.ibm.com/timex#d http://ex.org/variable#110	1
http://ex.org/variable#126 http://www.ibm.com/timex#oi http://ex.org/variable#111	1
http://ex.org/variable#126 http://www.ibm.com/timex#oi http://ex.org/variable#112	1
http://ex.org/variable#126 http://www.ibm.com/timex#di http://ex.org/variable#113	1
http://ex.org/variable#126 http://www.ibm.com/timex#oi_d_f http://ex.org/variable#114	1
http://ex.org/variable#126 http://www.ibm.com/timex#b http://ex.org/variable#115	1
http://ex.org/variable#126 http://www.ibm.com/timex#di http://ex.org/variable#116	1
http://ex.org/variable#126 http://www.ibm.com/timex#oi http://ex.org/variable#117	1
http://ex.org/variable#126 http://www.ibm.com/timex#oi http://ex.org/variable#118	1
http://ex.org/variable#126 http://www.ibm.com/timex#d http://ex.org/variable#119	1
http://ex.org/variable#126 http://www.ibm.com/timex#oi http://ex.org/variable#120	1
http://ex.org/variable#126 http://www.ibm.com/timex#b http://ex.org/variable#121	1
http://ex.org/variable#126 http://www.ibm.com/timex#oi_d_f http://ex.org/variable#122	1
http://ex.org/variable#126 http://www.ibm.com/timex#d http://ex.org/variable#123	1
http://ex.org/variable#126 http://www.ibm.com/timex#oi http://ex.org/variable#124	1
http://ex.org/variable#126 http://www.ibm.com/timex#oi http://ex.org/variable#125	1
http://ex.org/variable#126 http://www.ibm.com/timex#o http://ex.org/variable#127	1
http://ex.org/variable#126 http://www.ibm.com/timex#d http://ex.org/variable#128	1
http://ex.org/variable#126 http://www.ibm.com/timex#oi http://ex.org/variable#129	1
http://ex.org/variable#126 http://www.ibm.com/timex#oi http://ex.org/variable#130	1
http://ex.org/variable#126 http://www.ibm.com/timex#o http://ex.org/variable#131	1
http://ex.org/variable#126 http://www.ibm.com/timex#d http://ex.org/variable#132	1
http://ex.org/variable#126 http://www.ibm.com/timex#d http://ex.org/variable#133	1
http://ex.org/variable#126 http://www.ibm.com/timex#oi http://ex.org/variable#134	1
http://ex.org/variable#126 http://www.ibm.com/timex#d http://ex.org/variable#135	1
http://ex.org/variable#126 http://www.ibm.com/timex#d http://ex.org/variable#136	1
http://ex.org/variable#126 http://www.ibm.com/timex#oi http://ex.org/variable#137	1
http://ex.org/variable#126 http://www.ibm.com/timex#o http://ex.org/variable#138	1
http://ex.org/variable#126 http://www.ibm.com/timex#oi http://ex.org/variable#139	1
http://ex.org/variable#126 http://www.ibm.com/timex#oi http://ex.org/variable#140	1
http://ex.org/variable#126 http://www.ibm.com/timex#d http://ex.org/variable#141	1
http://ex.org/variable#126 http://www.ibm.com/timex#oi http://ex.org/variable#142	1
http://ex.org/variable#126 http://www.ibm.com/timex#d http://ex.org/variable#143	1
http://ex.org/variable#126 http://www.ibm.com/timex#d http://ex.org/variable#144	1
http://ex.org/variable#126 http://www.ibm.com/timex#o http://ex.org/variable#145	1
http://ex.org/variable#126 http://www.ibm.com/timex#d http://ex.org/variable#146	1
http://ex.org/variable#126 http://www.ibm.com/timex#oi http://ex.org/variable#147	1
http://ex.org/variable#126 http://www.ibm.com/timex#oi_d http://ex.org/variable#148	1
http://ex.org/variable#126 http://www.ibm.com/timex#bi http://ex.org/variable#149	1
http://ex.org/variable#126 http://www.ibm.com/timex#o http://ex.org/variable#150	1
http://ex.org/variable#126 http://www.ibm.com/timex#d http://ex.org/variable#151	1
http://ex.org/variable#126 http://www.ibm.com/timex#bi http://ex.org/variable#152	1
http://ex.org/variable#126 http://www.ibm.com/timex#d http://ex.org/variable#153	1
http://ex.org/variable#126 http://www.ibm.com/timex#oi http://ex.org/variable#154	1
http://ex.org/variable#126 http://www.ibm.com/timex#oi http://ex.org/variable#155	1
http://ex.org/variable#126 http://www.ibm.com/timex#d http://ex.org/variable#156	1
http://ex.org/variable#126 http://www.ibm.com/timex#bi http://ex.org/variable#157	1
http://ex.org/variable#126 http://www.ibm.com/timex#oi http://ex.org/variable#158	1
http://ex.org/variable#126 http://www.ibm.com/timex#d http://ex.org/variable#159	1
http://ex.org/variable#126 http://www.ibm.com/timex#d http://ex.org/variable#160	1
http://ex.org/variable#126 http://www.ibm.com/timex#oi http://ex.org/variable#161	1
http://ex.org/variable#126 http://www.ibm.com/timex#oi http://ex.org/variable#162	1
http://ex.org/variable#126 http://www.ibm.com/timex#d http://ex.org/variable#163	1
http://ex.org/variable#126 http://www.ibm.com/timex#d http://ex.org/variable#164	1
http://ex.org/variable#126 http://www.ibm.com/timex#oi http://ex.org/variable#165	1
http://ex.org/variable#126 http://www.ibm.com/timex#oi http://ex.org/variable#166	1
http://ex.org/variable#126 http://www.ibm.com/timex#oi http://ex.org/variable#167	1
http://ex.org/variable#126 http://www.ibm.com/timex#d http://ex.org/variable#168	1
http://ex.org/variable#126 http://www.ibm.com/timex#d http://ex.org/variable#169	1
http://ex.org/variable#126 http://www.ibm.com/timex#o http://ex.org/variable#170	1
http://ex.org/variable#126 http://www.ibm.com/timex#oi http://ex.org/variable#171	1
http://ex.org/variable#126 http://www.ibm.com/timex#bi http://ex.org/variable#172	1
http://ex.org/variable#126 http://www.ibm.com/timex#di http://ex.org/variable#173	1
http://ex.org/variable#126 http://www.ibm.com/timex#o http://ex.org/variable#174	1
http://ex.org/variable#126 http://www.ibm.com/timex#oi http://ex.org/variable#175	1
http://ex.org/variable#126 http://www.ibm.com/timex#d http://ex.org/variable#176	1
http://ex.org/variable#126 http://www.ibm.com/timex#oi http://ex.org/variable#177	1
http://ex.org/variable#126 http://www.ibm.com/timex#d http://ex.org/variable#178	1
http://ex.org/variable#126 http://www.ibm.com/timex#d http://ex.org/variable#179	1
http://ex.org/variable#126 http://www.ibm.com/timex#bi http://ex.org/variable#180	1
http://ex.org/variable#126 http://www.ibm.com/timex#bi http://ex.org/variable#181	1
http://ex.org/variable#126 http://www.ibm.com/timex#oi http://ex.org/variable#182	1
http://ex.org/variable#126 http://www.ibm.com/timex#o http://ex.org/variable#183	1
http://ex.org/variable#126 http://www.ibm.com/timex#oi http://ex.org/variable#184	1
http://ex.org/variable#126 http://www.ibm.com/timex#d http://ex.org/variable#185	1
http://ex.org/variable#126 http://www.ibm.com/timex#d http://ex.org/variable#186	1
http://ex.org/variable#126 http://www.ibm.com/timex#d http://ex.org/variable#187	1
http://ex.org/variable#126 http://www.ibm.com/timex#oi_si http://ex.org/variable#188	1
http://ex.org/variable#126 http://www.ibm.com/timex#oi http://ex.org/variable#189	1
http://ex.org/variable#127 http://www.ibm.com/timex#d http://ex.org/variable#0	1
http://ex.org/variable#127 http://www.ibm.com/timex#o http://ex.org/variable#1	1
http://ex.org/variable#127 http://www.ibm.com/timex#d http://ex.org/variable#2	1
http://ex.org/variable#127 http://www.ibm.com/timex#oi http://ex.org/variable#3	1
http://ex.org/variable#127 http://www.ibm.com/timex#d http://ex.org/variable#4	1
http://ex.org/variable#127 http://www.ibm.com/timex#bi http://ex.org/variable#5	1
http://ex.org/variable#127 http://www.ibm.com/timex#oi http://ex.org/variable#6	1
http://ex.org/variable#127 http://www.ibm.com/timex#d http://ex.org/variable#7	1
http://ex.org/variable#127 http://www.ibm.com/timex#bi http://ex.org/variable#8	1
http://ex.org/variable#127 http://www.ibm.com/timex#d http://ex.org/variable#9	1
http://ex.org/variable#127 http://www.ibm.com/timex#oi_d http://ex.org/variable#10	1
http://ex.org/variable#127 http://www.ibm.com/timex#d http://ex.org/variable#11	1
http://ex.org/variable#127 http://www.ibm.com/timex#d http://ex.org/variable#12	1
http://ex.org/variable#127 http://www.ibm.com/timex#bi http://ex.org/variable#13	1
http://ex.org/variable#127 http://www.ibm.com/timex#bi http://ex.org/variable#14	1
http://ex.org/variable#127 http://www.ibm.com/timex#oi http://ex.org/variable#15	1
http://ex.org/variable#127 http://www.ibm.com/timex#mi http://ex.org/variable#16	1
http://ex.org/variable#127 http://www.ibm.com/timex#di http://ex.org/variable#17	1
http://ex.org/variable#127 http://www.ibm.com/timex#oi http://ex.org/variable#18	1
http://ex.org/variable#127 http://www.ibm.com/timex#bi http://ex.org/variable#19	1
http://ex.org/variable#127 http://www.ibm.com/timex#d http://ex.org/variable#20	1
http://ex.org/variable#127 http://www.ibm.com/timex#s http://ex.org/variable#21	1
http://ex.org/variable#127 http://www.ibm.com/timex#d http://ex.org/variable#22	1
http://ex.org/variable#127 http://www.ibm.com/timex#bi http://ex.org/variable#23	1
http://ex.org/variable#127 http://www.ibm.com/timex#d http://ex.org/variable#24	1
http://ex.org/variable#127 http://www.ibm.com/timex#bi http://ex.org/variable#25	1
http://ex.org/variable#127 http://www.ibm.com/timex#di http://ex.org/variable#26	1
http://ex.org/variable#127 http://www.ibm.com/timex#bi http://ex.org/variable#27	1
http://ex.org/variable#127 http://www.ibm.com/timex#oi_d http://ex.org/variable#28	1
http://ex.org/variable#127 http://www.ibm.com/timex#d http://ex.org/variable#29	1
http://ex.org/variable#127 http://www.ibm.com/timex#bi http://ex.org/variable#30	1
http://ex.org/variable#127 http://www.ibm.com/timex#bi http://ex.org/variable#31	1
http://ex.org/variable#127 http://www.ibm.com/timex#bi http://ex.org/variable#32	1
http://ex.org/variable#127 http://www.ibm.com/timex#o http://ex.org/variable#33	1
http://ex.org/variable#127 http://www.ibm.com/timex#oi http://ex.org/variable#34	1
http://ex.org/variable#127 http://www.ibm.com/timex#bi http://ex.org/variable#35	1
http://ex.org/variable#127 http://www.ibm.com/timex#bi http://ex.org/variable#36	1
http://ex.org/variable#127 http://www.ibm.com/timex#bi http://ex.org/variable#37	1
http://ex.org/variable#127 http://www.ibm.com/timex#oi http://ex.org/variable#38	1
http://ex.org/variable#127 http://www.ibm.com/timex#di http://ex.org/variable#39	1
http://ex.org/variable#127 http://www.ibm.com/timex#oi http://ex.org/variable#40	1
http://ex.org/variable#127 http://www.ibm.com/timex#d http://ex.org/variable#41	1
http://ex.org/variable#127 http://www.ibm.com/timex#d http://ex.org/variable#42	1
http://ex.org/variable#127 http://www.ibm.com/timex#oi http://ex.org/variable#43	1
http://ex.org/variable#127 http://www.ibm.com/timex#oi http://ex.org/variable#44	1
http://ex.org/variable#127 http://www.ibm.com/timex#d http://ex.org/variable#45	1
http://ex.org/variable#127 http://www.ibm.com/timex#bi http://ex.org/variable#46	1
http://ex.org/variable#127 http://www.ibm.com/timex#oi http://ex.org/variable#47	1
http://ex.org/variable#127 http://www.ibm.com/timex#di http://ex.org/variable#48	1
http://ex.org/variable#127 http://www.ibm.com/timex#bi http://ex.org/variable#49	1
http://ex.org/variable#127 http://www.ibm.com/timex#d http://ex.org/variable#50	1
http://ex.org/variable#127 http://www.ibm.com/timex#di http://ex.org/variable#51	1
http://ex.org/variable#127 http://www.ibm.com/timex#oi http://ex.org/variable#52	1
http://ex.org/variable#127 http://www.ibm.com/timex#oi http://ex.org/variable#53	1
http://ex.org/variable#127 http://www.ibm.com/timex#oi http://ex.org/variable#54	1
http://ex.org/variable#127 http://www.ibm.com/timex#oi http://ex.org/variable#55	1
http://ex.org/variable#127 http://www.ibm.com/timex#bi http://ex.org/variable#56	1
http://ex.org/variable#127 http://www.ibm.com/timex#bi http://ex.org/variable#57	1
http://ex.org/variable#127 http://www.ibm.com/timex#oi http://ex.org/variable#58	1
http://ex.org/variable#127 http://www.ibm.com/timex#d http://ex.org/variable#59	1
http://ex.org/variable#127 http://www.ibm.com/timex#d http://ex.org/variable#60	1
http://ex.org/variable#127 http://www.ibm.com/timex#d http://ex.org/variable#61	1
http://ex.org/variable#127 http://www.ibm.com/timex#d http://ex.org/variable#62	1
http://ex.org/variable#127 http://www.ibm.com/timex#oi http://ex.org/variable#63	1
http://ex.org/variable#127 http://www.ibm.com/timex#d http://ex.org/variable#64	1
http://ex.org/variable#127 http://www.ibm.com/timex#bi http://ex.org/variable#65	1
http://ex.org/variable#127 http://www.ibm.com/timex#bi http://ex.org/variable#66	1
http://ex.org/variable#127 http://www.ibm.com/timex#d http://ex.org/variable#67	1
http://ex.org/variable#127 http://www.ibm.com/timex#d http://ex.org/variable#68	1
http://ex.org/variable#127 http://www.ibm.com/timex#bi http://ex.org/variable#69	1
http://ex.org/variable#127 http://www.ibm.com/timex#d http://ex.org/variable#70	1
http://ex.org/variable#127 http://www.ibm.com/timex#bi http://ex.org/variable#71	1
http://ex.org/variable#127 http://www.ibm.com/timex#oi http://ex.org/variable#72	1
http://ex.org/variable#127 http://www.ibm.com/timex#oi http://ex.org/variable#73	1
http://ex.org/variable#127 http://www.ibm.com/timex#d http://ex.org/variable#74	1
http://ex.org/variable#127 http://www.ibm.com/timex#oi http://ex.org/variable#75	1
http://ex.org/variable#127 http://www.ibm.com/timex#oi http://ex.org/variable#76	1
http://ex.org/variable#127 http://www.ibm.com/timex#d http://ex.org/variable#77	1
http://ex.org/variable#127 http://www.ibm.com/timex#oi http://ex.org/variable#78	1
http://ex.org/variable#127 http://www.ibm.com/timex#bi http://ex.org/variable#79	1
http://ex.org/variable#127 http://www.ibm.com/timex#d http://ex.org/variable#80	1
http://ex.org/variable#127 http://www.ibm.com/timex#bi http://ex.org/variable#81	1
http://ex.org/variable#127 http://www.ibm.com/timex#bi http://ex.org/variable#82	1
http://ex.org/variable#127 http://www.ibm.com/timex#d http://ex.org/variable#83	1
http://ex.org/variable#127 http://www.ibm.com/timex#oi http://ex.org/variable#84	1
http://ex.org/variable#127 http://www.ibm.com/timex#si http://ex.org/variable#85	1
http://ex.org/variable#127 http://www.ibm.com/timex#d http://ex.org/variable#86	1
http://ex.org/variable#127 http://www.ibm.com/timex#d http://ex.org/variable#87	1
http://ex.org/variable#127 http://www.ibm.com/timex#o_fi http://ex.org/variable#88	1
http://ex.org/variable#127 http://www.ibm.com/timex#d http://ex.org/variable#89	1
http://ex.org/variable#127 http://www.ibm.com/timex#oi http://ex.org/variable#90	1
http://ex.org/variable#127 http://www.ibm.com/timex#d http://ex.org/variable#91	1
http://ex.org/variable#127 http://www.ibm.com/timex#d http://ex.org/variable#92	1
http://ex.org/variable#127 http://www.ibm.com/timex#oi http://ex.org/variable#93	1
http://ex.org/variable#127 http://www.ibm.com/timex#bi http://ex.org/variable#94	1
http://ex.org/variable#127 http://www.ibm.com/timex#bi http://ex.org/variable#95	1
http://ex.org/variable#127 http://www.ibm.com/timex#bi http://ex.org/variable#96	1
http://ex.org/variable#127 http://www.ibm.com/timex#d http://ex.org/variable#97	1
http://ex.org/variable#127 http://www.ibm.com/timex#o http://ex.org/variable#98	1
http://ex.org/variable#127 http://www.ibm.com/timex#di http://ex.org/variable#99	1
http://ex.org/variable#127 http://www.ibm.com/timex#bi http://ex.org/variable#100	1
http://ex.org/variable#127 http://www.ibm.com/timex#d http://ex.org/variable#101	1
http://ex.org/variable#127 http://www.ibm.com/timex#mi http://ex.org/variable#102	1
http://ex.org/variable#127 http://www.ibm.com/timex#oi http://ex.org/variable#103	1
http://ex.org/variable#127 http://www.ibm.com/timex#b http://ex.org/variable#104	1
http://ex.org/variable#127 http://www.ibm.com/timex#d http://ex.org/variable#105	1
http://ex.org/variable#127 http://www.ibm.com/timex#d http://ex.org/variable#106	1
http://ex.org/variable#127 http://www.ibm.com/timex#oi http://ex.org/variable#107	1
http://ex.org/variable#127 http://www.ibm.com/timex#bi http://ex.org/variable#108	1
http://ex.org/variable#127 http://www.ibm.com/timex#bi http://ex.org/variable#109	1
http://ex.org/variable#127 http://www.ibm.com/timex#d http://ex.org/variable#110	1
http://ex.org/variable#127 http://www.ibm.com/timex#bi http://ex.org/variable#111	1
http://ex.org/variable#127 http://www.ibm.com/timex#oi http://ex.org/variable#112	1
http://ex.org/variable#127 http://www.ibm.com/timex#bi http://ex.org/variable#113	1
http://ex.org/variable#127 http://www.ibm.com/timex#oi http://ex.org/variable#114	1
http://ex.org/variable#127 http://www.ibm.com/timex#o http://ex.org/variable#115	1
http://ex.org/variable#127 http://www.ibm.com/timex#bi http://ex.org/variable#116	1
http://ex.org/variable#127 http://www.ibm.com/timex#bi http://ex.org/variable#117	1
http://ex.org/variable#127 http://www.ibm.com/timex#bi http://ex.org/variable#118	1
http://ex.org/variable#127 http://www.ibm.com/timex#d http://ex.org/variable#119	1
http://ex.org/variable#127 http://www.ibm.com/timex#bi http://ex.org/variable#120	1
http://ex.org/variable#127 http://www.ibm.com/timex#o http://ex.org/variable#121	1
http://ex.org/variable#127 http://www.ibm.com/timex#oi http://ex.org/variable#122	1
http://ex.org/variable#127 http://www.ibm.com/timex#d http://ex.org/variable#123	1
http://ex.org/variable#127 http://www.ibm.com/timex#bi http://ex.org/variable#124	1
http://ex.org/variable#127 http://www.ibm.com/timex#bi http://ex.org/variable#125	1
http://ex.org/variable#127 http://www.ibm.com/timex#oi http://ex.org/variable#126	1
http://ex.org/variable#127 http://www.ibm.com/timex#d http://ex.org/variable#128	1
http://ex.org/variable#127 http://www.ibm.com/timex#bi http://ex.org/variable#129	1
http://ex.org/variable#127 http://www.ibm.com/timex#bi http://ex.org/variable#130	1
http://ex.org/variable#127 http://www.ibm.com/timex#o http://ex.org/variable#131	1
http://ex.org/variable#127 http://www.ibm.com/timex#d http://ex.org/variable#132	1
http://ex.org/variable#127 http://www.ibm.com/timex#d http://ex.org/variable#133	1
http://ex.org/variable#127 http://www.ibm.com/timex#bi http://ex.org/variable#134	1
http://ex.org/variable#127 http://www.ibm.com/timex#d http://ex.org/variable#135	1
http://ex.org/variable#127 http://www.ibm.com/timex#d http://ex.org/variable#136	1
http://ex.org/variable#127 http://www.ibm.com/timex#bi http://ex.org/variable#137	1
http://ex.org/variable#127 http://www.ibm.com/timex#o http://ex.org/variable#138	1
http://ex.org/variable#127 http://www.ibm.com/timex#bi http://ex.org/variable#139	1
http://ex.org/variable#127 http://www.ibm.com/timex#bi http://ex.org/variable#140	1
http://ex.org/variable#127 http://www.ibm.com/timex#d http://ex.org/variable#141	1
http://ex.org/variable#127 http://www.ibm.com/timex#bi http://ex.org/variable#142	1
http://ex.org/variable#127 http://www.ibm.com/timex#d http://ex.org/variable#143	1
http://ex.org/variable#127 http://www.ibm.com/timex#d http://ex.org/variable#144	1
http://ex.org/variable#127 http://www.ibm.com/timex#s http://ex.org/variable#145	1
http://ex.org/variable#127 http://www.ibm.com/timex#d http://ex.org/variable#146	1
http://ex.org/variable#127 http://www.ibm.com/timex#oi http://ex.org/variable#147	1
http://ex.org/variable#127 http://www.ibm.com/timex#oi http://ex.org/variable#148	1
http://ex.org/variable#127 http://www.ibm.com/timex#bi http://ex.org/variable#149	1
http://ex.org/variable#127 http://www.ibm.com/timex#o http://ex.org/variable#150	1
http://ex.org/variable#127 http://www.ibm.com/timex#d http://ex.org/variable#151	1
http://ex.org/variable#127 http://www.ibm.com/timex#bi http://ex.org/variable#152	1
http://ex.org/variable#127 http://www.ibm.com/timex#d http://ex.org/variable#153	1
http://ex.org/variable#127 http://www.ibm.com/timex#bi http://ex.org/variable#154	1
http://ex.org/variable#127 http://www.ibm.com/timex#oi http://ex.org/variable#155	1
http://ex.org/variable#127 http://www.ibm.com/timex#oi http://ex.org/variable#156	1
http://ex.org/variable#127 http://www.ibm.com/timex#bi http://ex.org/variable#157	1
http://ex.org/variable#127 http://www.ibm.com/timex#bi http://ex.org/variable#158	1
http://ex.org/variable#127 http://www.ibm.com/timex#d http://ex.org/variable#159	1
http://ex.org/variable#127 http://www.ibm.com/timex#oi_d_f http://ex.org/variable#160	1
http://ex.org/variable#127 http://www.ibm.com/timex#bi http://ex.org/variable#161	1
http://ex.org/variable#127 http://www.ibm.com/timex#bi http://ex.org/variable#162	1
http://ex.org/variable#127 http://www.ibm.com/timex#d http://ex.org/variable#163	1
http://ex.org/variable#127 http://www.ibm.com/timex#d http://ex.org/variable#164	1
http://ex.org/variable#127 http://www.ibm.com/timex#bi http://ex.org/variable#165	1
http://ex.org/variable#127 http://www.ibm.com/timex#bi http://ex.org/variable#166	1
http://ex.org/variable#127 http://www.ibm.com/timex#oi http://ex.org/variable#167	1
http://ex.org/variable#127 http://www.ibm.com/timex#d http://ex.org/variable#168	1
http://ex.org/variable#127 http://www.ibm.com/timex#d http://ex.org/variable#169	1
http://ex.org/variable#127 http://www.ibm.com/timex#s http://ex.org/variable#170	1
http://ex.org/variable#127 http://www.ibm.com/timex#bi http://ex.org/variable#171	1
http://ex.org/variable#127 http://www.ibm.com/timex#bi http://ex.org/variable#172	1
http://ex.org/variable#127 http://www.ibm.com/timex#di http://ex.org/variable#173	1
http://ex.org/variable#127 http://www.ibm.com/timex#oi http://ex.org/variable#174	1
http://ex.org/variable#127 http://www.ibm.com/timex#oi http://ex.org/variable#175	1
http://ex.org/variable#127 http://www.ibm.com/timex#d http://ex.org/variable#176	1
http://ex.org/variable#127 http://www.ibm.com/timex#oi http://ex.org/variable#177	1
http://ex.org/variable#127 http://www.ibm.com/timex#d http://ex.org/variable#178	1
http://ex.org/variable#127 http://www.ibm.com/timex#d http://ex.org/variable#179	1
http://ex.org/variable#127 http://www.ibm.com/timex#bi http://ex.org/variable#180	1
http://ex.org/variable#127 http://www.ibm.com/timex#bi http://ex.org/variable#181	1
http://ex.org/variable#127 http://www.ibm.com/timex#bi http://ex.org/variable#182	1
http://ex.org/variable#127 http://www.ibm.com/timex#d http://ex.org/variable#183	1
http://ex.org/variable#127 http://www.ibm.com/timex#bi http://ex.org/variable#184	1
http://ex.org/variable#127 http://www.ibm.com/timex#oi http://ex.org/variable#185	1
http://ex.org/variable#127 http://www.ibm.com/timex#d http://ex.org/variable#186	1
http://ex.org/variable#127 http://www.ibm.com/timex#oi http://ex.org/variable#187	1
http://ex.org/variable#127 http://www.ibm.com/timex#oi http://ex.org/variable#188	1
http://ex.org/variable#127 http://www.ibm.com/timex#bi http://ex.org/variable#189	1
http://ex.org/variable#128 http://www.ibm.com/timex#oi http://ex.org/variable#0	1
http://ex.org/variable#128 http://www.ibm.com/timex#o http://ex.org/variable#1	1
http://ex.org/variable#128 http://www.ibm.com/timex#oi http://ex.org/variable#2	1
http://ex.org/variable#128 http://www.ibm.com/timex#di http://ex.org/variable#3	1
http://ex.org/variable#128 http://www.ibm.com/timex#o http://ex.org/variable#4	1
http://ex.org/variable#128 http://www.ibm.com/timex#oi http://ex.org/variable#5	1
http://ex.org/variable#128 http://www.ibm.com/timex#di http://ex.org/variable#6	1
http://ex.org/variable#128 http://www.ibm.com/timex#oi http://ex.org/variable#7	1
http://ex.org/variable#128 http://www.ibm.com/timex#bi http://ex.org/variable#8	1
http://ex.org/variable#128 http://www.ibm.com/timex#o http://ex.org/variable#9	1
http://ex.org/variable#128 http://www.ibm.com/timex#di http://ex.org/variable#10	1
http://ex.org/variable#128 http://www.ibm.com/timex#oi http://ex.org/variable#11	1
http://ex.org/variable#128 http://www.ibm.com/timex#d http://ex.org/variable#12	1
http://ex.org/variable#128 http://www.ibm.com/timex#oi http://ex.org/variable#13	1
http://ex.org/variable#128 http://www.ibm.com/timex#di http://ex.org/variable#14	1
http://ex.org/variable#128 http://www.ibm.com/timex#oi http://ex.org/variable#15	1
http://ex.org/variable#128 http://www.ibm.com/timex#oi http://ex.org/variable#16	1
http://ex.org/variable#128 http://www.ibm.com/timex#di http://ex.org/variable#17	1
http://ex.org/variable#128 http://www.ibm.com/timex#oi http://ex.org/variable#18	1
http://ex.org/variable#128 http://www.ibm.com/timex#oi http://ex.org/variable#19	1
http://ex.org/variable#128 http://www.ibm.com/timex#d http://ex.org/variable#20	1
http://ex.org/variable#128 http://www.ibm.com/timex#di http://ex.org/variable#21	1
http://ex.org/variable#128 http://www.ibm.com/timex#d http://ex.org/variable#22	1
http://ex.org/variable#128 http://www.ibm.com/timex#oi http://ex.org/variable#23	1
http://ex.org/variable#128 http://www.ibm.com/timex#oi http://ex.org/variable#24	1
http://ex.org/variable#128 http://www.ibm.com/timex#bi http://ex.org/variable#25	1
http://ex.org/variable#128 http://www.ibm.com/timex#di http://ex.org/variable#26	1
http://ex.org/variable#128 http://www.ibm.com/timex#oi http://ex.org/variable#27	1
http://ex.org/variable#128 http://www.ibm.com/timex#di http://ex.org/variable#28	1
http://ex.org/variable#128 http://www.ibm.com/timex#oi_si http://ex.org/variable#29	1
http://ex.org/variable#128 http://www.ibm.com/timex#di http://ex.org/variable#30	1
http://ex.org/variable#128 http://www.ibm.com/timex#oi http://ex.org/variable#31	1
http://ex.org/variable#128 http://www.ibm.com/timex#oi http://ex.org/variable#32	1
http://ex.org/variable#128 http://www.ibm.com/timex#o http://ex.org/variable#33	1
http://ex.org/variable#128 http://www.ibm.com/timex#oi http://ex.org/variable#34	1
http://ex.org/variable#128 http://www.ibm.com/timex#di http://ex.org/variable#35	1
http://ex.org/variable#128 http://www.ibm.com/timex#oi http://ex.org/variable#36	1
http://ex.org/variable#128 http://www.ibm.com/timex#oi http://ex.org/variable#37	1
http://ex.org/variable#128 http://www.ibm.com/timex#oi http://ex.org/variable#38	1
http://ex.org/variable#128 http://www.ibm.com/timex#di http://ex.org/variable#39	1
http://ex.org/variable#128 http://www.ibm.com/timex#oi http://ex.org/variable#40	1
http://ex.org/variable#128 http://www.ibm.com/timex#oi http://ex.org/variable#41	1
http://ex.org/variable#128 http://www.ibm.com/timex#f http://ex.org/variable#42	1
http://ex.org/variable#128 http://www.ibm.com/timex#oi http://ex.org/variable#43	1
http://ex.org/variable#128 http://www.ibm.com/timex#oi http://ex.org/variable#44	1
http://ex.org/variable#128 http://www.ibm.com/timex#o http://ex.org/variable#45	1
http://ex.org/variable#128 http://www.ibm.com/timex#oi http://ex.org/variable#46	1
http://ex.org/variable#128 http://www.ibm.com/timex#oi http://ex.org/variable#47	1
http://ex.org/variable#128 http://www.ibm.com/timex#di http://ex.org/variable#48	1
http://ex.org/variable#128 http://www.ibm.com/timex#oi http://ex.org/variable#49	1
http://ex.org/variable#128 http://www.ibm.com/timex#o_di_fi http://ex.org/variable#50	1
http://ex.org/variable#128 http://www.ibm.com/timex#di http://ex.org/variable#51	1
http://ex.org/variable#128 http://www.ibm.com/timex#oi http://ex.org/variable#52	1
http://ex.org/variable#128 http://www.ibm.com/timex#oi http://ex.org/variable#53	1
http://ex.org/variable#128 http://www.ibm.com/timex#oi http://ex.org/variable#54	1
http://ex.org/variable#128 http://www.ibm.com/timex#di http://ex.org/variable#55	1
http://ex.org/variable#128 http://www.ibm.com/timex#oi http://ex.org/variable#56	1
http://ex.org/variable#128 http://www.ibm.com/timex#oi http://ex.org/variable#57	1
http://ex.org/variable#128 http://www.ibm.com/timex#oi http://ex.org/variable#58	1
http://ex.org/variable#128 http://www.ibm.com/timex#d http://ex.org/variable#59	1
http://ex.org/variable#128 http://www.ibm.com/timex#oi_d http://ex.org/variable#60	1
http://ex.org/variable#128 http://www.ibm.com/timex#d http://ex.org/variable#61	1
http://ex.org/variable#128 http://www.ibm.com/timex#d http://ex.org/variable#62	1
http://ex.org/variable#128 http://www.ibm.com/timex#oi http://ex.org/variable#63	1
http://ex.org/variable#128 http://www.ibm.com/timex#oi http://ex.org/variable#64	1
http://ex.org/variable#128 http://www.ibm.com/timex#bi http://ex.org/variable#65	1
http://ex.org/variable#128 http://www.ibm.com/timex#oi http://ex.org/variable#66	1
http://ex.org/variable#128 http://www.ibm.com/timex#d http://ex.org/variable#67	1
http://ex.org/variable#128 http://www.ibm.com/timex#oi http://ex.org/variable#68	1
http://ex.org/variable#128 http://www.ibm.com/timex#oi http://ex.org/variable#69	1
http://ex.org/variable#128 http://www.ibm.com/timex#d http://ex.org/variable#70	1
http://ex.org/variable#128 http://www.ibm.com/timex#oi http://ex.org/variable#71	1
http://ex.org/variable#128 http://www.ibm.com/timex#di http://ex.org/variable#72	1
http://ex.org/variable#128 http://www.ibm.com/timex#oi http://ex.org/variable#73	1
http://ex.org/variable#128 http://www.ibm.com/timex#oi http://ex.org/variable#74	1
http://ex.org/variable#128 http://www.ibm.com/timex#oi http://ex.org/variable#75	1
http://ex.org/variable#128 http://www.ibm.com/timex#oi http://ex.org/variable#76	1
http://ex.org/variable#128 http://www.ibm.com/timex#d http://ex.org/variable#77	1
http://ex.org/variable#128 http://www.ibm.com/timex#oi http://ex.org/variable#78	1
http://ex.org/variable#128 http://www.ibm.com/timex#oi http://ex.org/variable#79	1
http://ex.org/variable#128 http://www.ibm.com/timex#oi http://ex.org/variable#80	1
http://ex.org/variable#128 http://www.ibm.com/timex#oi http://ex.org/variable#81	1
http://ex.org/variable#128 http://www.ibm.com/timex#oi http://ex.org/variable#82	1
http://ex.org/variable#128 http://www.ibm.com/timex#oi http://ex.org/variable#83	1
http://ex.org/variable#128 http://www.ibm.com/timex#di http://ex.org/variable#84	1
http://ex.org/variable#128 http://www.ibm.com/timex#di http://ex.org/variable#85	1
http://ex.org/variable#128 http://www.ibm.com/timex#d http://ex.org/variable#86	1
http://ex.org/variable#128 http://www.ibm.com/timex#di http://ex.org/variable#87	1
http://ex.org/variable#128 http://www.ibm.com/timex#di http://ex.org/variable#88	1
http://ex.org/variable#128 http://www.ibm.com/timex#oi http://ex.org/variable#89	1
http://ex.org/variable#128 http://www.ibm.com/timex#oi_si http://ex.org/variable#90	1
http://ex.org/variable#128 http://www.ibm.com/timex#oi http://ex.org/variable#91	1
http://ex.org/variable#128 http://www.ibm.com/timex#o http://ex.org/variable#92	1
http://ex.org/variable#128 http://www.ibm.com/timex#oi http://ex.org/variable#93	1
http://ex.org/variable#128 http://www.ibm.com/timex#oi http://ex.org/variable#94	1
http://ex.org/variable#128 http://www.ibm.com/timex#di http://ex.org/variable#95	1
http://ex.org/variable#128 http://www.ibm.com/timex#bi http://ex.org/variable#96	1
http://ex.org/variable#128 http://www.ibm.com/timex#oi http://ex.org/variable#97	1
http://ex.org/variable#128 http://www.ibm.com/timex#di http://ex.org/variable#98	1
http://ex.org/variable#128 http://www.ibm.com/timex#di http://ex.org/variable#99	1
http://ex.org/variable#128 http://www.ibm.com/timex#mi http://ex.org/variable#100	1
http://ex.org/variable#128 http://www.ibm.com/timex#oi http://ex.org/variable#101	1
http://ex.org/variable#128 http://www.ibm.com/timex#di http://ex.org/variable#102	1
http://ex.org/variable#128 http://www.ibm.com/timex#oi http://ex.org/variable#103	1
http://ex.org/variable#128 http://www.ibm.com/timex#di http://ex.org/variable#104	1
http://ex.org/variable#128 http://www.ibm.com/timex#oi http://ex.org/variable#105	1
http://ex.org/variable#128 http://www.ibm.com/timex#oi http://ex.org/variable#106	1
http://ex.org/variable#128 http://www.ibm.com/timex#oi http://ex.org/variable#107	1
http://ex.org/variable#128 http://www.ibm.com/timex#di http://ex.org/variable#108	1
http://ex.org/variable#128 http://www.ibm.com/timex#di http://ex.org/variable#109	1
http://ex.org/variable#128 http://www.ibm.com/timex#oi http://ex.org/variable#110	1
http://ex.org/variable#128 http://www.ibm.com/timex#oi http://ex.org/variable#111	1
http://ex.org/variable#128 http://www.ibm.com/timex#oi http://ex.org/variable#112	1
http://ex.org/variable#128 http://www.ibm.com/timex#di http://ex.org/variable#113	1
http://ex.org/variable#128 http://www.ibm.com/timex#oi http://ex.org/variable#114	1
http://ex.org/variable#128 http://www.ibm.com/timex#di http://ex.org/variable#115	1
http://ex.org/variable#128 http://www.ibm.com/timex#di http://ex.org/variable#116	1
http://ex.org/variable#128 http://www.ibm.com/timex#oi http://ex.org/variable#117	1
http://ex.org/variable#128 http://www.ibm.com/timex#oi http://ex.org/variable#118	1
http://ex.org/variable#128 http://www.ibm.com/timex#oi http://ex.org/variable#119	1
http://ex.org/variable#128 http://www.ibm.com/timex#oi http://ex.org/variable#120	1
http://ex.org/variable#128 http://www.ibm.com/timex#di http://ex.org/variable#121	1
http://ex.org/variable#128 http://www.ibm.com/timex#oi http://ex.org/variable#122	1
http://ex.org/variable#128 http://www.ibm.com/timex#fi http://ex.org/variable#123	1
http://ex.org/variable#128 http://www.ibm.com/timex#oi http://ex.org/variable#124	1
http://ex.org/variable#128 http://www.ibm.com/timex#oi http://ex.org/variable#125	1
http://ex.org/variable#128 http://www.ibm.com/timex#di http://ex.org/variable#126	1
http://ex.org/variable#128 http://www.ibm.com/timex#di http://ex.org/variable#127	1
http://ex.org/variable#128 http://www.ibm.com/timex#oi http://ex.org/variable#129	1
http://ex.org/variable#128 http://www.ibm.com/timex#oi http://ex.org/variable#130	1
http://ex.org/variable#128 http://www.ibm.com/timex#o http://ex.org/variable#131	1
http://ex.org/variable#128 http://www.ibm.com/timex#oi http://ex.org/variable#132	1
http://ex.org/variable#128 http://www.ibm.com/timex#o http://ex.org/variable#133	1
http://ex.org/variable#128 http://www.ibm.com/timex#oi http://ex.org/variable#134	1
http://ex.org/variable#128 http://www.ibm.com/timex#d http://ex.org/variable#135	1
http://ex.org/variable#128 http://www.ibm.com/timex#d http://ex.org/variable#136	1
http://ex.org/variable#128 http://www.ibm.com/timex#di http://ex.org/variable#137	1
http://ex.org/variable#128 http://www.ibm.com/timex#di http://ex.org/variable#138	1
http://ex.org/variable#128 http://www.ibm.com/timex#oi http://ex.org/variable#139	1
http://ex.org/variable#128 http://www.ibm.com/timex#oi http://ex.org/variable#140	1
http://ex.org/variable#128 http://www.ibm.com/timex#oi_d http://ex.org/variable#141	1
http://ex.org/variable#128 http://www.ibm.com/timex#oi http://ex.org/variable#142	1
http://ex.org/variable#128 http://www.ibm.com/timex#oi http://ex.org/variable#143	1
http://ex.org/variable#128 http://www.ibm.com/timex#oi http://ex.org/variable#144	1
http://ex.org/variable#128 http://www.ibm.com/timex#di http://ex.org/variable#145	1
http://ex.org/variable#128 http://www.ibm.com/timex#o http://ex.org/variable#146	1
http://ex.org/variable#128 http://www.ibm.com/timex#oi http://ex.org/variable#147	1
http://ex.org/variable#128 http://www.ibm.com/timex#oi http://ex.org/variable#148	1
http://ex.org/variable#128 http://www.ibm.com/timex#mi_oi http://ex.org/variable#149	1
http://ex.org/variable#128 http://www.ibm.com/timex#o http://ex.org/variable#150	1
http://ex.org/variable#128 http://www.ibm.com/timex#d http://ex.org/variable#151	1
http://ex.org/variable#128 http://www.ibm.com/timex#bi http://ex.org/variable#152	1
http://ex.org/variable#128 http://www.ibm.com/timex#d http://ex.org/variable#153	1
http://ex.org/variable#128 http://www.ibm.com/timex#di http://ex.org/variable#154	1
http://ex.org/variable#128 http://www.ibm.com/timex#oi http://ex.org/variable#155	1
http://ex.org/variable#128 http://www.ibm.com/timex#oi http://ex.org/variable#156	1
http://ex.org/variable#128 http://www.ibm.com/timex#bi http://ex.org/variable#157	1
http://ex.org/variable#128 http://www.ibm.com/timex#oi http://ex.org/variable#158	1
http://ex.org/variable#128 http://www.ibm.com/timex#o http://ex.org/variable#159	1
http://ex.org/variable#128 http://www.ibm.com/timex#oi http://ex.org/variable#160	1
http://ex.org/variable#128 http://www.ibm.com/timex#di http://ex.org/variable#161	1
http://ex.org/variable#128 http://www.ibm.com/timex#oi http://ex.org/variable#162	1
http://ex.org/variable#128 http://www.ibm.com/timex#di http://ex.org/variable#163	1
http://ex.org/variable#128 http://www.ibm.com/timex#oi_di http://ex.org/variable#164	1
http://ex.org/variable#128 http://www.ibm.com/timex#oi http://ex.org/variable#165	1
http://ex.org/variable#128 http://www.ibm.com/timex#oi http://ex.org/variable#166	1
http://ex.org/variable#128 http://www.ibm.com/timex#oi http://ex.org/variable#167	1
http://ex.org/variable#128 http://www.ibm.com/timex#di http://ex.org/variable#168	1
http://ex.org/variable#128 http://www.ibm.com/timex#oi http://ex.org/variable#169	1
http://ex.org/variable#128 http://www.ibm.com/timex#di http://ex.org/variable#170	1
http://ex.org/variable#128 http://www.ibm.com/timex#oi http://ex.org/variable#171	1
http://ex.org/variable#128 http://www.ibm.com/timex#bi http://ex.org/variable#172	1
http://ex.org/variable#128 http://www.ibm.com/timex#di http://ex.org/variable#173	1
http://ex.org/variable#128 http://www.ibm.com/timex#di http://ex.org/variable#174	1
http://ex.org/variable#128 http://www.ibm.com/timex#oi http://ex.org/variable#175	1
http://ex.org/variable#128 http://www.ibm.com/timex#o http://ex.org/variable#176	1
http://ex.org/variable#128 http://www.ibm.com/timex#oi http://ex.org/variable#177	1
http://ex.org/variable#128 http://www.ibm.com/timex#d http://ex.org/variable#178	1
http://ex.org/variable#128 http://www.ibm.com/timex#di http://ex.org/variable#179	1
http://ex.org/variable#128 http://www.ibm.com/timex#bi http://ex.org/variable#180	1
http://ex.org/variable#128 http://www.ibm.com/timex#mi http://ex.org/variable#181	1
http://ex.org/variable#128 http://www.ibm.com/timex#di http://ex.org/variable#182	1
http://ex.org/variable#128 http://www.ibm.com/timex#di http://ex.org/variable#183	1
http://ex.org/variable#128 http://www.ibm.com/timex#oi http://ex.org/variable#184	1
http://ex.org/variable#128 http://www.ibm.com/timex#oi http://ex.org/variable#185	1
http://ex.org/variable#128 http://www.ibm.com/timex#di http://ex.org/variable#186	1
http://ex.org/variable#128 http://www.ibm.com/timex#oi http://ex.org/variable#187	1
http://ex.org/variable#128 http://www.ibm.com/timex#di http://ex.org/variable#188	1
http://ex.org/variable#128 http://www.ibm.com/timex#di http://ex.org/variable#189	1
http://ex.org/variable#129 http://www.ibm.com/timex#o http://ex.org/variable#0	1
http://ex.org/variable#129 http://www.ibm.com/timex#b http://ex.org/variable#1	1
http://ex.org/variable#129 http://www.ibm.com/timex#o http://ex.org/variable#2	1
http://ex.org/variable#129 http://www.ibm.com/timex#o http://ex.org/variable#3	1
http://ex.org/variable#129 http://www.ibm.com/timex#o http://ex.org/variable#4	1
http://ex.org/variable#129 http://www.ibm.com/timex#o_di_fi http://ex.org/variable#5	1
http://ex.org/variable#129 http://www.ibm.com/timex#b http://ex.org/variable#6	1
http://ex.org/variable#129 http://www.ibm.com/timex#o http://ex.org/variable#7	1
http://ex.org/variable#129 http://www.ibm.com/timex#di http://ex.org/variable#8	1
http://ex.org/variable#129 http://www.ibm.com/timex#b_m_o http://ex.org/variable#9	1
http://ex.org/variable#129 http://www.ibm.com/timex#o http://ex.org/variable#10	1
http://ex.org/variable#129 http://www.ibm.com/timex#o http://ex.org/variable#11	1
http://ex.org/variable#129 http://www.ibm.com/timex#o http://ex.org/variable#12	1
http://ex.org/variable#129 http://www.ibm.com/timex#o_fi http://ex.org/variable#13	1
http://ex.org/variable#129 http://www.ibm.com/timex#b_m_o http://ex.org/variable#14	1
http://ex.org/variable#129 http://www.ibm.com/timex#o http://ex.org/variable#15	1
http://ex.org/variable#129 http://www.ibm.com/timex#o http://ex.org/variable#16	1
http://ex.org/variable#129 http://www.ibm.com/timex#b http://ex.org/variable#17	1
http://ex.org/variable#129 http://www.ibm.com/timex#o http://ex.org/variable#18	1
http://ex.org/variable#129 http://www.ibm.com/timex#di http://ex.org/variable#19	1
http://ex.org/variable#129 http://www.ibm.com/timex#o http://ex.org/variable#20	1
http://ex.org/variable#129 http://www.ibm.com/timex#b http://ex.org/variable#21	1
http://ex.org/variable#129 http://www.ibm.com/timex#o http://ex.org/variable#22	1
http://ex.org/variable#129 http://www.ibm.com/timex#di http://ex.org/variable#23	1
http://ex.org/variable#129 http://www.ibm.com/timex#o http://ex.org/variable#24	1
http://ex.org/variable#129 http://www.ibm.com/timex#di http://ex.org/variable#25	1
http://ex.org/variable#129 http://www.ibm.com/timex#b http://ex.org/variable#26	1
http://ex.org/variable#129 http://www.ibm.com/timex#oi_di_si http://ex.org/variable#27	1
http://ex.org/variable#129 http://www.ibm.com/timex#m_o http://ex.org/variable#28	1
http://ex.org/variable#129 http://www.ibm.com/timex#o http://ex.org/variable#29	1
http://ex.org/variable#129 http://www.ibm.com/timex#o http://ex.org/variable#30	1
http://ex.org/variable#129 http://www.ibm.com/timex#d http://ex.org/variable#31	1
http://ex.org/variable#129 http://www.ibm.com/timex#di http://ex.org/variable#32	1
http://ex.org/variable#129 http://www.ibm.com/timex#b http://ex.org/variable#33	1
http://ex.org/variable#129 http://www.ibm.com/timex#o http://ex.org/variable#34	1
http://ex.org/variable#129 http://www.ibm.com/timex#di_fi http://ex.org/variable#35	1
http://ex.org/variable#129 http://www.ibm.com/timex#di_fi http://ex.org/variable#36	1
http://ex.org/variable#129 http://www.ibm.com/timex#di http://ex.org/variable#37	1
http://ex.org/variable#129 http://www.ibm.com/timex#o http://ex.org/variable#38	1
http://ex.org/variable#129 http://www.ibm.com/timex#b http://ex.org/variable#39	1
http://ex.org/variable#129 http://www.ibm.com/timex#o http://ex.org/variable#40	1
http://ex.org/variable#129 http://www.ibm.com/timex#o http://ex.org/variable#41	1
http://ex.org/variable#129 http://www.ibm.com/timex#o http://ex.org/variable#42	1
http://ex.org/variable#129 http://www.ibm.com/timex#o http://ex.org/variable#43	1
http://ex.org/variable#129 http://www.ibm.com/timex#o http://ex.org/variable#44	1
http://ex.org/variable#129 http://www.ibm.com/timex#o http://ex.org/variable#45	1
http://ex.org/variable#129 http://www.ibm.com/timex#o http://ex.org/variable#46	1
http://ex.org/variable#129 http://www.ibm.com/timex#o_d_s http://ex.org/variable#47	1
http://ex.org/variable#129 http://www.ibm.com/timex#b http://ex.org/variable#48	1
http://ex.org/variable#129 http://www.ibm.com/timex#di http://ex.org/variable#49	1
http://ex.org/variable#129 http://www.ibm.com/timex#o http://ex.org/variable#50	1
http://ex.org/variable#129 http://www.ibm.com/timex#b http://ex.org/variable#51	1
http://ex.org/variable#129 http://www.ibm.com/timex#o http://ex.org/variable#52	1
http://ex.org/variable#129 http://www.ibm.com/timex#o http://ex.org/variable#53	1
http://ex.org/variable#129 http://www.ibm.com/timex#o http://ex.org/variable#54	1
http://ex.org/variable#129 http://www.ibm.com/timex#o http://ex.org/variable#55	1
http://ex.org/variable#129 http://www.ibm.com/timex#o_fi http://ex.org/variable#56	1
http://ex.org/variable#129 http://www.ibm.com/timex#o http://ex.org/variable#57	1
http://ex.org/variable#129 http://www.ibm.com/timex#o http://ex.org/variable#58	1
http://ex.org/variable#129 http://www.ibm.com/timex#o http://ex.org/variable#59	1
http://ex.org/variable#129 http://www.ibm.com/timex#o http://ex.org/variable#60	1
http://ex.org/variable#129 http://www.ibm.com/timex#o http://ex.org/variable#61	1
http://ex.org/variable#129 http://www.ibm.com/timex#o http://ex.org/variable#62	1
http://ex.org/variable#129 http://www.ibm.com/timex#o http://ex.org/variable#63	1
http://ex.org/variable#129 http://www.ibm.com/timex#o http://ex.org/variable#64	1
http://ex.org/variable#129 http://www.ibm.com/timex#di http://ex.org/variable#65	1
http://ex.org/variable#129 http://www.ibm.com/timex#oi_di http://ex.org/variable#66	1
http://ex.org/variable#129 http://www.ibm.com/timex#o http://ex.org/variable#67	1
http://ex.org/variable#129 http://www.ibm.com/timex#o http://ex.org/variable#68	1
http://ex.org/variable#129 http://www.ibm.com/timex#o http://ex.org/variable#69	1
http://ex.org/variable#129 http://www.ibm.com/timex#o http://ex.org/variable#70	1
http://ex.org/variable#129 http://www.ibm.com/timex#o http://ex.org/variable#71	1
http://ex.org/variable#129 http://www.ibm.com/timex#o http://ex.org/variable#72	1
http://ex.org/variable#129 http://www.ibm.com/timex#o http://ex.org/variable#73	1
http://ex.org/variable#129 http://www.ibm.com/timex#o http://ex.org/variable#74	1
http://ex.org/variable#129 http://www.ibm.com/timex#o http://ex.org/variable#75	1
http://ex.org/variable#129 http://www.ibm.com/timex#o http://ex.org/variable#76	1
http://ex.org/variable#129 http://www.ibm.com/timex#o http://ex.org/variable#77	1
http://ex.org/variable#129 http://www.ibm.com/timex#o http://ex.org/variable#78	1
http://ex.org/variable#129 http://www.ibm.com/timex#s http://ex.org/variable#79	1
http://ex.org/variable#129 http://www.ibm.com/timex#o http://ex.org/variable#80	1
http://ex.org/variable#129 http://www.ibm.com/timex#o http://ex.org/variable#81	1
http://ex.org/variable#129 http://www.ibm.com/timex#di http://ex.org/variable#82	1
http://ex.org/variable#129 http://www.ibm.com/timex#o http://ex.org/variable#83	1
http://ex.org/variable#129 http://www.ibm.com/timex#b_m_o http://ex.org/variable#84	1
http://ex.org/variable#129 http://www.ibm.com/timex#b http://ex.org/variable#85	1
http://ex.org/variable#129 http://www.ibm.com/timex#o http://ex.org/variable#86	1
http://ex.org/variable#129 http://www.ibm.com/timex#o http://ex.org/variable#87	1
http://ex.org/variable#129 http://www.ibm.com/timex#b http://ex.org/variable#88	1
http://ex.org/variable#129 http://www.ibm.com/timex#o http://ex.org/variable#89	1
http://ex.org/variable#129 http://www.ibm.com/timex#o http://ex.org/variable#90	1
http://ex.org/variable#129 http://www.ibm.com/timex#o http://ex.org/variable#91	1
http://ex.org/variable#129 http://www.ibm.com/timex#o http://ex.org/variable#92	1
http://ex.org/variable#129 http://www.ibm.com/timex#o http://ex.org/variable#93	1
http://ex.org/variable#129 http://www.ibm.com/timex#o http://ex.org/variable#94	1
http://ex.org/variable#129 http://www.ibm.com/timex#di http://ex.org/variable#95	1
http://ex.org/variable#129 http://www.ibm.com/timex#di http://ex.org/variable#96	1
http://ex.org/variable#129 http://www.ibm.com/timex#o http://ex.org/variable#97	1
http://ex.org/variable#129 http://www.ibm.com/timex#b http://ex.org/variable#98	1
http://ex.org/variable#129 http://www.ibm.com/timex#b http://ex.org/variable#99	1
http://ex.org/variable#129 http://www.ibm.com/timex#di http://ex.org/variable#100	1
http://ex.org/variable#129 http://www.ibm.com/timex#o http://ex.org/variable#101	1
http://ex.org/variable#129 http://www.ibm.com/timex#b http://ex.org/variable#102	1
http://ex.org/variable#129 http://www.ibm.com/timex#o http://ex.org/variable#103	1
http://ex.org/variable#129 http://www.ibm.com/timex#b http://ex.org/variable#104	1
http://ex.org/variable#129 http://www.ibm.com/timex#o http://ex.org/variable#105	1
http://ex.org/variable#129 http://www.ibm.com/timex#o http://ex.org/variable#106	1
http://ex.org/variable#129 http://www.ibm.com/timex#o http://ex.org/variable#107	1
http://ex.org/variable#129 http://www.ibm.com/timex#o_di_fi http://ex.org/variable#108	1
http://ex.org/variable#129 http://www.ibm.com/timex#b http://ex.org/variable#109	1
http://ex.org/variable#129 http://www.ibm.com/timex#o http://ex.org/variable#110	1
http://ex.org/variable#129 http://www.ibm.com/timex#o http://ex.org/variable#111	1
http://ex.org/variable#129 http://www.ibm.com/timex#o http://ex.org/variable#112	1
http://ex.org/variable#129 http://www.ibm.com/timex#b_m_o http://ex.org/variable#113	1
http://ex.org/variable#129 http://www.ibm.com/timex#o http://ex.org/variable#114	1
http://ex.org/variable#129 http://www.ibm.com/timex#b http://ex.org/variable#115	1
http://ex.org/variable#129 http://www.ibm.com/timex#b http://ex.org/variable#116	1
http://ex.org/variable#129 http://www.ibm.com/timex#o_di_fi http://ex.org/variable#117	1
http://ex.org/variable#129 http://www.ibm.com/timex#o http://ex.org/variable#118	1
http://ex.org/variable#129 http://www.ibm.com/timex#o http://ex.org/variable#119	1
http://ex.org/variable#129 http://www.ibm.com/timex#o_fi http://ex.org/variable#120	1
http://ex.org/variable#129 http://www.ibm.com/timex#b http://ex.org/variable#121	1
http://ex.org/variable#129 http://www.ibm.com/timex#o http://ex.org/variable#122	1
http://ex.org/variable#129 http://www.ibm.com/timex#o http://ex.org/variable#123	1
http://ex.org/variable#129 http://www.ibm.com/timex#o http://ex.org/variable#124	1
http://ex.org/variable#129 http://www.ibm.com/timex#o http://ex.org/variable#125	1
http://ex.org/variable#129 http://www.ibm.com/timex#o http://ex.org/variable#126	1
http://ex.org/variable#129 http://www.ibm.com/timex#b http://ex.org/variable#127	1
http://ex.org/variable#129 http://www.ibm.com/timex#o http://ex.org/variable#128	1
http://ex.org/variable#129 http://www.ibm.com/timex#o_di_fi http://ex.org/variable#130	1
http://ex.org/variable#129 http://www.ibm.com/timex#b http://ex.org/variable#131	1
http://ex.org/variable#129 http://www.ibm.com/timex#o http://ex.org/variable#132	1
http://ex.org/variable#129 http://www.ibm.com/timex#o http://ex.org/variable#133	1
http://ex.org/variable#129 http://www.ibm.com/timex#o http://ex.org/variable#134	1
http://ex.org/variable#129 http://www.ibm.com/timex#o http://ex.org/variable#135	1
http://ex.org/variable#129 http://www.ibm.com/timex#o http://ex.org/variable#136	1
http://ex.org/variable#129 http://www.ibm.com/timex#o http://ex.org/variable#137	1
http://ex.org/variable#129 http://www.ibm.com/timex#b http://ex.org/variable#138	1
http://ex.org/variable#129 http://www.ibm.com/timex#o http://ex.org/variable#139	1
http://ex.org/variable#129 http://www.ibm.com/timex#o http://ex.org/variable#140	1
http://ex.org/variable#129 http://www.ibm.com/timex#o http://ex.org/variable#141	1
http://ex.org/variable#129 http://www.ibm.com/timex#o http://ex.org/variable#142	1
http://ex.org/variable#129 http://www.ibm.com/timex#o http://ex.org/variable#143	1
http://ex.org/variable#129 http://www.ibm.com/timex#o http://ex.org/variable#144	1
http://ex.org/variable#129 http://www.ibm.com/timex#b http://ex.org/variable#145	1
http://ex.org/variable#129 http://www.ibm.com/timex#o http://ex.org/variable#146	1
http://ex.org/variable#129 http://www.ibm.com/timex#o http://ex.org/variable#147	1
http://ex.org/variable#129 http://www.ibm.com/timex#o http://ex.org/variable#148	1
http://ex.org/variable#129 http://www.ibm.com/timex#di http://ex.org/variable#149	1
http://ex.org/variable#129 http://www.ibm.com/timex#b http://ex.org/variable#150	1
http://ex.org/variable#129 http://www.ibm.com/timex#o http://ex.org/variable#151	1
http://ex.org/variable#129 http://www.ibm.com/timex#di http://ex.org/variable#152	1
http://ex.org/variable#129 http://www.ibm.com/timex#o http://ex.org/variable#153	1
http://ex.org/variable#129 http://www.ibm.com/timex#o http://ex.org/variable#154	1
http://ex.org/variable#129 http://www.ibm.com/timex#o http://ex.org/variable#155	1
http://ex.org/variable#129 http://www.ibm.com/timex#o http://ex.org/variable#156	1
http://ex.org/variable#129 http://www.ibm.com/timex#di http://ex.org/variable#157	1
http://ex.org/variable#129 http://www.ibm.com/timex#o http://ex.org/variable#158	1
http://ex.org/variable#129 http://www.ibm.com/timex#o http://ex.org/variable#159	1
http://ex.org/variable#129 http://www.ibm.com/timex#o http://ex.org/variable#160	1
http://ex.org/variable#129 http://www.ibm.com/timex#o http://ex.org/variable#161	1
http://ex.org/variable#129 http://www.ibm.com/timex#o_di_fi http://ex.org/variable#162	1
http://ex.org/variable#129 http://www.ibm.com/timex#o http://ex.org/variable#163	1
http://ex.org/variable#129 http://www.ibm.com/timex#o http://ex.org/variable#164	1
http://ex.org/variable#129 http://www.ibm.com/timex#o http://ex.org/variable#165	1
http://ex.org/variable#129 http://www.ibm.com/timex#o http://ex.org/variable#166	1
http://ex.org/variable#129 http://www.ibm.com/timex#o http://ex.org/variable#167	1
http://ex.org/variable#129 http://www.ibm.com/timex#o http://ex.org/variable#168	1
http://ex.org/variable#129 http://www.ibm.com/timex#o http://ex.org/variable#169	1
http://ex.org/variable#129 http://www.ibm.com/timex#b http://ex.org/variable#170	1
http://ex.org/variable#129 http://www.ibm.com/timex#o http://ex.org/variable#171	1
http://ex.org/variable#129 http://www.ibm.com/timex#di http://ex.org/variable#172	1
http://ex.org/variable#129 http://www.ibm.com/timex#b http://ex.org/variable#173	1
http://ex.org/variable#129 http://www.ibm.com/timex#b_m_o http://ex.org/variable#174	1
http://ex.org/variable#129 http://www.ibm.com/timex#o http://ex.org/variable#175	1
http://ex.org/variable#129 http://www.ibm.com/timex#o http://ex.org/variable#176	1
http://ex.org/variable#129 http://www.ibm.com/timex#o http://ex.org/variable#177	1
http://ex.org/variable#129 http://www.ibm.com/timex#o http://ex.org/variable#178	1
http://ex.org/variable#129 http://www.ibm.com/timex#o http://ex.org/variable#179	1
http://ex.org/variable#129 http://www.ibm.com/timex#di http://ex.org/variable#180	1
http://ex.org/variable#129 http://www.ibm.com/timex#di http://ex.org/variable#181	1
http://ex.org/variable#129 http://www.ibm.com/timex#o http://ex.org/variable#182	1
http://ex.org/variable#129 http://www.ibm.com/timex#b http://ex.org/variable#183	1
http://ex.org/variable#129 http://www.ibm.com/timex#o http://ex.org/variable#184	1
http://ex.org/variable#129 http://www.ibm.com/timex#o http://ex.org/variable#185	1
http://ex.org/variable#129 http://www.ibm.com/timex#o http://ex.org/variable#186	1
http://ex.org/variable#129 http://www.ibm.com/timex#o http://ex.org/variable#187	1
http://ex.org/variable#129 http://www.ibm.com/timex#o http://ex.org/variable#188	1
http://ex.org/variable#129 http://www.ibm.com/timex#o http://ex.org/variable#189	1
http://ex.org/variable#130 http://www.ibm.com/timex#o http://ex.org/variable#0	1
http://ex.org/variable#130 http://www.ibm.com/timex#b http://ex.org/variable#1	1
http://ex.org/variable#130 http://www.ibm.com/timex#d http://ex.org/variable#2	1
http://ex.org/variable#130 http://www.ibm.com/timex#o http://ex.org/variable#3	1
http://ex.org/variable#130 http://www.ibm.com/timex#o http://ex.org/variable#4	1
http://ex.org/variable#130 http://www.ibm.com/timex#oi_d_f http://ex.org/variable#5	1
http://ex.org/variable#130 http://www.ibm.com/timex#b http://ex.org/variable#6	1
http://ex.org/variable#130 http://www.ibm.com/timex#o http://ex.org/variable#7	1
http://ex.org/variable#130 http://www.ibm.com/timex#bi http://ex.org/variable#8	1
http://ex.org/variable#130 http://www.ibm.com/timex#b_m_o http://ex.org/variable#9	1
http://ex.org/variable#130 http://www.ibm.com/timex#o http://ex.org/variable#10	1
http://ex.org/variable#130 http://www.ibm.com/timex#d http://ex.org/variable#11	1
http://ex.org/variable#130 http://www.ibm.com/timex#d http://ex.org/variable#12	1
http://ex.org/variable#130 http://www.ibm.com/timex#d http://ex.org/variable#13	1
http://ex.org/variable#130 http://www.ibm.com/timex#b http://ex.org/variable#14	1
http://ex.org/variable#130 http://www.ibm.com/timex#d http://ex.org/variable#15	1
http://ex.org/variable#130 http://www.ibm.com/timex#d http://ex.org/variable#16	1
http://ex.org/variable#130 http://www.ibm.com/timex#b http://ex.org/variable#17	1
http://ex.org/variable#130 http://www.ibm.com/timex#d http://ex.org/variable#18	1
http://ex.org/variable#130 http://www.ibm.com/timex#oi http://ex.org/variable#19	1
http://ex.org/variable#130 http://www.ibm.com/timex#d http://ex.org/variable#20	1
http://ex.org/variable#130 http://www.ibm.com/timex#b http://ex.org/variable#21	1
http://ex.org/variable#130 http://www.ibm.com/timex#d http://ex.org/variable#22	1
http://ex.org/variable#130 http://www.ibm.com/timex#oi http://ex.org/variable#23	1
http://ex.org/variable#130 http://www.ibm.com/timex#d http://ex.org/variable#24	1
http://ex.org/variable#130 http://www.ibm.com/timex#bi http://ex.org/variable#25	1
http://ex.org/variable#130 http://www.ibm.com/timex#b http://ex.org/variable#26	1
http://ex.org/variable#130 http://www.ibm.com/timex#oi http://ex.org/variable#27	1
http://ex.org/variable#130 http://www.ibm.com/timex#o http://ex.org/variable#28	1
http://ex.org/variable#130 http://www.ibm.com/timex#o http://ex.org/variable#29	1
http://ex.org/variable#130 http://www.ibm.com/timex#o http://ex.org/variable#30	1
http://ex.org/variable#130 http://www.ibm.com/timex#d http://ex.org/variable#31	1
http://ex.org/variable#130 http://www.ibm.com/timex#oi http://ex.org/variable#32	1
http://ex.org/variable#130 http://www.ibm.com/timex#b http://ex.org/variable#33	1
http://ex.org/variable#130 http://www.ibm.com/timex#d http://ex.org/variable#34	1
http://ex.org/variable#130 http://www.ibm.com/timex#di http://ex.org/variable#35	1
http://ex.org/variable#130 http://www.ibm.com/timex#oi http://ex.org/variable#36	1
http://ex.org/variable#130 http://www.ibm.com/timex#oi http://ex.org/variable#37	1
http://ex.org/variable#130 http://www.ibm.com/timex#d http://ex.org/variable#38	1
http://ex.org/variable#130 http://www.ibm.com/timex#b http://ex.org/variable#39	1
http://ex.org/variable#130 http://www.ibm.com/timex#d http://ex.org/variable#40	1
http://ex.org/variable#130 http://www.ibm.com/timex#d http://ex.org/variable#41	1
http://ex.org/variable#130 http://www.ibm.com/timex#o http://ex.org/variable#42	1
http://ex.org/variable#130 http://www.ibm.com/timex#d http://ex.org/variable#43	1
http://ex.org/variable#130 http://www.ibm.com/timex#d http://ex.org/variable#44	1
http://ex.org/variable#130 http://www.ibm.com/timex#o http://ex.org/variable#45	1
http://ex.org/variable#130 http://www.ibm.com/timex#d http://ex.org/variable#46	1
http://ex.org/variable#130 http://www.ibm.com/timex#d http://ex.org/variable#47	1
http://ex.org/variable#130 http://www.ibm.com/timex#b http://ex.org/variable#48	1
http://ex.org/variable#130 http://www.ibm.com/timex#oi http://ex.org/variable#49	1
http://ex.org/variable#130 http://www.ibm.com/timex#o http://ex.org/variable#50	1
http://ex.org/variable#130 http://www.ibm.com/timex#b http://ex.org/variable#51	1
http://ex.org/variable#130 http://www.ibm.com/timex#d http://ex.org/variable#52	1
http://ex.org/variable#130 http://www.ibm.com/timex#d http://ex.org/variable#53	1
http://ex.org/variable#130 http://www.ibm.com/timex#d http://ex.org/variable#54	1
http://ex.org/variable#130 http://www.ibm.com/timex#o http://ex.org/variable#55	1
http://ex.org/variable#130 http://www.ibm.com/timex#s http://ex.org/variable#56	1
http://ex.org/variable#130 http://www.ibm.com/timex#d http://ex.org/variable#57	1
http://ex.org/variable#130 http://www.ibm.com/timex#d http://ex.org/variable#58	1
http://ex.org/variable#130 http://www.ibm.com/timex#d http://ex.org/variable#59	1
http://ex.org/variable#130 http://www.ibm.com/timex#d http://ex.org/variable#60	1
http://ex.org/variable#130 http://www.ibm.com/timex#d http://ex.org/variable#61	1
http://ex.org/variable#130 http://www.ibm.com/timex#o http://ex.org/variable#62	1
http://ex.org/variable#130 http://www.ibm.com/timex#d http://ex.org/variable#63	1
http://ex.org/variable#130 http://www.ibm.com/timex#d http://ex.org/variable#64	1
http://ex.org/variable#130 http://www.ibm.com/timex#bi http://ex.org/variable#65	1
http://ex.org/variable#130 http://www.ibm.com/timex#oi http://ex.org/variable#66	1
http://ex.org/variable#130 http://www.ibm.com/timex#d http://ex.org/variable#67	1
http://ex.org/variable#130 http://www.ibm.com/timex#o http://ex.org/variable#68	1
http://ex.org/variable#130 http://www.ibm.com/timex#o http://ex.org/variable#69	1
http://ex.org/variable#130 http://www.ibm.com/timex#d http://ex.org/variable#70	1
http://ex.org/variable#130 http://www.ibm.com/timex#d http://ex.org/variable#71	1
http://ex.org/variable#130 http://www.ibm.com/timex#o http://ex.org/variable#72	1
http://ex.org/variable#130 http://www.ibm.com/timex#d http://ex.org/variable#73	1
http://ex.org/variable#130 http://www.ibm.com/timex#d http://ex.org/variable#74	1
http://ex.org/variable#130 http://www.ibm.com/timex#d http://ex.org/variable#75	1
http://ex.org/variable#130 http://www.ibm.com/timex#d http://ex.org/variable#76	1
http://ex.org/variable#130 http://www.ibm.com/timex#d http://ex.org/variable#77	1
http://ex.org/variable#130 http://www.ibm.com/timex#o http://ex.org/variable#78	1
http://ex.org/variable#130 http://www.ibm.com/timex#d http://ex.org/variable#79	1
http://ex.org/variable#130 http://www.ibm.com/timex#d http://ex.org/variable#80	1
http://ex.org/variable#130 http://www.ibm.com/timex#d http://ex.org/variable#81	1
http://ex.org/variable#130 http://www.ibm.com/timex#oi http://ex.org/variable#82	1
http://ex.org/variable#130 http://www.ibm.com/timex#d http://ex.org/variable#83	1
http://ex.org/variable#130 http://www.ibm.com/timex#b_m_o http://ex.org/variable#84	1
http://ex.org/variable#130 http://www.ibm.com/timex#b http://ex.org/variable#85	1
http://ex.org/variable#130 http://www.ibm.com/timex#d http://ex.org/variable#86	1
http://ex.org/variable#130 http://www.ibm.com/timex#o http://ex.org/variable#87	1
http://ex.org/variable#130 http://www.ibm.com/timex#b http://ex.org/variable#88	1
http://ex.org/variable#130 http://www.ibm.com/timex#o http://ex.org/variable#89	1
http://ex.org/variable#130 http://www.ibm.com/timex#o http://ex.org/variable#90	1
http://ex.org/variable#130 http://www.ibm.com/timex#d http://ex.org/variable#91	1
http://ex.org/variable#130 http://www.ibm.com/timex#o http://ex.org/variable#92	1
http://ex.org/variable#130 http://www.ibm.com/timex#d http://ex.org/variable#93	1
http://ex.org/variable#130 http://www.ibm.com/timex#d http://ex.org/variable#94	1
http://ex.org/variable#130 http://www.ibm.com/timex#di http://ex.org/variable#95	1
http://ex.org/variable#130 http://www.ibm.com/timex#bi http://ex.org/variable#96	1
http://ex.org/variable#130 http://www.ibm.com/timex#o http://ex.org/variable#97	1
http://ex.org/variable#130 http://www.ibm.com/timex#b http://ex.org/variable#98	1
http://ex.org/variable#130 http://www.ibm.com/timex#b http://ex.org/variable#99	1
http://ex.org/variable#130 http://www.ibm.com/timex#oi http://ex.org/variable#100	1
http://ex.org/variable#130 http://www.ibm.com/timex#o http://ex.org/variable#101	1
http://ex.org/variable#130 http://www.ibm.com/timex#b http://ex.org/variable#102	1
http://ex.org/variable#130 http://www.ibm.com/timex#d http://ex.org/variable#103	1
http://ex.org/variable#130 http://www.ibm.com/timex#b http://ex.org/variable#104	1
http://ex.org/variable#130 http://www.ibm.com/timex#d http://ex.org/variable#105	1
http://ex.org/variable#130 http://www.ibm.com/timex#d http://ex.org/variable#106	1
http://ex.org/variable#130 http://www.ibm.com/timex#o http://ex.org/variable#107	1
http://ex.org/variable#130 http://www.ibm.com/timex#o http://ex.org/variable#108	1
http://ex.org/variable#130 http://www.ibm.com/timex#b http://ex.org/variable#109	1
http://ex.org/variable#130 http://www.ibm.com/timex#d http://ex.org/variable#110	1
http://ex.org/variable#130 http://www.ibm.com/timex#d_s http://ex.org/variable#111	1
http://ex.org/variable#130 http://www.ibm.com/timex#d http://ex.org/variable#112	1
http://ex.org/variable#130 http://www.ibm.com/timex#o http://ex.org/variable#113	1
http://ex.org/variable#130 http://www.ibm.com/timex#d http://ex.org/variable#114	1
http://ex.org/variable#130 http://www.ibm.com/timex#b http://ex.org/variable#115	1
http://ex.org/variable#130 http://www.ibm.com/timex#b http://ex.org/variable#116	1
http://ex.org/variable#130 http://www.ibm.com/timex#d http://ex.org/variable#117	1
http://ex.org/variable#130 http://www.ibm.com/timex#d http://ex.org/variable#118	1
http://ex.org/variable#130 http://www.ibm.com/timex#d http://ex.org/variable#119	1
http://ex.org/variable#130 http://www.ibm.com/timex#d http://ex.org/variable#120	1
http://ex.org/variable#130 http://www.ibm.com/timex#b http://ex.org/variable#121	1
http://ex.org/variable#130 http://www.ibm.com/timex#d http://ex.org/variable#122	1
http://ex.org/variable#130 http://www.ibm.com/timex#o http://ex.org/variable#123	1
http://ex.org/variable#130 http://www.ibm.com/timex#d http://ex.org/variable#124	1
http://ex.org/variable#130 http://www.ibm.com/timex#d http://ex.org/variable#125	1
http://ex.org/variable#130 http://www.ibm.com/timex#o http://ex.org/variable#126	1
http://ex.org/variable#130 http://www.ibm.com/timex#b http://ex.org/variable#127	1
http://ex.org/variable#130 http://www.ibm.com/timex#o http://ex.org/variable#128	1
http://ex.org/variable#130 http://www.ibm.com/timex#oi_d_f http://ex.org/variable#129	1
http://ex.org/variable#130 http://www.ibm.com/timex#b http://ex.org/variable#131	1
http://ex.org/variable#130 http://www.ibm.com/timex#d http://ex.org/variable#132	1
http://ex.org/variable#130 http://www.ibm.com/timex#o http://ex.org/variable#133	1
http://ex.org/variable#130 http://www.ibm.com/timex#d http://ex.org/variable#134	1
http://ex.org/variable#130 http://www.ibm.com/timex#d http://ex.org/variable#135	1
http://ex.org/variable#130 http://www.ibm.com/timex#d http://ex.org/variable#136	1
http://ex.org/variable#130 http://www.ibm.com/timex#o http://ex.org/variable#137	1
http://ex.org/variable#130 http://www.ibm.com/timex#b http://ex.org/variable#138	1
http://ex.org/variable#130 http://www.ibm.com/timex#o http://ex.org/variable#139	1
http://ex.org/variable#130 http://www.ibm.com/timex#o http://ex.org/variable#140	1
http://ex.org/variable#130 http://www.ibm.com/timex#d http://ex.org/variable#141	1
http://ex.org/variable#130 http://www.ibm.com/timex#d http://ex.org/variable#142	1
http://ex.org/variable#130 http://www.ibm.com/timex#d http://ex.org/variable#143	1
http://ex.org/variable#130 http://www.ibm.com/timex#o http://ex.org/variable#144	1
http://ex.org/variable#130 http://www.ibm.com/timex#b http://ex.org/variable#145	1
http://ex.org/variable#130 http://www.ibm.com/timex#o http://ex.org/variable#146	1
http://ex.org/variable#130 http://www.ibm.com/timex#d http://ex.org/variable#147	1
http://ex.org/variable#130 http://www.ibm.com/timex#o http://ex.org/variable#148	1
http://ex.org/variable#130 http://www.ibm.com/timex#oi http://ex.org/variable#149	1
http://ex.org/variable#130 http://www.ibm.com/timex#b http://ex.org/variable#150	1
http://ex.org/variable#130 http://www.ibm.com/timex#o http://ex.org/variable#151	1
http://ex.org/variable#130 http://www.ibm.com/timex#bi http://ex.org/variable#152	1
http://ex.org/variable#130 http://www.ibm.com/timex#d http://ex.org/variable#153	1
http://ex.org/variable#130 http://www.ibm.com/timex#o http://ex.org/variable#154	1
http://ex.org/variable#130 http://www.ibm.com/timex#d http://ex.org/variable#155	1
http://ex.org/variable#130 http://www.ibm.com/timex#d http://ex.org/variable#156	1
http://ex.org/variable#130 http://www.ibm.com/timex#bi http://ex.org/variable#157	1
http://ex.org/variable#130 http://www.ibm.com/timex#d http://ex.org/variable#158	1
http://ex.org/variable#130 http://www.ibm.com/timex#o http://ex.org/variable#159	1
http://ex.org/variable#130 http://www.ibm.com/timex#o http://ex.org/variable#160	1
http://ex.org/variable#130 http://www.ibm.com/timex#o http://ex.org/variable#161	1
http://ex.org/variable#130 http://www.ibm.com/timex#oi_d_f http://ex.org/variable#162	1
http://ex.org/variable#130 http://www.ibm.com/timex#o http://ex.org/variable#163	1
http://ex.org/variable#130 http://www.ibm.com/timex#o http://ex.org/variable#164	1
http://ex.org/variable#130 http://www.ibm.com/timex#o http://ex.org/variable#165	1
http://ex.org/variable#130 http://www.ibm.com/timex#d http://ex.org/variable#166	1
http://ex.org/variable#130 http://www.ibm.com/timex#d http://ex.org/variable#167	1
http://ex.org/variable#130 http://www.ibm.com/timex#o http://ex.org/variable#168	1
http://ex.org/variable#130 http://www.ibm.com/timex#d http://ex.org/variable#169	1
http://ex.org/variable#130 http://www.ibm.com/timex#b http://ex.org/variable#170	1
http://ex.org/variable#130 http://www.ibm.com/timex#d http://ex.org/variable#171	1
http://ex.org/variable#130 http://www.ibm.com/timex#bi http://ex.org/variable#172	1
http://ex.org/variable#130 http://www.ibm.com/timex#b http://ex.org/variable#173	1
http://ex.org/variable#130 http://www.ibm.com/timex#o http://ex.org/variable#174	1
http://ex.org/variable#130 http://www.ibm.com/timex#d http://ex.org/variable#175	1
http://ex.org/variable#130 http://www.ibm.com/timex#o http://ex.org/variable#176	1
http://ex.org/variable#130 http://www.ibm.com/timex#o http://ex.org/variable#177	1
http://ex.org/variable#130 http://www.ibm.com/timex#o http://ex.org/variable#178	1
http://ex.org/variable#130 http://www.ibm.com/timex#o http://ex.org/variable#179	1
http://ex.org/variable#130 http://www.ibm.com/timex#bi http://ex.org/variable#180	1
http://ex.org/variable#130 http://www.ibm.com/timex#oi http://ex.org/variable#181	1
http://ex.org/variable#130 http://www.ibm.com/timex#o http://ex.org/variable#182	1
http://ex.org/variable#130 http://www.ibm.com/timex#b http://ex.org/variable#183	1
http://ex.org/variable#130 http://www.ibm.com/timex#d http://ex.org/variable#184	1
http://ex.org/variable#130 http://www.ibm.com/timex#o http://ex.org/variable#185	1
http://ex.org/variable#130 http://www.ibm.com/timex#o http://ex.org/variable#186	1
http://ex.org/variable#130 http://www.ibm.com/timex#d http://ex.org/variable#187	1
http://ex.org/variable#130 http://www.ibm.com/timex#o http://ex.org/variable#188	1
http://ex.org/variable#130 http://www.ibm.com/timex#o http://ex.org/variable#189	1
http://ex.org/variable#131 http://www.ibm.com/timex#oi http://ex.org/variable#0	1
http://ex.org/variable#131 http://www.ibm.com/timex#oi http://ex.org/variable#1	1
http://ex.org/variable#131 http://www.ibm.com/timex#oi http://ex.org/variable#2	1
http://ex.org/variable#131 http://www.ibm.com/timex#bi http://ex.org/variable#3	1
http://ex.org/variable#131 http://www.ibm.com/timex#d http://ex.org/variable#4	1
http://ex.org/variable#131 http://www.ibm.com/timex#bi http://ex.org/variable#5	1
http://ex.org/variable#131 http://www.ibm.com/timex#oi http://ex.org/variable#6	1
http://ex.org/variable#131 http://www.ibm.com/timex#oi http://ex.org/variable#7	1
http://ex.org/variable#131 http://www.ibm.com/timex#bi http://ex.org/variable#8	1
http://ex.org/variable#131 http://www.ibm.com/timex#d http://ex.org/variable#9	1
http://ex.org/variable#131 http://www.ibm.com/timex#oi http://ex.org/variable#10	1
http://ex.org/variable#131 http://www.ibm.com/timex#oi http://ex.org/variable#11	1
http://ex.org/variable#131 http://www.ibm.com/timex#oi http://ex.org/variable#12	1
http://ex.org/variable#131 http://www.ibm.com/timex#bi http://ex.org/variable#13	1
http://ex.org/variable#131 http://www.ibm.com/timex#bi http://ex.org/variable#14	1
http://ex.org/variable#131 http://www.ibm.com/timex#bi http://ex.org/variable#15	1
http://ex.org/variable#131 http://www.ibm.com/timex#bi http://ex.org/variable#16	1
http://ex.org/variable#131 http://www.ibm.com/timex#bi http://ex.org/variable#17	1
http://ex.org/variable#131 http://www.ibm.com/timex#bi http://ex.org/variable#18	1
http://ex.org/variable#131 http://www.ibm.com/timex#bi http://ex.org/variable#19	1
http://ex.org/variable#131 http://www.ibm.com/timex#d http://ex.org/variable#20	1
http://ex.org/variable#131 http://www.ibm.com/timex#oi http://ex.org/variable#21	1
http://ex.org/variable#131 http://www.ibm.com/timex#d http://ex.org/variable#22	1
http://ex.org/variable#131 http://www.ibm.com/timex#bi http://ex.org/variable#23	1
http://ex.org/variable#131 http://www.ibm.com/timex#oi http://ex.org/variable#24	1
http://ex.org/variable#131 http://www.ibm.com/timex#bi http://ex.org/variable#25	1
http://ex.org/variable#131 http://www.ibm.com/timex#oi http://ex.org/variable#26	1
http://ex.org/variable#131 http://www.ibm.com/timex#bi http://ex.org/variable#27	1
http://ex.org/variable#131 http://www.ibm.com/timex#oi http://ex.org/variable#28	1
http://ex.org/variable#131 http://www.ibm.com/timex#oi http://ex.org/variable#29	1
http://ex.org/variable#131 http://www.ibm.com/timex#bi http://ex.org/variable#30	1
http://ex.org/variable#131 http://www.ibm.com/timex#bi http://ex.org/variable#31	1
http://ex.org/variable#131 http://www.ibm.com/timex#bi http://ex.org/variable#32	1
http://ex.org/variable#131 http://www.ibm.com/timex#d http://ex.org/variable#33	1
http://ex.org/variable#131 http://www.ibm.com/timex#bi http://ex.org/variable#34	1
http://ex.org/variable#131 http://www.ibm.com/timex#bi http://ex.org/variable#35	1
http://ex.org/variable#131 http://www.ibm.com/timex#bi http://ex.org/variable#36	1
http://ex.org/variable#131 http://www.ibm.com/timex#bi http://ex.org/variable#37	1
http://ex.org/variable#131 http://www.ibm.com/timex#bi http://ex.org/variable#38	1
http://ex.org/variable#131 http://www.ibm.com/timex#bi http://ex.org/variable#39	1
http://ex.org/variable#131 http://www.ibm.com/timex#bi http://ex.org/variable#40	1
http://ex.org/variable#131 http://www.ibm.com/timex#oi http://ex.org/variable#41	1
http://ex.org/variable#131 http://www.ibm.com/timex#oi http://ex.org/variable#42	1
http://ex.org/variable#131 http://www.ibm.com/timex#bi http://ex.org/variable#43	1
http://ex.org/variable#131 http://www.ibm.com/timex#oi http://ex.org/variable#44	1
http://ex.org/variable#131 http://www.ibm.com/timex#d http://ex.org/variable#45	1
http://ex.org/variable#131 http://www.ibm.com/timex#bi http://ex.org/variable#46	1
http://ex.org/variable#131 http://www.ibm.com/timex#bi http://ex.org/variable#47	1
http://ex.org/variable#131 http://www.ibm.com/timex#bi http://ex.org/variable#48	1
http://ex.org/variable#131 http://www.ibm.com/timex#bi http://ex.org/variable#49	1
http://ex.org/variable#131 http://www.ibm.com/timex#oi http://ex.org/variable#50	1
http://ex.org/variable#131 http://www.ibm.com/timex#mi_oi http://ex.org/variable#51	1
http://ex.org/variable#131 http://www.ibm.com/timex#bi_mi_oi http://ex.org/variable#52	1
http://ex.org/variable#131 http://www.ibm.com/timex#oi http://ex.org/variable#53	1
http://ex.org/variable#131 http://www.ibm.com/timex#bi http://ex.org/variable#54	1
http://ex.org/variable#131 http://www.ibm.com/timex#bi http://ex.org/variable#55	1
http://ex.org/variable#131 http://www.ibm.com/timex#bi http://ex.org/variable#56	1
http://ex.org/variable#131 http://www.ibm.com/timex#bi http://ex.org/variable#57	1
http://ex.org/variable#131 http://www.ibm.com/timex#bi http://ex.org/variable#58	1
http://ex.org/variable#131 http://www.ibm.com/timex#d http://ex.org/variable#59	1
http://ex.org/variable#131 http://www.ibm.com/timex#oi_f http://ex.org/variable#60	1
http://ex.org/variable#131 http://www.ibm.com/timex#oi http://ex.org/variable#61	1
http://ex.org/variable#131 http://www.ibm.com/timex#oi http://ex.org/variable#62	1
http://ex.org/variable#131 http://www.ibm.com/timex#mi_oi http://ex.org/variable#63	1
http://ex.org/variable#131 http://www.ibm.com/timex#oi http://ex.org/variable#64	1
http://ex.org/variable#131 http://www.ibm.com/timex#bi http://ex.org/variable#65	1
http://ex.org/variable#131 http://www.ibm.com/timex#bi http://ex.org/variable#66	1
http://ex.org/variable#131 http://www.ibm.com/timex#d http://ex.org/variable#67	1
http://ex.org/variable#131 http://www.ibm.com/timex#oi http://ex.org/variable#68	1
http://ex.org/variable#131 http://www.ibm.com/timex#bi http://ex.org/variable#69	1
http://ex.org/variable#131 http://www.ibm.com/timex#d http://ex.org/variable#70	1
http://ex.org/variable#131 http://www.ibm.com/timex#bi http://ex.org/variable#71	1
http://ex.org/variable#131 http://www.ibm.com/timex#oi http://ex.org/variable#72	1
http://ex.org/variable#131 http://www.ibm.com/timex#bi http://ex.org/variable#73	1
http://ex.org/variable#131 http://www.ibm.com/timex#oi http://ex.org/variable#74	1
http://ex.org/variable#131 http://www.ibm.com/timex#bi http://ex.org/variable#75	1
http://ex.org/variable#131 http://www.ibm.com/timex#oi http://ex.org/variable#76	1
http://ex.org/variable#131 http://www.ibm.com/timex#d http://ex.org/variable#77	1
http://ex.org/variable#131 http://www.ibm.com/timex#bi http://ex.org/variable#78	1
http://ex.org/variable#131 http://www.ibm.com/timex#bi http://ex.org/variable#79	1
http://ex.org/variable#131 http://www.ibm.com/timex#oi http://ex.org/variable#80	1
http://ex.org/variable#131 http://www.ibm.com/timex#bi http://ex.org/variable#81	1
http://ex.org/variable#131 http://www.ibm.com/timex#bi http://ex.org/variable#82	1
http://ex.org/variable#131 http://www.ibm.com/timex#oi http://ex.org/variable#83	1
http://ex.org/variable#131 http://www.ibm.com/timex#oi http://ex.org/variable#84	1
http://ex.org/variable#131 http://www.ibm.com/timex#oi http://ex.org/variable#85	1
http://ex.org/variable#131 http://www.ibm.com/timex#d http://ex.org/variable#86	1
http://ex.org/variable#131 http://www.ibm.com/timex#oi http://ex.org/variable#87	1
http://ex.org/variable#131 http://www.ibm.com/timex#di http://ex.org/variable#88	1
http://ex.org/variable#131 http://www.ibm.com/timex#oi http://ex.org/variable#89	1
http://ex.org/variable#131 http://www.ibm.com/timex#bi http://ex.org/variable#90	1
http://ex.org/variable#131 http://www.ibm.com/timex#oi http://ex.org/variable#91	1
http://ex.org/variable#131 http://www.ibm.com/timex#d http://ex.org/variable#92	1
http://ex.org/variable#131 http://www.ibm.com/timex#oi http://ex.org/variable#93	1
http://ex.org/variable#131 http://www.ibm.com/timex#bi http://ex.org/variable#94	1
http://ex.org/variable#131 http://www.ibm.com/timex#bi http://ex.org/variable#95	1
http://ex.org/variable#131 http://www.ibm.com/timex#bi http://ex.org/variable#96	1
http://ex.org/variable#131 http://www.ibm.com/timex#oi http://ex.org/variable#97	1
http://ex.org/variable#131 http://www.ibm.com/timex#oi http://ex.org/variable#98	1
http://ex.org/variable#131 http://www.ibm.com/timex#oi http://ex.org/variable#99	1
http://ex.org/variable#131 http://www.ibm.com/timex#bi http://ex.org/variable#100	1
http://ex.org/variable#131 http://www.ibm.com/timex#oi http://ex.org/variable#101	1
http://ex.org/variable#131 http://www.ibm.com/timex#bi http://ex.org/variable#102	1
http://ex.org/variable#131 http://www.ibm.com/timex#bi http://ex.org/variable#103	1
http://ex.org/variable#131 http://www.ibm.com/timex#di http://ex.org/variable#104	1
http://ex.org/variable#131 http://www.ibm.com/timex#oi http://ex.org/variable#105	1
http://ex.org/variable#131 http://www.ibm.com/timex#oi http://ex.org/variable#106	1
http://ex.org/variable#131 http://www.ibm.com/timex#bi http://ex.org/variable#107	1
http://ex.org/variable#131 http://www.ibm.com/timex#bi http://ex.org/variable#108	1
http://ex.org/variable#131 http://www.ibm.com/timex#bi http://ex.org/variable#109	1
http://ex.org/variable#131 http://www.ibm.com/timex#oi http://ex.org/variable#110	1
http://ex.org/variable#131 http://www.ibm.com/timex#bi http://ex.org/variable#111	1
http://ex.org/variable#131 http://www.ibm.com/timex#bi http://ex.org/variable#112	1
http://ex.org/variable#131 http://www.ibm.com/timex#bi http://ex.org/variable#113	1
http://ex.org/variable#131 http://www.ibm.com/timex#oi http://ex.org/variable#114	1
http://ex.org/variable#131 http://www.ibm.com/timex#di http://ex.org/variable#115	1
http://ex.org/variable#131 http://www.ibm.com/timex#bi http://ex.org/variable#116	1
http://ex.org/variable#131 http://www.ibm.com/timex#bi http://ex.org/variable#117	1
http://ex.org/variable#131 http://www.ibm.com/timex#bi http://ex.org/variable#118	1
http://ex.org/variable#131 http://www.ibm.com/timex#oi http://ex.org/variable#119	1
http://ex.org/variable#131 http://www.ibm.com/timex#bi http://ex.org/variable#120	1
http://ex.org/variable#131 http://www.ibm.com/timex#di http://ex.org/variable#121	1
http://ex.org/variable#131 http://www.ibm.com/timex#oi http://ex.org/variable#122	1
http://ex.org/variable#131 http://www.ibm.com/timex#oi http://ex.org/variable#123	1
http://ex.org/variable#131 http://www.ibm.com/timex#bi http://ex.org/variable#124	1
http://ex.org/variable#131 http://www.ibm.com/timex#bi http://ex.org/variable#125	1
http://ex.org/variable#131 http://www.ibm.com/timex#oi http://ex.org/variable#126	1
http://ex.org/variable#131 http://www.ibm.com/timex#oi http://ex.org/variable#127	1
http://ex.org/variable#131 http://www.ibm.com/timex#oi http://ex.org/variable#128	1
http://ex.org/variable#131 http://www.ibm.com/timex#bi http://ex.org/variable#129	1
http://ex.org/variable#131 http://www.ibm.com/timex#bi http://ex.org/variable#130	1
http://ex.org/variable#131 http://www.ibm.com/timex#oi http://ex.org/variable#132	1
http://ex.org/variable#131 http://www.ibm.com/timex#d http://ex.org/variable#133	1
http://ex.org/variable#131 http://www.ibm.com/timex#bi http://ex.org/variable#134	1
http://ex.org/variable#131 http://www.ibm.com/timex#oi_f http://ex.org/variable#135	1
http://ex.org/variable#131 http://www.ibm.com/timex#d http://ex.org/variable#136	1
http://ex.org/variable#131 http://www.ibm.com/timex#bi http://ex.org/variable#137	1
http://ex.org/variable#131 http://www.ibm.com/timex#oi http://ex.org/variable#138	1
http://ex.org/variable#131 http://www.ibm.com/timex#bi http://ex.org/variable#139	1
http://ex.org/variable#131 http://www.ibm.com/timex#bi http://ex.org/variable#140	1
http://ex.org/variable#131 http://www.ibm.com/timex#oi_d_f http://ex.org/variable#141	1
http://ex.org/variable#131 http://www.ibm.com/timex#bi http://ex.org/variable#142	1
http://ex.org/variable#131 http://www.ibm.com/timex#oi http://ex.org/variable#143	1
http://ex.org/variable#131 http://www.ibm.com/timex#oi http://ex.org/variable#144	1
http://ex.org/variable#131 http://www.ibm.com/timex#oi http://ex.org/variable#145	1
http://ex.org/variable#131 http://www.ibm.com/timex#d http://ex.org/variable#146	1
http://ex.org/variable#131 http://www.ibm.com/timex#bi http://ex.org/variable#147	1
http://ex.org/variable#131 http://www.ibm.com/timex#oi http://ex.org/variable#148	1
http://ex.org/variable#131 http://www.ibm.com/timex#bi http://ex.org/variable#149	1
http://ex.org/variable#131 http://www.ibm.com/timex#d http://ex.org/variable#150	1
http://ex.org/variable#131 http://www.ibm.com/timex#oi http://ex.org/variable#151	1
http://ex.org/variable#131 http://www.ibm.com/timex#bi http://ex.org/variable#152	1
http://ex.org/variable#131 http://www.ibm.com/timex#oi http://ex.org/variable#153	1
http://ex.org/variable#131 http://www.ibm.com/timex#bi http://ex.org/variable#154	1
http://ex.org/variable#131 http://www.ibm.com/timex#bi http://ex.org/variable#155	1
http://ex.org/variable#131 http://www.ibm.com/timex#oi http://ex.org/variable#156	1
http://ex.org/variable#131 http://www.ibm.com/timex#bi http://ex.org/variable#157	1
http://ex.org/variable#131 http://www.ibm.com/timex#bi http://ex.org/variable#158	1
http://ex.org/variable#131 http://www.ibm.com/timex#f http://ex.org/variable#159	1
http://ex.org/variable#131 http://www.ibm.com/timex#oi http://ex.org/variable#160	1
http://ex.org/variable#131 http://www.ibm.com/timex#bi http://ex.org/variable#161	1
http://ex.org/variable#131 http://www.ibm.com/timex#bi http://ex.org/variable#162	1
http://ex.org/variable#131 http://www.ibm.com/timex#oi http://ex.org/variable#163	1
http://ex.org/variable#131 http://www.ibm.com/timex#oi http://ex.org/variable#164	1
http://ex.org/variable#131 http://www.ibm.com/timex#bi http://ex.org/variable#165	1
http://ex.org/variable#131 http://www.ibm.com/timex#bi http://ex.org/variable#166	1
http://ex.org/variable#131 http://www.ibm.com/timex#bi http://ex.org/variable#167	1
http://ex.org/variable#131 http://www.ibm.com/timex#oi http://ex.org/variable#168	1
http://ex.org/variable#131 http://www.ibm.com/timex#oi http://ex.org/variable#169	1
http://ex.org/variable#131 http://www.ibm.com/timex#oi http://ex.org/variable#170	1
http://ex.org/variable#131 http://www.ibm.com/timex#bi http://ex.org/variable#171	1
http://ex.org/variable#131 http://www.ibm.com/timex#bi http://ex.org/variable#172	1
http://ex.org/variable#131 http://www.ibm.com/timex#bi_mi http://ex.org/variable#173	1
http://ex.org/variable#131 http://www.ibm.com/timex#oi http://ex.org/variable#174	1
http://ex.org/variable#131 http://www.ibm.com/timex#bi http://ex.org/variable#175	1
http://ex.org/variable#131 http://www.ibm.com/timex#f http://ex.org/variable#176	1
http://ex.org/variable#131 http://www.ibm.com/timex#oi http://ex.org/variable#177	1
http://ex.org/variable#131 http://www.ibm.com/timex#d http://ex.org/variable#178	1
http://ex.org/variable#131 http://www.ibm.com/timex#oi http://ex.org/variable#179	1
http://ex.org/variable#131 http://www.ibm.com/timex#bi http://ex.org/variable#180	1
http://ex.org/variable#131 http://www.ibm.com/timex#bi http://ex.org/variable#181	1
http://ex.org/variable#131 http://www.ibm.com/timex#bi http://ex.org/variable#182	1
http://ex.org/variable#131 http://www.ibm.com/timex#oi http://ex.org/variable#183	1
http://ex.org/variable#131 http://www.ibm.com/timex#bi http://ex.org/variable#184	1
http://ex.org/variable#131 http://www.ibm.com/timex#oi http://ex.org/variable#185	1
http://ex.org/variable#131 http://www.ibm.com/timex#oi http://ex.org/variable#186	1
http://ex.org/variable#131 http://www.ibm.com/timex#oi http://ex.org/variable#187	1
http://ex.org/variable#131 http://www.ibm.com/timex#bi_mi_oi http://ex.org/variable#188	1
http://ex.org/variable#131 http://www.ibm.com/timex#bi http://ex.org/variable#189	1
http://ex.org/variable#132 http://www.ibm.com/timex#o http://ex.org/variable#0	1
http://ex.org/variable#132 http://www.ibm.com/timex#o http://ex.org/variable#1	1
http://ex.org/variable#132 http://www.ibm.com/timex#o http://ex.org/variable#2	1
http://ex.org/variable#132 http://www.ibm.com/timex#di http://ex.org/variable#3	1
http://ex.org/variable#132 http://www.ibm.com/timex#o http://ex.org/variable#4	1
http://ex.org/variable#132 http://www.ibm.com/timex#di http://ex.org/variable#5	1
http://ex.org/variable#132 http://www.ibm.com/timex#di http://ex.org/variable#6	1
http://ex.org/variable#132 http://www.ibm.com/timex#o http://ex.org/variable#7	1
http://ex.org/variable#132 http://www.ibm.com/timex#oi http://ex.org/variable#8	1
http://ex.org/variable#132 http://www.ibm.com/timex#o http://ex.org/variable#9	1
http://ex.org/variable#132 http://www.ibm.com/timex#di http://ex.org/variable#10	1
http://ex.org/variable#132 http://www.ibm.com/timex#o_di_fi http://ex.org/variable#11	1
http://ex.org/variable#132 http://www.ibm.com/timex#d http://ex.org/variable#12	1
http://ex.org/variable#132 http://www.ibm.com/timex#di http://ex.org/variable#13	1
http://ex.org/variable#132 http://www.ibm.com/timex#di http://ex.org/variable#14	1
http://ex.org/variable#132 http://www.ibm.com/timex#di http://ex.org/variable#15	1
http://ex.org/variable#132 http://www.ibm.com/timex#di http://ex.org/variable#16	1
http://ex.org/variable#132 http://www.ibm.com/timex#di http://ex.org/variable#17	1
http://ex.org/variable#132 http://www.ibm.com/timex#di http://ex.org/variable#18	1
http://ex.org/variable#132 http://www.ibm.com/timex#di http://ex.org/variable#19	1
http://ex.org/variable#132 http://www.ibm.com/timex#d http://ex.org/variable#20	1
http://ex.org/variable#132 http://www.ibm.com/timex#di_fi http://ex.org/variable#21	1
http://ex.org/variable#132 http://www.ibm.com/timex#o http://ex.org/variable#22	1
http://ex.org/variable#132 http://www.ibm.com/timex#di http://ex.org/variable#23	1
http://ex.org/variable#132 http://www.ibm.com/timex#d http://ex.org/variable#24	1
http://ex.org/variable#132 http://www.ibm.com/timex#oi http://ex.org/variable#25	1
http://ex.org/variable#132 http://www.ibm.com/timex#di http://ex.org/variable#26	1
http://ex.org/variable#132 http://www.ibm.com/timex#oi http://ex.org/variable#27	1
http://ex.org/variable#132 http://www.ibm.com/timex#di http://ex.org/variable#28	1
http://ex.org/variable#132 http://www.ibm.com/timex#di http://ex.org/variable#29	1
http://ex.org/variable#132 http://www.ibm.com/timex#di http://ex.org/variable#30	1
http://ex.org/variable#132 http://www.ibm.com/timex#oi http://ex.org/variable#31	1
http://ex.org/variable#132 http://www.ibm.com/timex#oi http://ex.org/variable#32	1
http://ex.org/variable#132 http://www.ibm.com/timex#o http://ex.org/variable#33	1
http://ex.org/variable#132 http://www.ibm.com/timex#di http://ex.org/variable#34	1
http://ex.org/variable#132 http://www.ibm.com/timex#di http://ex.org/variable#35	1
http://ex.org/variable#132 http://www.ibm.com/timex#oi http://ex.org/variable#36	1
http://ex.org/variable#132 http://www.ibm.com/timex#di http://ex.org/variable#37	1
http://ex.org/variable#132 http://www.ibm.com/timex#di http://ex.org/variable#38	1
http://ex.org/variable#132 http://www.ibm.com/timex#di http://ex.org/variable#39	1
http://ex.org/variable#132 http://www.ibm.com/timex#oi http://ex.org/variable#40	1
http://ex.org/variable#132 http://www.ibm.com/timex#di http://ex.org/variable#41	1
http://ex.org/variable#132 http://www.ibm.com/timex#o http://ex.org/variable#42	1
http://ex.org/variable#132 http://www.ibm.com/timex#oi http://ex.org/variable#43	1
http://ex.org/variable#132 http://www.ibm.com/timex#di http://ex.org/variable#44	1
http://ex.org/variable#132 http://www.ibm.com/timex#o http://ex.org/variable#45	1
http://ex.org/variable#132 http://www.ibm.com/timex#oi http://ex.org/variable#46	1
http://ex.org/variable#132 http://www.ibm.com/timex#oi http://ex.org/variable#47	1
http://ex.org/variable#132 http://www.ibm.com/timex#di http://ex.org/variable#48	1
http://ex.org/variable#132 http://www.ibm.com/timex#oi http://ex.org/variable#49	1
http://ex.org/variable#132 http://www.ibm.com/timex#o http://ex.org/variable#50	1
http://ex.org/variable#132 http://www.ibm.com/timex#di http://ex.org/variable#51	1
http://ex.org/variable#132 http://www.ibm.com/timex#oi http://ex.org/variable#52	1
http://ex.org/variable#132 http://www.ibm.com/timex#oi http://ex.org/variable#53	1
http://ex.org/variable#132 http://www.ibm.com/timex#di http://ex.org/variable#54	1
http://ex.org/variable#132 http://www.ibm.com/timex#di http://ex.org/variable#55	1
http://ex.org/variable#132 http://www.ibm.com/timex#di http://ex.org/variable#56	1
http://ex.org/variable#132 http://www.ibm.com/timex#oi http://ex.org/variable#57	1
http://ex.org/variable#132 http://www.ibm.com/timex#di http://ex.org/variable#58	1
http://ex.org/variable#132 http://www.ibm.com/timex#o http://ex.org/variable#59	1
http://ex.org/variable#132 http://www.ibm.com/timex#d http://ex.org/variable#60	1
http://ex.org/variable#132 http://www.ibm.com/timex#d http://ex.org/variable#61	1
http://ex.org/variable#132 http://www.ibm.com/timex#o http://ex.org/variable#62	1
http://ex.org/variable#132 http://www.ibm.com/timex#oi http://ex.org/variable#63	1
http://ex.org/variable#132 http://www.ibm.com/timex#oi_d_f http://ex.org/variable#64	1
http://ex.org/variable#132 http://www.ibm.com/timex#di http://ex.org/variable#65	1
http://ex.org/variable#132 http://www.ibm.com/timex#oi http://ex.org/variable#66	1
http://ex.org/variable#132 http://www.ibm.com/timex#o http://ex.org/variable#67	1
http://ex.org/variable#132 http://www.ibm.com/timex#o http://ex.org/variable#68	1
http://ex.org/variable#132 http://www.ibm.com/timex#di http://ex.org/variable#69	1
http://ex.org/variable#132 http://www.ibm.com/timex#o http://ex.org/variable#70	1
http://ex.org/variable#132 http://www.ibm.com/timex#di http://ex.org/variable#71	1
http://ex.org/variable#132 http://www.ibm.com/timex#di http://ex.org/variable#72	1
http://ex.org/variable#132 http://www.ibm.com/timex#di http://ex.org/variable#73	1
http://ex.org/variable#132 http://www.ibm.com/timex#o http://ex.org/variable#74	1
http://ex.org/variable#132 http://www.ibm.com/timex#di http://ex.org/variable#75	1
http://ex.org/variable#132 http://www.ibm.com/timex#di http://ex.org/variable#76	1
http://ex.org/variable#132 http://www.ibm.com/timex#o http://ex.org/variable#77	1
http://ex.org/variable#132 http://www.ibm.com/timex#di http://ex.org/variable#78	1
http://ex.org/variable#132 http://www.ibm.com/timex#oi http://ex.org/variable#79	1
http://ex.org/variable#132 http://www.ibm.com/timex#d http://ex.org/variable#80	1
http://ex.org/variable#132 http://www.ibm.com/timex#oi http://ex.org/variable#81	1
http://ex.org/variable#132 http://www.ibm.com/timex#di http://ex.org/variable#82	1
http://ex.org/variable#132 http://www.ibm.com/timex#d_f http://ex.org/variable#83	1
http://ex.org/variable#132 http://www.ibm.com/timex#di http://ex.org/variable#84	1
http://ex.org/variable#132 http://www.ibm.com/timex#di http://ex.org/variable#85	1
http://ex.org/variable#132 http://www.ibm.com/timex#d http://ex.org/variable#86	1
http://ex.org/variable#132 http://www.ibm.com/timex#o http://ex.org/variable#87	1
http://ex.org/variable#132 http://www.ibm.com/timex#di http://ex.org/variable#88	1
http://ex.org/variable#132 http://www.ibm.com/timex#o http://ex.org/variable#89	1
http://ex.org/variable#132 http://www.ibm.com/timex#di http://ex.org/variable#90	1
http://ex.org/variable#132 http://www.ibm.com/timex#o http://ex.org/variable#91	1
http://ex.org/variable#132 http://www.ibm.com/timex#o http://ex.org/variable#92	1
http://ex.org/variable#132 http://www.ibm.com/timex#di http://ex.org/variable#93	1
http://ex.org/variable#132 http://www.ibm.com/timex#di http://ex.org/variable#94	1
http://ex.org/variable#132 http://www.ibm.com/timex#di http://ex.org/variable#95	1
http://ex.org/variable#132 http://www.ibm.com/timex#di http://ex.org/variable#96	1
http://ex.org/variable#132 http://www.ibm.com/timex#di http://ex.org/variable#97	1
http://ex.org/variable#132 http://www.ibm.com/timex#o http://ex.org/variable#98	1
http://ex.org/variable#132 http://www.ibm.com/timex#di http://ex.org/variable#99	1
http://ex.org/variable#132 http://www.ibm.com/timex#oi http://ex.org/variable#100	1
http://ex.org/variable#132 http://www.ibm.com/timex#o http://ex.org/variable#101	1
http://ex.org/variable#132 http://www.ibm.com/timex#di http://ex.org/variable#102	1
http://ex.org/variable#132 http://www.ibm.com/timex#di http://ex.org/variable#103	1
http://ex.org/variable#132 http://www.ibm.com/timex#m_o_di_fi http://ex.org/variable#104	1
http://ex.org/variable#132 http://www.ibm.com/timex#di http://ex.org/variable#105	1
http://ex.org/variable#132 http://www.ibm.com/timex#d http://ex.org/variable#106	1
http://ex.org/variable#132 http://www.ibm.com/timex#di http://ex.org/variable#107	1
http://ex.org/variable#132 http://www.ibm.com/timex#di http://ex.org/variable#108	1
http://ex.org/variable#132 http://www.ibm.com/timex#di http://ex.org/variable#109	1
http://ex.org/variable#132 http://www.ibm.com/timex#oi_d_f http://ex.org/variable#110	1
http://ex.org/variable#132 http://www.ibm.com/timex#di http://ex.org/variable#111	1
http://ex.org/variable#132 http://www.ibm.com/timex#oi http://ex.org/variable#112	1
http://ex.org/variable#132 http://www.ibm.com/timex#di http://ex.org/variable#113	1
http://ex.org/variable#132 http://www.ibm.com/timex#di http://ex.org/variable#114	1
http://ex.org/variable#132 http://www.ibm.com/timex#di http://ex.org/variable#115	1
http://ex.org/variable#132 http://www.ibm.com/timex#di http://ex.org/variable#116	1
http://ex.org/variable#132 http://www.ibm.com/timex#oi_di_si http://ex.org/variable#117	1
http://ex.org/variable#132 http://www.ibm.com/timex#di http://ex.org/variable#118	1
http://ex.org/variable#132 http://www.ibm.com/timex#d_f http://ex.org/variable#119	1
http://ex.org/variable#132 http://www.ibm.com/timex#di http://ex.org/variable#120	1
http://ex.org/variable#132 http://www.ibm.com/timex#di http://ex.org/variable#121	1
http://ex.org/variable#132 http://www.ibm.com/timex#oi http://ex.org/variable#122	1
http://ex.org/variable#132 http://www.ibm.com/timex#o http://ex.org/variable#123	1
http://ex.org/variable#132 http://www.ibm.com/timex#oi http://ex.org/variable#124	1
http://ex.org/variable#132 http://www.ibm.com/timex#oi http://ex.org/variable#125	1
http://ex.org/variable#132 http://www.ibm.com/timex#di http://ex.org/variable#126	1
http://ex.org/variable#132 http://www.ibm.com/timex#di http://ex.org/variable#127	1
http://ex.org/variable#132 http://www.ibm.com/timex#o http://ex.org/variable#128	1
http://ex.org/variable#132 http://www.ibm.com/timex#oi http://ex.org/variable#129	1
http://ex.org/variable#132 http://www.ibm.com/timex#di http://ex.org/variable#130	1
http://ex.org/variable#132 http://www.ibm.com/timex#o http://ex.org/variable#131	1
http://ex.org/variable#132 http://www.ibm.com/timex#o http://ex.org/variable#133	1
http://ex.org/variable#132 http://www.ibm.com/timex#oi http://ex.org/variable#134	1
http://ex.org/variable#132 http://www.ibm.com/timex#o http://ex.org/variable#135	1
http://ex.org/variable#132 http://www.ibm.com/timex#o http://ex.org/variable#136	1
http://ex.org/variable#132 http://www.ibm.com/timex#di http://ex.org/variable#137	1
http://ex.org/variable#132 http://www.ibm.com/timex#o http://ex.org/variable#138	1
http://ex.org/variable#132 http://www.ibm.com/timex#di http://ex.org/variable#139	1
http://ex.org/variable#132 http://www.ibm.com/timex#di http://ex.org/variable#140	1
http://ex.org/variable#132 http://www.ibm.com/timex#d http://ex.org/variable#141	1
http://ex.org/variable#132 http://www.ibm.com/timex#di http://ex.org/variable#142	1
http://ex.org/variable#132 http://www.ibm.com/timex#o http://ex.org/variable#143	1
http://ex.org/variable#132 http://www.ibm.com/timex#o http://ex.org/variable#144	1
http://ex.org/variable#132 http://www.ibm.com/timex#di http://ex.org/variable#145	1
http://ex.org/variable#132 http://www.ibm.com/timex#o http://ex.org/variable#146	1
http://ex.org/variable#132 http://www.ibm.com/timex#di http://ex.org/variable#147	1
http://ex.org/variable#132 http://www.ibm.com/timex#di http://ex.org/variable#148	1
http://ex.org/variable#132 http://www.ibm.com/timex#oi http://ex.org/variable#149	1
http://ex.org/variable#132 http://www.ibm.com/timex#o http://ex.org/variable#150	1
http://ex.org/variable#132 http://www.ibm.com/timex#o http://ex.org/variable#151	1
http://ex.org/variable#132 http://www.ibm.com/timex#oi_di_si http://ex.org/variable#152	1
http://ex.org/variable#132 http://www.ibm.com/timex#o http://ex.org/variable#153	1
http://ex.org/variable#132 http://www.ibm.com/timex#di http://ex.org/variable#154	1
http://ex.org/variable#132 http://www.ibm.com/timex#oi http://ex.org/variable#155	1
http://ex.org/variable#132 http://www.ibm.com/timex#di http://ex.org/variable#156	1
http://ex.org/variable#132 http://www.ibm.com/timex#di http://ex.org/variable#157	1
http://ex.org/variable#132 http://www.ibm.com/timex#di http://ex.org/variable#158	1
http://ex.org/variable#132 http://www.ibm.com/timex#o http://ex.org/variable#159	1
http://ex.org/variable#132 http://www.ibm.com/timex#di http://ex.org/variable#160	1
http://ex.org/variable#132 http://www.ibm.com/timex#di http://ex.org/variable#161	1
http://ex.org/variable#132 http://www.ibm.com/timex#di http://ex.org/variable#162	1
http://ex.org/variable#132 http://www.ibm.com/timex#di http://ex.org/variable#163	1
http://ex.org/variable#132 http://www.ibm.com/timex#o http://ex.org/variable#164	1
http://ex.org/variable#132 http://www.ibm.com/timex#di http://ex.org/variable#165	1
http://ex.org/variable#132 http://www.ibm.com/timex#oi http://ex.org/variable#166	1
http://ex.org/variable#132 http://www.ibm.com/timex#oi http://ex.org/variable#167	1
http://ex.org/variable#132 http://www.ibm.com/timex#o http://ex.org/variable#168	1
http://ex.org/variable#132 http://www.ibm.com/timex#oi_f http://ex.org/variable#169	1
http://ex.org/variable#132 http://www.ibm.com/timex#o http://ex.org/variable#170	1
http://ex.org/variable#132 http://www.ibm.com/timex#oi http://ex.org/variable#171	1
http://ex.org/variable#132 http://www.ibm.com/timex#oi http://ex.org/variable#172	1
http://ex.org/variable#132 http://www.ibm.com/timex#di http://ex.org/variable#173	1
http://ex.org/variable#132 http://www.ibm.com/timex#di http://ex.org/variable#174	1
http://ex.org/variable#132 http://www.ibm.com/timex#oi_di http://ex.org/variable#175	1
http://ex.org/variable#132 http://www.ibm.com/timex#o http://ex.org/variable#176	1
http://ex.org/variable#132 http://www.ibm.com/timex#di http://ex.org/variable#177	1
http://ex.org/variable#132 http://www.ibm.com/timex#o http://ex.org/variable#178	1
http://ex.org/variable#132 http://www.ibm.com/timex#o_fi http://ex.org/variable#179	1
http://ex.org/variable#132 http://www.ibm.com/timex#di http://ex.org/variable#180	1
http://ex.org/variable#132 http://www.ibm.com/timex#oi http://ex.org/variable#181	1
http://ex.org/variable#132 http://www.ibm.com/timex#di http://ex.org/variable#182	1
http://ex.org/variable#132 http://www.ibm.com/timex#o_fi http://ex.org/variable#183	1
http://ex.org/variable#132 http://www.ibm.com/timex#di http://ex.org/variable#184	1
http://ex.org/variable#132 http://www.ibm.com/timex#di http://ex.org/variable#185	1
http://ex.org/variable#132 http://www.ibm.com/timex#di http://ex.org/variable#186	1
http://ex.org/variable#132 http://www.ibm.com/timex#oi http://ex.org/variable#187	1
http://ex.org/variable#132 http://www.ibm.com/timex#di http://ex.org/variable#188	1
http://ex.org/variable#132 http://www.ibm.com/timex#di http://ex.org/variable#189	1
http://ex.org/variable#133 http://www.ibm.com/timex#oi http://ex.org/variable#0	1
http://ex.org/variable#133 http://www.ibm.com/timex#di http://ex.org/variable#1	1
http://ex.org/variable#133 http://www.ibm.com/timex#oi http://ex.org/variable#2	1
http://ex.org/variable#133 http://www.ibm.com/timex#di http://ex.org/variable#3	1
http://ex.org/variable#133 http://www.ibm.com/timex#oi http://ex.org/variable#4	1
http://ex.org/variable#133 http://www.ibm.com/timex#oi http://ex.org/variable#5	1
http://ex.org/variable#133 http://www.ibm.com/timex#di http://ex.org/variable#6	1
http://ex.org/variable#133 http://www.ibm.com/timex#oi http://ex.org/variable#7	1
http://ex.org/variable#133 http://www.ibm.com/timex#bi http://ex.org/variable#8	1
http://ex.org/variable#133 http://www.ibm.com/timex#o_di_fi http://ex.org/variable#9	1
http://ex.org/variable#133 http://www.ibm.com/timex#oi http://ex.org/variable#10	1
http://ex.org/variable#133 http://www.ibm.com/timex#oi http://ex.org/variable#11	1
http://ex.org/variable#133 http://www.ibm.com/timex#oi http://ex.org/variable#12	1
http://ex.org/variable#133 http://www.ibm.com/timex#oi http://ex.org/variable#13	1
http://ex.org/variable#133 http://www.ibm.com/timex#di http://ex.org/variable#14	1
http://ex.org/variable#133 http://www.ibm.com/timex#oi http://ex.org/variable#15	1
http://ex.org/variable#133 http://www.ibm.com/timex#oi http://ex.org/variable#16	1
http://ex.org/variable#133 http://www.ibm.com/timex#di http://ex.org/variable#17	1
http://ex.org/variable#133 http://www.ibm.com/timex#oi http://ex.org/variable#18	1
http://ex.org/variable#133 http://www.ibm.com/timex#oi http://ex.org/variable#19	1
http://ex.org/variable#133 http://www.ibm.com/timex#oi_d_f http://ex.org/variable#20	1
http://ex.org/variable#133 http://www.ibm.com/timex#di http://ex.org/variable#21	1
http://ex.org/variable#133 http://www.ibm.com/timex#oi http://ex.org/variable#22	1
http://ex.org/variable#133 http://www.ibm.com/timex#oi http://ex.org/variable#23	1
http://ex.org/variable#133 http://www.ibm.com/timex#oi http://ex.org/variable#24	1
http://ex.org/variable#133 http://www.ibm.com/timex#bi http://ex.org/variable#25	1
http://ex.org/variable#133 http://www.ibm.com/timex#di http://ex.org/variable#26	1
http://ex.org/variable#133 http://www.ibm.com/timex#oi http://ex.org/variable#27	1
http://ex.org/variable#133 http://www.ibm.com/timex#di http://ex.org/variable#28	1
http://ex.org/variable#133 http://www.ibm.com/timex#oi http://ex.org/variable#29	1
http://ex.org/variable#133 http://www.ibm.com/timex#di http://ex.org/variable#30	1
http://ex.org/variable#133 http://www.ibm.com/timex#oi http://ex.org/variable#31	1
http://ex.org/variable#133 http://www.ibm.com/timex#bi_oi http://ex.org/variable#32	1
http://ex.org/variable#133 http://www.ibm.com/timex#o_di_fi http://ex.org/variable#33	1
http://ex.org/variable#133 http://www.ibm.com/timex#oi http://ex.org/variable#34	1
http://ex.org/variable#133 http://www.ibm.com/timex#si http://ex.org/variable#35	1
http://ex.org/variable#133 http://www.ibm.com/timex#oi http://ex.org/variable#36	1
http://ex.org/variable#133 http://www.ibm.com/timex#oi http://ex.org/variable#37	1
http://ex.org/variable#133 http://www.ibm.com/timex#oi http://ex.org/variable#38	1
http://ex.org/variable#133 http://www.ibm.com/timex#di http://ex.org/variable#39	1
http://ex.org/variable#133 http://www.ibm.com/timex#oi http://ex.org/variable#40	1
http://ex.org/variable#133 http://www.ibm.com/timex#oi http://ex.org/variable#41	1
http://ex.org/variable#133 http://www.ibm.com/timex#oi http://ex.org/variable#42	1
http://ex.org/variable#133 http://www.ibm.com/timex#oi http://ex.org/variable#43	1
http://ex.org/variable#133 http://www.ibm.com/timex#oi http://ex.org/variable#44	1
http://ex.org/variable#133 http://www.ibm.com/timex#oi_di http://ex.org/variable#45	1
http://ex.org/variable#133 http://www.ibm.com/timex#oi http://ex.org/variable#46	1
http://ex.org/variable#133 http://www.ibm.com/timex#oi http://ex.org/variable#47	1
http://ex.org/variable#133 http://www.ibm.com/timex#di http://ex.org/variable#48	1
http://ex.org/variable#133 http://www.ibm.com/timex#oi http://ex.org/variable#49	1
http://ex.org/variable#133 http://www.ibm.com/timex#oi http://ex.org/variable#50	1
http://ex.org/variable#133 http://www.ibm.com/timex#di http://ex.org/variable#51	1
http://ex.org/variable#133 http://www.ibm.com/timex#oi http://ex.org/variable#52	1
http://ex.org/variable#133 http://www.ibm.com/timex#oi http://ex.org/variable#53	1
http://ex.org/variable#133 http://www.ibm.com/timex#oi http://ex.org/variable#54	1
http://ex.org/variable#133 http://www.ibm.com/timex#oi http://ex.org/variable#55	1
http://ex.org/variable#133 http://www.ibm.com/timex#oi http://ex.org/variable#56	1
http://ex.org/variable#133 http://www.ibm.com/timex#oi http://ex.org/variable#57	1
http://ex.org/variable#133 http://www.ibm.com/timex#oi http://ex.org/variable#58	1
http://ex.org/variable#133 http://www.ibm.com/timex#oi_d_f http://ex.org/variable#59	1
http://ex.org/variable#133 http://www.ibm.com/timex#oi http://ex.org/variable#60	1
http://ex.org/variable#133 http://www.ibm.com/timex#oi http://ex.org/variable#61	1
http://ex.org/variable#133 http://www.ibm.com/timex#oi http://ex.org/variable#62	1
http://ex.org/variable#133 http://www.ibm.com/timex#oi http://ex.org/variable#63	1
http://ex.org/variable#133 http://www.ibm.com/timex#oi http://ex.org/variable#64	1
http://ex.org/variable#133 http://www.ibm.com/timex#bi http://ex.org/variable#65	1
http://ex.org/variable#133 http://www.ibm.com/timex#oi http://ex.org/variable#66	1
http://ex.org/variable#133 http://www.ibm.com/timex#oi http://ex.org/variable#67	1
http://ex.org/variable#133 http://www.ibm.com/timex#oi http://ex.org/variable#68	1
http://ex.org/variable#133 http://www.ibm.com/timex#oi http://ex.org/variable#69	1
http://ex.org/variable#133 http://www.ibm.com/timex#oi_d http://ex.org/variable#70	1
http://ex.org/variable#133 http://www.ibm.com/timex#oi http://ex.org/variable#71	1
http://ex.org/variable#133 http://www.ibm.com/timex#oi http://ex.org/variable#72	1
http://ex.org/variable#133 http://www.ibm.com/timex#oi http://ex.org/variable#73	1
http://ex.org/variable#133 http://www.ibm.com/timex#oi http://ex.org/variable#74	1
http://ex.org/variable#133 http://www.ibm.com/timex#oi http://ex.org/variable#75	1
http://ex.org/variable#133 http://www.ibm.com/timex#oi http://ex.org/variable#76	1
http://ex.org/variable#133 http://www.ibm.com/timex#oi_d_f http://ex.org/variable#77	1
http://ex.org/variable#133 http://www.ibm.com/timex#oi http://ex.org/variable#78	1
http://ex.org/variable#133 http://www.ibm.com/timex#oi http://ex.org/variable#79	1
http://ex.org/variable#133 http://www.ibm.com/timex#oi http://ex.org/variable#80	1
http://ex.org/variable#133 http://www.ibm.com/timex#oi http://ex.org/variable#81	1
http://ex.org/variable#133 http://www.ibm.com/timex#oi http://ex.org/variable#82	1
http://ex.org/variable#133 http://www.ibm.com/timex#oi http://ex.org/variable#83	1
http://ex.org/variable#133 http://www.ibm.com/timex#di http://ex.org/variable#84	1
http://ex.org/variable#133 http://www.ibm.com/timex#di http://ex.org/variable#85	1
http://ex.org/variable#133 http://www.ibm.com/timex#oi http://ex.org/variable#86	1
http://ex.org/variable#133 http://www.ibm.com/timex#di http://ex.org/variable#87	1
http://ex.org/variable#133 http://www.ibm.com/timex#di http://ex.org/variable#88	1
http://ex.org/variable#133 http://www.ibm.com/timex#oi http://ex.org/variable#89	1
http://ex.org/variable#133 http://www.ibm.com/timex#oi http://ex.org/variable#90	1
http://ex.org/variable#133 http://www.ibm.com/timex#oi http://ex.org/variable#91	1
http://ex.org/variable#133 http://www.ibm.com/timex#o_di_fi http://ex.org/variable#92	1
http://ex.org/variable#133 http://www.ibm.com/timex#oi http://ex.org/variable#93	1
http://ex.org/variable#133 http://www.ibm.com/timex#oi http://ex.org/variable#94	1
http://ex.org/variable#133 http://www.ibm.com/timex#di http://ex.org/variable#95	1
http://ex.org/variable#133 http://www.ibm.com/timex#bi http://ex.org/variable#96	1
http://ex.org/variable#133 http://www.ibm.com/timex#oi http://ex.org/variable#97	1
http://ex.org/variable#133 http://www.ibm.com/timex#di http://ex.org/variable#98	1
http://ex.org/variable#133 http://www.ibm.com/timex#di http://ex.org/variable#99	1
http://ex.org/variable#133 http://www.ibm.com/timex#bi http://ex.org/variable#100	1
http://ex.org/variable#133 http://www.ibm.com/timex#oi http://ex.org/variable#101	1
http://ex.org/variable#133 http://www.ibm.com/timex#di http://ex.org/variable#102	1
http://ex.org/variable#133 http://www.ibm.com/timex#oi http://ex.org/variable#103	1
http://ex.org/variable#133 http://www.ibm.com/timex#di http://ex.org/variable#104	1
http://ex.org/variable#133 http://www.ibm.com/timex#oi http://ex.org/variable#105	1
http://ex.org/variable#133 http://www.ibm.com/timex#oi http://ex.org/variable#106	1
http://ex.org/variable#133 http://www.ibm.com/timex#oi http://ex.org/variable#107	1
http://ex.org/variable#133 http://www.ibm.com/timex#oi_di_si http://ex.org/variable#108	1
http://ex.org/variable#133 http://www.ibm.com/timex#di http://ex.org/variable#109	1
http://ex.org/variable#133 http://www.ibm.com/timex#oi http://ex.org/variable#110	1
http://ex.org/variable#133 http://www.ibm.com/timex#oi http://ex.org/variable#111	1
http://ex.org/variable#133 http://www.ibm.com/timex#oi http://ex.org/variable#112	1
http://ex.org/variable#133 http://www.ibm.com/timex#di http://ex.org/variable#113	1
http://ex.org/variable#133 http://www.ibm.com/timex#oi http://ex.org/variable#114	1
http://ex.org/variable#133 http://www.ibm.com/timex#di http://ex.org/variable#115	1
http://ex.org/variable#133 http://www.ibm.com/timex#di http://ex.org/variable#116	1
http://ex.org/variable#133 http://www.ibm.com/timex#oi http://ex.org/variable#117	1
http://ex.org/variable#133 http://www.ibm.com/timex#oi http://ex.org/variable#118	1
http://ex.org/variable#133 http://www.ibm.com/timex#oi http://ex.org/variable#119	1
http://ex.org/variable#133 http://www.ibm.com/timex#oi http://ex.org/variable#120	1
http://ex.org/variable#133 http://www.ibm.com/timex#di http://ex.org/variable#121	1
http://ex.org/variable#133 http://www.ibm.com/timex#oi http://ex.org/variable#122	1
http://ex.org/variable#133 http://www.ibm.com/timex#oi http://ex.org/variable#123	1
http://ex.org/variable#133 http://www.ibm.com/timex#oi http://ex.org/variable#124	1
http://ex.org/variable#133 http://www.ibm.com/timex#oi http://ex.org/variable#125	1
http://ex.org/variable#133 http://www.ibm.com/timex#di http://ex.org/variable#126	1
http://ex.org/variable#133 http://www.ibm.com/timex#di http://ex.org/variable#127	1
http://ex.org/variable#133 http://www.ibm.com/timex#oi http://ex.org/variable#128	1
http://ex.org/variable#133 http://www.ibm.com/timex#oi http://ex.org/variable#129	1
http://ex.org/variable#133 http://www.ibm.com/timex#oi http://ex.org/variable#130	1
http://ex.org/variable#133 http://www.ibm.com/timex#di http://ex.org/variable#131	1
http://ex.org/variable#133 http://www.ibm.com/timex#oi http://ex.org/variable#132	1
http://ex.org/variable#133 http://www.ibm.com/timex#oi http://ex.org/variable#134	1
http://ex.org/variable#133 http://www.ibm.com/timex#oi http://ex.org/variable#135	1
http://ex.org/variable#133 http://www.ibm.com/timex#oi http://ex.org/variable#136	1
http://ex.org/variable#133 http://www.ibm.com/timex#oi http://ex.org/variable#137	1
http://ex.org/variable#133 http://www.ibm.com/timex#di http://ex.org/variable#138	1
http://ex.org/variable#133 http://www.ibm.com/timex#oi http://ex.org/variable#139	1
http://ex.org/variable#133 http://www.ibm.com/timex#oi http://ex.org/variable#140	1
http://ex.org/variable#133 http://www.ibm.com/timex#oi http://ex.org/variable#141	1
http://ex.org/variable#133 http://www.ibm.com/timex#oi http://ex.org/variable#142	1
http://ex.org/variable#133 http://www.ibm.com/timex#oi http://ex.org/variable#143	1
http://ex.org/variable#133 http://www.ibm.com/timex#oi http://ex.org/variable#144	1
http://ex.org/variable#133 http://www.ibm.com/timex#di http://ex.org/variable#145	1
http://ex.org/variable#133 http://www.ibm.com/timex#oi http://ex.org/variable#146	1
http://ex.org/variable#133 http://www.ibm.com/timex#oi http://ex.org/variable#147	1
http://ex.org/variable#133 http://www.ibm.com/timex#oi http://ex.org/variable#148	1
http://ex.org/variable#133 http://www.ibm.com/timex#bi_mi_oi http://ex.org/variable#149	1
http://ex.org/variable#133 http://www.ibm.com/timex#di http://ex.org/variable#150	1
http://ex.org/variable#133 http://www.ibm.com/timex#oi http://ex.org/variable#151	1
http://ex.org/variable#133 http://www.ibm.com/timex#bi http://ex.org/variable#152	1
http://ex.org/variable#133 http://www.ibm.com/timex#oi http://ex.org/variable#153	1
http://ex.org/variable#133 http://www.ibm.com/timex#oi_di http://ex.org/variable#154	1
http://ex.org/variable#133 http://www.ibm.com/timex#oi http://ex.org/variable#155	1
http://ex.org/variable#133 http://www.ibm.com/timex#oi http://ex.org/variable#156	1
http://ex.org/variable#133 http://www.ibm.com/timex#bi http://ex.org/variable#157	1
http://ex.org/variable#133 http://www.ibm.com/timex#oi http://ex.org/variable#158	1
http://ex.org/variable#133 http://www.ibm.com/timex#oi_di_si http://ex.org/variable#159	1
http://ex.org/variable#133 http://www.ibm.com/timex#oi http://ex.org/variable#160	1
http://ex.org/variable#133 http://www.ibm.com/timex#oi http://ex.org/variable#161	1
http://ex.org/variable#133 http://www.ibm.com/timex#oi http://ex.org/variable#162	1
http://ex.org/variable#133 http://www.ibm.com/timex#di http://ex.org/variable#163	1
http://ex.org/variable#133 http://www.ibm.com/timex#oi_di_si http://ex.org/variable#164	1
http://ex.org/variable#133 http://www.ibm.com/timex#oi http://ex.org/variable#165	1
http://ex.org/variable#133 http://www.ibm.com/timex#oi http://ex.org/variable#166	1
http://ex.org/variable#133 http://www.ibm.com/timex#oi http://ex.org/variable#167	1
http://ex.org/variable#133 http://www.ibm.com/timex#di http://ex.org/variable#168	1
http://ex.org/variable#133 http://www.ibm.com/timex#oi http://ex.org/variable#169	1
http://ex.org/variable#133 http://www.ibm.com/timex#di http://ex.org/variable#170	1
http://ex.org/variable#133 http://www.ibm.com/timex#oi http://ex.org/variable#171	1
http://ex.org/variable#133 http://www.ibm.com/timex#bi http://ex.org/variable#172	1
http://ex.org/variable#133 http://www.ibm.com/timex#di http://ex.org/variable#173	1
http://ex.org/variable#133 http://www.ibm.com/timex#di http://ex.org/variable#174	1
http://ex.org/variable#133 http://www.ibm.com/timex#oi http://ex.org/variable#175	1
http://ex.org/variable#133 http://www.ibm.com/timex#oi_di_si http://ex.org/variable#176	1
http://ex.org/variable#133 http://www.ibm.com/timex#oi http://ex.org/variable#177	1
http://ex.org/variable#133 http://www.ibm.com/timex#oi_d_f http://ex.org/variable#178	1
http://ex.org/variable#133 http://www.ibm.com/timex#oi_di_si http://ex.org/variable#179	1
http://ex.org/variable#133 http://www.ibm.com/timex#bi http://ex.org/variable#180	1
http://ex.org/variable#133 http://www.ibm.com/timex#bi http://ex.org/variable#181	1
http://ex.org/variable#133 http://www.ibm.com/timex#di http://ex.org/variable#182	1
http://ex.org/variable#133 http://www.ibm.com/timex#di http://ex.org/variable#183	1
http://ex.org/variable#133 http://www.ibm.com/timex#oi http://ex.org/variable#184	1
http://ex.org/variable#133 http://www.ibm.com/timex#oi http://ex.org/variable#185	1
http://ex.org/variable#133 http://www.ibm.com/timex#di http://ex.org/variable#186	1
http://ex.org/variable#133 http://www.ibm.com/timex#oi http://ex.org/variable#187	1
http://ex.org/variable#133 http://www.ibm.com/timex#di http://ex.org/variable#188	1
http://ex.org/variable#133 http://www.ibm.com/timex#oi_di_si http://ex.org/variable#189	1
http://ex.org/variable#134 http://www.ibm.com/timex#o http://ex.org/variable#0	1
http://ex.org/variable#134 http://www.ibm.com/timex#b http://ex.org/variable#1	1
http://ex.org/variable#134 http://www.ibm.com/timex#o http://ex.org/variable#2	1
http://ex.org/variable#134 http://www.ibm.com/timex#o http://ex.org/variable#3	1
http://ex.org/variable#134 http://www.ibm.com/timex#o http://ex.org/variable#4	1
http://ex.org/variable#134 http://www.ibm.com/timex#di_fi http://ex.org/variable#5	1
http://ex.org/variable#134 http://www.ibm.com/timex#m http://ex.org/variable#6	1
http://ex.org/variable#134 http://www.ibm.com/timex#o http://ex.org/variable#7	1
http://ex.org/variable#134 http://www.ibm.com/timex#di http://ex.org/variable#8	1
http://ex.org/variable#134 http://www.ibm.com/timex#o http://ex.org/variable#9	1
http://ex.org/variable#134 http://www.ibm.com/timex#o http://ex.org/variable#10	1
http://ex.org/variable#134 http://www.ibm.com/timex#o http://ex.org/variable#11	1
http://ex.org/variable#134 http://www.ibm.com/timex#d http://ex.org/variable#12	1
http://ex.org/variable#134 http://www.ibm.com/timex#di http://ex.org/variable#13	1
http://ex.org/variable#134 http://www.ibm.com/timex#o http://ex.org/variable#14	1
http://ex.org/variable#134 http://www.ibm.com/timex#o http://ex.org/variable#15	1
http://ex.org/variable#134 http://www.ibm.com/timex#o http://ex.org/variable#16	1
http://ex.org/variable#134 http://www.ibm.com/timex#b http://ex.org/variable#17	1
http://ex.org/variable#134 http://www.ibm.com/timex#o http://ex.org/variable#18	1
http://ex.org/variable#134 http://www.ibm.com/timex#di http://ex.org/variable#19	1
http://ex.org/variable#134 http://www.ibm.com/timex#o_s http://ex.org/variable#20	1
http://ex.org/variable#134 http://www.ibm.com/timex#b http://ex.org/variable#21	1
http://ex.org/variable#134 http://www.ibm.com/timex#o http://ex.org/variable#22	1
http://ex.org/variable#134 http://www.ibm.com/timex#di http://ex.org/variable#23	1
http://ex.org/variable#134 http://www.ibm.com/timex#o http://ex.org/variable#24	1
http://ex.org/variable#134 http://www.ibm.com/timex#di http://ex.org/variable#25	1
http://ex.org/variable#134 http://www.ibm.com/timex#b http://ex.org/variable#26	1
http://ex.org/variable#134 http://www.ibm.com/timex#oi http://ex.org/variable#27	1
http://ex.org/variable#134 http://www.ibm.com/timex#o http://ex.org/variable#28	1
http://ex.org/variable#134 http://www.ibm.com/timex#o http://ex.org/variable#29	1
http://ex.org/variable#134 http://www.ibm.com/timex#di http://ex.org/variable#30	1
http://ex.org/variable#134 http://www.ibm.com/timex#oi http://ex.org/variable#31	1
http://ex.org/variable#134 http://www.ibm.com/timex#di http://ex.org/variable#32	1
http://ex.org/variable#134 http://www.ibm.com/timex#b http://ex.org/variable#33	1
http://ex.org/variable#134 http://www.ibm.com/timex#o http://ex.org/variable#34	1
http://ex.org/variable#134 http://www.ibm.com/timex#di http://ex.org/variable#35	1
http://ex.org/variable#134 http://www.ibm.com/timex#di http://ex.org/variable#36	1
http://ex.org/variable#134 http://www.ibm.com/timex#di http://ex.org/variable#37	1
http://ex.org/variable#134 http://www.ibm.com/timex#o http://ex.org/variable#38	1
http://ex.org/variable#134 http://www.ibm.com/timex#b http://ex.org/variable#39	1
http://ex.org/variable#134 http://www.ibm.com/timex#o http://ex.org/variable#40	1
http://ex.org/variable#134 http://www.ibm.com/timex#o http://ex.org/variable#41	1
http://ex.org/variable#134 http://www.ibm.com/timex#o http://ex.org/variable#42	1
http://ex.org/variable#134 http://www.ibm.com/timex#o http://ex.org/variable#43	1
http://ex.org/variable#134 http://www.ibm.com/timex#o http://ex.org/variable#44	1
http://ex.org/variable#134 http://www.ibm.com/timex#o http://ex.org/variable#45	1
http://ex.org/variable#134 http://www.ibm.com/timex#d http://ex.org/variable#46	1
http://ex.org/variable#134 http://www.ibm.com/timex#d http://ex.org/variable#47	1
http://ex.org/variable#134 http://www.ibm.com/timex#b http://ex.org/variable#48	1
http://ex.org/variable#134 http://www.ibm.com/timex#oi http://ex.org/variable#49	1
http://ex.org/variable#134 http://www.ibm.com/timex#o http://ex.org/variable#50	1
http://ex.org/variable#134 http://www.ibm.com/timex#b http://ex.org/variable#51	1
http://ex.org/variable#134 http://www.ibm.com/timex#d http://ex.org/variable#52	1
http://ex.org/variable#134 http://www.ibm.com/timex#o http://ex.org/variable#53	1
http://ex.org/variable#134 http://www.ibm.com/timex#o http://ex.org/variable#54	1
http://ex.org/variable#134 http://www.ibm.com/timex#o http://ex.org/variable#55	1
http://ex.org/variable#134 http://www.ibm.com/timex#di http://ex.org/variable#56	1
http://ex.org/variable#134 http://www.ibm.com/timex#d http://ex.org/variable#57	1
http://ex.org/variable#134 http://www.ibm.com/timex#o http://ex.org/variable#58	1
http://ex.org/variable#134 http://www.ibm.com/timex#o http://ex.org/variable#59	1
http://ex.org/variable#134 http://www.ibm.com/timex#o http://ex.org/variable#60	1
http://ex.org/variable#134 http://www.ibm.com/timex#o http://ex.org/variable#61	1
http://ex.org/variable#134 http://www.ibm.com/timex#o http://ex.org/variable#62	1
http://ex.org/variable#134 http://www.ibm.com/timex#o http://ex.org/variable#63	1
http://ex.org/variable#134 http://www.ibm.com/timex#o http://ex.org/variable#64	1
http://ex.org/variable#134 http://www.ibm.com/timex#di http://ex.org/variable#65	1
http://ex.org/variable#134 http://www.ibm.com/timex#oi http://ex.org/variable#66	1
http://ex.org/variable#134 http://www.ibm.com/timex#o http://ex.org/variable#67	1
http://ex.org/variable#134 http://www.ibm.com/timex#o http://ex.org/variable#68	1
http://ex.org/variable#134 http://www.ibm.com/timex#o http://ex.org/variable#69	1
http://ex.org/variable#134 http://www.ibm.com/timex#o http://ex.org/variable#70	1
http://ex.org/variable#134 http://www.ibm.com/timex#o http://ex.org/variable#71	1
http://ex.org/variable#134 http://www.ibm.com/timex#o http://ex.org/variable#72	1
http://ex.org/variable#134 http://www.ibm.com/timex#o http://ex.org/variable#73	1
http://ex.org/variable#134 http://www.ibm.com/timex#o http://ex.org/variable#74	1
http://ex.org/variable#134 http://www.ibm.com/timex#o http://ex.org/variable#75	1
http://ex.org/variable#134 http://www.ibm.com/timex#o http://ex.org/variable#76	1
http://ex.org/variable#134 http://www.ibm.com/timex#o http://ex.org/variable#77	1
http://ex.org/variable#134 http://www.ibm.com/timex#o http://ex.org/variable#78	1
http://ex.org/variable#134 http://www.ibm.com/timex#oi_d http://ex.org/variable#79	1
http://ex.org/variable#134 http://www.ibm.com/timex#d http://ex.org/variable#80	1
http://ex.org/variable#134 http://www.ibm.com/timex#d http://ex.org/variable#81	1
http://ex.org/variable#134 http://www.ibm.com/timex#di http://ex.org/variable#82	1
http://ex.org/variable#134 http://www.ibm.com/timex#d http://ex.org/variable#83	1
http://ex.org/variable#134 http://www.ibm.com/timex#o http://ex.org/variable#84	1
http://ex.org/variable#134 http://www.ibm.com/timex#b http://ex.org/variable#85	1
http://ex.org/variable#134 http://www.ibm.com/timex#d http://ex.org/variable#86	1
http://ex.org/variable#134 http://www.ibm.com/timex#o http://ex.org/variable#87	1
http://ex.org/variable#134 http://www.ibm.com/timex#b http://ex.org/variable#88	1
http://ex.org/variable#134 http://www.ibm.com/timex#o http://ex.org/variable#89	1
http://ex.org/variable#134 http://www.ibm.com/timex#o http://ex.org/variable#90	1
http://ex.org/variable#134 http://www.ibm.com/timex#o http://ex.org/variable#91	1
http://ex.org/variable#134 http://www.ibm.com/timex#o http://ex.org/variable#92	1
http://ex.org/variable#134 http://www.ibm.com/timex#o http://ex.org/variable#93	1
http://ex.org/variable#134 http://www.ibm.com/timex#o http://ex.org/variable#94	1
http://ex.org/variable#134 http://www.ibm.com/timex#di http://ex.org/variable#95	1
http://ex.org/variable#134 http://www.ibm.com/timex#di http://ex.org/variable#96	1
http://ex.org/variable#134 http://www.ibm.com/timex#o http://ex.org/variable#97	1
http://ex.org/variable#134 http://www.ibm.com/timex#b http://ex.org/variable#98	1
http://ex.org/variable#134 http://www.ibm.com/timex#b http://ex.org/variable#99	1
http://ex.org/variable#134 http://www.ibm.com/timex#di http://ex.org/variable#100	1
http://ex.org/variable#134 http://www.ibm.com/timex#o http://ex.org/variable#101	1
http://ex.org/variable#134 http://www.ibm.com/timex#b http://ex.org/variable#102	1
http://ex.org/variable#134 http://www.ibm.com/timex#o http://ex.org/variable#103	1
http://ex.org/variable#134 http://www.ibm.com/timex#b http://ex.org/variable#104	1
http://ex.org/variable#134 http://www.ibm.com/timex#o http://ex.org/variable#105	1
http://ex.org/variable#134 http://www.ibm.com/timex#o http://ex.org/variable#106	1
http://ex.org/variable#134 http://www.ibm.com/timex#o http://ex.org/variable#107	1
http://ex.org/variable#134 http://www.ibm.com/timex#o_di http://ex.org/variable#108	1
http://ex.org/variable#134 http://www.ibm.com/timex#b http://ex.org/variable#109	1
http://ex.org/variable#134 http://www.ibm.com/timex#o http://ex.org/variable#110	1
http://ex.org/variable#134 http://www.ibm.com/timex#o http://ex.org/variable#111	1
http://ex.org/variable#134 http://www.ibm.com/timex#o http://ex.org/variable#112	1
http://ex.org/variable#134 http://www.ibm.com/timex#di http://ex.org/variable#113	1
http://ex.org/variable#134 http://www.ibm.com/timex#o http://ex.org/variable#114	1
http://ex.org/variable#134 http://www.ibm.com/timex#b http://ex.org/variable#115	1
http://ex.org/variable#134 http://www.ibm.com/timex#m http://ex.org/variable#116	1
http://ex.org/variable#134 http://www.ibm.com/timex#di http://ex.org/variable#117	1
http://ex.org/variable#134 http://www.ibm.com/timex#o http://ex.org/variable#118	1
http://ex.org/variable#134 http://www.ibm.com/timex#d http://ex.org/variable#119	1
http://ex.org/variable#134 http://www.ibm.com/timex#di http://ex.org/variable#120	1
http://ex.org/variable#134 http://www.ibm.com/timex#b http://ex.org/variable#121	1
http://ex.org/variable#134 http://www.ibm.com/timex#o http://ex.org/variable#122	1
http://ex.org/variable#134 http://www.ibm.com/timex#o http://ex.org/variable#123	1
http://ex.org/variable#134 http://www.ibm.com/timex#oi http://ex.org/variable#124	1
http://ex.org/variable#134 http://www.ibm.com/timex#f http://ex.org/variable#125	1
http://ex.org/variable#134 http://www.ibm.com/timex#o http://ex.org/variable#126	1
http://ex.org/variable#134 http://www.ibm.com/timex#b http://ex.org/variable#127	1
http://ex.org/variable#134 http://www.ibm.com/timex#o http://ex.org/variable#128	1
http://ex.org/variable#134 http://www.ibm.com/timex#oi http://ex.org/variable#129	1
http://ex.org/variable#134 http://www.ibm.com/timex#di http://ex.org/variable#130	1
http://ex.org/variable#134 http://www.ibm.com/timex#b http://ex.org/variable#131	1
http://ex.org/variable#134 http://www.ibm.com/timex#o http://ex.org/variable#132	1
http://ex.org/variable#134 http://www.ibm.com/timex#o http://ex.org/variable#133	1
http://ex.org/variable#134 http://www.ibm.com/timex#o http://ex.org/variable#135	1
http://ex.org/variable#134 http://www.ibm.com/timex#o http://ex.org/variable#136	1
http://ex.org/variable#134 http://www.ibm.com/timex#fi http://ex.org/variable#137	1
http://ex.org/variable#134 http://www.ibm.com/timex#b http://ex.org/variable#138	1
http://ex.org/variable#134 http://www.ibm.com/timex#di http://ex.org/variable#139	1
http://ex.org/variable#134 http://www.ibm.com/timex#di http://ex.org/variable#140	1
http://ex.org/variable#134 http://www.ibm.com/timex#d http://ex.org/variable#141	1
http://ex.org/variable#134 http://www.ibm.com/timex#o http://ex.org/variable#142	1
http://ex.org/variable#134 http://www.ibm.com/timex#o http://ex.org/variable#143	1
http://ex.org/variable#134 http://www.ibm.com/timex#o http://ex.org/variable#144	1
http://ex.org/variable#134 http://www.ibm.com/timex#b http://ex.org/variable#145	1
http://ex.org/variable#134 http://www.ibm.com/timex#o http://ex.org/variable#146	1
http://ex.org/variable#134 http://www.ibm.com/timex#o http://ex.org/variable#147	1
http://ex.org/variable#134 http://www.ibm.com/timex#o http://ex.org/variable#148	1
http://ex.org/variable#134 http://www.ibm.com/timex#oi http://ex.org/variable#149	1
http://ex.org/variable#134 http://www.ibm.com/timex#b http://ex.org/variable#150	1
http://ex.org/variable#134 http://www.ibm.com/timex#o http://ex.org/variable#151	1
http://ex.org/variable#134 http://www.ibm.com/timex#di http://ex.org/variable#152	1
http://ex.org/variable#134 http://www.ibm.com/timex#o http://ex.org/variable#153	1
http://ex.org/variable#134 http://www.ibm.com/timex#fi http://ex.org/variable#154	1
http://ex.org/variable#134 http://www.ibm.com/timex#d http://ex.org/variable#155	1
http://ex.org/variable#134 http://www.ibm.com/timex#o http://ex.org/variable#156	1
http://ex.org/variable#134 http://www.ibm.com/timex#di http://ex.org/variable#157	1
http://ex.org/variable#134 http://www.ibm.com/timex#o http://ex.org/variable#158	1
http://ex.org/variable#134 http://www.ibm.com/timex#o http://ex.org/variable#159	1
http://ex.org/variable#134 http://www.ibm.com/timex#o http://ex.org/variable#160	1
http://ex.org/variable#134 http://www.ibm.com/timex#fi http://ex.org/variable#161	1
http://ex.org/variable#134 http://www.ibm.com/timex#di http://ex.org/variable#162	1
http://ex.org/variable#134 http://www.ibm.com/timex#o http://ex.org/variable#163	1
http://ex.org/variable#134 http://www.ibm.com/timex#o http://ex.org/variable#164	1
http://ex.org/variable#134 http://www.ibm.com/timex#di http://ex.org/variable#165	1
http://ex.org/variable#134 http://www.ibm.com/timex#o_s http://ex.org/variable#166	1
http://ex.org/variable#134 http://www.ibm.com/timex#o http://ex.org/variable#167	1
http://ex.org/variable#134 http://www.ibm.com/timex#o http://ex.org/variable#168	1
http://ex.org/variable#134 http://www.ibm.com/timex#o http://ex.org/variable#169	1
http://ex.org/variable#134 http://www.ibm.com/timex#b http://ex.org/variable#170	1
http://ex.org/variable#134 http://www.ibm.com/timex#o http://ex.org/variable#171	1
http://ex.org/variable#134 http://www.ibm.com/timex#oi http://ex.org/variable#172	1
http://ex.org/variable#134 http://www.ibm.com/timex#b http://ex.org/variable#173	1
http://ex.org/variable#134 http://www.ibm.com/timex#o http://ex.org/variable#174	1
http://ex.org/variable#134 http://www.ibm.com/timex#o http://ex.org/variable#175	1
http://ex.org/variable#134 http://www.ibm.com/timex#o http://ex.org/variable#176	1
http://ex.org/variable#134 http://www.ibm.com/timex#o http://ex.org/variable#177	1
http://ex.org/variable#134 http://www.ibm.com/timex#o http://ex.org/variable#178	1
http://ex.org/variable#134 http://www.ibm.com/timex#o http://ex.org/variable#179	1
http://ex.org/variable#134 http://www.ibm.com/timex#di http://ex.org/variable#180	1
http://ex.org/variable#134 http://www.ibm.com/timex#di http://ex.org/variable#181	1
http://ex.org/variable#134 http://www.ibm.com/timex#di http://ex.org/variable#182	1
http://ex.org/variable#134 http://www.ibm.com/timex#b http://ex.org/variable#183	1
http://ex.org/variable#134 http://www.ibm.com/timex#o http://ex.org/variable#184	1
http://ex.org/variable#134 http://www.ibm.com/timex#o http://ex.org/variable#185	1
http://ex.org/variable#134 http://www.ibm.com/timex#o http://ex.org/variable#186	1
http://ex.org/variable#134 http://www.ibm.com/timex#d http://ex.org/variable#187	1
http://ex.org/variable#134 http://www.ibm.com/timex#o http://ex.org/variable#188	1
http://ex.org/variable#134 http://www.ibm.com/timex#o http://ex.org/variable#189	1
http://ex.org/variable#135 http://www.ibm.com/timex#di http://ex.org/variable#0	1
http://ex.org/variable#135 http://www.ibm.com/timex#di http://ex.org/variable#1	1
http://ex.org/variable#135 http://www.ibm.com/timex#di http://ex.org/variable#2	1
http://ex.org/variable#135 http://www.ibm.com/timex#di http://ex.org/variable#3	1
http://ex.org/variable#135 http://www.ibm.com/timex#o http://ex.org/variable#4	1
http://ex.org/variable#135 http://www.ibm.com/timex#di http://ex.org/variable#5	1
http://ex.org/variable#135 http://www.ibm.com/timex#di http://ex.org/variable#6	1
http://ex.org/variable#135 http://www.ibm.com/timex#di http://ex.org/variable#7	1
http://ex.org/variable#135 http://www.ibm.com/timex#oi http://ex.org/variable#8	1
http://ex.org/variable#135 http://www.ibm.com/timex#o http://ex.org/variable#9	1
http://ex.org/variable#135 http://www.ibm.com/timex#di http://ex.org/variable#10	1
http://ex.org/variable#135 http://www.ibm.com/timex#oi http://ex.org/variable#11	1
http://ex.org/variable#135 http://www.ibm.com/timex#oi http://ex.org/variable#12	1
http://ex.org/variable#135 http://www.ibm.com/timex#oi http://ex.org/variable#13	1
http://ex.org/variable#135 http://www.ibm.com/timex#di http://ex.org/variable#14	1
http://ex.org/variable#135 http://www.ibm.com/timex#oi http://ex.org/variable#15	1
http://ex.org/variable#135 http://www.ibm.com/timex#oi_di_si http://ex.org/variable#16	1
http://ex.org/variable#135 http://www.ibm.com/timex#di http://ex.org/variable#17	1
http://ex.org/variable#135 http://www.ibm.com/timex#di http://ex.org/variable#18	1
http://ex.org/variable#135 http://www.ibm.com/timex#oi http://ex.org/variable#19	1
http://ex.org/variable#135 http://www.ibm.com/timex#d http://ex.org/variable#20	1
http://ex.org/variable#135 http://www.ibm.com/timex#di http://ex.org/variable#21	1
http://ex.org/variable#135 http://www.ibm.com/timex#o http://ex.org/variable#22	1
http://ex.org/variable#135 http://www.ibm.com/timex#oi_di http://ex.org/variable#23	1
http://ex.org/variable#135 http://www.ibm.com/timex#oi http://ex.org/variable#24	1
http://ex.org/variable#135 http://www.ibm.com/timex#oi http://ex.org/variable#25	1
http://ex.org/variable#135 http://www.ibm.com/timex#di http://ex.org/variable#26	1
http://ex.org/variable#135 http://www.ibm.com/timex#oi http://ex.org/variable#27	1
http://ex.org/variable#135 http://www.ibm.com/timex#di http://ex.org/variable#28	1
http://ex.org/variable#135 http://www.ibm.com/timex#di http://ex.org/variable#29	1
http://ex.org/variable#135 http://www.ibm.com/timex#di http://ex.org/variable#30	1
http://ex.org/variable#135 http://www.ibm.com/timex#oi http://ex.org/variable#31	1
http://ex.org/variable#135 http://www.ibm.com/timex#oi http://ex.org/variable#32	1
http://ex.org/variable#135 http://www.ibm.com/timex#o http://ex.org/variable#33	1
http://ex.org/variable#135 http://www.ibm.com/timex#oi http://ex.org/variable#34	1
http://ex.org/variable#135 http://www.ibm.com/timex#di http://ex.org/variable#35	1
http://ex.org/variable#135 http://www.ibm.com/timex#oi http://ex.org/variable#36	1
http://ex.org/variable#135 http://www.ibm.com/timex#oi http://ex.org/variable#37	1
http://ex.org/variable#135 http://www.ibm.com/timex#oi http://ex.org/variable#38	1
http://ex.org/variable#135 http://www.ibm.com/timex#di http://ex.org/variable#39	1
http://ex.org/variable#135 http://www.ibm.com/timex#oi http://ex.org/variable#40	1
http://ex.org/variable#135 http://www.ibm.com/timex#oi http://ex.org/variable#41	1
http://ex.org/variable#135 http://www.ibm.com/timex#di http://ex.org/variable#42	1
http://ex.org/variable#135 http://www.ibm.com/timex#oi http://ex.org/variable#43	1
http://ex.org/variable#135 http://www.ibm.com/timex#oi http://ex.org/variable#44	1
http://ex.org/variable#135 http://www.ibm.com/timex#o http://ex.org/variable#45	1
http://ex.org/variable#135 http://www.ibm.com/timex#oi http://ex.org/variable#46	1
http://ex.org/variable#135 http://www.ibm.com/timex#oi http://ex.org/variable#47	1
http://ex.org/variable#135 http://www.ibm.com/timex#di http://ex.org/variable#48	1
http://ex.org/variable#135 http://www.ibm.com/timex#oi http://ex.org/variable#49	1
http://ex.org/variable#135 http://www.ibm.com/timex#di http://ex.org/variable#50	1
http://ex.org/variable#135 http://www.ibm.com/timex#di http://ex.org/variable#51	1
http://ex.org/variable#135 http://www.ibm.com/timex#oi http://ex.org/variable#52	1
http://ex.org/variable#135 http://www.ibm.com/timex#oi http://ex.org/variable#53	1
http://ex.org/variable#135 http://www.ibm.com/timex#di http://ex.org/variable#54	1
http://ex.org/variable#135 http://www.ibm.com/timex#di http://ex.org/variable#55	1
http://ex.org/variable#135 http://www.ibm.com/timex#di http://ex.org/variable#56	1
http://ex.org/variable#135 http://www.ibm.com/timex#oi http://ex.org/variable#57	1
http://ex.org/variable#135 http://www.ibm.com/timex#oi http://ex.org/variable#58	1
http://ex.org/variable#135 http://www.ibm.com/timex#d http://ex.org/variable#59	1
http://ex.org/variable#135 http://www.ibm.com/timex#oi_f http://ex.org/variable#60	1
http://ex.org/variable#135 http://www.ibm.com/timex#oi http://ex.org/variable#61	1
http://ex.org/variable#135 http://www.ibm.com/timex#di http://ex.org/variable#62	1
http://ex.org/variable#135 http://www.ibm.com/timex#oi http://ex.org/variable#63	1
http://ex.org/variable#135 http://www.ibm.com/timex#oi http://ex.org/variable#64	1
http://ex.org/variable#135 http://www.ibm.com/timex#oi_di http://ex.org/variable#65	1
http://ex.org/variable#135 http://www.ibm.com/timex#oi http://ex.org/variable#66	1
http://ex.org/variable#135 http://www.ibm.com/timex#o http://ex.org/variable#67	1
http://ex.org/variable#135 http://www.ibm.com/timex#di http://ex.org/variable#68	1
http://ex.org/variable#135 http://www.ibm.com/timex#di http://ex.org/variable#69	1
http://ex.org/variable#135 http://www.ibm.com/timex#o http://ex.org/variable#70	1
http://ex.org/variable#135 http://www.ibm.com/timex#oi http://ex.org/variable#71	1
http://ex.org/variable#135 http://www.ibm.com/timex#di http://ex.org/variable#72	1
http://ex.org/variable#135 http://www.ibm.com/timex#di http://ex.org/variable#73	1
http://ex.org/variable#135 http://www.ibm.com/timex#di http://ex.org/variable#74	1
http://ex.org/variable#135 http://www.ibm.com/timex#oi http://ex.org/variable#75	1
http://ex.org/variable#135 http://www.ibm.com/timex#di http://ex.org/variable#76	1
http://ex.org/variable#135 http://www.ibm.com/timex#o http://ex.org/variable#77	1
http://ex.org/variable#135 http://www.ibm.com/timex#di http://ex.org/variable#78	1
http://ex.org/variable#135 http://www.ibm.com/timex#oi http://ex.org/variable#79	1
http://ex.org/variable#135 http://www.ibm.com/timex#oi http://ex.org/variable#80	1
http://ex.org/variable#135 http://www.ibm.com/timex#oi http://ex.org/variable#81	1
http://ex.org/variable#135 http://www.ibm.com/timex#di http://ex.org/variable#82	1
http://ex.org/variable#135 http://www.ibm.com/timex#oi http://ex.org/variable#83	1
http://ex.org/variable#135 http://www.ibm.com/timex#di http://ex.org/variable#84	1
http://ex.org/variable#135 http://www.ibm.com/timex#di http://ex.org/variable#85	1
http://ex.org/variable#135 http://www.ibm.com/timex#d http://ex.org/variable#86	1
http://ex.org/variable#135 http://www.ibm.com/timex#di http://ex.org/variable#87	1
http://ex.org/variable#135 http://www.ibm.com/timex#di http://ex.org/variable#88	1
http://ex.org/variable#135 http://www.ibm.com/timex#di http://ex.org/variable#89	1
http://ex.org/variable#135 http://www.ibm.com/timex#di http://ex.org/variable#90	1
http://ex.org/variable#135 http://www.ibm.com/timex#oi http://ex.org/variable#91	1
http://ex.org/variable#135 http://www.ibm.com/timex#o http://ex.org/variable#92	1
http://ex.org/variable#135 http://www.ibm.com/timex#di http://ex.org/variable#93	1
http://ex.org/variable#135 http://www.ibm.com/timex#oi http://ex.org/variable#94	1
http://ex.org/variable#135 http://www.ibm.com/timex#di http://ex.org/variable#95	1
http://ex.org/variable#135 http://www.ibm.com/timex#di http://ex.org/variable#96	1
http://ex.org/variable#135 http://www.ibm.com/timex#di http://ex.org/variable#97	1
http://ex.org/variable#135 http://www.ibm.com/timex#di http://ex.org/variable#98	1
http://ex.org/variable#135 http://www.ibm.com/timex#di http://ex.org/variable#99	1
http://ex.org/variable#135 http://www.ibm.com/timex#oi http://ex.org/variable#100	1
http://ex.org/variable#135 http://www.ibm.com/timex#di http://ex.org/variable#101	1
http://ex.org/variable#135 http://www.ibm.com/timex#di http://ex.org/variable#102	1
http://ex.org/variable#135 http://www.ibm.com/timex#oi http://ex.org/variable#103	1
http://ex.org/variable#135 http://www.ibm.com/timex#di http://ex.org/variable#104	1
http://ex.org/variable#135 http://www.ibm.com/timex#di http://ex.org/variable#105	1
http://ex.org/variable#135 http://www.ibm.com/timex#oi http://ex.org/variable#106	1
http://ex.org/variable#135 http://www.ibm.com/timex#di http://ex.org/variable#107	1
http://ex.org/variable#135 http://www.ibm.com/timex#di http://ex.org/variable#108	1
http://ex.org/variable#135 http://www.ibm.com/timex#di http://ex.org/variable#109	1
http://ex.org/variable#135 http://www.ibm.com/timex#oi http://ex.org/variable#110	1
http://ex.org/variable#135 http://www.ibm.com/timex#di http://ex.org/variable#111	1
http://ex.org/variable#135 http://www.ibm.com/timex#oi http://ex.org/variable#112	1
http://ex.org/variable#135 http://www.ibm.com/timex#di http://ex.org/variable#113	1
http://ex.org/variable#135 http://www.ibm.com/timex#oi http://ex.org/variable#114	1
http://ex.org/variable#135 http://www.ibm.com/timex#di http://ex.org/variable#115	1
http://ex.org/variable#135 http://www.ibm.com/timex#di http://ex.org/variable#116	1
http://ex.org/variable#135 http://www.ibm.com/timex#oi http://ex.org/variable#117	1
http://ex.org/variable#135 http://www.ibm.com/timex#oi http://ex.org/variable#118	1
http://ex.org/variable#135 http://www.ibm.com/timex#oi http://ex.org/variable#119	1
http://ex.org/variable#135 http://www.ibm.com/timex#si http://ex.org/variable#120	1
http://ex.org/variable#135 http://www.ibm.com/timex#di http://ex.org/variable#121	1
http://ex.org/variable#135 http://www.ibm.com/timex#oi http://ex.org/variable#122	1
http://ex.org/variable#135 http://www.ibm.com/timex#di http://ex.org/variable#123	1
http://ex.org/variable#135 http://www.ibm.com/timex#oi http://ex.org/variable#124	1
http://ex.org/variable#135 http://www.ibm.com/timex#oi http://ex.org/variable#125	1
http://ex.org/variable#135 http://www.ibm.com/timex#di http://ex.org/variable#126	1
http://ex.org/variable#135 http://www.ibm.com/timex#di http://ex.org/variable#127	1
http://ex.org/variable#135 http://www.ibm.com/timex#di http://ex.org/variable#128	1
http://ex.org/variable#135 http://www.ibm.com/timex#oi http://ex.org/variable#129	1
http://ex.org/variable#135 http://www.ibm.com/timex#di http://ex.org/variable#130	1
http://ex.org/variable#135 http://www.ibm.com/timex#o_fi http://ex.org/variable#131	1
http://ex.org/variable#135 http://www.ibm.com/timex#oi http://ex.org/variable#132	1
http://ex.org/variable#135 http://www.ibm.com/timex#o http://ex.org/variable#133	1
http://ex.org/variable#135 http://www.ibm.com/timex#oi http://ex.org/variable#134	1
http://ex.org/variable#135 http://www.ibm.com/timex#o_s http://ex.org/variable#136	1
http://ex.org/variable#135 http://www.ibm.com/timex#di http://ex.org/variable#137	1
http://ex.org/variable#135 http://www.ibm.com/timex#di http://ex.org/variable#138	1
http://ex.org/variable#135 http://www.ibm.com/timex#di http://ex.org/variable#139	1
http://ex.org/variable#135 http://www.ibm.com/timex#di http://ex.org/variable#140	1
http://ex.org/variable#135 http://www.ibm.com/timex#oi_d_f http://ex.org/variable#141	1
http://ex.org/variable#135 http://www.ibm.com/timex#oi http://ex.org/variable#142	1
http://ex.org/variable#135 http://www.ibm.com/timex#oi http://ex.org/variable#143	1
http://ex.org/variable#135 http://www.ibm.com/timex#di http://ex.org/variable#144	1
http://ex.org/variable#135 http://www.ibm.com/timex#di http://ex.org/variable#145	1
http://ex.org/variable#135 http://www.ibm.com/timex#o http://ex.org/variable#146	1
http://ex.org/variable#135 http://www.ibm.com/timex#oi_di_si http://ex.org/variable#147	1
http://ex.org/variable#135 http://www.ibm.com/timex#di http://ex.org/variable#148	1
http://ex.org/variable#135 http://www.ibm.com/timex#oi http://ex.org/variable#149	1
http://ex.org/variable#135 http://www.ibm.com/timex#o http://ex.org/variable#150	1
http://ex.org/variable#135 http://www.ibm.com/timex#di http://ex.org/variable#151	1
http://ex.org/variable#135 http://www.ibm.com/timex#oi http://ex.org/variable#152	1
http://ex.org/variable#135 http://www.ibm.com/timex#oi_di http://ex.org/variable#153	1
http://ex.org/variable#135 http://www.ibm.com/timex#di http://ex.org/variable#154	1
http://ex.org/variable#135 http://www.ibm.com/timex#oi http://ex.org/variable#155	1
http://ex.org/variable#135 http://www.ibm.com/timex#di http://ex.org/variable#156	1
http://ex.org/variable#135 http://www.ibm.com/timex#oi_di_si http://ex.org/variable#157	1
http://ex.org/variable#135 http://www.ibm.com/timex#oi http://ex.org/variable#158	1
http://ex.org/variable#135 http://www.ibm.com/timex#o_fi http://ex.org/variable#159	1
http://ex.org/variable#135 http://www.ibm.com/timex#di http://ex.org/variable#160	1
http://ex.org/variable#135 http://www.ibm.com/timex#di http://ex.org/variable#161	1
http://ex.org/variable#135 http://www.ibm.com/timex#oi http://ex.org/variable#162	1
http://ex.org/variable#135 http://www.ibm.com/timex#di http://ex.org/variable#163	1
http://ex.org/variable#135 http://www.ibm.com/timex#di http://ex.org/variable#164	1
http://ex.org/variable#135 http://www.ibm.com/timex#di http://ex.org/variable#165	1
http://ex.org/variable#135 http://www.ibm.com/timex#oi http://ex.org/variable#166	1
http://ex.org/variable#135 http://www.ibm.com/timex#oi http://ex.org/variable#167	1
http://ex.org/variable#135 http://www.ibm.com/timex#di http://ex.org/variable#168	1
http://ex.org/variable#135 http://www.ibm.com/timex#oi http://ex.org/variable#169	1
http://ex.org/variable#135 http://www.ibm.com/timex#di http://ex.org/variable#170	1
http://ex.org/variable#135 http://www.ibm.com/timex#oi http://ex.org/variable#171	1
http://ex.org/variable#135 http://www.ibm.com/timex#oi http://ex.org/variable#172	1
http://ex.org/variable#135 http://www.ibm.com/timex#di http://ex.org/variable#173	1
http://ex.org/variable#135 http://www.ibm.com/timex#di http://ex.org/variable#174	1
http://ex.org/variable#135 http://www.ibm.com/timex#oi http://ex.org/variable#175	1
http://ex.org/variable#135 http://www.ibm.com/timex#o_fi http://ex.org/variable#176	1
http://ex.org/variable#135 http://www.ibm.com/timex#di http://ex.org/variable#177	1
http://ex.org/variable#135 http://www.ibm.com/timex#o http://ex.org/variable#178	1
http://ex.org/variable#135 http://www.ibm.com/timex#di http://ex.org/variable#179	1
http://ex.org/variable#135 http://www.ibm.com/timex#di http://ex.org/variable#180	1
http://ex.org/variable#135 http://www.ibm.com/timex#oi http://ex.org/variable#181	1
http://ex.org/variable#135 http://www.ibm.com/timex#di http://ex.org/variable#182	1
http://ex.org/variable#135 http://www.ibm.com/timex#di http://ex.org/variable#183	1
http://ex.org/variable#135 http://www.ibm.com/timex#oi http://ex.org/variable#184	1
http://ex.org/variable#135 http://www.ibm.com/timex#di http://ex.org/variable#185	1
http://ex.org/variable#135 http://www.ibm.com/timex#di http://ex.org/variable#186	1
http://ex.org/variable#135 http://www.ibm.com/timex#oi http://ex.org/variable#187	1
http://ex.org/variable#135 http://www.ibm.com/timex#di http://ex.org/variable#188	1
http://ex.org/variable#135 http://www.ibm.com/timex#di http://ex.org/variable#189	1
http://ex.org/variable#136 http://www.ibm.com/timex#di http://ex.org/variable#0	1
http://ex.org/variable#136 http://www.ibm.com/timex#di http://ex.org/variable#1	1
http://ex.org/variable#136 http://www.ibm.com/timex#di http://ex.org/variable#2	1
http://ex.org/variable#136 http://www.ibm.com/timex#di http://ex.org/variable#3	1
http://ex.org/variable#136 http://www.ibm.com/timex#o http://ex.org/variable#4	1
http://ex.org/variable#136 http://www.ibm.com/timex#di http://ex.org/variable#5	1
http://ex.org/variable#136 http://www.ibm.com/timex#di http://ex.org/variable#6	1
http://ex.org/variable#136 http://www.ibm.com/timex#di http://ex.org/variable#7	1
http://ex.org/variable#136 http://www.ibm.com/timex#oi http://ex.org/variable#8	1
http://ex.org/variable#136 http://www.ibm.com/timex#o http://ex.org/variable#9	1
http://ex.org/variable#136 http://www.ibm.com/timex#di http://ex.org/variable#10	1
http://ex.org/variable#136 http://www.ibm.com/timex#oi http://ex.org/variable#11	1
http://ex.org/variable#136 http://www.ibm.com/timex#oi http://ex.org/variable#12	1
http://ex.org/variable#136 http://www.ibm.com/timex#oi http://ex.org/variable#13	1
http://ex.org/variable#136 http://www.ibm.com/timex#di http://ex.org/variable#14	1
http://ex.org/variable#136 http://www.ibm.com/timex#oi http://ex.org/variable#15	1
http://ex.org/variable#136 http://www.ibm.com/timex#oi http://ex.org/variable#16	1
http://ex.org/variable#136 http://www.ibm.com/timex#di http://ex.org/variable#17	1
http://ex.org/variable#136 http://www.ibm.com/timex#di http://ex.org/variable#18	1
http://ex.org/variable#136 http://www.ibm.com/timex#oi http://ex.org/variable#19	1
http://ex.org/variable#136 http://www.ibm.com/timex#d http://ex.org/variable#20	1
http://ex.org/variable#136 http://www.ibm.com/timex#di http://ex.org/variable#21	1
http://ex.org/variable#136 http://www.ibm.com/timex#o_fi http://ex.org/variable#22	1
http://ex.org/variable#136 http://www.ibm.com/timex#oi http://ex.org/variable#23	1
http://ex.org/variable#136 http://www.ibm.com/timex#oi http://ex.org/variable#24	1
http://ex.org/variable#136 http://www.ibm.com/timex#oi http://ex.org/variable#25	1
http://ex.org/variable#136 http://www.ibm.com/timex#di http://ex.org/variable#26	1
http://ex.org/variable#136 http://www.ibm.com/timex#oi http://ex.org/variable#27	1
http://ex.org/variable#136 http://www.ibm.com/timex#di http://ex.org/variable#28	1
http://ex.org/variable#136 http://www.ibm.com/timex#di http://ex.org/variable#29	1
http://ex.org/variable#136 http://www.ibm.com/timex#di http://ex.org/variable#30	1
http://ex.org/variable#136 http://www.ibm.com/timex#oi http://ex.org/variable#31	1
http://ex.org/variable#136 http://www.ibm.com/timex#oi http://ex.org/variable#32	1
http://ex.org/variable#136 http://www.ibm.com/timex#o_fi http://ex.org/variable#33	1
http://ex.org/variable#136 http://www.ibm.com/timex#oi http://ex.org/variable#34	1
http://ex.org/variable#136 http://www.ibm.com/timex#di http://ex.org/variable#35	1
http://ex.org/variable#136 http://www.ibm.com/timex#oi http://ex.org/variable#36	1
http://ex.org/variable#136 http://www.ibm.com/timex#oi http://ex.org/variable#37	1
http://ex.org/variable#136 http://www.ibm.com/timex#oi http://ex.org/variable#38	1
http://ex.org/variable#136 http://www.ibm.com/timex#di http://ex.org/variable#39	1
http://ex.org/variable#136 http://www.ibm.com/timex#oi http://ex.org/variable#40	1
http://ex.org/variable#136 http://www.ibm.com/timex#oi http://ex.org/variable#41	1
http://ex.org/variable#136 http://www.ibm.com/timex#di http://ex.org/variable#42	1
http://ex.org/variable#136 http://www.ibm.com/timex#oi http://ex.org/variable#43	1
http://ex.org/variable#136 http://www.ibm.com/timex#oi http://ex.org/variable#44	1
http://ex.org/variable#136 http://www.ibm.com/timex#o http://ex.org/variable#45	1
http://ex.org/variable#136 http://www.ibm.com/timex#oi http://ex.org/variable#46	1
http://ex.org/variable#136 http://www.ibm.com/timex#oi http://ex.org/variable#47	1
http://ex.org/variable#136 http://www.ibm.com/timex#di http://ex.org/variable#48	1
http://ex.org/variable#136 http://www.ibm.com/timex#oi http://ex.org/variable#49	1
http://ex.org/variable#136 http://www.ibm.com/timex#di http://ex.org/variable#50	1
http://ex.org/variable#136 http://www.ibm.com/timex#di http://ex.org/variable#51	1
http://ex.org/variable#136 http://www.ibm.com/timex#oi http://ex.org/variable#52	1
http://ex.org/variable#136 http://www.ibm.com/timex#oi http://ex.org/variable#53	1
http://ex.org/variable#136 http://www.ibm.com/timex#di http://ex.org/variable#54	1
http://ex.org/variable#136 http://www.ibm.com/timex#di http://ex.org/variable#55	1
http://ex.org/variable#136 http://www.ibm.com/timex#di http://ex.org/variable#56	1
http://ex.org/variable#136 http://www.ibm.com/timex#oi http://ex.org/variable#57	1
http://ex.org/variable#136 http://www.ibm.com/timex#oi http://ex.org/variable#58	1
http://ex.org/variable#136 http://www.ibm.com/timex#d http://ex.org/variable#59	1
http://ex.org/variable#136 http://www.ibm.com/timex#oi http://ex.org/variable#60	1
http://ex.org/variable#136 http://www.ibm.com/timex#oi http://ex.org/variable#61	1
http://ex.org/variable#136 http://www.ibm.com/timex#di http://ex.org/variable#62	1
http://ex.org/variable#136 http://www.ibm.com/timex#oi http://ex.org/variable#63	1
http://ex.org/variable#136 http://www.ibm.com/timex#oi http://ex.org/variable#64	1
http://ex.org/variable#136 http://www.ibm.com/timex#oi http://ex.org/variable#65	1
http://ex.org/variable#136 http://www.ibm.com/timex#oi http://ex.org/variable#66	1
http://ex.org/variable#136 http://www.ibm.com/timex#o http://ex.org/variable#67	1
http://ex.org/variable#136 http://www.ibm.com/timex#di http://ex.org/variable#68	1
http://ex.org/variable#136 http://www.ibm.com/timex#di http://ex.org/variable#69	1
http://ex.org/variable#136 http://www.ibm.com/timex#o http://ex.org/variable#70	1
http://ex.org/variable#136 http://www.ibm.com/timex#oi http://ex.org/variable#71	1
http://ex.org/variable#136 http://www.ibm.com/timex#di http://ex.org/variable#72	1
http://ex.org/variable#136 http://www.ibm.com/timex#di http://ex.org/variable#73	1
http://ex.org/variable#136 http://www.ibm.com/timex#di http://ex.org/variable#74	1
http://ex.org/variable#136 http://www.ibm.com/timex#oi http://ex.org/variable#75	1
http://ex.org/variable#136 http://www.ibm.com/timex#di http://ex.org/variable#76	1
http://ex.org/variable#136 http://www.ibm.com/timex#o http://ex.org/variable#77	1
http://ex.org/variable#136 http://www.ibm.com/timex#di http://ex.org/variable#78	1
http://ex.org/variable#136 http://www.ibm.com/timex#oi http://ex.org/variable#79	1
http://ex.org/variable#136 http://www.ibm.com/timex#oi http://ex.org/variable#80	1
http://ex.org/variable#136 http://www.ibm.com/timex#oi http://ex.org/variable#81	1
http://ex.org/variable#136 http://www.ibm.com/timex#di http://ex.org/variable#82	1
http://ex.org/variable#136 http://www.ibm.com/timex#oi http://ex.org/variable#83	1
http://ex.org/variable#136 http://www.ibm.com/timex#di http://ex.org/variable#84	1
http://ex.org/variable#136 http://www.ibm.com/timex#di http://ex.org/variable#85	1
http://ex.org/variable#136 http://www.ibm.com/timex#d http://ex.org/variable#86	1
http://ex.org/variable#136 http://www.ibm.com/timex#di http://ex.org/variable#87	1
http://ex.org/variable#136 http://www.ibm.com/timex#di http://ex.org/variable#88	1
http://ex.org/variable#136 http://www.ibm.com/timex#di http://ex.org/variable#89	1
http://ex.org/variable#136 http://www.ibm.com/timex#di http://ex.org/variable#90	1
http://ex.org/variable#136 http://www.ibm.com/timex#oi http://ex.org/variable#91	1
http://ex.org/variable#136 http://www.ibm.com/timex#o http://ex.org/variable#92	1
http://ex.org/variable#136 http://www.ibm.com/timex#di http://ex.org/variable#93	1
http://ex.org/variable#136 http://www.ibm.com/timex#oi http://ex.org/variable#94	1
http://ex.org/variable#136 http://www.ibm.com/timex#di http://ex.org/variable#95	1
http://ex.org/variable#136 http://www.ibm.com/timex#di http://ex.org/variable#96	1
http://ex.org/variable#136 http://www.ibm.com/timex#di http://ex.org/variable#97	1
http://ex.org/variable#136 http://www.ibm.com/timex#di http://ex.org/variable#98	1
http://ex.org/variable#136 http://www.ibm.com/timex#di http://ex.org/variable#99	1
http://ex.org/variable#136 http://www.ibm.com/timex#oi http://ex.org/variable#100	1
http://ex.org/variable#136 http://www.ibm.com/timex#di http://ex.org/variable#101	1
http://ex.org/variable#136 http://www.ibm.com/timex#di http://ex.org/variable#102	1
http://ex.org/variable#136 http://www.ibm.com/timex#oi http://ex.org/variable#103	1
http://ex.org/variable#136 http://www.ibm.com/timex#di http://ex.org/variable#104	1
http://ex.org/variable#136 http://www.ibm.com/timex#di http://ex.org/variable#105	1
http://ex.org/variable#136 http://www.ibm.com/timex#oi http://ex.org/variable#106	1
http://ex.org/variable#136 http://www.ibm.com/timex#di http://ex.org/variable#107	1
http://ex.org/variable#136 http://www.ibm.com/timex#di http://ex.org/variable#108	1
http://ex.org/variable#136 http://www.ibm.com/timex#di http://ex.org/variable#109	1
http://ex.org/variable#136 http://www.ibm.com/timex#oi http://ex.org/variable#110	1
http://ex.org/variable#136 http://www.ibm.com/timex#di http://ex.org/variable#111	1
http://ex.org/variable#136 http://www.ibm.com/timex#oi http://ex.org/variable#112	1
http://ex.org/variable#136 http://www.ibm.com/timex#di http://ex.org/variable#113	1
http://ex.org/variable#136 http://www.ibm.com/timex#oi http://ex.org/variable#114	1
http://ex.org/variable#136 http://www.ibm.com/timex#di http://ex.org/variable#115	1
http://ex.org/variable#136 http://www.ibm.com/timex#di http://ex.org/variable#116	1
http://ex.org/variable#136 http://www.ibm.com/timex#oi http://ex.org/variable#117	1
http://ex.org/variable#136 http://www.ibm.com/timex#oi http://ex.org/variable#118	1
http://ex.org/variable#136 http://www.ibm.com/timex#oi http://ex.org/variable#119	1
http://ex.org/variable#136 http://www.ibm.com/timex#oi_si http://ex.org/variable#120	1
http://ex.org/variable#136 http://www.ibm.com/timex#di http://ex.org/variable#121	1
http://ex.org/variable#136 http://www.ibm.com/timex#oi http://ex.org/variable#122	1
http://ex.org/variable#136 http://www.ibm.com/timex#di http://ex.org/variable#123	1
http://ex.org/variable#136 http://www.ibm.com/timex#oi http://ex.org/variable#124	1
http://ex.org/variable#136 http://www.ibm.com/timex#oi http://ex.org/variable#125	1
http://ex.org/variable#136 http://www.ibm.com/timex#di http://ex.org/variable#126	1
http://ex.org/variable#136 http://www.ibm.com/timex#di http://ex.org/variable#127	1
http://ex.org/variable#136 http://www.ibm.com/timex#di http://ex.org/variable#128	1
http://ex.org/variable#136 http://www.ibm.com/timex#oi http://ex.org/variable#129	1
http://ex.org/variable#136 http://www.ibm.com/timex#di http://ex.org/variable#130	1
http://ex.org/variable#136 http://www.ibm.com/timex#di http://ex.org/variable#131	1
http://ex.org/variable#136 http://www.ibm.com/timex#oi http://ex.org/variable#132	1
http://ex.org/variable#136 http://www.ibm.com/timex#o http://ex.org/variable#133	1
http://ex.org/variable#136 http://www.ibm.com/timex#oi http://ex.org/variable#134	1
http://ex.org/variable#136 http://www.ibm.com/timex#oi_si http://ex.org/variable#135	1
http://ex.org/variable#136 http://www.ibm.com/timex#di http://ex.org/variable#137	1
http://ex.org/variable#136 http://www.ibm.com/timex#di http://ex.org/variable#138	1
http://ex.org/variable#136 http://www.ibm.com/timex#di http://ex.org/variable#139	1
http://ex.org/variable#136 http://www.ibm.com/timex#di http://ex.org/variable#140	1
http://ex.org/variable#136 http://www.ibm.com/timex#oi_d_f http://ex.org/variable#141	1
http://ex.org/variable#136 http://www.ibm.com/timex#oi http://ex.org/variable#142	1
http://ex.org/variable#136 http://www.ibm.com/timex#oi http://ex.org/variable#143	1
http://ex.org/variable#136 http://www.ibm.com/timex#di http://ex.org/variable#144	1
http://ex.org/variable#136 http://www.ibm.com/timex#di http://ex.org/variable#145	1
http://ex.org/variable#136 http://www.ibm.com/timex#o http://ex.org/variable#146	1
http://ex.org/variable#136 http://www.ibm.com/timex#oi http://ex.org/variable#147	1
http://ex.org/variable#136 http://www.ibm.com/timex#di http://ex.org/variable#148	1
http://ex.org/variable#136 http://www.ibm.com/timex#oi http://ex.org/variable#149	1
http://ex.org/variable#136 http://www.ibm.com/timex#o http://ex.org/variable#150	1
http://ex.org/variable#136 http://www.ibm.com/timex#di http://ex.org/variable#151	1
http://ex.org/variable#136 http://www.ibm.com/timex#oi http://ex.org/variable#152	1
http://ex.org/variable#136 http://www.ibm.com/timex#oi http://ex.org/variable#153	1
http://ex.org/variable#136 http://www.ibm.com/timex#di http://ex.org/variable#154	1
http://ex.org/variable#136 http://www.ibm.com/timex#oi http://ex.org/variable#155	1
http://ex.org/variable#136 http://www.ibm.com/timex#di http://ex.org/variable#156	1
http://ex.org/variable#136 http://www.ibm.com/timex#oi http://ex.org/variable#157	1
http://ex.org/variable#136 http://www.ibm.com/timex#oi http://ex.org/variable#158	1
http://ex.org/variable#136 http://www.ibm.com/timex#di http://ex.org/variable#159	1
http://ex.org/variable#136 http://www.ibm.com/timex#di http://ex.org/variable#160	1
http://ex.org/variable#136 http://www.ibm.com/timex#di http://ex.org/variable#161	1
http://ex.org/variable#136 http://www.ibm.com/timex#oi http://ex.org/variable#162	1
http://ex.org/variable#136 http://www.ibm.com/timex#di http://ex.org/variable#163	1
http://ex.org/variable#136 http://www.ibm.com/timex#di http://ex.org/variable#164	1
http://ex.org/variable#136 http://www.ibm.com/timex#di http://ex.org/variable#165	1
http://ex.org/variable#136 http://www.ibm.com/timex#oi http://ex.org/variable#166	1
http://ex.org/variable#136 http://www.ibm.com/timex#oi http://ex.org/variable#167	1
http://ex.org/variable#136 http://www.ibm.com/timex#di http://ex.org/variable#168	1
http://ex.org/variable#136 http://www.ibm.com/timex#oi http://ex.org/variable#169	1
http://ex.org/variable#136 http://www.ibm.com/timex#di http://ex.org/variable#170	1
http://ex.org/variable#136 http://www.ibm.com/timex#oi http://ex.org/variable#171	1
http://ex.org/variable#136 http://www.ibm.com/timex#oi http://ex.org/variable#172	1
http://ex.org/variable#136 http://www.ibm.com/timex#di http://ex.org/variable#173	1
http://ex.org/variable#136 http://www.ibm.com/timex#di http://ex.org/variable#174	1
http://ex.org/variable#136 http://www.ibm.com/timex#oi http://ex.org/variable#175	1
http://ex.org/variable#136 http://www.ibm.com/timex#di http://ex.org/variable#176	1
http://ex.org/variable#136 http://www.ibm.com/timex#di http://ex.org/variable#177	1
http://ex.org/variable#136 http://www.ibm.com/timex#o http://ex.org/variable#178	1
http://ex.org/variable#136 http://www.ibm.com/timex#di http://ex.org/variable#179	1
http://ex.org/variable#136 http://www.ibm.com/timex#di http://ex.org/variable#180	1
http://ex.org/variable#136 http://www.ibm.com/timex#oi http://ex.org/variable#181	1
http://ex.org/variable#136 http://www.ibm.com/timex#di http://ex.org/variable#182	1
http://ex.org/variable#136 http://www.ibm.com/timex#di http://ex.org/variable#183	1
http://ex.org/variable#136 http://www.ibm.com/timex#oi http://ex.org/variable#184	1
http://ex.org/variable#136 http://www.ibm.com/timex#di http://ex.org/variable#185	1
http://ex.org/variable#136 http://www.ibm.com/timex#di http://ex.org/variable#186	1
http://ex.org/variable#136 http://www.ibm.com/timex#oi http://ex.org/variable#187	1
http://ex.org/variable#136 http://www.ibm.com/timex#di http://ex.org/variable#188	1
http://ex.org/variable#136 http://www.ibm.com/timex#di http://ex.org/variable#189	1
http://ex.org/variable#137 http://www.ibm.com/timex#d http://ex.org/variable#0	1
http://ex.org/variable#137 http://www.ibm.com/timex#b http://ex.org/variable#1	1
http://ex.org/variable#137 http://www.ibm.com/timex#d http://ex.org/variable#2	1
http://ex.org/variable#137 http://www.ibm.com/timex#o http://ex.org/variable#3	1
http://ex.org/variable#137 http://www.ibm.com/timex#d http://ex.org/variable#4	1
http://ex.org/variable#137 http://www.ibm.com/timex#oi_f http://ex.org/variable#5	1
http://ex.org/variable#137 http://www.ibm.com/timex#m http://ex.org/variable#6	1
http://ex.org/variable#137 http://www.ibm.com/timex#d http://ex.org/variable#7	1
http://ex.org/variable#137 http://www.ibm.com/timex#bi http://ex.org/variable#8	1
http://ex.org/variable#137 http://www.ibm.com/timex#o http://ex.org/variable#9	1
http://ex.org/variable#137 http://www.ibm.com/timex#d http://ex.org/variable#10	1
http://ex.org/variable#137 http://www.ibm.com/timex#d http://ex.org/variable#11	1
http://ex.org/variable#137 http://www.ibm.com/timex#d http://ex.org/variable#12	1
http://ex.org/variable#137 http://www.ibm.com/timex#oi http://ex.org/variable#13	1
http://ex.org/variable#137 http://www.ibm.com/timex#o http://ex.org/variable#14	1
http://ex.org/variable#137 http://www.ibm.com/timex#d http://ex.org/variable#15	1
http://ex.org/variable#137 http://www.ibm.com/timex#d http://ex.org/variable#16	1
http://ex.org/variable#137 http://www.ibm.com/timex#b http://ex.org/variable#17	1
http://ex.org/variable#137 http://www.ibm.com/timex#d http://ex.org/variable#18	1
http://ex.org/variable#137 http://www.ibm.com/timex#oi http://ex.org/variable#19	1
http://ex.org/variable#137 http://www.ibm.com/timex#d http://ex.org/variable#20	1
http://ex.org/variable#137 http://www.ibm.com/timex#b http://ex.org/variable#21	1
http://ex.org/variable#137 http://www.ibm.com/timex#d http://ex.org/variable#22	1
http://ex.org/variable#137 http://www.ibm.com/timex#oi http://ex.org/variable#23	1
http://ex.org/variable#137 http://www.ibm.com/timex#d http://ex.org/variable#24	1
http://ex.org/variable#137 http://www.ibm.com/timex#bi http://ex.org/variable#25	1
http://ex.org/variable#137 http://www.ibm.com/timex#b http://ex.org/variable#26	1
http://ex.org/variable#137 http://www.ibm.com/timex#oi http://ex.org/variable#27	1
http://ex.org/variable#137 http://www.ibm.com/timex#o http://ex.org/variable#28	1
http://ex.org/variable#137 http://www.ibm.com/timex#d http://ex.org/variable#29	1
http://ex.org/variable#137 http://www.ibm.com/timex#di http://ex.org/variable#30	1
http://ex.org/variable#137 http://www.ibm.com/timex#oi http://ex.org/variable#31	1
http://ex.org/variable#137 http://www.ibm.com/timex#oi http://ex.org/variable#32	1
http://ex.org/variable#137 http://www.ibm.com/timex#b http://ex.org/variable#33	1
http://ex.org/variable#137 http://www.ibm.com/timex#d http://ex.org/variable#34	1
http://ex.org/variable#137 http://www.ibm.com/timex#di http://ex.org/variable#35	1
http://ex.org/variable#137 http://www.ibm.com/timex#oi http://ex.org/variable#36	1
http://ex.org/variable#137 http://www.ibm.com/timex#oi http://ex.org/variable#37	1
http://ex.org/variable#137 http://www.ibm.com/timex#d http://ex.org/variable#38	1
http://ex.org/variable#137 http://www.ibm.com/timex#b http://ex.org/variable#39	1
http://ex.org/variable#137 http://www.ibm.com/timex#d http://ex.org/variable#40	1
http://ex.org/variable#137 http://www.ibm.com/timex#d http://ex.org/variable#41	1
http://ex.org/variable#137 http://www.ibm.com/timex#d http://ex.org/variable#42	1
http://ex.org/variable#137 http://www.ibm.com/timex#d http://ex.org/variable#43	1
http://ex.org/variable#137 http://www.ibm.com/timex#d http://ex.org/variable#44	1
http://ex.org/variable#137 http://www.ibm.com/timex#o_s http://ex.org/variable#45	1
http://ex.org/variable#137 http://www.ibm.com/timex#d http://ex.org/variable#46	1
http://ex.org/variable#137 http://www.ibm.com/timex#d http://ex.org/variable#47	1
http://ex.org/variable#137 http://www.ibm.com/timex#b http://ex.org/variable#48	1
http://ex.org/variable#137 http://www.ibm.com/timex#oi http://ex.org/variable#49	1
http://ex.org/variable#137 http://www.ibm.com/timex#d http://ex.org/variable#50	1
http://ex.org/variable#137 http://www.ibm.com/timex#b http://ex.org/variable#51	1
http://ex.org/variable#137 http://www.ibm.com/timex#d http://ex.org/variable#52	1
http://ex.org/variable#137 http://www.ibm.com/timex#d http://ex.org/variable#53	1
http://ex.org/variable#137 http://www.ibm.com/timex#d http://ex.org/variable#54	1
http://ex.org/variable#137 http://www.ibm.com/timex#d http://ex.org/variable#55	1
http://ex.org/variable#137 http://www.ibm.com/timex#oi http://ex.org/variable#56	1
http://ex.org/variable#137 http://www.ibm.com/timex#d http://ex.org/variable#57	1
http://ex.org/variable#137 http://www.ibm.com/timex#d http://ex.org/variable#58	1
http://ex.org/variable#137 http://www.ibm.com/timex#d http://ex.org/variable#59	1
http://ex.org/variable#137 http://www.ibm.com/timex#d http://ex.org/variable#60	1
http://ex.org/variable#137 http://www.ibm.com/timex#d http://ex.org/variable#61	1
http://ex.org/variable#137 http://www.ibm.com/timex#d http://ex.org/variable#62	1
http://ex.org/variable#137 http://www.ibm.com/timex#d http://ex.org/variable#63	1
http://ex.org/variable#137 http://www.ibm.com/timex#d http://ex.org/variable#64	1
http://ex.org/variable#137 http://www.ibm.com/timex#bi http://ex.org/variable#65	1
http://ex.org/variable#137 http://www.ibm.com/timex#oi http://ex.org/variable#66	1
http://ex.org/variable#137 http://www.ibm.com/timex#d http://ex.org/variable#67	1
http://ex.org/variable#137 http://www.ibm.com/timex#d http://ex.org/variable#68	1
http://ex.org/variable#137 http://www.ibm.com/timex#d http://ex.org/variable#69	1
http://ex.org/variable#137 http://www.ibm.com/timex#d http://ex.org/variable#70	1
http://ex.org/variable#137 http://www.ibm.com/timex#d http://ex.org/variable#71	1
http://ex.org/variable#137 http://www.ibm.com/timex#d http://ex.org/variable#72	1
http://ex.org/variable#137 http://www.ibm.com/timex#d http://ex.org/variable#73	1
http://ex.org/variable#137 http://www.ibm.com/timex#d http://ex.org/variable#74	1
http://ex.org/variable#137 http://www.ibm.com/timex#d http://ex.org/variable#75	1
http://ex.org/variable#137 http://www.ibm.com/timex#d http://ex.org/variable#76	1
http://ex.org/variable#137 http://www.ibm.com/timex#d http://ex.org/variable#77	1
http://ex.org/variable#137 http://www.ibm.com/timex#d http://ex.org/variable#78	1
http://ex.org/variable#137 http://www.ibm.com/timex#oi_d http://ex.org/variable#79	1
http://ex.org/variable#137 http://www.ibm.com/timex#d http://ex.org/variable#80	1
http://ex.org/variable#137 http://www.ibm.com/timex#d http://ex.org/variable#81	1
http://ex.org/variable#137 http://www.ibm.com/timex#oi http://ex.org/variable#82	1
http://ex.org/variable#137 http://www.ibm.com/timex#d http://ex.org/variable#83	1
http://ex.org/variable#137 http://www.ibm.com/timex#o http://ex.org/variable#84	1
http://ex.org/variable#137 http://www.ibm.com/timex#b http://ex.org/variable#85	1
http://ex.org/variable#137 http://www.ibm.com/timex#d http://ex.org/variable#86	1
http://ex.org/variable#137 http://www.ibm.com/timex#o http://ex.org/variable#87	1
http://ex.org/variable#137 http://www.ibm.com/timex#b http://ex.org/variable#88	1
http://ex.org/variable#137 http://www.ibm.com/timex#d http://ex.org/variable#89	1
http://ex.org/variable#137 http://www.ibm.com/timex#d http://ex.org/variable#90	1
http://ex.org/variable#137 http://www.ibm.com/timex#d http://ex.org/variable#91	1
http://ex.org/variable#137 http://www.ibm.com/timex#o http://ex.org/variable#92	1
http://ex.org/variable#137 http://www.ibm.com/timex#d http://ex.org/variable#93	1
http://ex.org/variable#137 http://www.ibm.com/timex#d http://ex.org/variable#94	1
http://ex.org/variable#137 http://www.ibm.com/timex#di http://ex.org/variable#95	1
http://ex.org/variable#137 http://www.ibm.com/timex#bi http://ex.org/variable#96	1
http://ex.org/variable#137 http://www.ibm.com/timex#d http://ex.org/variable#97	1
http://ex.org/variable#137 http://www.ibm.com/timex#b http://ex.org/variable#98	1
http://ex.org/variable#137 http://www.ibm.com/timex#b http://ex.org/variable#99	1
http://ex.org/variable#137 http://www.ibm.com/timex#bi http://ex.org/variable#100	1
http://ex.org/variable#137 http://www.ibm.com/timex#d http://ex.org/variable#101	1
http://ex.org/variable#137 http://www.ibm.com/timex#b http://ex.org/variable#102	1
http://ex.org/variable#137 http://www.ibm.com/timex#d http://ex.org/variable#103	1
http://ex.org/variable#137 http://www.ibm.com/timex#b http://ex.org/variable#104	1
http://ex.org/variable#137 http://www.ibm.com/timex#d http://ex.org/variable#105	1
http://ex.org/variable#137 http://www.ibm.com/timex#d http://ex.org/variable#106	1
http://ex.org/variable#137 http://www.ibm.com/timex#d http://ex.org/variable#107	1
http://ex.org/variable#137 http://www.ibm.com/timex#o_di http://ex.org/variable#108	1
http://ex.org/variable#137 http://www.ibm.com/timex#b http://ex.org/variable#109	1
http://ex.org/variable#137 http://www.ibm.com/timex#d http://ex.org/variable#110	1
http://ex.org/variable#137 http://www.ibm.com/timex#d http://ex.org/variable#111	1
http://ex.org/variable#137 http://www.ibm.com/timex#d http://ex.org/variable#112	1
http://ex.org/variable#137 http://www.ibm.com/timex#di http://ex.org/variable#113	1
http://ex.org/variable#137 http://www.ibm.com/timex#d http://ex.org/variable#114	1
http://ex.org/variable#137 http://www.ibm.com/timex#b http://ex.org/variable#115	1
http://ex.org/variable#137 http://www.ibm.com/timex#m http://ex.org/variable#116	1
http://ex.org/variable#137 http://www.ibm.com/timex#oi http://ex.org/variable#117	1
http://ex.org/variable#137 http://www.ibm.com/timex#d http://ex.org/variable#118	1
http://ex.org/variable#137 http://www.ibm.com/timex#d http://ex.org/variable#119	1
http://ex.org/variable#137 http://www.ibm.com/timex#oi http://ex.org/variable#120	1
http://ex.org/variable#137 http://www.ibm.com/timex#b http://ex.org/variable#121	1
http://ex.org/variable#137 http://www.ibm.com/timex#d http://ex.org/variable#122	1
http://ex.org/variable#137 http://www.ibm.com/timex#d http://ex.org/variable#123	1
http://ex.org/variable#137 http://www.ibm.com/timex#oi http://ex.org/variable#124	1
http://ex.org/variable#137 http://www.ibm.com/timex#f http://ex.org/variable#125	1
http://ex.org/variable#137 http://www.ibm.com/timex#o http://ex.org/variable#126	1
http://ex.org/variable#137 http://www.ibm.com/timex#b http://ex.org/variable#127	1
http://ex.org/variable#137 http://www.ibm.com/timex#d http://ex.org/variable#128	1
http://ex.org/variable#137 http://www.ibm.com/timex#oi http://ex.org/variable#129	1
http://ex.org/variable#137 http://www.ibm.com/timex#oi http://ex.org/variable#130	1
http://ex.org/variable#137 http://www.ibm.com/timex#b http://ex.org/variable#131	1
http://ex.org/variable#137 http://www.ibm.com/timex#d http://ex.org/variable#132	1
http://ex.org/variable#137 http://www.ibm.com/timex#o http://ex.org/variable#133	1
http://ex.org/variable#137 http://www.ibm.com/timex#f http://ex.org/variable#134	1
http://ex.org/variable#137 http://www.ibm.com/timex#d http://ex.org/variable#135	1
http://ex.org/variable#137 http://www.ibm.com/timex#d http://ex.org/variable#136	1
http://ex.org/variable#137 http://www.ibm.com/timex#b http://ex.org/variable#138	1
http://ex.org/variable#137 http://www.ibm.com/timex#oi http://ex.org/variable#139	1
http://ex.org/variable#137 http://www.ibm.com/timex#oi http://ex.org/variable#140	1
http://ex.org/variable#137 http://www.ibm.com/timex#d http://ex.org/variable#141	1
http://ex.org/variable#137 http://www.ibm.com/timex#d http://ex.org/variable#142	1
http://ex.org/variable#137 http://www.ibm.com/timex#d http://ex.org/variable#143	1
http://ex.org/variable#137 http://www.ibm.com/timex#d http://ex.org/variable#144	1
http://ex.org/variable#137 http://www.ibm.com/timex#b http://ex.org/variable#145	1
http://ex.org/variable#137 http://www.ibm.com/timex#d http://ex.org/variable#146	1
http://ex.org/variable#137 http://www.ibm.com/timex#d http://ex.org/variable#147	1
http://ex.org/variable#137 http://www.ibm.com/timex#d http://ex.org/variable#148	1
http://ex.org/variable#137 http://www.ibm.com/timex#bi_mi_oi http://ex.org/variable#149	1
http://ex.org/variable#137 http://www.ibm.com/timex#b http://ex.org/variable#150	1
http://ex.org/variable#137 http://www.ibm.com/timex#d http://ex.org/variable#151	1
http://ex.org/variable#137 http://www.ibm.com/timex#bi http://ex.org/variable#152	1
http://ex.org/variable#137 http://www.ibm.com/timex#d http://ex.org/variable#153	1
http://ex.org/variable#137 http://www.ibm.com/timex#eq_fi http://ex.org/variable#154	1
http://ex.org/variable#137 http://www.ibm.com/timex#d http://ex.org/variable#155	1
http://ex.org/variable#137 http://www.ibm.com/timex#d http://ex.org/variable#156	1
http://ex.org/variable#137 http://www.ibm.com/timex#bi http://ex.org/variable#157	1
http://ex.org/variable#137 http://www.ibm.com/timex#d http://ex.org/variable#158	1
http://ex.org/variable#137 http://www.ibm.com/timex#o http://ex.org/variable#159	1
http://ex.org/variable#137 http://www.ibm.com/timex#d http://ex.org/variable#160	1
http://ex.org/variable#137 http://www.ibm.com/timex#eq http://ex.org/variable#161	1
http://ex.org/variable#137 http://www.ibm.com/timex#oi http://ex.org/variable#162	1
http://ex.org/variable#137 http://www.ibm.com/timex#o http://ex.org/variable#163	1
http://ex.org/variable#137 http://www.ibm.com/timex#o_d_s http://ex.org/variable#164	1
http://ex.org/variable#137 http://www.ibm.com/timex#oi http://ex.org/variable#165	1
http://ex.org/variable#137 http://www.ibm.com/timex#d http://ex.org/variable#166	1
http://ex.org/variable#137 http://www.ibm.com/timex#d http://ex.org/variable#167	1
http://ex.org/variable#137 http://www.ibm.com/timex#o http://ex.org/variable#168	1
http://ex.org/variable#137 http://www.ibm.com/timex#d http://ex.org/variable#169	1
http://ex.org/variable#137 http://www.ibm.com/timex#b http://ex.org/variable#170	1
http://ex.org/variable#137 http://www.ibm.com/timex#d http://ex.org/variable#171	1
http://ex.org/variable#137 http://www.ibm.com/timex#bi http://ex.org/variable#172	1
http://ex.org/variable#137 http://www.ibm.com/timex#b http://ex.org/variable#173	1
http://ex.org/variable#137 http://www.ibm.com/timex#o http://ex.org/variable#174	1
http://ex.org/variable#137 http://www.ibm.com/timex#d http://ex.org/variable#175	1
http://ex.org/variable#137 http://www.ibm.com/timex#o http://ex.org/variable#176	1
http://ex.org/variable#137 http://www.ibm.com/timex#d http://ex.org/variable#177	1
http://ex.org/variable#137 http://www.ibm.com/timex#d http://ex.org/variable#178	1
http://ex.org/variable#137 http://www.ibm.com/timex#o http://ex.org/variable#179	1
http://ex.org/variable#137 http://www.ibm.com/timex#bi http://ex.org/variable#180	1
http://ex.org/variable#137 http://www.ibm.com/timex#bi http://ex.org/variable#181	1
http://ex.org/variable#137 http://www.ibm.com/timex#di http://ex.org/variable#182	1
http://ex.org/variable#137 http://www.ibm.com/timex#b http://ex.org/variable#183	1
http://ex.org/variable#137 http://www.ibm.com/timex#d http://ex.org/variable#184	1
http://ex.org/variable#137 http://www.ibm.com/timex#d http://ex.org/variable#185	1
http://ex.org/variable#137 http://www.ibm.com/timex#o http://ex.org/variable#186	1
http://ex.org/variable#137 http://www.ibm.com/timex#d http://ex.org/variable#187	1
http://ex.org/variable#137 http://www.ibm.com/timex#o http://ex.org/variable#188	1
http://ex.org/variable#137 http://www.ibm.com/timex#o http://ex.org/variable#189	1
http://ex.org/variable#138 http://www.ibm.com/timex#d http://ex.org/variable#0	1
http://ex.org/variable#138 http://www.ibm.com/timex#o http://ex.org/variable#1	1
http://ex.org/variable#138 http://www.ibm.com/timex#oi_d_f http://ex.org/variable#2	1
http://ex.org/variable#138 http://www.ibm.com/timex#oi http://ex.org/variable#3	1
http://ex.org/variable#138 http://www.ibm.com/timex#d http://ex.org/variable#4	1
http://ex.org/variable#138 http://www.ibm.com/timex#bi http://ex.org/variable#5	1
http://ex.org/variable#138 http://www.ibm.com/timex#oi http://ex.org/variable#6	1
http://ex.org/variable#138 http://www.ibm.com/timex#d http://ex.org/variable#7	1
http://ex.org/variable#138 http://www.ibm.com/timex#bi http://ex.org/variable#8	1
http://ex.org/variable#138 http://www.ibm.com/timex#d http://ex.org/variable#9	1
http://ex.org/variable#138 http://www.ibm.com/timex#oi http://ex.org/variable#10	1
http://ex.org/variable#138 http://www.ibm.com/timex#oi_d_f http://ex.org/variable#11	1
http://ex.org/variable#138 http://www.ibm.com/timex#d http://ex.org/variable#12	1
http://ex.org/variable#138 http://www.ibm.com/timex#bi http://ex.org/variable#13	1
http://ex.org/variable#138 http://www.ibm.com/timex#bi http://ex.org/variable#14	1
http://ex.org/variable#138 http://www.ibm.com/timex#oi http://ex.org/variable#15	1
http://ex.org/variable#138 http://www.ibm.com/timex#bi http://ex.org/variable#16	1
http://ex.org/variable#138 http://www.ibm.com/timex#di http://ex.org/variable#17	1
http://ex.org/variable#138 http://www.ibm.com/timex#oi http://ex.org/variable#18	1
http://ex.org/variable#138 http://www.ibm.com/timex#bi http://ex.org/variable#19	1
http://ex.org/variable#138 http://www.ibm.com/timex#d http://ex.org/variable#20	1
http://ex.org/variable#138 http://www.ibm.com/timex#oi http://ex.org/variable#21	1
http://ex.org/variable#138 http://www.ibm.com/timex#d http://ex.org/variable#22	1
http://ex.org/variable#138 http://www.ibm.com/timex#bi http://ex.org/variable#23	1
http://ex.org/variable#138 http://www.ibm.com/timex#d http://ex.org/variable#24	1
http://ex.org/variable#138 http://www.ibm.com/timex#bi http://ex.org/variable#25	1
http://ex.org/variable#138 http://www.ibm.com/timex#di_si http://ex.org/variable#26	1
http://ex.org/variable#138 http://www.ibm.com/timex#bi http://ex.org/variable#27	1
http://ex.org/variable#138 http://www.ibm.com/timex#oi http://ex.org/variable#28	1
http://ex.org/variable#138 http://www.ibm.com/timex#oi http://ex.org/variable#29	1
http://ex.org/variable#138 http://www.ibm.com/timex#bi http://ex.org/variable#30	1
http://ex.org/variable#138 http://www.ibm.com/timex#bi http://ex.org/variable#31	1
http://ex.org/variable#138 http://www.ibm.com/timex#bi http://ex.org/variable#32	1
http://ex.org/variable#138 http://www.ibm.com/timex#o_s http://ex.org/variable#33	1
http://ex.org/variable#138 http://www.ibm.com/timex#oi http://ex.org/variable#34	1
http://ex.org/variable#138 http://www.ibm.com/timex#bi http://ex.org/variable#35	1
http://ex.org/variable#138 http://www.ibm.com/timex#bi http://ex.org/variable#36	1
http://ex.org/variable#138 http://www.ibm.com/timex#bi http://ex.org/variable#37	1
http://ex.org/variable#138 http://www.ibm.com/timex#oi http://ex.org/variable#38	1
http://ex.org/variable#138 http://www.ibm.com/timex#oi_di_si http://ex.org/variable#39	1
http://ex.org/variable#138 http://www.ibm.com/timex#mi_oi http://ex.org/variable#40	1
http://ex.org/variable#138 http://www.ibm.com/timex#oi http://ex.org/variable#41	1
http://ex.org/variable#138 http://www.ibm.com/timex#d http://ex.org/variable#42	1
http://ex.org/variable#138 http://www.ibm.com/timex#oi http://ex.org/variable#43	1
http://ex.org/variable#138 http://www.ibm.com/timex#oi http://ex.org/variable#44	1
http://ex.org/variable#138 http://www.ibm.com/timex#d http://ex.org/variable#45	1
http://ex.org/variable#138 http://www.ibm.com/timex#bi http://ex.org/variable#46	1
http://ex.org/variable#138 http://www.ibm.com/timex#oi http://ex.org/variable#47	1
http://ex.org/variable#138 http://www.ibm.com/timex#di http://ex.org/variable#48	1
http://ex.org/variable#138 http://www.ibm.com/timex#bi http://ex.org/variable#49	1
http://ex.org/variable#138 http://www.ibm.com/timex#d http://ex.org/variable#50	1
http://ex.org/variable#138 http://www.ibm.com/timex#di_si http://ex.org/variable#51	1
http://ex.org/variable#138 http://www.ibm.com/timex#oi http://ex.org/variable#52	1
http://ex.org/variable#138 http://www.ibm.com/timex#oi http://ex.org/variable#53	1
http://ex.org/variable#138 http://www.ibm.com/timex#oi http://ex.org/variable#54	1
http://ex.org/variable#138 http://www.ibm.com/timex#oi http://ex.org/variable#55	1
http://ex.org/variable#138 http://www.ibm.com/timex#bi http://ex.org/variable#56	1
http://ex.org/variable#138 http://www.ibm.com/timex#bi http://ex.org/variable#57	1
http://ex.org/variable#138 http://www.ibm.com/timex#oi http://ex.org/variable#58	1
http://ex.org/variable#138 http://www.ibm.com/timex#d http://ex.org/variable#59	1
http://ex.org/variable#138 http://www.ibm.com/timex#d http://ex.org/variable#60	1
http://ex.org/variable#138 http://www.ibm.com/timex#d http://ex.org/variable#61	1
http://ex.org/variable#138 http://www.ibm.com/timex#d http://ex.org/variable#62	1
http://ex.org/variable#138 http://www.ibm.com/timex#oi http://ex.org/variable#63	1
http://ex.org/variable#138 http://www.ibm.com/timex#oi_d_f http://ex.org/variable#64	1
http://ex.org/variable#138 http://www.ibm.com/timex#bi http://ex.org/variable#65	1
http://ex.org/variable#138 http://www.ibm.com/timex#bi http://ex.org/variable#66	1
http://ex.org/variable#138 http://www.ibm.com/timex#d http://ex.org/variable#67	1
http://ex.org/variable#138 http://www.ibm.com/timex#oi_d http://ex.org/variable#68	1
http://ex.org/variable#138 http://www.ibm.com/timex#bi http://ex.org/variable#69	1
http://ex.org/variable#138 http://www.ibm.com/timex#d http://ex.org/variable#70	1
http://ex.org/variable#138 http://www.ibm.com/timex#bi http://ex.org/variable#71	1
http://ex.org/variable#138 http://www.ibm.com/timex#oi http://ex.org/variable#72	1
http://ex.org/variable#138 http://www.ibm.com/timex#oi http://ex.org/variable#73	1
http://ex.org/variable#138 http://www.ibm.com/timex#oi http://ex.org/variable#74	1
http://ex.org/variable#138 http://www.ibm.com/timex#oi http://ex.org/variable#75	1
http://ex.org/variable#138 http://www.ibm.com/timex#oi http://ex.org/variable#76	1
http://ex.org/variable#138 http://www.ibm.com/timex#d http://ex.org/variable#77	1
http://ex.org/variable#138 http://www.ibm.com/timex#oi http://ex.org/variable#78	1
http://ex.org/variable#138 http://www.ibm.com/timex#bi http://ex.org/variable#79	1
http://ex.org/variable#138 http://www.ibm.com/timex#d http://ex.org/variable#80	1
http://ex.org/variable#138 http://www.ibm.com/timex#bi http://ex.org/variable#81	1
http://ex.org/variable#138 http://www.ibm.com/timex#bi http://ex.org/variable#82	1
http://ex.org/variable#138 http://www.ibm.com/timex#oi http://ex.org/variable#83	1
http://ex.org/variable#138 http://www.ibm.com/timex#oi http://ex.org/variable#84	1
http://ex.org/variable#138 http://www.ibm.com/timex#oi http://ex.org/variable#85	1
http://ex.org/variable#138 http://www.ibm.com/timex#d http://ex.org/variable#86	1
http://ex.org/variable#138 http://www.ibm.com/timex#oi_d_f http://ex.org/variable#87	1
http://ex.org/variable#138 http://www.ibm.com/timex#di http://ex.org/variable#88	1
http://ex.org/variable#138 http://www.ibm.com/timex#d http://ex.org/variable#89	1
http://ex.org/variable#138 http://www.ibm.com/timex#oi http://ex.org/variable#90	1
http://ex.org/variable#138 http://www.ibm.com/timex#d http://ex.org/variable#91	1
http://ex.org/variable#138 http://www.ibm.com/timex#d http://ex.org/variable#92	1
http://ex.org/variable#138 http://www.ibm.com/timex#oi http://ex.org/variable#93	1
http://ex.org/variable#138 http://www.ibm.com/timex#bi http://ex.org/variable#94	1
http://ex.org/variable#138 http://www.ibm.com/timex#bi http://ex.org/variable#95	1
http://ex.org/variable#138 http://www.ibm.com/timex#bi http://ex.org/variable#96	1
http://ex.org/variable#138 http://www.ibm.com/timex#oi http://ex.org/variable#97	1
http://ex.org/variable#138 http://www.ibm.com/timex#o_di_fi http://ex.org/variable#98	1
http://ex.org/variable#138 http://www.ibm.com/timex#di_si http://ex.org/variable#99	1
http://ex.org/variable#138 http://www.ibm.com/timex#bi http://ex.org/variable#100	1
http://ex.org/variable#138 http://www.ibm.com/timex#oi_d_f http://ex.org/variable#101	1
http://ex.org/variable#138 http://www.ibm.com/timex#bi http://ex.org/variable#102	1
http://ex.org/variable#138 http://www.ibm.com/timex#oi http://ex.org/variable#103	1
http://ex.org/variable#138 http://www.ibm.com/timex#o_di_fi http://ex.org/variable#104	1
http://ex.org/variable#138 http://www.ibm.com/timex#oi http://ex.org/variable#105	1
http://ex.org/variable#138 http://www.ibm.com/timex#d http://ex.org/variable#106	1
http://ex.org/variable#138 http://www.ibm.com/timex#oi http://ex.org/variable#107	1
http://ex.org/variable#138 http://www.ibm.com/timex#bi http://ex.org/variable#108	1
http://ex.org/variable#138 http://www.ibm.com/timex#bi http://ex.org/variable#109	1
http://ex.org/variable#138 http://www.ibm.com/timex#oi_d_f http://ex.org/variable#110	1
http://ex.org/variable#138 http://www.ibm.com/timex#bi http://ex.org/variable#111	1
http://ex.org/variable#138 http://www.ibm.com/timex#oi http://ex.org/variable#112	1
http://ex.org/variable#138 http://www.ibm.com/timex#bi http://ex.org/variable#113	1
http://ex.org/variable#138 http://www.ibm.com/timex#oi http://ex.org/variable#114	1
http://ex.org/variable#138 http://www.ibm.com/timex#di http://ex.org/variable#115	1
http://ex.org/variable#138 http://www.ibm.com/timex#bi http://ex.org/variable#116	1
http://ex.org/variable#138 http://www.ibm.com/timex#bi http://ex.org/variable#117	1
http://ex.org/variable#138 http://www.ibm.com/timex#bi http://ex.org/variable#118	1
http://ex.org/variable#138 http://www.ibm.com/timex#oi http://ex.org/variable#119	1
http://ex.org/variable#138 http://www.ibm.com/timex#bi http://ex.org/variable#120	1
http://ex.org/variable#138 http://www.ibm.com/timex#di http://ex.org/variable#121	1
http://ex.org/variable#138 http://www.ibm.com/timex#oi http://ex.org/variable#122	1
http://ex.org/variable#138 http://www.ibm.com/timex#d http://ex.org/variable#123	1
http://ex.org/variable#138 http://www.ibm.com/timex#bi http://ex.org/variable#124	1
http://ex.org/variable#138 http://www.ibm.com/timex#bi http://ex.org/variable#125	1
http://ex.org/variable#138 http://www.ibm.com/timex#oi http://ex.org/variable#126	1
http://ex.org/variable#138 http://www.ibm.com/timex#oi http://ex.org/variable#127	1
http://ex.org/variable#138 http://www.ibm.com/timex#d http://ex.org/variable#128	1
http://ex.org/variable#138 http://www.ibm.com/timex#bi http://ex.org/variable#129	1
http://ex.org/variable#138 http://www.ibm.com/timex#bi http://ex.org/variable#130	1
http://ex.org/variable#138 http://www.ibm.com/timex#o http://ex.org/variable#131	1
http://ex.org/variable#138 http://www.ibm.com/timex#oi http://ex.org/variable#132	1
http://ex.org/variable#138 http://www.ibm.com/timex#d http://ex.org/variable#133	1
http://ex.org/variable#138 http://www.ibm.com/timex#bi http://ex.org/variable#134	1
http://ex.org/variable#138 http://www.ibm.com/timex#d http://ex.org/variable#135	1
http://ex.org/variable#138 http://www.ibm.com/timex#d http://ex.org/variable#136	1
http://ex.org/variable#138 http://www.ibm.com/timex#bi http://ex.org/variable#137	1
http://ex.org/variable#138 http://www.ibm.com/timex#bi http://ex.org/variable#139	1
http://ex.org/variable#138 http://www.ibm.com/timex#bi http://ex.org/variable#140	1
http://ex.org/variable#138 http://www.ibm.com/timex#d http://ex.org/variable#141	1
http://ex.org/variable#138 http://www.ibm.com/timex#bi http://ex.org/variable#142	1
http://ex.org/variable#138 http://www.ibm.com/timex#d http://ex.org/variable#143	1
http://ex.org/variable#138 http://www.ibm.com/timex#d http://ex.org/variable#144	1
http://ex.org/variable#138 http://www.ibm.com/timex#oi http://ex.org/variable#145	1
http://ex.org/variable#138 http://www.ibm.com/timex#d http://ex.org/variable#146	1
http://ex.org/variable#138 http://www.ibm.com/timex#oi http://ex.org/variable#147	1
http://ex.org/variable#138 http://www.ibm.com/timex#oi http://ex.org/variable#148	1
http://ex.org/variable#138 http://www.ibm.com/timex#bi http://ex.org/variable#149	1
http://ex.org/variable#138 http://www.ibm.com/timex#o_s http://ex.org/variable#150	1
http://ex.org/variable#138 http://www.ibm.com/timex#d http://ex.org/variable#151	1
http://ex.org/variable#138 http://www.ibm.com/timex#bi http://ex.org/variable#152	1
http://ex.org/variable#138 http://www.ibm.com/timex#d http://ex.org/variable#153	1
http://ex.org/variable#138 http://www.ibm.com/timex#bi http://ex.org/variable#154	1
http://ex.org/variable#138 http://www.ibm.com/timex#oi http://ex.org/variable#155	1
http://ex.org/variable#138 http://www.ibm.com/timex#oi http://ex.org/variable#156	1
http://ex.org/variable#138 http://www.ibm.com/timex#bi http://ex.org/variable#157	1
http://ex.org/variable#138 http://www.ibm.com/timex#bi http://ex.org/variable#158	1
http://ex.org/variable#138 http://www.ibm.com/timex#d http://ex.org/variable#159	1
http://ex.org/variable#138 http://www.ibm.com/timex#oi http://ex.org/variable#160	1
http://ex.org/variable#138 http://www.ibm.com/timex#bi http://ex.org/variable#161	1
http://ex.org/variable#138 http://www.ibm.com/timex#bi http://ex.org/variable#162	1
http://ex.org/variable#138 http://www.ibm.com/timex#oi http://ex.org/variable#163	1
http://ex.org/variable#138 http://www.ibm.com/timex#oi_d_f http://ex.org/variable#164	1
http://ex.org/variable#138 http://www.ibm.com/timex#bi http://ex.org/variable#165	1
http://ex.org/variable#138 http://www.ibm.com/timex#bi http://ex.org/variable#166	1
http://ex.org/variable#138 http://www.ibm.com/timex#oi http://ex.org/variable#167	1
http://ex.org/variable#138 http://www.ibm.com/timex#oi_d http://ex.org/variable#168	1
http://ex.org/variable#138 http://www.ibm.com/timex#oi http://ex.org/variable#169	1
http://ex.org/variable#138 http://www.ibm.com/timex#d http://ex.org/variable#170	1
http://ex.org/variable#138 http://www.ibm.com/timex#bi http://ex.org/variable#171	1
http://ex.org/variable#138 http://www.ibm.com/timex#bi http://ex.org/variable#172	1
http://ex.org/variable#138 http://www.ibm.com/timex#di http://ex.org/variable#173	1
http://ex.org/variable#138 http://www.ibm.com/timex#oi http://ex.org/variable#174	1
http://ex.org/variable#138 http://www.ibm.com/timex#oi http://ex.org/variable#175	1
http://ex.org/variable#138 http://www.ibm.com/timex#d http://ex.org/variable#176	1
http://ex.org/variable#138 http://www.ibm.com/timex#oi http://ex.org/variable#177	1
http://ex.org/variable#138 http://www.ibm.com/timex#d http://ex.org/variable#178	1
http://ex.org/variable#138 http://www.ibm.com/timex#oi http://ex.org/variable#179	1
http://ex.org/variable#138 http://www.ibm.com/timex#bi http://ex.org/variable#180	1
http://ex.org/variable#138 http://www.ibm.com/timex#bi http://ex.org/variable#181	1
http://ex.org/variable#138 http://www.ibm.com/timex#bi http://ex.org/variable#182	1
http://ex.org/variable#138 http://www.ibm.com/timex#oi http://ex.org/variable#183	1
http://ex.org/variable#138 http://www.ibm.com/timex#bi http://ex.org/variable#184	1
http://ex.org/variable#138 http://www.ibm.com/timex#oi http://ex.org/variable#185	1
http://ex.org/variable#138 http://www.ibm.com/timex#oi http://ex.org/variable#186	1
http://ex.org/variable#138 http://www.ibm.com/timex#oi http://ex.org/variable#187	1
http://ex.org/variable#138 http://www.ibm.com/timex#oi http://ex.org/variable#188	1
http://ex.org/variable#138 http://www.ibm.com/timex#bi http://ex.org/variable#189	1
http://ex.org/variable#139 http://www.ibm.com/timex#o http://ex.org/variable#0	1
http://ex.org/variable#139 http://www.ibm.com/timex#b http://ex.org/variable#1	1
http://ex.org/variable#139 http://www.ibm.com/timex#d http://ex.org/variable#2	1
http://ex.org/variable#139 http://www.ibm.com/timex#o http://ex.org/variable#3	1
http://ex.org/variable#139 http://www.ibm.com/timex#o http://ex.org/variable#4	1
http://ex.org/variable#139 http://www.ibm.com/timex#oi_d_f http://ex.org/variable#5	1
http://ex.org/variable#139 http://www.ibm.com/timex#b http://ex.org/variable#6	1
http://ex.org/variable#139 http://www.ibm.com/timex#o http://ex.org/variable#7	1
http://ex.org/variable#139 http://www.ibm.com/timex#bi http://ex.org/variable#8	1
http://ex.org/variable#139 http://www.ibm.com/timex#o http://ex.org/variable#9	1
http://ex.org/variable#139 http://www.ibm.com/timex#o http://ex.org/variable#10	1
http://ex.org/variable#139 http://www.ibm.com/timex#d http://ex.org/variable#11	1
http://ex.org/variable#139 http://www.ibm.com/timex#d http://ex.org/variable#12	1
http://ex.org/variable#139 http://www.ibm.com/timex#oi http://ex.org/variable#13	1
http://ex.org/variable#139 http://www.ibm.com/timex#o http://ex.org/variable#14	1
http://ex.org/variable#139 http://www.ibm.com/timex#d http://ex.org/variable#15	1
http://ex.org/variable#139 http://www.ibm.com/timex#d http://ex.org/variable#16	1
http://ex.org/variable#139 http://www.ibm.com/timex#b http://ex.org/variable#17	1
http://ex.org/variable#139 http://www.ibm.com/timex#d http://ex.org/variable#18	1
http://ex.org/variable#139 http://www.ibm.com/timex#oi http://ex.org/variable#19	1
http://ex.org/variable#139 http://www.ibm.com/timex#d http://ex.org/variable#20	1
http://ex.org/variable#139 http://www.ibm.com/timex#b http://ex.org/variable#21	1
http://ex.org/variable#139 http://www.ibm.com/timex#d http://ex.org/variable#22	1
http://ex.org/variable#139 http://www.ibm.com/timex#oi http://ex.org/variable#23	1
http://ex.org/variable#139 http://www.ibm.com/timex#d http://ex.org/variable#24	1
http://ex.org/variable#139 http://www.ibm.com/timex#bi http://ex.org/variable#25	1
http://ex.org/variable#139 http://www.ibm.com/timex#b http://ex.org/variable#26	1
http://ex.org/variable#139 http://www.ibm.com/timex#oi http://ex.org/variable#27	1
http://ex.org/variable#139 http://www.ibm.com/timex#o http://ex.org/variable#28	1
http://ex.org/variable#139 http://www.ibm.com/timex#o http://ex.org/variable#29	1
http://ex.org/variable#139 http://www.ibm.com/timex#di http://ex.org/variable#30	1
http://ex.org/variable#139 http://www.ibm.com/timex#d http://ex.org/variable#31	1
http://ex.org/variable#139 http://www.ibm.com/timex#oi http://ex.org/variable#32	1
http://ex.org/variable#139 http://www.ibm.com/timex#b http://ex.org/variable#33	1
http://ex.org/variable#139 http://www.ibm.com/timex#d http://ex.org/variable#34	1
http://ex.org/variable#139 http://www.ibm.com/timex#di http://ex.org/variable#35	1
http://ex.org/variable#139 http://www.ibm.com/timex#oi http://ex.org/variable#36	1
http://ex.org/variable#139 http://www.ibm.com/timex#oi http://ex.org/variable#37	1
http://ex.org/variable#139 http://www.ibm.com/timex#d http://ex.org/variable#38	1
http://ex.org/variable#139 http://www.ibm.com/timex#b http://ex.org/variable#39	1
http://ex.org/variable#139 http://www.ibm.com/timex#d http://ex.org/variable#40	1
http://ex.org/variable#139 http://www.ibm.com/timex#d http://ex.org/variable#41	1
http://ex.org/variable#139 http://www.ibm.com/timex#o http://ex.org/variable#42	1
http://ex.org/variable#139 http://www.ibm.com/timex#d http://ex.org/variable#43	1
http://ex.org/variable#139 http://www.ibm.com/timex#d http://ex.org/variable#44	1
http://ex.org/variable#139 http://www.ibm.com/timex#o http://ex.org/variable#45	1
http://ex.org/variable#139 http://www.ibm.com/timex#d http://ex.org/variable#46	1
http://ex.org/variable#139 http://www.ibm.com/timex#d http://ex.org/variable#47	1
http://ex.org/variable#139 http://www.ibm.com/timex#b http://ex.org/variable#48	1
http://ex.org/variable#139 http://www.ibm.com/timex#oi http://ex.org/variable#49	1
http://ex.org/variable#139 http://www.ibm.com/timex#o http://ex.org/variable#50	1
http://ex.org/variable#139 http://www.ibm.com/timex#b http://ex.org/variable#51	1
http://ex.org/variable#139 http://www.ibm.com/timex#d http://ex.org/variable#52	1
http://ex.org/variable#139 http://www.ibm.com/timex#d http://ex.org/variable#53	1
http://ex.org/variable#139 http://www.ibm.com/timex#d http://ex.org/variable#54	1
http://ex.org/variable#139 http://www.ibm.com/timex#o http://ex.org/variable#55	1
http://ex.org/variable#139 http://www.ibm.com/timex#oi http://ex.org/variable#56	1
http://ex.org/variable#139 http://www.ibm.com/timex#d http://ex.org/variable#57	1
http://ex.org/variable#139 http://www.ibm.com/timex#d http://ex.org/variable#58	1
http://ex.org/variable#139 http://www.ibm.com/timex#d http://ex.org/variable#59	1
http://ex.org/variable#139 http://www.ibm.com/timex#d http://ex.org/variable#60	1
http://ex.org/variable#139 http://www.ibm.com/timex#d http://ex.org/variable#61	1
http://ex.org/variable#139 http://www.ibm.com/timex#o http://ex.org/variable#62	1
http://ex.org/variable#139 http://www.ibm.com/timex#d http://ex.org/variable#63	1
http://ex.org/variable#139 http://www.ibm.com/timex#d http://ex.org/variable#64	1
http://ex.org/variable#139 http://www.ibm.com/timex#bi http://ex.org/variable#65	1
http://ex.org/variable#139 http://www.ibm.com/timex#oi http://ex.org/variable#66	1
http://ex.org/variable#139 http://www.ibm.com/timex#d http://ex.org/variable#67	1
http://ex.org/variable#139 http://www.ibm.com/timex#o http://ex.org/variable#68	1
http://ex.org/variable#139 http://www.ibm.com/timex#o http://ex.org/variable#69	1
http://ex.org/variable#139 http://www.ibm.com/timex#d http://ex.org/variable#70	1
http://ex.org/variable#139 http://www.ibm.com/timex#d http://ex.org/variable#71	1
http://ex.org/variable#139 http://www.ibm.com/timex#o http://ex.org/variable#72	1
http://ex.org/variable#139 http://www.ibm.com/timex#d http://ex.org/variable#73	1
http://ex.org/variable#139 http://www.ibm.com/timex#d http://ex.org/variable#74	1
http://ex.org/variable#139 http://www.ibm.com/timex#d http://ex.org/variable#75	1
http://ex.org/variable#139 http://www.ibm.com/timex#d http://ex.org/variable#76	1
http://ex.org/variable#139 http://www.ibm.com/timex#d http://ex.org/variable#77	1
http://ex.org/variable#139 http://www.ibm.com/timex#o http://ex.org/variable#78	1
http://ex.org/variable#139 http://www.ibm.com/timex#d http://ex.org/variable#79	1
http://ex.org/variable#139 http://www.ibm.com/timex#d http://ex.org/variable#80	1
http://ex.org/variable#139 http://www.ibm.com/timex#d http://ex.org/variable#81	1
http://ex.org/variable#139 http://www.ibm.com/timex#oi http://ex.org/variable#82	1
http://ex.org/variable#139 http://www.ibm.com/timex#d http://ex.org/variable#83	1
http://ex.org/variable#139 http://www.ibm.com/timex#o http://ex.org/variable#84	1
http://ex.org/variable#139 http://www.ibm.com/timex#b http://ex.org/variable#85	1
http://ex.org/variable#139 http://www.ibm.com/timex#d http://ex.org/variable#86	1
http://ex.org/variable#139 http://www.ibm.com/timex#o http://ex.org/variable#87	1
http://ex.org/variable#139 http://www.ibm.com/timex#b http://ex.org/variable#88	1
http://ex.org/variable#139 http://www.ibm.com/timex#o_d_s http://ex.org/variable#89	1
http://ex.org/variable#139 http://www.ibm.com/timex#o http://ex.org/variable#90	1
http://ex.org/variable#139 http://www.ibm.com/timex#d http://ex.org/variable#91	1
http://ex.org/variable#139 http://www.ibm.com/timex#o http://ex.org/variable#92	1
http://ex.org/variable#139 http://www.ibm.com/timex#d http://ex.org/variable#93	1
http://ex.org/variable#139 http://www.ibm.com/timex#d http://ex.org/variable#94	1
http://ex.org/variable#139 http://www.ibm.com/timex#di http://ex.org/variable#95	1
http://ex.org/variable#139 http://www.ibm.com/timex#bi http://ex.org/variable#96	1
http://ex.org/variable#139 http://www.ibm.com/timex#o http://ex.org/variable#97	1
http://ex.org/variable#139 http://www.ibm.com/timex#b http://ex.org/variable#98	1
http://ex.org/variable#139 http://www.ibm.com/timex#b http://ex.org/variable#99	1
http://ex.org/variable#139 http://www.ibm.com/timex#oi http://ex.org/variable#100	1
http://ex.org/variable#139 http://www.ibm.com/timex#o http://ex.org/variable#101	1
http://ex.org/variable#139 http://www.ibm.com/timex#b http://ex.org/variable#102	1
http://ex.org/variable#139 http://www.ibm.com/timex#d http://ex.org/variable#103	1
http://ex.org/variable#139 http://www.ibm.com/timex#b http://ex.org/variable#104	1
http://ex.org/variable#139 http://www.ibm.com/timex#d http://ex.org/variable#105	1
http://ex.org/variable#139 http://www.ibm.com/timex#d http://ex.org/variable#106	1
http://ex.org/variable#139 http://www.ibm.com/timex#o http://ex.org/variable#107	1
http://ex.org/variable#139 http://www.ibm.com/timex#o_di_fi http://ex.org/variable#108	1
http://ex.org/variable#139 http://www.ibm.com/timex#b http://ex.org/variable#109	1
http://ex.org/variable#139 http://www.ibm.com/timex#d http://ex.org/variable#110	1
http://ex.org/variable#139 http://www.ibm.com/timex#d http://ex.org/variable#111	1
http://ex.org/variable#139 http://www.ibm.com/timex#d http://ex.org/variable#112	1
http://ex.org/variable#139 http://www.ibm.com/timex#di_fi http://ex.org/variable#113	1
http://ex.org/variable#139 http://www.ibm.com/timex#d http://ex.org/variable#114	1
http://ex.org/variable#139 http://www.ibm.com/timex#b http://ex.org/variable#115	1
http://ex.org/variable#139 http://www.ibm.com/timex#b http://ex.org/variable#116	1
http://ex.org/variable#139 http://www.ibm.com/timex#oi http://ex.org/variable#117	1
http://ex.org/variable#139 http://www.ibm.com/timex#d http://ex.org/variable#118	1
http://ex.org/variable#139 http://www.ibm.com/timex#d http://ex.org/variable#119	1
http://ex.org/variable#139 http://www.ibm.com/timex#oi http://ex.org/variable#120	1
http://ex.org/variable#139 http://www.ibm.com/timex#b http://ex.org/variable#121	1
http://ex.org/variable#139 http://www.ibm.com/timex#d http://ex.org/variable#122	1
http://ex.org/variable#139 http://www.ibm.com/timex#o http://ex.org/variable#123	1
http://ex.org/variable#139 http://www.ibm.com/timex#oi http://ex.org/variable#124	1
http://ex.org/variable#139 http://www.ibm.com/timex#d http://ex.org/variable#125	1
http://ex.org/variable#139 http://www.ibm.com/timex#o http://ex.org/variable#126	1
http://ex.org/variable#139 http://www.ibm.com/timex#b http://ex.org/variable#127	1
http://ex.org/variable#139 http://www.ibm.com/timex#o http://ex.org/variable#128	1
http://ex.org/variable#139 http://www.ibm.com/timex#oi http://ex.org/variable#129	1
http://ex.org/variable#139 http://www.ibm.com/timex#oi http://ex.org/variable#130	1
http://ex.org/variable#139 http://www.ibm.com/timex#b http://ex.org/variable#131	1
http://ex.org/variable#139 http://www.ibm.com/timex#d http://ex.org/variable#132	1
http://ex.org/variable#139 http://www.ibm.com/timex#o http://ex.org/variable#133	1
http://ex.org/variable#139 http://www.ibm.com/timex#d http://ex.org/variable#134	1
http://ex.org/variable#139 http://www.ibm.com/timex#d http://ex.org/variable#135	1
http://ex.org/variable#139 http://www.ibm.com/timex#d http://ex.org/variable#136	1
http://ex.org/variable#139 http://www.ibm.com/timex#o http://ex.org/variable#137	1
http://ex.org/variable#139 http://www.ibm.com/timex#b http://ex.org/variable#138	1
http://ex.org/variable#139 http://www.ibm.com/timex#o http://ex.org/variable#140	1
http://ex.org/variable#139 http://www.ibm.com/timex#d http://ex.org/variable#141	1
http://ex.org/variable#139 http://www.ibm.com/timex#d http://ex.org/variable#142	1
http://ex.org/variable#139 http://www.ibm.com/timex#d http://ex.org/variable#143	1
http://ex.org/variable#139 http://www.ibm.com/timex#o http://ex.org/variable#144	1
http://ex.org/variable#139 http://www.ibm.com/timex#b http://ex.org/variable#145	1
http://ex.org/variable#139 http://www.ibm.com/timex#o http://ex.org/variable#146	1
http://ex.org/variable#139 http://www.ibm.com/timex#d http://ex.org/variable#147	1
http://ex.org/variable#139 http://www.ibm.com/timex#o http://ex.org/variable#148	1
http://ex.org/variable#139 http://www.ibm.com/timex#oi http://ex.org/variable#149	1
http://ex.org/variable#139 http://www.ibm.com/timex#b http://ex.org/variable#150	1
http://ex.org/variable#139 http://www.ibm.com/timex#o http://ex.org/variable#151	1
http://ex.org/variable#139 http://www.ibm.com/timex#bi http://ex.org/variable#152	1
http://ex.org/variable#139 http://www.ibm.com/timex#d http://ex.org/variable#153	1
http://ex.org/variable#139 http://www.ibm.com/timex#o http://ex.org/variable#154	1
http://ex.org/variable#139 http://www.ibm.com/timex#d http://ex.org/variable#155	1
http://ex.org/variable#139 http://www.ibm.com/timex#d http://ex.org/variable#156	1
http://ex.org/variable#139 http://www.ibm.com/timex#bi http://ex.org/variable#157	1
http://ex.org/variable#139 http://www.ibm.com/timex#d http://ex.org/variable#158	1
http://ex.org/variable#139 http://www.ibm.com/timex#o http://ex.org/variable#159	1
http://ex.org/variable#139 http://www.ibm.com/timex#o http://ex.org/variable#160	1
http://ex.org/variable#139 http://www.ibm.com/timex#o http://ex.org/variable#161	1
http://ex.org/variable#139 http://www.ibm.com/timex#oi_d http://ex.org/variable#162	1
http://ex.org/variable#139 http://www.ibm.com/timex#o http://ex.org/variable#163	1
http://ex.org/variable#139 http://www.ibm.com/timex#o http://ex.org/variable#164	1
http://ex.org/variable#139 http://www.ibm.com/timex#o http://ex.org/variable#165	1
http://ex.org/variable#139 http://www.ibm.com/timex#d http://ex.org/variable#166	1
http://ex.org/variable#139 http://www.ibm.com/timex#d http://ex.org/variable#167	1
http://ex.org/variable#139 http://www.ibm.com/timex#o http://ex.org/variable#168	1
http://ex.org/variable#139 http://www.ibm.com/timex#d http://ex.org/variable#169	1
http://ex.org/variable#139 http://www.ibm.com/timex#b http://ex.org/variable#170	1
http://ex.org/variable#139 http://www.ibm.com/timex#d http://ex.org/variable#171	1
http://ex.org/variable#139 http://www.ibm.com/timex#bi http://ex.org/variable#172	1
http://ex.org/variable#139 http://www.ibm.com/timex#b http://ex.org/variable#173	1
http://ex.org/variable#139 http://www.ibm.com/timex#o http://ex.org/variable#174	1
http://ex.org/variable#139 http://www.ibm.com/timex#d http://ex.org/variable#175	1
http://ex.org/variable#139 http://www.ibm.com/timex#o http://ex.org/variable#176	1
http://ex.org/variable#139 http://www.ibm.com/timex#o_s http://ex.org/variable#177	1
http://ex.org/variable#139 http://www.ibm.com/timex#o http://ex.org/variable#178	1
http://ex.org/variable#139 http://www.ibm.com/timex#o http://ex.org/variable#179	1
http://ex.org/variable#139 http://www.ibm.com/timex#bi http://ex.org/variable#180	1
http://ex.org/variable#139 http://www.ibm.com/timex#oi http://ex.org/variable#181	1
http://ex.org/variable#139 http://www.ibm.com/timex#o http://ex.org/variable#182	1
http://ex.org/variable#139 http://www.ibm.com/timex#b http://ex.org/variable#183	1
http://ex.org/variable#139 http://www.ibm.com/timex#d http://ex.org/variable#184	1
http://ex.org/variable#139 http://www.ibm.com/timex#o http://ex.org/variable#185	1
http://ex.org/variable#139 http://www.ibm.com/timex#o http://ex.org/variable#186	1
http://ex.org/variable#139 http://www.ibm.com/timex#d http://ex.org/variable#187	1
http://ex.org/variable#139 http://www.ibm.com/timex#o http://ex.org/variable#188	1
http://ex.org/variable#139 http://www.ibm.com/timex#o http://ex.org/variable#189	1
http://ex.org/variable#140 http://www.ibm.com/timex#o http://ex.org/variable#0	1
http://ex.org/variable#140 http://www.ibm.com/timex#b http://ex.org/variable#1	1
http://ex.org/variable#140 http://www.ibm.com/timex#d http://ex.org/variable#2	1
http://ex.org/variable#140 http://www.ibm.com/timex#o http://ex.org/variable#3	1
http://ex.org/variable#140 http://www.ibm.com/timex#o http://ex.org/variable#4	1
http://ex.org/variable#140 http://www.ibm.com/timex#oi_d_f http://ex.org/variable#5	1
http://ex.org/variable#140 http://www.ibm.com/timex#b http://ex.org/variable#6	1
http://ex.org/variable#140 http://www.ibm.com/timex#d http://ex.org/variable#7	1
http://ex.org/variable#140 http://www.ibm.com/timex#bi http://ex.org/variable#8	1
http://ex.org/variable#140 http://www.ibm.com/timex#o http://ex.org/variable#9	1
http://ex.org/variable#140 http://www.ibm.com/timex#o http://ex.org/variable#10	1
http://ex.org/variable#140 http://www.ibm.com/timex#d http://ex.org/variable#11	1
http://ex.org/variable#140 http://www.ibm.com/timex#d http://ex.org/variable#12	1
http://ex.org/variable#140 http://www.ibm.com/timex#oi http://ex.org/variable#13	1
http://ex.org/variable#140 http://www.ibm.com/timex#o http://ex.org/variable#14	1
http://ex.org/variable#140 http://www.ibm.com/timex#d http://ex.org/variable#15	1
http://ex.org/variable#140 http://www.ibm.com/timex#d http://ex.org/variable#16	1
http://ex.org/variable#140 http://www.ibm.com/timex#b http://ex.org/variable#17	1
http://ex.org/variable#140 http://www.ibm.com/timex#d http://ex.org/variable#18	1
http://ex.org/variable#140 http://www.ibm.com/timex#oi http://ex.org/variable#19	1
http://ex.org/variable#140 http://www.ibm.com/timex#d http://ex.org/variable#20	1
http://ex.org/variable#140 http://www.ibm.com/timex#b http://ex.org/variable#21	1
http://ex.org/variable#140 http://www.ibm.com/timex#d http://ex.org/variable#22	1
http://ex.org/variable#140 http://www.ibm.com/timex#oi http://ex.org/variable#23	1
http://ex.org/variable#140 http://www.ibm.com/timex#d http://ex.org/variable#24	1
http://ex.org/variable#140 http://www.ibm.com/timex#bi http://ex.org/variable#25	1
http://ex.org/variable#140 http://www.ibm.com/timex#b http://ex.org/variable#26	1
http://ex.org/variable#140 http://www.ibm.com/timex#oi http://ex.org/variable#27	1
http://ex.org/variable#140 http://www.ibm.com/timex#o http://ex.org/variable#28	1
http://ex.org/variable#140 http://www.ibm.com/timex#o http://ex.org/variable#29	1
http://ex.org/variable#140 http://www.ibm.com/timex#di http://ex.org/variable#30	1
http://ex.org/variable#140 http://www.ibm.com/timex#oi_f http://ex.org/variable#31	1
http://ex.org/variable#140 http://www.ibm.com/timex#oi http://ex.org/variable#32	1
http://ex.org/variable#140 http://www.ibm.com/timex#b http://ex.org/variable#33	1
http://ex.org/variable#140 http://www.ibm.com/timex#d http://ex.org/variable#34	1
http://ex.org/variable#140 http://www.ibm.com/timex#di http://ex.org/variable#35	1
http://ex.org/variable#140 http://www.ibm.com/timex#oi http://ex.org/variable#36	1
http://ex.org/variable#140 http://www.ibm.com/timex#oi http://ex.org/variable#37	1
http://ex.org/variable#140 http://www.ibm.com/timex#d http://ex.org/variable#38	1
http://ex.org/variable#140 http://www.ibm.com/timex#b http://ex.org/variable#39	1
http://ex.org/variable#140 http://www.ibm.com/timex#d http://ex.org/variable#40	1
http://ex.org/variable#140 http://www.ibm.com/timex#d http://ex.org/variable#41	1
http://ex.org/variable#140 http://www.ibm.com/timex#d http://ex.org/variable#42	1
http://ex.org/variable#140 http://www.ibm.com/timex#d http://ex.org/variable#43	1
http://ex.org/variable#140 http://www.ibm.com/timex#d http://ex.org/variable#44	1
http://ex.org/variable#140 http://www.ibm.com/timex#o http://ex.org/variable#45	1
http://ex.org/variable#140 http://www.ibm.com/timex#d http://ex.org/variable#46	1
http://ex.org/variable#140 http://www.ibm.com/timex#d http://ex.org/variable#47	1
http://ex.org/variable#140 http://www.ibm.com/timex#b http://ex.org/variable#48	1
http://ex.org/variable#140 http://www.ibm.com/timex#oi http://ex.org/variable#49	1
http://ex.org/variable#140 http://www.ibm.com/timex#o http://ex.org/variable#50	1
http://ex.org/variable#140 http://www.ibm.com/timex#b http://ex.org/variable#51	1
http://ex.org/variable#140 http://www.ibm.com/timex#d http://ex.org/variable#52	1
http://ex.org/variable#140 http://www.ibm.com/timex#d http://ex.org/variable#53	1
http://ex.org/variable#140 http://www.ibm.com/timex#d http://ex.org/variable#54	1
http://ex.org/variable#140 http://www.ibm.com/timex#o http://ex.org/variable#55	1
http://ex.org/variable#140 http://www.ibm.com/timex#oi http://ex.org/variable#56	1
http://ex.org/variable#140 http://www.ibm.com/timex#d http://ex.org/variable#57	1
http://ex.org/variable#140 http://www.ibm.com/timex#d http://ex.org/variable#58	1
http://ex.org/variable#140 http://www.ibm.com/timex#d http://ex.org/variable#59	1
http://ex.org/variable#140 http://www.ibm.com/timex#d http://ex.org/variable#60	1
http://ex.org/variable#140 http://www.ibm.com/timex#d http://ex.org/variable#61	1
http://ex.org/variable#140 http://www.ibm.com/timex#d http://ex.org/variable#62	1
http://ex.org/variable#140 http://www.ibm.com/timex#d http://ex.org/variable#63	1
http://ex.org/variable#140 http://www.ibm.com/timex#d http://ex.org/variable#64	1
http://ex.org/variable#140 http://www.ibm.com/timex#bi http://ex.org/variable#65	1
http://ex.org/variable#140 http://www.ibm.com/timex#oi http://ex.org/variable#66	1
http://ex.org/variable#140 http://www.ibm.com/timex#d http://ex.org/variable#67	1
http://ex.org/variable#140 http://www.ibm.com/timex#d http://ex.org/variable#68	1
http://ex.org/variable#140 http://www.ibm.com/timex#d http://ex.org/variable#69	1
http://ex.org/variable#140 http://www.ibm.com/timex#d http://ex.org/variable#70	1
http://ex.org/variable#140 http://www.ibm.com/timex#d http://ex.org/variable#71	1
http://ex.org/variable#140 http://www.ibm.com/timex#o http://ex.org/variable#72	1
http://ex.org/variable#140 http://www.ibm.com/timex#d http://ex.org/variable#73	1
http://ex.org/variable#140 http://www.ibm.com/timex#d http://ex.org/variable#74	1
http://ex.org/variable#140 http://www.ibm.com/timex#d http://ex.org/variable#75	1
http://ex.org/variable#140 http://www.ibm.com/timex#d http://ex.org/variable#76	1
http://ex.org/variable#140 http://www.ibm.com/timex#d http://ex.org/variable#77	1
http://ex.org/variable#140 http://www.ibm.com/timex#d http://ex.org/variable#78	1
http://ex.org/variable#140 http://www.ibm.com/timex#oi_d_f http://ex.org/variable#79	1
http://ex.org/variable#140 http://www.ibm.com/timex#d http://ex.org/variable#80	1
http://ex.org/variable#140 http://www.ibm.com/timex#d http://ex.org/variable#81	1
http://ex.org/variable#140 http://www.ibm.com/timex#oi http://ex.org/variable#82	1
http://ex.org/variable#140 http://www.ibm.com/timex#d http://ex.org/variable#83	1
http://ex.org/variable#140 http://www.ibm.com/timex#o http://ex.org/variable#84	1
http://ex.org/variable#140 http://www.ibm.com/timex#b http://ex.org/variable#85	1
http://ex.org/variable#140 http://www.ibm.com/timex#d http://ex.org/variable#86	1
http://ex.org/variable#140 http://www.ibm.com/timex#o http://ex.org/variable#87	1
http://ex.org/variable#140 http://www.ibm.com/timex#b http://ex.org/variable#88	1
http://ex.org/variable#140 http://www.ibm.com/timex#d http://ex.org/variable#89	1
http://ex.org/variable#140 http://www.ibm.com/timex#o http://ex.org/variable#90	1
http://ex.org/variable#140 http://www.ibm.com/timex#d http://ex.org/variable#91	1
http://ex.org/variable#140 http://www.ibm.com/timex#o http://ex.org/variable#92	1
http://ex.org/variable#140 http://www.ibm.com/timex#d http://ex.org/variable#93	1
http://ex.org/variable#140 http://www.ibm.com/timex#d http://ex.org/variable#94	1
http://ex.org/variable#140 http://www.ibm.com/timex#di http://ex.org/variable#95	1
http://ex.org/variable#140 http://www.ibm.com/timex#bi http://ex.org/variable#96	1
http://ex.org/variable#140 http://www.ibm.com/timex#o http://ex.org/variable#97	1
http://ex.org/variable#140 http://www.ibm.com/timex#b http://ex.org/variable#98	1
http://ex.org/variable#140 http://www.ibm.com/timex#b http://ex.org/variable#99	1
http://ex.org/variable#140 http://www.ibm.com/timex#oi http://ex.org/variable#100	1
http://ex.org/variable#140 http://www.ibm.com/timex#d http://ex.org/variable#101	1
http://ex.org/variable#140 http://www.ibm.com/timex#b http://ex.org/variable#102	1
http://ex.org/variable#140 http://www.ibm.com/timex#d http://ex.org/variable#103	1
http://ex.org/variable#140 http://www.ibm.com/timex#b http://ex.org/variable#104	1
http://ex.org/variable#140 http://www.ibm.com/timex#d http://ex.org/variable#105	1
http://ex.org/variable#140 http://www.ibm.com/timex#d http://ex.org/variable#106	1
http://ex.org/variable#140 http://www.ibm.com/timex#d http://ex.org/variable#107	1
http://ex.org/variable#140 http://www.ibm.com/timex#o_di_fi http://ex.org/variable#108	1
http://ex.org/variable#140 http://www.ibm.com/timex#b http://ex.org/variable#109	1
http://ex.org/variable#140 http://www.ibm.com/timex#d http://ex.org/variable#110	1
http://ex.org/variable#140 http://www.ibm.com/timex#d http://ex.org/variable#111	1
http://ex.org/variable#140 http://www.ibm.com/timex#d http://ex.org/variable#112	1
http://ex.org/variable#140 http://www.ibm.com/timex#di http://ex.org/variable#113	1
http://ex.org/variable#140 http://www.ibm.com/timex#d http://ex.org/variable#114	1
http://ex.org/variable#140 http://www.ibm.com/timex#b http://ex.org/variable#115	1
http://ex.org/variable#140 http://www.ibm.com/timex#b http://ex.org/variable#116	1
http://ex.org/variable#140 http://www.ibm.com/timex#oi http://ex.org/variable#117	1
http://ex.org/variable#140 http://www.ibm.com/timex#d http://ex.org/variable#118	1
http://ex.org/variable#140 http://www.ibm.com/timex#d http://ex.org/variable#119	1
http://ex.org/variable#140 http://www.ibm.com/timex#oi http://ex.org/variable#120	1
http://ex.org/variable#140 http://www.ibm.com/timex#b http://ex.org/variable#121	1
http://ex.org/variable#140 http://www.ibm.com/timex#d http://ex.org/variable#122	1
http://ex.org/variable#140 http://www.ibm.com/timex#o http://ex.org/variable#123	1
http://ex.org/variable#140 http://www.ibm.com/timex#oi http://ex.org/variable#124	1
http://ex.org/variable#140 http://www.ibm.com/timex#d http://ex.org/variable#125	1
http://ex.org/variable#140 http://www.ibm.com/timex#o http://ex.org/variable#126	1
http://ex.org/variable#140 http://www.ibm.com/timex#b http://ex.org/variable#127	1
http://ex.org/variable#140 http://www.ibm.com/timex#o http://ex.org/variable#128	1
http://ex.org/variable#140 http://www.ibm.com/timex#oi http://ex.org/variable#129	1
http://ex.org/variable#140 http://www.ibm.com/timex#oi http://ex.org/variable#130	1
http://ex.org/variable#140 http://www.ibm.com/timex#b http://ex.org/variable#131	1
http://ex.org/variable#140 http://www.ibm.com/timex#d http://ex.org/variable#132	1
http://ex.org/variable#140 http://www.ibm.com/timex#o http://ex.org/variable#133	1
http://ex.org/variable#140 http://www.ibm.com/timex#d http://ex.org/variable#134	1
http://ex.org/variable#140 http://www.ibm.com/timex#d http://ex.org/variable#135	1
http://ex.org/variable#140 http://www.ibm.com/timex#d http://ex.org/variable#136	1
http://ex.org/variable#140 http://www.ibm.com/timex#o http://ex.org/variable#137	1
http://ex.org/variable#140 http://www.ibm.com/timex#b http://ex.org/variable#138	1
http://ex.org/variable#140 http://www.ibm.com/timex#oi http://ex.org/variable#139	1
http://ex.org/variable#140 http://www.ibm.com/timex#d http://ex.org/variable#141	1
http://ex.org/variable#140 http://www.ibm.com/timex#d http://ex.org/variable#142	1
http://ex.org/variable#140 http://www.ibm.com/timex#d http://ex.org/variable#143	1
http://ex.org/variable#140 http://www.ibm.com/timex#d http://ex.org/variable#144	1
http://ex.org/variable#140 http://www.ibm.com/timex#b http://ex.org/variable#145	1
http://ex.org/variable#140 http://www.ibm.com/timex#o http://ex.org/variable#146	1
http://ex.org/variable#140 http://www.ibm.com/timex#d http://ex.org/variable#147	1
http://ex.org/variable#140 http://www.ibm.com/timex#d http://ex.org/variable#148	1
http://ex.org/variable#140 http://www.ibm.com/timex#oi http://ex.org/variable#149	1
http://ex.org/variable#140 http://www.ibm.com/timex#b http://ex.org/variable#150	1
http://ex.org/variable#140 http://www.ibm.com/timex#d http://ex.org/variable#151	1
http://ex.org/variable#140 http://www.ibm.com/timex#bi http://ex.org/variable#152	1
http://ex.org/variable#140 http://www.ibm.com/timex#d http://ex.org/variable#153	1
http://ex.org/variable#140 http://www.ibm.com/timex#o http://ex.org/variable#154	1
http://ex.org/variable#140 http://www.ibm.com/timex#d http://ex.org/variable#155	1
http://ex.org/variable#140 http://www.ibm.com/timex#d http://ex.org/variable#156	1
http://ex.org/variable#140 http://www.ibm.com/timex#bi http://ex.org/variable#157	1
http://ex.org/variable#140 http://www.ibm.com/timex#d http://ex.org/variable#158	1
http://ex.org/variable#140 http://www.ibm.com/timex#o http://ex.org/variable#159	1
http://ex.org/variable#140 http://www.ibm.com/timex#d http://ex.org/variable#160	1
http://ex.org/variable#140 http://www.ibm.com/timex#o http://ex.org/variable#161	1
http://ex.org/variable#140 http://www.ibm.com/timex#oi http://ex.org/variable#162	1
http://ex.org/variable#140 http://www.ibm.com/timex#o http://ex.org/variable#163	1
http://ex.org/variable#140 http://www.ibm.com/timex#o http://ex.org/variable#164	1
http://ex.org/variable#140 http://www.ibm.com/timex#o http://ex.org/variable#165	1
http://ex.org/variable#140 http://www.ibm.com/timex#d http://ex.org/variable#166	1
http://ex.org/variable#140 http://www.ibm.com/timex#d http://ex.org/variable#167	1
http://ex.org/variable#140 http://www.ibm.com/timex#o http://ex.org/variable#168	1
http://ex.org/variable#140 http://www.ibm.com/timex#d http://ex.org/variable#169	1
http://ex.org/variable#140 http://www.ibm.com/timex#b http://ex.org/variable#170	1
http://ex.org/variable#140 http://www.ibm.com/timex#d http://ex.org/variable#171	1
http://ex.org/variable#140 http://www.ibm.com/timex#bi http://ex.org/variable#172	1
http://ex.org/variable#140 http://www.ibm.com/timex#b http://ex.org/variable#173	1
http://ex.org/variable#140 http://www.ibm.com/timex#o http://ex.org/variable#174	1
http://ex.org/variable#140 http://www.ibm.com/timex#d http://ex.org/variable#175	1
http://ex.org/variable#140 http://www.ibm.com/timex#o http://ex.org/variable#176	1
http://ex.org/variable#140 http://www.ibm.com/timex#d http://ex.org/variable#177	1
http://ex.org/variable#140 http://www.ibm.com/timex#d http://ex.org/variable#178	1
http://ex.org/variable#140 http://www.ibm.com/timex#o http://ex.org/variable#179	1
http://ex.org/variable#140 http://www.ibm.com/timex#bi http://ex.org/variable#180	1
http://ex.org/variable#140 http://www.ibm.com/timex#oi http://ex.org/variable#181	1
http://ex.org/variable#140 http://www.ibm.com/timex#di_fi http://ex.org/variable#182	1
http://ex.org/variable#140 http://www.ibm.com/timex#b http://ex.org/variable#183	1
http://ex.org/variable#140 http://www.ibm.com/timex#d http://ex.org/variable#184	1
http://ex.org/variable#140 http://www.ibm.com/timex#d http://ex.org/variable#185	1
http://ex.org/variable#140 http://www.ibm.com/timex#o http://ex.org/variable#186	1
http://ex.org/variable#140 http://www.ibm.com/timex#d http://ex.org/variable#187	1
http://ex.org/variable#140 http://www.ibm.com/timex#o http://ex.org/variable#188	1
http://ex.org/variable#140 http://www.ibm.com/timex#o http://ex.org/variable#189	1
http://ex.org/variable#141 http://www.ibm.com/timex#o_di_fi http://ex.org/variable#0	1
http://ex.org/variable#141 http://www.ibm.com/timex#o_di_fi http://ex.org/variable#1	1
http://ex.org/variable#141 http://www.ibm.com/timex#di http://ex.org/variable#2	1
http://ex.org/variable#141 http://www.ibm.com/timex#di http://ex.org/variable#3	1
http://ex.org/variable#141 http://www.ibm.com/timex#o_di_fi http://ex.org/variable#4	1
http://ex.org/variable#141 http://www.ibm.com/timex#di http://ex.org/variable#5	1
http://ex.org/variable#141 http://www.ibm.com/timex#di http://ex.org/variable#6	1
http://ex.org/variable#141 http://www.ibm.com/timex#di http://ex.org/variable#7	1
http://ex.org/variable#141 http://www.ibm.com/timex#di http://ex.org/variable#8	1
http://ex.org/variable#141 http://www.ibm.com/timex#o http://ex.org/variable#9	1
http://ex.org/variable#141 http://www.ibm.com/timex#di http://ex.org/variable#10	1
http://ex.org/variable#141 http://www.ibm.com/timex#di http://ex.org/variable#11	1
http://ex.org/variable#141 http://www.ibm.com/timex#oi_d_f http://ex.org/variable#12	1
http://ex.org/variable#141 http://www.ibm.com/timex#di http://ex.org/variable#13	1
http://ex.org/variable#141 http://www.ibm.com/timex#di http://ex.org/variable#14	1
http://ex.org/variable#141 http://www.ibm.com/timex#di http://ex.org/variable#15	1
http://ex.org/variable#141 http://www.ibm.com/timex#di http://ex.org/variable#16	1
http://ex.org/variable#141 http://www.ibm.com/timex#di http://ex.org/variable#17	1
http://ex.org/variable#141 http://www.ibm.com/timex#di http://ex.org/variable#18	1
http://ex.org/variable#141 http://www.ibm.com/timex#di http://ex.org/variable#19	1
http://ex.org/variable#141 http://www.ibm.com/timex#o http://ex.org/variable#20	1
http://ex.org/variable#141 http://www.ibm.com/timex#di http://ex.org/variable#21	1
http://ex.org/variable#141 http://www.ibm.com/timex#o_di http://ex.org/variable#22	1
http://ex.org/variable#141 http://www.ibm.com/timex#di http://ex.org/variable#23	1
http://ex.org/variable#141 http://www.ibm.com/timex#di http://ex.org/variable#24	1
http://ex.org/variable#141 http://www.ibm.com/timex#di http://ex.org/variable#25	1
http://ex.org/variable#141 http://www.ibm.com/timex#di http://ex.org/variable#26	1
http://ex.org/variable#141 http://www.ibm.com/timex#oi http://ex.org/variable#27	1
http://ex.org/variable#141 http://www.ibm.com/timex#di http://ex.org/variable#28	1
http://ex.org/variable#141 http://www.ibm.com/timex#di http://ex.org/variable#29	1
http://ex.org/variable#141 http://www.ibm.com/timex#di http://ex.org/variable#30	1
http://ex.org/variable#141 http://www.ibm.com/timex#oi http://ex.org/variable#31	1
http://ex.org/variable#141 http://www.ibm.com/timex#di http://ex.org/variable#32	1
http://ex.org/variable#141 http://www.ibm.com/timex#o_di_fi http://ex.org/variable#33	1
http://ex.org/variable#141 http://www.ibm.com/timex#di http://ex.org/variable#34	1
http://ex.org/variable#141 http://www.ibm.com/timex#di http://ex.org/variable#35	1
http://ex.org/variable#141 http://www.ibm.com/timex#di http://ex.org/variable#36	1
http://ex.org/variable#141 http://www.ibm.com/timex#di http://ex.org/variable#37	1
http://ex.org/variable#141 http://www.ibm.com/timex#di http://ex.org/variable#38	1
http://ex.org/variable#141 http://www.ibm.com/timex#di http://ex.org/variable#39	1
http://ex.org/variable#141 http://www.ibm.com/timex#di http://ex.org/variable#40	1
http://ex.org/variable#141 http://www.ibm.com/timex#di http://ex.org/variable#41	1
http://ex.org/variable#141 http://www.ibm.com/timex#o_di http://ex.org/variable#42	1
http://ex.org/variable#141 http://www.ibm.com/timex#di http://ex.org/variable#43	1
http://ex.org/variable#141 http://www.ibm.com/timex#di http://ex.org/variable#44	1
http://ex.org/variable#141 http://www.ibm.com/timex#o http://ex.org/variable#45	1
http://ex.org/variable#141 http://www.ibm.com/timex#oi http://ex.org/variable#46	1
http://ex.org/variable#141 http://www.ibm.com/timex#oi http://ex.org/variable#47	1
http://ex.org/variable#141 http://www.ibm.com/timex#di http://ex.org/variable#48	1
http://ex.org/variable#141 http://www.ibm.com/timex#di_si http://ex.org/variable#49	1
http://ex.org/variable#141 http://www.ibm.com/timex#o_di_fi http://ex.org/variable#50	1
http://ex.org/variable#141 http://www.ibm.com/timex#di http://ex.org/variable#51	1
http://ex.org/variable#141 http://www.ibm.com/timex#di_si http://ex.org/variable#52	1
http://ex.org/variable#141 http://www.ibm.com/timex#di http://ex.org/variable#53	1
http://ex.org/variable#141 http://www.ibm.com/timex#di http://ex.org/variable#54	1
http://ex.org/variable#141 http://www.ibm.com/timex#di http://ex.org/variable#55	1
http://ex.org/variable#141 http://www.ibm.com/timex#di http://ex.org/variable#56	1
http://ex.org/variable#141 http://www.ibm.com/timex#oi http://ex.org/variable#57	1
http://ex.org/variable#141 http://www.ibm.com/timex#di http://ex.org/variable#58	1
http://ex.org/variable#141 http://www.ibm.com/timex#o http://ex.org/variable#59	1
http://ex.org/variable#141 http://www.ibm.com/timex#o_di_fi http://ex.org/variable#60	1
http://ex.org/variable#141 http://www.ibm.com/timex#o_di_fi http://ex.org/variable#61	1
http://ex.org/variable#141 http://www.ibm.com/timex#o_di_fi http://ex.org/variable#62	1
http://ex.org/variable#141 http://www.ibm.com/timex#di http://ex.org/variable#63	1
http://ex.org/variable#141 http://www.ibm.com/timex#di http://ex.org/variable#64	1
http://ex.org/variable#141 http://www.ibm.com/timex#di http://ex.org/variable#65	1
http://ex.org/variable#141 http://www.ibm.com/timex#oi http://ex.org/variable#66	1
http://ex.org/variable#141 http://www.ibm.com/timex#o http://ex.org/variable#67	1
http://ex.org/variable#141 http://www.ibm.com/timex#di http://ex.org/variable#68	1
http://ex.org/variable#141 http://www.ibm.com/timex#di http://ex.org/variable#69	1
http://ex.org/variable#141 http://www.ibm.com/timex#o http://ex.org/variable#70	1
http://ex.org/variable#141 http://www.ibm.com/timex#di http://ex.org/variable#71	1
http://ex.org/variable#141 http://www.ibm.com/timex#di http://ex.org/variable#72	1
http://ex.org/variable#141 http://www.ibm.com/timex#di http://ex.org/variable#73	1
http://ex.org/variable#141 http://www.ibm.com/timex#di http://ex.org/variable#74	1
http://ex.org/variable#141 http://www.ibm.com/timex#di http://ex.org/variable#75	1
http://ex.org/variable#141 http://www.ibm.com/timex#di http://ex.org/variable#76	1
http://ex.org/variable#141 http://www.ibm.com/timex#o http://ex.org/variable#77	1
http://ex.org/variable#141 http://www.ibm.com/timex#di http://ex.org/variable#78	1
http://ex.org/variable#141 http://www.ibm.com/timex#oi http://ex.org/variable#79	1
http://ex.org/variable#141 http://www.ibm.com/timex#o_di_s_si http://ex.org/variable#80	1
http://ex.org/variable#141 http://www.ibm.com/timex#oi http://ex.org/variable#81	1
http://ex.org/variable#141 http://www.ibm.com/timex#di http://ex.org/variable#82	1
http://ex.org/variable#141 http://www.ibm.com/timex#di_si http://ex.org/variable#83	1
http://ex.org/variable#141 http://www.ibm.com/timex#di http://ex.org/variable#84	1
http://ex.org/variable#141 http://www.ibm.com/timex#di http://ex.org/variable#85	1
http://ex.org/variable#141 http://www.ibm.com/timex#d http://ex.org/variable#86	1
http://ex.org/variable#141 http://www.ibm.com/timex#di http://ex.org/variable#87	1
http://ex.org/variable#141 http://www.ibm.com/timex#di http://ex.org/variable#88	1
http://ex.org/variable#141 http://www.ibm.com/timex#di_fi http://ex.org/variable#89	1
http://ex.org/variable#141 http://www.ibm.com/timex#di http://ex.org/variable#90	1
http://ex.org/variable#141 http://www.ibm.com/timex#o_di_fi http://ex.org/variable#91	1
http://ex.org/variable#141 http://www.ibm.com/timex#o http://ex.org/variable#92	1
http://ex.org/variable#141 http://www.ibm.com/timex#di http://ex.org/variable#93	1
http://ex.org/variable#141 http://www.ibm.com/timex#di http://ex.org/variable#94	1
http://ex.org/variable#141 http://www.ibm.com/timex#di http://ex.org/variable#95	1
http://ex.org/variable#141 http://www.ibm.com/timex#di http://ex.org/variable#96	1
http://ex.org/variable#141 http://www.ibm.com/timex#di http://ex.org/variable#97	1
http://ex.org/variable#141 http://www.ibm.com/timex#di http://ex.org/variable#98	1
http://ex.org/variable#141 http://www.ibm.com/timex#di http://ex.org/variable#99	1
http://ex.org/variable#141 http://www.ibm.com/timex#di http://ex.org/variable#100	1
http://ex.org/variable#141 http://www.ibm.com/timex#di http://ex.org/variable#101	1
http://ex.org/variable#141 http://www.ibm.com/timex#di http://ex.org/variable#102	1
http://ex.org/variable#141 http://www.ibm.com/timex#di http://ex.org/variable#103	1
http://ex.org/variable#141 http://www.ibm.com/timex#di http://ex.org/variable#104	1
http://ex.org/variable#141 http://www.ibm.com/timex#di http://ex.org/variable#105	1
http://ex.org/variable#141 http://www.ibm.com/timex#di http://ex.org/variable#106	1
http://ex.org/variable#141 http://www.ibm.com/timex#di http://ex.org/variable#107	1
http://ex.org/variable#141 http://www.ibm.com/timex#di http://ex.org/variable#108	1
http://ex.org/variable#141 http://www.ibm.com/timex#di http://ex.org/variable#109	1
http://ex.org/variable#141 http://www.ibm.com/timex#di http://ex.org/variable#110	1
http://ex.org/variable#141 http://www.ibm.com/timex#di http://ex.org/variable#111	1
http://ex.org/variable#141 http://www.ibm.com/timex#di http://ex.org/variable#112	1
http://ex.org/variable#141 http://www.ibm.com/timex#di http://ex.org/variable#113	1
http://ex.org/variable#141 http://www.ibm.com/timex#di http://ex.org/variable#114	1
http://ex.org/variable#141 http://www.ibm.com/timex#di http://ex.org/variable#115	1
http://ex.org/variable#141 http://www.ibm.com/timex#di http://ex.org/variable#116	1
http://ex.org/variable#141 http://www.ibm.com/timex#di http://ex.org/variable#117	1
http://ex.org/variable#141 http://www.ibm.com/timex#di http://ex.org/variable#118	1
http://ex.org/variable#141 http://www.ibm.com/timex#oi http://ex.org/variable#119	1
http://ex.org/variable#141 http://www.ibm.com/timex#di http://ex.org/variable#120	1
http://ex.org/variable#141 http://www.ibm.com/timex#di http://ex.org/variable#121	1
http://ex.org/variable#141 http://www.ibm.com/timex#di http://ex.org/variable#122	1
http://ex.org/variable#141 http://www.ibm.com/timex#o_di http://ex.org/variable#123	1
http://ex.org/variable#141 http://www.ibm.com/timex#oi http://ex.org/variable#124	1
http://ex.org/variable#141 http://www.ibm.com/timex#oi http://ex.org/variable#125	1
http://ex.org/variable#141 http://www.ibm.com/timex#di http://ex.org/variable#126	1
http://ex.org/variable#141 http://www.ibm.com/timex#di http://ex.org/variable#127	1
http://ex.org/variable#141 http://www.ibm.com/timex#o_di http://ex.org/variable#128	1
http://ex.org/variable#141 http://www.ibm.com/timex#oi http://ex.org/variable#129	1
http://ex.org/variable#141 http://www.ibm.com/timex#di http://ex.org/variable#130	1
http://ex.org/variable#141 http://www.ibm.com/timex#o_di_fi http://ex.org/variable#131	1
http://ex.org/variable#141 http://www.ibm.com/timex#di http://ex.org/variable#132	1
http://ex.org/variable#141 http://www.ibm.com/timex#o http://ex.org/variable#133	1
http://ex.org/variable#141 http://www.ibm.com/timex#di http://ex.org/variable#134	1
http://ex.org/variable#141 http://www.ibm.com/timex#o_di_fi http://ex.org/variable#135	1
http://ex.org/variable#141 http://www.ibm.com/timex#o_di_fi http://ex.org/variable#136	1
http://ex.org/variable#141 http://www.ibm.com/timex#di http://ex.org/variable#137	1
http://ex.org/variable#141 http://www.ibm.com/timex#di http://ex.org/variable#138	1
http://ex.org/variable#141 http://www.ibm.com/timex#di http://ex.org/variable#139	1
http://ex.org/variable#141 http://www.ibm.com/timex#di http://ex.org/variable#140	1
http://ex.org/variable#141 http://www.ibm.com/timex#di http://ex.org/variable#142	1
http://ex.org/variable#141 http://www.ibm.com/timex#di http://ex.org/variable#143	1
http://ex.org/variable#141 http://www.ibm.com/timex#di_fi http://ex.org/variable#144	1
http://ex.org/variable#141 http://www.ibm.com/timex#di http://ex.org/variable#145	1
http://ex.org/variable#141 http://www.ibm.com/timex#o http://ex.org/variable#146	1
http://ex.org/variable#141 http://www.ibm.com/timex#di http://ex.org/variable#147	1
http://ex.org/variable#141 http://www.ibm.com/timex#di http://ex.org/variable#148	1
http://ex.org/variable#141 http://www.ibm.com/timex#oi http://ex.org/variable#149	1
http://ex.org/variable#141 http://www.ibm.com/timex#o http://ex.org/variable#150	1
http://ex.org/variable#141 http://www.ibm.com/timex#o_di_fi http://ex.org/variable#151	1
http://ex.org/variable#141 http://www.ibm.com/timex#di http://ex.org/variable#152	1
http://ex.org/variable#141 http://www.ibm.com/timex#o_di_fi http://ex.org/variable#153	1
http://ex.org/variable#141 http://www.ibm.com/timex#di http://ex.org/variable#154	1
http://ex.org/variable#141 http://www.ibm.com/timex#oi http://ex.org/variable#155	1
http://ex.org/variable#141 http://www.ibm.com/timex#di http://ex.org/variable#156	1
http://ex.org/variable#141 http://www.ibm.com/timex#di http://ex.org/variable#157	1
http://ex.org/variable#141 http://www.ibm.com/timex#di http://ex.org/variable#158	1
http://ex.org/variable#141 http://www.ibm.com/timex#o_di_fi http://ex.org/variable#159	1
http://ex.org/variable#141 http://www.ibm.com/timex#di http://ex.org/variable#160	1
http://ex.org/variable#141 http://www.ibm.com/timex#di http://ex.org/variable#161	1
http://ex.org/variable#141 http://www.ibm.com/timex#di http://ex.org/variable#162	1
http://ex.org/variable#141 http://www.ibm.com/timex#di http://ex.org/variable#163	1
http://ex.org/variable#141 http://www.ibm.com/timex#di http://ex.org/variable#164	1
http://ex.org/variable#141 http://www.ibm.com/timex#di http://ex.org/variable#165	1
http://ex.org/variable#141 http://www.ibm.com/timex#di http://ex.org/variable#166	1
http://ex.org/variable#141 http://www.ibm.com/timex#di http://ex.org/variable#167	1
http://ex.org/variable#141 http://www.ibm.com/timex#di http://ex.org/variable#168	1
http://ex.org/variable#141 http://www.ibm.com/timex#di http://ex.org/variable#169	1
http://ex.org/variable#141 http://www.ibm.com/timex#di http://ex.org/variable#170	1
http://ex.org/variable#141 http://www.ibm.com/timex#di http://ex.org/variable#171	1
http://ex.org/variable#141 http://www.ibm.com/timex#oi http://ex.org/variable#172	1
http://ex.org/variable#141 http://www.ibm.com/timex#di http://ex.org/variable#173	1
http://ex.org/variable#141 http://www.ibm.com/timex#di http://ex.org/variable#174	1
http://ex.org/variable#141 http://www.ibm.com/timex#di http://ex.org/variable#175	1
http://ex.org/variable#141 http://www.ibm.com/timex#o_di_fi http://ex.org/variable#176	1
http://ex.org/variable#141 http://www.ibm.com/timex#di http://ex.org/variable#177	1
http://ex.org/variable#141 http://www.ibm.com/timex#o http://ex.org/variable#178	1
http://ex.org/variable#141 http://www.ibm.com/timex#di http://ex.org/variable#179	1
http://ex.org/variable#141 http://www.ibm.com/timex#di http://ex.org/variable#180	1
http://ex.org/variable#141 http://www.ibm.com/timex#di http://ex.org/variable#181	1
http://ex.org/variable#141 http://www.ibm.com/timex#di http://ex.org/variable#182	1
http://ex.org/variable#141 http://www.ibm.com/timex#di http://ex.org/variable#183	1
http://ex.org/variable#141 http://www.ibm.com/timex#di http://ex.org/variable#184	1
http://ex.org/variable#141 http://www.ibm.com/timex#di http://ex.org/variable#185	1
http://ex.org/variable#141 http://www.ibm.com/timex#di http://ex.org/variable#186	1
http://ex.org/variable#141 http://www.ibm.com/timex#oi http://ex.org/variable#187	1
http://ex.org/variable#141 http://www.ibm.com/timex#di http://ex.org/variable#188	1
http://ex.org/variable#141 http://www.ibm.com/timex#di http://ex.org/variable#189	1
http://ex.org/variable#142 http://www.ibm.com/timex#o http://ex.org/variable#0	1
http://ex.org/variable#142 http://www.ibm.com/timex#b http://ex.org/variable#1	1
http://ex.org/variable#142 http://www.ibm.com/timex#o http://ex.org/variable#2	1
http://ex.org/variable#142 http://www.ibm.com/timex#o http://ex.org/variable#3	1
http://ex.org/variable#142 http://www.ibm.com/timex#o http://ex.org/variable#4	1
http://ex.org/variable#142 http://www.ibm.com/timex#di http://ex.org/variable#5	1
http://ex.org/variable#142 http://www.ibm.com/timex#o http://ex.org/variable#6	1
http://ex.org/variable#142 http://www.ibm.com/timex#o http://ex.org/variable#7	1
http://ex.org/variable#142 http://www.ibm.com/timex#oi http://ex.org/variable#8	1
http://ex.org/variable#142 http://www.ibm.com/timex#o http://ex.org/variable#9	1
http://ex.org/variable#142 http://www.ibm.com/timex#o http://ex.org/variable#10	1
http://ex.org/variable#142 http://www.ibm.com/timex#o http://ex.org/variable#11	1
http://ex.org/variable#142 http://www.ibm.com/timex#d http://ex.org/variable#12	1
http://ex.org/variable#142 http://www.ibm.com/timex#oi_di http://ex.org/variable#13	1
http://ex.org/variable#142 http://www.ibm.com/timex#o http://ex.org/variable#14	1
http://ex.org/variable#142 http://www.ibm.com/timex#d http://ex.org/variable#15	1
http://ex.org/variable#142 http://www.ibm.com/timex#o http://ex.org/variable#16	1
http://ex.org/variable#142 http://www.ibm.com/timex#b http://ex.org/variable#17	1
http://ex.org/variable#142 http://www.ibm.com/timex#o http://ex.org/variable#18	1
http://ex.org/variable#142 http://www.ibm.com/timex#di_si http://ex.org/variable#19	1
http://ex.org/variable#142 http://www.ibm.com/timex#d http://ex.org/variable#20	1
http://ex.org/variable#142 http://www.ibm.com/timex#b http://ex.org/variable#21	1
http://ex.org/variable#142 http://www.ibm.com/timex#o http://ex.org/variable#22	1
http://ex.org/variable#142 http://www.ibm.com/timex#di http://ex.org/variable#23	1
http://ex.org/variable#142 http://www.ibm.com/timex#d http://ex.org/variable#24	1
http://ex.org/variable#142 http://www.ibm.com/timex#oi http://ex.org/variable#25	1
http://ex.org/variable#142 http://www.ibm.com/timex#b http://ex.org/variable#26	1
http://ex.org/variable#142 http://www.ibm.com/timex#oi http://ex.org/variable#27	1
http://ex.org/variable#142 http://www.ibm.com/timex#o http://ex.org/variable#28	1
http://ex.org/variable#142 http://www.ibm.com/timex#o http://ex.org/variable#29	1
http://ex.org/variable#142 http://www.ibm.com/timex#di http://ex.org/variable#30	1
http://ex.org/variable#142 http://www.ibm.com/timex#oi http://ex.org/variable#31	1
http://ex.org/variable#142 http://www.ibm.com/timex#oi http://ex.org/variable#32	1
http://ex.org/variable#142 http://www.ibm.com/timex#b http://ex.org/variable#33	1
http://ex.org/variable#142 http://www.ibm.com/timex#o http://ex.org/variable#34	1
http://ex.org/variable#142 http://www.ibm.com/timex#di http://ex.org/variable#35	1
http://ex.org/variable#142 http://www.ibm.com/timex#oi http://ex.org/variable#36	1
http://ex.org/variable#142 http://www.ibm.com/timex#oi http://ex.org/variable#37	1
http://ex.org/variable#142 http://www.ibm.com/timex#d http://ex.org/variable#38	1
http://ex.org/variable#142 http://www.ibm.com/timex#b http://ex.org/variable#39	1
http://ex.org/variable#142 http://www.ibm.com/timex#d http://ex.org/variable#40	1
http://ex.org/variable#142 http://www.ibm.com/timex#o http://ex.org/variable#41	1
http://ex.org/variable#142 http://www.ibm.com/timex#o http://ex.org/variable#42	1
http://ex.org/variable#142 http://www.ibm.com/timex#d http://ex.org/variable#43	1
http://ex.org/variable#142 http://www.ibm.com/timex#d http://ex.org/variable#44	1
http://ex.org/variable#142 http://www.ibm.com/timex#o http://ex.org/variable#45	1
http://ex.org/variable#142 http://www.ibm.com/timex#d http://ex.org/variable#46	1
http://ex.org/variable#142 http://www.ibm.com/timex#d http://ex.org/variable#47	1
http://ex.org/variable#142 http://www.ibm.com/timex#b http://ex.org/variable#48	1
http://ex.org/variable#142 http://www.ibm.com/timex#oi http://ex.org/variable#49	1
http://ex.org/variable#142 http://www.ibm.com/timex#o http://ex.org/variable#50	1
http://ex.org/variable#142 http://www.ibm.com/timex#b http://ex.org/variable#51	1
http://ex.org/variable#142 http://www.ibm.com/timex#d http://ex.org/variable#52	1
http://ex.org/variable#142 http://www.ibm.com/timex#d http://ex.org/variable#53	1
http://ex.org/variable#142 http://www.ibm.com/timex#o http://ex.org/variable#54	1
http://ex.org/variable#142 http://www.ibm.com/timex#o http://ex.org/variable#55	1
http://ex.org/variable#142 http://www.ibm.com/timex#di http://ex.org/variable#56	1
http://ex.org/variable#142 http://www.ibm.com/timex#d http://ex.org/variable#57	1
http://ex.org/variable#142 http://www.ibm.com/timex#o http://ex.org/variable#58	1
http://ex.org/variable#142 http://www.ibm.com/timex#o http://ex.org/variable#59	1
http://ex.org/variable#142 http://www.ibm.com/timex#d http://ex.org/variable#60	1
http://ex.org/variable#142 http://www.ibm.com/timex#d http://ex.org/variable#61	1
http://ex.org/variable#142 http://www.ibm.com/timex#o http://ex.org/variable#62	1
http://ex.org/variable#142 http://www.ibm.com/timex#d http://ex.org/variable#63	1
http://ex.org/variable#142 http://www.ibm.com/timex#d http://ex.org/variable#64	1
http://ex.org/variable#142 http://www.ibm.com/timex#di http://ex.org/variable#65	1
http://ex.org/variable#142 http://www.ibm.com/timex#oi http://ex.org/variable#66	1
http://ex.org/variable#142 http://www.ibm.com/timex#o http://ex.org/variable#67	1
http://ex.org/variable#142 http://www.ibm.com/timex#o http://ex.org/variable#68	1
http://ex.org/variable#142 http://www.ibm.com/timex#o http://ex.org/variable#69	1
http://ex.org/variable#142 http://www.ibm.com/timex#o http://ex.org/variable#70	1
http://ex.org/variable#142 http://www.ibm.com/timex#o http://ex.org/variable#71	1
http://ex.org/variable#142 http://www.ibm.com/timex#o http://ex.org/variable#72	1
http://ex.org/variable#142 http://www.ibm.com/timex#o http://ex.org/variable#73	1
http://ex.org/variable#142 http://www.ibm.com/timex#o http://ex.org/variable#74	1
http://ex.org/variable#142 http://www.ibm.com/timex#o http://ex.org/variable#75	1
http://ex.org/variable#142 http://www.ibm.com/timex#o http://ex.org/variable#76	1
http://ex.org/variable#142 http://www.ibm.com/timex#o http://ex.org/variable#77	1
http://ex.org/variable#142 http://www.ibm.com/timex#o http://ex.org/variable#78	1
http://ex.org/variable#142 http://www.ibm.com/timex#oi http://ex.org/variable#79	1
http://ex.org/variable#142 http://www.ibm.com/timex#d http://ex.org/variable#80	1
http://ex.org/variable#142 http://www.ibm.com/timex#d http://ex.org/variable#81	1
http://ex.org/variable#142 http://www.ibm.com/timex#di http://ex.org/variable#82	1
http://ex.org/variable#142 http://www.ibm.com/timex#d http://ex.org/variable#83	1
http://ex.org/variable#142 http://www.ibm.com/timex#o http://ex.org/variable#84	1
http://ex.org/variable#142 http://www.ibm.com/timex#b http://ex.org/variable#85	1
http://ex.org/variable#142 http://www.ibm.com/timex#d http://ex.org/variable#86	1
http://ex.org/variable#142 http://www.ibm.com/timex#o http://ex.org/variable#87	1
http://ex.org/variable#142 http://www.ibm.com/timex#b http://ex.org/variable#88	1
http://ex.org/variable#142 http://www.ibm.com/timex#o http://ex.org/variable#89	1
http://ex.org/variable#142 http://www.ibm.com/timex#o http://ex.org/variable#90	1
http://ex.org/variable#142 http://www.ibm.com/timex#o http://ex.org/variable#91	1
http://ex.org/variable#142 http://www.ibm.com/timex#o http://ex.org/variable#92	1
http://ex.org/variable#142 http://www.ibm.com/timex#o http://ex.org/variable#93	1
http://ex.org/variable#142 http://www.ibm.com/timex#o http://ex.org/variable#94	1
http://ex.org/variable#142 http://www.ibm.com/timex#di http://ex.org/variable#95	1
http://ex.org/variable#142 http://www.ibm.com/timex#di http://ex.org/variable#96	1
http://ex.org/variable#142 http://www.ibm.com/timex#o http://ex.org/variable#97	1
http://ex.org/variable#142 http://www.ibm.com/timex#b http://ex.org/variable#98	1
http://ex.org/variable#142 http://www.ibm.com/timex#b http://ex.org/variable#99	1
http://ex.org/variable#142 http://www.ibm.com/timex#oi http://ex.org/variable#100	1
http://ex.org/variable#142 http://www.ibm.com/timex#o http://ex.org/variable#101	1
http://ex.org/variable#142 http://www.ibm.com/timex#o http://ex.org/variable#102	1
http://ex.org/variable#142 http://www.ibm.com/timex#d http://ex.org/variable#103	1
http://ex.org/variable#142 http://www.ibm.com/timex#b http://ex.org/variable#104	1
http://ex.org/variable#142 http://www.ibm.com/timex#o http://ex.org/variable#105	1
http://ex.org/variable#142 http://www.ibm.com/timex#d http://ex.org/variable#106	1
http://ex.org/variable#142 http://www.ibm.com/timex#o http://ex.org/variable#107	1
http://ex.org/variable#142 http://www.ibm.com/timex#di http://ex.org/variable#108	1
http://ex.org/variable#142 http://www.ibm.com/timex#o http://ex.org/variable#109	1
http://ex.org/variable#142 http://www.ibm.com/timex#d http://ex.org/variable#110	1
http://ex.org/variable#142 http://www.ibm.com/timex#o http://ex.org/variable#111	1
http://ex.org/variable#142 http://www.ibm.com/timex#d http://ex.org/variable#112	1
http://ex.org/variable#142 http://www.ibm.com/timex#di http://ex.org/variable#113	1
http://ex.org/variable#142 http://www.ibm.com/timex#o http://ex.org/variable#114	1
http://ex.org/variable#142 http://www.ibm.com/timex#b http://ex.org/variable#115	1
http://ex.org/variable#142 http://www.ibm.com/timex#o http://ex.org/variable#116	1
http://ex.org/variable#142 http://www.ibm.com/timex#oi http://ex.org/variable#117	1
http://ex.org/variable#142 http://www.ibm.com/timex#eq http://ex.org/variable#118	1
http://ex.org/variable#142 http://www.ibm.com/timex#d http://ex.org/variable#119	1
http://ex.org/variable#142 http://www.ibm.com/timex#di http://ex.org/variable#120	1
http://ex.org/variable#142 http://www.ibm.com/timex#b http://ex.org/variable#121	1
http://ex.org/variable#142 http://www.ibm.com/timex#d http://ex.org/variable#122	1
http://ex.org/variable#142 http://www.ibm.com/timex#o http://ex.org/variable#123	1
http://ex.org/variable#142 http://www.ibm.com/timex#oi http://ex.org/variable#124	1
http://ex.org/variable#142 http://www.ibm.com/timex#oi http://ex.org/variable#125	1
http://ex.org/variable#142 http://www.ibm.com/timex#o http://ex.org/variable#126	1
http://ex.org/variable#142 http://www.ibm.com/timex#b http://ex.org/variable#127	1
http://ex.org/variable#142 http://www.ibm.com/timex#o http://ex.org/variable#128	1
http://ex.org/variable#142 http://www.ibm.com/timex#oi http://ex.org/variable#129	1
http://ex.org/variable#142 http://www.ibm.com/timex#di http://ex.org/variable#130	1
http://ex.org/variable#142 http://www.ibm.com/timex#b http://ex.org/variable#131	1
http://ex.org/variable#142 http://www.ibm.com/timex#d http://ex.org/variable#132	1
http://ex.org/variable#142 http://www.ibm.com/timex#o http://ex.org/variable#133	1
http://ex.org/variable#142 http://www.ibm.com/timex#oi http://ex.org/variable#134	1
http://ex.org/variable#142 http://www.ibm.com/timex#o http://ex.org/variable#135	1
http://ex.org/variable#142 http://www.ibm.com/timex#o http://ex.org/variable#136	1
http://ex.org/variable#142 http://www.ibm.com/timex#di http://ex.org/variable#137	1
http://ex.org/variable#142 http://www.ibm.com/timex#b http://ex.org/variable#138	1
http://ex.org/variable#142 http://www.ibm.com/timex#di http://ex.org/variable#139	1
http://ex.org/variable#142 http://www.ibm.com/timex#di http://ex.org/variable#140	1
http://ex.org/variable#142 http://www.ibm.com/timex#d http://ex.org/variable#141	1
http://ex.org/variable#142 http://www.ibm.com/timex#o_s http://ex.org/variable#143	1
http://ex.org/variable#142 http://www.ibm.com/timex#o http://ex.org/variable#144	1
http://ex.org/variable#142 http://www.ibm.com/timex#b http://ex.org/variable#145	1
http://ex.org/variable#142 http://www.ibm.com/timex#o http://ex.org/variable#146	1
http://ex.org/variable#142 http://www.ibm.com/timex#o http://ex.org/variable#147	1
http://ex.org/variable#142 http://www.ibm.com/timex#o http://ex.org/variable#148	1
http://ex.org/variable#142 http://www.ibm.com/timex#oi http://ex.org/variable#149	1
http://ex.org/variable#142 http://www.ibm.com/timex#b http://ex.org/variable#150	1
http://ex.org/variable#142 http://www.ibm.com/timex#o http://ex.org/variable#151	1
http://ex.org/variable#142 http://www.ibm.com/timex#oi http://ex.org/variable#152	1
http://ex.org/variable#142 http://www.ibm.com/timex#o http://ex.org/variable#153	1
http://ex.org/variable#142 http://www.ibm.com/timex#di http://ex.org/variable#154	1
http://ex.org/variable#142 http://www.ibm.com/timex#d http://ex.org/variable#155	1
http://ex.org/variable#142 http://www.ibm.com/timex#o http://ex.org/variable#156	1
http://ex.org/variable#142 http://www.ibm.com/timex#di http://ex.org/variable#157	1
http://ex.org/variable#142 http://www.ibm.com/timex#di http://ex.org/variable#158	1
http://ex.org/variable#142 http://www.ibm.com/timex#o http://ex.org/variable#159	1
http://ex.org/variable#142 http://www.ibm.com/timex#o http://ex.org/variable#160	1
http://ex.org/variable#142 http://www.ibm.com/timex#di http://ex.org/variable#161	1
http://ex.org/variable#142 http://www.ibm.com/timex#di http://ex.org/variable#162	1
http://ex.org/variable#142 http://www.ibm.com/timex#o http://ex.org/variable#163	1
http://ex.org/variable#142 http://www.ibm.com/timex#o http://ex.org/variable#164	1
http://ex.org/variable#142 http://www.ibm.com/timex#di http://ex.org/variable#165	1
http://ex.org/variable#142 http://www.ibm.com/timex#oi http://ex.org/variable#166	1
http://ex.org/variable#142 http://www.ibm.com/timex#d http://ex.org/variable#167	1
http://ex.org/variable#142 http://www.ibm.com/timex#o http://ex.org/variable#168	1
http://ex.org/variable#142 http://www.ibm.com/timex#d http://ex.org/variable#169	1
http://ex.org/variable#142 http://www.ibm.com/timex#b http://ex.org/variable#170	1
http://ex.org/variable#142 http://www.ibm.com/timex#oi http://ex.org/variable#171	1
http://ex.org/variable#142 http://www.ibm.com/timex#oi http://ex.org/variable#172	1
http://ex.org/variable#142 http://www.ibm.com/timex#b http://ex.org/variable#173	1
http://ex.org/variable#142 http://www.ibm.com/timex#o http://ex.org/variable#174	1
http://ex.org/variable#142 http://www.ibm.com/timex#d http://ex.org/variable#175	1
http://ex.org/variable#142 http://www.ibm.com/timex#o http://ex.org/variable#176	1
http://ex.org/variable#142 http://www.ibm.com/timex#o http://ex.org/variable#177	1
http://ex.org/variable#142 http://www.ibm.com/timex#o http://ex.org/variable#178	1
http://ex.org/variable#142 http://www.ibm.com/timex#o http://ex.org/variable#179	1
http://ex.org/variable#142 http://www.ibm.com/timex#di http://ex.org/variable#180	1
http://ex.org/variable#142 http://www.ibm.com/timex#oi http://ex.org/variable#181	1
http://ex.org/variable#142 http://www.ibm.com/timex#di http://ex.org/variable#182	1
http://ex.org/variable#142 http://www.ibm.com/timex#b http://ex.org/variable#183	1
http://ex.org/variable#142 http://www.ibm.com/timex#d http://ex.org/variable#184	1
http://ex.org/variable#142 http://www.ibm.com/timex#o http://ex.org/variable#185	1
http://ex.org/variable#142 http://www.ibm.com/timex#o http://ex.org/variable#186	1
http://ex.org/variable#142 http://www.ibm.com/timex#d http://ex.org/variable#187	1
http://ex.org/variable#142 http://www.ibm.com/timex#o http://ex.org/variable#188	1
http://ex.org/variable#142 http://www.ibm.com/timex#di http://ex.org/variable#189	1
http://ex.org/variable#143 http://www.ibm.com/timex#o http://ex.org/variable#0	1
http://ex.org/variable#143 http://www.ibm.com/timex#o http://ex.org/variable#1	1
http://ex.org/variable#143 http://www.ibm.com/timex#di http://ex.org/variable#2	1
http://ex.org/variable#143 http://www.ibm.com/timex#di http://ex.org/variable#3	1
http://ex.org/variable#143 http://www.ibm.com/timex#o http://ex.org/variable#4	1
http://ex.org/variable#143 http://www.ibm.com/timex#di http://ex.org/variable#5	1
http://ex.org/variable#143 http://www.ibm.com/timex#di http://ex.org/variable#6	1
http://ex.org/variable#143 http://www.ibm.com/timex#o http://ex.org/variable#7	1
http://ex.org/variable#143 http://www.ibm.com/timex#oi http://ex.org/variable#8	1
http://ex.org/variable#143 http://www.ibm.com/timex#o http://ex.org/variable#9	1
http://ex.org/variable#143 http://www.ibm.com/timex#di http://ex.org/variable#10	1
http://ex.org/variable#143 http://www.ibm.com/timex#di http://ex.org/variable#11	1
http://ex.org/variable#143 http://www.ibm.com/timex#d http://ex.org/variable#12	1
http://ex.org/variable#143 http://www.ibm.com/timex#oi_si http://ex.org/variable#13	1
http://ex.org/variable#143 http://www.ibm.com/timex#di http://ex.org/variable#14	1
http://ex.org/variable#143 http://www.ibm.com/timex#oi http://ex.org/variable#15	1
http://ex.org/variable#143 http://www.ibm.com/timex#di http://ex.org/variable#16	1
http://ex.org/variable#143 http://www.ibm.com/timex#di http://ex.org/variable#17	1
http://ex.org/variable#143 http://www.ibm.com/timex#di http://ex.org/variable#18	1
http://ex.org/variable#143 http://www.ibm.com/timex#oi_di_si http://ex.org/variable#19	1
http://ex.org/variable#143 http://www.ibm.com/timex#d http://ex.org/variable#20	1
http://ex.org/variable#143 http://www.ibm.com/timex#di http://ex.org/variable#21	1
http://ex.org/variable#143 http://www.ibm.com/timex#o http://ex.org/variable#22	1
http://ex.org/variable#143 http://www.ibm.com/timex#di http://ex.org/variable#23	1
http://ex.org/variable#143 http://www.ibm.com/timex#d http://ex.org/variable#24	1
http://ex.org/variable#143 http://www.ibm.com/timex#oi http://ex.org/variable#25	1
http://ex.org/variable#143 http://www.ibm.com/timex#di http://ex.org/variable#26	1
http://ex.org/variable#143 http://www.ibm.com/timex#oi http://ex.org/variable#27	1
http://ex.org/variable#143 http://www.ibm.com/timex#di http://ex.org/variable#28	1
http://ex.org/variable#143 http://www.ibm.com/timex#di http://ex.org/variable#29	1
http://ex.org/variable#143 http://www.ibm.com/timex#di http://ex.org/variable#30	1
http://ex.org/variable#143 http://www.ibm.com/timex#oi http://ex.org/variable#31	1
http://ex.org/variable#143 http://www.ibm.com/timex#oi http://ex.org/variable#32	1
http://ex.org/variable#143 http://www.ibm.com/timex#o http://ex.org/variable#33	1
http://ex.org/variable#143 http://www.ibm.com/timex#di http://ex.org/variable#34	1
http://ex.org/variable#143 http://www.ibm.com/timex#di http://ex.org/variable#35	1
http://ex.org/variable#143 http://www.ibm.com/timex#oi http://ex.org/variable#36	1
http://ex.org/variable#143 http://www.ibm.com/timex#oi http://ex.org/variable#37	1
http://ex.org/variable#143 http://www.ibm.com/timex#oi http://ex.org/variable#38	1
http://ex.org/variable#143 http://www.ibm.com/timex#di http://ex.org/variable#39	1
http://ex.org/variable#143 http://www.ibm.com/timex#oi http://ex.org/variable#40	1
http://ex.org/variable#143 http://www.ibm.com/timex#di http://ex.org/variable#41	1
http://ex.org/variable#143 http://www.ibm.com/timex#o http://ex.org/variable#42	1
http://ex.org/variable#143 http://www.ibm.com/timex#oi http://ex.org/variable#43	1
http://ex.org/variable#143 http://www.ibm.com/timex#oi http://ex.org/variable#44	1
http://ex.org/variable#143 http://www.ibm.com/timex#o http://ex.org/variable#45	1
http://ex.org/variable#143 http://www.ibm.com/timex#oi http://ex.org/variable#46	1
http://ex.org/variable#143 http://www.ibm.com/timex#oi http://ex.org/variable#47	1
http://ex.org/variable#143 http://www.ibm.com/timex#di http://ex.org/variable#48	1
http://ex.org/variable#143 http://www.ibm.com/timex#oi http://ex.org/variable#49	1
http://ex.org/variable#143 http://www.ibm.com/timex#o http://ex.org/variable#50	1
http://ex.org/variable#143 http://www.ibm.com/timex#di http://ex.org/variable#51	1
http://ex.org/variable#143 http://www.ibm.com/timex#oi http://ex.org/variable#52	1
http://ex.org/variable#143 http://www.ibm.com/timex#oi http://ex.org/variable#53	1
http://ex.org/variable#143 http://www.ibm.com/timex#di http://ex.org/variable#54	1
http://ex.org/variable#143 http://www.ibm.com/timex#di http://ex.org/variable#55	1
http://ex.org/variable#143 http://www.ibm.com/timex#di http://ex.org/variable#56	1
http://ex.org/variable#143 http://www.ibm.com/timex#oi http://ex.org/variable#57	1
http://ex.org/variable#143 http://www.ibm.com/timex#di http://ex.org/variable#58	1
http://ex.org/variable#143 http://www.ibm.com/timex#o http://ex.org/variable#59	1
http://ex.org/variable#143 http://www.ibm.com/timex#d http://ex.org/variable#60	1
http://ex.org/variable#143 http://www.ibm.com/timex#d http://ex.org/variable#61	1
http://ex.org/variable#143 http://www.ibm.com/timex#o http://ex.org/variable#62	1
http://ex.org/variable#143 http://www.ibm.com/timex#oi http://ex.org/variable#63	1
http://ex.org/variable#143 http://www.ibm.com/timex#oi http://ex.org/variable#64	1
http://ex.org/variable#143 http://www.ibm.com/timex#di http://ex.org/variable#65	1
http://ex.org/variable#143 http://www.ibm.com/timex#oi http://ex.org/variable#66	1
http://ex.org/variable#143 http://www.ibm.com/timex#o http://ex.org/variable#67	1
http://ex.org/variable#143 http://www.ibm.com/timex#di http://ex.org/variable#68	1
http://ex.org/variable#143 http://www.ibm.com/timex#di http://ex.org/variable#69	1
http://ex.org/variable#143 http://www.ibm.com/timex#o http://ex.org/variable#70	1
http://ex.org/variable#143 http://www.ibm.com/timex#di http://ex.org/variable#71	1
http://ex.org/variable#143 http://www.ibm.com/timex#di http://ex.org/variable#72	1
http://ex.org/variable#143 http://www.ibm.com/timex#di http://ex.org/variable#73	1
http://ex.org/variable#143 http://www.ibm.com/timex#di http://ex.org/variable#74	1
http://ex.org/variable#143 http://www.ibm.com/timex#di http://ex.org/variable#75	1
http://ex.org/variable#143 http://www.ibm.com/timex#di http://ex.org/variable#76	1
http://ex.org/variable#143 http://www.ibm.com/timex#o http://ex.org/variable#77	1
http://ex.org/variable#143 http://www.ibm.com/timex#di http://ex.org/variable#78	1
http://ex.org/variable#143 http://www.ibm.com/timex#oi http://ex.org/variable#79	1
http://ex.org/variable#143 http://www.ibm.com/timex#d http://ex.org/variable#80	1
http://ex.org/variable#143 http://www.ibm.com/timex#oi http://ex.org/variable#81	1
http://ex.org/variable#143 http://www.ibm.com/timex#di http://ex.org/variable#82	1
http://ex.org/variable#143 http://www.ibm.com/timex#oi http://ex.org/variable#83	1
http://ex.org/variable#143 http://www.ibm.com/timex#di http://ex.org/variable#84	1
http://ex.org/variable#143 http://www.ibm.com/timex#di http://ex.org/variable#85	1
http://ex.org/variable#143 http://www.ibm.com/timex#d http://ex.org/variable#86	1
http://ex.org/variable#143 http://www.ibm.com/timex#di http://ex.org/variable#87	1
http://ex.org/variable#143 http://www.ibm.com/timex#di http://ex.org/variable#88	1
http://ex.org/variable#143 http://www.ibm.com/timex#o http://ex.org/variable#89	1
http://ex.org/variable#143 http://www.ibm.com/timex#di http://ex.org/variable#90	1
http://ex.org/variable#143 http://www.ibm.com/timex#o http://ex.org/variable#91	1
http://ex.org/variable#143 http://www.ibm.com/timex#o http://ex.org/variable#92	1
http://ex.org/variable#143 http://www.ibm.com/timex#di http://ex.org/variable#93	1
http://ex.org/variable#143 http://www.ibm.com/timex#di http://ex.org/variable#94	1
http://ex.org/variable#143 http://www.ibm.com/timex#di http://ex.org/variable#95	1
http://ex.org/variable#143 http://www.ibm.com/timex#di http://ex.org/variable#96	1
http://ex.org/variable#143 http://www.ibm.com/timex#di http://ex.org/variable#97	1
http://ex.org/variable#143 http://www.ibm.com/timex#di http://ex.org/variable#98	1
http://ex.org/variable#143 http://www.ibm.com/timex#di http://ex.org/variable#99	1
http://ex.org/variable#143 http://www.ibm.com/timex#oi http://ex.org/variable#100	1
http://ex.org/variable#143 http://www.ibm.com/timex#di http://ex.org/variable#101	1
http://ex.org/variable#143 http://www.ibm.com/timex#di http://ex.org/variable#102	1
http://ex.org/variable#143 http://www.ibm.com/timex#oi http://ex.org/variable#103	1
http://ex.org/variable#143 http://www.ibm.com/timex#di http://ex.org/variable#104	1
http://ex.org/variable#143 http://www.ibm.com/timex#di http://ex.org/variable#105	1
http://ex.org/variable#143 http://www.ibm.com/timex#d http://ex.org/variable#106	1
http://ex.org/variable#143 http://www.ibm.com/timex#di http://ex.org/variable#107	1
http://ex.org/variable#143 http://www.ibm.com/timex#di http://ex.org/variable#108	1
http://ex.org/variable#143 http://www.ibm.com/timex#di http://ex.org/variable#109	1
http://ex.org/variable#143 http://www.ibm.com/timex#oi_d_f http://ex.org/variable#110	1
http://ex.org/variable#143 http://www.ibm.com/timex#di http://ex.org/variable#111	1
http://ex.org/variable#143 http://www.ibm.com/timex#oi http://ex.org/variable#112	1
http://ex.org/variable#143 http://www.ibm.com/timex#di http://ex.org/variable#113	1
http://ex.org/variable#143 http://www.ibm.com/timex#di http://ex.org/variable#114	1
http://ex.org/variable#143 http://www.ibm.com/timex#di http://ex.org/variable#115	1
http://ex.org/variable#143 http://www.ibm.com/timex#di http://ex.org/variable#116	1
http://ex.org/variable#143 http://www.ibm.com/timex#oi http://ex.org/variable#117	1
http://ex.org/variable#143 http://www.ibm.com/timex#oi_si http://ex.org/variable#118	1
http://ex.org/variable#143 http://www.ibm.com/timex#oi http://ex.org/variable#119	1
http://ex.org/variable#143 http://www.ibm.com/timex#di http://ex.org/variable#120	1
http://ex.org/variable#143 http://www.ibm.com/timex#di http://ex.org/variable#121	1
http://ex.org/variable#143 http://www.ibm.com/timex#oi http://ex.org/variable#122	1
http://ex.org/variable#143 http://www.ibm.com/timex#o http://ex.org/variable#123	1
http://ex.org/variable#143 http://www.ibm.com/timex#oi http://ex.org/variable#124	1
http://ex.org/variable#143 http://www.ibm.com/timex#oi http://ex.org/variable#125	1
http://ex.org/variable#143 http://www.ibm.com/timex#di http://ex.org/variable#126	1
http://ex.org/variable#143 http://www.ibm.com/timex#di http://ex.org/variable#127	1
http://ex.org/variable#143 http://www.ibm.com/timex#o http://ex.org/variable#128	1
http://ex.org/variable#143 http://www.ibm.com/timex#oi http://ex.org/variable#129	1
http://ex.org/variable#143 http://www.ibm.com/timex#di http://ex.org/variable#130	1
http://ex.org/variable#143 http://www.ibm.com/timex#o http://ex.org/variable#131	1
http://ex.org/variable#143 http://www.ibm.com/timex#oi http://ex.org/variable#132	1
http://ex.org/variable#143 http://www.ibm.com/timex#o http://ex.org/variable#133	1
http://ex.org/variable#143 http://www.ibm.com/timex#oi http://ex.org/variable#134	1
http://ex.org/variable#143 http://www.ibm.com/timex#o http://ex.org/variable#135	1
http://ex.org/variable#143 http://www.ibm.com/timex#o http://ex.org/variable#136	1
http://ex.org/variable#143 http://www.ibm.com/timex#di http://ex.org/variable#137	1
http://ex.org/variable#143 http://www.ibm.com/timex#di http://ex.org/variable#138	1
http://ex.org/variable#143 http://www.ibm.com/timex#di http://ex.org/variable#139	1
http://ex.org/variable#143 http://www.ibm.com/timex#di http://ex.org/variable#140	1
http://ex.org/variable#143 http://www.ibm.com/timex#d http://ex.org/variable#141	1
http://ex.org/variable#143 http://www.ibm.com/timex#oi_si http://ex.org/variable#142	1
http://ex.org/variable#143 http://www.ibm.com/timex#o http://ex.org/variable#144	1
http://ex.org/variable#143 http://www.ibm.com/timex#di http://ex.org/variable#145	1
http://ex.org/variable#143 http://www.ibm.com/timex#o http://ex.org/variable#146	1
http://ex.org/variable#143 http://www.ibm.com/timex#di http://ex.org/variable#147	1
http://ex.org/variable#143 http://www.ibm.com/timex#di http://ex.org/variable#148	1
http://ex.org/variable#143 http://www.ibm.com/timex#oi http://ex.org/variable#149	1
http://ex.org/variable#143 http://www.ibm.com/timex#o http://ex.org/variable#150	1
http://ex.org/variable#143 http://www.ibm.com/timex#o http://ex.org/variable#151	1
http://ex.org/variable#143 http://www.ibm.com/timex#oi http://ex.org/variable#152	1
http://ex.org/variable#143 http://www.ibm.com/timex#o http://ex.org/variable#153	1
http://ex.org/variable#143 http://www.ibm.com/timex#di http://ex.org/variable#154	1
http://ex.org/variable#143 http://www.ibm.com/timex#oi http://ex.org/variable#155	1
http://ex.org/variable#143 http://www.ibm.com/timex#di http://ex.org/variable#156	1
http://ex.org/variable#143 http://www.ibm.com/timex#di http://ex.org/variable#157	1
http://ex.org/variable#143 http://www.ibm.com/timex#di http://ex.org/variable#158	1
http://ex.org/variable#143 http://www.ibm.com/timex#o http://ex.org/variable#159	1
http://ex.org/variable#143 http://www.ibm.com/timex#di http://ex.org/variable#160	1
http://ex.org/variable#143 http://www.ibm.com/timex#di http://ex.org/variable#161	1
http://ex.org/variable#143 http://www.ibm.com/timex#di http://ex.org/variable#162	1
http://ex.org/variable#143 http://www.ibm.com/timex#di http://ex.org/variable#163	1
http://ex.org/variable#143 http://www.ibm.com/timex#di http://ex.org/variable#164	1
http://ex.org/variable#143 http://www.ibm.com/timex#di http://ex.org/variable#165	1
http://ex.org/variable#143 http://www.ibm.com/timex#oi http://ex.org/variable#166	1
http://ex.org/variable#143 http://www.ibm.com/timex#oi http://ex.org/variable#167	1
http://ex.org/variable#143 http://www.ibm.com/timex#di http://ex.org/variable#168	1
http://ex.org/variable#143 http://www.ibm.com/timex#oi http://ex.org/variable#169	1
http://ex.org/variable#143 http://www.ibm.com/timex#di_fi http://ex.org/variable#170	1
http://ex.org/variable#143 http://www.ibm.com/timex#oi http://ex.org/variable#171	1
http://ex.org/variable#143 http://www.ibm.com/timex#oi http://ex.org/variable#172	1
http://ex.org/variable#143 http://www.ibm.com/timex#di http://ex.org/variable#173	1
http://ex.org/variable#143 http://www.ibm.com/timex#di http://ex.org/variable#174	1
http://ex.org/variable#143 http://www.ibm.com/timex#oi http://ex.org/variable#175	1
http://ex.org/variable#143 http://www.ibm.com/timex#o http://ex.org/variable#176	1
http://ex.org/variable#143 http://www.ibm.com/timex#di http://ex.org/variable#177	1
http://ex.org/variable#143 http://www.ibm.com/timex#o http://ex.org/variable#178	1
http://ex.org/variable#143 http://www.ibm.com/timex#di http://ex.org/variable#179	1
http://ex.org/variable#143 http://www.ibm.com/timex#di http://ex.org/variable#180	1
http://ex.org/variable#143 http://www.ibm.com/timex#oi http://ex.org/variable#181	1
http://ex.org/variable#143 http://www.ibm.com/timex#di http://ex.org/variable#182	1
http://ex.org/variable#143 http://www.ibm.com/timex#di http://ex.org/variable#183	1
http://ex.org/variable#143 http://www.ibm.com/timex#oi http://ex.org/variable#184	1
http://ex.org/variable#143 http://www.ibm.com/timex#di http://ex.org/variable#185	1
http://ex.org/variable#143 http://www.ibm.com/timex#di http://ex.org/variable#186	1
http://ex.org/variable#143 http://www.ibm.com/timex#oi http://ex.org/variable#187	1
http://ex.org/variable#143 http://www.ibm.com/timex#di http://ex.org/variable#188	1
http://ex.org/variable#143 http://www.ibm.com/timex#di http://ex.org/variable#189	1
http://ex.org/variable#144 http://www.ibm.com/timex#o_fi http://ex.org/variable#0	1
http://ex.org/variable#144 http://www.ibm.com/timex#o http://ex.org/variable#1	1
http://ex.org/variable#144 http://www.ibm.com/timex#oi http://ex.org/variable#2	1
http://ex.org/variable#144 http://www.ibm.com/timex#di http://ex.org/variable#3	1
http://ex.org/variable#144 http://www.ibm.com/timex#o http://ex.org/variable#4	1
http://ex.org/variable#144 http://www.ibm.com/timex#oi http://ex.org/variable#5	1
http://ex.org/variable#144 http://www.ibm.com/timex#di http://ex.org/variable#6	1
http://ex.org/variable#144 http://www.ibm.com/timex#di http://ex.org/variable#7	1
http://ex.org/variable#144 http://www.ibm.com/timex#bi http://ex.org/variable#8	1
http://ex.org/variable#144 http://www.ibm.com/timex#o http://ex.org/variable#9	1
http://ex.org/variable#144 http://www.ibm.com/timex#di http://ex.org/variable#10	1
http://ex.org/variable#144 http://www.ibm.com/timex#oi http://ex.org/variable#11	1
http://ex.org/variable#144 http://www.ibm.com/timex#d http://ex.org/variable#12	1
http://ex.org/variable#144 http://www.ibm.com/timex#oi http://ex.org/variable#13	1
http://ex.org/variable#144 http://www.ibm.com/timex#di http://ex.org/variable#14	1
http://ex.org/variable#144 http://www.ibm.com/timex#oi http://ex.org/variable#15	1
http://ex.org/variable#144 http://www.ibm.com/timex#oi http://ex.org/variable#16	1
http://ex.org/variable#144 http://www.ibm.com/timex#di http://ex.org/variable#17	1
http://ex.org/variable#144 http://www.ibm.com/timex#oi http://ex.org/variable#18	1
http://ex.org/variable#144 http://www.ibm.com/timex#oi http://ex.org/variable#19	1
http://ex.org/variable#144 http://www.ibm.com/timex#d http://ex.org/variable#20	1
http://ex.org/variable#144 http://www.ibm.com/timex#di http://ex.org/variable#21	1
http://ex.org/variable#144 http://www.ibm.com/timex#d http://ex.org/variable#22	1
http://ex.org/variable#144 http://www.ibm.com/timex#oi http://ex.org/variable#23	1
http://ex.org/variable#144 http://www.ibm.com/timex#oi http://ex.org/variable#24	1
http://ex.org/variable#144 http://www.ibm.com/timex#bi http://ex.org/variable#25	1
http://ex.org/variable#144 http://www.ibm.com/timex#di http://ex.org/variable#26	1
http://ex.org/variable#144 http://www.ibm.com/timex#oi http://ex.org/variable#27	1
http://ex.org/variable#144 http://www.ibm.com/timex#di http://ex.org/variable#28	1
http://ex.org/variable#144 http://www.ibm.com/timex#di http://ex.org/variable#29	1
http://ex.org/variable#144 http://www.ibm.com/timex#di http://ex.org/variable#30	1
http://ex.org/variable#144 http://www.ibm.com/timex#oi http://ex.org/variable#31	1
http://ex.org/variable#144 http://www.ibm.com/timex#oi http://ex.org/variable#32	1
http://ex.org/variable#144 http://www.ibm.com/timex#o http://ex.org/variable#33	1
http://ex.org/variable#144 http://www.ibm.com/timex#oi http://ex.org/variable#34	1
http://ex.org/variable#144 http://www.ibm.com/timex#di http://ex.org/variable#35	1
http://ex.org/variable#144 http://www.ibm.com/timex#oi http://ex.org/variable#36	1
http://ex.org/variable#144 http://www.ibm.com/timex#oi http://ex.org/variable#37	1
http://ex.org/variable#144 http://www.ibm.com/timex#oi http://ex.org/variable#38	1
http://ex.org/variable#144 http://www.ibm.com/timex#di http://ex.org/variable#39	1
http://ex.org/variable#144 http://www.ibm.com/timex#oi http://ex.org/variable#40	1
http://ex.org/variable#144 http://www.ibm.com/timex#oi http://ex.org/variable#41	1
http://ex.org/variable#144 http://www.ibm.com/timex#d http://ex.org/variable#42	1
http://ex.org/variable#144 http://www.ibm.com/timex#oi http://ex.org/variable#43	1
http://ex.org/variable#144 http://www.ibm.com/timex#oi http://ex.org/variable#44	1
http://ex.org/variable#144 http://www.ibm.com/timex#o http://ex.org/variable#45	1
http://ex.org/variable#144 http://www.ibm.com/timex#oi http://ex.org/variable#46	1
http://ex.org/variable#144 http://www.ibm.com/timex#oi http://ex.org/variable#47	1
http://ex.org/variable#144 http://www.ibm.com/timex#di http://ex.org/variable#48	1
http://ex.org/variable#144 http://www.ibm.com/timex#oi http://ex.org/variable#49	1
http://ex.org/variable#144 http://www.ibm.com/timex#o_di_fi http://ex.org/variable#50	1
http://ex.org/variable#144 http://www.ibm.com/timex#di http://ex.org/variable#51	1
http://ex.org/variable#144 http://www.ibm.com/timex#oi http://ex.org/variable#52	1
http://ex.org/variable#144 http://www.ibm.com/timex#oi http://ex.org/variable#53	1
http://ex.org/variable#144 http://www.ibm.com/timex#oi http://ex.org/variable#54	1
http://ex.org/variable#144 http://www.ibm.com/timex#di http://ex.org/variable#55	1
http://ex.org/variable#144 http://www.ibm.com/timex#oi http://ex.org/variable#56	1
http://ex.org/variable#144 http://www.ibm.com/timex#oi http://ex.org/variable#57	1
http://ex.org/variable#144 http://www.ibm.com/timex#oi http://ex.org/variable#58	1
http://ex.org/variable#144 http://www.ibm.com/timex#d http://ex.org/variable#59	1
http://ex.org/variable#144 http://www.ibm.com/timex#oi_d_f http://ex.org/variable#60	1
http://ex.org/variable#144 http://www.ibm.com/timex#d http://ex.org/variable#61	1
http://ex.org/variable#144 http://www.ibm.com/timex#d_s http://ex.org/variable#62	1
http://ex.org/variable#144 http://www.ibm.com/timex#oi http://ex.org/variable#63	1
http://ex.org/variable#144 http://www.ibm.com/timex#oi http://ex.org/variable#64	1
http://ex.org/variable#144 http://www.ibm.com/timex#bi http://ex.org/variable#65	1
http://ex.org/variable#144 http://www.ibm.com/timex#oi http://ex.org/variable#66	1
http://ex.org/variable#144 http://www.ibm.com/timex#d http://ex.org/variable#67	1
http://ex.org/variable#144 http://www.ibm.com/timex#oi http://ex.org/variable#68	1
http://ex.org/variable#144 http://www.ibm.com/timex#oi http://ex.org/variable#69	1
http://ex.org/variable#144 http://www.ibm.com/timex#d http://ex.org/variable#70	1
http://ex.org/variable#144 http://www.ibm.com/timex#oi http://ex.org/variable#71	1
http://ex.org/variable#144 http://www.ibm.com/timex#di http://ex.org/variable#72	1
http://ex.org/variable#144 http://www.ibm.com/timex#oi http://ex.org/variable#73	1
http://ex.org/variable#144 http://www.ibm.com/timex#oi http://ex.org/variable#74	1
http://ex.org/variable#144 http://www.ibm.com/timex#oi http://ex.org/variable#75	1
http://ex.org/variable#144 http://www.ibm.com/timex#oi http://ex.org/variable#76	1
http://ex.org/variable#144 http://www.ibm.com/timex#d http://ex.org/variable#77	1
http://ex.org/variable#144 http://www.ibm.com/timex#oi_si http://ex.org/variable#78	1
http://ex.org/variable#144 http://www.ibm.com/timex#oi http://ex.org/variable#79	1
http://ex.org/variable#144 http://www.ibm.com/timex#d http://ex.org/variable#80	1
http://ex.org/variable#144 http://www.ibm.com/timex#oi http://ex.org/variable#81	1
http://ex.org/variable#144 http://www.ibm.com/timex#oi http://ex.org/variable#82	1
http://ex.org/variable#144 http://www.ibm.com/timex#oi http://ex.org/variable#83	1
http://ex.org/variable#144 http://www.ibm.com/timex#di http://ex.org/variable#84	1
http://ex.org/variable#144 http://www.ibm.com/timex#di http://ex.org/variable#85	1
http://ex.org/variable#144 http://www.ibm.com/timex#d http://ex.org/variable#86	1
http://ex.org/variable#144 http://www.ibm.com/timex#di http://ex.org/variable#87	1
http://ex.org/variable#144 http://www.ibm.com/timex#di http://ex.org/variable#88	1
http://ex.org/variable#144 http://www.ibm.com/timex#oi_f http://ex.org/variable#89	1
http://ex.org/variable#144 http://www.ibm.com/timex#di http://ex.org/variable#90	1
http://ex.org/variable#144 http://www.ibm.com/timex#d_f http://ex.org/variable#91	1
http://ex.org/variable#144 http://www.ibm.com/timex#o http://ex.org/variable#92	1
http://ex.org/variable#144 http://www.ibm.com/timex#oi http://ex.org/variable#93	1
http://ex.org/variable#144 http://www.ibm.com/timex#oi http://ex.org/variable#94	1
http://ex.org/variable#144 http://www.ibm.com/timex#di http://ex.org/variable#95	1
http://ex.org/variable#144 http://www.ibm.com/timex#bi http://ex.org/variable#96	1
http://ex.org/variable#144 http://www.ibm.com/timex#di http://ex.org/variable#97	1
http://ex.org/variable#144 http://www.ibm.com/timex#di http://ex.org/variable#98	1
http://ex.org/variable#144 http://www.ibm.com/timex#di http://ex.org/variable#99	1
http://ex.org/variable#144 http://www.ibm.com/timex#oi http://ex.org/variable#100	1
http://ex.org/variable#144 http://www.ibm.com/timex#oi http://ex.org/variable#101	1
http://ex.org/variable#144 http://www.ibm.com/timex#di http://ex.org/variable#102	1
http://ex.org/variable#144 http://www.ibm.com/timex#oi http://ex.org/variable#103	1
http://ex.org/variable#144 http://www.ibm.com/timex#di http://ex.org/variable#104	1
http://ex.org/variable#144 http://www.ibm.com/timex#oi http://ex.org/variable#105	1
http://ex.org/variable#144 http://www.ibm.com/timex#oi http://ex.org/variable#106	1
http://ex.org/variable#144 http://www.ibm.com/timex#di http://ex.org/variable#107	1
http://ex.org/variable#144 http://www.ibm.com/timex#di http://ex.org/variable#108	1
http://ex.org/variable#144 http://www.ibm.com/timex#di http://ex.org/variable#109	1
http://ex.org/variable#144 http://www.ibm.com/timex#oi http://ex.org/variable#110	1
http://ex.org/variable#144 http://www.ibm.com/timex#oi http://ex.org/variable#111	1
http://ex.org/variable#144 http://www.ibm.com/timex#oi http://ex.org/variable#112	1
http://ex.org/variable#144 http://www.ibm.com/timex#di http://ex.org/variable#113	1
http://ex.org/variable#144 http://www.ibm.com/timex#oi http://ex.org/variable#114	1
http://ex.org/variable#144 http://www.ibm.com/timex#di http://ex.org/variable#115	1
http://ex.org/variable#144 http://www.ibm.com/timex#di http://ex.org/variable#116	1
http://ex.org/variable#144 http://www.ibm.com/timex#oi http://ex.org/variable#117	1
http://ex.org/variable#144 http://www.ibm.com/timex#oi http://ex.org/variable#118	1
http://ex.org/variable#144 http://www.ibm.com/timex#oi http://ex.org/variable#119	1
http://ex.org/variable#144 http://www.ibm.com/timex#oi http://ex.org/variable#120	1
http://ex.org/variable#144 http://www.ibm.com/timex#di http://ex.org/variable#121	1
http://ex.org/variable#144 http://www.ibm.com/timex#oi http://ex.org/variable#122	1
http://ex.org/variable#144 http://www.ibm.com/timex#o http://ex.org/variable#123	1
http://ex.org/variable#144 http://www.ibm.com/timex#oi http://ex.org/variable#124	1
http://ex.org/variable#144 http://www.ibm.com/timex#oi http://ex.org/variable#125	1
http://ex.org/variable#144 http://www.ibm.com/timex#di http://ex.org/variable#126	1
http://ex.org/variable#144 http://www.ibm.com/timex#di http://ex.org/variable#127	1
http://ex.org/variable#144 http://www.ibm.com/timex#o http://ex.org/variable#128	1
http://ex.org/variable#144 http://www.ibm.com/timex#oi http://ex.org/variable#129	1
http://ex.org/variable#144 http://www.ibm.com/timex#oi http://ex.org/variable#130	1
http://ex.org/variable#144 http://www.ibm.com/timex#o http://ex.org/variable#131	1
http://ex.org/variable#144 http://www.ibm.com/timex#oi http://ex.org/variable#132	1
http://ex.org/variable#144 http://www.ibm.com/timex#o http://ex.org/variable#133	1
http://ex.org/variable#144 http://www.ibm.com/timex#oi http://ex.org/variable#134	1
http://ex.org/variable#144 http://www.ibm.com/timex#d http://ex.org/variable#135	1
http://ex.org/variable#144 http://www.ibm.com/timex#d http://ex.org/variable#136	1
http://ex.org/variable#144 http://www.ibm.com/timex#di http://ex.org/variable#137	1
http://ex.org/variable#144 http://www.ibm.com/timex#di http://ex.org/variable#138	1
http://ex.org/variable#144 http://www.ibm.com/timex#oi http://ex.org/variable#139	1
http://ex.org/variable#144 http://www.ibm.com/timex#di http://ex.org/variable#140	1
http://ex.org/variable#144 http://www.ibm.com/timex#d_f http://ex.org/variable#141	1
http://ex.org/variable#144 http://www.ibm.com/timex#oi http://ex.org/variable#142	1
http://ex.org/variable#144 http://www.ibm.com/timex#oi http://ex.org/variable#143	1
http://ex.org/variable#144 http://www.ibm.com/timex#di http://ex.org/variable#145	1
http://ex.org/variable#144 http://www.ibm.com/timex#o http://ex.org/variable#146	1
http://ex.org/variable#144 http://www.ibm.com/timex#oi http://ex.org/variable#147	1
http://ex.org/variable#144 http://www.ibm.com/timex#oi http://ex.org/variable#148	1
http://ex.org/variable#144 http://www.ibm.com/timex#oi http://ex.org/variable#149	1
http://ex.org/variable#144 http://www.ibm.com/timex#o http://ex.org/variable#150	1
http://ex.org/variable#144 http://www.ibm.com/timex#d http://ex.org/variable#151	1
http://ex.org/variable#144 http://www.ibm.com/timex#bi http://ex.org/variable#152	1
http://ex.org/variable#144 http://www.ibm.com/timex#d http://ex.org/variable#153	1
http://ex.org/variable#144 http://www.ibm.com/timex#di http://ex.org/variable#154	1
http://ex.org/variable#144 http://www.ibm.com/timex#oi http://ex.org/variable#155	1
http://ex.org/variable#144 http://www.ibm.com/timex#oi http://ex.org/variable#156	1
http://ex.org/variable#144 http://www.ibm.com/timex#bi http://ex.org/variable#157	1
http://ex.org/variable#144 http://www.ibm.com/timex#oi http://ex.org/variable#158	1
http://ex.org/variable#144 http://www.ibm.com/timex#o http://ex.org/variable#159	1
http://ex.org/variable#144 http://www.ibm.com/timex#oi http://ex.org/variable#160	1
http://ex.org/variable#144 http://www.ibm.com/timex#di http://ex.org/variable#161	1
http://ex.org/variable#144 http://www.ibm.com/timex#oi http://ex.org/variable#162	1
http://ex.org/variable#144 http://www.ibm.com/timex#di http://ex.org/variable#163	1
http://ex.org/variable#144 http://www.ibm.com/timex#di http://ex.org/variable#164	1
http://ex.org/variable#144 http://www.ibm.com/timex#di http://ex.org/variable#165	1
http://ex.org/variable#144 http://www.ibm.com/timex#oi http://ex.org/variable#166	1
http://ex.org/variable#144 http://www.ibm.com/timex#oi http://ex.org/variable#167	1
http://ex.org/variable#144 http://www.ibm.com/timex#di http://ex.org/variable#168	1
http://ex.org/variable#144 http://www.ibm.com/timex#oi http://ex.org/variable#169	1
http://ex.org/variable#144 http://www.ibm.com/timex#di http://ex.org/variable#170	1
http://ex.org/variable#144 http://www.ibm.com/timex#oi http://ex.org/variable#171	1
http://ex.org/variable#144 http://www.ibm.com/timex#bi http://ex.org/variable#172	1
http://ex.org/variable#144 http://www.ibm.com/timex#di http://ex.org/variable#173	1
http://ex.org/variable#144 http://www.ibm.com/timex#di http://ex.org/variable#174	1
http://ex.org/variable#144 http://www.ibm.com/timex#oi http://ex.org/variable#175	1
http://ex.org/variable#144 http://www.ibm.com/timex#o http://ex.org/variable#176	1
http://ex.org/variable#144 http://www.ibm.com/timex#oi http://ex.org/variable#177	1
http://ex.org/variable#144 http://www.ibm.com/timex#d http://ex.org/variable#178	1
http://ex.org/variable#144 http://www.ibm.com/timex#di http://ex.org/variable#179	1
http://ex.org/variable#144 http://www.ibm.com/timex#bi http://ex.org/variable#180	1
http://ex.org/variable#144 http://www.ibm.com/timex#oi http://ex.org/variable#181	1
http://ex.org/variable#144 http://www.ibm.com/timex#di http://ex.org/variable#182	1
http://ex.org/variable#144 http://www.ibm.com/timex#di http://ex.org/variable#183	1
http://ex.org/variable#144 http://www.ibm.com/timex#oi http://ex.org/variable#184	1
http://ex.org/variable#144 http://www.ibm.com/timex#oi_si http://ex.org/variable#185	1
http://ex.org/variable#144 http://www.ibm.com/timex#di http://ex.org/variable#186	1
http://ex.org/variable#144 http://www.ibm.com/timex#oi http://ex.org/variable#187	1
http://ex.org/variable#144 http://www.ibm.com/timex#di http://ex.org/variable#188	1
http://ex.org/variable#144 http://www.ibm.com/timex#di http://ex.org/variable#189	1
http://ex.org/variable#145 http://www.ibm.com/timex#d http://ex.org/variable#0	1
http://ex.org/variable#145 http://www.ibm.com/timex#o http://ex.org/variable#1	1
http://ex.org/variable#145 http://www.ibm.com/timex#d http://ex.org/variable#2	1
http://ex.org/variable#145 http://www.ibm.com/timex#oi http://ex.org/variable#3	1
http://ex.org/variable#145 http://www.ibm.com/timex#d http://ex.org/variable#4	1
http://ex.org/variable#145 http://www.ibm.com/timex#bi http://ex.org/variable#5	1
http://ex.org/variable#145 http://www.ibm.com/timex#oi http://ex.org/variable#6	1
http://ex.org/variable#145 http://www.ibm.com/timex#d http://ex.org/variable#7	1
http://ex.org/variable#145 http://www.ibm.com/timex#bi http://ex.org/variable#8	1
http://ex.org/variable#145 http://www.ibm.com/timex#d http://ex.org/variable#9	1
http://ex.org/variable#145 http://www.ibm.com/timex#oi http://ex.org/variable#10	1
http://ex.org/variable#145 http://www.ibm.com/timex#d http://ex.org/variable#11	1
http://ex.org/variable#145 http://www.ibm.com/timex#d http://ex.org/variable#12	1
http://ex.org/variable#145 http://www.ibm.com/timex#bi http://ex.org/variable#13	1
http://ex.org/variable#145 http://www.ibm.com/timex#bi http://ex.org/variable#14	1
http://ex.org/variable#145 http://www.ibm.com/timex#oi http://ex.org/variable#15	1
http://ex.org/variable#145 http://www.ibm.com/timex#mi http://ex.org/variable#16	1
http://ex.org/variable#145 http://www.ibm.com/timex#di http://ex.org/variable#17	1
http://ex.org/variable#145 http://www.ibm.com/timex#oi http://ex.org/variable#18	1
http://ex.org/variable#145 http://www.ibm.com/timex#bi http://ex.org/variable#19	1
http://ex.org/variable#145 http://www.ibm.com/timex#d http://ex.org/variable#20	1
http://ex.org/variable#145 http://www.ibm.com/timex#s http://ex.org/variable#21	1
http://ex.org/variable#145 http://www.ibm.com/timex#d http://ex.org/variable#22	1
http://ex.org/variable#145 http://www.ibm.com/timex#bi http://ex.org/variable#23	1
http://ex.org/variable#145 http://www.ibm.com/timex#d http://ex.org/variable#24	1
http://ex.org/variable#145 http://www.ibm.com/timex#bi http://ex.org/variable#25	1
http://ex.org/variable#145 http://www.ibm.com/timex#di http://ex.org/variable#26	1
http://ex.org/variable#145 http://www.ibm.com/timex#bi http://ex.org/variable#27	1
http://ex.org/variable#145 http://www.ibm.com/timex#oi http://ex.org/variable#28	1
http://ex.org/variable#145 http://www.ibm.com/timex#f http://ex.org/variable#29	1
http://ex.org/variable#145 http://www.ibm.com/timex#bi http://ex.org/variable#30	1
http://ex.org/variable#145 http://www.ibm.com/timex#bi http://ex.org/variable#31	1
http://ex.org/variable#145 http://www.ibm.com/timex#bi http://ex.org/variable#32	1
http://ex.org/variable#145 http://www.ibm.com/timex#o http://ex.org/variable#33	1
http://ex.org/variable#145 http://www.ibm.com/timex#oi http://ex.org/variable#34	1
http://ex.org/variable#145 http://www.ibm.com/timex#bi http://ex.org/variable#35	1
http://ex.org/variable#145 http://www.ibm.com/timex#bi http://ex.org/variable#36	1
http://ex.org/variable#145 http://www.ibm.com/timex#bi http://ex.org/variable#37	1
http://ex.org/variable#145 http://www.ibm.com/timex#oi http://ex.org/variable#38	1
http://ex.org/variable#145 http://www.ibm.com/timex#di http://ex.org/variable#39	1
http://ex.org/variable#145 http://www.ibm.com/timex#oi http://ex.org/variable#40	1
http://ex.org/variable#145 http://www.ibm.com/timex#f http://ex.org/variable#41	1
http://ex.org/variable#145 http://www.ibm.com/timex#d http://ex.org/variable#42	1
http://ex.org/variable#145 http://www.ibm.com/timex#oi http://ex.org/variable#43	1
http://ex.org/variable#145 http://www.ibm.com/timex#oi http://ex.org/variable#44	1
http://ex.org/variable#145 http://www.ibm.com/timex#d http://ex.org/variable#45	1
http://ex.org/variable#145 http://www.ibm.com/timex#bi http://ex.org/variable#46	1
http://ex.org/variable#145 http://www.ibm.com/timex#oi http://ex.org/variable#47	1
http://ex.org/variable#145 http://www.ibm.com/timex#di http://ex.org/variable#48	1
http://ex.org/variable#145 http://www.ibm.com/timex#bi http://ex.org/variable#49	1
http://ex.org/variable#145 http://www.ibm.com/timex#d http://ex.org/variable#50	1
http://ex.org/variable#145 http://www.ibm.com/timex#di http://ex.org/variable#51	1
http://ex.org/variable#145 http://www.ibm.com/timex#oi http://ex.org/variable#52	1
http://ex.org/variable#145 http://www.ibm.com/timex#oi http://ex.org/variable#53	1
http://ex.org/variable#145 http://www.ibm.com/timex#oi http://ex.org/variable#54	1
http://ex.org/variable#145 http://www.ibm.com/timex#oi http://ex.org/variable#55	1
http://ex.org/variable#145 http://www.ibm.com/timex#bi http://ex.org/variable#56	1
http://ex.org/variable#145 http://www.ibm.com/timex#bi http://ex.org/variable#57	1
http://ex.org/variable#145 http://www.ibm.com/timex#oi http://ex.org/variable#58	1
http://ex.org/variable#145 http://www.ibm.com/timex#d http://ex.org/variable#59	1
http://ex.org/variable#145 http://www.ibm.com/timex#d http://ex.org/variable#60	1
http://ex.org/variable#145 http://www.ibm.com/timex#d http://ex.org/variable#61	1
http://ex.org/variable#145 http://www.ibm.com/timex#d http://ex.org/variable#62	1
http://ex.org/variable#145 http://www.ibm.com/timex#oi http://ex.org/variable#63	1
http://ex.org/variable#145 http://www.ibm.com/timex#d http://ex.org/variable#64	1
http://ex.org/variable#145 http://www.ibm.com/timex#bi http://ex.org/variable#65	1
http://ex.org/variable#145 http://www.ibm.com/timex#bi http://ex.org/variable#66	1
http://ex.org/variable#145 http://www.ibm.com/timex#d http://ex.org/variable#67	1
http://ex.org/variable#145 http://www.ibm.com/timex#d http://ex.org/variable#68	1
http://ex.org/variable#145 http://www.ibm.com/timex#bi http://ex.org/variable#69	1
http://ex.org/variable#145 http://www.ibm.com/timex#d http://ex.org/variable#70	1
http://ex.org/variable#145 http://www.ibm.com/timex#bi http://ex.org/variable#71	1
http://ex.org/variable#145 http://www.ibm.com/timex#oi http://ex.org/variable#72	1
http://ex.org/variable#145 http://www.ibm.com/timex#oi http://ex.org/variable#73	1
http://ex.org/variable#145 http://www.ibm.com/timex#d http://ex.org/variable#74	1
http://ex.org/variable#145 http://www.ibm.com/timex#oi http://ex.org/variable#75	1
http://ex.org/variable#145 http://www.ibm.com/timex#oi http://ex.org/variable#76	1
http://ex.org/variable#145 http://www.ibm.com/timex#d http://ex.org/variable#77	1
http://ex.org/variable#145 http://www.ibm.com/timex#oi http://ex.org/variable#78	1
http://ex.org/variable#145 http://www.ibm.com/timex#bi http://ex.org/variable#79	1
http://ex.org/variable#145 http://www.ibm.com/timex#d http://ex.org/variable#80	1
http://ex.org/variable#145 http://www.ibm.com/timex#bi http://ex.org/variable#81	1
http://ex.org/variable#145 http://www.ibm.com/timex#bi http://ex.org/variable#82	1
http://ex.org/variable#145 http://www.ibm.com/timex#d http://ex.org/variable#83	1
http://ex.org/variable#145 http://www.ibm.com/timex#oi http://ex.org/variable#84	1
http://ex.org/variable#145 http://www.ibm.com/timex#si http://ex.org/variable#85	1
http://ex.org/variable#145 http://www.ibm.com/timex#d http://ex.org/variable#86	1
http://ex.org/variable#145 http://www.ibm.com/timex#d http://ex.org/variable#87	1
http://ex.org/variable#145 http://www.ibm.com/timex#di http://ex.org/variable#88	1
http://ex.org/variable#145 http://www.ibm.com/timex#d http://ex.org/variable#89	1
http://ex.org/variable#145 http://www.ibm.com/timex#oi http://ex.org/variable#90	1
http://ex.org/variable#145 http://www.ibm.com/timex#d http://ex.org/variable#91	1
http://ex.org/variable#145 http://www.ibm.com/timex#d http://ex.org/variable#92	1
http://ex.org/variable#145 http://www.ibm.com/timex#oi http://ex.org/variable#93	1
http://ex.org/variable#145 http://www.ibm.com/timex#bi http://ex.org/variable#94	1
http://ex.org/variable#145 http://www.ibm.com/timex#bi http://ex.org/variable#95	1
http://ex.org/variable#145 http://www.ibm.com/timex#bi http://ex.org/variable#96	1
http://ex.org/variable#145 http://www.ibm.com/timex#f http://ex.org/variable#97	1
http://ex.org/variable#145 http://www.ibm.com/timex#o http://ex.org/variable#98	1
http://ex.org/variable#145 http://www.ibm.com/timex#di http://ex.org/variable#99	1
http://ex.org/variable#145 http://www.ibm.com/timex#bi http://ex.org/variable#100	1
http://ex.org/variable#145 http://www.ibm.com/timex#d http://ex.org/variable#101	1
http://ex.org/variable#145 http://www.ibm.com/timex#mi http://ex.org/variable#102	1
http://ex.org/variable#145 http://www.ibm.com/timex#oi http://ex.org/variable#103	1
http://ex.org/variable#145 http://www.ibm.com/timex#b http://ex.org/variable#104	1
http://ex.org/variable#145 http://www.ibm.com/timex#d http://ex.org/variable#105	1
http://ex.org/variable#145 http://www.ibm.com/timex#d http://ex.org/variable#106	1
http://ex.org/variable#145 http://www.ibm.com/timex#oi http://ex.org/variable#107	1
http://ex.org/variable#145 http://www.ibm.com/timex#bi http://ex.org/variable#108	1
http://ex.org/variable#145 http://www.ibm.com/timex#bi http://ex.org/variable#109	1
http://ex.org/variable#145 http://www.ibm.com/timex#d http://ex.org/variable#110	1
http://ex.org/variable#145 http://www.ibm.com/timex#bi http://ex.org/variable#111	1
http://ex.org/variable#145 http://www.ibm.com/timex#oi http://ex.org/variable#112	1
http://ex.org/variable#145 http://www.ibm.com/timex#bi http://ex.org/variable#113	1
http://ex.org/variable#145 http://www.ibm.com/timex#oi http://ex.org/variable#114	1
http://ex.org/variable#145 http://www.ibm.com/timex#fi http://ex.org/variable#115	1
http://ex.org/variable#145 http://www.ibm.com/timex#bi http://ex.org/variable#116	1
http://ex.org/variable#145 http://www.ibm.com/timex#bi http://ex.org/variable#117	1
http://ex.org/variable#145 http://www.ibm.com/timex#bi http://ex.org/variable#118	1
http://ex.org/variable#145 http://www.ibm.com/timex#d http://ex.org/variable#119	1
http://ex.org/variable#145 http://www.ibm.com/timex#bi http://ex.org/variable#120	1
http://ex.org/variable#145 http://www.ibm.com/timex#fi http://ex.org/variable#121	1
http://ex.org/variable#145 http://www.ibm.com/timex#oi http://ex.org/variable#122	1
http://ex.org/variable#145 http://www.ibm.com/timex#d http://ex.org/variable#123	1
http://ex.org/variable#145 http://www.ibm.com/timex#bi http://ex.org/variable#124	1
http://ex.org/variable#145 http://www.ibm.com/timex#bi http://ex.org/variable#125	1
http://ex.org/variable#145 http://www.ibm.com/timex#oi http://ex.org/variable#126	1
http://ex.org/variable#145 http://www.ibm.com/timex#si http://ex.org/variable#127	1
http://ex.org/variable#145 http://www.ibm.com/timex#d http://ex.org/variable#128	1
http://ex.org/variable#145 http://www.ibm.com/timex#bi http://ex.org/variable#129	1
http://ex.org/variable#145 http://www.ibm.com/timex#bi http://ex.org/variable#130	1
http://ex.org/variable#145 http://www.ibm.com/timex#o http://ex.org/variable#131	1
http://ex.org/variable#145 http://www.ibm.com/timex#d http://ex.org/variable#132	1
http://ex.org/variable#145 http://www.ibm.com/timex#d http://ex.org/variable#133	1
http://ex.org/variable#145 http://www.ibm.com/timex#bi http://ex.org/variable#134	1
http://ex.org/variable#145 http://www.ibm.com/timex#d http://ex.org/variable#135	1
http://ex.org/variable#145 http://www.ibm.com/timex#d http://ex.org/variable#136	1
http://ex.org/variable#145 http://www.ibm.com/timex#bi http://ex.org/variable#137	1
http://ex.org/variable#145 http://www.ibm.com/timex#o http://ex.org/variable#138	1
http://ex.org/variable#145 http://www.ibm.com/timex#bi http://ex.org/variable#139	1
http://ex.org/variable#145 http://www.ibm.com/timex#bi http://ex.org/variable#140	1
http://ex.org/variable#145 http://www.ibm.com/timex#d http://ex.org/variable#141	1
http://ex.org/variable#145 http://www.ibm.com/timex#bi http://ex.org/variable#142	1
http://ex.org/variable#145 http://www.ibm.com/timex#d http://ex.org/variable#143	1
http://ex.org/variable#145 http://www.ibm.com/timex#d http://ex.org/variable#144	1
http://ex.org/variable#145 http://www.ibm.com/timex#d http://ex.org/variable#146	1
http://ex.org/variable#145 http://www.ibm.com/timex#oi http://ex.org/variable#147	1
http://ex.org/variable#145 http://www.ibm.com/timex#oi http://ex.org/variable#148	1
http://ex.org/variable#145 http://www.ibm.com/timex#bi http://ex.org/variable#149	1
http://ex.org/variable#145 http://www.ibm.com/timex#o http://ex.org/variable#150	1
http://ex.org/variable#145 http://www.ibm.com/timex#d http://ex.org/variable#151	1
http://ex.org/variable#145 http://www.ibm.com/timex#bi http://ex.org/variable#152	1
http://ex.org/variable#145 http://www.ibm.com/timex#d http://ex.org/variable#153	1
http://ex.org/variable#145 http://www.ibm.com/timex#bi http://ex.org/variable#154	1
http://ex.org/variable#145 http://www.ibm.com/timex#oi http://ex.org/variable#155	1
http://ex.org/variable#145 http://www.ibm.com/timex#oi http://ex.org/variable#156	1
http://ex.org/variable#145 http://www.ibm.com/timex#bi http://ex.org/variable#157	1
http://ex.org/variable#145 http://www.ibm.com/timex#bi http://ex.org/variable#158	1
http://ex.org/variable#145 http://www.ibm.com/timex#d http://ex.org/variable#159	1
http://ex.org/variable#145 http://www.ibm.com/timex#oi http://ex.org/variable#160	1
http://ex.org/variable#145 http://www.ibm.com/timex#bi http://ex.org/variable#161	1
http://ex.org/variable#145 http://www.ibm.com/timex#bi http://ex.org/variable#162	1
http://ex.org/variable#145 http://www.ibm.com/timex#f http://ex.org/variable#163	1
http://ex.org/variable#145 http://www.ibm.com/timex#d http://ex.org/variable#164	1
http://ex.org/variable#145 http://www.ibm.com/timex#bi http://ex.org/variable#165	1
http://ex.org/variable#145 http://www.ibm.com/timex#bi http://ex.org/variable#166	1
http://ex.org/variable#145 http://www.ibm.com/timex#oi http://ex.org/variable#167	1
http://ex.org/variable#145 http://www.ibm.com/timex#d http://ex.org/variable#168	1
http://ex.org/variable#145 http://www.ibm.com/timex#d http://ex.org/variable#169	1
http://ex.org/variable#145 http://www.ibm.com/timex#s http://ex.org/variable#170	1
http://ex.org/variable#145 http://www.ibm.com/timex#bi http://ex.org/variable#171	1
http://ex.org/variable#145 http://www.ibm.com/timex#bi http://ex.org/variable#172	1
http://ex.org/variable#145 http://www.ibm.com/timex#di http://ex.org/variable#173	1
http://ex.org/variable#145 http://www.ibm.com/timex#oi http://ex.org/variable#174	1
http://ex.org/variable#145 http://www.ibm.com/timex#oi http://ex.org/variable#175	1
http://ex.org/variable#145 http://www.ibm.com/timex#d http://ex.org/variable#176	1
http://ex.org/variable#145 http://www.ibm.com/timex#oi http://ex.org/variable#177	1
http://ex.org/variable#145 http://www.ibm.com/timex#d http://ex.org/variable#178	1
http://ex.org/variable#145 http://www.ibm.com/timex#d http://ex.org/variable#179	1
http://ex.org/variable#145 http://www.ibm.com/timex#bi http://ex.org/variable#180	1
http://ex.org/variable#145 http://www.ibm.com/timex#bi http://ex.org/variable#181	1
http://ex.org/variable#145 http://www.ibm.com/timex#bi http://ex.org/variable#182	1
http://ex.org/variable#145 http://www.ibm.com/timex#d http://ex.org/variable#183	1
http://ex.org/variable#145 http://www.ibm.com/timex#bi http://ex.org/variable#184	1
http://ex.org/variable#145 http://www.ibm.com/timex#oi http://ex.org/variable#185	1
http://ex.org/variable#145 http://www.ibm.com/timex#f http://ex.org/variable#186	1
http://ex.org/variable#145 http://www.ibm.com/timex#oi http://ex.org/variable#187	1
http://ex.org/variable#145 http://www.ibm.com/timex#oi http://ex.org/variable#188	1
http://ex.org/variable#145 http://www.ibm.com/timex#bi http://ex.org/variable#189	1
http://ex.org/variable#146 http://www.ibm.com/timex#oi http://ex.org/variable#0	1
http://ex.org/variable#146 http://www.ibm.com/timex#di http://ex.org/variable#1	1
http://ex.org/variable#146 http://www.ibm.com/timex#oi http://ex.org/variable#2	1
http://ex.org/variable#146 http://www.ibm.com/timex#di http://ex.org/variable#3	1
http://ex.org/variable#146 http://www.ibm.com/timex#si http://ex.org/variable#4	1
http://ex.org/variable#146 http://www.ibm.com/timex#oi http://ex.org/variable#5	1
http://ex.org/variable#146 http://www.ibm.com/timex#di http://ex.org/variable#6	1
http://ex.org/variable#146 http://www.ibm.com/timex#oi http://ex.org/variable#7	1
http://ex.org/variable#146 http://www.ibm.com/timex#bi http://ex.org/variable#8	1
http://ex.org/variable#146 http://www.ibm.com/timex#o http://ex.org/variable#9	1
http://ex.org/variable#146 http://www.ibm.com/timex#di http://ex.org/variable#10	1
http://ex.org/variable#146 http://www.ibm.com/timex#oi http://ex.org/variable#11	1
http://ex.org/variable#146 http://www.ibm.com/timex#oi http://ex.org/variable#12	1
http://ex.org/variable#146 http://www.ibm.com/timex#oi http://ex.org/variable#13	1
http://ex.org/variable#146 http://www.ibm.com/timex#di http://ex.org/variable#14	1
http://ex.org/variable#146 http://www.ibm.com/timex#oi http://ex.org/variable#15	1
http://ex.org/variable#146 http://www.ibm.com/timex#oi http://ex.org/variable#16	1
http://ex.org/variable#146 http://www.ibm.com/timex#di http://ex.org/variable#17	1
http://ex.org/variable#146 http://www.ibm.com/timex#oi http://ex.org/variable#18	1
http://ex.org/variable#146 http://www.ibm.com/timex#oi http://ex.org/variable#19	1
http://ex.org/variable#146 http://www.ibm.com/timex#d http://ex.org/variable#20	1
http://ex.org/variable#146 http://www.ibm.com/timex#di http://ex.org/variable#21	1
http://ex.org/variable#146 http://www.ibm.com/timex#oi http://ex.org/variable#22	1
http://ex.org/variable#146 http://www.ibm.com/timex#oi http://ex.org/variable#23	1
http://ex.org/variable#146 http://www.ibm.com/timex#oi http://ex.org/variable#24	1
http://ex.org/variable#146 http://www.ibm.com/timex#bi http://ex.org/variable#25	1
http://ex.org/variable#146 http://www.ibm.com/timex#di http://ex.org/variable#26	1
http://ex.org/variable#146 http://www.ibm.com/timex#oi http://ex.org/variable#27	1
http://ex.org/variable#146 http://www.ibm.com/timex#di http://ex.org/variable#28	1
http://ex.org/variable#146 http://www.ibm.com/timex#oi http://ex.org/variable#29	1
http://ex.org/variable#146 http://www.ibm.com/timex#di http://ex.org/variable#30	1
http://ex.org/variable#146 http://www.ibm.com/timex#oi http://ex.org/variable#31	1
http://ex.org/variable#146 http://www.ibm.com/timex#oi http://ex.org/variable#32	1
http://ex.org/variable#146 http://www.ibm.com/timex#o_di http://ex.org/variable#33	1
http://ex.org/variable#146 http://www.ibm.com/timex#oi http://ex.org/variable#34	1
http://ex.org/variable#146 http://www.ibm.com/timex#di http://ex.org/variable#35	1
http://ex.org/variable#146 http://www.ibm.com/timex#oi http://ex.org/variable#36	1
http://ex.org/variable#146 http://www.ibm.com/timex#oi http://ex.org/variable#37	1
http://ex.org/variable#146 http://www.ibm.com/timex#oi http://ex.org/variable#38	1
http://ex.org/variable#146 http://www.ibm.com/timex#di http://ex.org/variable#39	1
http://ex.org/variable#146 http://www.ibm.com/timex#oi http://ex.org/variable#40	1
http://ex.org/variable#146 http://www.ibm.com/timex#oi http://ex.org/variable#41	1
http://ex.org/variable#146 http://www.ibm.com/timex#oi http://ex.org/variable#42	1
http://ex.org/variable#146 http://www.ibm.com/timex#oi http://ex.org/variable#43	1
http://ex.org/variable#146 http://www.ibm.com/timex#oi http://ex.org/variable#44	1
http://ex.org/variable#146 http://www.ibm.com/timex#o http://ex.org/variable#45	1
http://ex.org/variable#146 http://www.ibm.com/timex#oi http://ex.org/variable#46	1
http://ex.org/variable#146 http://www.ibm.com/timex#oi http://ex.org/variable#47	1
http://ex.org/variable#146 http://www.ibm.com/timex#di http://ex.org/variable#48	1
http://ex.org/variable#146 http://www.ibm.com/timex#oi http://ex.org/variable#49	1
http://ex.org/variable#146 http://www.ibm.com/timex#di http://ex.org/variable#50	1
http://ex.org/variable#146 http://www.ibm.com/timex#di http://ex.org/variable#51	1
http://ex.org/variable#146 http://www.ibm.com/timex#oi http://ex.org/variable#52	1
http://ex.org/variable#146 http://www.ibm.com/timex#oi http://ex.org/variable#53	1
http://ex.org/variable#146 http://www.ibm.com/timex#oi http://ex.org/variable#54	1
http://ex.org/variable#146 http://www.ibm.com/timex#di_si http://ex.org/variable#55	1
http://ex.org/variable#146 http://www.ibm.com/timex#oi http://ex.org/variable#56	1
http://ex.org/variable#146 http://www.ibm.com/timex#oi http://ex.org/variable#57	1
http://ex.org/variable#146 http://www.ibm.com/timex#oi http://ex.org/variable#58	1
http://ex.org/variable#146 http://www.ibm.com/timex#d http://ex.org/variable#59	1
http://ex.org/variable#146 http://www.ibm.com/timex#oi http://ex.org/variable#60	1
http://ex.org/variable#146 http://www.ibm.com/timex#oi http://ex.org/variable#61	1
http://ex.org/variable#146 http://www.ibm.com/timex#oi http://ex.org/variable#62	1
http://ex.org/variable#146 http://www.ibm.com/timex#oi http://ex.org/variable#63	1
http://ex.org/variable#146 http://www.ibm.com/timex#oi http://ex.org/variable#64	1
http://ex.org/variable#146 http://www.ibm.com/timex#bi http://ex.org/variable#65	1
http://ex.org/variable#146 http://www.ibm.com/timex#oi http://ex.org/variable#66	1
http://ex.org/variable#146 http://www.ibm.com/timex#oi http://ex.org/variable#67	1
http://ex.org/variable#146 http://www.ibm.com/timex#oi http://ex.org/variable#68	1
http://ex.org/variable#146 http://www.ibm.com/timex#oi http://ex.org/variable#69	1
http://ex.org/variable#146 http://www.ibm.com/timex#d http://ex.org/variable#70	1
http://ex.org/variable#146 http://www.ibm.com/timex#oi http://ex.org/variable#71	1
http://ex.org/variable#146 http://www.ibm.com/timex#di http://ex.org/variable#72	1
http://ex.org/variable#146 http://www.ibm.com/timex#oi http://ex.org/variable#73	1
http://ex.org/variable#146 http://www.ibm.com/timex#oi http://ex.org/variable#74	1
http://ex.org/variable#146 http://www.ibm.com/timex#oi http://ex.org/variable#75	1
http://ex.org/variable#146 http://www.ibm.com/timex#oi http://ex.org/variable#76	1
http://ex.org/variable#146 http://www.ibm.com/timex#oi_d_f http://ex.org/variable#77	1
http://ex.org/variable#146 http://www.ibm.com/timex#oi http://ex.org/variable#78	1
http://ex.org/variable#146 http://www.ibm.com/timex#oi http://ex.org/variable#79	1
http://ex.org/variable#146 http://www.ibm.com/timex#oi http://ex.org/variable#80	1
http://ex.org/variable#146 http://www.ibm.com/timex#oi http://ex.org/variable#81	1
http://ex.org/variable#146 http://www.ibm.com/timex#oi http://ex.org/variable#82	1
http://ex.org/variable#146 http://www.ibm.com/timex#oi http://ex.org/variable#83	1
http://ex.org/variable#146 http://www.ibm.com/timex#di http://ex.org/variable#84	1
http://ex.org/variable#146 http://www.ibm.com/timex#di http://ex.org/variable#85	1
http://ex.org/variable#146 http://www.ibm.com/timex#oi_f http://ex.org/variable#86	1
http://ex.org/variable#146 http://www.ibm.com/timex#di http://ex.org/variable#87	1
http://ex.org/variable#146 http://www.ibm.com/timex#di http://ex.org/variable#88	1
http://ex.org/variable#146 http://www.ibm.com/timex#oi http://ex.org/variable#89	1
http://ex.org/variable#146 http://www.ibm.com/timex#oi http://ex.org/variable#90	1
http://ex.org/variable#146 http://www.ibm.com/timex#oi http://ex.org/variable#91	1
http://ex.org/variable#146 http://www.ibm.com/timex#o_fi http://ex.org/variable#92	1
http://ex.org/variable#146 http://www.ibm.com/timex#oi http://ex.org/variable#93	1
http://ex.org/variable#146 http://www.ibm.com/timex#oi http://ex.org/variable#94	1
http://ex.org/variable#146 http://www.ibm.com/timex#di http://ex.org/variable#95	1
http://ex.org/variable#146 http://www.ibm.com/timex#bi http://ex.org/variable#96	1
http://ex.org/variable#146 http://www.ibm.com/timex#oi http://ex.org/variable#97	1
http://ex.org/variable#146 http://www.ibm.com/timex#di http://ex.org/variable#98	1
http://ex.org/variable#146 http://www.ibm.com/timex#di http://ex.org/variable#99	1
http://ex.org/variable#146 http://www.ibm.com/timex#bi http://ex.org/variable#100	1
http://ex.org/variable#146 http://www.ibm.com/timex#oi http://ex.org/variable#101	1
http://ex.org/variable#146 http://www.ibm.com/timex#di http://ex.org/variable#102	1
http://ex.org/variable#146 http://www.ibm.com/timex#oi http://ex.org/variable#103	1
http://ex.org/variable#146 http://www.ibm.com/timex#di http://ex.org/variable#104	1
http://ex.org/variable#146 http://www.ibm.com/timex#oi http://ex.org/variable#105	1
http://ex.org/variable#146 http://www.ibm.com/timex#oi http://ex.org/variable#106	1
http://ex.org/variable#146 http://www.ibm.com/timex#oi http://ex.org/variable#107	1
http://ex.org/variable#146 http://www.ibm.com/timex#di http://ex.org/variable#108	1
http://ex.org/variable#146 http://www.ibm.com/timex#di http://ex.org/variable#109	1
http://ex.org/variable#146 http://www.ibm.com/timex#oi http://ex.org/variable#110	1
http://ex.org/variable#146 http://www.ibm.com/timex#oi http://ex.org/variable#111	1
http://ex.org/variable#146 http://www.ibm.com/timex#oi http://ex.org/variable#112	1
http://ex.org/variable#146 http://www.ibm.com/timex#di http://ex.org/variable#113	1
http://ex.org/variable#146 http://www.ibm.com/timex#oi http://ex.org/variable#114	1
http://ex.org/variable#146 http://www.ibm.com/timex#di http://ex.org/variable#115	1
http://ex.org/variable#146 http://www.ibm.com/timex#di http://ex.org/variable#116	1
http://ex.org/variable#146 http://www.ibm.com/timex#oi http://ex.org/variable#117	1
http://ex.org/variable#146 http://www.ibm.com/timex#oi http://ex.org/variable#118	1
http://ex.org/variable#146 http://www.ibm.com/timex#oi http://ex.org/variable#119	1
http://ex.org/variable#146 http://www.ibm.com/timex#oi http://ex.org/variable#120	1
http://ex.org/variable#146 http://www.ibm.com/timex#di http://ex.org/variable#121	1
http://ex.org/variable#146 http://www.ibm.com/timex#oi http://ex.org/variable#122	1
http://ex.org/variable#146 http://www.ibm.com/timex#di http://ex.org/variable#123	1
http://ex.org/variable#146 http://www.ibm.com/timex#oi http://ex.org/variable#124	1
http://ex.org/variable#146 http://www.ibm.com/timex#oi http://ex.org/variable#125	1
http://ex.org/variable#146 http://www.ibm.com/timex#di http://ex.org/variable#126	1
http://ex.org/variable#146 http://www.ibm.com/timex#di http://ex.org/variable#127	1
http://ex.org/variable#146 http://www.ibm.com/timex#oi http://ex.org/variable#128	1
http://ex.org/variable#146 http://www.ibm.com/timex#oi http://ex.org/variable#129	1
http://ex.org/variable#146 http://www.ibm.com/timex#oi http://ex.org/variable#130	1
http://ex.org/variable#146 http://www.ibm.com/timex#di http://ex.org/variable#131	1
http://ex.org/variable#146 http://www.ibm.com/timex#oi http://ex.org/variable#132	1
http://ex.org/variable#146 http://www.ibm.com/timex#o http://ex.org/variable#133	1
http://ex.org/variable#146 http://www.ibm.com/timex#oi http://ex.org/variable#134	1
http://ex.org/variable#146 http://www.ibm.com/timex#oi http://ex.org/variable#135	1
http://ex.org/variable#146 http://www.ibm.com/timex#oi http://ex.org/variable#136	1
http://ex.org/variable#146 http://www.ibm.com/timex#di http://ex.org/variable#137	1
http://ex.org/variable#146 http://www.ibm.com/timex#di http://ex.org/variable#138	1
http://ex.org/variable#146 http://www.ibm.com/timex#oi http://ex.org/variable#139	1
http://ex.org/variable#146 http://www.ibm.com/timex#oi http://ex.org/variable#140	1
http://ex.org/variable#146 http://www.ibm.com/timex#oi http://ex.org/variable#141	1
http://ex.org/variable#146 http://www.ibm.com/timex#oi http://ex.org/variable#142	1
http://ex.org/variable#146 http://www.ibm.com/timex#oi http://ex.org/variable#143	1
http://ex.org/variable#146 http://www.ibm.com/timex#oi http://ex.org/variable#144	1
http://ex.org/variable#146 http://www.ibm.com/timex#di http://ex.org/variable#145	1
http://ex.org/variable#146 http://www.ibm.com/timex#oi http://ex.org/variable#147	1
http://ex.org/variable#146 http://www.ibm.com/timex#oi http://ex.org/variable#148	1
http://ex.org/variable#146 http://www.ibm.com/timex#bi_mi_oi http://ex.org/variable#149	1
http://ex.org/variable#146 http://www.ibm.com/timex#o_fi http://ex.org/variable#150	1
http://ex.org/variable#146 http://www.ibm.com/timex#oi http://ex.org/variable#151	1
http://ex.org/variable#146 http://www.ibm.com/timex#bi http://ex.org/variable#152	1
http://ex.org/variable#146 http://www.ibm.com/timex#oi http://ex.org/variable#153	1
http://ex.org/variable#146 http://www.ibm.com/timex#di http://ex.org/variable#154	1
http://ex.org/variable#146 http://www.ibm.com/timex#oi http://ex.org/variable#155	1
http://ex.org/variable#146 http://www.ibm.com/timex#oi http://ex.org/variable#156	1
http://ex.org/variable#146 http://www.ibm.com/timex#bi http://ex.org/variable#157	1
http://ex.org/variable#146 http://www.ibm.com/timex#oi http://ex.org/variable#158	1
http://ex.org/variable#146 http://www.ibm.com/timex#di http://ex.org/variable#159	1
http://ex.org/variable#146 http://www.ibm.com/timex#oi http://ex.org/variable#160	1
http://ex.org/variable#146 http://www.ibm.com/timex#di http://ex.org/variable#161	1
http://ex.org/variable#146 http://www.ibm.com/timex#oi http://ex.org/variable#162	1
http://ex.org/variable#146 http://www.ibm.com/timex#di http://ex.org/variable#163	1
http://ex.org/variable#146 http://www.ibm.com/timex#oi_di_si http://ex.org/variable#164	1
http://ex.org/variable#146 http://www.ibm.com/timex#oi http://ex.org/variable#165	1
http://ex.org/variable#146 http://www.ibm.com/timex#oi http://ex.org/variable#166	1
http://ex.org/variable#146 http://www.ibm.com/timex#oi http://ex.org/variable#167	1
http://ex.org/variable#146 http://www.ibm.com/timex#di http://ex.org/variable#168	1
http://ex.org/variable#146 http://www.ibm.com/timex#oi http://ex.org/variable#169	1
http://ex.org/variable#146 http://www.ibm.com/timex#di http://ex.org/variable#170	1
http://ex.org/variable#146 http://www.ibm.com/timex#oi http://ex.org/variable#171	1
http://ex.org/variable#146 http://www.ibm.com/timex#bi http://ex.org/variable#172	1
http://ex.org/variable#146 http://www.ibm.com/timex#di http://ex.org/variable#173	1
http://ex.org/variable#146 http://www.ibm.com/timex#di http://ex.org/variable#174	1
http://ex.org/variable#146 http://www.ibm.com/timex#oi http://ex.org/variable#175	1
http://ex.org/variable#146 http://www.ibm.com/timex#di http://ex.org/variable#176	1
http://ex.org/variable#146 http://www.ibm.com/timex#oi http://ex.org/variable#177	1
http://ex.org/variable#146 http://www.ibm.com/timex#d http://ex.org/variable#178	1
http://ex.org/variable#146 http://www.ibm.com/timex#di http://ex.org/variable#179	1
http://ex.org/variable#146 http://www.ibm.com/timex#bi http://ex.org/variable#180	1
http://ex.org/variable#146 http://www.ibm.com/timex#bi http://ex.org/variable#181	1
http://ex.org/variable#146 http://www.ibm.com/timex#di http://ex.org/variable#182	1
http://ex.org/variable#146 http://www.ibm.com/timex#di http://ex.org/variable#183	1
http://ex.org/variable#146 http://www.ibm.com/timex#oi http://ex.org/variable#184	1
http://ex.org/variable#146 http://www.ibm.com/timex#oi http://ex.org/variable#185	1
http://ex.org/variable#146 http://www.ibm.com/timex#di http://ex.org/variable#186	1
http://ex.org/variable#146 http://www.ibm.com/timex#oi http://ex.org/variable#187	1
http://ex.org/variable#146 http://www.ibm.com/timex#di http://ex.org/variable#188	1
http://ex.org/variable#146 http://www.ibm.com/timex#di http://ex.org/variable#189	1
http://ex.org/variable#147 http://www.ibm.com/timex#o http://ex.org/variable#0	1
http://ex.org/variable#147 http://www.ibm.com/timex#b_m_o http://ex.org/variable#1	1
http://ex.org/variable#147 http://www.ibm.com/timex#o http://ex.org/variable#2	1
http://ex.org/variable#147 http://www.ibm.com/timex#o http://ex.org/variable#3	1
http://ex.org/variable#147 http://www.ibm.com/timex#o http://ex.org/variable#4	1
http://ex.org/variable#147 http://www.ibm.com/timex#di http://ex.org/variable#5	1
http://ex.org/variable#147 http://www.ibm.com/timex#o http://ex.org/variable#6	1
http://ex.org/variable#147 http://www.ibm.com/timex#o http://ex.org/variable#7	1
http://ex.org/variable#147 http://www.ibm.com/timex#oi http://ex.org/variable#8	1
http://ex.org/variable#147 http://www.ibm.com/timex#o http://ex.org/variable#9	1
http://ex.org/variable#147 http://www.ibm.com/timex#o http://ex.org/variable#10	1
http://ex.org/variable#147 http://www.ibm.com/timex#d http://ex.org/variable#11	1
http://ex.org/variable#147 http://www.ibm.com/timex#d http://ex.org/variable#12	1
http://ex.org/variable#147 http://www.ibm.com/timex#oi http://ex.org/variable#13	1
http://ex.org/variable#147 http://www.ibm.com/timex#di http://ex.org/variable#14	1
http://ex.org/variable#147 http://www.ibm.com/timex#oi http://ex.org/variable#15	1
http://ex.org/variable#147 http://www.ibm.com/timex#oi_di_si http://ex.org/variable#16	1
http://ex.org/variable#147 http://www.ibm.com/timex#b_m_o http://ex.org/variable#17	1
http://ex.org/variable#147 http://www.ibm.com/timex#o http://ex.org/variable#18	1
http://ex.org/variable#147 http://www.ibm.com/timex#oi http://ex.org/variable#19	1
http://ex.org/variable#147 http://www.ibm.com/timex#d http://ex.org/variable#20	1
http://ex.org/variable#147 http://www.ibm.com/timex#o http://ex.org/variable#21	1
http://ex.org/variable#147 http://www.ibm.com/timex#o http://ex.org/variable#22	1
http://ex.org/variable#147 http://www.ibm.com/timex#oi_di_si http://ex.org/variable#23	1
http://ex.org/variable#147 http://www.ibm.com/timex#d http://ex.org/variable#24	1
http://ex.org/variable#147 http://www.ibm.com/timex#oi http://ex.org/variable#25	1
http://ex.org/variable#147 http://www.ibm.com/timex#o http://ex.org/variable#26	1
http://ex.org/variable#147 http://www.ibm.com/timex#oi http://ex.org/variable#27	1
http://ex.org/variable#147 http://www.ibm.com/timex#o http://ex.org/variable#28	1
http://ex.org/variable#147 http://www.ibm.com/timex#o http://ex.org/variable#29	1
http://ex.org/variable#147 http://www.ibm.com/timex#di http://ex.org/variable#30	1
http://ex.org/variable#147 http://www.ibm.com/timex#oi http://ex.org/variable#31	1
http://ex.org/variable#147 http://www.ibm.com/timex#oi http://ex.org/variable#32	1
http://ex.org/variable#147 http://www.ibm.com/timex#o http://ex.org/variable#33	1
http://ex.org/variable#147 http://www.ibm.com/timex#d http://ex.org/variable#34	1
http://ex.org/variable#147 http://www.ibm.com/timex#di http://ex.org/variable#35	1
http://ex.org/variable#147 http://www.ibm.com/timex#oi http://ex.org/variable#36	1
http://ex.org/variable#147 http://www.ibm.com/timex#oi http://ex.org/variable#37	1
http://ex.org/variable#147 http://www.ibm.com/timex#d http://ex.org/variable#38	1
http://ex.org/variable#147 http://www.ibm.com/timex#o_di http://ex.org/variable#39	1
http://ex.org/variable#147 http://www.ibm.com/timex#oi http://ex.org/variable#40	1
http://ex.org/variable#147 http://www.ibm.com/timex#o_d http://ex.org/variable#41	1
http://ex.org/variable#147 http://www.ibm.com/timex#o http://ex.org/variable#42	1
http://ex.org/variable#147 http://www.ibm.com/timex#d http://ex.org/variable#43	1
http://ex.org/variable#147 http://www.ibm.com/timex#d http://ex.org/variable#44	1
http://ex.org/variable#147 http://www.ibm.com/timex#o http://ex.org/variable#45	1
http://ex.org/variable#147 http://www.ibm.com/timex#oi http://ex.org/variable#46	1
http://ex.org/variable#147 http://www.ibm.com/timex#oi http://ex.org/variable#47	1
http://ex.org/variable#147 http://www.ibm.com/timex#o http://ex.org/variable#48	1
http://ex.org/variable#147 http://www.ibm.com/timex#oi http://ex.org/variable#49	1
http://ex.org/variable#147 http://www.ibm.com/timex#o http://ex.org/variable#50	1
http://ex.org/variable#147 http://www.ibm.com/timex#o http://ex.org/variable#51	1
http://ex.org/variable#147 http://www.ibm.com/timex#d http://ex.org/variable#52	1
http://ex.org/variable#147 http://www.ibm.com/timex#d http://ex.org/variable#53	1
http://ex.org/variable#147 http://www.ibm.com/timex#o http://ex.org/variable#54	1
http://ex.org/variable#147 http://www.ibm.com/timex#o_fi http://ex.org/variable#55	1
http://ex.org/variable#147 http://www.ibm.com/timex#di http://ex.org/variable#56	1
http://ex.org/variable#147 http://www.ibm.com/timex#oi http://ex.org/variable#57	1
http://ex.org/variable#147 http://www.ibm.com/timex#d_f http://ex.org/variable#58	1
http://ex.org/variable#147 http://www.ibm.com/timex#d http://ex.org/variable#59	1
http://ex.org/variable#147 http://www.ibm.com/timex#d http://ex.org/variable#60	1
http://ex.org/variable#147 http://www.ibm.com/timex#d http://ex.org/variable#61	1
http://ex.org/variable#147 http://www.ibm.com/timex#o http://ex.org/variable#62	1
http://ex.org/variable#147 http://www.ibm.com/timex#d http://ex.org/variable#63	1
http://ex.org/variable#147 http://www.ibm.com/timex#d http://ex.org/variable#64	1
http://ex.org/variable#147 http://www.ibm.com/timex#oi_di_si http://ex.org/variable#65	1
http://ex.org/variable#147 http://www.ibm.com/timex#oi http://ex.org/variable#66	1
http://ex.org/variable#147 http://www.ibm.com/timex#o http://ex.org/variable#67	1
http://ex.org/variable#147 http://www.ibm.com/timex#o http://ex.org/variable#68	1
http://ex.org/variable#147 http://www.ibm.com/timex#di http://ex.org/variable#69	1
http://ex.org/variable#147 http://www.ibm.com/timex#o http://ex.org/variable#70	1
http://ex.org/variable#147 http://www.ibm.com/timex#oi http://ex.org/variable#71	1
http://ex.org/variable#147 http://www.ibm.com/timex#o http://ex.org/variable#72	1
http://ex.org/variable#147 http://www.ibm.com/timex#o_fi http://ex.org/variable#73	1
http://ex.org/variable#147 http://www.ibm.com/timex#o http://ex.org/variable#74	1
http://ex.org/variable#147 http://www.ibm.com/timex#oi http://ex.org/variable#75	1
http://ex.org/variable#147 http://www.ibm.com/timex#o http://ex.org/variable#76	1
http://ex.org/variable#147 http://www.ibm.com/timex#o http://ex.org/variable#77	1
http://ex.org/variable#147 http://www.ibm.com/timex#di http://ex.org/variable#78	1
http://ex.org/variable#147 http://www.ibm.com/timex#oi http://ex.org/variable#79	1
http://ex.org/variable#147 http://www.ibm.com/timex#d http://ex.org/variable#80	1
http://ex.org/variable#147 http://www.ibm.com/timex#oi http://ex.org/variable#81	1
http://ex.org/variable#147 http://www.ibm.com/timex#di http://ex.org/variable#82	1
http://ex.org/variable#147 http://www.ibm.com/timex#d http://ex.org/variable#83	1
http://ex.org/variable#147 http://www.ibm.com/timex#o http://ex.org/variable#84	1
http://ex.org/variable#147 http://www.ibm.com/timex#o http://ex.org/variable#85	1
http://ex.org/variable#147 http://www.ibm.com/timex#d http://ex.org/variable#86	1
http://ex.org/variable#147 http://www.ibm.com/timex#o http://ex.org/variable#87	1
http://ex.org/variable#147 http://www.ibm.com/timex#b http://ex.org/variable#88	1
http://ex.org/variable#147 http://www.ibm.com/timex#o http://ex.org/variable#89	1
http://ex.org/variable#147 http://www.ibm.com/timex#o_di_fi http://ex.org/variable#90	1
http://ex.org/variable#147 http://www.ibm.com/timex#o_d http://ex.org/variable#91	1
http://ex.org/variable#147 http://www.ibm.com/timex#o http://ex.org/variable#92	1
http://ex.org/variable#147 http://www.ibm.com/timex#o http://ex.org/variable#93	1
http://ex.org/variable#147 http://www.ibm.com/timex#oi http://ex.org/variable#94	1
http://ex.org/variable#147 http://www.ibm.com/timex#di http://ex.org/variable#95	1
http://ex.org/variable#147 http://www.ibm.com/timex#di http://ex.org/variable#96	1
http://ex.org/variable#147 http://www.ibm.com/timex#o http://ex.org/variable#97	1
http://ex.org/variable#147 http://www.ibm.com/timex#b_m_o http://ex.org/variable#98	1
http://ex.org/variable#147 http://www.ibm.com/timex#o http://ex.org/variable#99	1
http://ex.org/variable#147 http://www.ibm.com/timex#oi http://ex.org/variable#100	1
http://ex.org/variable#147 http://www.ibm.com/timex#o http://ex.org/variable#101	1
http://ex.org/variable#147 http://www.ibm.com/timex#di http://ex.org/variable#102	1
http://ex.org/variable#147 http://www.ibm.com/timex#d http://ex.org/variable#103	1
http://ex.org/variable#147 http://www.ibm.com/timex#b http://ex.org/variable#104	1
http://ex.org/variable#147 http://www.ibm.com/timex#o http://ex.org/variable#105	1
http://ex.org/variable#147 http://www.ibm.com/timex#d http://ex.org/variable#106	1
http://ex.org/variable#147 http://www.ibm.com/timex#o http://ex.org/variable#107	1
http://ex.org/variable#147 http://www.ibm.com/timex#di http://ex.org/variable#108	1
http://ex.org/variable#147 http://www.ibm.com/timex#di http://ex.org/variable#109	1
http://ex.org/variable#147 http://www.ibm.com/timex#d http://ex.org/variable#110	1
http://ex.org/variable#147 http://www.ibm.com/timex#di http://ex.org/variable#111	1
http://ex.org/variable#147 http://www.ibm.com/timex#oi_d http://ex.org/variable#112	1
http://ex.org/variable#147 http://www.ibm.com/timex#di http://ex.org/variable#113	1
http://ex.org/variable#147 http://www.ibm.com/timex#d http://ex.org/variable#114	1
http://ex.org/variable#147 http://www.ibm.com/timex#b http://ex.org/variable#115	1
http://ex.org/variable#147 http://www.ibm.com/timex#di http://ex.org/variable#116	1
http://ex.org/variable#147 http://www.ibm.com/timex#oi http://ex.org/variable#117	1
http://ex.org/variable#147 http://www.ibm.com/timex#oi http://ex.org/variable#118	1
http://ex.org/variable#147 http://www.ibm.com/timex#d http://ex.org/variable#119	1
http://ex.org/variable#147 http://www.ibm.com/timex#oi_di_si http://ex.org/variable#120	1
http://ex.org/variable#147 http://www.ibm.com/timex#b http://ex.org/variable#121	1
http://ex.org/variable#147 http://www.ibm.com/timex#d http://ex.org/variable#122	1
http://ex.org/variable#147 http://www.ibm.com/timex#o http://ex.org/variable#123	1
http://ex.org/variable#147 http://www.ibm.com/timex#oi http://ex.org/variable#124	1
http://ex.org/variable#147 http://www.ibm.com/timex#oi http://ex.org/variable#125	1
http://ex.org/variable#147 http://www.ibm.com/timex#o http://ex.org/variable#126	1
http://ex.org/variable#147 http://www.ibm.com/timex#o http://ex.org/variable#127	1
http://ex.org/variable#147 http://www.ibm.com/timex#o http://ex.org/variable#128	1
http://ex.org/variable#147 http://www.ibm.com/timex#oi http://ex.org/variable#129	1
http://ex.org/variable#147 http://www.ibm.com/timex#di http://ex.org/variable#130	1
http://ex.org/variable#147 http://www.ibm.com/timex#b http://ex.org/variable#131	1
http://ex.org/variable#147 http://www.ibm.com/timex#d http://ex.org/variable#132	1
http://ex.org/variable#147 http://www.ibm.com/timex#o http://ex.org/variable#133	1
http://ex.org/variable#147 http://www.ibm.com/timex#oi http://ex.org/variable#134	1
http://ex.org/variable#147 http://www.ibm.com/timex#o_d_s http://ex.org/variable#135	1
http://ex.org/variable#147 http://www.ibm.com/timex#o http://ex.org/variable#136	1
http://ex.org/variable#147 http://www.ibm.com/timex#di http://ex.org/variable#137	1
http://ex.org/variable#147 http://www.ibm.com/timex#o http://ex.org/variable#138	1
http://ex.org/variable#147 http://www.ibm.com/timex#di http://ex.org/variable#139	1
http://ex.org/variable#147 http://www.ibm.com/timex#di http://ex.org/variable#140	1
http://ex.org/variable#147 http://www.ibm.com/timex#d http://ex.org/variable#141	1
http://ex.org/variable#147 http://www.ibm.com/timex#oi http://ex.org/variable#142	1
http://ex.org/variable#147 http://www.ibm.com/timex#d http://ex.org/variable#143	1
http://ex.org/variable#147 http://www.ibm.com/timex#o http://ex.org/variable#144	1
http://ex.org/variable#147 http://www.ibm.com/timex#o http://ex.org/variable#145	1
http://ex.org/variable#147 http://www.ibm.com/timex#o http://ex.org/variable#146	1
http://ex.org/variable#147 http://www.ibm.com/timex#o http://ex.org/variable#148	1
http://ex.org/variable#147 http://www.ibm.com/timex#oi http://ex.org/variable#149	1
http://ex.org/variable#147 http://www.ibm.com/timex#o http://ex.org/variable#150	1
http://ex.org/variable#147 http://www.ibm.com/timex#o http://ex.org/variable#151	1
http://ex.org/variable#147 http://www.ibm.com/timex#oi http://ex.org/variable#152	1
http://ex.org/variable#147 http://www.ibm.com/timex#o http://ex.org/variable#153	1
http://ex.org/variable#147 http://www.ibm.com/timex#di http://ex.org/variable#154	1
http://ex.org/variable#147 http://www.ibm.com/timex#d http://ex.org/variable#155	1
http://ex.org/variable#147 http://www.ibm.com/timex#o http://ex.org/variable#156	1
http://ex.org/variable#147 http://www.ibm.com/timex#di_si http://ex.org/variable#157	1
http://ex.org/variable#147 http://www.ibm.com/timex#oi http://ex.org/variable#158	1
http://ex.org/variable#147 http://www.ibm.com/timex#o http://ex.org/variable#159	1
http://ex.org/variable#147 http://www.ibm.com/timex#o http://ex.org/variable#160	1
http://ex.org/variable#147 http://www.ibm.com/timex#di http://ex.org/variable#161	1
http://ex.org/variable#147 http://www.ibm.com/timex#oi http://ex.org/variable#162	1
http://ex.org/variable#147 http://www.ibm.com/timex#o http://ex.org/variable#163	1
http://ex.org/variable#147 http://www.ibm.com/timex#o http://ex.org/variable#164	1
http://ex.org/variable#147 http://www.ibm.com/timex#di http://ex.org/variable#165	1
http://ex.org/variable#147 http://www.ibm.com/timex#oi http://ex.org/variable#166	1
http://ex.org/variable#147 http://www.ibm.com/timex#oi http://ex.org/variable#167	1
http://ex.org/variable#147 http://www.ibm.com/timex#o http://ex.org/variable#168	1
http://ex.org/variable#147 http://www.ibm.com/timex#d http://ex.org/variable#169	1
http://ex.org/variable#147 http://www.ibm.com/timex#o http://ex.org/variable#170	1
http://ex.org/variable#147 http://www.ibm.com/timex#oi http://ex.org/variable#171	1
http://ex.org/variable#147 http://www.ibm.com/timex#oi http://ex.org/variable#172	1
http://ex.org/variable#147 http://www.ibm.com/timex#b http://ex.org/variable#173	1
http://ex.org/variable#147 http://www.ibm.com/timex#o http://ex.org/variable#174	1
http://ex.org/variable#147 http://www.ibm.com/timex#d http://ex.org/variable#175	1
http://ex.org/variable#147 http://www.ibm.com/timex#o http://ex.org/variable#176	1
http://ex.org/variable#147 http://www.ibm.com/timex#o http://ex.org/variable#177	1
http://ex.org/variable#147 http://www.ibm.com/timex#o http://ex.org/variable#178	1
http://ex.org/variable#147 http://www.ibm.com/timex#o http://ex.org/variable#179	1
http://ex.org/variable#147 http://www.ibm.com/timex#di http://ex.org/variable#180	1
http://ex.org/variable#147 http://www.ibm.com/timex#oi http://ex.org/variable#181	1
http://ex.org/variable#147 http://www.ibm.com/timex#di http://ex.org/variable#182	1
http://ex.org/variable#147 http://www.ibm.com/timex#o http://ex.org/variable#183	1
http://ex.org/variable#147 http://www.ibm.com/timex#oi http://ex.org/variable#184	1
http://ex.org/variable#147 http://www.ibm.com/timex#o http://ex.org/variable#185	1
http://ex.org/variable#147 http://www.ibm.com/timex#o http://ex.org/variable#186	1
http://ex.org/variable#147 http://www.ibm.com/timex#d http://ex.org/variable#187	1
http://ex.org/variable#147 http://www.ibm.com/timex#o_di http://ex.org/variable#188	1
http://ex.org/variable#147 http://www.ibm.com/timex#di http://ex.org/variable#189	1
http://ex.org/variable#148 http://www.ibm.com/timex#o http://ex.org/variable#0	1
http://ex.org/variable#148 http://www.ibm.com/timex#o http://ex.org/variable#1	1
http://ex.org/variable#148 http://www.ibm.com/timex#d http://ex.org/variable#2	1
http://ex.org/variable#148 http://www.ibm.com/timex#di http://ex.org/variable#3	1
http://ex.org/variable#148 http://www.ibm.com/timex#o http://ex.org/variable#4	1
http://ex.org/variable#148 http://www.ibm.com/timex#oi http://ex.org/variable#5	1
http://ex.org/variable#148 http://www.ibm.com/timex#o_fi http://ex.org/variable#6	1
http://ex.org/variable#148 http://www.ibm.com/timex#o http://ex.org/variable#7	1
http://ex.org/variable#148 http://www.ibm.com/timex#bi http://ex.org/variable#8	1
http://ex.org/variable#148 http://www.ibm.com/timex#o http://ex.org/variable#9	1
http://ex.org/variable#148 http://www.ibm.com/timex#o http://ex.org/variable#10	1
http://ex.org/variable#148 http://www.ibm.com/timex#d http://ex.org/variable#11	1
http://ex.org/variable#148 http://www.ibm.com/timex#d http://ex.org/variable#12	1
http://ex.org/variable#148 http://www.ibm.com/timex#oi http://ex.org/variable#13	1
http://ex.org/variable#148 http://www.ibm.com/timex#di http://ex.org/variable#14	1
http://ex.org/variable#148 http://www.ibm.com/timex#oi http://ex.org/variable#15	1
http://ex.org/variable#148 http://www.ibm.com/timex#oi http://ex.org/variable#16	1
http://ex.org/variable#148 http://www.ibm.com/timex#di http://ex.org/variable#17	1
http://ex.org/variable#148 http://www.ibm.com/timex#oi http://ex.org/variable#18	1
http://ex.org/variable#148 http://www.ibm.com/timex#oi http://ex.org/variable#19	1
http://ex.org/variable#148 http://www.ibm.com/timex#d http://ex.org/variable#20	1
http://ex.org/variable#148 http://www.ibm.com/timex#o http://ex.org/variable#21	1
http://ex.org/variable#148 http://www.ibm.com/timex#d http://ex.org/variable#22	1
http://ex.org/variable#148 http://www.ibm.com/timex#oi http://ex.org/variable#23	1
http://ex.org/variable#148 http://www.ibm.com/timex#d http://ex.org/variable#24	1
http://ex.org/variable#148 http://www.ibm.com/timex#bi http://ex.org/variable#25	1
http://ex.org/variable#148 http://www.ibm.com/timex#o_di_fi http://ex.org/variable#26	1
http://ex.org/variable#148 http://www.ibm.com/timex#oi http://ex.org/variable#27	1
http://ex.org/variable#148 http://www.ibm.com/timex#o http://ex.org/variable#28	1
http://ex.org/variable#148 http://www.ibm.com/timex#o http://ex.org/variable#29	1
http://ex.org/variable#148 http://www.ibm.com/timex#di http://ex.org/variable#30	1
http://ex.org/variable#148 http://www.ibm.com/timex#oi http://ex.org/variable#31	1
http://ex.org/variable#148 http://www.ibm.com/timex#oi http://ex.org/variable#32	1
http://ex.org/variable#148 http://www.ibm.com/timex#o http://ex.org/variable#33	1
http://ex.org/variable#148 http://www.ibm.com/timex#oi http://ex.org/variable#34	1
http://ex.org/variable#148 http://www.ibm.com/timex#di http://ex.org/variable#35	1
http://ex.org/variable#148 http://www.ibm.com/timex#oi http://ex.org/variable#36	1
http://ex.org/variable#148 http://www.ibm.com/timex#oi http://ex.org/variable#37	1
http://ex.org/variable#148 http://www.ibm.com/timex#oi http://ex.org/variable#38	1
http://ex.org/variable#148 http://www.ibm.com/timex#di http://ex.org/variable#39	1
http://ex.org/variable#148 http://www.ibm.com/timex#oi http://ex.org/variable#40	1
http://ex.org/variable#148 http://www.ibm.com/timex#d http://ex.org/variable#41	1
http://ex.org/variable#148 http://www.ibm.com/timex#d http://ex.org/variable#42	1
http://ex.org/variable#148 http://www.ibm.com/timex#oi http://ex.org/variable#43	1
http://ex.org/variable#148 http://www.ibm.com/timex#d http://ex.org/variable#44	1
http://ex.org/variable#148 http://www.ibm.com/timex#o http://ex.org/variable#45	1
http://ex.org/variable#148 http://www.ibm.com/timex#oi http://ex.org/variable#46	1
http://ex.org/variable#148 http://www.ibm.com/timex#oi http://ex.org/variable#47	1
http://ex.org/variable#148 http://www.ibm.com/timex#di http://ex.org/variable#48	1
http://ex.org/variable#148 http://www.ibm.com/timex#oi http://ex.org/variable#49	1
http://ex.org/variable#148 http://www.ibm.com/timex#o http://ex.org/variable#50	1
http://ex.org/variable#148 http://www.ibm.com/timex#di http://ex.org/variable#51	1
http://ex.org/variable#148 http://www.ibm.com/timex#oi_d_f http://ex.org/variable#52	1
http://ex.org/variable#148 http://www.ibm.com/timex#d http://ex.org/variable#53	1
http://ex.org/variable#148 http://www.ibm.com/timex#oi http://ex.org/variable#54	1
http://ex.org/variable#148 http://www.ibm.com/timex#di http://ex.org/variable#55	1
http://ex.org/variable#148 http://www.ibm.com/timex#oi http://ex.org/variable#56	1
http://ex.org/variable#148 http://www.ibm.com/timex#oi http://ex.org/variable#57	1
http://ex.org/variable#148 http://www.ibm.com/timex#oi http://ex.org/variable#58	1
http://ex.org/variable#148 http://www.ibm.com/timex#d http://ex.org/variable#59	1
http://ex.org/variable#148 http://www.ibm.com/timex#d http://ex.org/variable#60	1
http://ex.org/variable#148 http://www.ibm.com/timex#d http://ex.org/variable#61	1
http://ex.org/variable#148 http://www.ibm.com/timex#o http://ex.org/variable#62	1
http://ex.org/variable#148 http://www.ibm.com/timex#oi_d_f http://ex.org/variable#63	1
http://ex.org/variable#148 http://www.ibm.com/timex#d http://ex.org/variable#64	1
http://ex.org/variable#148 http://www.ibm.com/timex#bi http://ex.org/variable#65	1
http://ex.org/variable#148 http://www.ibm.com/timex#oi http://ex.org/variable#66	1
http://ex.org/variable#148 http://www.ibm.com/timex#d http://ex.org/variable#67	1
http://ex.org/variable#148 http://www.ibm.com/timex#d http://ex.org/variable#68	1
http://ex.org/variable#148 http://www.ibm.com/timex#oi http://ex.org/variable#69	1
http://ex.org/variable#148 http://www.ibm.com/timex#d http://ex.org/variable#70	1
http://ex.org/variable#148 http://www.ibm.com/timex#oi http://ex.org/variable#71	1
http://ex.org/variable#148 http://www.ibm.com/timex#o_di_fi http://ex.org/variable#72	1
http://ex.org/variable#148 http://www.ibm.com/timex#oi http://ex.org/variable#73	1
http://ex.org/variable#148 http://www.ibm.com/timex#d http://ex.org/variable#74	1
http://ex.org/variable#148 http://www.ibm.com/timex#oi http://ex.org/variable#75	1
http://ex.org/variable#148 http://www.ibm.com/timex#d http://ex.org/variable#76	1
http://ex.org/variable#148 http://www.ibm.com/timex#d http://ex.org/variable#77	1
http://ex.org/variable#148 http://www.ibm.com/timex#di http://ex.org/variable#78	1
http://ex.org/variable#148 http://www.ibm.com/timex#oi http://ex.org/variable#79	1
http://ex.org/variable#148 http://www.ibm.com/timex#d http://ex.org/variable#80	1
http://ex.org/variable#148 http://www.ibm.com/timex#oi http://ex.org/variable#81	1
http://ex.org/variable#148 http://www.ibm.com/timex#oi http://ex.org/variable#82	1
http://ex.org/variable#148 http://www.ibm.com/timex#d http://ex.org/variable#83	1
http://ex.org/variable#148 http://www.ibm.com/timex#o http://ex.org/variable#84	1
http://ex.org/variable#148 http://www.ibm.com/timex#o_di_fi http://ex.org/variable#85	1
http://ex.org/variable#148 http://www.ibm.com/timex#d http://ex.org/variable#86	1
http://ex.org/variable#148 http://www.ibm.com/timex#o http://ex.org/variable#87	1
http://ex.org/variable#148 http://www.ibm.com/timex#b http://ex.org/variable#88	1
http://ex.org/variable#148 http://www.ibm.com/timex#d http://ex.org/variable#89	1
http://ex.org/variable#148 http://www.ibm.com/timex#di http://ex.org/variable#90	1
http://ex.org/variable#148 http://www.ibm.com/timex#d http://ex.org/variable#91	1
http://ex.org/variable#148 http://www.ibm.com/timex#o http://ex.org/variable#92	1
http://ex.org/variable#148 http://www.ibm.com/timex#d http://ex.org/variable#93	1
http://ex.org/variable#148 http://www.ibm.com/timex#oi http://ex.org/variable#94	1
http://ex.org/variable#148 http://www.ibm.com/timex#di http://ex.org/variable#95	1
http://ex.org/variable#148 http://www.ibm.com/timex#bi http://ex.org/variable#96	1
http://ex.org/variable#148 http://www.ibm.com/timex#o http://ex.org/variable#97	1
http://ex.org/variable#148 http://www.ibm.com/timex#o http://ex.org/variable#98	1
http://ex.org/variable#148 http://www.ibm.com/timex#o http://ex.org/variable#99	1
http://ex.org/variable#148 http://www.ibm.com/timex#oi http://ex.org/variable#100	1
http://ex.org/variable#148 http://www.ibm.com/timex#o_d_s http://ex.org/variable#101	1
http://ex.org/variable#148 http://www.ibm.com/timex#di http://ex.org/variable#102	1
http://ex.org/variable#148 http://www.ibm.com/timex#oi http://ex.org/variable#103	1
http://ex.org/variable#148 http://www.ibm.com/timex#b http://ex.org/variable#104	1
http://ex.org/variable#148 http://www.ibm.com/timex#d http://ex.org/variable#105	1
http://ex.org/variable#148 http://www.ibm.com/timex#d http://ex.org/variable#106	1
http://ex.org/variable#148 http://www.ibm.com/timex#di http://ex.org/variable#107	1
http://ex.org/variable#148 http://www.ibm.com/timex#di http://ex.org/variable#108	1
http://ex.org/variable#148 http://www.ibm.com/timex#di http://ex.org/variable#109	1
http://ex.org/variable#148 http://www.ibm.com/timex#d http://ex.org/variable#110	1
http://ex.org/variable#148 http://www.ibm.com/timex#oi http://ex.org/variable#111	1
http://ex.org/variable#148 http://www.ibm.com/timex#oi http://ex.org/variable#112	1
http://ex.org/variable#148 http://www.ibm.com/timex#di http://ex.org/variable#113	1
http://ex.org/variable#148 http://www.ibm.com/timex#d_f http://ex.org/variable#114	1
http://ex.org/variable#148 http://www.ibm.com/timex#b http://ex.org/variable#115	1
http://ex.org/variable#148 http://www.ibm.com/timex#di http://ex.org/variable#116	1
http://ex.org/variable#148 http://www.ibm.com/timex#oi http://ex.org/variable#117	1
http://ex.org/variable#148 http://www.ibm.com/timex#oi http://ex.org/variable#118	1
http://ex.org/variable#148 http://www.ibm.com/timex#d http://ex.org/variable#119	1
http://ex.org/variable#148 http://www.ibm.com/timex#oi http://ex.org/variable#120	1
http://ex.org/variable#148 http://www.ibm.com/timex#b http://ex.org/variable#121	1
http://ex.org/variable#148 http://www.ibm.com/timex#oi_d_f http://ex.org/variable#122	1
http://ex.org/variable#148 http://www.ibm.com/timex#o http://ex.org/variable#123	1
http://ex.org/variable#148 http://www.ibm.com/timex#oi http://ex.org/variable#124	1
http://ex.org/variable#148 http://www.ibm.com/timex#oi http://ex.org/variable#125	1
http://ex.org/variable#148 http://www.ibm.com/timex#o_di http://ex.org/variable#126	1
http://ex.org/variable#148 http://www.ibm.com/timex#o http://ex.org/variable#127	1
http://ex.org/variable#148 http://www.ibm.com/timex#o http://ex.org/variable#128	1
http://ex.org/variable#148 http://www.ibm.com/timex#oi http://ex.org/variable#129	1
http://ex.org/variable#148 http://www.ibm.com/timex#oi http://ex.org/variable#130	1
http://ex.org/variable#148 http://www.ibm.com/timex#o http://ex.org/variable#131	1
http://ex.org/variable#148 http://www.ibm.com/timex#d http://ex.org/variable#132	1
http://ex.org/variable#148 http://www.ibm.com/timex#o http://ex.org/variable#133	1
http://ex.org/variable#148 http://www.ibm.com/timex#oi http://ex.org/variable#134	1
http://ex.org/variable#148 http://www.ibm.com/timex#d http://ex.org/variable#135	1
http://ex.org/variable#148 http://www.ibm.com/timex#d http://ex.org/variable#136	1
http://ex.org/variable#148 http://www.ibm.com/timex#di http://ex.org/variable#137	1
http://ex.org/variable#148 http://www.ibm.com/timex#o http://ex.org/variable#138	1
http://ex.org/variable#148 http://www.ibm.com/timex#oi http://ex.org/variable#139	1
http://ex.org/variable#148 http://www.ibm.com/timex#di http://ex.org/variable#140	1
http://ex.org/variable#148 http://www.ibm.com/timex#d http://ex.org/variable#141	1
http://ex.org/variable#148 http://www.ibm.com/timex#oi http://ex.org/variable#142	1
http://ex.org/variable#148 http://www.ibm.com/timex#d http://ex.org/variable#143	1
http://ex.org/variable#148 http://www.ibm.com/timex#o http://ex.org/variable#144	1
http://ex.org/variable#148 http://www.ibm.com/timex#o http://ex.org/variable#145	1
http://ex.org/variable#148 http://www.ibm.com/timex#o http://ex.org/variable#146	1
http://ex.org/variable#148 http://www.ibm.com/timex#oi http://ex.org/variable#147	1
http://ex.org/variable#148 http://www.ibm.com/timex#oi http://ex.org/variable#149	1
http://ex.org/variable#148 http://www.ibm.com/timex#o http://ex.org/variable#150	1
http://ex.org/variable#148 http://www.ibm.com/timex#d http://ex.org/variable#151	1
http://ex.org/variable#148 http://www.ibm.com/timex#bi http://ex.org/variable#152	1
http://ex.org/variable#148 http://www.ibm.com/timex#d http://ex.org/variable#153	1
http://ex.org/variable#148 http://www.ibm.com/timex#di http://ex.org/variable#154	1
http://ex.org/variable#148 http://www.ibm.com/timex#oi http://ex.org/variable#155	1
http://ex.org/variable#148 http://www.ibm.com/timex#d http://ex.org/variable#156	1
http://ex.org/variable#148 http://www.ibm.com/timex#bi http://ex.org/variable#157	1
http://ex.org/variable#148 http://www.ibm.com/timex#oi http://ex.org/variable#158	1
http://ex.org/variable#148 http://www.ibm.com/timex#o http://ex.org/variable#159	1
http://ex.org/variable#148 http://www.ibm.com/timex#d http://ex.org/variable#160	1
http://ex.org/variable#148 http://www.ibm.com/timex#di http://ex.org/variable#161	1
http://ex.org/variable#148 http://www.ibm.com/timex#oi http://ex.org/variable#162	1
http://ex.org/variable#148 http://www.ibm.com/timex#o http://ex.org/variable#163	1
http://ex.org/variable#148 http://www.ibm.com/timex#o http://ex.org/variable#164	1
http://ex.org/variable#148 http://www.ibm.com/timex#di http://ex.org/variable#165	1
http://ex.org/variable#148 http://www.ibm.com/timex#oi http://ex.org/variable#166	1
http://ex.org/variable#148 http://www.ibm.com/timex#oi http://ex.org/variable#167	1
http://ex.org/variable#148 http://www.ibm.com/timex#o http://ex.org/variable#168	1
http://ex.org/variable#148 http://www.ibm.com/timex#d http://ex.org/variable#169	1
http://ex.org/variable#148 http://www.ibm.com/timex#o http://ex.org/variable#170	1
http://ex.org/variable#148 http://www.ibm.com/timex#oi http://ex.org/variable#171	1
http://ex.org/variable#148 http://www.ibm.com/timex#bi http://ex.org/variable#172	1
http://ex.org/variable#148 http://www.ibm.com/timex#di http://ex.org/variable#173	1
http://ex.org/variable#148 http://www.ibm.com/timex#o http://ex.org/variable#174	1
http://ex.org/variable#148 http://www.ibm.com/timex#oi http://ex.org/variable#175	1
http://ex.org/variable#148 http://www.ibm.com/timex#o http://ex.org/variable#176	1
http://ex.org/variable#148 http://www.ibm.com/timex#oi_d_f http://ex.org/variable#177	1
http://ex.org/variable#148 http://www.ibm.com/timex#d http://ex.org/variable#178	1
http://ex.org/variable#148 http://www.ibm.com/timex#o http://ex.org/variable#179	1
http://ex.org/variable#148 http://www.ibm.com/timex#bi http://ex.org/variable#180	1
http://ex.org/variable#148 http://www.ibm.com/timex#oi http://ex.org/variable#181	1
http://ex.org/variable#148 http://www.ibm.com/timex#di http://ex.org/variable#182	1
http://ex.org/variable#148 http://www.ibm.com/timex#o http://ex.org/variable#183	1
http://ex.org/variable#148 http://www.ibm.com/timex#oi http://ex.org/variable#184	1
http://ex.org/variable#148 http://www.ibm.com/timex#o_fi http://ex.org/variable#185	1
http://ex.org/variable#148 http://www.ibm.com/timex#o http://ex.org/variable#186	1
http://ex.org/variable#148 http://www.ibm.com/timex#d http://ex.org/variable#187	1
http://ex.org/variable#148 http://www.ibm.com/timex#o_di_fi http://ex.org/variable#188	1
http://ex.org/variable#148 http://www.ibm.com/timex#di http://ex.org/variable#189	1
http://ex.org/variable#149 http://www.ibm.com/timex#o http://ex.org/variable#0	1
http://ex.org/variable#149 http://www.ibm.com/timex#b http://ex.org/variable#1	1
http://ex.org/variable#149 http://www.ibm.com/timex#o http://ex.org/variable#2	1
http://ex.org/variable#149 http://www.ibm.com/timex#b_m_o http://ex.org/variable#3	1
http://ex.org/variable#149 http://www.ibm.com/timex#b_m_o http://ex.org/variable#4	1
http://ex.org/variable#149 http://www.ibm.com/timex#o http://ex.org/variable#5	1
http://ex.org/variable#149 http://www.ibm.com/timex#b http://ex.org/variable#6	1
http://ex.org/variable#149 http://www.ibm.com/timex#o http://ex.org/variable#7	1
http://ex.org/variable#149 http://www.ibm.com/timex#di http://ex.org/variable#8	1
http://ex.org/variable#149 http://www.ibm.com/timex#b http://ex.org/variable#9	1
http://ex.org/variable#149 http://www.ibm.com/timex#b_o http://ex.org/variable#10	1
http://ex.org/variable#149 http://www.ibm.com/timex#o http://ex.org/variable#11	1
http://ex.org/variable#149 http://www.ibm.com/timex#d http://ex.org/variable#12	1
http://ex.org/variable#149 http://www.ibm.com/timex#o http://ex.org/variable#13	1
http://ex.org/variable#149 http://www.ibm.com/timex#b http://ex.org/variable#14	1
http://ex.org/variable#149 http://www.ibm.com/timex#o http://ex.org/variable#15	1
http://ex.org/variable#149 http://www.ibm.com/timex#o http://ex.org/variable#16	1
http://ex.org/variable#149 http://www.ibm.com/timex#b http://ex.org/variable#17	1
http://ex.org/variable#149 http://www.ibm.com/timex#o http://ex.org/variable#18	1
http://ex.org/variable#149 http://www.ibm.com/timex#o_fi http://ex.org/variable#19	1
http://ex.org/variable#149 http://www.ibm.com/timex#o http://ex.org/variable#20	1
http://ex.org/variable#149 http://www.ibm.com/timex#b http://ex.org/variable#21	1
http://ex.org/variable#149 http://www.ibm.com/timex#o http://ex.org/variable#22	1
http://ex.org/variable#149 http://www.ibm.com/timex#o_di http://ex.org/variable#23	1
http://ex.org/variable#149 http://www.ibm.com/timex#o http://ex.org/variable#24	1
http://ex.org/variable#149 http://www.ibm.com/timex#di http://ex.org/variable#25	1
http://ex.org/variable#149 http://www.ibm.com/timex#b http://ex.org/variable#26	1
http://ex.org/variable#149 http://www.ibm.com/timex#oi_d_f http://ex.org/variable#27	1
http://ex.org/variable#149 http://www.ibm.com/timex#b http://ex.org/variable#28	1
http://ex.org/variable#149 http://www.ibm.com/timex#m_o http://ex.org/variable#29	1
http://ex.org/variable#149 http://www.ibm.com/timex#b http://ex.org/variable#30	1
http://ex.org/variable#149 http://www.ibm.com/timex#d http://ex.org/variable#31	1
http://ex.org/variable#149 http://www.ibm.com/timex#o_di http://ex.org/variable#32	1
http://ex.org/variable#149 http://www.ibm.com/timex#b http://ex.org/variable#33	1
http://ex.org/variable#149 http://www.ibm.com/timex#o http://ex.org/variable#34	1
http://ex.org/variable#149 http://www.ibm.com/timex#b_m_o http://ex.org/variable#35	1
http://ex.org/variable#149 http://www.ibm.com/timex#o http://ex.org/variable#36	1
http://ex.org/variable#149 http://www.ibm.com/timex#o_di_fi http://ex.org/variable#37	1
http://ex.org/variable#149 http://www.ibm.com/timex#o http://ex.org/variable#38	1
http://ex.org/variable#149 http://www.ibm.com/timex#b http://ex.org/variable#39	1
http://ex.org/variable#149 http://www.ibm.com/timex#o http://ex.org/variable#40	1
http://ex.org/variable#149 http://www.ibm.com/timex#o http://ex.org/variable#41	1
http://ex.org/variable#149 http://www.ibm.com/timex#o http://ex.org/variable#42	1
http://ex.org/variable#149 http://www.ibm.com/timex#o http://ex.org/variable#43	1
http://ex.org/variable#149 http://www.ibm.com/timex#o http://ex.org/variable#44	1
http://ex.org/variable#149 http://www.ibm.com/timex#b_m_o http://ex.org/variable#45	1
http://ex.org/variable#149 http://www.ibm.com/timex#d http://ex.org/variable#46	1
http://ex.org/variable#149 http://www.ibm.com/timex#d http://ex.org/variable#47	1
http://ex.org/variable#149 http://www.ibm.com/timex#b http://ex.org/variable#48	1
http://ex.org/variable#149 http://www.ibm.com/timex#o_di_fi http://ex.org/variable#49	1
http://ex.org/variable#149 http://www.ibm.com/timex#b_m_o http://ex.org/variable#50	1
http://ex.org/variable#149 http://www.ibm.com/timex#b http://ex.org/variable#51	1
http://ex.org/variable#149 http://www.ibm.com/timex#o http://ex.org/variable#52	1
http://ex.org/variable#149 http://www.ibm.com/timex#o http://ex.org/variable#53	1
http://ex.org/variable#149 http://www.ibm.com/timex#o http://ex.org/variable#54	1
http://ex.org/variable#149 http://www.ibm.com/timex#b_m_o http://ex.org/variable#55	1
http://ex.org/variable#149 http://www.ibm.com/timex#o http://ex.org/variable#56	1
http://ex.org/variable#149 http://www.ibm.com/timex#d http://ex.org/variable#57	1
http://ex.org/variable#149 http://www.ibm.com/timex#o http://ex.org/variable#58	1
http://ex.org/variable#149 http://www.ibm.com/timex#o http://ex.org/variable#59	1
http://ex.org/variable#149 http://www.ibm.com/timex#o http://ex.org/variable#60	1
http://ex.org/variable#149 http://www.ibm.com/timex#o http://ex.org/variable#61	1
http://ex.org/variable#149 http://www.ibm.com/timex#o http://ex.org/variable#62	1
http://ex.org/variable#149 http://www.ibm.com/timex#o http://ex.org/variable#63	1
http://ex.org/variable#149 http://www.ibm.com/timex#o http://ex.org/variable#64	1
http://ex.org/variable#149 http://www.ibm.com/timex#di http://ex.org/variable#65	1
http://ex.org/variable#149 http://www.ibm.com/timex#oi_d_f http://ex.org/variable#66	1
http://ex.org/variable#149 http://www.ibm.com/timex#o http://ex.org/variable#67	1
http://ex.org/variable#149 http://www.ibm.com/timex#o http://ex.org/variable#68	1
http://ex.org/variable#149 http://www.ibm.com/timex#o http://ex.org/variable#69	1
http://ex.org/variable#149 http://www.ibm.com/timex#o http://ex.org/variable#70	1
http://ex.org/variable#149 http://www.ibm.com/timex#o http://ex.org/variable#71	1
http://ex.org/variable#149 http://www.ibm.com/timex#b_m_o http://ex.org/variable#72	1
http://ex.org/variable#149 http://www.ibm.com/timex#o http://ex.org/variable#73	1
http://ex.org/variable#149 http://www.ibm.com/timex#o http://ex.org/variable#74	1
http://ex.org/variable#149 http://www.ibm.com/timex#o http://ex.org/variable#75	1
http://ex.org/variable#149 http://www.ibm.com/timex#o http://ex.org/variable#76	1
http://ex.org/variable#149 http://www.ibm.com/timex#o http://ex.org/variable#77	1
http://ex.org/variable#149 http://www.ibm.com/timex#o http://ex.org/variable#78	1
http://ex.org/variable#149 http://www.ibm.com/timex#d http://ex.org/variable#79	1
http://ex.org/variable#149 http://www.ibm.com/timex#o http://ex.org/variable#80	1
http://ex.org/variable#149 http://www.ibm.com/timex#d http://ex.org/variable#81	1
http://ex.org/variable#149 http://www.ibm.com/timex#o http://ex.org/variable#82	1
http://ex.org/variable#149 http://www.ibm.com/timex#o http://ex.org/variable#83	1
http://ex.org/variable#149 http://www.ibm.com/timex#b http://ex.org/variable#84	1
http://ex.org/variable#149 http://www.ibm.com/timex#b http://ex.org/variable#85	1
http://ex.org/variable#149 http://www.ibm.com/timex#d_s http://ex.org/variable#86	1
http://ex.org/variable#149 http://www.ibm.com/timex#b http://ex.org/variable#87	1
http://ex.org/variable#149 http://www.ibm.com/timex#b http://ex.org/variable#88	1
http://ex.org/variable#149 http://www.ibm.com/timex#o http://ex.org/variable#89	1
http://ex.org/variable#149 http://www.ibm.com/timex#o http://ex.org/variable#90	1
http://ex.org/variable#149 http://www.ibm.com/timex#o http://ex.org/variable#91	1
http://ex.org/variable#149 http://www.ibm.com/timex#b http://ex.org/variable#92	1
http://ex.org/variable#149 http://www.ibm.com/timex#o http://ex.org/variable#93	1
http://ex.org/variable#149 http://www.ibm.com/timex#o http://ex.org/variable#94	1
http://ex.org/variable#149 http://www.ibm.com/timex#b http://ex.org/variable#95	1
http://ex.org/variable#149 http://www.ibm.com/timex#di http://ex.org/variable#96	1
http://ex.org/variable#149 http://www.ibm.com/timex#o http://ex.org/variable#97	1
http://ex.org/variable#149 http://www.ibm.com/timex#b http://ex.org/variable#98	1
http://ex.org/variable#149 http://www.ibm.com/timex#b http://ex.org/variable#99	1
http://ex.org/variable#149 http://www.ibm.com/timex#di_fi http://ex.org/variable#100	1
http://ex.org/variable#149 http://www.ibm.com/timex#o http://ex.org/variable#101	1
http://ex.org/variable#149 http://www.ibm.com/timex#b http://ex.org/variable#102	1
http://ex.org/variable#149 http://www.ibm.com/timex#o http://ex.org/variable#103	1
http://ex.org/variable#149 http://www.ibm.com/timex#b http://ex.org/variable#104	1
http://ex.org/variable#149 http://www.ibm.com/timex#o http://ex.org/variable#105	1
http://ex.org/variable#149 http://www.ibm.com/timex#o http://ex.org/variable#106	1
http://ex.org/variable#149 http://www.ibm.com/timex#o http://ex.org/variable#107	1
http://ex.org/variable#149 http://www.ibm.com/timex#b_o http://ex.org/variable#108	1
http://ex.org/variable#149 http://www.ibm.com/timex#b http://ex.org/variable#109	1
http://ex.org/variable#149 http://www.ibm.com/timex#o http://ex.org/variable#110	1
http://ex.org/variable#149 http://www.ibm.com/timex#o http://ex.org/variable#111	1
http://ex.org/variable#149 http://www.ibm.com/timex#o http://ex.org/variable#112	1
http://ex.org/variable#149 http://www.ibm.com/timex#b http://ex.org/variable#113	1
http://ex.org/variable#149 http://www.ibm.com/timex#o http://ex.org/variable#114	1
http://ex.org/variable#149 http://www.ibm.com/timex#b http://ex.org/variable#115	1
http://ex.org/variable#149 http://www.ibm.com/timex#b http://ex.org/variable#116	1
http://ex.org/variable#149 http://www.ibm.com/timex#o http://ex.org/variable#117	1
http://ex.org/variable#149 http://www.ibm.com/timex#o http://ex.org/variable#118	1
http://ex.org/variable#149 http://www.ibm.com/timex#d http://ex.org/variable#119	1
http://ex.org/variable#149 http://www.ibm.com/timex#o http://ex.org/variable#120	1
http://ex.org/variable#149 http://www.ibm.com/timex#b http://ex.org/variable#121	1
http://ex.org/variable#149 http://www.ibm.com/timex#o http://ex.org/variable#122	1
http://ex.org/variable#149 http://www.ibm.com/timex#b_m_o http://ex.org/variable#123	1
http://ex.org/variable#149 http://www.ibm.com/timex#d http://ex.org/variable#124	1
http://ex.org/variable#149 http://www.ibm.com/timex#d http://ex.org/variable#125	1
http://ex.org/variable#149 http://www.ibm.com/timex#b http://ex.org/variable#126	1
http://ex.org/variable#149 http://www.ibm.com/timex#b http://ex.org/variable#127	1
http://ex.org/variable#149 http://www.ibm.com/timex#m_o http://ex.org/variable#128	1
http://ex.org/variable#149 http://www.ibm.com/timex#d http://ex.org/variable#129	1
http://ex.org/variable#149 http://www.ibm.com/timex#o http://ex.org/variable#130	1
http://ex.org/variable#149 http://www.ibm.com/timex#b http://ex.org/variable#131	1
http://ex.org/variable#149 http://www.ibm.com/timex#o http://ex.org/variable#132	1
http://ex.org/variable#149 http://www.ibm.com/timex#b_m_o http://ex.org/variable#133	1
http://ex.org/variable#149 http://www.ibm.com/timex#o http://ex.org/variable#134	1
http://ex.org/variable#149 http://www.ibm.com/timex#o http://ex.org/variable#135	1
http://ex.org/variable#149 http://www.ibm.com/timex#o http://ex.org/variable#136	1
http://ex.org/variable#149 http://www.ibm.com/timex#b_m_o http://ex.org/variable#137	1
http://ex.org/variable#149 http://www.ibm.com/timex#b http://ex.org/variable#138	1
http://ex.org/variable#149 http://www.ibm.com/timex#o http://ex.org/variable#139	1
http://ex.org/variable#149 http://www.ibm.com/timex#o http://ex.org/variable#140	1
http://ex.org/variable#149 http://www.ibm.com/timex#o http://ex.org/variable#141	1
http://ex.org/variable#149 http://www.ibm.com/timex#o http://ex.org/variable#142	1
http://ex.org/variable#149 http://www.ibm.com/timex#o http://ex.org/variable#143	1
http://ex.org/variable#149 http://www.ibm.com/timex#o http://ex.org/variable#144	1
http://ex.org/variable#149 http://www.ibm.com/timex#b http://ex.org/variable#145	1
http://ex.org/variable#149 http://www.ibm.com/timex#b_m_o http://ex.org/variable#146	1
http://ex.org/variable#149 http://www.ibm.com/timex#o http://ex.org/variable#147	1
http://ex.org/variable#149 http://www.ibm.com/timex#o http://ex.org/variable#148	1
http://ex.org/variable#149 http://www.ibm.com/timex#b http://ex.org/variable#150	1
http://ex.org/variable#149 http://www.ibm.com/timex#o http://ex.org/variable#151	1
http://ex.org/variable#149 http://www.ibm.com/timex#di http://ex.org/variable#152	1
http://ex.org/variable#149 http://www.ibm.com/timex#o http://ex.org/variable#153	1
http://ex.org/variable#149 http://www.ibm.com/timex#b_m_o http://ex.org/variable#154	1
http://ex.org/variable#149 http://www.ibm.com/timex#d http://ex.org/variable#155	1
http://ex.org/variable#149 http://www.ibm.com/timex#o http://ex.org/variable#156	1
http://ex.org/variable#149 http://www.ibm.com/timex#di http://ex.org/variable#157	1
http://ex.org/variable#149 http://www.ibm.com/timex#o http://ex.org/variable#158	1
http://ex.org/variable#149 http://www.ibm.com/timex#b_m_o http://ex.org/variable#159	1
http://ex.org/variable#149 http://www.ibm.com/timex#o http://ex.org/variable#160	1
http://ex.org/variable#149 http://www.ibm.com/timex#b_m_o http://ex.org/variable#161	1
http://ex.org/variable#149 http://www.ibm.com/timex#o http://ex.org/variable#162	1
http://ex.org/variable#149 http://www.ibm.com/timex#b_m_o http://ex.org/variable#163	1
http://ex.org/variable#149 http://www.ibm.com/timex#m_o http://ex.org/variable#164	1
http://ex.org/variable#149 http://www.ibm.com/timex#o http://ex.org/variable#165	1
http://ex.org/variable#149 http://www.ibm.com/timex#o http://ex.org/variable#166	1
http://ex.org/variable#149 http://www.ibm.com/timex#o http://ex.org/variable#167	1
http://ex.org/variable#149 http://www.ibm.com/timex#b http://ex.org/variable#168	1
http://ex.org/variable#149 http://www.ibm.com/timex#o http://ex.org/variable#169	1
http://ex.org/variable#149 http://www.ibm.com/timex#b http://ex.org/variable#170	1
http://ex.org/variable#149 http://www.ibm.com/timex#o http://ex.org/variable#171	1
http://ex.org/variable#149 http://www.ibm.com/timex#oi http://ex.org/variable#172	1
http://ex.org/variable#149 http://www.ibm.com/timex#b http://ex.org/variable#173	1
http://ex.org/variable#149 http://www.ibm.com/timex#b http://ex.org/variable#174	1
http://ex.org/variable#149 http://www.ibm.com/timex#o http://ex.org/variable#175	1
http://ex.org/variable#149 http://www.ibm.com/timex#b_m_o http://ex.org/variable#176	1
http://ex.org/variable#149 http://www.ibm.com/timex#o http://ex.org/variable#177	1
http://ex.org/variable#149 http://www.ibm.com/timex#o http://ex.org/variable#178	1
http://ex.org/variable#149 http://www.ibm.com/timex#b_m_o http://ex.org/variable#179	1
http://ex.org/variable#149 http://www.ibm.com/timex#di http://ex.org/variable#180	1
http://ex.org/variable#149 http://www.ibm.com/timex#di_fi http://ex.org/variable#181	1
http://ex.org/variable#149 http://www.ibm.com/timex#b_o http://ex.org/variable#182	1
http://ex.org/variable#149 http://www.ibm.com/timex#b http://ex.org/variable#183	1
http://ex.org/variable#149 http://www.ibm.com/timex#o http://ex.org/variable#184	1
http://ex.org/variable#149 http://www.ibm.com/timex#o http://ex.org/variable#185	1
http://ex.org/variable#149 http://www.ibm.com/timex#b http://ex.org/variable#186	1
http://ex.org/variable#149 http://www.ibm.com/timex#d http://ex.org/variable#187	1
http://ex.org/variable#149 http://www.ibm.com/timex#b http://ex.org/variable#188	1
http://ex.org/variable#149 http://www.ibm.com/timex#b_m_o http://ex.org/variable#189	1
http://ex.org/variable#150 http://www.ibm.com/timex#oi http://ex.org/variable#0	1
http://ex.org/variable#150 http://www.ibm.com/timex#di http://ex.org/variable#1	1
http://ex.org/variable#150 http://www.ibm.com/timex#oi http://ex.org/variable#2	1
http://ex.org/variable#150 http://www.ibm.com/timex#oi http://ex.org/variable#3	1
http://ex.org/variable#150 http://www.ibm.com/timex#oi http://ex.org/variable#4	1
http://ex.org/variable#150 http://www.ibm.com/timex#bi http://ex.org/variable#5	1
http://ex.org/variable#150 http://www.ibm.com/timex#oi http://ex.org/variable#6	1
http://ex.org/variable#150 http://www.ibm.com/timex#oi http://ex.org/variable#7	1
http://ex.org/variable#150 http://www.ibm.com/timex#bi http://ex.org/variable#8	1
http://ex.org/variable#150 http://www.ibm.com/timex#d http://ex.org/variable#9	1
http://ex.org/variable#150 http://www.ibm.com/timex#oi http://ex.org/variable#10	1
http://ex.org/variable#150 http://www.ibm.com/timex#oi http://ex.org/variable#11	1
http://ex.org/variable#150 http://www.ibm.com/timex#oi http://ex.org/variable#12	1
http://ex.org/variable#150 http://www.ibm.com/timex#bi http://ex.org/variable#13	1
http://ex.org/variable#150 http://www.ibm.com/timex#bi http://ex.org/variable#14	1
http://ex.org/variable#150 http://www.ibm.com/timex#oi http://ex.org/variable#15	1
http://ex.org/variable#150 http://www.ibm.com/timex#bi http://ex.org/variable#16	1
http://ex.org/variable#150 http://www.ibm.com/timex#di http://ex.org/variable#17	1
http://ex.org/variable#150 http://www.ibm.com/timex#oi http://ex.org/variable#18	1
http://ex.org/variable#150 http://www.ibm.com/timex#bi http://ex.org/variable#19	1
http://ex.org/variable#150 http://www.ibm.com/timex#oi_d http://ex.org/variable#20	1
http://ex.org/variable#150 http://www.ibm.com/timex#oi http://ex.org/variable#21	1
http://ex.org/variable#150 http://www.ibm.com/timex#oi http://ex.org/variable#22	1
http://ex.org/variable#150 http://www.ibm.com/timex#bi http://ex.org/variable#23	1
http://ex.org/variable#150 http://www.ibm.com/timex#oi http://ex.org/variable#24	1
http://ex.org/variable#150 http://www.ibm.com/timex#bi http://ex.org/variable#25	1
http://ex.org/variable#150 http://www.ibm.com/timex#oi_si http://ex.org/variable#26	1
http://ex.org/variable#150 http://www.ibm.com/timex#bi http://ex.org/variable#27	1
http://ex.org/variable#150 http://www.ibm.com/timex#oi http://ex.org/variable#28	1
http://ex.org/variable#150 http://www.ibm.com/timex#oi http://ex.org/variable#29	1
http://ex.org/variable#150 http://www.ibm.com/timex#bi http://ex.org/variable#30	1
http://ex.org/variable#150 http://www.ibm.com/timex#bi http://ex.org/variable#31	1
http://ex.org/variable#150 http://www.ibm.com/timex#bi http://ex.org/variable#32	1
http://ex.org/variable#150 http://www.ibm.com/timex#eq_o_oi_d_di_s_si_f_fi http://ex.org/variable#33	1
http://ex.org/variable#150 http://www.ibm.com/timex#oi http://ex.org/variable#34	1
http://ex.org/variable#150 http://www.ibm.com/timex#bi http://ex.org/variable#35	1
http://ex.org/variable#150 http://www.ibm.com/timex#bi http://ex.org/variable#36	1
http://ex.org/variable#150 http://www.ibm.com/timex#bi http://ex.org/variable#37	1
http://ex.org/variable#150 http://www.ibm.com/timex#oi http://ex.org/variable#38	1
http://ex.org/variable#150 http://www.ibm.com/timex#oi http://ex.org/variable#39	1
http://ex.org/variable#150 http://www.ibm.com/timex#bi_mi_oi http://ex.org/variable#40	1
http://ex.org/variable#150 http://www.ibm.com/timex#oi http://ex.org/variable#41	1
http://ex.org/variable#150 http://www.ibm.com/timex#oi http://ex.org/variable#42	1
http://ex.org/variable#150 http://www.ibm.com/timex#oi http://ex.org/variable#43	1
http://ex.org/variable#150 http://www.ibm.com/timex#oi http://ex.org/variable#44	1
http://ex.org/variable#150 http://www.ibm.com/timex#d http://ex.org/variable#45	1
http://ex.org/variable#150 http://www.ibm.com/timex#bi http://ex.org/variable#46	1
http://ex.org/variable#150 http://www.ibm.com/timex#oi http://ex.org/variable#47	1
http://ex.org/variable#150 http://www.ibm.com/timex#di http://ex.org/variable#48	1
http://ex.org/variable#150 http://www.ibm.com/timex#bi http://ex.org/variable#49	1
http://ex.org/variable#150 http://www.ibm.com/timex#oi http://ex.org/variable#50	1
http://ex.org/variable#150 http://www.ibm.com/timex#oi_si http://ex.org/variable#51	1
http://ex.org/variable#150 http://www.ibm.com/timex#oi http://ex.org/variable#52	1
http://ex.org/variable#150 http://www.ibm.com/timex#oi http://ex.org/variable#53	1
http://ex.org/variable#150 http://www.ibm.com/timex#oi http://ex.org/variable#54	1
http://ex.org/variable#150 http://www.ibm.com/timex#oi http://ex.org/variable#55	1
http://ex.org/variable#150 http://www.ibm.com/timex#bi http://ex.org/variable#56	1
http://ex.org/variable#150 http://www.ibm.com/timex#bi http://ex.org/variable#57	1
http://ex.org/variable#150 http://www.ibm.com/timex#oi http://ex.org/variable#58	1
http://ex.org/variable#150 http://www.ibm.com/timex#d http://ex.org/variable#59	1
http://ex.org/variable#150 http://www.ibm.com/timex#oi http://ex.org/variable#60	1
http://ex.org/variable#150 http://www.ibm.com/timex#oi http://ex.org/variable#61	1
http://ex.org/variable#150 http://www.ibm.com/timex#oi http://ex.org/variable#62	1
http://ex.org/variable#150 http://www.ibm.com/timex#oi http://ex.org/variable#63	1
http://ex.org/variable#150 http://www.ibm.com/timex#oi http://ex.org/variable#64	1
http://ex.org/variable#150 http://www.ibm.com/timex#bi http://ex.org/variable#65	1
http://ex.org/variable#150 http://www.ibm.com/timex#bi http://ex.org/variable#66	1
http://ex.org/variable#150 http://www.ibm.com/timex#oi http://ex.org/variable#67	1
http://ex.org/variable#150 http://www.ibm.com/timex#oi http://ex.org/variable#68	1
http://ex.org/variable#150 http://www.ibm.com/timex#bi http://ex.org/variable#69	1
http://ex.org/variable#150 http://www.ibm.com/timex#d http://ex.org/variable#70	1
http://ex.org/variable#150 http://www.ibm.com/timex#bi http://ex.org/variable#71	1
http://ex.org/variable#150 http://www.ibm.com/timex#oi http://ex.org/variable#72	1
http://ex.org/variable#150 http://www.ibm.com/timex#oi http://ex.org/variable#73	1
http://ex.org/variable#150 http://www.ibm.com/timex#oi http://ex.org/variable#74	1
http://ex.org/variable#150 http://www.ibm.com/timex#oi http://ex.org/variable#75	1
http://ex.org/variable#150 http://www.ibm.com/timex#oi http://ex.org/variable#76	1
http://ex.org/variable#150 http://www.ibm.com/timex#oi_d_f http://ex.org/variable#77	1
http://ex.org/variable#150 http://www.ibm.com/timex#oi http://ex.org/variable#78	1
http://ex.org/variable#150 http://www.ibm.com/timex#bi http://ex.org/variable#79	1
http://ex.org/variable#150 http://www.ibm.com/timex#oi http://ex.org/variable#80	1
http://ex.org/variable#150 http://www.ibm.com/timex#bi http://ex.org/variable#81	1
http://ex.org/variable#150 http://www.ibm.com/timex#bi http://ex.org/variable#82	1
http://ex.org/variable#150 http://www.ibm.com/timex#oi http://ex.org/variable#83	1
http://ex.org/variable#150 http://www.ibm.com/timex#oi http://ex.org/variable#84	1
http://ex.org/variable#150 http://www.ibm.com/timex#oi http://ex.org/variable#85	1
http://ex.org/variable#150 http://www.ibm.com/timex#oi_f http://ex.org/variable#86	1
http://ex.org/variable#150 http://www.ibm.com/timex#oi http://ex.org/variable#87	1
http://ex.org/variable#150 http://www.ibm.com/timex#di http://ex.org/variable#88	1
http://ex.org/variable#150 http://www.ibm.com/timex#oi http://ex.org/variable#89	1
http://ex.org/variable#150 http://www.ibm.com/timex#oi http://ex.org/variable#90	1
http://ex.org/variable#150 http://www.ibm.com/timex#oi http://ex.org/variable#91	1
http://ex.org/variable#150 http://www.ibm.com/timex#oi_d_f http://ex.org/variable#92	1
http://ex.org/variable#150 http://www.ibm.com/timex#oi http://ex.org/variable#93	1
http://ex.org/variable#150 http://www.ibm.com/timex#bi http://ex.org/variable#94	1
http://ex.org/variable#150 http://www.ibm.com/timex#bi http://ex.org/variable#95	1
http://ex.org/variable#150 http://www.ibm.com/timex#bi http://ex.org/variable#96	1
http://ex.org/variable#150 http://www.ibm.com/timex#oi http://ex.org/variable#97	1
http://ex.org/variable#150 http://www.ibm.com/timex#di http://ex.org/variable#98	1
http://ex.org/variable#150 http://www.ibm.com/timex#oi_si http://ex.org/variable#99	1
http://ex.org/variable#150 http://www.ibm.com/timex#bi http://ex.org/variable#100	1
http://ex.org/variable#150 http://www.ibm.com/timex#oi http://ex.org/variable#101	1
http://ex.org/variable#150 http://www.ibm.com/timex#bi http://ex.org/variable#102	1
http://ex.org/variable#150 http://www.ibm.com/timex#oi http://ex.org/variable#103	1
http://ex.org/variable#150 http://www.ibm.com/timex#di http://ex.org/variable#104	1
http://ex.org/variable#150 http://www.ibm.com/timex#oi http://ex.org/variable#105	1
http://ex.org/variable#150 http://www.ibm.com/timex#oi http://ex.org/variable#106	1
http://ex.org/variable#150 http://www.ibm.com/timex#oi http://ex.org/variable#107	1
http://ex.org/variable#150 http://www.ibm.com/timex#bi http://ex.org/variable#108	1
http://ex.org/variable#150 http://www.ibm.com/timex#bi http://ex.org/variable#109	1
http://ex.org/variable#150 http://www.ibm.com/timex#oi http://ex.org/variable#110	1
http://ex.org/variable#150 http://www.ibm.com/timex#bi http://ex.org/variable#111	1
http://ex.org/variable#150 http://www.ibm.com/timex#oi http://ex.org/variable#112	1
http://ex.org/variable#150 http://www.ibm.com/timex#bi http://ex.org/variable#113	1
http://ex.org/variable#150 http://www.ibm.com/timex#oi http://ex.org/variable#114	1
http://ex.org/variable#150 http://www.ibm.com/timex#di http://ex.org/variable#115	1
http://ex.org/variable#150 http://www.ibm.com/timex#bi http://ex.org/variable#116	1
http://ex.org/variable#150 http://www.ibm.com/timex#bi http://ex.org/variable#117	1
http://ex.org/variable#150 http://www.ibm.com/timex#bi http://ex.org/variable#118	1
http://ex.org/variable#150 http://www.ibm.com/timex#oi http://ex.org/variable#119	1
http://ex.org/variable#150 http://www.ibm.com/timex#bi http://ex.org/variable#120	1
http://ex.org/variable#150 http://www.ibm.com/timex#di http://ex.org/variable#121	1
http://ex.org/variable#150 http://www.ibm.com/timex#oi http://ex.org/variable#122	1
http://ex.org/variable#150 http://www.ibm.com/timex#oi http://ex.org/variable#123	1
http://ex.org/variable#150 http://www.ibm.com/timex#bi http://ex.org/variable#124	1
http://ex.org/variable#150 http://www.ibm.com/timex#bi http://ex.org/variable#125	1
http://ex.org/variable#150 http://www.ibm.com/timex#oi http://ex.org/variable#126	1
http://ex.org/variable#150 http://www.ibm.com/timex#oi http://ex.org/variable#127	1
http://ex.org/variable#150 http://www.ibm.com/timex#oi http://ex.org/variable#128	1
http://ex.org/variable#150 http://www.ibm.com/timex#bi http://ex.org/variable#129	1
http://ex.org/variable#150 http://www.ibm.com/timex#bi http://ex.org/variable#130	1
http://ex.org/variable#150 http://www.ibm.com/timex#di http://ex.org/variable#131	1
http://ex.org/variable#150 http://www.ibm.com/timex#oi http://ex.org/variable#132	1
http://ex.org/variable#150 http://www.ibm.com/timex#d http://ex.org/variable#133	1
http://ex.org/variable#150 http://www.ibm.com/timex#bi http://ex.org/variable#134	1
http://ex.org/variable#150 http://www.ibm.com/timex#oi http://ex.org/variable#135	1
http://ex.org/variable#150 http://www.ibm.com/timex#oi http://ex.org/variable#136	1
http://ex.org/variable#150 http://www.ibm.com/timex#bi http://ex.org/variable#137	1
http://ex.org/variable#150 http://www.ibm.com/timex#oi_si http://ex.org/variable#138	1
http://ex.org/variable#150 http://www.ibm.com/timex#bi http://ex.org/variable#139	1
http://ex.org/variable#150 http://www.ibm.com/timex#bi http://ex.org/variable#140	1
http://ex.org/variable#150 http://www.ibm.com/timex#oi http://ex.org/variable#141	1
http://ex.org/variable#150 http://www.ibm.com/timex#bi http://ex.org/variable#142	1
http://ex.org/variable#150 http://www.ibm.com/timex#oi http://ex.org/variable#143	1
http://ex.org/variable#150 http://www.ibm.com/timex#oi http://ex.org/variable#144	1
http://ex.org/variable#150 http://www.ibm.com/timex#oi http://ex.org/variable#145	1
http://ex.org/variable#150 http://www.ibm.com/timex#oi_f http://ex.org/variable#146	1
http://ex.org/variable#150 http://www.ibm.com/timex#oi http://ex.org/variable#147	1
http://ex.org/variable#150 http://www.ibm.com/timex#oi http://ex.org/variable#148	1
http://ex.org/variable#150 http://www.ibm.com/timex#bi http://ex.org/variable#149	1
http://ex.org/variable#150 http://www.ibm.com/timex#oi http://ex.org/variable#151	1
http://ex.org/variable#150 http://www.ibm.com/timex#bi http://ex.org/variable#152	1
http://ex.org/variable#150 http://www.ibm.com/timex#oi http://ex.org/variable#153	1
http://ex.org/variable#150 http://www.ibm.com/timex#bi http://ex.org/variable#154	1
http://ex.org/variable#150 http://www.ibm.com/timex#oi http://ex.org/variable#155	1
http://ex.org/variable#150 http://www.ibm.com/timex#oi http://ex.org/variable#156	1
http://ex.org/variable#150 http://www.ibm.com/timex#bi http://ex.org/variable#157	1
http://ex.org/variable#150 http://www.ibm.com/timex#bi http://ex.org/variable#158	1
http://ex.org/variable#150 http://www.ibm.com/timex#oi http://ex.org/variable#159	1
http://ex.org/variable#150 http://www.ibm.com/timex#oi http://ex.org/variable#160	1
http://ex.org/variable#150 http://www.ibm.com/timex#bi http://ex.org/variable#161	1
http://ex.org/variable#150 http://www.ibm.com/timex#bi http://ex.org/variable#162	1
http://ex.org/variable#150 http://www.ibm.com/timex#oi http://ex.org/variable#163	1
http://ex.org/variable#150 http://www.ibm.com/timex#oi http://ex.org/variable#164	1
http://ex.org/variable#150 http://www.ibm.com/timex#bi http://ex.org/variable#165	1
http://ex.org/variable#150 http://www.ibm.com/timex#bi http://ex.org/variable#166	1
http://ex.org/variable#150 http://www.ibm.com/timex#oi http://ex.org/variable#167	1
http://ex.org/variable#150 http://www.ibm.com/timex#oi http://ex.org/variable#168	1
http://ex.org/variable#150 http://www.ibm.com/timex#oi http://ex.org/variable#169	1
http://ex.org/variable#150 http://www.ibm.com/timex#oi http://ex.org/variable#170	1
http://ex.org/variable#150 http://www.ibm.com/timex#bi http://ex.org/variable#171	1
http://ex.org/variable#150 http://www.ibm.com/timex#bi http://ex.org/variable#172	1
http://ex.org/variable#150 http://www.ibm.com/timex#di http://ex.org/variable#173	1
http://ex.org/variable#150 http://www.ibm.com/timex#oi http://ex.org/variable#174	1
http://ex.org/variable#150 http://www.ibm.com/timex#oi http://ex.org/variable#175	1
http://ex.org/variable#150 http://www.ibm.com/timex#oi http://ex.org/variable#176	1
http://ex.org/variable#150 http://www.ibm.com/timex#oi http://ex.org/variable#177	1
http://ex.org/variable#150 http://www.ibm.com/timex#oi_d_f http://ex.org/variable#178	1
http://ex.org/variable#150 http://www.ibm.com/timex#oi http://ex.org/variable#179	1
http://ex.org/variable#150 http://www.ibm.com/timex#bi http://ex.org/variable#180	1
http://ex.org/variable#150 http://www.ibm.com/timex#bi http://ex.org/variable#181	1
http://ex.org/variable#150 http://www.ibm.com/timex#bi http://ex.org/variable#182	1
http://ex.org/variable#150 http://www.ibm.com/timex#oi http://ex.org/variable#183	1
http://ex.org/variable#150 http://www.ibm.com/timex#bi http://ex.org/variable#184	1
http://ex.org/variable#150 http://www.ibm.com/timex#oi http://ex.org/variable#185	1
http://ex.org/variable#150 http://www.ibm.com/timex#oi http://ex.org/variable#186	1
http://ex.org/variable#150 http://www.ibm.com/timex#oi http://ex.org/variable#187	1
http://ex.org/variable#150 http://www.ibm.com/timex#oi http://ex.org/variable#188	1
http://ex.org/variable#150 http://www.ibm.com/timex#bi http://ex.org/variable#189	1
http://ex.org/variable#151 http://www.ibm.com/timex#di http://ex.org/variable#0	1
http://ex.org/variable#151 http://www.ibm.com/timex#o_di_fi http://ex.org/variable#1	1
http://ex.org/variable#151 http://www.ibm.com/timex#oi http://ex.org/variable#2	1
http://ex.org/variable#151 http://www.ibm.com/timex#di http://ex.org/variable#3	1
http://ex.org/variable#151 http://www.ibm.com/timex#o http://ex.org/variable#4	1
http://ex.org/variable#151 http://www.ibm.com/timex#oi http://ex.org/variable#5	1
http://ex.org/variable#151 http://www.ibm.com/timex#di http://ex.org/variable#6	1
http://ex.org/variable#151 http://www.ibm.com/timex#di http://ex.org/variable#7	1
http://ex.org/variable#151 http://www.ibm.com/timex#bi http://ex.org/variable#8	1
http://ex.org/variable#151 http://www.ibm.com/timex#o http://ex.org/variable#9	1
http://ex.org/variable#151 http://www.ibm.com/timex#di http://ex.org/variable#10	1
http://ex.org/variable#151 http://www.ibm.com/timex#oi http://ex.org/variable#11	1
http://ex.org/variable#151 http://www.ibm.com/timex#d http://ex.org/variable#12	1
http://ex.org/variable#151 http://www.ibm.com/timex#oi http://ex.org/variable#13	1
http://ex.org/variable#151 http://www.ibm.com/timex#di http://ex.org/variable#14	1
http://ex.org/variable#151 http://www.ibm.com/timex#oi http://ex.org/variable#15	1
http://ex.org/variable#151 http://www.ibm.com/timex#oi http://ex.org/variable#16	1
http://ex.org/variable#151 http://www.ibm.com/timex#di http://ex.org/variable#17	1
http://ex.org/variable#151 http://www.ibm.com/timex#oi http://ex.org/variable#18	1
http://ex.org/variable#151 http://www.ibm.com/timex#oi http://ex.org/variable#19	1
http://ex.org/variable#151 http://www.ibm.com/timex#d http://ex.org/variable#20	1
http://ex.org/variable#151 http://www.ibm.com/timex#di http://ex.org/variable#21	1
http://ex.org/variable#151 http://www.ibm.com/timex#d http://ex.org/variable#22	1
http://ex.org/variable#151 http://www.ibm.com/timex#oi http://ex.org/variable#23	1
http://ex.org/variable#151 http://www.ibm.com/timex#oi http://ex.org/variable#24	1
http://ex.org/variable#151 http://www.ibm.com/timex#bi http://ex.org/variable#25	1
http://ex.org/variable#151 http://www.ibm.com/timex#di http://ex.org/variable#26	1
http://ex.org/variable#151 http://www.ibm.com/timex#oi http://ex.org/variable#27	1
http://ex.org/variable#151 http://www.ibm.com/timex#di http://ex.org/variable#28	1
http://ex.org/variable#151 http://www.ibm.com/timex#di http://ex.org/variable#29	1
http://ex.org/variable#151 http://www.ibm.com/timex#di http://ex.org/variable#30	1
http://ex.org/variable#151 http://www.ibm.com/timex#oi http://ex.org/variable#31	1
http://ex.org/variable#151 http://www.ibm.com/timex#oi http://ex.org/variable#32	1
http://ex.org/variable#151 http://www.ibm.com/timex#o http://ex.org/variable#33	1
http://ex.org/variable#151 http://www.ibm.com/timex#oi http://ex.org/variable#34	1
http://ex.org/variable#151 http://www.ibm.com/timex#di http://ex.org/variable#35	1
http://ex.org/variable#151 http://www.ibm.com/timex#oi http://ex.org/variable#36	1
http://ex.org/variable#151 http://www.ibm.com/timex#oi http://ex.org/variable#37	1
http://ex.org/variable#151 http://www.ibm.com/timex#oi http://ex.org/variable#38	1
http://ex.org/variable#151 http://www.ibm.com/timex#di http://ex.org/variable#39	1
http://ex.org/variable#151 http://www.ibm.com/timex#oi http://ex.org/variable#40	1
http://ex.org/variable#151 http://www.ibm.com/timex#oi http://ex.org/variable#41	1
http://ex.org/variable#151 http://www.ibm.com/timex#si http://ex.org/variable#42	1
http://ex.org/variable#151 http://www.ibm.com/timex#oi http://ex.org/variable#43	1
http://ex.org/variable#151 http://www.ibm.com/timex#oi http://ex.org/variable#44	1
http://ex.org/variable#151 http://www.ibm.com/timex#o http://ex.org/variable#45	1
http://ex.org/variable#151 http://www.ibm.com/timex#oi http://ex.org/variable#46	1
http://ex.org/variable#151 http://www.ibm.com/timex#oi http://ex.org/variable#47	1
http://ex.org/variable#151 http://www.ibm.com/timex#di http://ex.org/variable#48	1
http://ex.org/variable#151 http://www.ibm.com/timex#oi http://ex.org/variable#49	1
http://ex.org/variable#151 http://www.ibm.com/timex#di http://ex.org/variable#50	1
http://ex.org/variable#151 http://www.ibm.com/timex#di http://ex.org/variable#51	1
http://ex.org/variable#151 http://www.ibm.com/timex#oi http://ex.org/variable#52	1
http://ex.org/variable#151 http://www.ibm.com/timex#oi http://ex.org/variable#53	1
http://ex.org/variable#151 http://www.ibm.com/timex#oi http://ex.org/variable#54	1
http://ex.org/variable#151 http://www.ibm.com/timex#di http://ex.org/variable#55	1
http://ex.org/variable#151 http://www.ibm.com/timex#oi http://ex.org/variable#56	1
http://ex.org/variable#151 http://www.ibm.com/timex#oi http://ex.org/variable#57	1
http://ex.org/variable#151 http://www.ibm.com/timex#oi http://ex.org/variable#58	1
http://ex.org/variable#151 http://www.ibm.com/timex#d http://ex.org/variable#59	1
http://ex.org/variable#151 http://www.ibm.com/timex#oi_d_f http://ex.org/variable#60	1
http://ex.org/variable#151 http://www.ibm.com/timex#d http://ex.org/variable#61	1
http://ex.org/variable#151 http://www.ibm.com/timex#o http://ex.org/variable#62	1
http://ex.org/variable#151 http://www.ibm.com/timex#oi http://ex.org/variable#63	1
http://ex.org/variable#151 http://www.ibm.com/timex#oi http://ex.org/variable#64	1
http://ex.org/variable#151 http://www.ibm.com/timex#bi http://ex.org/variable#65	1
http://ex.org/variable#151 http://www.ibm.com/timex#oi http://ex.org/variable#66	1
http://ex.org/variable#151 http://www.ibm.com/timex#d http://ex.org/variable#67	1
http://ex.org/variable#151 http://www.ibm.com/timex#si http://ex.org/variable#68	1
http://ex.org/variable#151 http://www.ibm.com/timex#si http://ex.org/variable#69	1
http://ex.org/variable#151 http://www.ibm.com/timex#d http://ex.org/variable#70	1
http://ex.org/variable#151 http://www.ibm.com/timex#oi http://ex.org/variable#71	1
http://ex.org/variable#151 http://www.ibm.com/timex#di http://ex.org/variable#72	1
http://ex.org/variable#151 http://www.ibm.com/timex#oi http://ex.org/variable#73	1
http://ex.org/variable#151 http://www.ibm.com/timex#oi http://ex.org/variable#74	1
http://ex.org/variable#151 http://www.ibm.com/timex#oi http://ex.org/variable#75	1
http://ex.org/variable#151 http://www.ibm.com/timex#oi http://ex.org/variable#76	1
http://ex.org/variable#151 http://www.ibm.com/timex#d http://ex.org/variable#77	1
http://ex.org/variable#151 http://www.ibm.com/timex#di http://ex.org/variable#78	1
http://ex.org/variable#151 http://www.ibm.com/timex#oi http://ex.org/variable#79	1
http://ex.org/variable#151 http://www.ibm.com/timex#oi http://ex.org/variable#80	1
http://ex.org/variable#151 http://www.ibm.com/timex#oi http://ex.org/variable#81	1
http://ex.org/variable#151 http://www.ibm.com/timex#oi http://ex.org/variable#82	1
http://ex.org/variable#151 http://www.ibm.com/timex#oi http://ex.org/variable#83	1
http://ex.org/variable#151 http://www.ibm.com/timex#di http://ex.org/variable#84	1
http://ex.org/variable#151 http://www.ibm.com/timex#di http://ex.org/variable#85	1
http://ex.org/variable#151 http://www.ibm.com/timex#d http://ex.org/variable#86	1
http://ex.org/variable#151 http://www.ibm.com/timex#di http://ex.org/variable#87	1
http://ex.org/variable#151 http://www.ibm.com/timex#di http://ex.org/variable#88	1
http://ex.org/variable#151 http://www.ibm.com/timex#oi http://ex.org/variable#89	1
http://ex.org/variable#151 http://www.ibm.com/timex#di http://ex.org/variable#90	1
http://ex.org/variable#151 http://www.ibm.com/timex#oi http://ex.org/variable#91	1
http://ex.org/variable#151 http://www.ibm.com/timex#o http://ex.org/variable#92	1
http://ex.org/variable#151 http://www.ibm.com/timex#oi http://ex.org/variable#93	1
http://ex.org/variable#151 http://www.ibm.com/timex#oi http://ex.org/variable#94	1
http://ex.org/variable#151 http://www.ibm.com/timex#di http://ex.org/variable#95	1
http://ex.org/variable#151 http://www.ibm.com/timex#bi http://ex.org/variable#96	1
http://ex.org/variable#151 http://www.ibm.com/timex#di http://ex.org/variable#97	1
http://ex.org/variable#151 http://www.ibm.com/timex#di http://ex.org/variable#98	1
http://ex.org/variable#151 http://www.ibm.com/timex#di http://ex.org/variable#99	1
http://ex.org/variable#151 http://www.ibm.com/timex#oi http://ex.org/variable#100	1
http://ex.org/variable#151 http://www.ibm.com/timex#di http://ex.org/variable#101	1
http://ex.org/variable#151 http://www.ibm.com/timex#di http://ex.org/variable#102	1
http://ex.org/variable#151 http://www.ibm.com/timex#oi http://ex.org/variable#103	1
http://ex.org/variable#151 http://www.ibm.com/timex#di http://ex.org/variable#104	1
http://ex.org/variable#151 http://www.ibm.com/timex#oi http://ex.org/variable#105	1
http://ex.org/variable#151 http://www.ibm.com/timex#oi http://ex.org/variable#106	1
http://ex.org/variable#151 http://www.ibm.com/timex#di http://ex.org/variable#107	1
http://ex.org/variable#151 http://www.ibm.com/timex#di http://ex.org/variable#108	1
http://ex.org/variable#151 http://www.ibm.com/timex#di http://ex.org/variable#109	1
http://ex.org/variable#151 http://www.ibm.com/timex#oi http://ex.org/variable#110	1
http://ex.org/variable#151 http://www.ibm.com/timex#oi http://ex.org/variable#111	1
http://ex.org/variable#151 http://www.ibm.com/timex#oi http://ex.org/variable#112	1
http://ex.org/variable#151 http://www.ibm.com/timex#di http://ex.org/variable#113	1
http://ex.org/variable#151 http://www.ibm.com/timex#oi http://ex.org/variable#114	1
http://ex.org/variable#151 http://www.ibm.com/timex#di http://ex.org/variable#115	1
http://ex.org/variable#151 http://www.ibm.com/timex#di http://ex.org/variable#116	1
http://ex.org/variable#151 http://www.ibm.com/timex#oi http://ex.org/variable#117	1
http://ex.org/variable#151 http://www.ibm.com/timex#oi http://ex.org/variable#118	1
http://ex.org/variable#151 http://www.ibm.com/timex#oi http://ex.org/variable#119	1
http://ex.org/variable#151 http://www.ibm.com/timex#oi http://ex.org/variable#120	1
http://ex.org/variable#151 http://www.ibm.com/timex#di http://ex.org/variable#121	1
http://ex.org/variable#151 http://www.ibm.com/timex#oi http://ex.org/variable#122	1
http://ex.org/variable#151 http://www.ibm.com/timex#di http://ex.org/variable#123	1
http://ex.org/variable#151 http://www.ibm.com/timex#oi http://ex.org/variable#124	1
http://ex.org/variable#151 http://www.ibm.com/timex#oi http://ex.org/variable#125	1
http://ex.org/variable#151 http://www.ibm.com/timex#di http://ex.org/variable#126	1
http://ex.org/variable#151 http://www.ibm.com/timex#di http://ex.org/variable#127	1
http://ex.org/variable#151 http://www.ibm.com/timex#di http://ex.org/variable#128	1
http://ex.org/variable#151 http://www.ibm.com/timex#oi http://ex.org/variable#129	1
http://ex.org/variable#151 http://www.ibm.com/timex#oi http://ex.org/variable#130	1
http://ex.org/variable#151 http://www.ibm.com/timex#o http://ex.org/variable#131	1
http://ex.org/variable#151 http://www.ibm.com/timex#oi http://ex.org/variable#132	1
http://ex.org/variable#151 http://www.ibm.com/timex#o http://ex.org/variable#133	1
http://ex.org/variable#151 http://www.ibm.com/timex#oi http://ex.org/variable#134	1
http://ex.org/variable#151 http://www.ibm.com/timex#d http://ex.org/variable#135	1
http://ex.org/variable#151 http://www.ibm.com/timex#d http://ex.org/variable#136	1
http://ex.org/variable#151 http://www.ibm.com/timex#di http://ex.org/variable#137	1
http://ex.org/variable#151 http://www.ibm.com/timex#di http://ex.org/variable#138	1
http://ex.org/variable#151 http://www.ibm.com/timex#oi http://ex.org/variable#139	1
http://ex.org/variable#151 http://www.ibm.com/timex#di http://ex.org/variable#140	1
http://ex.org/variable#151 http://www.ibm.com/timex#oi_d_f http://ex.org/variable#141	1
http://ex.org/variable#151 http://www.ibm.com/timex#oi http://ex.org/variable#142	1
http://ex.org/variable#151 http://www.ibm.com/timex#oi http://ex.org/variable#143	1
http://ex.org/variable#151 http://www.ibm.com/timex#di http://ex.org/variable#144	1
http://ex.org/variable#151 http://www.ibm.com/timex#di http://ex.org/variable#145	1
http://ex.org/variable#151 http://www.ibm.com/timex#o http://ex.org/variable#146	1
http://ex.org/variable#151 http://www.ibm.com/timex#oi http://ex.org/variable#147	1
http://ex.org/variable#151 http://www.ibm.com/timex#di http://ex.org/variable#148	1
http://ex.org/variable#151 http://www.ibm.com/timex#oi http://ex.org/variable#149	1
http://ex.org/variable#151 http://www.ibm.com/timex#o http://ex.org/variable#150	1
http://ex.org/variable#151 http://www.ibm.com/timex#bi http://ex.org/variable#152	1
http://ex.org/variable#151 http://www.ibm.com/timex#d http://ex.org/variable#153	1
http://ex.org/variable#151 http://www.ibm.com/timex#di http://ex.org/variable#154	1
http://ex.org/variable#151 http://www.ibm.com/timex#oi http://ex.org/variable#155	1
http://ex.org/variable#151 http://www.ibm.com/timex#oi http://ex.org/variable#156	1
http://ex.org/variable#151 http://www.ibm.com/timex#bi http://ex.org/variable#157	1
http://ex.org/variable#151 http://www.ibm.com/timex#oi http://ex.org/variable#158	1
http://ex.org/variable#151 http://www.ibm.com/timex#o http://ex.org/variable#159	1
http://ex.org/variable#151 http://www.ibm.com/timex#si http://ex.org/variable#160	1
http://ex.org/variable#151 http://www.ibm.com/timex#di http://ex.org/variable#161	1
http://ex.org/variable#151 http://www.ibm.com/timex#oi http://ex.org/variable#162	1
http://ex.org/variable#151 http://www.ibm.com/timex#di http://ex.org/variable#163	1
http://ex.org/variable#151 http://www.ibm.com/timex#di http://ex.org/variable#164	1
http://ex.org/variable#151 http://www.ibm.com/timex#di http://ex.org/variable#165	1
http://ex.org/variable#151 http://www.ibm.com/timex#oi http://ex.org/variable#166	1
http://ex.org/variable#151 http://www.ibm.com/timex#oi http://ex.org/variable#167	1
http://ex.org/variable#151 http://www.ibm.com/timex#di http://ex.org/variable#168	1
http://ex.org/variable#151 http://www.ibm.com/timex#oi http://ex.org/variable#169	1
http://ex.org/variable#151 http://www.ibm.com/timex#di http://ex.org/variable#170	1
http://ex.org/variable#151 http://www.ibm.com/timex#oi http://ex.org/variable#171	1
http://ex.org/variable#151 http://www.ibm.com/timex#bi http://ex.org/variable#172	1
http://ex.org/variable#151 http://www.ibm.com/timex#di http://ex.org/variable#173	1
http://ex.org/variable#151 http://www.ibm.com/timex#di http://ex.org/variable#174	1
http://ex.org/variable#151 http://www.ibm.com/timex#oi http://ex.org/variable#175	1
http://ex.org/variable#151 http://www.ibm.com/timex#o http://ex.org/variable#176	1
http://ex.org/variable#151 http://www.ibm.com/timex#oi http://ex.org/variable#177	1
http://ex.org/variable#151 http://www.ibm.com/timex#s http://ex.org/variable#178	1
http://ex.org/variable#151 http://www.ibm.com/timex#di http://ex.org/variable#179	1
http://ex.org/variable#151 http://www.ibm.com/timex#bi http://ex.org/variable#180	1
http://ex.org/variable#151 http://www.ibm.com/timex#oi http://ex.org/variable#181	1
http://ex.org/variable#151 http://www.ibm.com/timex#di http://ex.org/variable#182	1
http://ex.org/variable#151 http://www.ibm.com/timex#di http://ex.org/variable#183	1
http://ex.org/variable#151 http://www.ibm.com/timex#oi http://ex.org/variable#184	1
http://ex.org/variable#151 http://www.ibm.com/timex#di http://ex.org/variable#185	1
http://ex.org/variable#151 http://www.ibm.com/timex#di http://ex.org/variable#186	1
http://ex.org/variable#151 http://www.ibm.com/timex#oi http://ex.org/variable#187	1
http://ex.org/variable#151 http://www.ibm.com/timex#di http://ex.org/variable#188	1
http://ex.org/variable#151 http://www.ibm.com/timex#di http://ex.org/variable#189	1
http://ex.org/variable#152 http://www.ibm.com/timex#b http://ex.org/variable#0	1
http://ex.org/variable#152 http://www.ibm.com/timex#b http://ex.org/variable#1	1
http://ex.org/variable#152 http://www.ibm.com/timex#b http://ex.org/variable#2	1
http://ex.org/variable#152 http://www.ibm.com/timex#b http://ex.org/variable#3	1
http://ex.org/variable#152 http://www.ibm.com/timex#b http://ex.org/variable#4	1
http://ex.org/variable#152 http://www.ibm.com/timex#o http://ex.org/variable#5	1
http://ex.org/variable#152 http://www.ibm.com/timex#b http://ex.org/variable#6	1
http://ex.org/variable#152 http://www.ibm.com/timex#b http://ex.org/variable#7	1
http://ex.org/variable#152 http://www.ibm.com/timex#o_d http://ex.org/variable#8	1
http://ex.org/variable#152 http://www.ibm.com/timex#b http://ex.org/variable#9	1
http://ex.org/variable#152 http://www.ibm.com/timex#b http://ex.org/variable#10	1
http://ex.org/variable#152 http://www.ibm.com/timex#o http://ex.org/variable#11	1
http://ex.org/variable#152 http://www.ibm.com/timex#d http://ex.org/variable#12	1
http://ex.org/variable#152 http://www.ibm.com/timex#o http://ex.org/variable#13	1
http://ex.org/variable#152 http://www.ibm.com/timex#b http://ex.org/variable#14	1
http://ex.org/variable#152 http://www.ibm.com/timex#o http://ex.org/variable#15	1
http://ex.org/variable#152 http://www.ibm.com/timex#o http://ex.org/variable#16	1
http://ex.org/variable#152 http://www.ibm.com/timex#b http://ex.org/variable#17	1
http://ex.org/variable#152 http://www.ibm.com/timex#o http://ex.org/variable#18	1
http://ex.org/variable#152 http://www.ibm.com/timex#o http://ex.org/variable#19	1
http://ex.org/variable#152 http://www.ibm.com/timex#d http://ex.org/variable#20	1
http://ex.org/variable#152 http://www.ibm.com/timex#b http://ex.org/variable#21	1
http://ex.org/variable#152 http://www.ibm.com/timex#o http://ex.org/variable#22	1
http://ex.org/variable#152 http://www.ibm.com/timex#o http://ex.org/variable#23	1
http://ex.org/variable#152 http://www.ibm.com/timex#d http://ex.org/variable#24	1
http://ex.org/variable#152 http://www.ibm.com/timex#oi_d_f http://ex.org/variable#25	1
http://ex.org/variable#152 http://www.ibm.com/timex#b http://ex.org/variable#26	1
http://ex.org/variable#152 http://www.ibm.com/timex#d http://ex.org/variable#27	1
http://ex.org/variable#152 http://www.ibm.com/timex#b http://ex.org/variable#28	1
http://ex.org/variable#152 http://www.ibm.com/timex#b http://ex.org/variable#29	1
http://ex.org/variable#152 http://www.ibm.com/timex#b http://ex.org/variable#30	1
http://ex.org/variable#152 http://www.ibm.com/timex#d http://ex.org/variable#31	1
http://ex.org/variable#152 http://www.ibm.com/timex#d http://ex.org/variable#32	1
http://ex.org/variable#152 http://www.ibm.com/timex#b http://ex.org/variable#33	1
http://ex.org/variable#152 http://www.ibm.com/timex#o http://ex.org/variable#34	1
http://ex.org/variable#152 http://www.ibm.com/timex#b http://ex.org/variable#35	1
http://ex.org/variable#152 http://www.ibm.com/timex#d http://ex.org/variable#36	1
http://ex.org/variable#152 http://www.ibm.com/timex#o http://ex.org/variable#37	1
http://ex.org/variable#152 http://www.ibm.com/timex#o_d http://ex.org/variable#38	1
http://ex.org/variable#152 http://www.ibm.com/timex#b http://ex.org/variable#39	1
http://ex.org/variable#152 http://www.ibm.com/timex#o_d_s http://ex.org/variable#40	1
http://ex.org/variable#152 http://www.ibm.com/timex#o http://ex.org/variable#41	1
http://ex.org/variable#152 http://www.ibm.com/timex#b http://ex.org/variable#42	1
http://ex.org/variable#152 http://www.ibm.com/timex#d http://ex.org/variable#43	1
http://ex.org/variable#152 http://www.ibm.com/timex#o_d http://ex.org/variable#44	1
http://ex.org/variable#152 http://www.ibm.com/timex#b http://ex.org/variable#45	1
http://ex.org/variable#152 http://www.ibm.com/timex#d http://ex.org/variable#46	1
http://ex.org/variable#152 http://www.ibm.com/timex#d http://ex.org/variable#47	1
http://ex.org/variable#152 http://www.ibm.com/timex#b http://ex.org/variable#48	1
http://ex.org/variable#152 http://www.ibm.com/timex#d http://ex.org/variable#49	1
http://ex.org/variable#152 http://www.ibm.com/timex#b http://ex.org/variable#50	1
http://ex.org/variable#152 http://www.ibm.com/timex#b http://ex.org/variable#51	1
http://ex.org/variable#152 http://www.ibm.com/timex#d http://ex.org/variable#52	1
http://ex.org/variable#152 http://www.ibm.com/timex#o_d_s http://ex.org/variable#53	1
http://ex.org/variable#152 http://www.ibm.com/timex#o http://ex.org/variable#54	1
http://ex.org/variable#152 http://www.ibm.com/timex#b http://ex.org/variable#55	1
http://ex.org/variable#152 http://www.ibm.com/timex#b http://ex.org/variable#56	1
http://ex.org/variable#152 http://www.ibm.com/timex#d http://ex.org/variable#57	1
http://ex.org/variable#152 http://www.ibm.com/timex#o http://ex.org/variable#58	1
http://ex.org/variable#152 http://www.ibm.com/timex#o http://ex.org/variable#59	1
http://ex.org/variable#152 http://www.ibm.com/timex#d_s http://ex.org/variable#60	1
http://ex.org/variable#152 http://www.ibm.com/timex#d http://ex.org/variable#61	1
http://ex.org/variable#152 http://www.ibm.com/timex#b http://ex.org/variable#62	1
http://ex.org/variable#152 http://www.ibm.com/timex#d http://ex.org/variable#63	1
http://ex.org/variable#152 http://www.ibm.com/timex#d http://ex.org/variable#64	1
http://ex.org/variable#152 http://www.ibm.com/timex#di http://ex.org/variable#65	1
http://ex.org/variable#152 http://www.ibm.com/timex#d http://ex.org/variable#66	1
http://ex.org/variable#152 http://www.ibm.com/timex#o http://ex.org/variable#67	1
http://ex.org/variable#152 http://www.ibm.com/timex#b http://ex.org/variable#68	1
http://ex.org/variable#152 http://www.ibm.com/timex#b http://ex.org/variable#69	1
http://ex.org/variable#152 http://www.ibm.com/timex#o http://ex.org/variable#70	1
http://ex.org/variable#152 http://www.ibm.com/timex#o http://ex.org/variable#71	1
http://ex.org/variable#152 http://www.ibm.com/timex#b http://ex.org/variable#72	1
http://ex.org/variable#152 http://www.ibm.com/timex#o http://ex.org/variable#73	1
http://ex.org/variable#152 http://www.ibm.com/timex#o http://ex.org/variable#74	1
http://ex.org/variable#152 http://www.ibm.com/timex#o http://ex.org/variable#75	1
http://ex.org/variable#152 http://www.ibm.com/timex#b http://ex.org/variable#76	1
http://ex.org/variable#152 http://www.ibm.com/timex#o http://ex.org/variable#77	1
http://ex.org/variable#152 http://www.ibm.com/timex#b http://ex.org/variable#78	1
http://ex.org/variable#152 http://www.ibm.com/timex#d http://ex.org/variable#79	1
http://ex.org/variable#152 http://www.ibm.com/timex#d http://ex.org/variable#80	1
http://ex.org/variable#152 http://www.ibm.com/timex#d http://ex.org/variable#81	1
http://ex.org/variable#152 http://www.ibm.com/timex#o http://ex.org/variable#82	1
http://ex.org/variable#152 http://www.ibm.com/timex#d http://ex.org/variable#83	1
http://ex.org/variable#152 http://www.ibm.com/timex#b http://ex.org/variable#84	1
http://ex.org/variable#152 http://www.ibm.com/timex#b http://ex.org/variable#85	1
http://ex.org/variable#152 http://www.ibm.com/timex#d http://ex.org/variable#86	1
http://ex.org/variable#152 http://www.ibm.com/timex#b http://ex.org/variable#87	1
http://ex.org/variable#152 http://www.ibm.com/timex#b http://ex.org/variable#88	1
http://ex.org/variable#152 http://www.ibm.com/timex#b http://ex.org/variable#89	1
http://ex.org/variable#152 http://www.ibm.com/timex#b http://ex.org/variable#90	1
http://ex.org/variable#152 http://www.ibm.com/timex#o http://ex.org/variable#91	1
http://ex.org/variable#152 http://www.ibm.com/timex#b http://ex.org/variable#92	1
http://ex.org/variable#152 http://www.ibm.com/timex#b_m http://ex.org/variable#93	1
http://ex.org/variable#152 http://www.ibm.com/timex#o http://ex.org/variable#94	1
http://ex.org/variable#152 http://www.ibm.com/timex#b http://ex.org/variable#95	1
http://ex.org/variable#152 http://www.ibm.com/timex#o http://ex.org/variable#96	1
http://ex.org/variable#152 http://www.ibm.com/timex#b http://ex.org/variable#97	1
http://ex.org/variable#152 http://www.ibm.com/timex#b http://ex.org/variable#98	1
http://ex.org/variable#152 http://www.ibm.com/timex#b http://ex.org/variable#99	1
http://ex.org/variable#152 http://www.ibm.com/timex#o_d_s http://ex.org/variable#100	1
http://ex.org/variable#152 http://www.ibm.com/timex#b http://ex.org/variable#101	1
http://ex.org/variable#152 http://www.ibm.com/timex#b http://ex.org/variable#102	1
http://ex.org/variable#152 http://www.ibm.com/timex#o_d http://ex.org/variable#103	1
http://ex.org/variable#152 http://www.ibm.com/timex#b http://ex.org/variable#104	1
http://ex.org/variable#152 http://www.ibm.com/timex#o http://ex.org/variable#105	1
http://ex.org/variable#152 http://www.ibm.com/timex#d_s http://ex.org/variable#106	1
http://ex.org/variable#152 http://www.ibm.com/timex#b http://ex.org/variable#107	1
http://ex.org/variable#152 http://www.ibm.com/timex#b http://ex.org/variable#108	1
http://ex.org/variable#152 http://www.ibm.com/timex#b http://ex.org/variable#109	1
http://ex.org/variable#152 http://www.ibm.com/timex#d http://ex.org/variable#110	1
http://ex.org/variable#152 http://www.ibm.com/timex#b http://ex.org/variable#111	1
http://ex.org/variable#152 http://www.ibm.com/timex#d http://ex.org/variable#112	1
http://ex.org/variable#152 http://www.ibm.com/timex#b http://ex.org/variable#113	1
http://ex.org/variable#152 http://www.ibm.com/timex#o http://ex.org/variable#114	1
http://ex.org/variable#152 http://www.ibm.com/timex#b http://ex.org/variable#115	1
http://ex.org/variable#152 http://www.ibm.com/timex#b http://ex.org/variable#116	1
http://ex.org/variable#152 http://www.ibm.com/timex#o http://ex.org/variable#117	1
http://ex.org/variable#152 http://www.ibm.com/timex#o http://ex.org/variable#118	1
http://ex.org/variable#152 http://www.ibm.com/timex#d http://ex.org/variable#119	1
http://ex.org/variable#152 http://www.ibm.com/timex#o http://ex.org/variable#120	1
http://ex.org/variable#152 http://www.ibm.com/timex#b http://ex.org/variable#121	1
http://ex.org/variable#152 http://www.ibm.com/timex#d http://ex.org/variable#122	1
http://ex.org/variable#152 http://www.ibm.com/timex#b http://ex.org/variable#123	1
http://ex.org/variable#152 http://www.ibm.com/timex#d http://ex.org/variable#124	1
http://ex.org/variable#152 http://www.ibm.com/timex#d http://ex.org/variable#125	1
http://ex.org/variable#152 http://www.ibm.com/timex#b http://ex.org/variable#126	1
http://ex.org/variable#152 http://www.ibm.com/timex#b http://ex.org/variable#127	1
http://ex.org/variable#152 http://www.ibm.com/timex#b http://ex.org/variable#128	1
http://ex.org/variable#152 http://www.ibm.com/timex#d http://ex.org/variable#129	1
http://ex.org/variable#152 http://www.ibm.com/timex#b http://ex.org/variable#130	1
http://ex.org/variable#152 http://www.ibm.com/timex#b http://ex.org/variable#131	1
http://ex.org/variable#152 http://www.ibm.com/timex#o_d_s http://ex.org/variable#132	1
http://ex.org/variable#152 http://www.ibm.com/timex#b http://ex.org/variable#133	1
http://ex.org/variable#152 http://www.ibm.com/timex#d http://ex.org/variable#134	1
http://ex.org/variable#152 http://www.ibm.com/timex#o http://ex.org/variable#135	1
http://ex.org/variable#152 http://www.ibm.com/timex#o http://ex.org/variable#136	1
http://ex.org/variable#152 http://www.ibm.com/timex#b http://ex.org/variable#137	1
http://ex.org/variable#152 http://www.ibm.com/timex#b http://ex.org/variable#138	1
http://ex.org/variable#152 http://www.ibm.com/timex#b http://ex.org/variable#139	1
http://ex.org/variable#152 http://www.ibm.com/timex#b http://ex.org/variable#140	1
http://ex.org/variable#152 http://www.ibm.com/timex#d http://ex.org/variable#141	1
http://ex.org/variable#152 http://www.ibm.com/timex#o http://ex.org/variable#142	1
http://ex.org/variable#152 http://www.ibm.com/timex#o http://ex.org/variable#143	1
http://ex.org/variable#152 http://www.ibm.com/timex#b http://ex.org/variable#144	1
http://ex.org/variable#152 http://www.ibm.com/timex#b http://ex.org/variable#145	1
http://ex.org/variable#152 http://www.ibm.com/timex#b http://ex.org/variable#146	1
http://ex.org/variable#152 http://www.ibm.com/timex#o http://ex.org/variable#147	1
http://ex.org/variable#152 http://www.ibm.com/timex#b http://ex.org/variable#148	1
http://ex.org/variable#152 http://www.ibm.com/timex#d http://ex.org/variable#149	1
http://ex.org/variable#152 http://www.ibm.com/timex#b http://ex.org/variable#150	1
http://ex.org/variable#152 http://www.ibm.com/timex#b http://ex.org/variable#151	1
http://ex.org/variable#152 http://www.ibm.com/timex#o http://ex.org/variable#153	1
http://ex.org/variable#152 http://www.ibm.com/timex#b http://ex.org/variable#154	1
http://ex.org/variable#152 http://www.ibm.com/timex#d http://ex.org/variable#155	1
http://ex.org/variable#152 http://www.ibm.com/timex#o http://ex.org/variable#156	1
http://ex.org/variable#152 http://www.ibm.com/timex#di http://ex.org/variable#157	1
http://ex.org/variable#152 http://www.ibm.com/timex#o http://ex.org/variable#158	1
http://ex.org/variable#152 http://www.ibm.com/timex#b http://ex.org/variable#159	1
http://ex.org/variable#152 http://www.ibm.com/timex#b http://ex.org/variable#160	1
http://ex.org/variable#152 http://www.ibm.com/timex#b http://ex.org/variable#161	1
http://ex.org/variable#152 http://www.ibm.com/timex#o http://ex.org/variable#162	1
http://ex.org/variable#152 http://www.ibm.com/timex#b http://ex.org/variable#163	1
http://ex.org/variable#152 http://www.ibm.com/timex#b http://ex.org/variable#164	1
http://ex.org/variable#152 http://www.ibm.com/timex#b http://ex.org/variable#165	1
http://ex.org/variable#152 http://www.ibm.com/timex#d http://ex.org/variable#166	1
http://ex.org/variable#152 http://www.ibm.com/timex#o_d_s http://ex.org/variable#167	1
http://ex.org/variable#152 http://www.ibm.com/timex#b http://ex.org/variable#168	1
http://ex.org/variable#152 http://www.ibm.com/timex#d http://ex.org/variable#169	1
http://ex.org/variable#152 http://www.ibm.com/timex#b http://ex.org/variable#170	1
http://ex.org/variable#152 http://www.ibm.com/timex#d http://ex.org/variable#171	1
http://ex.org/variable#152 http://www.ibm.com/timex#oi http://ex.org/variable#172	1
http://ex.org/variable#152 http://www.ibm.com/timex#b http://ex.org/variable#173	1
http://ex.org/variable#152 http://www.ibm.com/timex#b http://ex.org/variable#174	1
http://ex.org/variable#152 http://www.ibm.com/timex#o_d_s http://ex.org/variable#175	1
http://ex.org/variable#152 http://www.ibm.com/timex#b http://ex.org/variable#176	1
http://ex.org/variable#152 http://www.ibm.com/timex#b http://ex.org/variable#177	1
http://ex.org/variable#152 http://www.ibm.com/timex#b http://ex.org/variable#178	1
http://ex.org/variable#152 http://www.ibm.com/timex#b http://ex.org/variable#179	1
http://ex.org/variable#152 http://www.ibm.com/timex#di_fi http://ex.org/variable#180	1
http://ex.org/variable#152 http://www.ibm.com/timex#d http://ex.org/variable#181	1
http://ex.org/variable#152 http://www.ibm.com/timex#b http://ex.org/variable#182	1
http://ex.org/variable#152 http://www.ibm.com/timex#b http://ex.org/variable#183	1
http://ex.org/variable#152 http://www.ibm.com/timex#o http://ex.org/variable#184	1
http://ex.org/variable#152 http://www.ibm.com/timex#b http://ex.org/variable#185	1
http://ex.org/variable#152 http://www.ibm.com/timex#b http://ex.org/variable#186	1
http://ex.org/variable#152 http://www.ibm.com/timex#d http://ex.org/variable#187	1
http://ex.org/variable#152 http://www.ibm.com/timex#b http://ex.org/variable#188	1
http://ex.org/variable#152 http://www.ibm.com/timex#b http://ex.org/variable#189	1
http://ex.org/variable#153 http://www.ibm.com/timex#di http://ex.org/variable#0	1
http://ex.org/variable#153 http://www.ibm.com/timex#di_fi http://ex.org/variable#1	1
http://ex.org/variable#153 http://www.ibm.com/timex#di http://ex.org/variable#2	1
http://ex.org/variable#153 http://www.ibm.com/timex#di http://ex.org/variable#3	1
http://ex.org/variable#153 http://www.ibm.com/timex#o http://ex.org/variable#4	1
http://ex.org/variable#153 http://www.ibm.com/timex#di http://ex.org/variable#5	1
http://ex.org/variable#153 http://www.ibm.com/timex#di http://ex.org/variable#6	1
http://ex.org/variable#153 http://www.ibm.com/timex#di http://ex.org/variable#7	1
http://ex.org/variable#153 http://www.ibm.com/timex#oi http://ex.org/variable#8	1
http://ex.org/variable#153 http://www.ibm.com/timex#o http://ex.org/variable#9	1
http://ex.org/variable#153 http://www.ibm.com/timex#di http://ex.org/variable#10	1
http://ex.org/variable#153 http://www.ibm.com/timex#oi http://ex.org/variable#11	1
http://ex.org/variable#153 http://www.ibm.com/timex#oi http://ex.org/variable#12	1
http://ex.org/variable#153 http://www.ibm.com/timex#oi http://ex.org/variable#13	1
http://ex.org/variable#153 http://www.ibm.com/timex#di http://ex.org/variable#14	1
http://ex.org/variable#153 http://www.ibm.com/timex#oi http://ex.org/variable#15	1
http://ex.org/variable#153 http://www.ibm.com/timex#oi http://ex.org/variable#16	1
http://ex.org/variable#153 http://www.ibm.com/timex#di http://ex.org/variable#17	1
http://ex.org/variable#153 http://www.ibm.com/timex#di http://ex.org/variable#18	1
http://ex.org/variable#153 http://www.ibm.com/timex#oi http://ex.org/variable#19	1
http://ex.org/variable#153 http://www.ibm.com/timex#d http://ex.org/variable#20	1
http://ex.org/variable#153 http://www.ibm.com/timex#di http://ex.org/variable#21	1
http://ex.org/variable#153 http://www.ibm.com/timex#o http://ex.org/variable#22	1
http://ex.org/variable#153 http://www.ibm.com/timex#oi_si http://ex.org/variable#23	1
http://ex.org/variable#153 http://www.ibm.com/timex#oi http://ex.org/variable#24	1
http://ex.org/variable#153 http://www.ibm.com/timex#oi http://ex.org/variable#25	1
http://ex.org/variable#153 http://www.ibm.com/timex#di http://ex.org/variable#26	1
http://ex.org/variable#153 http://www.ibm.com/timex#oi http://ex.org/variable#27	1
http://ex.org/variable#153 http://www.ibm.com/timex#di http://ex.org/variable#28	1
http://ex.org/variable#153 http://www.ibm.com/timex#di http://ex.org/variable#29	1
http://ex.org/variable#153 http://www.ibm.com/timex#di http://ex.org/variable#30	1
http://ex.org/variable#153 http://www.ibm.com/timex#oi http://ex.org/variable#31	1
http://ex.org/variable#153 http://www.ibm.com/timex#oi http://ex.org/variable#32	1
http://ex.org/variable#153 http://www.ibm.com/timex#o http://ex.org/variable#33	1
http://ex.org/variable#153 http://www.ibm.com/timex#oi http://ex.org/variable#34	1
http://ex.org/variable#153 http://www.ibm.com/timex#di http://ex.org/variable#35	1
http://ex.org/variable#153 http://www.ibm.com/timex#oi http://ex.org/variable#36	1
http://ex.org/variable#153 http://www.ibm.com/timex#oi http://ex.org/variable#37	1
http://ex.org/variable#153 http://www.ibm.com/timex#oi http://ex.org/variable#38	1
http://ex.org/variable#153 http://www.ibm.com/timex#di http://ex.org/variable#39	1
http://ex.org/variable#153 http://www.ibm.com/timex#oi http://ex.org/variable#40	1
http://ex.org/variable#153 http://www.ibm.com/timex#oi http://ex.org/variable#41	1
http://ex.org/variable#153 http://www.ibm.com/timex#di http://ex.org/variable#42	1
http://ex.org/variable#153 http://www.ibm.com/timex#oi http://ex.org/variable#43	1
http://ex.org/variable#153 http://www.ibm.com/timex#oi http://ex.org/variable#44	1
http://ex.org/variable#153 http://www.ibm.com/timex#o http://ex.org/variable#45	1
http://ex.org/variable#153 http://www.ibm.com/timex#oi http://ex.org/variable#46	1
http://ex.org/variable#153 http://www.ibm.com/timex#oi http://ex.org/variable#47	1
http://ex.org/variable#153 http://www.ibm.com/timex#di http://ex.org/variable#48	1
http://ex.org/variable#153 http://www.ibm.com/timex#oi http://ex.org/variable#49	1
http://ex.org/variable#153 http://www.ibm.com/timex#di http://ex.org/variable#50	1
http://ex.org/variable#153 http://www.ibm.com/timex#di http://ex.org/variable#51	1
http://ex.org/variable#153 http://www.ibm.com/timex#oi http://ex.org/variable#52	1
http://ex.org/variable#153 http://www.ibm.com/timex#oi http://ex.org/variable#53	1
http://ex.org/variable#153 http://www.ibm.com/timex#di http://ex.org/variable#54	1
http://ex.org/variable#153 http://www.ibm.com/timex#di http://ex.org/variable#55	1
http://ex.org/variable#153 http://www.ibm.com/timex#di http://ex.org/variable#56	1
http://ex.org/variable#153 http://www.ibm.com/timex#oi http://ex.org/variable#57	1
http://ex.org/variable#153 http://www.ibm.com/timex#oi http://ex.org/variable#58	1
http://ex.org/variable#153 http://www.ibm.com/timex#d http://ex.org/variable#59	1
http://ex.org/variable#153 http://www.ibm.com/timex#oi_d http://ex.org/variable#60	1
http://ex.org/variable#153 http://www.ibm.com/timex#oi_f http://ex.org/variable#61	1
http://ex.org/variable#153 http://www.ibm.com/timex#di http://ex.org/variable#62	1
http://ex.org/variable#153 http://www.ibm.com/timex#oi http://ex.org/variable#63	1
http://ex.org/variable#153 http://www.ibm.com/timex#oi http://ex.org/variable#64	1
http://ex.org/variable#153 http://www.ibm.com/timex#oi_di_si http://ex.org/variable#65	1
http://ex.org/variable#153 http://www.ibm.com/timex#oi http://ex.org/variable#66	1
http://ex.org/variable#153 http://www.ibm.com/timex#o http://ex.org/variable#67	1
http://ex.org/variable#153 http://www.ibm.com/timex#di http://ex.org/variable#68	1
http://ex.org/variable#153 http://www.ibm.com/timex#di http://ex.org/variable#69	1
http://ex.org/variable#153 http://www.ibm.com/timex#o http://ex.org/variable#70	1
http://ex.org/variable#153 http://www.ibm.com/timex#oi http://ex.org/variable#71	1
http://ex.org/variable#153 http://www.ibm.com/timex#di http://ex.org/variable#72	1
http://ex.org/variable#153 http://www.ibm.com/timex#di http://ex.org/variable#73	1
http://ex.org/variable#153 http://www.ibm.com/timex#di http://ex.org/variable#74	1
http://ex.org/variable#153 http://www.ibm.com/timex#oi http://ex.org/variable#75	1
http://ex.org/variable#153 http://www.ibm.com/timex#di http://ex.org/variable#76	1
http://ex.org/variable#153 http://www.ibm.com/timex#o http://ex.org/variable#77	1
http://ex.org/variable#153 http://www.ibm.com/timex#di http://ex.org/variable#78	1
http://ex.org/variable#153 http://www.ibm.com/timex#oi http://ex.org/variable#79	1
http://ex.org/variable#153 http://www.ibm.com/timex#oi http://ex.org/variable#80	1
http://ex.org/variable#153 http://www.ibm.com/timex#oi http://ex.org/variable#81	1
http://ex.org/variable#153 http://www.ibm.com/timex#di http://ex.org/variable#82	1
http://ex.org/variable#153 http://www.ibm.com/timex#oi http://ex.org/variable#83	1
http://ex.org/variable#153 http://www.ibm.com/timex#di http://ex.org/variable#84	1
http://ex.org/variable#153 http://www.ibm.com/timex#di http://ex.org/variable#85	1
http://ex.org/variable#153 http://www.ibm.com/timex#d http://ex.org/variable#86	1
http://ex.org/variable#153 http://www.ibm.com/timex#di http://ex.org/variable#87	1
http://ex.org/variable#153 http://www.ibm.com/timex#di http://ex.org/variable#88	1
http://ex.org/variable#153 http://www.ibm.com/timex#di http://ex.org/variable#89	1
http://ex.org/variable#153 http://www.ibm.com/timex#di http://ex.org/variable#90	1
http://ex.org/variable#153 http://www.ibm.com/timex#oi http://ex.org/variable#91	1
http://ex.org/variable#153 http://www.ibm.com/timex#o http://ex.org/variable#92	1
http://ex.org/variable#153 http://www.ibm.com/timex#di http://ex.org/variable#93	1
http://ex.org/variable#153 http://www.ibm.com/timex#oi http://ex.org/variable#94	1
http://ex.org/variable#153 http://www.ibm.com/timex#di http://ex.org/variable#95	1
http://ex.org/variable#153 http://www.ibm.com/timex#di http://ex.org/variable#96	1
http://ex.org/variable#153 http://www.ibm.com/timex#di http://ex.org/variable#97	1
http://ex.org/variable#153 http://www.ibm.com/timex#di http://ex.org/variable#98	1
http://ex.org/variable#153 http://www.ibm.com/timex#di http://ex.org/variable#99	1
http://ex.org/variable#153 http://www.ibm.com/timex#oi http://ex.org/variable#100	1
http://ex.org/variable#153 http://www.ibm.com/timex#di http://ex.org/variable#101	1
http://ex.org/variable#153 http://www.ibm.com/timex#di http://ex.org/variable#102	1
http://ex.org/variable#153 http://www.ibm.com/timex#oi http://ex.org/variable#103	1
http://ex.org/variable#153 http://www.ibm.com/timex#di http://ex.org/variable#104	1
http://ex.org/variable#153 http://www.ibm.com/timex#di http://ex.org/variable#105	1
http://ex.org/variable#153 http://www.ibm.com/timex#oi http://ex.org/variable#106	1
http://ex.org/variable#153 http://www.ibm.com/timex#di http://ex.org/variable#107	1
http://ex.org/variable#153 http://www.ibm.com/timex#di http://ex.org/variable#108	1
http://ex.org/variable#153 http://www.ibm.com/timex#di http://ex.org/variable#109	1
http://ex.org/variable#153 http://www.ibm.com/timex#oi http://ex.org/variable#110	1
http://ex.org/variable#153 http://www.ibm.com/timex#di http://ex.org/variable#111	1
http://ex.org/variable#153 http://www.ibm.com/timex#oi http://ex.org/variable#112	1
http://ex.org/variable#153 http://www.ibm.com/timex#di http://ex.org/variable#113	1
http://ex.org/variable#153 http://www.ibm.com/timex#oi http://ex.org/variable#114	1
http://ex.org/variable#153 http://www.ibm.com/timex#di http://ex.org/variable#115	1
http://ex.org/variable#153 http://www.ibm.com/timex#di http://ex.org/variable#116	1
http://ex.org/variable#153 http://www.ibm.com/timex#oi http://ex.org/variable#117	1
http://ex.org/variable#153 http://www.ibm.com/timex#oi http://ex.org/variable#118	1
http://ex.org/variable#153 http://www.ibm.com/timex#oi http://ex.org/variable#119	1
http://ex.org/variable#153 http://www.ibm.com/timex#oi_di http://ex.org/variable#120	1
http://ex.org/variable#153 http://www.ibm.com/timex#di http://ex.org/variable#121	1
http://ex.org/variable#153 http://www.ibm.com/timex#oi http://ex.org/variable#122	1
http://ex.org/variable#153 http://www.ibm.com/timex#di http://ex.org/variable#123	1
http://ex.org/variable#153 http://www.ibm.com/timex#oi http://ex.org/variable#124	1
http://ex.org/variable#153 http://www.ibm.com/timex#oi http://ex.org/variable#125	1
http://ex.org/variable#153 http://www.ibm.com/timex#di http://ex.org/variable#126	1
http://ex.org/variable#153 http://www.ibm.com/timex#di http://ex.org/variable#127	1
http://ex.org/variable#153 http://www.ibm.com/timex#di http://ex.org/variable#128	1
http://ex.org/variable#153 http://www.ibm.com/timex#oi http://ex.org/variable#129	1
http://ex.org/variable#153 http://www.ibm.com/timex#di http://ex.org/variable#130	1
http://ex.org/variable#153 http://www.ibm.com/timex#o http://ex.org/variable#131	1
http://ex.org/variable#153 http://www.ibm.com/timex#oi http://ex.org/variable#132	1
http://ex.org/variable#153 http://www.ibm.com/timex#o http://ex.org/variable#133	1
http://ex.org/variable#153 http://www.ibm.com/timex#oi http://ex.org/variable#134	1
http://ex.org/variable#153 http://www.ibm.com/timex#o_d http://ex.org/variable#135	1
http://ex.org/variable#153 http://www.ibm.com/timex#o http://ex.org/variable#136	1
http://ex.org/variable#153 http://www.ibm.com/timex#di http://ex.org/variable#137	1
http://ex.org/variable#153 http://www.ibm.com/timex#di http://ex.org/variable#138	1
http://ex.org/variable#153 http://www.ibm.com/timex#di http://ex.org/variable#139	1
http://ex.org/variable#153 http://www.ibm.com/timex#di http://ex.org/variable#140	1
http://ex.org/variable#153 http://www.ibm.com/timex#oi_d_f http://ex.org/variable#141	1
http://ex.org/variable#153 http://www.ibm.com/timex#oi http://ex.org/variable#142	1
http://ex.org/variable#153 http://www.ibm.com/timex#oi http://ex.org/variable#143	1
http://ex.org/variable#153 http://www.ibm.com/timex#di http://ex.org/variable#144	1
http://ex.org/variable#153 http://www.ibm.com/timex#di http://ex.org/variable#145	1
http://ex.org/variable#153 http://www.ibm.com/timex#o http://ex.org/variable#146	1
http://ex.org/variable#153 http://www.ibm.com/timex#oi http://ex.org/variable#147	1
http://ex.org/variable#153 http://www.ibm.com/timex#di http://ex.org/variable#148	1
http://ex.org/variable#153 http://www.ibm.com/timex#oi http://ex.org/variable#149	1
http://ex.org/variable#153 http://www.ibm.com/timex#o http://ex.org/variable#150	1
http://ex.org/variable#153 http://www.ibm.com/timex#di http://ex.org/variable#151	1
http://ex.org/variable#153 http://www.ibm.com/timex#oi http://ex.org/variable#152	1
http://ex.org/variable#153 http://www.ibm.com/timex#di http://ex.org/variable#154	1
http://ex.org/variable#153 http://www.ibm.com/timex#oi http://ex.org/variable#155	1
http://ex.org/variable#153 http://www.ibm.com/timex#di http://ex.org/variable#156	1
http://ex.org/variable#153 http://www.ibm.com/timex#oi http://ex.org/variable#157	1
http://ex.org/variable#153 http://www.ibm.com/timex#oi http://ex.org/variable#158	1
http://ex.org/variable#153 http://www.ibm.com/timex#o http://ex.org/variable#159	1
http://ex.org/variable#153 http://www.ibm.com/timex#di http://ex.org/variable#160	1
http://ex.org/variable#153 http://www.ibm.com/timex#di http://ex.org/variable#161	1
http://ex.org/variable#153 http://www.ibm.com/timex#oi http://ex.org/variable#162	1
http://ex.org/variable#153 http://www.ibm.com/timex#di http://ex.org/variable#163	1
http://ex.org/variable#153 http://www.ibm.com/timex#di http://ex.org/variable#164	1
http://ex.org/variable#153 http://www.ibm.com/timex#di http://ex.org/variable#165	1
http://ex.org/variable#153 http://www.ibm.com/timex#oi http://ex.org/variable#166	1
http://ex.org/variable#153 http://www.ibm.com/timex#oi http://ex.org/variable#167	1
http://ex.org/variable#153 http://www.ibm.com/timex#di http://ex.org/variable#168	1
http://ex.org/variable#153 http://www.ibm.com/timex#oi http://ex.org/variable#169	1
http://ex.org/variable#153 http://www.ibm.com/timex#di http://ex.org/variable#170	1
http://ex.org/variable#153 http://www.ibm.com/timex#oi http://ex.org/variable#171	1
http://ex.org/variable#153 http://www.ibm.com/timex#oi http://ex.org/variable#172	1
http://ex.org/variable#153 http://www.ibm.com/timex#di http://ex.org/variable#173	1
http://ex.org/variable#153 http://www.ibm.com/timex#di http://ex.org/variable#174	1
http://ex.org/variable#153 http://www.ibm.com/timex#oi http://ex.org/variable#175	1
http://ex.org/variable#153 http://www.ibm.com/timex#o http://ex.org/variable#176	1
http://ex.org/variable#153 http://www.ibm.com/timex#di http://ex.org/variable#177	1
http://ex.org/variable#153 http://www.ibm.com/timex#o http://ex.org/variable#178	1
http://ex.org/variable#153 http://www.ibm.com/timex#di http://ex.org/variable#179	1
http://ex.org/variable#153 http://www.ibm.com/timex#di http://ex.org/variable#180	1
http://ex.org/variable#153 http://www.ibm.com/timex#oi http://ex.org/variable#181	1
http://ex.org/variable#153 http://www.ibm.com/timex#di http://ex.org/variable#182	1
http://ex.org/variable#153 http://www.ibm.com/timex#di http://ex.org/variable#183	1
http://ex.org/variable#153 http://www.ibm.com/timex#oi http://ex.org/variable#184	1
http://ex.org/variable#153 http://www.ibm.com/timex#di http://ex.org/variable#185	1
http://ex.org/variable#153 http://www.ibm.com/timex#di http://ex.org/variable#186	1
http://ex.org/variable#153 http://www.ibm.com/timex#oi http://ex.org/variable#187	1
http://ex.org/variable#153 http://www.ibm.com/timex#di http://ex.org/variable#188	1
http://ex.org/variable#153 http://www.ibm.com/timex#di http://ex.org/variable#189	1
http://ex.org/variable#154 http://www.ibm.com/timex#d http://ex.org/variable#0	1
http://ex.org/variable#154 http://www.ibm.com/timex#b http://ex.org/variable#1	1
http://ex.org/variable#154 http://www.ibm.com/timex#d http://ex.org/variable#2	1
http://ex.org/variable#154 http://www.ibm.com/timex#o http://ex.org/variable#3	1
http://ex.org/variable#154 http://www.ibm.com/timex#d http://ex.org/variable#4	1
http://ex.org/variable#154 http://www.ibm.com/timex#oi_f http://ex.org/variable#5	1
http://ex.org/variable#154 http://www.ibm.com/timex#m http://ex.org/variable#6	1
http://ex.org/variable#154 http://www.ibm.com/timex#d http://ex.org/variable#7	1
http://ex.org/variable#154 http://www.ibm.com/timex#bi http://ex.org/variable#8	1
http://ex.org/variable#154 http://www.ibm.com/timex#o http://ex.org/variable#9	1
http://ex.org/variable#154 http://www.ibm.com/timex#d http://ex.org/variable#10	1
http://ex.org/variable#154 http://www.ibm.com/timex#d http://ex.org/variable#11	1
http://ex.org/variable#154 http://www.ibm.com/timex#d http://ex.org/variable#12	1
http://ex.org/variable#154 http://www.ibm.com/timex#oi http://ex.org/variable#13	1
http://ex.org/variable#154 http://www.ibm.com/timex#o http://ex.org/variable#14	1
http://ex.org/variable#154 http://www.ibm.com/timex#d http://ex.org/variable#15	1
http://ex.org/variable#154 http://www.ibm.com/timex#d http://ex.org/variable#16	1
http://ex.org/variable#154 http://www.ibm.com/timex#b http://ex.org/variable#17	1
http://ex.org/variable#154 http://www.ibm.com/timex#d http://ex.org/variable#18	1
http://ex.org/variable#154 http://www.ibm.com/timex#oi http://ex.org/variable#19	1
http://ex.org/variable#154 http://www.ibm.com/timex#d http://ex.org/variable#20	1
http://ex.org/variable#154 http://www.ibm.com/timex#b http://ex.org/variable#21	1
http://ex.org/variable#154 http://www.ibm.com/timex#d http://ex.org/variable#22	1
http://ex.org/variable#154 http://www.ibm.com/timex#oi http://ex.org/variable#23	1
http://ex.org/variable#154 http://www.ibm.com/timex#d http://ex.org/variable#24	1
http://ex.org/variable#154 http://www.ibm.com/timex#bi http://ex.org/variable#25	1
http://ex.org/variable#154 http://www.ibm.com/timex#b http://ex.org/variable#26	1
http://ex.org/variable#154 http://www.ibm.com/timex#oi http://ex.org/variable#27	1
http://ex.org/variable#154 http://www.ibm.com/timex#o http://ex.org/variable#28	1
http://ex.org/variable#154 http://www.ibm.com/timex#d http://ex.org/variable#29	1
http://ex.org/variable#154 http://www.ibm.com/timex#di http://ex.org/variable#30	1
http://ex.org/variable#154 http://www.ibm.com/timex#oi http://ex.org/variable#31	1
http://ex.org/variable#154 http://www.ibm.com/timex#oi http://ex.org/variable#32	1
http://ex.org/variable#154 http://www.ibm.com/timex#b http://ex.org/variable#33	1
http://ex.org/variable#154 http://www.ibm.com/timex#d http://ex.org/variable#34	1
http://ex.org/variable#154 http://www.ibm.com/timex#oi_di http://ex.org/variable#35	1
http://ex.org/variable#154 http://www.ibm.com/timex#oi http://ex.org/variable#36	1
http://ex.org/variable#154 http://www.ibm.com/timex#oi http://ex.org/variable#37	1
http://ex.org/variable#154 http://www.ibm.com/timex#d http://ex.org/variable#38	1
http://ex.org/variable#154 http://www.ibm.com/timex#b http://ex.org/variable#39	1
http://ex.org/variable#154 http://www.ibm.com/timex#d http://ex.org/variable#40	1
http://ex.org/variable#154 http://www.ibm.com/timex#d http://ex.org/variable#41	1
http://ex.org/variable#154 http://www.ibm.com/timex#d http://ex.org/variable#42	1
http://ex.org/variable#154 http://www.ibm.com/timex#d http://ex.org/variable#43	1
http://ex.org/variable#154 http://www.ibm.com/timex#d http://ex.org/variable#44	1
http://ex.org/variable#154 http://www.ibm.com/timex#o_d_s http://ex.org/variable#45	1
http://ex.org/variable#154 http://www.ibm.com/timex#d http://ex.org/variable#46	1
http://ex.org/variable#154 http://www.ibm.com/timex#d http://ex.org/variable#47	1
http://ex.org/variable#154 http://www.ibm.com/timex#b http://ex.org/variable#48	1
http://ex.org/variable#154 http://www.ibm.com/timex#oi http://ex.org/variable#49	1
http://ex.org/variable#154 http://www.ibm.com/timex#d http://ex.org/variable#50	1
http://ex.org/variable#154 http://www.ibm.com/timex#b http://ex.org/variable#51	1
http://ex.org/variable#154 http://www.ibm.com/timex#d http://ex.org/variable#52	1
http://ex.org/variable#154 http://www.ibm.com/timex#d http://ex.org/variable#53	1
http://ex.org/variable#154 http://www.ibm.com/timex#d http://ex.org/variable#54	1
http://ex.org/variable#154 http://www.ibm.com/timex#d http://ex.org/variable#55	1
http://ex.org/variable#154 http://www.ibm.com/timex#oi http://ex.org/variable#56	1
http://ex.org/variable#154 http://www.ibm.com/timex#d http://ex.org/variable#57	1
http://ex.org/variable#154 http://www.ibm.com/timex#d http://ex.org/variable#58	1
http://ex.org/variable#154 http://www.ibm.com/timex#d http://ex.org/variable#59	1
http://ex.org/variable#154 http://www.ibm.com/timex#d http://ex.org/variable#60	1
http://ex.org/variable#154 http://www.ibm.com/timex#d http://ex.org/variable#61	1
http://ex.org/variable#154 http://www.ibm.com/timex#d http://ex.org/variable#62	1
http://ex.org/variable#154 http://www.ibm.com/timex#d http://ex.org/variable#63	1
http://ex.org/variable#154 http://www.ibm.com/timex#d http://ex.org/variable#64	1
http://ex.org/variable#154 http://www.ibm.com/timex#bi http://ex.org/variable#65	1
http://ex.org/variable#154 http://www.ibm.com/timex#oi http://ex.org/variable#66	1
http://ex.org/variable#154 http://www.ibm.com/timex#d http://ex.org/variable#67	1
http://ex.org/variable#154 http://www.ibm.com/timex#d http://ex.org/variable#68	1
http://ex.org/variable#154 http://www.ibm.com/timex#d http://ex.org/variable#69	1
http://ex.org/variable#154 http://www.ibm.com/timex#d http://ex.org/variable#70	1
http://ex.org/variable#154 http://www.ibm.com/timex#d http://ex.org/variable#71	1
http://ex.org/variable#154 http://www.ibm.com/timex#d http://ex.org/variable#72	1
http://ex.org/variable#154 http://www.ibm.com/timex#d http://ex.org/variable#73	1
http://ex.org/variable#154 http://www.ibm.com/timex#d http://ex.org/variable#74	1
http://ex.org/variable#154 http://www.ibm.com/timex#d http://ex.org/variable#75	1
http://ex.org/variable#154 http://www.ibm.com/timex#d http://ex.org/variable#76	1
http://ex.org/variable#154 http://www.ibm.com/timex#d http://ex.org/variable#77	1
http://ex.org/variable#154 http://www.ibm.com/timex#d http://ex.org/variable#78	1
http://ex.org/variable#154 http://www.ibm.com/timex#oi_d http://ex.org/variable#79	1
http://ex.org/variable#154 http://www.ibm.com/timex#d http://ex.org/variable#80	1
http://ex.org/variable#154 http://www.ibm.com/timex#d http://ex.org/variable#81	1
http://ex.org/variable#154 http://www.ibm.com/timex#oi http://ex.org/variable#82	1
http://ex.org/variable#154 http://www.ibm.com/timex#d http://ex.org/variable#83	1
http://ex.org/variable#154 http://www.ibm.com/timex#o http://ex.org/variable#84	1
http://ex.org/variable#154 http://www.ibm.com/timex#b http://ex.org/variable#85	1
http://ex.org/variable#154 http://www.ibm.com/timex#d http://ex.org/variable#86	1
http://ex.org/variable#154 http://www.ibm.com/timex#o http://ex.org/variable#87	1
http://ex.org/variable#154 http://www.ibm.com/timex#b http://ex.org/variable#88	1
http://ex.org/variable#154 http://www.ibm.com/timex#d http://ex.org/variable#89	1
http://ex.org/variable#154 http://www.ibm.com/timex#d http://ex.org/variable#90	1
http://ex.org/variable#154 http://www.ibm.com/timex#d http://ex.org/variable#91	1
http://ex.org/variable#154 http://www.ibm.com/timex#o http://ex.org/variable#92	1
http://ex.org/variable#154 http://www.ibm.com/timex#d http://ex.org/variable#93	1
http://ex.org/variable#154 http://www.ibm.com/timex#d http://ex.org/variable#94	1
http://ex.org/variable#154 http://www.ibm.com/timex#di http://ex.org/variable#95	1
http://ex.org/variable#154 http://www.ibm.com/timex#bi http://ex.org/variable#96	1
http://ex.org/variable#154 http://www.ibm.com/timex#d http://ex.org/variable#97	1
http://ex.org/variable#154 http://www.ibm.com/timex#b http://ex.org/variable#98	1
http://ex.org/variable#154 http://www.ibm.com/timex#b http://ex.org/variable#99	1
http://ex.org/variable#154 http://www.ibm.com/timex#bi http://ex.org/variable#100	1
http://ex.org/variable#154 http://www.ibm.com/timex#d http://ex.org/variable#101	1
http://ex.org/variable#154 http://www.ibm.com/timex#b http://ex.org/variable#102	1
http://ex.org/variable#154 http://www.ibm.com/timex#d http://ex.org/variable#103	1
http://ex.org/variable#154 http://www.ibm.com/timex#b http://ex.org/variable#104	1
http://ex.org/variable#154 http://www.ibm.com/timex#d http://ex.org/variable#105	1
http://ex.org/variable#154 http://www.ibm.com/timex#d http://ex.org/variable#106	1
http://ex.org/variable#154 http://www.ibm.com/timex#d http://ex.org/variable#107	1
http://ex.org/variable#154 http://www.ibm.com/timex#o_di http://ex.org/variable#108	1
http://ex.org/variable#154 http://www.ibm.com/timex#b http://ex.org/variable#109	1
http://ex.org/variable#154 http://www.ibm.com/timex#d http://ex.org/variable#110	1
http://ex.org/variable#154 http://www.ibm.com/timex#d http://ex.org/variable#111	1
http://ex.org/variable#154 http://www.ibm.com/timex#d http://ex.org/variable#112	1
http://ex.org/variable#154 http://www.ibm.com/timex#di http://ex.org/variable#113	1
http://ex.org/variable#154 http://www.ibm.com/timex#d http://ex.org/variable#114	1
http://ex.org/variable#154 http://www.ibm.com/timex#b http://ex.org/variable#115	1
http://ex.org/variable#154 http://www.ibm.com/timex#m http://ex.org/variable#116	1
http://ex.org/variable#154 http://www.ibm.com/timex#oi http://ex.org/variable#117	1
http://ex.org/variable#154 http://www.ibm.com/timex#d http://ex.org/variable#118	1
http://ex.org/variable#154 http://www.ibm.com/timex#d http://ex.org/variable#119	1
http://ex.org/variable#154 http://www.ibm.com/timex#oi http://ex.org/variable#120	1
http://ex.org/variable#154 http://www.ibm.com/timex#b http://ex.org/variable#121	1
http://ex.org/variable#154 http://www.ibm.com/timex#d http://ex.org/variable#122	1
http://ex.org/variable#154 http://www.ibm.com/timex#d http://ex.org/variable#123	1
http://ex.org/variable#154 http://www.ibm.com/timex#oi http://ex.org/variable#124	1
http://ex.org/variable#154 http://www.ibm.com/timex#f http://ex.org/variable#125	1
http://ex.org/variable#154 http://www.ibm.com/timex#o http://ex.org/variable#126	1
http://ex.org/variable#154 http://www.ibm.com/timex#b http://ex.org/variable#127	1
http://ex.org/variable#154 http://www.ibm.com/timex#d http://ex.org/variable#128	1
http://ex.org/variable#154 http://www.ibm.com/timex#oi http://ex.org/variable#129	1
http://ex.org/variable#154 http://www.ibm.com/timex#oi http://ex.org/variable#130	1
http://ex.org/variable#154 http://www.ibm.com/timex#b http://ex.org/variable#131	1
http://ex.org/variable#154 http://www.ibm.com/timex#d http://ex.org/variable#132	1
http://ex.org/variable#154 http://www.ibm.com/timex#o_d http://ex.org/variable#133	1
http://ex.org/variable#154 http://www.ibm.com/timex#f http://ex.org/variable#134	1
http://ex.org/variable#154 http://www.ibm.com/timex#d http://ex.org/variable#135	1
http://ex.org/variable#154 http://www.ibm.com/timex#d http://ex.org/variable#136	1
http://ex.org/variable#154 http://www.ibm.com/timex#eq_f http://ex.org/variable#137	1
http://ex.org/variable#154 http://www.ibm.com/timex#b http://ex.org/variable#138	1
http://ex.org/variable#154 http://www.ibm.com/timex#oi http://ex.org/variable#139	1
http://ex.org/variable#154 http://www.ibm.com/timex#oi http://ex.org/variable#140	1
http://ex.org/variable#154 http://www.ibm.com/timex#d http://ex.org/variable#141	1
http://ex.org/variable#154 http://www.ibm.com/timex#d http://ex.org/variable#142	1
http://ex.org/variable#154 http://www.ibm.com/timex#d http://ex.org/variable#143	1
http://ex.org/variable#154 http://www.ibm.com/timex#d http://ex.org/variable#144	1
http://ex.org/variable#154 http://www.ibm.com/timex#b http://ex.org/variable#145	1
http://ex.org/variable#154 http://www.ibm.com/timex#d http://ex.org/variable#146	1
http://ex.org/variable#154 http://www.ibm.com/timex#d http://ex.org/variable#147	1
http://ex.org/variable#154 http://www.ibm.com/timex#d http://ex.org/variable#148	1
http://ex.org/variable#154 http://www.ibm.com/timex#bi_mi_oi http://ex.org/variable#149	1
http://ex.org/variable#154 http://www.ibm.com/timex#b http://ex.org/variable#150	1
http://ex.org/variable#154 http://www.ibm.com/timex#d http://ex.org/variable#151	1
http://ex.org/variable#154 http://www.ibm.com/timex#bi http://ex.org/variable#152	1
http://ex.org/variable#154 http://www.ibm.com/timex#d http://ex.org/variable#153	1
http://ex.org/variable#154 http://www.ibm.com/timex#d http://ex.org/variable#155	1
http://ex.org/variable#154 http://www.ibm.com/timex#d http://ex.org/variable#156	1
http://ex.org/variable#154 http://www.ibm.com/timex#bi http://ex.org/variable#157	1
http://ex.org/variable#154 http://www.ibm.com/timex#d http://ex.org/variable#158	1
http://ex.org/variable#154 http://www.ibm.com/timex#o http://ex.org/variable#159	1
http://ex.org/variable#154 http://www.ibm.com/timex#d http://ex.org/variable#160	1
http://ex.org/variable#154 http://www.ibm.com/timex#eq_f http://ex.org/variable#161	1
http://ex.org/variable#154 http://www.ibm.com/timex#oi http://ex.org/variable#162	1
http://ex.org/variable#154 http://www.ibm.com/timex#o http://ex.org/variable#163	1
http://ex.org/variable#154 http://www.ibm.com/timex#o_d_s http://ex.org/variable#164	1
http://ex.org/variable#154 http://www.ibm.com/timex#oi http://ex.org/variable#165	1
http://ex.org/variable#154 http://www.ibm.com/timex#d http://ex.org/variable#166	1
http://ex.org/variable#154 http://www.ibm.com/timex#d http://ex.org/variable#167	1
http://ex.org/variable#154 http://www.ibm.com/timex#o http://ex.org/variable#168	1
http://ex.org/variable#154 http://www.ibm.com/timex#d http://ex.org/variable#169	1
http://ex.org/variable#154 http://www.ibm.com/timex#b http://ex.org/variable#170	1
http://ex.org/variable#154 http://www.ibm.com/timex#d http://ex.org/variable#171	1
http://ex.org/variable#154 http://www.ibm.com/timex#bi http://ex.org/variable#172	1
http://ex.org/variable#154 http://www.ibm.com/timex#b http://ex.org/variable#173	1
http://ex.org/variable#154 http://www.ibm.com/timex#o http://ex.org/variable#174	1
http://ex.org/variable#154 http://www.ibm.com/timex#d http://ex.org/variable#175	1
http://ex.org/variable#154 http://www.ibm.com/timex#o http://ex.org/variable#176	1
http://ex.org/variable#154 http://www.ibm.com/timex#d http://ex.org/variable#177	1
http://ex.org/variable#154 http://www.ibm.com/timex#d http://ex.org/variable#178	1
http://ex.org/variable#154 http://www.ibm.com/timex#o http://ex.org/variable#179	1
http://ex.org/variable#154 http://www.ibm.com/timex#bi http://ex.org/variable#180	1
http://ex.org/variable#154 http://www.ibm.com/timex#bi http://ex.org/variable#181	1
http://ex.org/variable#154 http://www.ibm.com/timex#di http://ex.org/variable#182	1
http://ex.org/variable#154 http://www.ibm.com/timex#b http://ex.org/variable#183	1
http://ex.org/variable#154 http://www.ibm.com/timex#d http://ex.org/variable#184	1
http://ex.org/variable#154 http://www.ibm.com/timex#d http://ex.org/variable#185	1
http://ex.org/variable#154 http://www.ibm.com/timex#o http://ex.org/variable#186	1
http://ex.org/variable#154 http://www.ibm.com/timex#d http://ex.org/variable#187	1
http://ex.org/variable#154 http://www.ibm.com/timex#o http://ex.org/variable#188	1
http://ex.org/variable#154 http://www.ibm.com/timex#o http://ex.org/variable#189	1
http://ex.org/variable#155 http://www.ibm.com/timex#o http://ex.org/variable#0	1
http://ex.org/variable#155 http://www.ibm.com/timex#o http://ex.org/variable#1	1
http://ex.org/variable#155 http://www.ibm.com/timex#o http://ex.org/variable#2	1
http://ex.org/variable#155 http://www.ibm.com/timex#o http://ex.org/variable#3	1
http://ex.org/variable#155 http://www.ibm.com/timex#o http://ex.org/variable#4	1
http://ex.org/variable#155 http://www.ibm.com/timex#di http://ex.org/variable#5	1
http://ex.org/variable#155 http://www.ibm.com/timex#o http://ex.org/variable#6	1
http://ex.org/variable#155 http://www.ibm.com/timex#o http://ex.org/variable#7	1
http://ex.org/variable#155 http://www.ibm.com/timex#di http://ex.org/variable#8	1
http://ex.org/variable#155 http://www.ibm.com/timex#o http://ex.org/variable#9	1
http://ex.org/variable#155 http://www.ibm.com/timex#o http://ex.org/variable#10	1
http://ex.org/variable#155 http://www.ibm.com/timex#o http://ex.org/variable#11	1
http://ex.org/variable#155 http://www.ibm.com/timex#s http://ex.org/variable#12	1
http://ex.org/variable#155 http://www.ibm.com/timex#di http://ex.org/variable#13	1
http://ex.org/variable#155 http://www.ibm.com/timex#di http://ex.org/variable#14	1
http://ex.org/variable#155 http://www.ibm.com/timex#di http://ex.org/variable#15	1
http://ex.org/variable#155 http://www.ibm.com/timex#di http://ex.org/variable#16	1
http://ex.org/variable#155 http://www.ibm.com/timex#b_m_o http://ex.org/variable#17	1
http://ex.org/variable#155 http://www.ibm.com/timex#o http://ex.org/variable#18	1
http://ex.org/variable#155 http://www.ibm.com/timex#di http://ex.org/variable#19	1
http://ex.org/variable#155 http://www.ibm.com/timex#o http://ex.org/variable#20	1
http://ex.org/variable#155 http://www.ibm.com/timex#o http://ex.org/variable#21	1
http://ex.org/variable#155 http://www.ibm.com/timex#o http://ex.org/variable#22	1
http://ex.org/variable#155 http://www.ibm.com/timex#di http://ex.org/variable#23	1
http://ex.org/variable#155 http://www.ibm.com/timex#o http://ex.org/variable#24	1
http://ex.org/variable#155 http://www.ibm.com/timex#di http://ex.org/variable#25	1
http://ex.org/variable#155 http://www.ibm.com/timex#o http://ex.org/variable#26	1
http://ex.org/variable#155 http://www.ibm.com/timex#oi http://ex.org/variable#27	1
http://ex.org/variable#155 http://www.ibm.com/timex#o http://ex.org/variable#28	1
http://ex.org/variable#155 http://www.ibm.com/timex#o http://ex.org/variable#29	1
http://ex.org/variable#155 http://www.ibm.com/timex#di http://ex.org/variable#30	1
http://ex.org/variable#155 http://www.ibm.com/timex#oi http://ex.org/variable#31	1
http://ex.org/variable#155 http://www.ibm.com/timex#di http://ex.org/variable#32	1
http://ex.org/variable#155 http://www.ibm.com/timex#o http://ex.org/variable#33	1
http://ex.org/variable#155 http://www.ibm.com/timex#o http://ex.org/variable#34	1
http://ex.org/variable#155 http://www.ibm.com/timex#di http://ex.org/variable#35	1
http://ex.org/variable#155 http://www.ibm.com/timex#di http://ex.org/variable#36	1
http://ex.org/variable#155 http://www.ibm.com/timex#di http://ex.org/variable#37	1
http://ex.org/variable#155 http://www.ibm.com/timex#fi http://ex.org/variable#38	1
http://ex.org/variable#155 http://www.ibm.com/timex#o_di_fi http://ex.org/variable#39	1
http://ex.org/variable#155 http://www.ibm.com/timex#di http://ex.org/variable#40	1
http://ex.org/variable#155 http://www.ibm.com/timex#o http://ex.org/variable#41	1
http://ex.org/variable#155 http://www.ibm.com/timex#o http://ex.org/variable#42	1
http://ex.org/variable#155 http://www.ibm.com/timex#o http://ex.org/variable#43	1
http://ex.org/variable#155 http://www.ibm.com/timex#o http://ex.org/variable#44	1
http://ex.org/variable#155 http://www.ibm.com/timex#o http://ex.org/variable#45	1
http://ex.org/variable#155 http://www.ibm.com/timex#di http://ex.org/variable#46	1
http://ex.org/variable#155 http://www.ibm.com/timex#oi http://ex.org/variable#47	1
http://ex.org/variable#155 http://www.ibm.com/timex#o http://ex.org/variable#48	1
http://ex.org/variable#155 http://www.ibm.com/timex#di http://ex.org/variable#49	1
http://ex.org/variable#155 http://www.ibm.com/timex#o http://ex.org/variable#50	1
http://ex.org/variable#155 http://www.ibm.com/timex#o http://ex.org/variable#51	1
http://ex.org/variable#155 http://www.ibm.com/timex#o http://ex.org/variable#52	1
http://ex.org/variable#155 http://www.ibm.com/timex#o http://ex.org/variable#53	1
http://ex.org/variable#155 http://www.ibm.com/timex#o http://ex.org/variable#54	1
http://ex.org/variable#155 http://www.ibm.com/timex#o_di http://ex.org/variable#55	1
http://ex.org/variable#155 http://www.ibm.com/timex#di http://ex.org/variable#56	1
http://ex.org/variable#155 http://www.ibm.com/timex#di http://ex.org/variable#57	1
http://ex.org/variable#155 http://www.ibm.com/timex#di http://ex.org/variable#58	1
http://ex.org/variable#155 http://www.ibm.com/timex#o http://ex.org/variable#59	1
http://ex.org/variable#155 http://www.ibm.com/timex#o http://ex.org/variable#60	1
http://ex.org/variable#155 http://www.ibm.com/timex#o http://ex.org/variable#61	1
http://ex.org/variable#155 http://www.ibm.com/timex#o http://ex.org/variable#62	1
http://ex.org/variable#155 http://www.ibm.com/timex#o http://ex.org/variable#63	1
http://ex.org/variable#155 http://www.ibm.com/timex#o http://ex.org/variable#64	1
http://ex.org/variable#155 http://www.ibm.com/timex#di http://ex.org/variable#65	1
http://ex.org/variable#155 http://www.ibm.com/timex#oi http://ex.org/variable#66	1
http://ex.org/variable#155 http://www.ibm.com/timex#o http://ex.org/variable#67	1
http://ex.org/variable#155 http://www.ibm.com/timex#o http://ex.org/variable#68	1
http://ex.org/variable#155 http://www.ibm.com/timex#di http://ex.org/variable#69	1
http://ex.org/variable#155 http://www.ibm.com/timex#o http://ex.org/variable#70	1
http://ex.org/variable#155 http://www.ibm.com/timex#di http://ex.org/variable#71	1
http://ex.org/variable#155 http://www.ibm.com/timex#o http://ex.org/variable#72	1
http://ex.org/variable#155 http://www.ibm.com/timex#di http://ex.org/variable#73	1
http://ex.org/variable#155 http://www.ibm.com/timex#o http://ex.org/variable#74	1
http://ex.org/variable#155 http://www.ibm.com/timex#di http://ex.org/variable#75	1
http://ex.org/variable#155 http://www.ibm.com/timex#o http://ex.org/variable#76	1
http://ex.org/variable#155 http://www.ibm.com/timex#o http://ex.org/variable#77	1
http://ex.org/variable#155 http://www.ibm.com/timex#di http://ex.org/variable#78	1
http://ex.org/variable#155 http://www.ibm.com/timex#oi http://ex.org/variable#79	1
http://ex.org/variable#155 http://www.ibm.com/timex#o http://ex.org/variable#80	1
http://ex.org/variable#155 http://www.ibm.com/timex#oi http://ex.org/variable#81	1
http://ex.org/variable#155 http://www.ibm.com/timex#di http://ex.org/variable#82	1
http://ex.org/variable#155 http://www.ibm.com/timex#o http://ex.org/variable#83	1
http://ex.org/variable#155 http://www.ibm.com/timex#o http://ex.org/variable#84	1
http://ex.org/variable#155 http://www.ibm.com/timex#o http://ex.org/variable#85	1
http://ex.org/variable#155 http://www.ibm.com/timex#o http://ex.org/variable#86	1
http://ex.org/variable#155 http://www.ibm.com/timex#o http://ex.org/variable#87	1
http://ex.org/variable#155 http://www.ibm.com/timex#b http://ex.org/variable#88	1
http://ex.org/variable#155 http://www.ibm.com/timex#o http://ex.org/variable#89	1
http://ex.org/variable#155 http://www.ibm.com/timex#o_di http://ex.org/variable#90	1
http://ex.org/variable#155 http://www.ibm.com/timex#o http://ex.org/variable#91	1
http://ex.org/variable#155 http://www.ibm.com/timex#o http://ex.org/variable#92	1
http://ex.org/variable#155 http://www.ibm.com/timex#o http://ex.org/variable#93	1
http://ex.org/variable#155 http://www.ibm.com/timex#di http://ex.org/variable#94	1
http://ex.org/variable#155 http://www.ibm.com/timex#di http://ex.org/variable#95	1
http://ex.org/variable#155 http://www.ibm.com/timex#di http://ex.org/variable#96	1
http://ex.org/variable#155 http://www.ibm.com/timex#o http://ex.org/variable#97	1
http://ex.org/variable#155 http://www.ibm.com/timex#o http://ex.org/variable#98	1
http://ex.org/variable#155 http://www.ibm.com/timex#o http://ex.org/variable#99	1
http://ex.org/variable#155 http://www.ibm.com/timex#di http://ex.org/variable#100	1
http://ex.org/variable#155 http://www.ibm.com/timex#o http://ex.org/variable#101	1
http://ex.org/variable#155 http://www.ibm.com/timex#di http://ex.org/variable#102	1
http://ex.org/variable#155 http://www.ibm.com/timex#o http://ex.org/variable#103	1
http://ex.org/variable#155 http://www.ibm.com/timex#b http://ex.org/variable#104	1
http://ex.org/variable#155 http://www.ibm.com/timex#o http://ex.org/variable#105	1
http://ex.org/variable#155 http://www.ibm.com/timex#o http://ex.org/variable#106	1
http://ex.org/variable#155 http://www.ibm.com/timex#o http://ex.org/variable#107	1
http://ex.org/variable#155 http://www.ibm.com/timex#di http://ex.org/variable#108	1
http://ex.org/variable#155 http://www.ibm.com/timex#di http://ex.org/variable#109	1
http://ex.org/variable#155 http://www.ibm.com/timex#o http://ex.org/variable#110	1
http://ex.org/variable#155 http://www.ibm.com/timex#di http://ex.org/variable#111	1
http://ex.org/variable#155 http://www.ibm.com/timex#o_di http://ex.org/variable#112	1
http://ex.org/variable#155 http://www.ibm.com/timex#di http://ex.org/variable#113	1
http://ex.org/variable#155 http://www.ibm.com/timex#o http://ex.org/variable#114	1
http://ex.org/variable#155 http://www.ibm.com/timex#b http://ex.org/variable#115	1
http://ex.org/variable#155 http://www.ibm.com/timex#di http://ex.org/variable#116	1
http://ex.org/variable#155 http://www.ibm.com/timex#di http://ex.org/variable#117	1
http://ex.org/variable#155 http://www.ibm.com/timex#di http://ex.org/variable#118	1
http://ex.org/variable#155 http://www.ibm.com/timex#d http://ex.org/variable#119	1
http://ex.org/variable#155 http://www.ibm.com/timex#di http://ex.org/variable#120	1
http://ex.org/variable#155 http://www.ibm.com/timex#b http://ex.org/variable#121	1
http://ex.org/variable#155 http://www.ibm.com/timex#o http://ex.org/variable#122	1
http://ex.org/variable#155 http://www.ibm.com/timex#o http://ex.org/variable#123	1
http://ex.org/variable#155 http://www.ibm.com/timex#di http://ex.org/variable#124	1
http://ex.org/variable#155 http://www.ibm.com/timex#di_si http://ex.org/variable#125	1
http://ex.org/variable#155 http://www.ibm.com/timex#o http://ex.org/variable#126	1
http://ex.org/variable#155 http://www.ibm.com/timex#o http://ex.org/variable#127	1
http://ex.org/variable#155 http://www.ibm.com/timex#o http://ex.org/variable#128	1
http://ex.org/variable#155 http://www.ibm.com/timex#oi http://ex.org/variable#129	1
http://ex.org/variable#155 http://www.ibm.com/timex#di http://ex.org/variable#130	1
http://ex.org/variable#155 http://www.ibm.com/timex#b http://ex.org/variable#131	1
http://ex.org/variable#155 http://www.ibm.com/timex#o http://ex.org/variable#132	1
http://ex.org/variable#155 http://www.ibm.com/timex#o http://ex.org/variable#133	1
http://ex.org/variable#155 http://www.ibm.com/timex#di http://ex.org/variable#134	1
http://ex.org/variable#155 http://www.ibm.com/timex#o http://ex.org/variable#135	1
http://ex.org/variable#155 http://www.ibm.com/timex#o http://ex.org/variable#136	1
http://ex.org/variable#155 http://www.ibm.com/timex#di http://ex.org/variable#137	1
http://ex.org/variable#155 http://www.ibm.com/timex#o http://ex.org/variable#138	1
http://ex.org/variable#155 http://www.ibm.com/timex#di http://ex.org/variable#139	1
http://ex.org/variable#155 http://www.ibm.com/timex#di http://ex.org/variable#140	1
http://ex.org/variable#155 http://www.ibm.com/timex#o http://ex.org/variable#141	1
http://ex.org/variable#155 http://www.ibm.com/timex#di http://ex.org/variable#142	1
http://ex.org/variable#155 http://www.ibm.com/timex#o http://ex.org/variable#143	1
http://ex.org/variable#155 http://www.ibm.com/timex#o http://ex.org/variable#144	1
http://ex.org/variable#155 http://www.ibm.com/timex#o http://ex.org/variable#145	1
http://ex.org/variable#155 http://www.ibm.com/timex#o http://ex.org/variable#146	1
http://ex.org/variable#155 http://www.ibm.com/timex#di http://ex.org/variable#147	1
http://ex.org/variable#155 http://www.ibm.com/timex#o http://ex.org/variable#148	1
http://ex.org/variable#155 http://www.ibm.com/timex#di http://ex.org/variable#149	1
http://ex.org/variable#155 http://www.ibm.com/timex#o http://ex.org/variable#150	1
http://ex.org/variable#155 http://www.ibm.com/timex#o http://ex.org/variable#151	1
http://ex.org/variable#155 http://www.ibm.com/timex#di http://ex.org/variable#152	1
http://ex.org/variable#155 http://www.ibm.com/timex#o http://ex.org/variable#153	1
http://ex.org/variable#155 http://www.ibm.com/timex#di http://ex.org/variable#154	1
http://ex.org/variable#155 http://www.ibm.com/timex#o http://ex.org/variable#156	1
http://ex.org/variable#155 http://www.ibm.com/timex#di http://ex.org/variable#157	1
http://ex.org/variable#155 http://www.ibm.com/timex#di http://ex.org/variable#158	1
http://ex.org/variable#155 http://www.ibm.com/timex#o http://ex.org/variable#159	1
http://ex.org/variable#155 http://www.ibm.com/timex#o http://ex.org/variable#160	1
http://ex.org/variable#155 http://www.ibm.com/timex#di http://ex.org/variable#161	1
http://ex.org/variable#155 http://www.ibm.com/timex#di http://ex.org/variable#162	1
http://ex.org/variable#155 http://www.ibm.com/timex#o http://ex.org/variable#163	1
http://ex.org/variable#155 http://www.ibm.com/timex#o http://ex.org/variable#164	1
http://ex.org/variable#155 http://www.ibm.com/timex#di http://ex.org/variable#165	1
http://ex.org/variable#155 http://www.ibm.com/timex#di http://ex.org/variable#166	1
http://ex.org/variable#155 http://www.ibm.com/timex#di http://ex.org/variable#167	1
http://ex.org/variable#155 http://www.ibm.com/timex#o http://ex.org/variable#168	1
http://ex.org/variable#155 http://www.ibm.com/timex#o http://ex.org/variable#169	1
http://ex.org/variable#155 http://www.ibm.com/timex#o http://ex.org/variable#170	1
http://ex.org/variable#155 http://www.ibm.com/timex#di http://ex.org/variable#171	1
http://ex.org/variable#155 http://www.ibm.com/timex#si http://ex.org/variable#172	1
http://ex.org/variable#155 http://www.ibm.com/timex#b http://ex.org/variable#173	1
http://ex.org/variable#155 http://www.ibm.com/timex#o http://ex.org/variable#174	1
http://ex.org/variable#155 http://www.ibm.com/timex#fi http://ex.org/variable#175	1
http://ex.org/variable#155 http://www.ibm.com/timex#o http://ex.org/variable#176	1
http://ex.org/variable#155 http://www.ibm.com/timex#o http://ex.org/variable#177	1
http://ex.org/variable#155 http://www.ibm.com/timex#o http://ex.org/variable#178	1
http://ex.org/variable#155 http://www.ibm.com/timex#o http://ex.org/variable#179	1
http://ex.org/variable#155 http://www.ibm.com/timex#di http://ex.org/variable#180	1
http://ex.org/variable#155 http://www.ibm.com/timex#di http://ex.org/variable#181	1
http://ex.org/variable#155 http://www.ibm.com/timex#di http://ex.org/variable#182	1
http://ex.org/variable#155 http://www.ibm.com/timex#o http://ex.org/variable#183	1
http://ex.org/variable#155 http://www.ibm.com/timex#di http://ex.org/variable#184	1
http://ex.org/variable#155 http://www.ibm.com/timex#o http://ex.org/variable#185	1
http://ex.org/variable#155 http://www.ibm.com/timex#o http://ex.org/variable#186	1
http://ex.org/variable#155 http://www.ibm.com/timex#d http://ex.org/variable#187	1
http://ex.org/variable#155 http://www.ibm.com/timex#o_di http://ex.org/variable#188	1
http://ex.org/variable#155 http://www.ibm.com/timex#di http://ex.org/variable#189	1
http://ex.org/variable#156 http://www.ibm.com/timex#o http://ex.org/variable#0	1
http://ex.org/variable#156 http://www.ibm.com/timex#o http://ex.org/variable#1	1
http://ex.org/variable#156 http://www.ibm.com/timex#o http://ex.org/variable#2	1
http://ex.org/variable#156 http://www.ibm.com/timex#di http://ex.org/variable#3	1
http://ex.org/variable#156 http://www.ibm.com/timex#o http://ex.org/variable#4	1
http://ex.org/variable#156 http://www.ibm.com/timex#di http://ex.org/variable#5	1
http://ex.org/variable#156 http://www.ibm.com/timex#di http://ex.org/variable#6	1
http://ex.org/variable#156 http://www.ibm.com/timex#o http://ex.org/variable#7	1
http://ex.org/variable#156 http://www.ibm.com/timex#oi http://ex.org/variable#8	1
http://ex.org/variable#156 http://www.ibm.com/timex#o http://ex.org/variable#9	1
http://ex.org/variable#156 http://www.ibm.com/timex#o http://ex.org/variable#10	1
http://ex.org/variable#156 http://www.ibm.com/timex#d http://ex.org/variable#11	1
http://ex.org/variable#156 http://www.ibm.com/timex#d http://ex.org/variable#12	1
http://ex.org/variable#156 http://www.ibm.com/timex#oi http://ex.org/variable#13	1
http://ex.org/variable#156 http://www.ibm.com/timex#di http://ex.org/variable#14	1
http://ex.org/variable#156 http://www.ibm.com/timex#oi http://ex.org/variable#15	1
http://ex.org/variable#156 http://www.ibm.com/timex#oi http://ex.org/variable#16	1
http://ex.org/variable#156 http://www.ibm.com/timex#di http://ex.org/variable#17	1
http://ex.org/variable#156 http://www.ibm.com/timex#di http://ex.org/variable#18	1
http://ex.org/variable#156 http://www.ibm.com/timex#oi http://ex.org/variable#19	1
http://ex.org/variable#156 http://www.ibm.com/timex#d http://ex.org/variable#20	1
http://ex.org/variable#156 http://www.ibm.com/timex#o http://ex.org/variable#21	1
http://ex.org/variable#156 http://www.ibm.com/timex#o http://ex.org/variable#22	1
http://ex.org/variable#156 http://www.ibm.com/timex#oi http://ex.org/variable#23	1
http://ex.org/variable#156 http://www.ibm.com/timex#d http://ex.org/variable#24	1
http://ex.org/variable#156 http://www.ibm.com/timex#oi http://ex.org/variable#25	1
http://ex.org/variable#156 http://www.ibm.com/timex#di http://ex.org/variable#26	1
http://ex.org/variable#156 http://www.ibm.com/timex#oi http://ex.org/variable#27	1
http://ex.org/variable#156 http://www.ibm.com/timex#o http://ex.org/variable#28	1
http://ex.org/variable#156 http://www.ibm.com/timex#o http://ex.org/variable#29	1
http://ex.org/variable#156 http://www.ibm.com/timex#di http://ex.org/variable#30	1
http://ex.org/variable#156 http://www.ibm.com/timex#oi http://ex.org/variable#31	1
http://ex.org/variable#156 http://www.ibm.com/timex#oi http://ex.org/variable#32	1
http://ex.org/variable#156 http://www.ibm.com/timex#o http://ex.org/variable#33	1
http://ex.org/variable#156 http://www.ibm.com/timex#oi http://ex.org/variable#34	1
http://ex.org/variable#156 http://www.ibm.com/timex#di http://ex.org/variable#35	1
http://ex.org/variable#156 http://www.ibm.com/timex#oi http://ex.org/variable#36	1
http://ex.org/variable#156 http://www.ibm.com/timex#oi http://ex.org/variable#37	1
http://ex.org/variable#156 http://www.ibm.com/timex#oi http://ex.org/variable#38	1
http://ex.org/variable#156 http://www.ibm.com/timex#di http://ex.org/variable#39	1
http://ex.org/variable#156 http://www.ibm.com/timex#oi http://ex.org/variable#40	1
http://ex.org/variable#156 http://www.ibm.com/timex#d http://ex.org/variable#41	1
http://ex.org/variable#156 http://www.ibm.com/timex#o http://ex.org/variable#42	1
http://ex.org/variable#156 http://www.ibm.com/timex#oi http://ex.org/variable#43	1
http://ex.org/variable#156 http://www.ibm.com/timex#oi http://ex.org/variable#44	1
http://ex.org/variable#156 http://www.ibm.com/timex#o http://ex.org/variable#45	1
http://ex.org/variable#156 http://www.ibm.com/timex#oi http://ex.org/variable#46	1
http://ex.org/variable#156 http://www.ibm.com/timex#oi http://ex.org/variable#47	1
http://ex.org/variable#156 http://www.ibm.com/timex#di http://ex.org/variable#48	1
http://ex.org/variable#156 http://www.ibm.com/timex#oi http://ex.org/variable#49	1
http://ex.org/variable#156 http://www.ibm.com/timex#o http://ex.org/variable#50	1
http://ex.org/variable#156 http://www.ibm.com/timex#di http://ex.org/variable#51	1
http://ex.org/variable#156 http://www.ibm.com/timex#oi http://ex.org/variable#52	1
http://ex.org/variable#156 http://www.ibm.com/timex#d http://ex.org/variable#53	1
http://ex.org/variable#156 http://www.ibm.com/timex#oi_si http://ex.org/variable#54	1
http://ex.org/variable#156 http://www.ibm.com/timex#di http://ex.org/variable#55	1
http://ex.org/variable#156 http://www.ibm.com/timex#di http://ex.org/variable#56	1
http://ex.org/variable#156 http://www.ibm.com/timex#oi http://ex.org/variable#57	1
http://ex.org/variable#156 http://www.ibm.com/timex#oi http://ex.org/variable#58	1
http://ex.org/variable#156 http://www.ibm.com/timex#d http://ex.org/variable#59	1
http://ex.org/variable#156 http://www.ibm.com/timex#d http://ex.org/variable#60	1
http://ex.org/variable#156 http://www.ibm.com/timex#d http://ex.org/variable#61	1
http://ex.org/variable#156 http://www.ibm.com/timex#o http://ex.org/variable#62	1
http://ex.org/variable#156 http://www.ibm.com/timex#oi http://ex.org/variable#63	1
http://ex.org/variable#156 http://www.ibm.com/timex#d http://ex.org/variable#64	1
http://ex.org/variable#156 http://www.ibm.com/timex#oi http://ex.org/variable#65	1
http://ex.org/variable#156 http://www.ibm.com/timex#oi http://ex.org/variable#66	1
http://ex.org/variable#156 http://www.ibm.com/timex#o http://ex.org/variable#67	1
http://ex.org/variable#156 http://www.ibm.com/timex#o http://ex.org/variable#68	1
http://ex.org/variable#156 http://www.ibm.com/timex#di http://ex.org/variable#69	1
http://ex.org/variable#156 http://www.ibm.com/timex#o_s http://ex.org/variable#70	1
http://ex.org/variable#156 http://www.ibm.com/timex#oi http://ex.org/variable#71	1
http://ex.org/variable#156 http://www.ibm.com/timex#di http://ex.org/variable#72	1
http://ex.org/variable#156 http://www.ibm.com/timex#oi http://ex.org/variable#73	1
http://ex.org/variable#156 http://www.ibm.com/timex#o_s http://ex.org/variable#74	1
http://ex.org/variable#156 http://www.ibm.com/timex#oi http://ex.org/variable#75	1
http://ex.org/variable#156 http://www.ibm.com/timex#o http://ex.org/variable#76	1
http://ex.org/variable#156 http://www.ibm.com/timex#o http://ex.org/variable#77	1
http://ex.org/variable#156 http://www.ibm.com/timex#di http://ex.org/variable#78	1
http://ex.org/variable#156 http://www.ibm.com/timex#oi http://ex.org/variable#79	1
http://ex.org/variable#156 http://www.ibm.com/timex#d http://ex.org/variable#80	1
http://ex.org/variable#156 http://www.ibm.com/timex#oi http://ex.org/variable#81	1
http://ex.org/variable#156 http://www.ibm.com/timex#di http://ex.org/variable#82	1
http://ex.org/variable#156 http://www.ibm.com/timex#d http://ex.org/variable#83	1
http://ex.org/variable#156 http://www.ibm.com/timex#o http://ex.org/variable#84	1
http://ex.org/variable#156 http://www.ibm.com/timex#di http://ex.org/variable#85	1
http://ex.org/variable#156 http://www.ibm.com/timex#d http://ex.org/variable#86	1
http://ex.org/variable#156 http://www.ibm.com/timex#o http://ex.org/variable#87	1
http://ex.org/variable#156 http://www.ibm.com/timex#b http://ex.org/variable#88	1
http://ex.org/variable#156 http://www.ibm.com/timex#o http://ex.org/variable#89	1
http://ex.org/variable#156 http://www.ibm.com/timex#di http://ex.org/variable#90	1
http://ex.org/variable#156 http://www.ibm.com/timex#d http://ex.org/variable#91	1
http://ex.org/variable#156 http://www.ibm.com/timex#o http://ex.org/variable#92	1
http://ex.org/variable#156 http://www.ibm.com/timex#o http://ex.org/variable#93	1
http://ex.org/variable#156 http://www.ibm.com/timex#oi http://ex.org/variable#94	1
http://ex.org/variable#156 http://www.ibm.com/timex#di http://ex.org/variable#95	1
http://ex.org/variable#156 http://www.ibm.com/timex#di http://ex.org/variable#96	1
http://ex.org/variable#156 http://www.ibm.com/timex#o http://ex.org/variable#97	1
http://ex.org/variable#156 http://www.ibm.com/timex#o http://ex.org/variable#98	1
http://ex.org/variable#156 http://www.ibm.com/timex#o http://ex.org/variable#99	1
http://ex.org/variable#156 http://www.ibm.com/timex#oi http://ex.org/variable#100	1
http://ex.org/variable#156 http://www.ibm.com/timex#o http://ex.org/variable#101	1
http://ex.org/variable#156 http://www.ibm.com/timex#di http://ex.org/variable#102	1
http://ex.org/variable#156 http://www.ibm.com/timex#oi http://ex.org/variable#103	1
http://ex.org/variable#156 http://www.ibm.com/timex#b http://ex.org/variable#104	1
http://ex.org/variable#156 http://www.ibm.com/timex#o http://ex.org/variable#105	1
http://ex.org/variable#156 http://www.ibm.com/timex#d http://ex.org/variable#106	1
http://ex.org/variable#156 http://www.ibm.com/timex#di http://ex.org/variable#107	1
http://ex.org/variable#156 http://www.ibm.com/timex#di http://ex.org/variable#108	1
http://ex.org/variable#156 http://www.ibm.com/timex#di http://ex.org/variable#109	1
http://ex.org/variable#156 http://www.ibm.com/timex#d http://ex.org/variable#110	1
http://ex.org/variable#156 http://www.ibm.com/timex#di http://ex.org/variable#111	1
http://ex.org/variable#156 http://www.ibm.com/timex#oi http://ex.org/variable#112	1
http://ex.org/variable#156 http://www.ibm.com/timex#di http://ex.org/variable#113	1
http://ex.org/variable#156 http://www.ibm.com/timex#oi http://ex.org/variable#114	1
http://ex.org/variable#156 http://www.ibm.com/timex#b http://ex.org/variable#115	1
http://ex.org/variable#156 http://www.ibm.com/timex#di http://ex.org/variable#116	1
http://ex.org/variable#156 http://www.ibm.com/timex#oi http://ex.org/variable#117	1
http://ex.org/variable#156 http://www.ibm.com/timex#oi http://ex.org/variable#118	1
http://ex.org/variable#156 http://www.ibm.com/timex#d http://ex.org/variable#119	1
http://ex.org/variable#156 http://www.ibm.com/timex#oi http://ex.org/variable#120	1
http://ex.org/variable#156 http://www.ibm.com/timex#b http://ex.org/variable#121	1
http://ex.org/variable#156 http://www.ibm.com/timex#oi http://ex.org/variable#122	1
http://ex.org/variable#156 http://www.ibm.com/timex#o http://ex.org/variable#123	1
http://ex.org/variable#156 http://www.ibm.com/timex#oi http://ex.org/variable#124	1
http://ex.org/variable#156 http://www.ibm.com/timex#oi http://ex.org/variable#125	1
http://ex.org/variable#156 http://www.ibm.com/timex#di http://ex.org/variable#126	1
http://ex.org/variable#156 http://www.ibm.com/timex#o http://ex.org/variable#127	1
http://ex.org/variable#156 http://www.ibm.com/timex#o http://ex.org/variable#128	1
http://ex.org/variable#156 http://www.ibm.com/timex#oi http://ex.org/variable#129	1
http://ex.org/variable#156 http://www.ibm.com/timex#di http://ex.org/variable#130	1
http://ex.org/variable#156 http://www.ibm.com/timex#o http://ex.org/variable#131	1
http://ex.org/variable#156 http://www.ibm.com/timex#d http://ex.org/variable#132	1
http://ex.org/variable#156 http://www.ibm.com/timex#o http://ex.org/variable#133	1
http://ex.org/variable#156 http://www.ibm.com/timex#oi http://ex.org/variable#134	1
http://ex.org/variable#156 http://www.ibm.com/timex#d http://ex.org/variable#135	1
http://ex.org/variable#156 http://www.ibm.com/timex#d http://ex.org/variable#136	1
http://ex.org/variable#156 http://www.ibm.com/timex#di http://ex.org/variable#137	1
http://ex.org/variable#156 http://www.ibm.com/timex#o http://ex.org/variable#138	1
http://ex.org/variable#156 http://www.ibm.com/timex#di http://ex.org/variable#139	1
http://ex.org/variable#156 http://www.ibm.com/timex#di http://ex.org/variable#140	1
http://ex.org/variable#156 http://www.ibm.com/timex#d http://ex.org/variable#141	1
http://ex.org/variable#156 http://www.ibm.com/timex#oi http://ex.org/variable#142	1
http://ex.org/variable#156 http://www.ibm.com/timex#d http://ex.org/variable#143	1
http://ex.org/variable#156 http://www.ibm.com/timex#o http://ex.org/variable#144	1
http://ex.org/variable#156 http://www.ibm.com/timex#o http://ex.org/variable#145	1
http://ex.org/variable#156 http://www.ibm.com/timex#o http://ex.org/variable#146	1
http://ex.org/variable#156 http://www.ibm.com/timex#oi http://ex.org/variable#147	1
http://ex.org/variable#156 http://www.ibm.com/timex#di http://ex.org/variable#148	1
http://ex.org/variable#156 http://www.ibm.com/timex#oi http://ex.org/variable#149	1
http://ex.org/variable#156 http://www.ibm.com/timex#o http://ex.org/variable#150	1
http://ex.org/variable#156 http://www.ibm.com/timex#o http://ex.org/variable#151	1
http://ex.org/variable#156 http://www.ibm.com/timex#oi http://ex.org/variable#152	1
http://ex.org/variable#156 http://www.ibm.com/timex#d http://ex.org/variable#153	1
http://ex.org/variable#156 http://www.ibm.com/timex#di http://ex.org/variable#154	1
http://ex.org/variable#156 http://www.ibm.com/timex#oi http://ex.org/variable#155	1
http://ex.org/variable#156 http://www.ibm.com/timex#oi http://ex.org/variable#157	1
http://ex.org/variable#156 http://www.ibm.com/timex#oi http://ex.org/variable#158	1
http://ex.org/variable#156 http://www.ibm.com/timex#o http://ex.org/variable#159	1
http://ex.org/variable#156 http://www.ibm.com/timex#o http://ex.org/variable#160	1
http://ex.org/variable#156 http://www.ibm.com/timex#di http://ex.org/variable#161	1
http://ex.org/variable#156 http://www.ibm.com/timex#oi http://ex.org/variable#162	1
http://ex.org/variable#156 http://www.ibm.com/timex#o http://ex.org/variable#163	1
http://ex.org/variable#156 http://www.ibm.com/timex#o http://ex.org/variable#164	1
http://ex.org/variable#156 http://www.ibm.com/timex#di http://ex.org/variable#165	1
http://ex.org/variable#156 http://www.ibm.com/timex#oi http://ex.org/variable#166	1
http://ex.org/variable#156 http://www.ibm.com/timex#oi http://ex.org/variable#167	1
http://ex.org/variable#156 http://www.ibm.com/timex#o http://ex.org/variable#168	1
http://ex.org/variable#156 http://www.ibm.com/timex#d http://ex.org/variable#169	1
http://ex.org/variable#156 http://www.ibm.com/timex#o http://ex.org/variable#170	1
http://ex.org/variable#156 http://www.ibm.com/timex#oi http://ex.org/variable#171	1
http://ex.org/variable#156 http://www.ibm.com/timex#oi http://ex.org/variable#172	1
http://ex.org/variable#156 http://www.ibm.com/timex#di http://ex.org/variable#173	1
http://ex.org/variable#156 http://www.ibm.com/timex#o_fi http://ex.org/variable#174	1
http://ex.org/variable#156 http://www.ibm.com/timex#oi http://ex.org/variable#175	1
http://ex.org/variable#156 http://www.ibm.com/timex#o http://ex.org/variable#176	1
http://ex.org/variable#156 http://www.ibm.com/timex#di http://ex.org/variable#177	1
http://ex.org/variable#156 http://www.ibm.com/timex#o http://ex.org/variable#178	1
http://ex.org/variable#156 http://www.ibm.com/timex#o http://ex.org/variable#179	1
http://ex.org/variable#156 http://www.ibm.com/timex#di http://ex.org/variable#180	1
http://ex.org/variable#156 http://www.ibm.com/timex#oi http://ex.org/variable#181	1
http://ex.org/variable#156 http://www.ibm.com/timex#di http://ex.org/variable#182	1
http://ex.org/variable#156 http://www.ibm.com/timex#o http://ex.org/variable#183	1
http://ex.org/variable#156 http://www.ibm.com/timex#oi http://ex.org/variable#184	1
http://ex.org/variable#156 http://www.ibm.com/timex#di http://ex.org/variable#185	1
http://ex.org/variable#156 http://www.ibm.com/timex#o http://ex.org/variable#186	1
http://ex.org/variable#156 http://www.ibm.com/timex#oi http://ex.org/variable#187	1
http://ex.org/variable#156 http://www.ibm.com/timex#di http://ex.org/variable#188	1
http://ex.org/variable#156 http://www.ibm.com/timex#di http://ex.org/variable#189	1
http://ex.org/variable#157 http://www.ibm.com/timex#b http://ex.org/variable#0	1
http://ex.org/variable#157 http://www.ibm.com/timex#b http://ex.org/variable#1	1
http://ex.org/variable#157 http://www.ibm.com/timex#b http://ex.org/variable#2	1
http://ex.org/variable#157 http://www.ibm.com/timex#b http://ex.org/variable#3	1
http://ex.org/variable#157 http://www.ibm.com/timex#b http://ex.org/variable#4	1
http://ex.org/variable#157 http://www.ibm.com/timex#b http://ex.org/variable#5	1
http://ex.org/variable#157 http://www.ibm.com/timex#b http://ex.org/variable#6	1
http://ex.org/variable#157 http://www.ibm.com/timex#b http://ex.org/variable#7	1
http://ex.org/variable#157 http://www.ibm.com/timex#d http://ex.org/variable#8	1
http://ex.org/variable#157 http://www.ibm.com/timex#b http://ex.org/variable#9	1
http://ex.org/variable#157 http://www.ibm.com/timex#b http://ex.org/variable#10	1
http://ex.org/variable#157 http://www.ibm.com/timex#d http://ex.org/variable#11	1
http://ex.org/variable#157 http://www.ibm.com/timex#d http://ex.org/variable#12	1
http://ex.org/variable#157 http://www.ibm.com/timex#d http://ex.org/variable#13	1
http://ex.org/variable#157 http://www.ibm.com/timex#b http://ex.org/variable#14	1
http://ex.org/variable#157 http://www.ibm.com/timex#d http://ex.org/variable#15	1
http://ex.org/variable#157 http://www.ibm.com/timex#o_d_s http://ex.org/variable#16	1
http://ex.org/variable#157 http://www.ibm.com/timex#b http://ex.org/variable#17	1
http://ex.org/variable#157 http://www.ibm.com/timex#b_m http://ex.org/variable#18	1
http://ex.org/variable#157 http://www.ibm.com/timex#d http://ex.org/variable#19	1
http://ex.org/variable#157 http://www.ibm.com/timex#d http://ex.org/variable#20	1
http://ex.org/variable#157 http://www.ibm.com/timex#b http://ex.org/variable#21	1
http://ex.org/variable#157 http://www.ibm.com/timex#b_m http://ex.org/variable#22	1
http://ex.org/variable#157 http://www.ibm.com/timex#o_d http://ex.org/variable#23	1
http://ex.org/variable#157 http://www.ibm.com/timex#d http://ex.org/variable#24	1
http://ex.org/variable#157 http://www.ibm.com/timex#d http://ex.org/variable#25	1
http://ex.org/variable#157 http://www.ibm.com/timex#b http://ex.org/variable#26	1
http://ex.org/variable#157 http://www.ibm.com/timex#d http://ex.org/variable#27	1
http://ex.org/variable#157 http://www.ibm.com/timex#b http://ex.org/variable#28	1
http://ex.org/variable#157 http://www.ibm.com/timex#b http://ex.org/variable#29	1
http://ex.org/variable#157 http://www.ibm.com/timex#b http://ex.org/variable#30	1
http://ex.org/variable#157 http://www.ibm.com/timex#d http://ex.org/variable#31	1
http://ex.org/variable#157 http://www.ibm.com/timex#d http://ex.org/variable#32	1
http://ex.org/variable#157 http://www.ibm.com/timex#b http://ex.org/variable#33	1
http://ex.org/variable#157 http://www.ibm.com/timex#d http://ex.org/variable#34	1
http://ex.org/variable#157 http://www.ibm.com/timex#b http://ex.org/variable#35	1
http://ex.org/variable#157 http://www.ibm.com/timex#d http://ex.org/variable#36	1
http://ex.org/variable#157 http://www.ibm.com/timex#d http://ex.org/variable#37	1
http://ex.org/variable#157 http://www.ibm.com/timex#d http://ex.org/variable#38	1
http://ex.org/variable#157 http://www.ibm.com/timex#b http://ex.org/variable#39	1
http://ex.org/variable#157 http://www.ibm.com/timex#d http://ex.org/variable#40	1
http://ex.org/variable#157 http://www.ibm.com/timex#o_d_s http://ex.org/variable#41	1
http://ex.org/variable#157 http://www.ibm.com/timex#b http://ex.org/variable#42	1
http://ex.org/variable#157 http://www.ibm.com/timex#d http://ex.org/variable#43	1
http://ex.org/variable#157 http://www.ibm.com/timex#d http://ex.org/variable#44	1
http://ex.org/variable#157 http://www.ibm.com/timex#b http://ex.org/variable#45	1
http://ex.org/variable#157 http://www.ibm.com/timex#d http://ex.org/variable#46	1
http://ex.org/variable#157 http://www.ibm.com/timex#d http://ex.org/variable#47	1
http://ex.org/variable#157 http://www.ibm.com/timex#b http://ex.org/variable#48	1
http://ex.org/variable#157 http://www.ibm.com/timex#d http://ex.org/variable#49	1
http://ex.org/variable#157 http://www.ibm.com/timex#b http://ex.org/variable#50	1
http://ex.org/variable#157 http://www.ibm.com/timex#b http://ex.org/variable#51	1
http://ex.org/variable#157 http://www.ibm.com/timex#d http://ex.org/variable#52	1
http://ex.org/variable#157 http://www.ibm.com/timex#d http://ex.org/variable#53	1
http://ex.org/variable#157 http://www.ibm.com/timex#o http://ex.org/variable#54	1
http://ex.org/variable#157 http://www.ibm.com/timex#b http://ex.org/variable#55	1
http://ex.org/variable#157 http://www.ibm.com/timex#b http://ex.org/variable#56	1
http://ex.org/variable#157 http://www.ibm.com/timex#d http://ex.org/variable#57	1
http://ex.org/variable#157 http://www.ibm.com/timex#d http://ex.org/variable#58	1
http://ex.org/variable#157 http://www.ibm.com/timex#d http://ex.org/variable#59	1
http://ex.org/variable#157 http://www.ibm.com/timex#d http://ex.org/variable#60	1
http://ex.org/variable#157 http://www.ibm.com/timex#d http://ex.org/variable#61	1
http://ex.org/variable#157 http://www.ibm.com/timex#b http://ex.org/variable#62	1
http://ex.org/variable#157 http://www.ibm.com/timex#d http://ex.org/variable#63	1
http://ex.org/variable#157 http://www.ibm.com/timex#d http://ex.org/variable#64	1
http://ex.org/variable#157 http://www.ibm.com/timex#o_d_s http://ex.org/variable#65	1
http://ex.org/variable#157 http://www.ibm.com/timex#d http://ex.org/variable#66	1
http://ex.org/variable#157 http://www.ibm.com/timex#o http://ex.org/variable#67	1
http://ex.org/variable#157 http://www.ibm.com/timex#b http://ex.org/variable#68	1
http://ex.org/variable#157 http://www.ibm.com/timex#b http://ex.org/variable#69	1
http://ex.org/variable#157 http://www.ibm.com/timex#o http://ex.org/variable#70	1
http://ex.org/variable#157 http://www.ibm.com/timex#d http://ex.org/variable#71	1
http://ex.org/variable#157 http://www.ibm.com/timex#b http://ex.org/variable#72	1
http://ex.org/variable#157 http://www.ibm.com/timex#o http://ex.org/variable#73	1
http://ex.org/variable#157 http://www.ibm.com/timex#o http://ex.org/variable#74	1
http://ex.org/variable#157 http://www.ibm.com/timex#d http://ex.org/variable#75	1
http://ex.org/variable#157 http://www.ibm.com/timex#b http://ex.org/variable#76	1
http://ex.org/variable#157 http://www.ibm.com/timex#b_m http://ex.org/variable#77	1
http://ex.org/variable#157 http://www.ibm.com/timex#b http://ex.org/variable#78	1
http://ex.org/variable#157 http://www.ibm.com/timex#d http://ex.org/variable#79	1
http://ex.org/variable#157 http://www.ibm.com/timex#d http://ex.org/variable#80	1
http://ex.org/variable#157 http://www.ibm.com/timex#d http://ex.org/variable#81	1
http://ex.org/variable#157 http://www.ibm.com/timex#b_m http://ex.org/variable#82	1
http://ex.org/variable#157 http://www.ibm.com/timex#d http://ex.org/variable#83	1
http://ex.org/variable#157 http://www.ibm.com/timex#b http://ex.org/variable#84	1
http://ex.org/variable#157 http://www.ibm.com/timex#b http://ex.org/variable#85	1
http://ex.org/variable#157 http://www.ibm.com/timex#d http://ex.org/variable#86	1
http://ex.org/variable#157 http://www.ibm.com/timex#b http://ex.org/variable#87	1
http://ex.org/variable#157 http://www.ibm.com/timex#b http://ex.org/variable#88	1
http://ex.org/variable#157 http://www.ibm.com/timex#b http://ex.org/variable#89	1
http://ex.org/variable#157 http://www.ibm.com/timex#b http://ex.org/variable#90	1
http://ex.org/variable#157 http://www.ibm.com/timex#o_d_s http://ex.org/variable#91	1
http://ex.org/variable#157 http://www.ibm.com/timex#b http://ex.org/variable#92	1
http://ex.org/variable#157 http://www.ibm.com/timex#b http://ex.org/variable#93	1
http://ex.org/variable#157 http://www.ibm.com/timex#d http://ex.org/variable#94	1
http://ex.org/variable#157 http://www.ibm.com/timex#b http://ex.org/variable#95	1
http://ex.org/variable#157 http://www.ibm.com/timex#b_m http://ex.org/variable#96	1
http://ex.org/variable#157 http://www.ibm.com/timex#b http://ex.org/variable#97	1
http://ex.org/variable#157 http://www.ibm.com/timex#b http://ex.org/variable#98	1
http://ex.org/variable#157 http://www.ibm.com/timex#b http://ex.org/variable#99	1
http://ex.org/variable#157 http://www.ibm.com/timex#d http://ex.org/variable#100	1
http://ex.org/variable#157 http://www.ibm.com/timex#b http://ex.org/variable#101	1
http://ex.org/variable#157 http://www.ibm.com/timex#b http://ex.org/variable#102	1
http://ex.org/variable#157 http://www.ibm.com/timex#d http://ex.org/variable#103	1
http://ex.org/variable#157 http://www.ibm.com/timex#b http://ex.org/variable#104	1
http://ex.org/variable#157 http://www.ibm.com/timex#o http://ex.org/variable#105	1
http://ex.org/variable#157 http://www.ibm.com/timex#d http://ex.org/variable#106	1
http://ex.org/variable#157 http://www.ibm.com/timex#b http://ex.org/variable#107	1
http://ex.org/variable#157 http://www.ibm.com/timex#b http://ex.org/variable#108	1
http://ex.org/variable#157 http://www.ibm.com/timex#b http://ex.org/variable#109	1
http://ex.org/variable#157 http://www.ibm.com/timex#d http://ex.org/variable#110	1
http://ex.org/variable#157 http://www.ibm.com/timex#b http://ex.org/variable#111	1
http://ex.org/variable#157 http://www.ibm.com/timex#d http://ex.org/variable#112	1
http://ex.org/variable#157 http://www.ibm.com/timex#b http://ex.org/variable#113	1
http://ex.org/variable#157 http://www.ibm.com/timex#d http://ex.org/variable#114	1
http://ex.org/variable#157 http://www.ibm.com/timex#b http://ex.org/variable#115	1
http://ex.org/variable#157 http://www.ibm.com/timex#b http://ex.org/variable#116	1
http://ex.org/variable#157 http://www.ibm.com/timex#d http://ex.org/variable#117	1
http://ex.org/variable#157 http://www.ibm.com/timex#d http://ex.org/variable#118	1
http://ex.org/variable#157 http://www.ibm.com/timex#d http://ex.org/variable#119	1
http://ex.org/variable#157 http://www.ibm.com/timex#o_d_s http://ex.org/variable#120	1
http://ex.org/variable#157 http://www.ibm.com/timex#b http://ex.org/variable#121	1
http://ex.org/variable#157 http://www.ibm.com/timex#d http://ex.org/variable#122	1
http://ex.org/variable#157 http://www.ibm.com/timex#b http://ex.org/variable#123	1
http://ex.org/variable#157 http://www.ibm.com/timex#d http://ex.org/variable#124	1
http://ex.org/variable#157 http://www.ibm.com/timex#d http://ex.org/variable#125	1
http://ex.org/variable#157 http://www.ibm.com/timex#b http://ex.org/variable#126	1
http://ex.org/variable#157 http://www.ibm.com/timex#b http://ex.org/variable#127	1
http://ex.org/variable#157 http://www.ibm.com/timex#b http://ex.org/variable#128	1
http://ex.org/variable#157 http://www.ibm.com/timex#d http://ex.org/variable#129	1
http://ex.org/variable#157 http://www.ibm.com/timex#b http://ex.org/variable#130	1
http://ex.org/variable#157 http://www.ibm.com/timex#b http://ex.org/variable#131	1
http://ex.org/variable#157 http://www.ibm.com/timex#d http://ex.org/variable#132	1
http://ex.org/variable#157 http://www.ibm.com/timex#b http://ex.org/variable#133	1
http://ex.org/variable#157 http://www.ibm.com/timex#d http://ex.org/variable#134	1
http://ex.org/variable#157 http://www.ibm.com/timex#o_d_s http://ex.org/variable#135	1
http://ex.org/variable#157 http://www.ibm.com/timex#o http://ex.org/variable#136	1
http://ex.org/variable#157 http://www.ibm.com/timex#b http://ex.org/variable#137	1
http://ex.org/variable#157 http://www.ibm.com/timex#b http://ex.org/variable#138	1
http://ex.org/variable#157 http://www.ibm.com/timex#b http://ex.org/variable#139	1
http://ex.org/variable#157 http://www.ibm.com/timex#b http://ex.org/variable#140	1
http://ex.org/variable#157 http://www.ibm.com/timex#d http://ex.org/variable#141	1
http://ex.org/variable#157 http://www.ibm.com/timex#d http://ex.org/variable#142	1
http://ex.org/variable#157 http://www.ibm.com/timex#d http://ex.org/variable#143	1
http://ex.org/variable#157 http://www.ibm.com/timex#b http://ex.org/variable#144	1
http://ex.org/variable#157 http://www.ibm.com/timex#b http://ex.org/variable#145	1
http://ex.org/variable#157 http://www.ibm.com/timex#b http://ex.org/variable#146	1
http://ex.org/variable#157 http://www.ibm.com/timex#d_s http://ex.org/variable#147	1
http://ex.org/variable#157 http://www.ibm.com/timex#b http://ex.org/variable#148	1
http://ex.org/variable#157 http://www.ibm.com/timex#d http://ex.org/variable#149	1
http://ex.org/variable#157 http://www.ibm.com/timex#b http://ex.org/variable#150	1
http://ex.org/variable#157 http://www.ibm.com/timex#b http://ex.org/variable#151	1
http://ex.org/variable#157 http://www.ibm.com/timex#d http://ex.org/variable#152	1
http://ex.org/variable#157 http://www.ibm.com/timex#o http://ex.org/variable#153	1
http://ex.org/variable#157 http://www.ibm.com/timex#b http://ex.org/variable#154	1
http://ex.org/variable#157 http://www.ibm.com/timex#d http://ex.org/variable#155	1
http://ex.org/variable#157 http://www.ibm.com/timex#o http://ex.org/variable#156	1
http://ex.org/variable#157 http://www.ibm.com/timex#d http://ex.org/variable#158	1
http://ex.org/variable#157 http://www.ibm.com/timex#b http://ex.org/variable#159	1
http://ex.org/variable#157 http://www.ibm.com/timex#b http://ex.org/variable#160	1
http://ex.org/variable#157 http://www.ibm.com/timex#b http://ex.org/variable#161	1
http://ex.org/variable#157 http://www.ibm.com/timex#d http://ex.org/variable#162	1
http://ex.org/variable#157 http://www.ibm.com/timex#b http://ex.org/variable#163	1
http://ex.org/variable#157 http://www.ibm.com/timex#b http://ex.org/variable#164	1
http://ex.org/variable#157 http://www.ibm.com/timex#b http://ex.org/variable#165	1
http://ex.org/variable#157 http://www.ibm.com/timex#d http://ex.org/variable#166	1
http://ex.org/variable#157 http://www.ibm.com/timex#d http://ex.org/variable#167	1
http://ex.org/variable#157 http://www.ibm.com/timex#b http://ex.org/variable#168	1
http://ex.org/variable#157 http://www.ibm.com/timex#d http://ex.org/variable#169	1
http://ex.org/variable#157 http://www.ibm.com/timex#b http://ex.org/variable#170	1
http://ex.org/variable#157 http://www.ibm.com/timex#d http://ex.org/variable#171	1
http://ex.org/variable#157 http://www.ibm.com/timex#oi http://ex.org/variable#172	1
http://ex.org/variable#157 http://www.ibm.com/timex#b http://ex.org/variable#173	1
http://ex.org/variable#157 http://www.ibm.com/timex#b http://ex.org/variable#174	1
http://ex.org/variable#157 http://www.ibm.com/timex#d http://ex.org/variable#175	1
http://ex.org/variable#157 http://www.ibm.com/timex#b http://ex.org/variable#176	1
http://ex.org/variable#157 http://www.ibm.com/timex#b http://ex.org/variable#177	1
http://ex.org/variable#157 http://www.ibm.com/timex#b http://ex.org/variable#178	1
http://ex.org/variable#157 http://www.ibm.com/timex#b http://ex.org/variable#179	1
http://ex.org/variable#157 http://www.ibm.com/timex#b http://ex.org/variable#180	1
http://ex.org/variable#157 http://www.ibm.com/timex#d http://ex.org/variable#181	1
http://ex.org/variable#157 http://www.ibm.com/timex#b http://ex.org/variable#182	1
http://ex.org/variable#157 http://www.ibm.com/timex#b http://ex.org/variable#183	1
http://ex.org/variable#157 http://www.ibm.com/timex#d http://ex.org/variable#184	1
http://ex.org/variable#157 http://www.ibm.com/timex#b http://ex.org/variable#185	1
http://ex.org/variable#157 http://www.ibm.com/timex#b http://ex.org/variable#186	1
http://ex.org/variable#157 http://www.ibm.com/timex#d http://ex.org/variable#187	1
http://ex.org/variable#157 http://www.ibm.com/timex#b http://ex.org/variable#188	1
http://ex.org/variable#157 http://www.ibm.com/timex#b http://ex.org/variable#189	1
http://ex.org/variable#158 http://www.ibm.com/timex#o http://ex.org/variable#0	1
http://ex.org/variable#158 http://www.ibm.com/timex#b http://ex.org/variable#1	1
http://ex.org/variable#158 http://www.ibm.com/timex#o http://ex.org/variable#2	1
http://ex.org/variable#158 http://www.ibm.com/timex#o http://ex.org/variable#3	1
http://ex.org/variable#158 http://www.ibm.com/timex#o http://ex.org/variable#4	1
http://ex.org/variable#158 http://www.ibm.com/timex#di http://ex.org/variable#5	1
http://ex.org/variable#158 http://www.ibm.com/timex#o http://ex.org/variable#6	1
http://ex.org/variable#158 http://www.ibm.com/timex#o http://ex.org/variable#7	1
http://ex.org/variable#158 http://www.ibm.com/timex#oi http://ex.org/variable#8	1
http://ex.org/variable#158 http://www.ibm.com/timex#o http://ex.org/variable#9	1
http://ex.org/variable#158 http://www.ibm.com/timex#o http://ex.org/variable#10	1
http://ex.org/variable#158 http://www.ibm.com/timex#s http://ex.org/variable#11	1
http://ex.org/variable#158 http://www.ibm.com/timex#d http://ex.org/variable#12	1
http://ex.org/variable#158 http://www.ibm.com/timex#oi http://ex.org/variable#13	1
http://ex.org/variable#158 http://www.ibm.com/timex#o http://ex.org/variable#14	1
http://ex.org/variable#158 http://www.ibm.com/timex#d http://ex.org/variable#15	1
http://ex.org/variable#158 http://www.ibm.com/timex#o http://ex.org/variable#16	1
http://ex.org/variable#158 http://www.ibm.com/timex#b http://ex.org/variable#17	1
http://ex.org/variable#158 http://www.ibm.com/timex#o http://ex.org/variable#18	1
http://ex.org/variable#158 http://www.ibm.com/timex#oi http://ex.org/variable#19	1
http://ex.org/variable#158 http://www.ibm.com/timex#d http://ex.org/variable#20	1
http://ex.org/variable#158 http://www.ibm.com/timex#b http://ex.org/variable#21	1
http://ex.org/variable#158 http://www.ibm.com/timex#o http://ex.org/variable#22	1
http://ex.org/variable#158 http://www.ibm.com/timex#di http://ex.org/variable#23	1
http://ex.org/variable#158 http://www.ibm.com/timex#d http://ex.org/variable#24	1
http://ex.org/variable#158 http://www.ibm.com/timex#oi http://ex.org/variable#25	1
http://ex.org/variable#158 http://www.ibm.com/timex#b http://ex.org/variable#26	1
http://ex.org/variable#158 http://www.ibm.com/timex#oi http://ex.org/variable#27	1
http://ex.org/variable#158 http://www.ibm.com/timex#o http://ex.org/variable#28	1
http://ex.org/variable#158 http://www.ibm.com/timex#o http://ex.org/variable#29	1
http://ex.org/variable#158 http://www.ibm.com/timex#di http://ex.org/variable#30	1
http://ex.org/variable#158 http://www.ibm.com/timex#oi http://ex.org/variable#31	1
http://ex.org/variable#158 http://www.ibm.com/timex#oi http://ex.org/variable#32	1
http://ex.org/variable#158 http://www.ibm.com/timex#b http://ex.org/variable#33	1
http://ex.org/variable#158 http://www.ibm.com/timex#s http://ex.org/variable#34	1
http://ex.org/variable#158 http://www.ibm.com/timex#di http://ex.org/variable#35	1
http://ex.org/variable#158 http://www.ibm.com/timex#oi http://ex.org/variable#36	1
http://ex.org/variable#158 http://www.ibm.com/timex#oi http://ex.org/variable#37	1
http://ex.org/variable#158 http://www.ibm.com/timex#d http://ex.org/variable#38	1
http://ex.org/variable#158 http://www.ibm.com/timex#b http://ex.org/variable#39	1
http://ex.org/variable#158 http://www.ibm.com/timex#d http://ex.org/variable#40	1
http://ex.org/variable#158 http://www.ibm.com/timex#o http://ex.org/variable#41	1
http://ex.org/variable#158 http://www.ibm.com/timex#o http://ex.org/variable#42	1
http://ex.org/variable#158 http://www.ibm.com/timex#d http://ex.org/variable#43	1
http://ex.org/variable#158 http://www.ibm.com/timex#d http://ex.org/variable#44	1
http://ex.org/variable#158 http://www.ibm.com/timex#o http://ex.org/variable#45	1
http://ex.org/variable#158 http://www.ibm.com/timex#d http://ex.org/variable#46	1
http://ex.org/variable#158 http://www.ibm.com/timex#d http://ex.org/variable#47	1
http://ex.org/variable#158 http://www.ibm.com/timex#b http://ex.org/variable#48	1
http://ex.org/variable#158 http://www.ibm.com/timex#oi http://ex.org/variable#49	1
http://ex.org/variable#158 http://www.ibm.com/timex#o http://ex.org/variable#50	1
http://ex.org/variable#158 http://www.ibm.com/timex#b http://ex.org/variable#51	1
http://ex.org/variable#158 http://www.ibm.com/timex#d http://ex.org/variable#52	1
http://ex.org/variable#158 http://www.ibm.com/timex#d http://ex.org/variable#53	1
http://ex.org/variable#158 http://www.ibm.com/timex#o http://ex.org/variable#54	1
http://ex.org/variable#158 http://www.ibm.com/timex#o http://ex.org/variable#55	1
http://ex.org/variable#158 http://www.ibm.com/timex#di http://ex.org/variable#56	1
http://ex.org/variable#158 http://www.ibm.com/timex#d http://ex.org/variable#57	1
http://ex.org/variable#158 http://www.ibm.com/timex#o_s http://ex.org/variable#58	1
http://ex.org/variable#158 http://www.ibm.com/timex#s http://ex.org/variable#59	1
http://ex.org/variable#158 http://www.ibm.com/timex#d http://ex.org/variable#60	1
http://ex.org/variable#158 http://www.ibm.com/timex#d http://ex.org/variable#61	1
http://ex.org/variable#158 http://www.ibm.com/timex#o http://ex.org/variable#62	1
http://ex.org/variable#158 http://www.ibm.com/timex#d http://ex.org/variable#63	1
http://ex.org/variable#158 http://www.ibm.com/timex#d http://ex.org/variable#64	1
http://ex.org/variable#158 http://www.ibm.com/timex#di http://ex.org/variable#65	1
http://ex.org/variable#158 http://www.ibm.com/timex#oi http://ex.org/variable#66	1
http://ex.org/variable#158 http://www.ibm.com/timex#o http://ex.org/variable#67	1
http://ex.org/variable#158 http://www.ibm.com/timex#o http://ex.org/variable#68	1
http://ex.org/variable#158 http://www.ibm.com/timex#o http://ex.org/variable#69	1
http://ex.org/variable#158 http://www.ibm.com/timex#o http://ex.org/variable#70	1
http://ex.org/variable#158 http://www.ibm.com/timex#d http://ex.org/variable#71	1
http://ex.org/variable#158 http://www.ibm.com/timex#o http://ex.org/variable#72	1
http://ex.org/variable#158 http://www.ibm.com/timex#o http://ex.org/variable#73	1
http://ex.org/variable#158 http://www.ibm.com/timex#o http://ex.org/variable#74	1
http://ex.org/variable#158 http://www.ibm.com/timex#s http://ex.org/variable#75	1
http://ex.org/variable#158 http://www.ibm.com/timex#o http://ex.org/variable#76	1
http://ex.org/variable#158 http://www.ibm.com/timex#o http://ex.org/variable#77	1
http://ex.org/variable#158 http://www.ibm.com/timex#o http://ex.org/variable#78	1
http://ex.org/variable#158 http://www.ibm.com/timex#oi_d_f http://ex.org/variable#79	1
http://ex.org/variable#158 http://www.ibm.com/timex#d http://ex.org/variable#80	1
http://ex.org/variable#158 http://www.ibm.com/timex#d http://ex.org/variable#81	1
http://ex.org/variable#158 http://www.ibm.com/timex#di http://ex.org/variable#82	1
http://ex.org/variable#158 http://www.ibm.com/timex#d http://ex.org/variable#83	1
http://ex.org/variable#158 http://www.ibm.com/timex#o http://ex.org/variable#84	1
http://ex.org/variable#158 http://www.ibm.com/timex#b http://ex.org/variable#85	1
http://ex.org/variable#158 http://www.ibm.com/timex#d http://ex.org/variable#86	1
http://ex.org/variable#158 http://www.ibm.com/timex#o http://ex.org/variable#87	1
http://ex.org/variable#158 http://www.ibm.com/timex#b http://ex.org/variable#88	1
http://ex.org/variable#158 http://www.ibm.com/timex#o http://ex.org/variable#89	1
http://ex.org/variable#158 http://www.ibm.com/timex#o http://ex.org/variable#90	1
http://ex.org/variable#158 http://www.ibm.com/timex#o http://ex.org/variable#91	1
http://ex.org/variable#158 http://www.ibm.com/timex#o http://ex.org/variable#92	1
http://ex.org/variable#158 http://www.ibm.com/timex#o http://ex.org/variable#93	1
http://ex.org/variable#158 http://www.ibm.com/timex#d http://ex.org/variable#94	1
http://ex.org/variable#158 http://www.ibm.com/timex#di http://ex.org/variable#95	1
http://ex.org/variable#158 http://www.ibm.com/timex#di http://ex.org/variable#96	1
http://ex.org/variable#158 http://www.ibm.com/timex#o http://ex.org/variable#97	1
http://ex.org/variable#158 http://www.ibm.com/timex#b http://ex.org/variable#98	1
http://ex.org/variable#158 http://www.ibm.com/timex#b http://ex.org/variable#99	1
http://ex.org/variable#158 http://www.ibm.com/timex#oi http://ex.org/variable#100	1
http://ex.org/variable#158 http://www.ibm.com/timex#o http://ex.org/variable#101	1
http://ex.org/variable#158 http://www.ibm.com/timex#b_m http://ex.org/variable#102	1
http://ex.org/variable#158 http://www.ibm.com/timex#d http://ex.org/variable#103	1
http://ex.org/variable#158 http://www.ibm.com/timex#b http://ex.org/variable#104	1
http://ex.org/variable#158 http://www.ibm.com/timex#o http://ex.org/variable#105	1
http://ex.org/variable#158 http://www.ibm.com/timex#d http://ex.org/variable#106	1
http://ex.org/variable#158 http://www.ibm.com/timex#o http://ex.org/variable#107	1
http://ex.org/variable#158 http://www.ibm.com/timex#o_di_fi http://ex.org/variable#108	1
http://ex.org/variable#158 http://www.ibm.com/timex#b_m_o http://ex.org/variable#109	1
http://ex.org/variable#158 http://www.ibm.com/timex#d http://ex.org/variable#110	1
http://ex.org/variable#158 http://www.ibm.com/timex#o http://ex.org/variable#111	1
http://ex.org/variable#158 http://www.ibm.com/timex#d http://ex.org/variable#112	1
http://ex.org/variable#158 http://www.ibm.com/timex#di http://ex.org/variable#113	1
http://ex.org/variable#158 http://www.ibm.com/timex#s http://ex.org/variable#114	1
http://ex.org/variable#158 http://www.ibm.com/timex#b http://ex.org/variable#115	1
http://ex.org/variable#158 http://www.ibm.com/timex#o http://ex.org/variable#116	1
http://ex.org/variable#158 http://www.ibm.com/timex#oi http://ex.org/variable#117	1
http://ex.org/variable#158 http://www.ibm.com/timex#d http://ex.org/variable#118	1
http://ex.org/variable#158 http://www.ibm.com/timex#d http://ex.org/variable#119	1
http://ex.org/variable#158 http://www.ibm.com/timex#di http://ex.org/variable#120	1
http://ex.org/variable#158 http://www.ibm.com/timex#b http://ex.org/variable#121	1
http://ex.org/variable#158 http://www.ibm.com/timex#d http://ex.org/variable#122	1
http://ex.org/variable#158 http://www.ibm.com/timex#o http://ex.org/variable#123	1
http://ex.org/variable#158 http://www.ibm.com/timex#oi http://ex.org/variable#124	1
http://ex.org/variable#158 http://www.ibm.com/timex#oi http://ex.org/variable#125	1
http://ex.org/variable#158 http://www.ibm.com/timex#o http://ex.org/variable#126	1
http://ex.org/variable#158 http://www.ibm.com/timex#b http://ex.org/variable#127	1
http://ex.org/variable#158 http://www.ibm.com/timex#o http://ex.org/variable#128	1
http://ex.org/variable#158 http://www.ibm.com/timex#oi http://ex.org/variable#129	1
http://ex.org/variable#158 http://www.ibm.com/timex#di http://ex.org/variable#130	1
http://ex.org/variable#158 http://www.ibm.com/timex#b http://ex.org/variable#131	1
http://ex.org/variable#158 http://www.ibm.com/timex#d http://ex.org/variable#132	1
http://ex.org/variable#158 http://www.ibm.com/timex#o http://ex.org/variable#133	1
http://ex.org/variable#158 http://www.ibm.com/timex#oi http://ex.org/variable#134	1
http://ex.org/variable#158 http://www.ibm.com/timex#o http://ex.org/variable#135	1
http://ex.org/variable#158 http://www.ibm.com/timex#o http://ex.org/variable#136	1
http://ex.org/variable#158 http://www.ibm.com/timex#di http://ex.org/variable#137	1
http://ex.org/variable#158 http://www.ibm.com/timex#b http://ex.org/variable#138	1
http://ex.org/variable#158 http://www.ibm.com/timex#di http://ex.org/variable#139	1
http://ex.org/variable#158 http://www.ibm.com/timex#di http://ex.org/variable#140	1
http://ex.org/variable#158 http://www.ibm.com/timex#d http://ex.org/variable#141	1
http://ex.org/variable#158 http://www.ibm.com/timex#d http://ex.org/variable#142	1
http://ex.org/variable#158 http://www.ibm.com/timex#d http://ex.org/variable#143	1
http://ex.org/variable#158 http://www.ibm.com/timex#o http://ex.org/variable#144	1
http://ex.org/variable#158 http://www.ibm.com/timex#b http://ex.org/variable#145	1
http://ex.org/variable#158 http://www.ibm.com/timex#o http://ex.org/variable#146	1
http://ex.org/variable#158 http://www.ibm.com/timex#o http://ex.org/variable#147	1
http://ex.org/variable#158 http://www.ibm.com/timex#o http://ex.org/variable#148	1
http://ex.org/variable#158 http://www.ibm.com/timex#oi http://ex.org/variable#149	1
http://ex.org/variable#158 http://www.ibm.com/timex#b http://ex.org/variable#150	1
http://ex.org/variable#158 http://www.ibm.com/timex#o http://ex.org/variable#151	1
http://ex.org/variable#158 http://www.ibm.com/timex#oi http://ex.org/variable#152	1
http://ex.org/variable#158 http://www.ibm.com/timex#o http://ex.org/variable#153	1
http://ex.org/variable#158 http://www.ibm.com/timex#di http://ex.org/variable#154	1
http://ex.org/variable#158 http://www.ibm.com/timex#d http://ex.org/variable#155	1
http://ex.org/variable#158 http://www.ibm.com/timex#o http://ex.org/variable#156	1
http://ex.org/variable#158 http://www.ibm.com/timex#di http://ex.org/variable#157	1
http://ex.org/variable#158 http://www.ibm.com/timex#o http://ex.org/variable#159	1
http://ex.org/variable#158 http://www.ibm.com/timex#o http://ex.org/variable#160	1
http://ex.org/variable#158 http://www.ibm.com/timex#di http://ex.org/variable#161	1
http://ex.org/variable#158 http://www.ibm.com/timex#si http://ex.org/variable#162	1
http://ex.org/variable#158 http://www.ibm.com/timex#o http://ex.org/variable#163	1
http://ex.org/variable#158 http://www.ibm.com/timex#o http://ex.org/variable#164	1
http://ex.org/variable#158 http://www.ibm.com/timex#di http://ex.org/variable#165	1
http://ex.org/variable#158 http://www.ibm.com/timex#d_f http://ex.org/variable#166	1
http://ex.org/variable#158 http://www.ibm.com/timex#d http://ex.org/variable#167	1
http://ex.org/variable#158 http://www.ibm.com/timex#o http://ex.org/variable#168	1
http://ex.org/variable#158 http://www.ibm.com/timex#d http://ex.org/variable#169	1
http://ex.org/variable#158 http://www.ibm.com/timex#b http://ex.org/variable#170	1
http://ex.org/variable#158 http://www.ibm.com/timex#d_f http://ex.org/variable#171	1
http://ex.org/variable#158 http://www.ibm.com/timex#oi http://ex.org/variable#172	1
http://ex.org/variable#158 http://www.ibm.com/timex#b http://ex.org/variable#173	1
http://ex.org/variable#158 http://www.ibm.com/timex#o http://ex.org/variable#174	1
http://ex.org/variable#158 http://www.ibm.com/timex#d http://ex.org/variable#175	1
http://ex.org/variable#158 http://www.ibm.com/timex#o http://ex.org/variable#176	1
http://ex.org/variable#158 http://www.ibm.com/timex#o http://ex.org/variable#177	1
http://ex.org/variable#158 http://www.ibm.com/timex#o http://ex.org/variable#178	1
http://ex.org/variable#158 http://www.ibm.com/timex#o http://ex.org/variable#179	1
http://ex.org/variable#158 http://www.ibm.com/timex#di http://ex.org/variable#180	1
http://ex.org/variable#158 http://www.ibm.com/timex#oi http://ex.org/variable#181	1
http://ex.org/variable#158 http://www.ibm.com/timex#di http://ex.org/variable#182	1
http://ex.org/variable#158 http://www.ibm.com/timex#b http://ex.org/variable#183	1
http://ex.org/variable#158 http://www.ibm.com/timex#d http://ex.org/variable#184	1
http://ex.org/variable#158 http://www.ibm.com/timex#o http://ex.org/variable#185	1
http://ex.org/variable#158 http://www.ibm.com/timex#o http://ex.org/variable#186	1
http://ex.org/variable#158 http://www.ibm.com/timex#d http://ex.org/variable#187	1
http://ex.org/variable#158 http://www.ibm.com/timex#o http://ex.org/variable#188	1
http://ex.org/variable#158 http://www.ibm.com/timex#o_fi http://ex.org/variable#189	1
http://ex.org/variable#159 http://www.ibm.com/timex#oi http://ex.org/variable#0	1
http://ex.org/variable#159 http://www.ibm.com/timex#di http://ex.org/variable#1	1
http://ex.org/variable#159 http://www.ibm.com/timex#oi http://ex.org/variable#2	1
http://ex.org/variable#159 http://www.ibm.com/timex#di http://ex.org/variable#3	1
http://ex.org/variable#159 http://www.ibm.com/timex#d http://ex.org/variable#4	1
http://ex.org/variable#159 http://www.ibm.com/timex#oi http://ex.org/variable#5	1
http://ex.org/variable#159 http://www.ibm.com/timex#di http://ex.org/variable#6	1
http://ex.org/variable#159 http://www.ibm.com/timex#oi http://ex.org/variable#7	1
http://ex.org/variable#159 http://www.ibm.com/timex#bi http://ex.org/variable#8	1
http://ex.org/variable#159 http://www.ibm.com/timex#o http://ex.org/variable#9	1
http://ex.org/variable#159 http://www.ibm.com/timex#oi http://ex.org/variable#10	1
http://ex.org/variable#159 http://www.ibm.com/timex#oi http://ex.org/variable#11	1
http://ex.org/variable#159 http://www.ibm.com/timex#oi http://ex.org/variable#12	1
http://ex.org/variable#159 http://www.ibm.com/timex#oi http://ex.org/variable#13	1
http://ex.org/variable#159 http://www.ibm.com/timex#di http://ex.org/variable#14	1
http://ex.org/variable#159 http://www.ibm.com/timex#oi http://ex.org/variable#15	1
http://ex.org/variable#159 http://www.ibm.com/timex#oi http://ex.org/variable#16	1
http://ex.org/variable#159 http://www.ibm.com/timex#di http://ex.org/variable#17	1
http://ex.org/variable#159 http://www.ibm.com/timex#oi http://ex.org/variable#18	1
http://ex.org/variable#159 http://www.ibm.com/timex#oi http://ex.org/variable#19	1
http://ex.org/variable#159 http://www.ibm.com/timex#d http://ex.org/variable#20	1
http://ex.org/variable#159 http://www.ibm.com/timex#di http://ex.org/variable#21	1
http://ex.org/variable#159 http://www.ibm.com/timex#d http://ex.org/variable#22	1
http://ex.org/variable#159 http://www.ibm.com/timex#oi http://ex.org/variable#23	1
http://ex.org/variable#159 http://www.ibm.com/timex#oi http://ex.org/variable#24	1
http://ex.org/variable#159 http://www.ibm.com/timex#bi http://ex.org/variable#25	1
http://ex.org/variable#159 http://www.ibm.com/timex#di http://ex.org/variable#26	1
http://ex.org/variable#159 http://www.ibm.com/timex#oi http://ex.org/variable#27	1
http://ex.org/variable#159 http://www.ibm.com/timex#di http://ex.org/variable#28	1
http://ex.org/variable#159 http://www.ibm.com/timex#oi http://ex.org/variable#29	1
http://ex.org/variable#159 http://www.ibm.com/timex#di http://ex.org/variable#30	1
http://ex.org/variable#159 http://www.ibm.com/timex#oi http://ex.org/variable#31	1
http://ex.org/variable#159 http://www.ibm.com/timex#mi_oi http://ex.org/variable#32	1
http://ex.org/variable#159 http://www.ibm.com/timex#o http://ex.org/variable#33	1
http://ex.org/variable#159 http://www.ibm.com/timex#oi http://ex.org/variable#34	1
http://ex.org/variable#159 http://www.ibm.com/timex#oi_di_si http://ex.org/variable#35	1
http://ex.org/variable#159 http://www.ibm.com/timex#oi http://ex.org/variable#36	1
http://ex.org/variable#159 http://www.ibm.com/timex#oi http://ex.org/variable#37	1
http://ex.org/variable#159 http://www.ibm.com/timex#oi http://ex.org/variable#38	1
http://ex.org/variable#159 http://www.ibm.com/timex#di http://ex.org/variable#39	1
http://ex.org/variable#159 http://www.ibm.com/timex#oi http://ex.org/variable#40	1
http://ex.org/variable#159 http://www.ibm.com/timex#oi http://ex.org/variable#41	1
http://ex.org/variable#159 http://www.ibm.com/timex#oi http://ex.org/variable#42	1
http://ex.org/variable#159 http://www.ibm.com/timex#oi http://ex.org/variable#43	1
http://ex.org/variable#159 http://www.ibm.com/timex#oi http://ex.org/variable#44	1
http://ex.org/variable#159 http://www.ibm.com/timex#o_d_s http://ex.org/variable#45	1
http://ex.org/variable#159 http://www.ibm.com/timex#oi http://ex.org/variable#46	1
http://ex.org/variable#159 http://www.ibm.com/timex#oi http://ex.org/variable#47	1
http://ex.org/variable#159 http://www.ibm.com/timex#di http://ex.org/variable#48	1
http://ex.org/variable#159 http://www.ibm.com/timex#oi http://ex.org/variable#49	1
http://ex.org/variable#159 http://www.ibm.com/timex#oi http://ex.org/variable#50	1
http://ex.org/variable#159 http://www.ibm.com/timex#di http://ex.org/variable#51	1
http://ex.org/variable#159 http://www.ibm.com/timex#oi http://ex.org/variable#52	1
http://ex.org/variable#159 http://www.ibm.com/timex#oi http://ex.org/variable#53	1
http://ex.org/variable#159 http://www.ibm.com/timex#oi http://ex.org/variable#54	1
http://ex.org/variable#159 http://www.ibm.com/timex#oi http://ex.org/variable#55	1
http://ex.org/variable#159 http://www.ibm.com/timex#oi http://ex.org/variable#56	1
http://ex.org/variable#159 http://www.ibm.com/timex#oi http://ex.org/variable#57	1
http://ex.org/variable#159 http://www.ibm.com/timex#oi http://ex.org/variable#58	1
http://ex.org/variable#159 http://www.ibm.com/timex#d http://ex.org/variable#59	1
http://ex.org/variable#159 http://www.ibm.com/timex#oi_f http://ex.org/variable#60	1
http://ex.org/variable#159 http://www.ibm.com/timex#oi http://ex.org/variable#61	1
http://ex.org/variable#159 http://www.ibm.com/timex#oi http://ex.org/variable#62	1
http://ex.org/variable#159 http://www.ibm.com/timex#oi http://ex.org/variable#63	1
http://ex.org/variable#159 http://www.ibm.com/timex#oi http://ex.org/variable#64	1
http://ex.org/variable#159 http://www.ibm.com/timex#bi http://ex.org/variable#65	1
http://ex.org/variable#159 http://www.ibm.com/timex#mi_oi http://ex.org/variable#66	1
http://ex.org/variable#159 http://www.ibm.com/timex#d http://ex.org/variable#67	1
http://ex.org/variable#159 http://www.ibm.com/timex#oi http://ex.org/variable#68	1
http://ex.org/variable#159 http://www.ibm.com/timex#oi http://ex.org/variable#69	1
http://ex.org/variable#159 http://www.ibm.com/timex#d http://ex.org/variable#70	1
http://ex.org/variable#159 http://www.ibm.com/timex#oi http://ex.org/variable#71	1
http://ex.org/variable#159 http://www.ibm.com/timex#oi http://ex.org/variable#72	1
http://ex.org/variable#159 http://www.ibm.com/timex#oi http://ex.org/variable#73	1
http://ex.org/variable#159 http://www.ibm.com/timex#oi http://ex.org/variable#74	1
http://ex.org/variable#159 http://www.ibm.com/timex#oi http://ex.org/variable#75	1
http://ex.org/variable#159 http://www.ibm.com/timex#oi http://ex.org/variable#76	1
http://ex.org/variable#159 http://www.ibm.com/timex#d http://ex.org/variable#77	1
http://ex.org/variable#159 http://www.ibm.com/timex#oi http://ex.org/variable#78	1
http://ex.org/variable#159 http://www.ibm.com/timex#oi http://ex.org/variable#79	1
http://ex.org/variable#159 http://www.ibm.com/timex#oi http://ex.org/variable#80	1
http://ex.org/variable#159 http://www.ibm.com/timex#oi http://ex.org/variable#81	1
http://ex.org/variable#159 http://www.ibm.com/timex#oi http://ex.org/variable#82	1
http://ex.org/variable#159 http://www.ibm.com/timex#oi http://ex.org/variable#83	1
http://ex.org/variable#159 http://www.ibm.com/timex#di http://ex.org/variable#84	1
http://ex.org/variable#159 http://www.ibm.com/timex#di http://ex.org/variable#85	1
http://ex.org/variable#159 http://www.ibm.com/timex#d http://ex.org/variable#86	1
http://ex.org/variable#159 http://www.ibm.com/timex#di http://ex.org/variable#87	1
http://ex.org/variable#159 http://www.ibm.com/timex#di http://ex.org/variable#88	1
http://ex.org/variable#159 http://www.ibm.com/timex#oi http://ex.org/variable#89	1
http://ex.org/variable#159 http://www.ibm.com/timex#oi http://ex.org/variable#90	1
http://ex.org/variable#159 http://www.ibm.com/timex#oi http://ex.org/variable#91	1
http://ex.org/variable#159 http://www.ibm.com/timex#o http://ex.org/variable#92	1
http://ex.org/variable#159 http://www.ibm.com/timex#oi http://ex.org/variable#93	1
http://ex.org/variable#159 http://www.ibm.com/timex#oi http://ex.org/variable#94	1
http://ex.org/variable#159 http://www.ibm.com/timex#di http://ex.org/variable#95	1
http://ex.org/variable#159 http://www.ibm.com/timex#bi http://ex.org/variable#96	1
http://ex.org/variable#159 http://www.ibm.com/timex#oi http://ex.org/variable#97	1
http://ex.org/variable#159 http://www.ibm.com/timex#di http://ex.org/variable#98	1
http://ex.org/variable#159 http://www.ibm.com/timex#di http://ex.org/variable#99	1
http://ex.org/variable#159 http://www.ibm.com/timex#bi http://ex.org/variable#100	1
http://ex.org/variable#159 http://www.ibm.com/timex#oi http://ex.org/variable#101	1
http://ex.org/variable#159 http://www.ibm.com/timex#di http://ex.org/variable#102	1
http://ex.org/variable#159 http://www.ibm.com/timex#oi http://ex.org/variable#103	1
http://ex.org/variable#159 http://www.ibm.com/timex#di http://ex.org/variable#104	1
http://ex.org/variable#159 http://www.ibm.com/timex#oi http://ex.org/variable#105	1
http://ex.org/variable#159 http://www.ibm.com/timex#oi http://ex.org/variable#106	1
http://ex.org/variable#159 http://www.ibm.com/timex#oi http://ex.org/variable#107	1
http://ex.org/variable#159 http://www.ibm.com/timex#oi_di_si http://ex.org/variable#108	1
http://ex.org/variable#159 http://www.ibm.com/timex#di http://ex.org/variable#109	1
http://ex.org/variable#159 http://www.ibm.com/timex#oi http://ex.org/variable#110	1
http://ex.org/variable#159 http://www.ibm.com/timex#oi http://ex.org/variable#111	1
http://ex.org/variable#159 http://www.ibm.com/timex#oi http://ex.org/variable#112	1
http://ex.org/variable#159 http://www.ibm.com/timex#di http://ex.org/variable#113	1
http://ex.org/variable#159 http://www.ibm.com/timex#oi http://ex.org/variable#114	1
http://ex.org/variable#159 http://www.ibm.com/timex#di http://ex.org/variable#115	1
http://ex.org/variable#159 http://www.ibm.com/timex#di http://ex.org/variable#116	1
http://ex.org/variable#159 http://www.ibm.com/timex#oi http://ex.org/variable#117	1
http://ex.org/variable#159 http://www.ibm.com/timex#oi http://ex.org/variable#118	1
http://ex.org/variable#159 http://www.ibm.com/timex#oi http://ex.org/variable#119	1
http://ex.org/variable#159 http://www.ibm.com/timex#oi http://ex.org/variable#120	1
http://ex.org/variable#159 http://www.ibm.com/timex#di http://ex.org/variable#121	1
http://ex.org/variable#159 http://www.ibm.com/timex#oi http://ex.org/variable#122	1
http://ex.org/variable#159 http://www.ibm.com/timex#oi http://ex.org/variable#123	1
http://ex.org/variable#159 http://www.ibm.com/timex#oi http://ex.org/variable#124	1
http://ex.org/variable#159 http://www.ibm.com/timex#oi http://ex.org/variable#125	1
http://ex.org/variable#159 http://www.ibm.com/timex#di http://ex.org/variable#126	1
http://ex.org/variable#159 http://www.ibm.com/timex#di http://ex.org/variable#127	1
http://ex.org/variable#159 http://www.ibm.com/timex#oi http://ex.org/variable#128	1
http://ex.org/variable#159 http://www.ibm.com/timex#oi http://ex.org/variable#129	1
http://ex.org/variable#159 http://www.ibm.com/timex#oi http://ex.org/variable#130	1
http://ex.org/variable#159 http://www.ibm.com/timex#fi http://ex.org/variable#131	1
http://ex.org/variable#159 http://www.ibm.com/timex#oi http://ex.org/variable#132	1
http://ex.org/variable#159 http://www.ibm.com/timex#o_d_s http://ex.org/variable#133	1
http://ex.org/variable#159 http://www.ibm.com/timex#oi http://ex.org/variable#134	1
http://ex.org/variable#159 http://www.ibm.com/timex#oi_f http://ex.org/variable#135	1
http://ex.org/variable#159 http://www.ibm.com/timex#d http://ex.org/variable#136	1
http://ex.org/variable#159 http://www.ibm.com/timex#oi http://ex.org/variable#137	1
http://ex.org/variable#159 http://www.ibm.com/timex#di http://ex.org/variable#138	1
http://ex.org/variable#159 http://www.ibm.com/timex#oi http://ex.org/variable#139	1
http://ex.org/variable#159 http://www.ibm.com/timex#oi http://ex.org/variable#140	1
http://ex.org/variable#159 http://www.ibm.com/timex#oi_d_f http://ex.org/variable#141	1
http://ex.org/variable#159 http://www.ibm.com/timex#oi http://ex.org/variable#142	1
http://ex.org/variable#159 http://www.ibm.com/timex#oi http://ex.org/variable#143	1
http://ex.org/variable#159 http://www.ibm.com/timex#oi http://ex.org/variable#144	1
http://ex.org/variable#159 http://www.ibm.com/timex#di http://ex.org/variable#145	1
http://ex.org/variable#159 http://www.ibm.com/timex#d http://ex.org/variable#146	1
http://ex.org/variable#159 http://www.ibm.com/timex#oi http://ex.org/variable#147	1
http://ex.org/variable#159 http://www.ibm.com/timex#oi http://ex.org/variable#148	1
http://ex.org/variable#159 http://www.ibm.com/timex#bi_mi_oi http://ex.org/variable#149	1
http://ex.org/variable#159 http://www.ibm.com/timex#o http://ex.org/variable#150	1
http://ex.org/variable#159 http://www.ibm.com/timex#oi http://ex.org/variable#151	1
http://ex.org/variable#159 http://www.ibm.com/timex#bi http://ex.org/variable#152	1
http://ex.org/variable#159 http://www.ibm.com/timex#oi http://ex.org/variable#153	1
http://ex.org/variable#159 http://www.ibm.com/timex#oi http://ex.org/variable#154	1
http://ex.org/variable#159 http://www.ibm.com/timex#oi http://ex.org/variable#155	1
http://ex.org/variable#159 http://www.ibm.com/timex#oi http://ex.org/variable#156	1
http://ex.org/variable#159 http://www.ibm.com/timex#bi http://ex.org/variable#157	1
http://ex.org/variable#159 http://www.ibm.com/timex#oi http://ex.org/variable#158	1
http://ex.org/variable#159 http://www.ibm.com/timex#oi http://ex.org/variable#160	1
http://ex.org/variable#159 http://www.ibm.com/timex#oi http://ex.org/variable#161	1
http://ex.org/variable#159 http://www.ibm.com/timex#oi http://ex.org/variable#162	1
http://ex.org/variable#159 http://www.ibm.com/timex#di http://ex.org/variable#163	1
http://ex.org/variable#159 http://www.ibm.com/timex#oi http://ex.org/variable#164	1
http://ex.org/variable#159 http://www.ibm.com/timex#oi http://ex.org/variable#165	1
http://ex.org/variable#159 http://www.ibm.com/timex#oi http://ex.org/variable#166	1
http://ex.org/variable#159 http://www.ibm.com/timex#oi http://ex.org/variable#167	1
http://ex.org/variable#159 http://www.ibm.com/timex#di http://ex.org/variable#168	1
http://ex.org/variable#159 http://www.ibm.com/timex#oi http://ex.org/variable#169	1
http://ex.org/variable#159 http://www.ibm.com/timex#di http://ex.org/variable#170	1
http://ex.org/variable#159 http://www.ibm.com/timex#oi http://ex.org/variable#171	1
http://ex.org/variable#159 http://www.ibm.com/timex#bi http://ex.org/variable#172	1
http://ex.org/variable#159 http://www.ibm.com/timex#di http://ex.org/variable#173	1
http://ex.org/variable#159 http://www.ibm.com/timex#di http://ex.org/variable#174	1
http://ex.org/variable#159 http://www.ibm.com/timex#oi http://ex.org/variable#175	1
http://ex.org/variable#159 http://www.ibm.com/timex#eq http://ex.org/variable#176	1
http://ex.org/variable#159 http://www.ibm.com/timex#oi http://ex.org/variable#177	1
http://ex.org/variable#159 http://www.ibm.com/timex#d http://ex.org/variable#178	1
http://ex.org/variable#159 http://www.ibm.com/timex#si http://ex.org/variable#179	1
http://ex.org/variable#159 http://www.ibm.com/timex#bi http://ex.org/variable#180	1
http://ex.org/variable#159 http://www.ibm.com/timex#bi http://ex.org/variable#181	1
http://ex.org/variable#159 http://www.ibm.com/timex#di http://ex.org/variable#182	1
http://ex.org/variable#159 http://www.ibm.com/timex#di http://ex.org/variable#183	1
http://ex.org/variable#159 http://www.ibm.com/timex#oi http://ex.org/variable#184	1
http://ex.org/variable#159 http://www.ibm.com/timex#oi http://ex.org/variable#185	1
http://ex.org/variable#159 http://www.ibm.com/timex#di http://ex.org/variable#186	1
http://ex.org/variable#159 http://www.ibm.com/timex#oi http://ex.org/variable#187	1
http://ex.org/variable#159 http://www.ibm.com/timex#di http://ex.org/variable#188	1
http://ex.org/variable#159 http://www.ibm.com/timex#oi http://ex.org/variable#189	1
http://ex.org/variable#160 http://www.ibm.com/timex#o http://ex.org/variable#0	1
http://ex.org/variable#160 http://www.ibm.com/timex#o http://ex.org/variable#1	1
http://ex.org/variable#160 http://www.ibm.com/timex#d http://ex.org/variable#2	1
http://ex.org/variable#160 http://www.ibm.com/timex#di http://ex.org/variable#3	1
http://ex.org/variable#160 http://www.ibm.com/timex#o http://ex.org/variable#4	1
http://ex.org/variable#160 http://www.ibm.com/timex#oi http://ex.org/variable#5	1
http://ex.org/variable#160 http://www.ibm.com/timex#di http://ex.org/variable#6	1
http://ex.org/variable#160 http://www.ibm.com/timex#o http://ex.org/variable#7	1
http://ex.org/variable#160 http://www.ibm.com/timex#bi http://ex.org/variable#8	1
http://ex.org/variable#160 http://www.ibm.com/timex#o http://ex.org/variable#9	1
http://ex.org/variable#160 http://www.ibm.com/timex#o_di_fi http://ex.org/variable#10	1
http://ex.org/variable#160 http://www.ibm.com/timex#d http://ex.org/variable#11	1
http://ex.org/variable#160 http://www.ibm.com/timex#d http://ex.org/variable#12	1
http://ex.org/variable#160 http://www.ibm.com/timex#oi http://ex.org/variable#13	1
http://ex.org/variable#160 http://www.ibm.com/timex#di http://ex.org/variable#14	1
http://ex.org/variable#160 http://www.ibm.com/timex#oi http://ex.org/variable#15	1
http://ex.org/variable#160 http://www.ibm.com/timex#oi http://ex.org/variable#16	1
http://ex.org/variable#160 http://www.ibm.com/timex#di http://ex.org/variable#17	1
http://ex.org/variable#160 http://www.ibm.com/timex#oi http://ex.org/variable#18	1
http://ex.org/variable#160 http://www.ibm.com/timex#oi http://ex.org/variable#19	1
http://ex.org/variable#160 http://www.ibm.com/timex#d http://ex.org/variable#20	1
http://ex.org/variable#160 http://www.ibm.com/timex#o http://ex.org/variable#21	1
http://ex.org/variable#160 http://www.ibm.com/timex#d http://ex.org/variable#22	1
http://ex.org/variable#160 http://www.ibm.com/timex#oi http://ex.org/variable#23	1
http://ex.org/variable#160 http://www.ibm.com/timex#d http://ex.org/variable#24	1
http://ex.org/variable#160 http://www.ibm.com/timex#bi http://ex.org/variable#25	1
http://ex.org/variable#160 http://www.ibm.com/timex#di http://ex.org/variable#26	1
http://ex.org/variable#160 http://www.ibm.com/timex#oi http://ex.org/variable#27	1
http://ex.org/variable#160 http://www.ibm.com/timex#di http://ex.org/variable#28	1
http://ex.org/variable#160 http://www.ibm.com/timex#o http://ex.org/variable#29	1
http://ex.org/variable#160 http://www.ibm.com/timex#di http://ex.org/variable#30	1
http://ex.org/variable#160 http://www.ibm.com/timex#oi http://ex.org/variable#31	1
http://ex.org/variable#160 http://www.ibm.com/timex#oi http://ex.org/variable#32	1
http://ex.org/variable#160 http://www.ibm.com/timex#o http://ex.org/variable#33	1
http://ex.org/variable#160 http://www.ibm.com/timex#oi http://ex.org/variable#34	1
http://ex.org/variable#160 http://www.ibm.com/timex#di http://ex.org/variable#35	1
http://ex.org/variable#160 http://www.ibm.com/timex#oi http://ex.org/variable#36	1
http://ex.org/variable#160 http://www.ibm.com/timex#oi http://ex.org/variable#37	1
http://ex.org/variable#160 http://www.ibm.com/timex#oi http://ex.org/variable#38	1
http://ex.org/variable#160 http://www.ibm.com/timex#di http://ex.org/variable#39	1
http://ex.org/variable#160 http://www.ibm.com/timex#oi http://ex.org/variable#40	1
http://ex.org/variable#160 http://www.ibm.com/timex#d http://ex.org/variable#41	1
http://ex.org/variable#160 http://www.ibm.com/timex#s http://ex.org/variable#42	1
http://ex.org/variable#160 http://www.ibm.com/timex#oi http://ex.org/variable#43	1
http://ex.org/variable#160 http://www.ibm.com/timex#oi http://ex.org/variable#44	1
http://ex.org/variable#160 http://www.ibm.com/timex#o http://ex.org/variable#45	1
http://ex.org/variable#160 http://www.ibm.com/timex#oi http://ex.org/variable#46	1
http://ex.org/variable#160 http://www.ibm.com/timex#oi http://ex.org/variable#47	1
http://ex.org/variable#160 http://www.ibm.com/timex#di http://ex.org/variable#48	1
http://ex.org/variable#160 http://www.ibm.com/timex#oi http://ex.org/variable#49	1
http://ex.org/variable#160 http://www.ibm.com/timex#o http://ex.org/variable#50	1
http://ex.org/variable#160 http://www.ibm.com/timex#di http://ex.org/variable#51	1
http://ex.org/variable#160 http://www.ibm.com/timex#oi http://ex.org/variable#52	1
http://ex.org/variable#160 http://www.ibm.com/timex#oi_d_f http://ex.org/variable#53	1
http://ex.org/variable#160 http://www.ibm.com/timex#oi http://ex.org/variable#54	1
http://ex.org/variable#160 http://www.ibm.com/timex#di http://ex.org/variable#55	1
http://ex.org/variable#160 http://www.ibm.com/timex#oi http://ex.org/variable#56	1
http://ex.org/variable#160 http://www.ibm.com/timex#oi http://ex.org/variable#57	1
http://ex.org/variable#160 http://www.ibm.com/timex#oi http://ex.org/variable#58	1
http://ex.org/variable#160 http://www.ibm.com/timex#d http://ex.org/variable#59	1
http://ex.org/variable#160 http://www.ibm.com/timex#d http://ex.org/variable#60	1
http://ex.org/variable#160 http://www.ibm.com/timex#d http://ex.org/variable#61	1
http://ex.org/variable#160 http://www.ibm.com/timex#o http://ex.org/variable#62	1
http://ex.org/variable#160 http://www.ibm.com/timex#oi http://ex.org/variable#63	1
http://ex.org/variable#160 http://www.ibm.com/timex#d http://ex.org/variable#64	1
http://ex.org/variable#160 http://www.ibm.com/timex#bi http://ex.org/variable#65	1
http://ex.org/variable#160 http://www.ibm.com/timex#oi http://ex.org/variable#66	1
http://ex.org/variable#160 http://www.ibm.com/timex#d http://ex.org/variable#67	1
http://ex.org/variable#160 http://www.ibm.com/timex#s http://ex.org/variable#68	1
http://ex.org/variable#160 http://www.ibm.com/timex#si http://ex.org/variable#69	1
http://ex.org/variable#160 http://www.ibm.com/timex#d http://ex.org/variable#70	1
http://ex.org/variable#160 http://www.ibm.com/timex#oi http://ex.org/variable#71	1
http://ex.org/variable#160 http://www.ibm.com/timex#di http://ex.org/variable#72	1
http://ex.org/variable#160 http://www.ibm.com/timex#oi http://ex.org/variable#73	1
http://ex.org/variable#160 http://www.ibm.com/timex#d http://ex.org/variable#74	1
http://ex.org/variable#160 http://www.ibm.com/timex#oi http://ex.org/variable#75	1
http://ex.org/variable#160 http://www.ibm.com/timex#oi http://ex.org/variable#76	1
http://ex.org/variable#160 http://www.ibm.com/timex#d http://ex.org/variable#77	1
http://ex.org/variable#160 http://www.ibm.com/timex#di http://ex.org/variable#78	1
http://ex.org/variable#160 http://www.ibm.com/timex#oi http://ex.org/variable#79	1
http://ex.org/variable#160 http://www.ibm.com/timex#d http://ex.org/variable#80	1
http://ex.org/variable#160 http://www.ibm.com/timex#oi http://ex.org/variable#81	1
http://ex.org/variable#160 http://www.ibm.com/timex#oi http://ex.org/variable#82	1
http://ex.org/variable#160 http://www.ibm.com/timex#d http://ex.org/variable#83	1
http://ex.org/variable#160 http://www.ibm.com/timex#di http://ex.org/variable#84	1
http://ex.org/variable#160 http://www.ibm.com/timex#di http://ex.org/variable#85	1
http://ex.org/variable#160 http://www.ibm.com/timex#d http://ex.org/variable#86	1
http://ex.org/variable#160 http://www.ibm.com/timex#o http://ex.org/variable#87	1
http://ex.org/variable#160 http://www.ibm.com/timex#o_di_fi http://ex.org/variable#88	1
http://ex.org/variable#160 http://www.ibm.com/timex#d http://ex.org/variable#89	1
http://ex.org/variable#160 http://www.ibm.com/timex#di http://ex.org/variable#90	1
http://ex.org/variable#160 http://www.ibm.com/timex#d http://ex.org/variable#91	1
http://ex.org/variable#160 http://www.ibm.com/timex#o http://ex.org/variable#92	1
http://ex.org/variable#160 http://www.ibm.com/timex#oi_d_f http://ex.org/variable#93	1
http://ex.org/variable#160 http://www.ibm.com/timex#oi http://ex.org/variable#94	1
http://ex.org/variable#160 http://www.ibm.com/timex#di http://ex.org/variable#95	1
http://ex.org/variable#160 http://www.ibm.com/timex#bi http://ex.org/variable#96	1
http://ex.org/variable#160 http://www.ibm.com/timex#o http://ex.org/variable#97	1
http://ex.org/variable#160 http://www.ibm.com/timex#o http://ex.org/variable#98	1
http://ex.org/variable#160 http://www.ibm.com/timex#di http://ex.org/variable#99	1
http://ex.org/variable#160 http://www.ibm.com/timex#oi http://ex.org/variable#100	1
http://ex.org/variable#160 http://www.ibm.com/timex#o http://ex.org/variable#101	1
http://ex.org/variable#160 http://www.ibm.com/timex#di http://ex.org/variable#102	1
http://ex.org/variable#160 http://www.ibm.com/timex#oi http://ex.org/variable#103	1
http://ex.org/variable#160 http://www.ibm.com/timex#b http://ex.org/variable#104	1
http://ex.org/variable#160 http://www.ibm.com/timex#d http://ex.org/variable#105	1
http://ex.org/variable#160 http://www.ibm.com/timex#d http://ex.org/variable#106	1
http://ex.org/variable#160 http://www.ibm.com/timex#di http://ex.org/variable#107	1
http://ex.org/variable#160 http://www.ibm.com/timex#di http://ex.org/variable#108	1
http://ex.org/variable#160 http://www.ibm.com/timex#di http://ex.org/variable#109	1
http://ex.org/variable#160 http://www.ibm.com/timex#d http://ex.org/variable#110	1
http://ex.org/variable#160 http://www.ibm.com/timex#oi http://ex.org/variable#111	1
http://ex.org/variable#160 http://www.ibm.com/timex#oi http://ex.org/variable#112	1
http://ex.org/variable#160 http://www.ibm.com/timex#di http://ex.org/variable#113	1
http://ex.org/variable#160 http://www.ibm.com/timex#oi http://ex.org/variable#114	1
http://ex.org/variable#160 http://www.ibm.com/timex#b_m_o http://ex.org/variable#115	1
http://ex.org/variable#160 http://www.ibm.com/timex#di http://ex.org/variable#116	1
http://ex.org/variable#160 http://www.ibm.com/timex#oi http://ex.org/variable#117	1
http://ex.org/variable#160 http://www.ibm.com/timex#oi http://ex.org/variable#118	1
http://ex.org/variable#160 http://www.ibm.com/timex#d http://ex.org/variable#119	1
http://ex.org/variable#160 http://www.ibm.com/timex#oi http://ex.org/variable#120	1
http://ex.org/variable#160 http://www.ibm.com/timex#b_m_o http://ex.org/variable#121	1
http://ex.org/variable#160 http://www.ibm.com/timex#oi http://ex.org/variable#122	1
http://ex.org/variable#160 http://www.ibm.com/timex#o http://ex.org/variable#123	1
http://ex.org/variable#160 http://www.ibm.com/timex#oi http://ex.org/variable#124	1
http://ex.org/variable#160 http://www.ibm.com/timex#oi http://ex.org/variable#125	1
http://ex.org/variable#160 http://www.ibm.com/timex#di http://ex.org/variable#126	1
http://ex.org/variable#160 http://www.ibm.com/timex#o_di_fi http://ex.org/variable#127	1
http://ex.org/variable#160 http://www.ibm.com/timex#o http://ex.org/variable#128	1
http://ex.org/variable#160 http://www.ibm.com/timex#oi http://ex.org/variable#129	1
http://ex.org/variable#160 http://www.ibm.com/timex#oi http://ex.org/variable#130	1
http://ex.org/variable#160 http://www.ibm.com/timex#o http://ex.org/variable#131	1
http://ex.org/variable#160 http://www.ibm.com/timex#d http://ex.org/variable#132	1
http://ex.org/variable#160 http://www.ibm.com/timex#o http://ex.org/variable#133	1
http://ex.org/variable#160 http://www.ibm.com/timex#oi http://ex.org/variable#134	1
http://ex.org/variable#160 http://www.ibm.com/timex#d http://ex.org/variable#135	1
http://ex.org/variable#160 http://www.ibm.com/timex#d http://ex.org/variable#136	1
http://ex.org/variable#160 http://www.ibm.com/timex#di http://ex.org/variable#137	1
http://ex.org/variable#160 http://www.ibm.com/timex#o http://ex.org/variable#138	1
http://ex.org/variable#160 http://www.ibm.com/timex#oi http://ex.org/variable#139	1
http://ex.org/variable#160 http://www.ibm.com/timex#di http://ex.org/variable#140	1
http://ex.org/variable#160 http://www.ibm.com/timex#d http://ex.org/variable#141	1
http://ex.org/variable#160 http://www.ibm.com/timex#oi http://ex.org/variable#142	1
http://ex.org/variable#160 http://www.ibm.com/timex#d http://ex.org/variable#143	1
http://ex.org/variable#160 http://www.ibm.com/timex#o http://ex.org/variable#144	1
http://ex.org/variable#160 http://www.ibm.com/timex#o http://ex.org/variable#145	1
http://ex.org/variable#160 http://www.ibm.com/timex#o http://ex.org/variable#146	1
http://ex.org/variable#160 http://www.ibm.com/timex#oi http://ex.org/variable#147	1
http://ex.org/variable#160 http://www.ibm.com/timex#di http://ex.org/variable#148	1
http://ex.org/variable#160 http://www.ibm.com/timex#oi http://ex.org/variable#149	1
http://ex.org/variable#160 http://www.ibm.com/timex#o http://ex.org/variable#150	1
http://ex.org/variable#160 http://www.ibm.com/timex#s http://ex.org/variable#151	1
http://ex.org/variable#160 http://www.ibm.com/timex#bi http://ex.org/variable#152	1
http://ex.org/variable#160 http://www.ibm.com/timex#d http://ex.org/variable#153	1
http://ex.org/variable#160 http://www.ibm.com/timex#di http://ex.org/variable#154	1
http://ex.org/variable#160 http://www.ibm.com/timex#oi http://ex.org/variable#155	1
http://ex.org/variable#160 http://www.ibm.com/timex#oi http://ex.org/variable#156	1
http://ex.org/variable#160 http://www.ibm.com/timex#bi http://ex.org/variable#157	1
http://ex.org/variable#160 http://www.ibm.com/timex#oi http://ex.org/variable#158	1
http://ex.org/variable#160 http://www.ibm.com/timex#o http://ex.org/variable#159	1
http://ex.org/variable#160 http://www.ibm.com/timex#di http://ex.org/variable#161	1
http://ex.org/variable#160 http://www.ibm.com/timex#oi http://ex.org/variable#162	1
http://ex.org/variable#160 http://www.ibm.com/timex#o http://ex.org/variable#163	1
http://ex.org/variable#160 http://www.ibm.com/timex#o http://ex.org/variable#164	1
http://ex.org/variable#160 http://www.ibm.com/timex#di http://ex.org/variable#165	1
http://ex.org/variable#160 http://www.ibm.com/timex#oi http://ex.org/variable#166	1
http://ex.org/variable#160 http://www.ibm.com/timex#oi http://ex.org/variable#167	1
http://ex.org/variable#160 http://www.ibm.com/timex#o http://ex.org/variable#168	1
http://ex.org/variable#160 http://www.ibm.com/timex#d http://ex.org/variable#169	1
http://ex.org/variable#160 http://www.ibm.com/timex#o http://ex.org/variable#170	1
http://ex.org/variable#160 http://www.ibm.com/timex#oi http://ex.org/variable#171	1
http://ex.org/variable#160 http://www.ibm.com/timex#bi http://ex.org/variable#172	1
http://ex.org/variable#160 http://www.ibm.com/timex#di http://ex.org/variable#173	1
http://ex.org/variable#160 http://www.ibm.com/timex#di http://ex.org/variable#174	1
http://ex.org/variable#160 http://www.ibm.com/timex#oi http://ex.org/variable#175	1
http://ex.org/variable#160 http://www.ibm.com/timex#o http://ex.org/variable#176	1
http://ex.org/variable#160 http://www.ibm.com/timex#oi http://ex.org/variable#177	1
http://ex.org/variable#160 http://www.ibm.com/timex#s http://ex.org/variable#178	1
http://ex.org/variable#160 http://www.ibm.com/timex#o http://ex.org/variable#179	1
http://ex.org/variable#160 http://www.ibm.com/timex#bi http://ex.org/variable#180	1
http://ex.org/variable#160 http://www.ibm.com/timex#oi http://ex.org/variable#181	1
http://ex.org/variable#160 http://www.ibm.com/timex#di http://ex.org/variable#182	1
http://ex.org/variable#160 http://www.ibm.com/timex#o http://ex.org/variable#183	1
http://ex.org/variable#160 http://www.ibm.com/timex#oi http://ex.org/variable#184	1
http://ex.org/variable#160 http://www.ibm.com/timex#di http://ex.org/variable#185	1
http://ex.org/variable#160 http://www.ibm.com/timex#o http://ex.org/variable#186	1
http://ex.org/variable#160 http://www.ibm.com/timex#oi http://ex.org/variable#187	1
http://ex.org/variable#160 http://www.ibm.com/timex#di http://ex.org/variable#188	1
http://ex.org/variable#160 http://www.ibm.com/timex#di http://ex.org/variable#189	1
http://ex.org/variable#161 http://www.ibm.com/timex#d http://ex.org/variable#0	1
http://ex.org/variable#161 http://www.ibm.com/timex#b http://ex.org/variable#1	1
http://ex.org/variable#161 http://www.ibm.com/timex#d http://ex.org/variable#2	1
http://ex.org/variable#161 http://www.ibm.com/timex#o http://ex.org/variable#3	1
http://ex.org/variable#161 http://www.ibm.com/timex#d http://ex.org/variable#4	1
http://ex.org/variable#161 http://www.ibm.com/timex#oi_f http://ex.org/variable#5	1
http://ex.org/variable#161 http://www.ibm.com/timex#m http://ex.org/variable#6	1
http://ex.org/variable#161 http://www.ibm.com/timex#d http://ex.org/variable#7	1
http://ex.org/variable#161 http://www.ibm.com/timex#bi http://ex.org/variable#8	1
http://ex.org/variable#161 http://www.ibm.com/timex#o http://ex.org/variable#9	1
http://ex.org/variable#161 http://www.ibm.com/timex#d http://ex.org/variable#10	1
http://ex.org/variable#161 http://www.ibm.com/timex#d http://ex.org/variable#11	1
http://ex.org/variable#161 http://www.ibm.com/timex#d http://ex.org/variable#12	1
http://ex.org/variable#161 http://www.ibm.com/timex#oi http://ex.org/variable#13	1
http://ex.org/variable#161 http://www.ibm.com/timex#o http://ex.org/variable#14	1
http://ex.org/variable#161 http://www.ibm.com/timex#d http://ex.org/variable#15	1
http://ex.org/variable#161 http://www.ibm.com/timex#d http://ex.org/variable#16	1
http://ex.org/variable#161 http://www.ibm.com/timex#b http://ex.org/variable#17	1
http://ex.org/variable#161 http://www.ibm.com/timex#d http://ex.org/variable#18	1
http://ex.org/variable#161 http://www.ibm.com/timex#oi http://ex.org/variable#19	1
http://ex.org/variable#161 http://www.ibm.com/timex#d http://ex.org/variable#20	1
http://ex.org/variable#161 http://www.ibm.com/timex#b http://ex.org/variable#21	1
http://ex.org/variable#161 http://www.ibm.com/timex#d http://ex.org/variable#22	1
http://ex.org/variable#161 http://www.ibm.com/timex#oi http://ex.org/variable#23	1
http://ex.org/variable#161 http://www.ibm.com/timex#d http://ex.org/variable#24	1
http://ex.org/variable#161 http://www.ibm.com/timex#bi http://ex.org/variable#25	1
http://ex.org/variable#161 http://www.ibm.com/timex#b http://ex.org/variable#26	1
http://ex.org/variable#161 http://www.ibm.com/timex#oi http://ex.org/variable#27	1
http://ex.org/variable#161 http://www.ibm.com/timex#o http://ex.org/variable#28	1
http://ex.org/variable#161 http://www.ibm.com/timex#d http://ex.org/variable#29	1
http://ex.org/variable#161 http://www.ibm.com/timex#di http://ex.org/variable#30	1
http://ex.org/variable#161 http://www.ibm.com/timex#oi http://ex.org/variable#31	1
http://ex.org/variable#161 http://www.ibm.com/timex#oi http://ex.org/variable#32	1
http://ex.org/variable#161 http://www.ibm.com/timex#b http://ex.org/variable#33	1
http://ex.org/variable#161 http://www.ibm.com/timex#d http://ex.org/variable#34	1
http://ex.org/variable#161 http://www.ibm.com/timex#di http://ex.org/variable#35	1
http://ex.org/variable#161 http://www.ibm.com/timex#oi http://ex.org/variable#36	1
http://ex.org/variable#161 http://www.ibm.com/timex#oi http://ex.org/variable#37	1
http://ex.org/variable#161 http://www.ibm.com/timex#d http://ex.org/variable#38	1
http://ex.org/variable#161 http://www.ibm.com/timex#b http://ex.org/variable#39	1
http://ex.org/variable#161 http://www.ibm.com/timex#d http://ex.org/variable#40	1
http://ex.org/variable#161 http://www.ibm.com/timex#d http://ex.org/variable#41	1
http://ex.org/variable#161 http://www.ibm.com/timex#d http://ex.org/variable#42	1
http://ex.org/variable#161 http://www.ibm.com/timex#d http://ex.org/variable#43	1
http://ex.org/variable#161 http://www.ibm.com/timex#d http://ex.org/variable#44	1
http://ex.org/variable#161 http://www.ibm.com/timex#o_s http://ex.org/variable#45	1
http://ex.org/variable#161 http://www.ibm.com/timex#d http://ex.org/variable#46	1
http://ex.org/variable#161 http://www.ibm.com/timex#d http://ex.org/variable#47	1
http://ex.org/variable#161 http://www.ibm.com/timex#b http://ex.org/variable#48	1
http://ex.org/variable#161 http://www.ibm.com/timex#oi http://ex.org/variable#49	1
http://ex.org/variable#161 http://www.ibm.com/timex#d http://ex.org/variable#50	1
http://ex.org/variable#161 http://www.ibm.com/timex#b http://ex.org/variable#51	1
http://ex.org/variable#161 http://www.ibm.com/timex#d http://ex.org/variable#52	1
http://ex.org/variable#161 http://www.ibm.com/timex#d http://ex.org/variable#53	1
http://ex.org/variable#161 http://www.ibm.com/timex#d http://ex.org/variable#54	1
http://ex.org/variable#161 http://www.ibm.com/timex#d http://ex.org/variable#55	1
http://ex.org/variable#161 http://www.ibm.com/timex#oi http://ex.org/variable#56	1
http://ex.org/variable#161 http://www.ibm.com/timex#d http://ex.org/variable#57	1
http://ex.org/variable#161 http://www.ibm.com/timex#d http://ex.org/variable#58	1
http://ex.org/variable#161 http://www.ibm.com/timex#d http://ex.org/variable#59	1
http://ex.org/variable#161 http://www.ibm.com/timex#d http://ex.org/variable#60	1
http://ex.org/variable#161 http://www.ibm.com/timex#d http://ex.org/variable#61	1
http://ex.org/variable#161 http://www.ibm.com/timex#d http://ex.org/variable#62	1
http://ex.org/variable#161 http://www.ibm.com/timex#d http://ex.org/variable#63	1
http://ex.org/variable#161 http://www.ibm.com/timex#d http://ex.org/variable#64	1
http://ex.org/variable#161 http://www.ibm.com/timex#bi http://ex.org/variable#65	1
http://ex.org/variable#161 http://www.ibm.com/timex#oi http://ex.org/variable#66	1
http://ex.org/variable#161 http://www.ibm.com/timex#d http://ex.org/variable#67	1
http://ex.org/variable#161 http://www.ibm.com/timex#d http://ex.org/variable#68	1
http://ex.org/variable#161 http://www.ibm.com/timex#d http://ex.org/variable#69	1
http://ex.org/variable#161 http://www.ibm.com/timex#d http://ex.org/variable#70	1
http://ex.org/variable#161 http://www.ibm.com/timex#d http://ex.org/variable#71	1
http://ex.org/variable#161 http://www.ibm.com/timex#d http://ex.org/variable#72	1
http://ex.org/variable#161 http://www.ibm.com/timex#d http://ex.org/variable#73	1
http://ex.org/variable#161 http://www.ibm.com/timex#d http://ex.org/variable#74	1
http://ex.org/variable#161 http://www.ibm.com/timex#d http://ex.org/variable#75	1
http://ex.org/variable#161 http://www.ibm.com/timex#d http://ex.org/variable#76	1
http://ex.org/variable#161 http://www.ibm.com/timex#d http://ex.org/variable#77	1
http://ex.org/variable#161 http://www.ibm.com/timex#d http://ex.org/variable#78	1
http://ex.org/variable#161 http://www.ibm.com/timex#oi_d http://ex.org/variable#79	1
http://ex.org/variable#161 http://www.ibm.com/timex#d http://ex.org/variable#80	1
http://ex.org/variable#161 http://www.ibm.com/timex#d http://ex.org/variable#81	1
http://ex.org/variable#161 http://www.ibm.com/timex#oi http://ex.org/variable#82	1
http://ex.org/variable#161 http://www.ibm.com/timex#d http://ex.org/variable#83	1
http://ex.org/variable#161 http://www.ibm.com/timex#o http://ex.org/variable#84	1
http://ex.org/variable#161 http://www.ibm.com/timex#b http://ex.org/variable#85	1
http://ex.org/variable#161 http://www.ibm.com/timex#d http://ex.org/variable#86	1
http://ex.org/variable#161 http://www.ibm.com/timex#o http://ex.org/variable#87	1
http://ex.org/variable#161 http://www.ibm.com/timex#b http://ex.org/variable#88	1
http://ex.org/variable#161 http://www.ibm.com/timex#d http://ex.org/variable#89	1
http://ex.org/variable#161 http://www.ibm.com/timex#d http://ex.org/variable#90	1
http://ex.org/variable#161 http://www.ibm.com/timex#d http://ex.org/variable#91	1
http://ex.org/variable#161 http://www.ibm.com/timex#o http://ex.org/variable#92	1
http://ex.org/variable#161 http://www.ibm.com/timex#d http://ex.org/variable#93	1
http://ex.org/variable#161 http://www.ibm.com/timex#d http://ex.org/variable#94	1
http://ex.org/variable#161 http://www.ibm.com/timex#di http://ex.org/variable#95	1
http://ex.org/variable#161 http://www.ibm.com/timex#bi http://ex.org/variable#96	1
http://ex.org/variable#161 http://www.ibm.com/timex#d http://ex.org/variable#97	1
http://ex.org/variable#161 http://www.ibm.com/timex#b http://ex.org/variable#98	1
http://ex.org/variable#161 http://www.ibm.com/timex#b http://ex.org/variable#99	1
http://ex.org/variable#161 http://www.ibm.com/timex#bi http://ex.org/variable#100	1
http://ex.org/variable#161 http://www.ibm.com/timex#d http://ex.org/variable#101	1
http://ex.org/variable#161 http://www.ibm.com/timex#b http://ex.org/variable#102	1
http://ex.org/variable#161 http://www.ibm.com/timex#d http://ex.org/variable#103	1
http://ex.org/variable#161 http://www.ibm.com/timex#b http://ex.org/variable#104	1
http://ex.org/variable#161 http://www.ibm.com/timex#d http://ex.org/variable#105	1
http://ex.org/variable#161 http://www.ibm.com/timex#d http://ex.org/variable#106	1
http://ex.org/variable#161 http://www.ibm.com/timex#d http://ex.org/variable#107	1
http://ex.org/variable#161 http://www.ibm.com/timex#o_di http://ex.org/variable#108	1
http://ex.org/variable#161 http://www.ibm.com/timex#b http://ex.org/variable#109	1
http://ex.org/variable#161 http://www.ibm.com/timex#d http://ex.org/variable#110	1
http://ex.org/variable#161 http://www.ibm.com/timex#d http://ex.org/variable#111	1
http://ex.org/variable#161 http://www.ibm.com/timex#d http://ex.org/variable#112	1
http://ex.org/variable#161 http://www.ibm.com/timex#di http://ex.org/variable#113	1
http://ex.org/variable#161 http://www.ibm.com/timex#d http://ex.org/variable#114	1
http://ex.org/variable#161 http://www.ibm.com/timex#b http://ex.org/variable#115	1
http://ex.org/variable#161 http://www.ibm.com/timex#m http://ex.org/variable#116	1
http://ex.org/variable#161 http://www.ibm.com/timex#oi http://ex.org/variable#117	1
http://ex.org/variable#161 http://www.ibm.com/timex#d http://ex.org/variable#118	1
http://ex.org/variable#161 http://www.ibm.com/timex#d http://ex.org/variable#119	1
http://ex.org/variable#161 http://www.ibm.com/timex#oi http://ex.org/variable#120	1
http://ex.org/variable#161 http://www.ibm.com/timex#b http://ex.org/variable#121	1
http://ex.org/variable#161 http://www.ibm.com/timex#d http://ex.org/variable#122	1
http://ex.org/variable#161 http://www.ibm.com/timex#d http://ex.org/variable#123	1
http://ex.org/variable#161 http://www.ibm.com/timex#oi http://ex.org/variable#124	1
http://ex.org/variable#161 http://www.ibm.com/timex#f http://ex.org/variable#125	1
http://ex.org/variable#161 http://www.ibm.com/timex#o http://ex.org/variable#126	1
http://ex.org/variable#161 http://www.ibm.com/timex#b http://ex.org/variable#127	1
http://ex.org/variable#161 http://www.ibm.com/timex#d http://ex.org/variable#128	1
http://ex.org/variable#161 http://www.ibm.com/timex#oi http://ex.org/variable#129	1
http://ex.org/variable#161 http://www.ibm.com/timex#oi http://ex.org/variable#130	1
http://ex.org/variable#161 http://www.ibm.com/timex#b http://ex.org/variable#131	1
http://ex.org/variable#161 http://www.ibm.com/timex#d http://ex.org/variable#132	1
http://ex.org/variable#161 http://www.ibm.com/timex#o http://ex.org/variable#133	1
http://ex.org/variable#161 http://www.ibm.com/timex#f http://ex.org/variable#134	1
http://ex.org/variable#161 http://www.ibm.com/timex#d http://ex.org/variable#135	1
http://ex.org/variable#161 http://www.ibm.com/timex#d http://ex.org/variable#136	1
http://ex.org/variable#161 http://www.ibm.com/timex#eq http://ex.org/variable#137	1
http://ex.org/variable#161 http://www.ibm.com/timex#b http://ex.org/variable#138	1
http://ex.org/variable#161 http://www.ibm.com/timex#oi http://ex.org/variable#139	1
http://ex.org/variable#161 http://www.ibm.com/timex#oi http://ex.org/variable#140	1
http://ex.org/variable#161 http://www.ibm.com/timex#d http://ex.org/variable#141	1
http://ex.org/variable#161 http://www.ibm.com/timex#d http://ex.org/variable#142	1
http://ex.org/variable#161 http://www.ibm.com/timex#d http://ex.org/variable#143	1
http://ex.org/variable#161 http://www.ibm.com/timex#d http://ex.org/variable#144	1
http://ex.org/variable#161 http://www.ibm.com/timex#b http://ex.org/variable#145	1
http://ex.org/variable#161 http://www.ibm.com/timex#d http://ex.org/variable#146	1
http://ex.org/variable#161 http://www.ibm.com/timex#d http://ex.org/variable#147	1
http://ex.org/variable#161 http://www.ibm.com/timex#d http://ex.org/variable#148	1
http://ex.org/variable#161 http://www.ibm.com/timex#bi_mi_oi http://ex.org/variable#149	1
http://ex.org/variable#161 http://www.ibm.com/timex#b http://ex.org/variable#150	1
http://ex.org/variable#161 http://www.ibm.com/timex#d http://ex.org/variable#151	1
http://ex.org/variable#161 http://www.ibm.com/timex#bi http://ex.org/variable#152	1
http://ex.org/variable#161 http://www.ibm.com/timex#d http://ex.org/variable#153	1
http://ex.org/variable#161 http://www.ibm.com/timex#eq_fi http://ex.org/variable#154	1
http://ex.org/variable#161 http://www.ibm.com/timex#d http://ex.org/variable#155	1
http://ex.org/variable#161 http://www.ibm.com/timex#d http://ex.org/variable#156	1
http://ex.org/variable#161 http://www.ibm.com/timex#bi http://ex.org/variable#157	1
http://ex.org/variable#161 http://www.ibm.com/timex#d http://ex.org/variable#158	1
http://ex.org/variable#161 http://www.ibm.com/timex#o http://ex.org/variable#159	1
http://ex.org/variable#161 http://www.ibm.com/timex#d http://ex.org/variable#160	1
http://ex.org/variable#161 http://www.ibm.com/timex#oi http://ex.org/variable#162	1
http://ex.org/variable#161 http://www.ibm.com/timex#o http://ex.org/variable#163	1
http://ex.org/variable#161 http://www.ibm.com/timex#o_d_s http://ex.org/variable#164	1
http://ex.org/variable#161 http://www.ibm.com/timex#oi http://ex.org/variable#165	1
http://ex.org/variable#161 http://www.ibm.com/timex#d http://ex.org/variable#166	1
http://ex.org/variable#161 http://www.ibm.com/timex#d http://ex.org/variable#167	1
http://ex.org/variable#161 http://www.ibm.com/timex#o http://ex.org/variable#168	1
http://ex.org/variable#161 http://www.ibm.com/timex#d http://ex.org/variable#169	1
http://ex.org/variable#161 http://www.ibm.com/timex#b http://ex.org/variable#170	1
http://ex.org/variable#161 http://www.ibm.com/timex#d http://ex.org/variable#171	1
http://ex.org/variable#161 http://www.ibm.com/timex#bi http://ex.org/variable#172	1
http://ex.org/variable#161 http://www.ibm.com/timex#b http://ex.org/variable#173	1
http://ex.org/variable#161 http://www.ibm.com/timex#o http://ex.org/variable#174	1
http://ex.org/variable#161 http://www.ibm.com/timex#d http://ex.org/variable#175	1
http://ex.org/variable#161 http://www.ibm.com/timex#o http://ex.org/variable#176	1
http://ex.org/variable#161 http://www.ibm.com/timex#d http://ex.org/variable#177	1
http://ex.org/variable#161 http://www.ibm.com/timex#d http://ex.org/variable#178	1
http://ex.org/variable#161 http://www.ibm.com/timex#o http://ex.org/variable#179	1
http://ex.org/variable#161 http://www.ibm.com/timex#bi http://ex.org/variable#180	1
http://ex.org/variable#161 http://www.ibm.com/timex#bi http://ex.org/variable#181	1
http://ex.org/variable#161 http://www.ibm.com/timex#di http://ex.org/variable#182	1
http://ex.org/variable#161 http://www.ibm.com/timex#b http://ex.org/variable#183	1
http://ex.org/variable#161 http://www.ibm.com/timex#d http://ex.org/variable#184	1
http://ex.org/variable#161 http://www.ibm.com/timex#d http://ex.org/variable#185	1
http://ex.org/variable#161 http://www.ibm.com/timex#o http://ex.org/variable#186	1
http://ex.org/variable#161 http://www.ibm.com/timex#d http://ex.org/variable#187	1
http://ex.org/variable#161 http://www.ibm.com/timex#o http://ex.org/variable#188	1
http://ex.org/variable#161 http://www.ibm.com/timex#o http://ex.org/variable#189	1
http://ex.org/variable#162 http://www.ibm.com/timex#o http://ex.org/variable#0	1
http://ex.org/variable#162 http://www.ibm.com/timex#b http://ex.org/variable#1	1
http://ex.org/variable#162 http://www.ibm.com/timex#o http://ex.org/variable#2	1
http://ex.org/variable#162 http://www.ibm.com/timex#o http://ex.org/variable#3	1
http://ex.org/variable#162 http://www.ibm.com/timex#o http://ex.org/variable#4	1
http://ex.org/variable#162 http://www.ibm.com/timex#o_di_fi http://ex.org/variable#5	1
http://ex.org/variable#162 http://www.ibm.com/timex#b http://ex.org/variable#6	1
http://ex.org/variable#162 http://www.ibm.com/timex#o http://ex.org/variable#7	1
http://ex.org/variable#162 http://www.ibm.com/timex#oi http://ex.org/variable#8	1
http://ex.org/variable#162 http://www.ibm.com/timex#b_m_o http://ex.org/variable#9	1
http://ex.org/variable#162 http://www.ibm.com/timex#o http://ex.org/variable#10	1
http://ex.org/variable#162 http://www.ibm.com/timex#s http://ex.org/variable#11	1
http://ex.org/variable#162 http://www.ibm.com/timex#d http://ex.org/variable#12	1
http://ex.org/variable#162 http://www.ibm.com/timex#oi_d_f http://ex.org/variable#13	1
http://ex.org/variable#162 http://www.ibm.com/timex#b_m_o http://ex.org/variable#14	1
http://ex.org/variable#162 http://www.ibm.com/timex#d http://ex.org/variable#15	1
http://ex.org/variable#162 http://www.ibm.com/timex#o http://ex.org/variable#16	1
http://ex.org/variable#162 http://www.ibm.com/timex#b http://ex.org/variable#17	1
http://ex.org/variable#162 http://www.ibm.com/timex#o http://ex.org/variable#18	1
http://ex.org/variable#162 http://www.ibm.com/timex#oi http://ex.org/variable#19	1
http://ex.org/variable#162 http://www.ibm.com/timex#d http://ex.org/variable#20	1
http://ex.org/variable#162 http://www.ibm.com/timex#b http://ex.org/variable#21	1
http://ex.org/variable#162 http://www.ibm.com/timex#o http://ex.org/variable#22	1
http://ex.org/variable#162 http://www.ibm.com/timex#di http://ex.org/variable#23	1
http://ex.org/variable#162 http://www.ibm.com/timex#d http://ex.org/variable#24	1
http://ex.org/variable#162 http://www.ibm.com/timex#oi http://ex.org/variable#25	1
http://ex.org/variable#162 http://www.ibm.com/timex#b http://ex.org/variable#26	1
http://ex.org/variable#162 http://www.ibm.com/timex#oi http://ex.org/variable#27	1
http://ex.org/variable#162 http://www.ibm.com/timex#o http://ex.org/variable#28	1
http://ex.org/variable#162 http://www.ibm.com/timex#o http://ex.org/variable#29	1
http://ex.org/variable#162 http://www.ibm.com/timex#o_di http://ex.org/variable#30	1
http://ex.org/variable#162 http://www.ibm.com/timex#oi_d_f http://ex.org/variable#31	1
http://ex.org/variable#162 http://www.ibm.com/timex#oi http://ex.org/variable#32	1
http://ex.org/variable#162 http://www.ibm.com/timex#b http://ex.org/variable#33	1
http://ex.org/variable#162 http://www.ibm.com/timex#s http://ex.org/variable#34	1
http://ex.org/variable#162 http://www.ibm.com/timex#di http://ex.org/variable#35	1
http://ex.org/variable#162 http://www.ibm.com/timex#oi http://ex.org/variable#36	1
http://ex.org/variable#162 http://www.ibm.com/timex#oi http://ex.org/variable#37	1
http://ex.org/variable#162 http://www.ibm.com/timex#d http://ex.org/variable#38	1
http://ex.org/variable#162 http://www.ibm.com/timex#b http://ex.org/variable#39	1
http://ex.org/variable#162 http://www.ibm.com/timex#d http://ex.org/variable#40	1
http://ex.org/variable#162 http://www.ibm.com/timex#o http://ex.org/variable#41	1
http://ex.org/variable#162 http://www.ibm.com/timex#o http://ex.org/variable#42	1
http://ex.org/variable#162 http://www.ibm.com/timex#d http://ex.org/variable#43	1
http://ex.org/variable#162 http://www.ibm.com/timex#d http://ex.org/variable#44	1
http://ex.org/variable#162 http://www.ibm.com/timex#o http://ex.org/variable#45	1
http://ex.org/variable#162 http://www.ibm.com/timex#d http://ex.org/variable#46	1
http://ex.org/variable#162 http://www.ibm.com/timex#d http://ex.org/variable#47	1
http://ex.org/variable#162 http://www.ibm.com/timex#b http://ex.org/variable#48	1
http://ex.org/variable#162 http://www.ibm.com/timex#oi http://ex.org/variable#49	1
http://ex.org/variable#162 http://www.ibm.com/timex#o http://ex.org/variable#50	1
http://ex.org/variable#162 http://www.ibm.com/timex#b http://ex.org/variable#51	1
http://ex.org/variable#162 http://www.ibm.com/timex#d http://ex.org/variable#52	1
http://ex.org/variable#162 http://www.ibm.com/timex#d http://ex.org/variable#53	1
http://ex.org/variable#162 http://www.ibm.com/timex#o http://ex.org/variable#54	1
http://ex.org/variable#162 http://www.ibm.com/timex#o http://ex.org/variable#55	1
http://ex.org/variable#162 http://www.ibm.com/timex#o_di_fi http://ex.org/variable#56	1
http://ex.org/variable#162 http://www.ibm.com/timex#d http://ex.org/variable#57	1
http://ex.org/variable#162 http://www.ibm.com/timex#o_s http://ex.org/variable#58	1
http://ex.org/variable#162 http://www.ibm.com/timex#s http://ex.org/variable#59	1
http://ex.org/variable#162 http://www.ibm.com/timex#d http://ex.org/variable#60	1
http://ex.org/variable#162 http://www.ibm.com/timex#d http://ex.org/variable#61	1
http://ex.org/variable#162 http://www.ibm.com/timex#o http://ex.org/variable#62	1
http://ex.org/variable#162 http://www.ibm.com/timex#d http://ex.org/variable#63	1
http://ex.org/variable#162 http://www.ibm.com/timex#d http://ex.org/variable#64	1
http://ex.org/variable#162 http://www.ibm.com/timex#di http://ex.org/variable#65	1
http://ex.org/variable#162 http://www.ibm.com/timex#oi http://ex.org/variable#66	1
http://ex.org/variable#162 http://www.ibm.com/timex#o http://ex.org/variable#67	1
http://ex.org/variable#162 http://www.ibm.com/timex#o http://ex.org/variable#68	1
http://ex.org/variable#162 http://www.ibm.com/timex#o http://ex.org/variable#69	1
http://ex.org/variable#162 http://www.ibm.com/timex#o http://ex.org/variable#70	1
http://ex.org/variable#162 http://www.ibm.com/timex#d http://ex.org/variable#71	1
http://ex.org/variable#162 http://www.ibm.com/timex#o http://ex.org/variable#72	1
http://ex.org/variable#162 http://www.ibm.com/timex#o http://ex.org/variable#73	1
http://ex.org/variable#162 http://www.ibm.com/timex#o http://ex.org/variable#74	1
http://ex.org/variable#162 http://www.ibm.com/timex#s http://ex.org/variable#75	1
http://ex.org/variable#162 http://www.ibm.com/timex#o http://ex.org/variable#76	1
http://ex.org/variable#162 http://www.ibm.com/timex#o http://ex.org/variable#77	1
http://ex.org/variable#162 http://www.ibm.com/timex#o http://ex.org/variable#78	1
http://ex.org/variable#162 http://www.ibm.com/timex#oi_d_f http://ex.org/variable#79	1
http://ex.org/variable#162 http://www.ibm.com/timex#d http://ex.org/variable#80	1
http://ex.org/variable#162 http://www.ibm.com/timex#d http://ex.org/variable#81	1
http://ex.org/variable#162 http://www.ibm.com/timex#di http://ex.org/variable#82	1
http://ex.org/variable#162 http://www.ibm.com/timex#d http://ex.org/variable#83	1
http://ex.org/variable#162 http://www.ibm.com/timex#o http://ex.org/variable#84	1
http://ex.org/variable#162 http://www.ibm.com/timex#b http://ex.org/variable#85	1
http://ex.org/variable#162 http://www.ibm.com/timex#d http://ex.org/variable#86	1
http://ex.org/variable#162 http://www.ibm.com/timex#o http://ex.org/variable#87	1
http://ex.org/variable#162 http://www.ibm.com/timex#b http://ex.org/variable#88	1
http://ex.org/variable#162 http://www.ibm.com/timex#o http://ex.org/variable#89	1
http://ex.org/variable#162 http://www.ibm.com/timex#o http://ex.org/variable#90	1
http://ex.org/variable#162 http://www.ibm.com/timex#o http://ex.org/variable#91	1
http://ex.org/variable#162 http://www.ibm.com/timex#o http://ex.org/variable#92	1
http://ex.org/variable#162 http://www.ibm.com/timex#o http://ex.org/variable#93	1
http://ex.org/variable#162 http://www.ibm.com/timex#d http://ex.org/variable#94	1
http://ex.org/variable#162 http://www.ibm.com/timex#di http://ex.org/variable#95	1
http://ex.org/variable#162 http://www.ibm.com/timex#di http://ex.org/variable#96	1
http://ex.org/variable#162 http://www.ibm.com/timex#o http://ex.org/variable#97	1
http://ex.org/variable#162 http://www.ibm.com/timex#b http://ex.org/variable#98	1
http://ex.org/variable#162 http://www.ibm.com/timex#b http://ex.org/variable#99	1
http://ex.org/variable#162 http://www.ibm.com/timex#oi http://ex.org/variable#100	1
http://ex.org/variable#162 http://www.ibm.com/timex#o http://ex.org/variable#101	1
http://ex.org/variable#162 http://www.ibm.com/timex#b http://ex.org/variable#102	1
http://ex.org/variable#162 http://www.ibm.com/timex#d http://ex.org/variable#103	1
http://ex.org/variable#162 http://www.ibm.com/timex#b http://ex.org/variable#104	1
http://ex.org/variable#162 http://www.ibm.com/timex#o http://ex.org/variable#105	1
http://ex.org/variable#162 http://www.ibm.com/timex#d http://ex.org/variable#106	1
http://ex.org/variable#162 http://www.ibm.com/timex#o http://ex.org/variable#107	1
http://ex.org/variable#162 http://www.ibm.com/timex#o_fi http://ex.org/variable#108	1
http://ex.org/variable#162 http://www.ibm.com/timex#b http://ex.org/variable#109	1
http://ex.org/variable#162 http://www.ibm.com/timex#d http://ex.org/variable#110	1
http://ex.org/variable#162 http://www.ibm.com/timex#o http://ex.org/variable#111	1
http://ex.org/variable#162 http://www.ibm.com/timex#d http://ex.org/variable#112	1
http://ex.org/variable#162 http://www.ibm.com/timex#b_m_o_di_fi http://ex.org/variable#113	1
http://ex.org/variable#162 http://www.ibm.com/timex#s http://ex.org/variable#114	1
http://ex.org/variable#162 http://www.ibm.com/timex#b http://ex.org/variable#115	1
http://ex.org/variable#162 http://www.ibm.com/timex#b http://ex.org/variable#116	1
http://ex.org/variable#162 http://www.ibm.com/timex#oi_d http://ex.org/variable#117	1
http://ex.org/variable#162 http://www.ibm.com/timex#d http://ex.org/variable#118	1
http://ex.org/variable#162 http://www.ibm.com/timex#d http://ex.org/variable#119	1
http://ex.org/variable#162 http://www.ibm.com/timex#o_di_fi http://ex.org/variable#120	1
http://ex.org/variable#162 http://www.ibm.com/timex#b http://ex.org/variable#121	1
http://ex.org/variable#162 http://www.ibm.com/timex#d http://ex.org/variable#122	1
http://ex.org/variable#162 http://www.ibm.com/timex#o http://ex.org/variable#123	1
http://ex.org/variable#162 http://www.ibm.com/timex#oi_d http://ex.org/variable#124	1
http://ex.org/variable#162 http://www.ibm.com/timex#d http://ex.org/variable#125	1
http://ex.org/variable#162 http://www.ibm.com/timex#o http://ex.org/variable#126	1
http://ex.org/variable#162 http://www.ibm.com/timex#b http://ex.org/variable#127	1
http://ex.org/variable#162 http://www.ibm.com/timex#o http://ex.org/variable#128	1
http://ex.org/variable#162 http://www.ibm.com/timex#oi_d_f http://ex.org/variable#129	1
http://ex.org/variable#162 http://www.ibm.com/timex#o_di_fi http://ex.org/variable#130	1
http://ex.org/variable#162 http://www.ibm.com/timex#b http://ex.org/variable#131	1
http://ex.org/variable#162 http://www.ibm.com/timex#d http://ex.org/variable#132	1
http://ex.org/variable#162 http://www.ibm.com/timex#o http://ex.org/variable#133	1
http://ex.org/variable#162 http://www.ibm.com/timex#d http://ex.org/variable#134	1
http://ex.org/variable#162 http://www.ibm.com/timex#o http://ex.org/variable#135	1
http://ex.org/variable#162 http://www.ibm.com/timex#o http://ex.org/variable#136	1
http://ex.org/variable#162 http://www.ibm.com/timex#o http://ex.org/variable#137	1
http://ex.org/variable#162 http://www.ibm.com/timex#b http://ex.org/variable#138	1
http://ex.org/variable#162 http://www.ibm.com/timex#o_di http://ex.org/variable#139	1
http://ex.org/variable#162 http://www.ibm.com/timex#o http://ex.org/variable#140	1
http://ex.org/variable#162 http://www.ibm.com/timex#d http://ex.org/variable#141	1
http://ex.org/variable#162 http://www.ibm.com/timex#d http://ex.org/variable#142	1
http://ex.org/variable#162 http://www.ibm.com/timex#d http://ex.org/variable#143	1
http://ex.org/variable#162 http://www.ibm.com/timex#o http://ex.org/variable#144	1
http://ex.org/variable#162 http://www.ibm.com/timex#b http://ex.org/variable#145	1
http://ex.org/variable#162 http://www.ibm.com/timex#o http://ex.org/variable#146	1
http://ex.org/variable#162 http://www.ibm.com/timex#o http://ex.org/variable#147	1
http://ex.org/variable#162 http://www.ibm.com/timex#o http://ex.org/variable#148	1
http://ex.org/variable#162 http://www.ibm.com/timex#oi http://ex.org/variable#149	1
http://ex.org/variable#162 http://www.ibm.com/timex#b http://ex.org/variable#150	1
http://ex.org/variable#162 http://www.ibm.com/timex#o http://ex.org/variable#151	1
http://ex.org/variable#162 http://www.ibm.com/timex#oi http://ex.org/variable#152	1
http://ex.org/variable#162 http://www.ibm.com/timex#o http://ex.org/variable#153	1
http://ex.org/variable#162 http://www.ibm.com/timex#o http://ex.org/variable#154	1
http://ex.org/variable#162 http://www.ibm.com/timex#d http://ex.org/variable#155	1
http://ex.org/variable#162 http://www.ibm.com/timex#o http://ex.org/variable#156	1
http://ex.org/variable#162 http://www.ibm.com/timex#di http://ex.org/variable#157	1
http://ex.org/variable#162 http://www.ibm.com/timex#s http://ex.org/variable#158	1
http://ex.org/variable#162 http://www.ibm.com/timex#o http://ex.org/variable#159	1
http://ex.org/variable#162 http://www.ibm.com/timex#o http://ex.org/variable#160	1
http://ex.org/variable#162 http://www.ibm.com/timex#o http://ex.org/variable#161	1
http://ex.org/variable#162 http://www.ibm.com/timex#o http://ex.org/variable#163	1
http://ex.org/variable#162 http://www.ibm.com/timex#o http://ex.org/variable#164	1
http://ex.org/variable#162 http://www.ibm.com/timex#o http://ex.org/variable#165	1
http://ex.org/variable#162 http://www.ibm.com/timex#d http://ex.org/variable#166	1
http://ex.org/variable#162 http://www.ibm.com/timex#d http://ex.org/variable#167	1
http://ex.org/variable#162 http://www.ibm.com/timex#o http://ex.org/variable#168	1
http://ex.org/variable#162 http://www.ibm.com/timex#d http://ex.org/variable#169	1
http://ex.org/variable#162 http://www.ibm.com/timex#b http://ex.org/variable#170	1
http://ex.org/variable#162 http://www.ibm.com/timex#d http://ex.org/variable#171	1
http://ex.org/variable#162 http://www.ibm.com/timex#oi http://ex.org/variable#172	1
http://ex.org/variable#162 http://www.ibm.com/timex#b http://ex.org/variable#173	1
http://ex.org/variable#162 http://www.ibm.com/timex#o http://ex.org/variable#174	1
http://ex.org/variable#162 http://www.ibm.com/timex#d http://ex.org/variable#175	1
http://ex.org/variable#162 http://www.ibm.com/timex#o http://ex.org/variable#176	1
http://ex.org/variable#162 http://www.ibm.com/timex#o http://ex.org/variable#177	1
http://ex.org/variable#162 http://www.ibm.com/timex#o http://ex.org/variable#178	1
http://ex.org/variable#162 http://www.ibm.com/timex#o http://ex.org/variable#179	1
http://ex.org/variable#162 http://www.ibm.com/timex#di http://ex.org/variable#180	1
http://ex.org/variable#162 http://www.ibm.com/timex#oi http://ex.org/variable#181	1
http://ex.org/variable#162 http://www.ibm.com/timex#o_di http://ex.org/variable#182	1
http://ex.org/variable#162 http://www.ibm.com/timex#b http://ex.org/variable#183	1
http://ex.org/variable#162 http://www.ibm.com/timex#d http://ex.org/variable#184	1
http://ex.org/variable#162 http://www.ibm.com/timex#o http://ex.org/variable#185	1
http://ex.org/variable#162 http://www.ibm.com/timex#o http://ex.org/variable#186	1
http://ex.org/variable#162 http://www.ibm.com/timex#d http://ex.org/variable#187	1
http://ex.org/variable#162 http://www.ibm.com/timex#o http://ex.org/variable#188	1
http://ex.org/variable#162 http://www.ibm.com/timex#o http://ex.org/variable#189	1
http://ex.org/variable#163 http://www.ibm.com/timex#d http://ex.org/variable#0	1
http://ex.org/variable#163 http://www.ibm.com/timex#o http://ex.org/variable#1	1
http://ex.org/variable#163 http://www.ibm.com/timex#d http://ex.org/variable#2	1
http://ex.org/variable#163 http://www.ibm.com/timex#oi http://ex.org/variable#3	1
http://ex.org/variable#163 http://www.ibm.com/timex#d http://ex.org/variable#4	1
http://ex.org/variable#163 http://www.ibm.com/timex#oi http://ex.org/variable#5	1
http://ex.org/variable#163 http://www.ibm.com/timex#di http://ex.org/variable#6	1
http://ex.org/variable#163 http://www.ibm.com/timex#d http://ex.org/variable#7	1
http://ex.org/variable#163 http://www.ibm.com/timex#bi http://ex.org/variable#8	1
http://ex.org/variable#163 http://www.ibm.com/timex#o http://ex.org/variable#9	1
http://ex.org/variable#163 http://www.ibm.com/timex#oi http://ex.org/variable#10	1
http://ex.org/variable#163 http://www.ibm.com/timex#d http://ex.org/variable#11	1
http://ex.org/variable#163 http://www.ibm.com/timex#d http://ex.org/variable#12	1
http://ex.org/variable#163 http://www.ibm.com/timex#oi http://ex.org/variable#13	1
http://ex.org/variable#163 http://www.ibm.com/timex#di http://ex.org/variable#14	1
http://ex.org/variable#163 http://www.ibm.com/timex#oi http://ex.org/variable#15	1
http://ex.org/variable#163 http://www.ibm.com/timex#oi http://ex.org/variable#16	1
http://ex.org/variable#163 http://www.ibm.com/timex#di http://ex.org/variable#17	1
http://ex.org/variable#163 http://www.ibm.com/timex#oi http://ex.org/variable#18	1
http://ex.org/variable#163 http://www.ibm.com/timex#oi http://ex.org/variable#19	1
http://ex.org/variable#163 http://www.ibm.com/timex#d http://ex.org/variable#20	1
http://ex.org/variable#163 http://www.ibm.com/timex#o http://ex.org/variable#21	1
http://ex.org/variable#163 http://www.ibm.com/timex#d http://ex.org/variable#22	1
http://ex.org/variable#163 http://www.ibm.com/timex#bi http://ex.org/variable#23	1
http://ex.org/variable#163 http://www.ibm.com/timex#d http://ex.org/variable#24	1
http://ex.org/variable#163 http://www.ibm.com/timex#bi http://ex.org/variable#25	1
http://ex.org/variable#163 http://www.ibm.com/timex#di http://ex.org/variable#26	1
http://ex.org/variable#163 http://www.ibm.com/timex#mi_oi http://ex.org/variable#27	1
http://ex.org/variable#163 http://www.ibm.com/timex#di http://ex.org/variable#28	1
http://ex.org/variable#163 http://www.ibm.com/timex#f http://ex.org/variable#29	1
http://ex.org/variable#163 http://www.ibm.com/timex#di http://ex.org/variable#30	1
http://ex.org/variable#163 http://www.ibm.com/timex#oi http://ex.org/variable#31	1
http://ex.org/variable#163 http://www.ibm.com/timex#bi http://ex.org/variable#32	1
http://ex.org/variable#163 http://www.ibm.com/timex#o http://ex.org/variable#33	1
http://ex.org/variable#163 http://www.ibm.com/timex#oi http://ex.org/variable#34	1
http://ex.org/variable#163 http://www.ibm.com/timex#oi http://ex.org/variable#35	1
http://ex.org/variable#163 http://www.ibm.com/timex#oi http://ex.org/variable#36	1
http://ex.org/variable#163 http://www.ibm.com/timex#bi_mi_oi http://ex.org/variable#37	1
http://ex.org/variable#163 http://www.ibm.com/timex#oi http://ex.org/variable#38	1
http://ex.org/variable#163 http://www.ibm.com/timex#di http://ex.org/variable#39	1
http://ex.org/variable#163 http://www.ibm.com/timex#oi http://ex.org/variable#40	1
http://ex.org/variable#163 http://www.ibm.com/timex#f http://ex.org/variable#41	1
http://ex.org/variable#163 http://www.ibm.com/timex#d http://ex.org/variable#42	1
http://ex.org/variable#163 http://www.ibm.com/timex#oi http://ex.org/variable#43	1
http://ex.org/variable#163 http://www.ibm.com/timex#oi http://ex.org/variable#44	1
http://ex.org/variable#163 http://www.ibm.com/timex#d http://ex.org/variable#45	1
http://ex.org/variable#163 http://www.ibm.com/timex#oi http://ex.org/variable#46	1
http://ex.org/variable#163 http://www.ibm.com/timex#oi http://ex.org/variable#47	1
http://ex.org/variable#163 http://www.ibm.com/timex#di http://ex.org/variable#48	1
http://ex.org/variable#163 http://www.ibm.com/timex#mi_oi http://ex.org/variable#49	1
http://ex.org/variable#163 http://www.ibm.com/timex#d http://ex.org/variable#50	1
http://ex.org/variable#163 http://www.ibm.com/timex#di http://ex.org/variable#51	1
http://ex.org/variable#163 http://www.ibm.com/timex#oi http://ex.org/variable#52	1
http://ex.org/variable#163 http://www.ibm.com/timex#oi http://ex.org/variable#53	1
http://ex.org/variable#163 http://www.ibm.com/timex#oi http://ex.org/variable#54	1
http://ex.org/variable#163 http://www.ibm.com/timex#oi http://ex.org/variable#55	1
http://ex.org/variable#163 http://www.ibm.com/timex#oi http://ex.org/variable#56	1
http://ex.org/variable#163 http://www.ibm.com/timex#oi http://ex.org/variable#57	1
http://ex.org/variable#163 http://www.ibm.com/timex#oi http://ex.org/variable#58	1
http://ex.org/variable#163 http://www.ibm.com/timex#d http://ex.org/variable#59	1
http://ex.org/variable#163 http://www.ibm.com/timex#d http://ex.org/variable#60	1
http://ex.org/variable#163 http://www.ibm.com/timex#d http://ex.org/variable#61	1
http://ex.org/variable#163 http://www.ibm.com/timex#d http://ex.org/variable#62	1
http://ex.org/variable#163 http://www.ibm.com/timex#oi http://ex.org/variable#63	1
http://ex.org/variable#163 http://www.ibm.com/timex#d http://ex.org/variable#64	1
http://ex.org/variable#163 http://www.ibm.com/timex#bi http://ex.org/variable#65	1
http://ex.org/variable#163 http://www.ibm.com/timex#bi http://ex.org/variable#66	1
http://ex.org/variable#163 http://www.ibm.com/timex#d http://ex.org/variable#67	1
http://ex.org/variable#163 http://www.ibm.com/timex#d http://ex.org/variable#68	1
http://ex.org/variable#163 http://www.ibm.com/timex#oi http://ex.org/variable#69	1
http://ex.org/variable#163 http://www.ibm.com/timex#d http://ex.org/variable#70	1
http://ex.org/variable#163 http://www.ibm.com/timex#oi http://ex.org/variable#71	1
http://ex.org/variable#163 http://www.ibm.com/timex#oi http://ex.org/variable#72	1
http://ex.org/variable#163 http://www.ibm.com/timex#oi http://ex.org/variable#73	1
http://ex.org/variable#163 http://www.ibm.com/timex#d http://ex.org/variable#74	1
http://ex.org/variable#163 http://www.ibm.com/timex#oi http://ex.org/variable#75	1
http://ex.org/variable#163 http://www.ibm.com/timex#oi http://ex.org/variable#76	1
http://ex.org/variable#163 http://www.ibm.com/timex#d http://ex.org/variable#77	1
http://ex.org/variable#163 http://www.ibm.com/timex#oi http://ex.org/variable#78	1
http://ex.org/variable#163 http://www.ibm.com/timex#oi http://ex.org/variable#79	1
http://ex.org/variable#163 http://www.ibm.com/timex#d http://ex.org/variable#80	1
http://ex.org/variable#163 http://www.ibm.com/timex#oi http://ex.org/variable#81	1
http://ex.org/variable#163 http://www.ibm.com/timex#oi http://ex.org/variable#82	1
http://ex.org/variable#163 http://www.ibm.com/timex#d http://ex.org/variable#83	1
http://ex.org/variable#163 http://www.ibm.com/timex#di http://ex.org/variable#84	1
http://ex.org/variable#163 http://www.ibm.com/timex#di http://ex.org/variable#85	1
http://ex.org/variable#163 http://www.ibm.com/timex#d http://ex.org/variable#86	1
http://ex.org/variable#163 http://www.ibm.com/timex#o http://ex.org/variable#87	1
http://ex.org/variable#163 http://www.ibm.com/timex#di http://ex.org/variable#88	1
http://ex.org/variable#163 http://www.ibm.com/timex#d http://ex.org/variable#89	1
http://ex.org/variable#163 http://www.ibm.com/timex#oi http://ex.org/variable#90	1
http://ex.org/variable#163 http://www.ibm.com/timex#d http://ex.org/variable#91	1
http://ex.org/variable#163 http://www.ibm.com/timex#o http://ex.org/variable#92	1
http://ex.org/variable#163 http://www.ibm.com/timex#oi http://ex.org/variable#93	1
http://ex.org/variable#163 http://www.ibm.com/timex#oi http://ex.org/variable#94	1
http://ex.org/variable#163 http://www.ibm.com/timex#di http://ex.org/variable#95	1
http://ex.org/variable#163 http://www.ibm.com/timex#bi http://ex.org/variable#96	1
http://ex.org/variable#163 http://www.ibm.com/timex#f http://ex.org/variable#97	1
http://ex.org/variable#163 http://www.ibm.com/timex#o http://ex.org/variable#98	1
http://ex.org/variable#163 http://www.ibm.com/timex#di http://ex.org/variable#99	1
http://ex.org/variable#163 http://www.ibm.com/timex#bi http://ex.org/variable#100	1
http://ex.org/variable#163 http://www.ibm.com/timex#d http://ex.org/variable#101	1
http://ex.org/variable#163 http://www.ibm.com/timex#di http://ex.org/variable#102	1
http://ex.org/variable#163 http://www.ibm.com/timex#oi http://ex.org/variable#103	1
http://ex.org/variable#163 http://www.ibm.com/timex#b http://ex.org/variable#104	1
http://ex.org/variable#163 http://www.ibm.com/timex#d http://ex.org/variable#105	1
http://ex.org/variable#163 http://www.ibm.com/timex#d http://ex.org/variable#106	1
http://ex.org/variable#163 http://www.ibm.com/timex#oi http://ex.org/variable#107	1
http://ex.org/variable#163 http://www.ibm.com/timex#oi http://ex.org/variable#108	1
http://ex.org/variable#163 http://www.ibm.com/timex#di http://ex.org/variable#109	1
http://ex.org/variable#163 http://www.ibm.com/timex#d http://ex.org/variable#110	1
http://ex.org/variable#163 http://www.ibm.com/timex#oi http://ex.org/variable#111	1
http://ex.org/variable#163 http://www.ibm.com/timex#oi http://ex.org/variable#112	1
http://ex.org/variable#163 http://www.ibm.com/timex#di http://ex.org/variable#113	1
http://ex.org/variable#163 http://www.ibm.com/timex#oi http://ex.org/variable#114	1
http://ex.org/variable#163 http://www.ibm.com/timex#fi http://ex.org/variable#115	1
http://ex.org/variable#163 http://www.ibm.com/timex#di http://ex.org/variable#116	1
http://ex.org/variable#163 http://www.ibm.com/timex#oi http://ex.org/variable#117	1
http://ex.org/variable#163 http://www.ibm.com/timex#oi http://ex.org/variable#118	1
http://ex.org/variable#163 http://www.ibm.com/timex#d http://ex.org/variable#119	1
http://ex.org/variable#163 http://www.ibm.com/timex#oi http://ex.org/variable#120	1
http://ex.org/variable#163 http://www.ibm.com/timex#fi http://ex.org/variable#121	1
http://ex.org/variable#163 http://www.ibm.com/timex#oi http://ex.org/variable#122	1
http://ex.org/variable#163 http://www.ibm.com/timex#d http://ex.org/variable#123	1
http://ex.org/variable#163 http://www.ibm.com/timex#oi http://ex.org/variable#124	1
http://ex.org/variable#163 http://www.ibm.com/timex#oi http://ex.org/variable#125	1
http://ex.org/variable#163 http://www.ibm.com/timex#di http://ex.org/variable#126	1
http://ex.org/variable#163 http://www.ibm.com/timex#di http://ex.org/variable#127	1
http://ex.org/variable#163 http://www.ibm.com/timex#d http://ex.org/variable#128	1
http://ex.org/variable#163 http://www.ibm.com/timex#oi http://ex.org/variable#129	1
http://ex.org/variable#163 http://www.ibm.com/timex#oi http://ex.org/variable#130	1
http://ex.org/variable#163 http://www.ibm.com/timex#o http://ex.org/variable#131	1
http://ex.org/variable#163 http://www.ibm.com/timex#d http://ex.org/variable#132	1
http://ex.org/variable#163 http://www.ibm.com/timex#d http://ex.org/variable#133	1
http://ex.org/variable#163 http://www.ibm.com/timex#oi http://ex.org/variable#134	1
http://ex.org/variable#163 http://www.ibm.com/timex#d http://ex.org/variable#135	1
http://ex.org/variable#163 http://www.ibm.com/timex#d http://ex.org/variable#136	1
http://ex.org/variable#163 http://www.ibm.com/timex#oi http://ex.org/variable#137	1
http://ex.org/variable#163 http://www.ibm.com/timex#o http://ex.org/variable#138	1
http://ex.org/variable#163 http://www.ibm.com/timex#oi http://ex.org/variable#139	1
http://ex.org/variable#163 http://www.ibm.com/timex#oi http://ex.org/variable#140	1
http://ex.org/variable#163 http://www.ibm.com/timex#d http://ex.org/variable#141	1
http://ex.org/variable#163 http://www.ibm.com/timex#oi http://ex.org/variable#142	1
http://ex.org/variable#163 http://www.ibm.com/timex#d http://ex.org/variable#143	1
http://ex.org/variable#163 http://www.ibm.com/timex#d http://ex.org/variable#144	1
http://ex.org/variable#163 http://www.ibm.com/timex#fi http://ex.org/variable#145	1
http://ex.org/variable#163 http://www.ibm.com/timex#d http://ex.org/variable#146	1
http://ex.org/variable#163 http://www.ibm.com/timex#oi http://ex.org/variable#147	1
http://ex.org/variable#163 http://www.ibm.com/timex#oi http://ex.org/variable#148	1
http://ex.org/variable#163 http://www.ibm.com/timex#bi_mi_oi http://ex.org/variable#149	1
http://ex.org/variable#163 http://www.ibm.com/timex#o http://ex.org/variable#150	1
http://ex.org/variable#163 http://www.ibm.com/timex#d http://ex.org/variable#151	1
http://ex.org/variable#163 http://www.ibm.com/timex#bi http://ex.org/variable#152	1
http://ex.org/variable#163 http://www.ibm.com/timex#d http://ex.org/variable#153	1
http://ex.org/variable#163 http://www.ibm.com/timex#oi http://ex.org/variable#154	1
http://ex.org/variable#163 http://www.ibm.com/timex#oi http://ex.org/variable#155	1
http://ex.org/variable#163 http://www.ibm.com/timex#oi http://ex.org/variable#156	1
http://ex.org/variable#163 http://www.ibm.com/timex#bi http://ex.org/variable#157	1
http://ex.org/variable#163 http://www.ibm.com/timex#oi http://ex.org/variable#158	1
http://ex.org/variable#163 http://www.ibm.com/timex#d http://ex.org/variable#159	1
http://ex.org/variable#163 http://www.ibm.com/timex#oi http://ex.org/variable#160	1
http://ex.org/variable#163 http://www.ibm.com/timex#oi http://ex.org/variable#161	1
http://ex.org/variable#163 http://www.ibm.com/timex#oi http://ex.org/variable#162	1
http://ex.org/variable#163 http://www.ibm.com/timex#d http://ex.org/variable#164	1
http://ex.org/variable#163 http://www.ibm.com/timex#oi http://ex.org/variable#165	1
http://ex.org/variable#163 http://www.ibm.com/timex#oi http://ex.org/variable#166	1
http://ex.org/variable#163 http://www.ibm.com/timex#oi http://ex.org/variable#167	1
http://ex.org/variable#163 http://www.ibm.com/timex#o http://ex.org/variable#168	1
http://ex.org/variable#163 http://www.ibm.com/timex#d http://ex.org/variable#169	1
http://ex.org/variable#163 http://www.ibm.com/timex#o http://ex.org/variable#170	1
http://ex.org/variable#163 http://www.ibm.com/timex#oi http://ex.org/variable#171	1
http://ex.org/variable#163 http://www.ibm.com/timex#bi http://ex.org/variable#172	1
http://ex.org/variable#163 http://www.ibm.com/timex#di http://ex.org/variable#173	1
http://ex.org/variable#163 http://www.ibm.com/timex#di http://ex.org/variable#174	1
http://ex.org/variable#163 http://www.ibm.com/timex#oi http://ex.org/variable#175	1
http://ex.org/variable#163 http://www.ibm.com/timex#d http://ex.org/variable#176	1
http://ex.org/variable#163 http://www.ibm.com/timex#oi http://ex.org/variable#177	1
http://ex.org/variable#163 http://www.ibm.com/timex#d http://ex.org/variable#178	1
http://ex.org/variable#163 http://www.ibm.com/timex#d http://ex.org/variable#179	1
http://ex.org/variable#163 http://www.ibm.com/timex#bi http://ex.org/variable#180	1
http://ex.org/variable#163 http://www.ibm.com/timex#bi http://ex.org/variable#181	1
http://ex.org/variable#163 http://www.ibm.com/timex#oi http://ex.org/variable#182	1
http://ex.org/variable#163 http://www.ibm.com/timex#o http://ex.org/variable#183	1
http://ex.org/variable#163 http://www.ibm.com/timex#oi http://ex.org/variable#184	1
http://ex.org/variable#163 http://www.ibm.com/timex#oi http://ex.org/variable#185	1
http://ex.org/variable#163 http://www.ibm.com/timex#fi http://ex.org/variable#186	1
http://ex.org/variable#163 http://www.ibm.com/timex#oi http://ex.org/variable#187	1
http://ex.org/variable#163 http://www.ibm.com/timex#di http://ex.org/variable#188	1
http://ex.org/variable#163 http://www.ibm.com/timex#oi http://ex.org/variable#189	1
http://ex.org/variable#164 http://www.ibm.com/timex#o_d_s http://ex.org/variable#0	1
http://ex.org/variable#164 http://www.ibm.com/timex#o http://ex.org/variable#1	1
http://ex.org/variable#164 http://www.ibm.com/timex#d http://ex.org/variable#2	1
http://ex.org/variable#164 http://www.ibm.com/timex#di http://ex.org/variable#3	1
http://ex.org/variable#164 http://www.ibm.com/timex#o_d_s http://ex.org/variable#4	1
http://ex.org/variable#164 http://www.ibm.com/timex#oi http://ex.org/variable#5	1
http://ex.org/variable#164 http://www.ibm.com/timex#di http://ex.org/variable#6	1
http://ex.org/variable#164 http://www.ibm.com/timex#d http://ex.org/variable#7	1
http://ex.org/variable#164 http://www.ibm.com/timex#bi http://ex.org/variable#8	1
http://ex.org/variable#164 http://www.ibm.com/timex#o http://ex.org/variable#9	1
http://ex.org/variable#164 http://www.ibm.com/timex#oi_di_si http://ex.org/variable#10	1
http://ex.org/variable#164 http://www.ibm.com/timex#oi_d_f http://ex.org/variable#11	1
http://ex.org/variable#164 http://www.ibm.com/timex#d http://ex.org/variable#12	1
http://ex.org/variable#164 http://www.ibm.com/timex#oi http://ex.org/variable#13	1
http://ex.org/variable#164 http://www.ibm.com/timex#di http://ex.org/variable#14	1
http://ex.org/variable#164 http://www.ibm.com/timex#oi http://ex.org/variable#15	1
http://ex.org/variable#164 http://www.ibm.com/timex#oi http://ex.org/variable#16	1
http://ex.org/variable#164 http://www.ibm.com/timex#di http://ex.org/variable#17	1
http://ex.org/variable#164 http://www.ibm.com/timex#oi http://ex.org/variable#18	1
http://ex.org/variable#164 http://www.ibm.com/timex#oi http://ex.org/variable#19	1
http://ex.org/variable#164 http://www.ibm.com/timex#d http://ex.org/variable#20	1
http://ex.org/variable#164 http://www.ibm.com/timex#di http://ex.org/variable#21	1
http://ex.org/variable#164 http://www.ibm.com/timex#d http://ex.org/variable#22	1
http://ex.org/variable#164 http://www.ibm.com/timex#oi http://ex.org/variable#23	1
http://ex.org/variable#164 http://www.ibm.com/timex#d http://ex.org/variable#24	1
http://ex.org/variable#164 http://www.ibm.com/timex#bi http://ex.org/variable#25	1
http://ex.org/variable#164 http://www.ibm.com/timex#di http://ex.org/variable#26	1
http://ex.org/variable#164 http://www.ibm.com/timex#oi http://ex.org/variable#27	1
http://ex.org/variable#164 http://www.ibm.com/timex#di http://ex.org/variable#28	1
http://ex.org/variable#164 http://www.ibm.com/timex#oi_di_si http://ex.org/variable#29	1
http://ex.org/variable#164 http://www.ibm.com/timex#di http://ex.org/variable#30	1
http://ex.org/variable#164 http://www.ibm.com/timex#oi http://ex.org/variable#31	1
http://ex.org/variable#164 http://www.ibm.com/timex#oi http://ex.org/variable#32	1
http://ex.org/variable#164 http://www.ibm.com/timex#o http://ex.org/variable#33	1
http://ex.org/variable#164 http://www.ibm.com/timex#oi http://ex.org/variable#34	1
http://ex.org/variable#164 http://www.ibm.com/timex#oi_di_si http://ex.org/variable#35	1
http://ex.org/variable#164 http://www.ibm.com/timex#oi http://ex.org/variable#36	1
http://ex.org/variable#164 http://www.ibm.com/timex#oi http://ex.org/variable#37	1
http://ex.org/variable#164 http://www.ibm.com/timex#oi http://ex.org/variable#38	1
http://ex.org/variable#164 http://www.ibm.com/timex#di http://ex.org/variable#39	1
http://ex.org/variable#164 http://www.ibm.com/timex#oi http://ex.org/variable#40	1
http://ex.org/variable#164 http://www.ibm.com/timex#oi http://ex.org/variable#41	1
http://ex.org/variable#164 http://www.ibm.com/timex#d http://ex.org/variable#42	1
http://ex.org/variable#164 http://www.ibm.com/timex#oi http://ex.org/variable#43	1
http://ex.org/variable#164 http://www.ibm.com/timex#oi http://ex.org/variable#44	1
http://ex.org/variable#164 http://www.ibm.com/timex#o_d http://ex.org/variable#45	1
http://ex.org/variable#164 http://www.ibm.com/timex#oi http://ex.org/variable#46	1
http://ex.org/variable#164 http://www.ibm.com/timex#oi http://ex.org/variable#47	1
http://ex.org/variable#164 http://www.ibm.com/timex#di http://ex.org/variable#48	1
http://ex.org/variable#164 http://www.ibm.com/timex#oi http://ex.org/variable#49	1
http://ex.org/variable#164 http://www.ibm.com/timex#o_d_s http://ex.org/variable#50	1
http://ex.org/variable#164 http://www.ibm.com/timex#di http://ex.org/variable#51	1
http://ex.org/variable#164 http://www.ibm.com/timex#oi http://ex.org/variable#52	1
http://ex.org/variable#164 http://www.ibm.com/timex#oi http://ex.org/variable#53	1
http://ex.org/variable#164 http://www.ibm.com/timex#oi http://ex.org/variable#54	1
http://ex.org/variable#164 http://www.ibm.com/timex#oi_di_si http://ex.org/variable#55	1
http://ex.org/variable#164 http://www.ibm.com/timex#oi http://ex.org/variable#56	1
http://ex.org/variable#164 http://www.ibm.com/timex#oi http://ex.org/variable#57	1
http://ex.org/variable#164 http://www.ibm.com/timex#oi http://ex.org/variable#58	1
http://ex.org/variable#164 http://www.ibm.com/timex#d http://ex.org/variable#59	1
http://ex.org/variable#164 http://www.ibm.com/timex#d http://ex.org/variable#60	1
http://ex.org/variable#164 http://www.ibm.com/timex#d http://ex.org/variable#61	1
http://ex.org/variable#164 http://www.ibm.com/timex#d http://ex.org/variable#62	1
http://ex.org/variable#164 http://www.ibm.com/timex#oi http://ex.org/variable#63	1
http://ex.org/variable#164 http://www.ibm.com/timex#oi_f http://ex.org/variable#64	1
http://ex.org/variable#164 http://www.ibm.com/timex#bi http://ex.org/variable#65	1
http://ex.org/variable#164 http://www.ibm.com/timex#oi http://ex.org/variable#66	1
http://ex.org/variable#164 http://www.ibm.com/timex#d http://ex.org/variable#67	1
http://ex.org/variable#164 http://www.ibm.com/timex#d_f http://ex.org/variable#68	1
http://ex.org/variable#164 http://www.ibm.com/timex#oi http://ex.org/variable#69	1
http://ex.org/variable#164 http://www.ibm.com/timex#d http://ex.org/variable#70	1
http://ex.org/variable#164 http://www.ibm.com/timex#oi http://ex.org/variable#71	1
http://ex.org/variable#164 http://www.ibm.com/timex#oi_di_si http://ex.org/variable#72	1
http://ex.org/variable#164 http://www.ibm.com/timex#oi http://ex.org/variable#73	1
http://ex.org/variable#164 http://www.ibm.com/timex#oi_d_f http://ex.org/variable#74	1
http://ex.org/variable#164 http://www.ibm.com/timex#oi http://ex.org/variable#75	1
http://ex.org/variable#164 http://www.ibm.com/timex#oi http://ex.org/variable#76	1
http://ex.org/variable#164 http://www.ibm.com/timex#d http://ex.org/variable#77	1
http://ex.org/variable#164 http://www.ibm.com/timex#oi http://ex.org/variable#78	1
http://ex.org/variable#164 http://www.ibm.com/timex#oi http://ex.org/variable#79	1
http://ex.org/variable#164 http://www.ibm.com/timex#d http://ex.org/variable#80	1
http://ex.org/variable#164 http://www.ibm.com/timex#oi http://ex.org/variable#81	1
http://ex.org/variable#164 http://www.ibm.com/timex#oi http://ex.org/variable#82	1
http://ex.org/variable#164 http://www.ibm.com/timex#oi http://ex.org/variable#83	1
http://ex.org/variable#164 http://www.ibm.com/timex#di http://ex.org/variable#84	1
http://ex.org/variable#164 http://www.ibm.com/timex#di http://ex.org/variable#85	1
http://ex.org/variable#164 http://www.ibm.com/timex#d http://ex.org/variable#86	1
http://ex.org/variable#164 http://www.ibm.com/timex#o http://ex.org/variable#87	1
http://ex.org/variable#164 http://www.ibm.com/timex#di http://ex.org/variable#88	1
http://ex.org/variable#164 http://www.ibm.com/timex#d http://ex.org/variable#89	1
http://ex.org/variable#164 http://www.ibm.com/timex#oi_di_si http://ex.org/variable#90	1
http://ex.org/variable#164 http://www.ibm.com/timex#d http://ex.org/variable#91	1
http://ex.org/variable#164 http://www.ibm.com/timex#o http://ex.org/variable#92	1
http://ex.org/variable#164 http://www.ibm.com/timex#oi http://ex.org/variable#93	1
http://ex.org/variable#164 http://www.ibm.com/timex#oi http://ex.org/variable#94	1
http://ex.org/variable#164 http://www.ibm.com/timex#di http://ex.org/variable#95	1
http://ex.org/variable#164 http://www.ibm.com/timex#bi http://ex.org/variable#96	1
http://ex.org/variable#164 http://www.ibm.com/timex#oi_di_si http://ex.org/variable#97	1
http://ex.org/variable#164 http://www.ibm.com/timex#o_fi http://ex.org/variable#98	1
http://ex.org/variable#164 http://www.ibm.com/timex#di http://ex.org/variable#99	1
http://ex.org/variable#164 http://www.ibm.com/timex#bi_oi http://ex.org/variable#100	1
http://ex.org/variable#164 http://www.ibm.com/timex#d http://ex.org/variable#101	1
http://ex.org/variable#164 http://www.ibm.com/timex#di http://ex.org/variable#102	1
http://ex.org/variable#164 http://www.ibm.com/timex#oi http://ex.org/variable#103	1
http://ex.org/variable#164 http://www.ibm.com/timex#di_fi http://ex.org/variable#104	1
http://ex.org/variable#164 http://www.ibm.com/timex#oi http://ex.org/variable#105	1
http://ex.org/variable#164 http://www.ibm.com/timex#d http://ex.org/variable#106	1
http://ex.org/variable#164 http://www.ibm.com/timex#oi http://ex.org/variable#107	1
http://ex.org/variable#164 http://www.ibm.com/timex#oi_di_si http://ex.org/variable#108	1
http://ex.org/variable#164 http://www.ibm.com/timex#di http://ex.org/variable#109	1
http://ex.org/variable#164 http://www.ibm.com/timex#oi_d http://ex.org/variable#110	1
http://ex.org/variable#164 http://www.ibm.com/timex#oi http://ex.org/variable#111	1
http://ex.org/variable#164 http://www.ibm.com/timex#oi http://ex.org/variable#112	1
http://ex.org/variable#164 http://www.ibm.com/timex#di http://ex.org/variable#113	1
http://ex.org/variable#164 http://www.ibm.com/timex#oi http://ex.org/variable#114	1
http://ex.org/variable#164 http://www.ibm.com/timex#di http://ex.org/variable#115	1
http://ex.org/variable#164 http://www.ibm.com/timex#di http://ex.org/variable#116	1
http://ex.org/variable#164 http://www.ibm.com/timex#oi http://ex.org/variable#117	1
http://ex.org/variable#164 http://www.ibm.com/timex#oi http://ex.org/variable#118	1
http://ex.org/variable#164 http://www.ibm.com/timex#oi http://ex.org/variable#119	1
http://ex.org/variable#164 http://www.ibm.com/timex#oi http://ex.org/variable#120	1
http://ex.org/variable#164 http://www.ibm.com/timex#di http://ex.org/variable#121	1
http://ex.org/variable#164 http://www.ibm.com/timex#oi http://ex.org/variable#122	1
http://ex.org/variable#164 http://www.ibm.com/timex#o_d_s http://ex.org/variable#123	1
http://ex.org/variable#164 http://www.ibm.com/timex#oi http://ex.org/variable#124	1
http://ex.org/variable#164 http://www.ibm.com/timex#oi http://ex.org/variable#125	1
http://ex.org/variable#164 http://www.ibm.com/timex#di http://ex.org/variable#126	1
http://ex.org/variable#164 http://www.ibm.com/timex#di http://ex.org/variable#127	1
http://ex.org/variable#164 http://www.ibm.com/timex#o_d http://ex.org/variable#128	1
http://ex.org/variable#164 http://www.ibm.com/timex#oi http://ex.org/variable#129	1
http://ex.org/variable#164 http://www.ibm.com/timex#oi http://ex.org/variable#130	1
http://ex.org/variable#164 http://www.ibm.com/timex#o http://ex.org/variable#131	1
http://ex.org/variable#164 http://www.ibm.com/timex#oi http://ex.org/variable#132	1
http://ex.org/variable#164 http://www.ibm.com/timex#o_d_s http://ex.org/variable#133	1
http://ex.org/variable#164 http://www.ibm.com/timex#oi http://ex.org/variable#134	1
http://ex.org/variable#164 http://www.ibm.com/timex#d http://ex.org/variable#135	1
http://ex.org/variable#164 http://www.ibm.com/timex#d http://ex.org/variable#136	1
http://ex.org/variable#164 http://www.ibm.com/timex#oi_di_si http://ex.org/variable#137	1
http://ex.org/variable#164 http://www.ibm.com/timex#o_di_fi http://ex.org/variable#138	1
http://ex.org/variable#164 http://www.ibm.com/timex#oi http://ex.org/variable#139	1
http://ex.org/variable#164 http://www.ibm.com/timex#oi http://ex.org/variable#140	1
http://ex.org/variable#164 http://www.ibm.com/timex#d http://ex.org/variable#141	1
http://ex.org/variable#164 http://www.ibm.com/timex#oi http://ex.org/variable#142	1
http://ex.org/variable#164 http://www.ibm.com/timex#d http://ex.org/variable#143	1
http://ex.org/variable#164 http://www.ibm.com/timex#d http://ex.org/variable#144	1
http://ex.org/variable#164 http://www.ibm.com/timex#di http://ex.org/variable#145	1
http://ex.org/variable#164 http://www.ibm.com/timex#o_d_s http://ex.org/variable#146	1
http://ex.org/variable#164 http://www.ibm.com/timex#oi http://ex.org/variable#147	1
http://ex.org/variable#164 http://www.ibm.com/timex#oi http://ex.org/variable#148	1
http://ex.org/variable#164 http://www.ibm.com/timex#mi_oi http://ex.org/variable#149	1
http://ex.org/variable#164 http://www.ibm.com/timex#o http://ex.org/variable#150	1
http://ex.org/variable#164 http://www.ibm.com/timex#d http://ex.org/variable#151	1
http://ex.org/variable#164 http://www.ibm.com/timex#bi http://ex.org/variable#152	1
http://ex.org/variable#164 http://www.ibm.com/timex#d http://ex.org/variable#153	1
http://ex.org/variable#164 http://www.ibm.com/timex#oi_di_si http://ex.org/variable#154	1
http://ex.org/variable#164 http://www.ibm.com/timex#oi http://ex.org/variable#155	1
http://ex.org/variable#164 http://www.ibm.com/timex#oi http://ex.org/variable#156	1
http://ex.org/variable#164 http://www.ibm.com/timex#bi http://ex.org/variable#157	1
http://ex.org/variable#164 http://www.ibm.com/timex#oi http://ex.org/variable#158	1
http://ex.org/variable#164 http://www.ibm.com/timex#o http://ex.org/variable#159	1
http://ex.org/variable#164 http://www.ibm.com/timex#oi http://ex.org/variable#160	1
http://ex.org/variable#164 http://www.ibm.com/timex#oi_di_si http://ex.org/variable#161	1
http://ex.org/variable#164 http://www.ibm.com/timex#oi http://ex.org/variable#162	1
http://ex.org/variable#164 http://www.ibm.com/timex#di http://ex.org/variable#163	1
http://ex.org/variable#164 http://www.ibm.com/timex#oi http://ex.org/variable#165	1
http://ex.org/variable#164 http://www.ibm.com/timex#oi http://ex.org/variable#166	1
http://ex.org/variable#164 http://www.ibm.com/timex#oi http://ex.org/variable#167	1
http://ex.org/variable#164 http://www.ibm.com/timex#o http://ex.org/variable#168	1
http://ex.org/variable#164 http://www.ibm.com/timex#oi http://ex.org/variable#169	1
http://ex.org/variable#164 http://www.ibm.com/timex#o_di http://ex.org/variable#170	1
http://ex.org/variable#164 http://www.ibm.com/timex#oi http://ex.org/variable#171	1
http://ex.org/variable#164 http://www.ibm.com/timex#bi http://ex.org/variable#172	1
http://ex.org/variable#164 http://www.ibm.com/timex#di http://ex.org/variable#173	1
http://ex.org/variable#164 http://www.ibm.com/timex#di http://ex.org/variable#174	1
http://ex.org/variable#164 http://www.ibm.com/timex#oi http://ex.org/variable#175	1
http://ex.org/variable#164 http://www.ibm.com/timex#o http://ex.org/variable#176	1
http://ex.org/variable#164 http://www.ibm.com/timex#oi http://ex.org/variable#177	1
http://ex.org/variable#164 http://www.ibm.com/timex#d http://ex.org/variable#178	1
http://ex.org/variable#164 http://www.ibm.com/timex#di http://ex.org/variable#179	1
http://ex.org/variable#164 http://www.ibm.com/timex#bi http://ex.org/variable#180	1
http://ex.org/variable#164 http://www.ibm.com/timex#bi_oi http://ex.org/variable#181	1
http://ex.org/variable#164 http://www.ibm.com/timex#di http://ex.org/variable#182	1
http://ex.org/variable#164 http://www.ibm.com/timex#di http://ex.org/variable#183	1
http://ex.org/variable#164 http://www.ibm.com/timex#oi http://ex.org/variable#184	1
http://ex.org/variable#164 http://www.ibm.com/timex#oi http://ex.org/variable#185	1
http://ex.org/variable#164 http://www.ibm.com/timex#di http://ex.org/variable#186	1
http://ex.org/variable#164 http://www.ibm.com/timex#oi http://ex.org/variable#187	1
http://ex.org/variable#164 http://www.ibm.com/timex#di http://ex.org/variable#188	1
http://ex.org/variable#164 http://www.ibm.com/timex#oi_di_si http://ex.org/variable#189	1
http://ex.org/variable#165 http://www.ibm.com/timex#o_s http://ex.org/variable#0	1
http://ex.org/variable#165 http://www.ibm.com/timex#b http://ex.org/variable#1	1
http://ex.org/variable#165 http://www.ibm.com/timex#d http://ex.org/variable#2	1
http://ex.org/variable#165 http://www.ibm.com/timex#o http://ex.org/variable#3	1
http://ex.org/variable#165 http://www.ibm.com/timex#o http://ex.org/variable#4	1
http://ex.org/variable#165 http://www.ibm.com/timex#oi_d_f http://ex.org/variable#5	1
http://ex.org/variable#165 http://www.ibm.com/timex#b http://ex.org/variable#6	1
http://ex.org/variable#165 http://www.ibm.com/timex#d http://ex.org/variable#7	1
http://ex.org/variable#165 http://www.ibm.com/timex#bi http://ex.org/variable#8	1
http://ex.org/variable#165 http://www.ibm.com/timex#o http://ex.org/variable#9	1
http://ex.org/variable#165 http://www.ibm.com/timex#o http://ex.org/variable#10	1
http://ex.org/variable#165 http://www.ibm.com/timex#d http://ex.org/variable#11	1
http://ex.org/variable#165 http://www.ibm.com/timex#d http://ex.org/variable#12	1
http://ex.org/variable#165 http://www.ibm.com/timex#oi http://ex.org/variable#13	1
http://ex.org/variable#165 http://www.ibm.com/timex#o http://ex.org/variable#14	1
http://ex.org/variable#165 http://www.ibm.com/timex#d http://ex.org/variable#15	1
http://ex.org/variable#165 http://www.ibm.com/timex#d http://ex.org/variable#16	1
http://ex.org/variable#165 http://www.ibm.com/timex#b http://ex.org/variable#17	1
http://ex.org/variable#165 http://www.ibm.com/timex#d http://ex.org/variable#18	1
http://ex.org/variable#165 http://www.ibm.com/timex#oi http://ex.org/variable#19	1
http://ex.org/variable#165 http://www.ibm.com/timex#d http://ex.org/variable#20	1
http://ex.org/variable#165 http://www.ibm.com/timex#b http://ex.org/variable#21	1
http://ex.org/variable#165 http://www.ibm.com/timex#d http://ex.org/variable#22	1
http://ex.org/variable#165 http://www.ibm.com/timex#oi http://ex.org/variable#23	1
http://ex.org/variable#165 http://www.ibm.com/timex#d http://ex.org/variable#24	1
http://ex.org/variable#165 http://www.ibm.com/timex#bi http://ex.org/variable#25	1
http://ex.org/variable#165 http://www.ibm.com/timex#b http://ex.org/variable#26	1
http://ex.org/variable#165 http://www.ibm.com/timex#oi http://ex.org/variable#27	1
http://ex.org/variable#165 http://www.ibm.com/timex#o http://ex.org/variable#28	1
http://ex.org/variable#165 http://www.ibm.com/timex#o_s http://ex.org/variable#29	1
http://ex.org/variable#165 http://www.ibm.com/timex#di http://ex.org/variable#30	1
http://ex.org/variable#165 http://www.ibm.com/timex#oi http://ex.org/variable#31	1
http://ex.org/variable#165 http://www.ibm.com/timex#oi http://ex.org/variable#32	1
http://ex.org/variable#165 http://www.ibm.com/timex#b http://ex.org/variable#33	1
http://ex.org/variable#165 http://www.ibm.com/timex#d http://ex.org/variable#34	1
http://ex.org/variable#165 http://www.ibm.com/timex#di http://ex.org/variable#35	1
http://ex.org/variable#165 http://www.ibm.com/timex#oi http://ex.org/variable#36	1
http://ex.org/variable#165 http://www.ibm.com/timex#oi http://ex.org/variable#37	1
http://ex.org/variable#165 http://www.ibm.com/timex#d http://ex.org/variable#38	1
http://ex.org/variable#165 http://www.ibm.com/timex#b http://ex.org/variable#39	1
http://ex.org/variable#165 http://www.ibm.com/timex#d http://ex.org/variable#40	1
http://ex.org/variable#165 http://www.ibm.com/timex#d http://ex.org/variable#41	1
http://ex.org/variable#165 http://www.ibm.com/timex#d http://ex.org/variable#42	1
http://ex.org/variable#165 http://www.ibm.com/timex#d http://ex.org/variable#43	1
http://ex.org/variable#165 http://www.ibm.com/timex#d http://ex.org/variable#44	1
http://ex.org/variable#165 http://www.ibm.com/timex#o http://ex.org/variable#45	1
http://ex.org/variable#165 http://www.ibm.com/timex#d http://ex.org/variable#46	1
http://ex.org/variable#165 http://www.ibm.com/timex#d http://ex.org/variable#47	1
http://ex.org/variable#165 http://www.ibm.com/timex#b http://ex.org/variable#48	1
http://ex.org/variable#165 http://www.ibm.com/timex#oi http://ex.org/variable#49	1
http://ex.org/variable#165 http://www.ibm.com/timex#o http://ex.org/variable#50	1
http://ex.org/variable#165 http://www.ibm.com/timex#b http://ex.org/variable#51	1
http://ex.org/variable#165 http://www.ibm.com/timex#d http://ex.org/variable#52	1
http://ex.org/variable#165 http://www.ibm.com/timex#d http://ex.org/variable#53	1
http://ex.org/variable#165 http://www.ibm.com/timex#d http://ex.org/variable#54	1
http://ex.org/variable#165 http://www.ibm.com/timex#o http://ex.org/variable#55	1
http://ex.org/variable#165 http://www.ibm.com/timex#oi http://ex.org/variable#56	1
http://ex.org/variable#165 http://www.ibm.com/timex#d http://ex.org/variable#57	1
http://ex.org/variable#165 http://www.ibm.com/timex#d http://ex.org/variable#58	1
http://ex.org/variable#165 http://www.ibm.com/timex#d http://ex.org/variable#59	1
http://ex.org/variable#165 http://www.ibm.com/timex#d http://ex.org/variable#60	1
http://ex.org/variable#165 http://www.ibm.com/timex#d http://ex.org/variable#61	1
http://ex.org/variable#165 http://www.ibm.com/timex#d http://ex.org/variable#62	1
http://ex.org/variable#165 http://www.ibm.com/timex#d http://ex.org/variable#63	1
http://ex.org/variable#165 http://www.ibm.com/timex#d http://ex.org/variable#64	1
http://ex.org/variable#165 http://www.ibm.com/timex#bi http://ex.org/variable#65	1
http://ex.org/variable#165 http://www.ibm.com/timex#oi http://ex.org/variable#66	1
http://ex.org/variable#165 http://www.ibm.com/timex#d http://ex.org/variable#67	1
http://ex.org/variable#165 http://www.ibm.com/timex#d http://ex.org/variable#68	1
http://ex.org/variable#165 http://www.ibm.com/timex#d http://ex.org/variable#69	1
http://ex.org/variable#165 http://www.ibm.com/timex#d http://ex.org/variable#70	1
http://ex.org/variable#165 http://www.ibm.com/timex#d http://ex.org/variable#71	1
http://ex.org/variable#165 http://www.ibm.com/timex#o http://ex.org/variable#72	1
http://ex.org/variable#165 http://www.ibm.com/timex#d http://ex.org/variable#73	1
http://ex.org/variable#165 http://www.ibm.com/timex#d http://ex.org/variable#74	1
http://ex.org/variable#165 http://www.ibm.com/timex#d http://ex.org/variable#75	1
http://ex.org/variable#165 http://www.ibm.com/timex#d http://ex.org/variable#76	1
http://ex.org/variable#165 http://www.ibm.com/timex#d http://ex.org/variable#77	1
http://ex.org/variable#165 http://www.ibm.com/timex#d http://ex.org/variable#78	1
http://ex.org/variable#165 http://www.ibm.com/timex#oi_d_f http://ex.org/variable#79	1
http://ex.org/variable#165 http://www.ibm.com/timex#d http://ex.org/variable#80	1
http://ex.org/variable#165 http://www.ibm.com/timex#d http://ex.org/variable#81	1
http://ex.org/variable#165 http://www.ibm.com/timex#oi http://ex.org/variable#82	1
http://ex.org/variable#165 http://www.ibm.com/timex#d http://ex.org/variable#83	1
http://ex.org/variable#165 http://www.ibm.com/timex#o http://ex.org/variable#84	1
http://ex.org/variable#165 http://www.ibm.com/timex#b http://ex.org/variable#85	1
http://ex.org/variable#165 http://www.ibm.com/timex#d http://ex.org/variable#86	1
http://ex.org/variable#165 http://www.ibm.com/timex#o http://ex.org/variable#87	1
http://ex.org/variable#165 http://www.ibm.com/timex#b http://ex.org/variable#88	1
http://ex.org/variable#165 http://www.ibm.com/timex#d http://ex.org/variable#89	1
http://ex.org/variable#165 http://www.ibm.com/timex#o_s http://ex.org/variable#90	1
http://ex.org/variable#165 http://www.ibm.com/timex#d http://ex.org/variable#91	1
http://ex.org/variable#165 http://www.ibm.com/timex#o http://ex.org/variable#92	1
http://ex.org/variable#165 http://www.ibm.com/timex#d http://ex.org/variable#93	1
http://ex.org/variable#165 http://www.ibm.com/timex#d http://ex.org/variable#94	1
http://ex.org/variable#165 http://www.ibm.com/timex#di http://ex.org/variable#95	1
http://ex.org/variable#165 http://www.ibm.com/timex#bi http://ex.org/variable#96	1
http://ex.org/variable#165 http://www.ibm.com/timex#o_s http://ex.org/variable#97	1
http://ex.org/variable#165 http://www.ibm.com/timex#b http://ex.org/variable#98	1
http://ex.org/variable#165 http://www.ibm.com/timex#b http://ex.org/variable#99	1
http://ex.org/variable#165 http://www.ibm.com/timex#oi http://ex.org/variable#100	1
http://ex.org/variable#165 http://www.ibm.com/timex#d http://ex.org/variable#101	1
http://ex.org/variable#165 http://www.ibm.com/timex#b http://ex.org/variable#102	1
http://ex.org/variable#165 http://www.ibm.com/timex#d http://ex.org/variable#103	1
http://ex.org/variable#165 http://www.ibm.com/timex#b http://ex.org/variable#104	1
http://ex.org/variable#165 http://www.ibm.com/timex#d http://ex.org/variable#105	1
http://ex.org/variable#165 http://www.ibm.com/timex#d http://ex.org/variable#106	1
http://ex.org/variable#165 http://www.ibm.com/timex#d http://ex.org/variable#107	1
http://ex.org/variable#165 http://www.ibm.com/timex#o_di_fi http://ex.org/variable#108	1
http://ex.org/variable#165 http://www.ibm.com/timex#b http://ex.org/variable#109	1
http://ex.org/variable#165 http://www.ibm.com/timex#d http://ex.org/variable#110	1
http://ex.org/variable#165 http://www.ibm.com/timex#d http://ex.org/variable#111	1
http://ex.org/variable#165 http://www.ibm.com/timex#d http://ex.org/variable#112	1
http://ex.org/variable#165 http://www.ibm.com/timex#di http://ex.org/variable#113	1
http://ex.org/variable#165 http://www.ibm.com/timex#d http://ex.org/variable#114	1
http://ex.org/variable#165 http://www.ibm.com/timex#b http://ex.org/variable#115	1
http://ex.org/variable#165 http://www.ibm.com/timex#b http://ex.org/variable#116	1
http://ex.org/variable#165 http://www.ibm.com/timex#oi http://ex.org/variable#117	1
http://ex.org/variable#165 http://www.ibm.com/timex#d http://ex.org/variable#118	1
http://ex.org/variable#165 http://www.ibm.com/timex#d http://ex.org/variable#119	1
http://ex.org/variable#165 http://www.ibm.com/timex#oi http://ex.org/variable#120	1
http://ex.org/variable#165 http://www.ibm.com/timex#b http://ex.org/variable#121	1
http://ex.org/variable#165 http://www.ibm.com/timex#d http://ex.org/variable#122	1
http://ex.org/variable#165 http://www.ibm.com/timex#o http://ex.org/variable#123	1
http://ex.org/variable#165 http://www.ibm.com/timex#oi http://ex.org/variable#124	1
http://ex.org/variable#165 http://www.ibm.com/timex#d http://ex.org/variable#125	1
http://ex.org/variable#165 http://www.ibm.com/timex#o http://ex.org/variable#126	1
http://ex.org/variable#165 http://www.ibm.com/timex#b http://ex.org/variable#127	1
http://ex.org/variable#165 http://www.ibm.com/timex#o http://ex.org/variable#128	1
http://ex.org/variable#165 http://www.ibm.com/timex#oi http://ex.org/variable#129	1
http://ex.org/variable#165 http://www.ibm.com/timex#oi http://ex.org/variable#130	1
http://ex.org/variable#165 http://www.ibm.com/timex#b http://ex.org/variable#131	1
http://ex.org/variable#165 http://www.ibm.com/timex#d http://ex.org/variable#132	1
http://ex.org/variable#165 http://www.ibm.com/timex#o http://ex.org/variable#133	1
http://ex.org/variable#165 http://www.ibm.com/timex#d http://ex.org/variable#134	1
http://ex.org/variable#165 http://www.ibm.com/timex#d http://ex.org/variable#135	1
http://ex.org/variable#165 http://www.ibm.com/timex#d http://ex.org/variable#136	1
http://ex.org/variable#165 http://www.ibm.com/timex#o http://ex.org/variable#137	1
http://ex.org/variable#165 http://www.ibm.com/timex#b http://ex.org/variable#138	1
http://ex.org/variable#165 http://www.ibm.com/timex#oi http://ex.org/variable#139	1
http://ex.org/variable#165 http://www.ibm.com/timex#oi http://ex.org/variable#140	1
http://ex.org/variable#165 http://www.ibm.com/timex#d http://ex.org/variable#141	1
http://ex.org/variable#165 http://www.ibm.com/timex#d http://ex.org/variable#142	1
http://ex.org/variable#165 http://www.ibm.com/timex#d http://ex.org/variable#143	1
http://ex.org/variable#165 http://www.ibm.com/timex#d http://ex.org/variable#144	1
http://ex.org/variable#165 http://www.ibm.com/timex#b http://ex.org/variable#145	1
http://ex.org/variable#165 http://www.ibm.com/timex#o http://ex.org/variable#146	1
http://ex.org/variable#165 http://www.ibm.com/timex#d http://ex.org/variable#147	1
http://ex.org/variable#165 http://www.ibm.com/timex#d http://ex.org/variable#148	1
http://ex.org/variable#165 http://www.ibm.com/timex#oi http://ex.org/variable#149	1
http://ex.org/variable#165 http://www.ibm.com/timex#b http://ex.org/variable#150	1
http://ex.org/variable#165 http://www.ibm.com/timex#d http://ex.org/variable#151	1
http://ex.org/variable#165 http://www.ibm.com/timex#bi http://ex.org/variable#152	1
http://ex.org/variable#165 http://www.ibm.com/timex#d http://ex.org/variable#153	1
http://ex.org/variable#165 http://www.ibm.com/timex#o http://ex.org/variable#154	1
http://ex.org/variable#165 http://www.ibm.com/timex#d http://ex.org/variable#155	1
http://ex.org/variable#165 http://www.ibm.com/timex#d http://ex.org/variable#156	1
http://ex.org/variable#165 http://www.ibm.com/timex#bi http://ex.org/variable#157	1
http://ex.org/variable#165 http://www.ibm.com/timex#d http://ex.org/variable#158	1
http://ex.org/variable#165 http://www.ibm.com/timex#o http://ex.org/variable#159	1
http://ex.org/variable#165 http://www.ibm.com/timex#d http://ex.org/variable#160	1
http://ex.org/variable#165 http://www.ibm.com/timex#o http://ex.org/variable#161	1
http://ex.org/variable#165 http://www.ibm.com/timex#oi http://ex.org/variable#162	1
http://ex.org/variable#165 http://www.ibm.com/timex#o http://ex.org/variable#163	1
http://ex.org/variable#165 http://www.ibm.com/timex#o http://ex.org/variable#164	1
http://ex.org/variable#165 http://www.ibm.com/timex#d http://ex.org/variable#166	1
http://ex.org/variable#165 http://www.ibm.com/timex#d http://ex.org/variable#167	1
http://ex.org/variable#165 http://www.ibm.com/timex#o http://ex.org/variable#168	1
http://ex.org/variable#165 http://www.ibm.com/timex#d http://ex.org/variable#169	1
http://ex.org/variable#165 http://www.ibm.com/timex#b http://ex.org/variable#170	1
http://ex.org/variable#165 http://www.ibm.com/timex#d http://ex.org/variable#171	1
http://ex.org/variable#165 http://www.ibm.com/timex#bi http://ex.org/variable#172	1
http://ex.org/variable#165 http://www.ibm.com/timex#b http://ex.org/variable#173	1
http://ex.org/variable#165 http://www.ibm.com/timex#o http://ex.org/variable#174	1
http://ex.org/variable#165 http://www.ibm.com/timex#d http://ex.org/variable#175	1
http://ex.org/variable#165 http://www.ibm.com/timex#o http://ex.org/variable#176	1
http://ex.org/variable#165 http://www.ibm.com/timex#d http://ex.org/variable#177	1
http://ex.org/variable#165 http://www.ibm.com/timex#d http://ex.org/variable#178	1
http://ex.org/variable#165 http://www.ibm.com/timex#o http://ex.org/variable#179	1
http://ex.org/variable#165 http://www.ibm.com/timex#bi http://ex.org/variable#180	1
http://ex.org/variable#165 http://www.ibm.com/timex#oi http://ex.org/variable#181	1
http://ex.org/variable#165 http://www.ibm.com/timex#di http://ex.org/variable#182	1
http://ex.org/variable#165 http://www.ibm.com/timex#b http://ex.org/variable#183	1
http://ex.org/variable#165 http://www.ibm.com/timex#d http://ex.org/variable#184	1
http://ex.org/variable#165 http://www.ibm.com/timex#d http://ex.org/variable#185	1
http://ex.org/variable#165 http://www.ibm.com/timex#o http://ex.org/variable#186	1
http://ex.org/variable#165 http://www.ibm.com/timex#d http://ex.org/variable#187	1
http://ex.org/variable#165 http://www.ibm.com/timex#o http://ex.org/variable#188	1
http://ex.org/variable#165 http://www.ibm.com/timex#o http://ex.org/variable#189	1
http://ex.org/variable#166 http://www.ibm.com/timex#o http://ex.org/variable#0	1
http://ex.org/variable#166 http://www.ibm.com/timex#b http://ex.org/variable#1	1
http://ex.org/variable#166 http://www.ibm.com/timex#o http://ex.org/variable#2	1
http://ex.org/variable#166 http://www.ibm.com/timex#o http://ex.org/variable#3	1
http://ex.org/variable#166 http://www.ibm.com/timex#o http://ex.org/variable#4	1
http://ex.org/variable#166 http://www.ibm.com/timex#di http://ex.org/variable#5	1
http://ex.org/variable#166 http://www.ibm.com/timex#o http://ex.org/variable#6	1
http://ex.org/variable#166 http://www.ibm.com/timex#o http://ex.org/variable#7	1
http://ex.org/variable#166 http://www.ibm.com/timex#di http://ex.org/variable#8	1
http://ex.org/variable#166 http://www.ibm.com/timex#o http://ex.org/variable#9	1
http://ex.org/variable#166 http://www.ibm.com/timex#o http://ex.org/variable#10	1
http://ex.org/variable#166 http://www.ibm.com/timex#o http://ex.org/variable#11	1
http://ex.org/variable#166 http://www.ibm.com/timex#d http://ex.org/variable#12	1
http://ex.org/variable#166 http://www.ibm.com/timex#di http://ex.org/variable#13	1
http://ex.org/variable#166 http://www.ibm.com/timex#o http://ex.org/variable#14	1
http://ex.org/variable#166 http://www.ibm.com/timex#o http://ex.org/variable#15	1
http://ex.org/variable#166 http://www.ibm.com/timex#o http://ex.org/variable#16	1
http://ex.org/variable#166 http://www.ibm.com/timex#b http://ex.org/variable#17	1
http://ex.org/variable#166 http://www.ibm.com/timex#o http://ex.org/variable#18	1
http://ex.org/variable#166 http://www.ibm.com/timex#di http://ex.org/variable#19	1
http://ex.org/variable#166 http://www.ibm.com/timex#s http://ex.org/variable#20	1
http://ex.org/variable#166 http://www.ibm.com/timex#b http://ex.org/variable#21	1
http://ex.org/variable#166 http://www.ibm.com/timex#o http://ex.org/variable#22	1
http://ex.org/variable#166 http://www.ibm.com/timex#di http://ex.org/variable#23	1
http://ex.org/variable#166 http://www.ibm.com/timex#o http://ex.org/variable#24	1
http://ex.org/variable#166 http://www.ibm.com/timex#di http://ex.org/variable#25	1
http://ex.org/variable#166 http://www.ibm.com/timex#b http://ex.org/variable#26	1
http://ex.org/variable#166 http://www.ibm.com/timex#oi http://ex.org/variable#27	1
http://ex.org/variable#166 http://www.ibm.com/timex#o http://ex.org/variable#28	1
http://ex.org/variable#166 http://www.ibm.com/timex#o http://ex.org/variable#29	1
http://ex.org/variable#166 http://www.ibm.com/timex#di http://ex.org/variable#30	1
http://ex.org/variable#166 http://www.ibm.com/timex#oi http://ex.org/variable#31	1
http://ex.org/variable#166 http://www.ibm.com/timex#di http://ex.org/variable#32	1
http://ex.org/variable#166 http://www.ibm.com/timex#b http://ex.org/variable#33	1
http://ex.org/variable#166 http://www.ibm.com/timex#o http://ex.org/variable#34	1
http://ex.org/variable#166 http://www.ibm.com/timex#di http://ex.org/variable#35	1
http://ex.org/variable#166 http://www.ibm.com/timex#di http://ex.org/variable#36	1
http://ex.org/variable#166 http://www.ibm.com/timex#di http://ex.org/variable#37	1
http://ex.org/variable#166 http://www.ibm.com/timex#o http://ex.org/variable#38	1
http://ex.org/variable#166 http://www.ibm.com/timex#b http://ex.org/variable#39	1
http://ex.org/variable#166 http://www.ibm.com/timex#o http://ex.org/variable#40	1
http://ex.org/variable#166 http://www.ibm.com/timex#o http://ex.org/variable#41	1
http://ex.org/variable#166 http://www.ibm.com/timex#o http://ex.org/variable#42	1
http://ex.org/variable#166 http://www.ibm.com/timex#o http://ex.org/variable#43	1
http://ex.org/variable#166 http://www.ibm.com/timex#o http://ex.org/variable#44	1
http://ex.org/variable#166 http://www.ibm.com/timex#o http://ex.org/variable#45	1
http://ex.org/variable#166 http://www.ibm.com/timex#d http://ex.org/variable#46	1
http://ex.org/variable#166 http://www.ibm.com/timex#d http://ex.org/variable#47	1
http://ex.org/variable#166 http://www.ibm.com/timex#b http://ex.org/variable#48	1
http://ex.org/variable#166 http://www.ibm.com/timex#oi http://ex.org/variable#49	1
http://ex.org/variable#166 http://www.ibm.com/timex#o http://ex.org/variable#50	1
http://ex.org/variable#166 http://www.ibm.com/timex#b http://ex.org/variable#51	1
http://ex.org/variable#166 http://www.ibm.com/timex#d http://ex.org/variable#52	1
http://ex.org/variable#166 http://www.ibm.com/timex#o http://ex.org/variable#53	1
http://ex.org/variable#166 http://www.ibm.com/timex#o http://ex.org/variable#54	1
http://ex.org/variable#166 http://www.ibm.com/timex#o http://ex.org/variable#55	1
http://ex.org/variable#166 http://www.ibm.com/timex#di http://ex.org/variable#56	1
http://ex.org/variable#166 http://www.ibm.com/timex#d http://ex.org/variable#57	1
http://ex.org/variable#166 http://www.ibm.com/timex#o http://ex.org/variable#58	1
http://ex.org/variable#166 http://www.ibm.com/timex#o http://ex.org/variable#59	1
http://ex.org/variable#166 http://www.ibm.com/timex#o http://ex.org/variable#60	1
http://ex.org/variable#166 http://www.ibm.com/timex#o http://ex.org/variable#61	1
http://ex.org/variable#166 http://www.ibm.com/timex#o http://ex.org/variable#62	1
http://ex.org/variable#166 http://www.ibm.com/timex#o http://ex.org/variable#63	1
http://ex.org/variable#166 http://www.ibm.com/timex#o http://ex.org/variable#64	1
http://ex.org/variable#166 http://www.ibm.com/timex#di http://ex.org/variable#65	1
http://ex.org/variable#166 http://www.ibm.com/timex#oi http://ex.org/variable#66	1
http://ex.org/variable#166 http://www.ibm.com/timex#o http://ex.org/variable#67	1
http://ex.org/variable#166 http://www.ibm.com/timex#o http://ex.org/variable#68	1
http://ex.org/variable#166 http://www.ibm.com/timex#o http://ex.org/variable#69	1
http://ex.org/variable#166 http://www.ibm.com/timex#o http://ex.org/variable#70	1
http://ex.org/variable#166 http://www.ibm.com/timex#o http://ex.org/variable#71	1
http://ex.org/variable#166 http://www.ibm.com/timex#o http://ex.org/variable#72	1
http://ex.org/variable#166 http://www.ibm.com/timex#o http://ex.org/variable#73	1
http://ex.org/variable#166 http://www.ibm.com/timex#o http://ex.org/variable#74	1
http://ex.org/variable#166 http://www.ibm.com/timex#o http://ex.org/variable#75	1
http://ex.org/variable#166 http://www.ibm.com/timex#o http://ex.org/variable#76	1
http://ex.org/variable#166 http://www.ibm.com/timex#o http://ex.org/variable#77	1
http://ex.org/variable#166 http://www.ibm.com/timex#o http://ex.org/variable#78	1
http://ex.org/variable#166 http://www.ibm.com/timex#oi http://ex.org/variable#79	1
http://ex.org/variable#166 http://www.ibm.com/timex#d http://ex.org/variable#80	1
http://ex.org/variable#166 http://www.ibm.com/timex#d http://ex.org/variable#81	1
http://ex.org/variable#166 http://www.ibm.com/timex#di http://ex.org/variable#82	1
http://ex.org/variable#166 http://www.ibm.com/timex#d http://ex.org/variable#83	1
http://ex.org/variable#166 http://www.ibm.com/timex#o http://ex.org/variable#84	1
http://ex.org/variable#166 http://www.ibm.com/timex#b http://ex.org/variable#85	1
http://ex.org/variable#166 http://www.ibm.com/timex#d http://ex.org/variable#86	1
http://ex.org/variable#166 http://www.ibm.com/timex#o http://ex.org/variable#87	1
http://ex.org/variable#166 http://www.ibm.com/timex#b http://ex.org/variable#88	1
http://ex.org/variable#166 http://www.ibm.com/timex#o http://ex.org/variable#89	1
http://ex.org/variable#166 http://www.ibm.com/timex#o http://ex.org/variable#90	1
http://ex.org/variable#166 http://www.ibm.com/timex#o http://ex.org/variable#91	1
http://ex.org/variable#166 http://www.ibm.com/timex#o http://ex.org/variable#92	1
http://ex.org/variable#166 http://www.ibm.com/timex#o http://ex.org/variable#93	1
http://ex.org/variable#166 http://www.ibm.com/timex#o http://ex.org/variable#94	1
http://ex.org/variable#166 http://www.ibm.com/timex#di http://ex.org/variable#95	1
http://ex.org/variable#166 http://www.ibm.com/timex#di http://ex.org/variable#96	1
http://ex.org/variable#166 http://www.ibm.com/timex#o http://ex.org/variable#97	1
http://ex.org/variable#166 http://www.ibm.com/timex#b http://ex.org/variable#98	1
http://ex.org/variable#166 http://www.ibm.com/timex#b http://ex.org/variable#99	1
http://ex.org/variable#166 http://www.ibm.com/timex#di http://ex.org/variable#100	1
http://ex.org/variable#166 http://www.ibm.com/timex#o http://ex.org/variable#101	1
http://ex.org/variable#166 http://www.ibm.com/timex#b_o http://ex.org/variable#102	1
http://ex.org/variable#166 http://www.ibm.com/timex#o http://ex.org/variable#103	1
http://ex.org/variable#166 http://www.ibm.com/timex#b http://ex.org/variable#104	1
http://ex.org/variable#166 http://www.ibm.com/timex#o http://ex.org/variable#105	1
http://ex.org/variable#166 http://www.ibm.com/timex#o http://ex.org/variable#106	1
http://ex.org/variable#166 http://www.ibm.com/timex#o http://ex.org/variable#107	1
http://ex.org/variable#166 http://www.ibm.com/timex#di_fi http://ex.org/variable#108	1
http://ex.org/variable#166 http://www.ibm.com/timex#b_m_o http://ex.org/variable#109	1
http://ex.org/variable#166 http://www.ibm.com/timex#o http://ex.org/variable#110	1
http://ex.org/variable#166 http://www.ibm.com/timex#o http://ex.org/variable#111	1
http://ex.org/variable#166 http://www.ibm.com/timex#o http://ex.org/variable#112	1
http://ex.org/variable#166 http://www.ibm.com/timex#di http://ex.org/variable#113	1
http://ex.org/variable#166 http://www.ibm.com/timex#o http://ex.org/variable#114	1
http://ex.org/variable#166 http://www.ibm.com/timex#b http://ex.org/variable#115	1
http://ex.org/variable#166 http://www.ibm.com/timex#o http://ex.org/variable#116	1
http://ex.org/variable#166 http://www.ibm.com/timex#di http://ex.org/variable#117	1
http://ex.org/variable#166 http://www.ibm.com/timex#o http://ex.org/variable#118	1
http://ex.org/variable#166 http://www.ibm.com/timex#d http://ex.org/variable#119	1
http://ex.org/variable#166 http://www.ibm.com/timex#di http://ex.org/variable#120	1
http://ex.org/variable#166 http://www.ibm.com/timex#b http://ex.org/variable#121	1
http://ex.org/variable#166 http://www.ibm.com/timex#o http://ex.org/variable#122	1
http://ex.org/variable#166 http://www.ibm.com/timex#o http://ex.org/variable#123	1
http://ex.org/variable#166 http://www.ibm.com/timex#oi http://ex.org/variable#124	1
http://ex.org/variable#166 http://www.ibm.com/timex#oi http://ex.org/variable#125	1
http://ex.org/variable#166 http://www.ibm.com/timex#o http://ex.org/variable#126	1
http://ex.org/variable#166 http://www.ibm.com/timex#b http://ex.org/variable#127	1
http://ex.org/variable#166 http://www.ibm.com/timex#o http://ex.org/variable#128	1
http://ex.org/variable#166 http://www.ibm.com/timex#oi http://ex.org/variable#129	1
http://ex.org/variable#166 http://www.ibm.com/timex#di http://ex.org/variable#130	1
http://ex.org/variable#166 http://www.ibm.com/timex#b http://ex.org/variable#131	1
http://ex.org/variable#166 http://www.ibm.com/timex#o http://ex.org/variable#132	1
http://ex.org/variable#166 http://www.ibm.com/timex#o http://ex.org/variable#133	1
http://ex.org/variable#166 http://www.ibm.com/timex#oi_si http://ex.org/variable#134	1
http://ex.org/variable#166 http://www.ibm.com/timex#o http://ex.org/variable#135	1
http://ex.org/variable#166 http://www.ibm.com/timex#o http://ex.org/variable#136	1
http://ex.org/variable#166 http://www.ibm.com/timex#di http://ex.org/variable#137	1
http://ex.org/variable#166 http://www.ibm.com/timex#b http://ex.org/variable#138	1
http://ex.org/variable#166 http://www.ibm.com/timex#di http://ex.org/variable#139	1
http://ex.org/variable#166 http://www.ibm.com/timex#di http://ex.org/variable#140	1
http://ex.org/variable#166 http://www.ibm.com/timex#d http://ex.org/variable#141	1
http://ex.org/variable#166 http://www.ibm.com/timex#o http://ex.org/variable#142	1
http://ex.org/variable#166 http://www.ibm.com/timex#o http://ex.org/variable#143	1
http://ex.org/variable#166 http://www.ibm.com/timex#o http://ex.org/variable#144	1
http://ex.org/variable#166 http://www.ibm.com/timex#b http://ex.org/variable#145	1
http://ex.org/variable#166 http://www.ibm.com/timex#o http://ex.org/variable#146	1
http://ex.org/variable#166 http://www.ibm.com/timex#o http://ex.org/variable#147	1
http://ex.org/variable#166 http://www.ibm.com/timex#o http://ex.org/variable#148	1
http://ex.org/variable#166 http://www.ibm.com/timex#oi http://ex.org/variable#149	1
http://ex.org/variable#166 http://www.ibm.com/timex#b http://ex.org/variable#150	1
http://ex.org/variable#166 http://www.ibm.com/timex#o http://ex.org/variable#151	1
http://ex.org/variable#166 http://www.ibm.com/timex#di http://ex.org/variable#152	1
http://ex.org/variable#166 http://www.ibm.com/timex#o http://ex.org/variable#153	1
http://ex.org/variable#166 http://www.ibm.com/timex#di http://ex.org/variable#154	1
http://ex.org/variable#166 http://www.ibm.com/timex#d http://ex.org/variable#155	1
http://ex.org/variable#166 http://www.ibm.com/timex#o http://ex.org/variable#156	1
http://ex.org/variable#166 http://www.ibm.com/timex#di http://ex.org/variable#157	1
http://ex.org/variable#166 http://www.ibm.com/timex#di_fi http://ex.org/variable#158	1
http://ex.org/variable#166 http://www.ibm.com/timex#o http://ex.org/variable#159	1
http://ex.org/variable#166 http://www.ibm.com/timex#o http://ex.org/variable#160	1
http://ex.org/variable#166 http://www.ibm.com/timex#di http://ex.org/variable#161	1
http://ex.org/variable#166 http://www.ibm.com/timex#di http://ex.org/variable#162	1
http://ex.org/variable#166 http://www.ibm.com/timex#o http://ex.org/variable#163	1
http://ex.org/variable#166 http://www.ibm.com/timex#o http://ex.org/variable#164	1
http://ex.org/variable#166 http://www.ibm.com/timex#di http://ex.org/variable#165	1
http://ex.org/variable#166 http://www.ibm.com/timex#o http://ex.org/variable#167	1
http://ex.org/variable#166 http://www.ibm.com/timex#o http://ex.org/variable#168	1
http://ex.org/variable#166 http://www.ibm.com/timex#o http://ex.org/variable#169	1
http://ex.org/variable#166 http://www.ibm.com/timex#b http://ex.org/variable#170	1
http://ex.org/variable#166 http://www.ibm.com/timex#di_fi http://ex.org/variable#171	1
http://ex.org/variable#166 http://www.ibm.com/timex#oi http://ex.org/variable#172	1
http://ex.org/variable#166 http://www.ibm.com/timex#b http://ex.org/variable#173	1
http://ex.org/variable#166 http://www.ibm.com/timex#o http://ex.org/variable#174	1
http://ex.org/variable#166 http://www.ibm.com/timex#o http://ex.org/variable#175	1
http://ex.org/variable#166 http://www.ibm.com/timex#o http://ex.org/variable#176	1
http://ex.org/variable#166 http://www.ibm.com/timex#o http://ex.org/variable#177	1
http://ex.org/variable#166 http://www.ibm.com/timex#o http://ex.org/variable#178	1
http://ex.org/variable#166 http://www.ibm.com/timex#o http://ex.org/variable#179	1
http://ex.org/variable#166 http://www.ibm.com/timex#di http://ex.org/variable#180	1
http://ex.org/variable#166 http://www.ibm.com/timex#di http://ex.org/variable#181	1
http://ex.org/variable#166 http://www.ibm.com/timex#di http://ex.org/variable#182	1
http://ex.org/variable#166 http://www.ibm.com/timex#b http://ex.org/variable#183	1
http://ex.org/variable#166 http://www.ibm.com/timex#o http://ex.org/variable#184	1
http://ex.org/variable#166 http://www.ibm.com/timex#o http://ex.org/variable#185	1
http://ex.org/variable#166 http://www.ibm.com/timex#o http://ex.org/variable#186	1
http://ex.org/variable#166 http://www.ibm.com/timex#d http://ex.org/variable#187	1
http://ex.org/variable#166 http://www.ibm.com/timex#o http://ex.org/variable#188	1
http://ex.org/variable#166 http://www.ibm.com/timex#di_fi http://ex.org/variable#189	1
http://ex.org/variable#167 http://www.ibm.com/timex#o http://ex.org/variable#0	1
http://ex.org/variable#167 http://www.ibm.com/timex#b http://ex.org/variable#1	1
http://ex.org/variable#167 http://www.ibm.com/timex#o http://ex.org/variable#2	1
http://ex.org/variable#167 http://www.ibm.com/timex#o http://ex.org/variable#3	1
http://ex.org/variable#167 http://www.ibm.com/timex#o http://ex.org/variable#4	1
http://ex.org/variable#167 http://www.ibm.com/timex#di http://ex.org/variable#5	1
http://ex.org/variable#167 http://www.ibm.com/timex#o http://ex.org/variable#6	1
http://ex.org/variable#167 http://www.ibm.com/timex#o http://ex.org/variable#7	1
http://ex.org/variable#167 http://www.ibm.com/timex#oi_di http://ex.org/variable#8	1
http://ex.org/variable#167 http://www.ibm.com/timex#o http://ex.org/variable#9	1
http://ex.org/variable#167 http://www.ibm.com/timex#o http://ex.org/variable#10	1
http://ex.org/variable#167 http://www.ibm.com/timex#o http://ex.org/variable#11	1
http://ex.org/variable#167 http://www.ibm.com/timex#d http://ex.org/variable#12	1
http://ex.org/variable#167 http://www.ibm.com/timex#di http://ex.org/variable#13	1
http://ex.org/variable#167 http://www.ibm.com/timex#di http://ex.org/variable#14	1
http://ex.org/variable#167 http://www.ibm.com/timex#fi http://ex.org/variable#15	1
http://ex.org/variable#167 http://www.ibm.com/timex#di http://ex.org/variable#16	1
http://ex.org/variable#167 http://www.ibm.com/timex#b http://ex.org/variable#17	1
http://ex.org/variable#167 http://www.ibm.com/timex#o http://ex.org/variable#18	1
http://ex.org/variable#167 http://www.ibm.com/timex#di http://ex.org/variable#19	1
http://ex.org/variable#167 http://www.ibm.com/timex#d http://ex.org/variable#20	1
http://ex.org/variable#167 http://www.ibm.com/timex#o http://ex.org/variable#21	1
http://ex.org/variable#167 http://www.ibm.com/timex#o http://ex.org/variable#22	1
http://ex.org/variable#167 http://www.ibm.com/timex#di http://ex.org/variable#23	1
http://ex.org/variable#167 http://www.ibm.com/timex#d http://ex.org/variable#24	1
http://ex.org/variable#167 http://www.ibm.com/timex#oi http://ex.org/variable#25	1
http://ex.org/variable#167 http://www.ibm.com/timex#o http://ex.org/variable#26	1
http://ex.org/variable#167 http://www.ibm.com/timex#oi http://ex.org/variable#27	1
http://ex.org/variable#167 http://www.ibm.com/timex#o http://ex.org/variable#28	1
http://ex.org/variable#167 http://www.ibm.com/timex#o http://ex.org/variable#29	1
http://ex.org/variable#167 http://www.ibm.com/timex#di http://ex.org/variable#30	1
http://ex.org/variable#167 http://www.ibm.com/timex#oi http://ex.org/variable#31	1
http://ex.org/variable#167 http://www.ibm.com/timex#oi http://ex.org/variable#32	1
http://ex.org/variable#167 http://www.ibm.com/timex#o http://ex.org/variable#33	1
http://ex.org/variable#167 http://www.ibm.com/timex#o http://ex.org/variable#34	1
http://ex.org/variable#167 http://www.ibm.com/timex#di http://ex.org/variable#35	1
http://ex.org/variable#167 http://www.ibm.com/timex#oi http://ex.org/variable#36	1
http://ex.org/variable#167 http://www.ibm.com/timex#di http://ex.org/variable#37	1
http://ex.org/variable#167 http://www.ibm.com/timex#o http://ex.org/variable#38	1
http://ex.org/variable#167 http://www.ibm.com/timex#o http://ex.org/variable#39	1
http://ex.org/variable#167 http://www.ibm.com/timex#oi_di_si http://ex.org/variable#40	1
http://ex.org/variable#167 http://www.ibm.com/timex#o http://ex.org/variable#41	1
http://ex.org/variable#167 http://www.ibm.com/timex#o http://ex.org/variable#42	1
http://ex.org/variable#167 http://www.ibm.com/timex#d http://ex.org/variable#43	1
http://ex.org/variable#167 http://www.ibm.com/timex#o http://ex.org/variable#44	1
http://ex.org/variable#167 http://www.ibm.com/timex#o http://ex.org/variable#45	1
http://ex.org/variable#167 http://www.ibm.com/timex#oi http://ex.org/variable#46	1
http://ex.org/variable#167 http://www.ibm.com/timex#f http://ex.org/variable#47	1
http://ex.org/variable#167 http://www.ibm.com/timex#m http://ex.org/variable#48	1
http://ex.org/variable#167 http://www.ibm.com/timex#oi http://ex.org/variable#49	1
http://ex.org/variable#167 http://www.ibm.com/timex#o http://ex.org/variable#50	1
http://ex.org/variable#167 http://www.ibm.com/timex#o http://ex.org/variable#51	1
http://ex.org/variable#167 http://www.ibm.com/timex#d http://ex.org/variable#52	1
http://ex.org/variable#167 http://www.ibm.com/timex#o_s http://ex.org/variable#53	1
http://ex.org/variable#167 http://www.ibm.com/timex#o http://ex.org/variable#54	1
http://ex.org/variable#167 http://www.ibm.com/timex#o http://ex.org/variable#55	1
http://ex.org/variable#167 http://www.ibm.com/timex#di http://ex.org/variable#56	1
http://ex.org/variable#167 http://www.ibm.com/timex#oi http://ex.org/variable#57	1
http://ex.org/variable#167 http://www.ibm.com/timex#o http://ex.org/variable#58	1
http://ex.org/variable#167 http://www.ibm.com/timex#o http://ex.org/variable#59	1
http://ex.org/variable#167 http://www.ibm.com/timex#d http://ex.org/variable#60	1
http://ex.org/variable#167 http://www.ibm.com/timex#d http://ex.org/variable#61	1
http://ex.org/variable#167 http://www.ibm.com/timex#o http://ex.org/variable#62	1
http://ex.org/variable#167 http://www.ibm.com/timex#d http://ex.org/variable#63	1
http://ex.org/variable#167 http://www.ibm.com/timex#d http://ex.org/variable#64	1
http://ex.org/variable#167 http://www.ibm.com/timex#di http://ex.org/variable#65	1
http://ex.org/variable#167 http://www.ibm.com/timex#oi http://ex.org/variable#66	1
http://ex.org/variable#167 http://www.ibm.com/timex#o http://ex.org/variable#67	1
http://ex.org/variable#167 http://www.ibm.com/timex#o http://ex.org/variable#68	1
http://ex.org/variable#167 http://www.ibm.com/timex#di http://ex.org/variable#69	1
http://ex.org/variable#167 http://www.ibm.com/timex#o http://ex.org/variable#70	1
http://ex.org/variable#167 http://www.ibm.com/timex#di http://ex.org/variable#71	1
http://ex.org/variable#167 http://www.ibm.com/timex#o http://ex.org/variable#72	1
http://ex.org/variable#167 http://www.ibm.com/timex#o http://ex.org/variable#73	1
http://ex.org/variable#167 http://www.ibm.com/timex#o http://ex.org/variable#74	1
http://ex.org/variable#167 http://www.ibm.com/timex#o http://ex.org/variable#75	1
http://ex.org/variable#167 http://www.ibm.com/timex#o http://ex.org/variable#76	1
http://ex.org/variable#167 http://www.ibm.com/timex#o http://ex.org/variable#77	1
http://ex.org/variable#167 http://www.ibm.com/timex#fi http://ex.org/variable#78	1
http://ex.org/variable#167 http://www.ibm.com/timex#oi http://ex.org/variable#79	1
http://ex.org/variable#167 http://www.ibm.com/timex#d http://ex.org/variable#80	1
http://ex.org/variable#167 http://www.ibm.com/timex#oi http://ex.org/variable#81	1
http://ex.org/variable#167 http://www.ibm.com/timex#di http://ex.org/variable#82	1
http://ex.org/variable#167 http://www.ibm.com/timex#d http://ex.org/variable#83	1
http://ex.org/variable#167 http://www.ibm.com/timex#o http://ex.org/variable#84	1
http://ex.org/variable#167 http://www.ibm.com/timex#o http://ex.org/variable#85	1
http://ex.org/variable#167 http://www.ibm.com/timex#d http://ex.org/variable#86	1
http://ex.org/variable#167 http://www.ibm.com/timex#o http://ex.org/variable#87	1
http://ex.org/variable#167 http://www.ibm.com/timex#b http://ex.org/variable#88	1
http://ex.org/variable#167 http://www.ibm.com/timex#o http://ex.org/variable#89	1
http://ex.org/variable#167 http://www.ibm.com/timex#o_fi http://ex.org/variable#90	1
http://ex.org/variable#167 http://www.ibm.com/timex#o http://ex.org/variable#91	1
http://ex.org/variable#167 http://www.ibm.com/timex#o http://ex.org/variable#92	1
http://ex.org/variable#167 http://www.ibm.com/timex#o http://ex.org/variable#93	1
http://ex.org/variable#167 http://www.ibm.com/timex#di http://ex.org/variable#94	1
http://ex.org/variable#167 http://www.ibm.com/timex#di http://ex.org/variable#95	1
http://ex.org/variable#167 http://www.ibm.com/timex#di http://ex.org/variable#96	1
http://ex.org/variable#167 http://www.ibm.com/timex#o http://ex.org/variable#97	1
http://ex.org/variable#167 http://www.ibm.com/timex#b http://ex.org/variable#98	1
http://ex.org/variable#167 http://www.ibm.com/timex#o http://ex.org/variable#99	1
http://ex.org/variable#167 http://www.ibm.com/timex#oi_si http://ex.org/variable#100	1
http://ex.org/variable#167 http://www.ibm.com/timex#o http://ex.org/variable#101	1
http://ex.org/variable#167 http://www.ibm.com/timex#di http://ex.org/variable#102	1
http://ex.org/variable#167 http://www.ibm.com/timex#o http://ex.org/variable#103	1
http://ex.org/variable#167 http://www.ibm.com/timex#b http://ex.org/variable#104	1
http://ex.org/variable#167 http://www.ibm.com/timex#o http://ex.org/variable#105	1
http://ex.org/variable#167 http://www.ibm.com/timex#d http://ex.org/variable#106	1
http://ex.org/variable#167 http://www.ibm.com/timex#o http://ex.org/variable#107	1
http://ex.org/variable#167 http://www.ibm.com/timex#di http://ex.org/variable#108	1
http://ex.org/variable#167 http://www.ibm.com/timex#di http://ex.org/variable#109	1
http://ex.org/variable#167 http://www.ibm.com/timex#d http://ex.org/variable#110	1
http://ex.org/variable#167 http://www.ibm.com/timex#di http://ex.org/variable#111	1
http://ex.org/variable#167 http://www.ibm.com/timex#d_f http://ex.org/variable#112	1
http://ex.org/variable#167 http://www.ibm.com/timex#di http://ex.org/variable#113	1
http://ex.org/variable#167 http://www.ibm.com/timex#o http://ex.org/variable#114	1
http://ex.org/variable#167 http://www.ibm.com/timex#b http://ex.org/variable#115	1
http://ex.org/variable#167 http://www.ibm.com/timex#di http://ex.org/variable#116	1
http://ex.org/variable#167 http://www.ibm.com/timex#oi_di_si http://ex.org/variable#117	1
http://ex.org/variable#167 http://www.ibm.com/timex#di http://ex.org/variable#118	1
http://ex.org/variable#167 http://www.ibm.com/timex#d http://ex.org/variable#119	1
http://ex.org/variable#167 http://www.ibm.com/timex#di http://ex.org/variable#120	1
http://ex.org/variable#167 http://www.ibm.com/timex#b http://ex.org/variable#121	1
http://ex.org/variable#167 http://www.ibm.com/timex#d http://ex.org/variable#122	1
http://ex.org/variable#167 http://www.ibm.com/timex#o http://ex.org/variable#123	1
http://ex.org/variable#167 http://www.ibm.com/timex#oi http://ex.org/variable#124	1
http://ex.org/variable#167 http://www.ibm.com/timex#oi http://ex.org/variable#125	1
http://ex.org/variable#167 http://www.ibm.com/timex#o http://ex.org/variable#126	1
http://ex.org/variable#167 http://www.ibm.com/timex#o http://ex.org/variable#127	1
http://ex.org/variable#167 http://www.ibm.com/timex#o http://ex.org/variable#128	1
http://ex.org/variable#167 http://www.ibm.com/timex#oi http://ex.org/variable#129	1
http://ex.org/variable#167 http://www.ibm.com/timex#di http://ex.org/variable#130	1
http://ex.org/variable#167 http://www.ibm.com/timex#b http://ex.org/variable#131	1
http://ex.org/variable#167 http://www.ibm.com/timex#o http://ex.org/variable#132	1
http://ex.org/variable#167 http://www.ibm.com/timex#o http://ex.org/variable#133	1
http://ex.org/variable#167 http://www.ibm.com/timex#oi http://ex.org/variable#134	1
http://ex.org/variable#167 http://www.ibm.com/timex#o http://ex.org/variable#135	1
http://ex.org/variable#167 http://www.ibm.com/timex#o http://ex.org/variable#136	1
http://ex.org/variable#167 http://www.ibm.com/timex#di http://ex.org/variable#137	1
http://ex.org/variable#167 http://www.ibm.com/timex#o http://ex.org/variable#138	1
http://ex.org/variable#167 http://www.ibm.com/timex#di http://ex.org/variable#139	1
http://ex.org/variable#167 http://www.ibm.com/timex#di http://ex.org/variable#140	1
http://ex.org/variable#167 http://www.ibm.com/timex#d http://ex.org/variable#141	1
http://ex.org/variable#167 http://www.ibm.com/timex#di http://ex.org/variable#142	1
http://ex.org/variable#167 http://www.ibm.com/timex#o http://ex.org/variable#143	1
http://ex.org/variable#167 http://www.ibm.com/timex#o http://ex.org/variable#144	1
http://ex.org/variable#167 http://www.ibm.com/timex#o http://ex.org/variable#145	1
http://ex.org/variable#167 http://www.ibm.com/timex#o http://ex.org/variable#146	1
http://ex.org/variable#167 http://www.ibm.com/timex#o http://ex.org/variable#147	1
http://ex.org/variable#167 http://www.ibm.com/timex#o http://ex.org/variable#148	1
http://ex.org/variable#167 http://www.ibm.com/timex#oi http://ex.org/variable#149	1
http://ex.org/variable#167 http://www.ibm.com/timex#o http://ex.org/variable#150	1
http://ex.org/variable#167 http://www.ibm.com/timex#o http://ex.org/variable#151	1
http://ex.org/variable#167 http://www.ibm.com/timex#oi_di_si http://ex.org/variable#152	1
http://ex.org/variable#167 http://www.ibm.com/timex#o http://ex.org/variable#153	1
http://ex.org/variable#167 http://www.ibm.com/timex#di http://ex.org/variable#154	1
http://ex.org/variable#167 http://www.ibm.com/timex#d http://ex.org/variable#155	1
http://ex.org/variable#167 http://www.ibm.com/timex#o http://ex.org/variable#156	1
http://ex.org/variable#167 http://www.ibm.com/timex#di http://ex.org/variable#157	1
http://ex.org/variable#167 http://www.ibm.com/timex#di http://ex.org/variable#158	1
http://ex.org/variable#167 http://www.ibm.com/timex#o http://ex.org/variable#159	1
http://ex.org/variable#167 http://www.ibm.com/timex#o http://ex.org/variable#160	1
http://ex.org/variable#167 http://www.ibm.com/timex#di http://ex.org/variable#161	1
http://ex.org/variable#167 http://www.ibm.com/timex#di http://ex.org/variable#162	1
http://ex.org/variable#167 http://www.ibm.com/timex#o http://ex.org/variable#163	1
http://ex.org/variable#167 http://www.ibm.com/timex#o http://ex.org/variable#164	1
http://ex.org/variable#167 http://www.ibm.com/timex#di http://ex.org/variable#165	1
http://ex.org/variable#167 http://www.ibm.com/timex#oi http://ex.org/variable#166	1
http://ex.org/variable#167 http://www.ibm.com/timex#o http://ex.org/variable#168	1
http://ex.org/variable#167 http://www.ibm.com/timex#d http://ex.org/variable#169	1
http://ex.org/variable#167 http://www.ibm.com/timex#o http://ex.org/variable#170	1
http://ex.org/variable#167 http://www.ibm.com/timex#oi http://ex.org/variable#171	1
http://ex.org/variable#167 http://www.ibm.com/timex#oi http://ex.org/variable#172	1
http://ex.org/variable#167 http://www.ibm.com/timex#b http://ex.org/variable#173	1
http://ex.org/variable#167 http://www.ibm.com/timex#o http://ex.org/variable#174	1
http://ex.org/variable#167 http://www.ibm.com/timex#o_s http://ex.org/variable#175	1
http://ex.org/variable#167 http://www.ibm.com/timex#o http://ex.org/variable#176	1
http://ex.org/variable#167 http://www.ibm.com/timex#o http://ex.org/variable#177	1
http://ex.org/variable#167 http://www.ibm.com/timex#o http://ex.org/variable#178	1
http://ex.org/variable#167 http://www.ibm.com/timex#o http://ex.org/variable#179	1
http://ex.org/variable#167 http://www.ibm.com/timex#di http://ex.org/variable#180	1
http://ex.org/variable#167 http://www.ibm.com/timex#oi http://ex.org/variable#181	1
http://ex.org/variable#167 http://www.ibm.com/timex#di http://ex.org/variable#182	1
http://ex.org/variable#167 http://www.ibm.com/timex#o http://ex.org/variable#183	1
http://ex.org/variable#167 http://www.ibm.com/timex#di http://ex.org/variable#184	1
http://ex.org/variable#167 http://www.ibm.com/timex#o http://ex.org/variable#185	1
http://ex.org/variable#167 http://www.ibm.com/timex#o http://ex.org/variable#186	1
http://ex.org/variable#167 http://www.ibm.com/timex#d http://ex.org/variable#187	1
http://ex.org/variable#167 http://www.ibm.com/timex#o http://ex.org/variable#188	1
http://ex.org/variable#167 http://www.ibm.com/timex#di http://ex.org/variable#189	1
http://ex.org/variable#168 http://www.ibm.com/timex#d http://ex.org/variable#0	1
http://ex.org/variable#168 http://www.ibm.com/timex#o http://ex.org/variable#1	1
http://ex.org/variable#168 http://www.ibm.com/timex#d http://ex.org/variable#2	1
http://ex.org/variable#168 http://www.ibm.com/timex#oi http://ex.org/variable#3	1
http://ex.org/variable#168 http://www.ibm.com/timex#d http://ex.org/variable#4	1
http://ex.org/variable#168 http://www.ibm.com/timex#oi http://ex.org/variable#5	1
http://ex.org/variable#168 http://www.ibm.com/timex#di http://ex.org/variable#6	1
http://ex.org/variable#168 http://www.ibm.com/timex#d http://ex.org/variable#7	1
http://ex.org/variable#168 http://www.ibm.com/timex#bi http://ex.org/variable#8	1
http://ex.org/variable#168 http://www.ibm.com/timex#o http://ex.org/variable#9	1
http://ex.org/variable#168 http://www.ibm.com/timex#oi http://ex.org/variable#10	1
http://ex.org/variable#168 http://www.ibm.com/timex#oi_d_f http://ex.org/variable#11	1
http://ex.org/variable#168 http://www.ibm.com/timex#d http://ex.org/variable#12	1
http://ex.org/variable#168 http://www.ibm.com/timex#oi http://ex.org/variable#13	1
http://ex.org/variable#168 http://www.ibm.com/timex#di http://ex.org/variable#14	1
http://ex.org/variable#168 http://www.ibm.com/timex#oi http://ex.org/variable#15	1
http://ex.org/variable#168 http://www.ibm.com/timex#oi http://ex.org/variable#16	1
http://ex.org/variable#168 http://www.ibm.com/timex#di http://ex.org/variable#17	1
http://ex.org/variable#168 http://www.ibm.com/timex#oi http://ex.org/variable#18	1
http://ex.org/variable#168 http://www.ibm.com/timex#bi http://ex.org/variable#19	1
http://ex.org/variable#168 http://www.ibm.com/timex#d http://ex.org/variable#20	1
http://ex.org/variable#168 http://www.ibm.com/timex#di http://ex.org/variable#21	1
http://ex.org/variable#168 http://www.ibm.com/timex#d http://ex.org/variable#22	1
http://ex.org/variable#168 http://www.ibm.com/timex#bi http://ex.org/variable#23	1
http://ex.org/variable#168 http://www.ibm.com/timex#d http://ex.org/variable#24	1
http://ex.org/variable#168 http://www.ibm.com/timex#bi http://ex.org/variable#25	1
http://ex.org/variable#168 http://www.ibm.com/timex#di http://ex.org/variable#26	1
http://ex.org/variable#168 http://www.ibm.com/timex#bi http://ex.org/variable#27	1
http://ex.org/variable#168 http://www.ibm.com/timex#di http://ex.org/variable#28	1
http://ex.org/variable#168 http://www.ibm.com/timex#oi http://ex.org/variable#29	1
http://ex.org/variable#168 http://www.ibm.com/timex#oi http://ex.org/variable#30	1
http://ex.org/variable#168 http://www.ibm.com/timex#oi http://ex.org/variable#31	1
http://ex.org/variable#168 http://www.ibm.com/timex#bi http://ex.org/variable#32	1
http://ex.org/variable#168 http://www.ibm.com/timex#o http://ex.org/variable#33	1
http://ex.org/variable#168 http://www.ibm.com/timex#oi http://ex.org/variable#34	1
http://ex.org/variable#168 http://www.ibm.com/timex#oi http://ex.org/variable#35	1
http://ex.org/variable#168 http://www.ibm.com/timex#oi http://ex.org/variable#36	1
http://ex.org/variable#168 http://www.ibm.com/timex#bi http://ex.org/variable#37	1
http://ex.org/variable#168 http://www.ibm.com/timex#oi http://ex.org/variable#38	1
http://ex.org/variable#168 http://www.ibm.com/timex#di http://ex.org/variable#39	1
http://ex.org/variable#168 http://www.ibm.com/timex#oi http://ex.org/variable#40	1
http://ex.org/variable#168 http://www.ibm.com/timex#oi http://ex.org/variable#41	1
http://ex.org/variable#168 http://www.ibm.com/timex#d http://ex.org/variable#42	1
http://ex.org/variable#168 http://www.ibm.com/timex#oi http://ex.org/variable#43	1
http://ex.org/variable#168 http://www.ibm.com/timex#oi http://ex.org/variable#44	1
http://ex.org/variable#168 http://www.ibm.com/timex#d http://ex.org/variable#45	1
http://ex.org/variable#168 http://www.ibm.com/timex#oi http://ex.org/variable#46	1
http://ex.org/variable#168 http://www.ibm.com/timex#oi http://ex.org/variable#47	1
http://ex.org/variable#168 http://www.ibm.com/timex#di http://ex.org/variable#48	1
http://ex.org/variable#168 http://www.ibm.com/timex#bi http://ex.org/variable#49	1
http://ex.org/variable#168 http://www.ibm.com/timex#d http://ex.org/variable#50	1
http://ex.org/variable#168 http://www.ibm.com/timex#di http://ex.org/variable#51	1
http://ex.org/variable#168 http://www.ibm.com/timex#oi http://ex.org/variable#52	1
http://ex.org/variable#168 http://www.ibm.com/timex#oi http://ex.org/variable#53	1
http://ex.org/variable#168 http://www.ibm.com/timex#oi http://ex.org/variable#54	1
http://ex.org/variable#168 http://www.ibm.com/timex#oi http://ex.org/variable#55	1
http://ex.org/variable#168 http://www.ibm.com/timex#oi http://ex.org/variable#56	1
http://ex.org/variable#168 http://www.ibm.com/timex#oi http://ex.org/variable#57	1
http://ex.org/variable#168 http://www.ibm.com/timex#oi http://ex.org/variable#58	1
http://ex.org/variable#168 http://www.ibm.com/timex#d http://ex.org/variable#59	1
http://ex.org/variable#168 http://www.ibm.com/timex#d http://ex.org/variable#60	1
http://ex.org/variable#168 http://www.ibm.com/timex#d http://ex.org/variable#61	1
http://ex.org/variable#168 http://www.ibm.com/timex#d http://ex.org/variable#62	1
http://ex.org/variable#168 http://www.ibm.com/timex#oi http://ex.org/variable#63	1
http://ex.org/variable#168 http://www.ibm.com/timex#oi http://ex.org/variable#64	1
http://ex.org/variable#168 http://www.ibm.com/timex#bi http://ex.org/variable#65	1
http://ex.org/variable#168 http://www.ibm.com/timex#bi http://ex.org/variable#66	1
http://ex.org/variable#168 http://www.ibm.com/timex#d http://ex.org/variable#67	1
http://ex.org/variable#168 http://www.ibm.com/timex#oi_d_f http://ex.org/variable#68	1
http://ex.org/variable#168 http://www.ibm.com/timex#oi http://ex.org/variable#69	1
http://ex.org/variable#168 http://www.ibm.com/timex#d http://ex.org/variable#70	1
http://ex.org/variable#168 http://www.ibm.com/timex#oi http://ex.org/variable#71	1
http://ex.org/variable#168 http://www.ibm.com/timex#oi http://ex.org/variable#72	1
http://ex.org/variable#168 http://www.ibm.com/timex#oi http://ex.org/variable#73	1
http://ex.org/variable#168 http://www.ibm.com/timex#oi_d_f http://ex.org/variable#74	1
http://ex.org/variable#168 http://www.ibm.com/timex#oi http://ex.org/variable#75	1
http://ex.org/variable#168 http://www.ibm.com/timex#oi http://ex.org/variable#76	1
http://ex.org/variable#168 http://www.ibm.com/timex#d http://ex.org/variable#77	1
http://ex.org/variable#168 http://www.ibm.com/timex#oi http://ex.org/variable#78	1
http://ex.org/variable#168 http://www.ibm.com/timex#oi http://ex.org/variable#79	1
http://ex.org/variable#168 http://www.ibm.com/timex#d http://ex.org/variable#80	1
http://ex.org/variable#168 http://www.ibm.com/timex#oi http://ex.org/variable#81	1
http://ex.org/variable#168 http://www.ibm.com/timex#bi http://ex.org/variable#82	1
http://ex.org/variable#168 http://www.ibm.com/timex#oi http://ex.org/variable#83	1
http://ex.org/variable#168 http://www.ibm.com/timex#di http://ex.org/variable#84	1
http://ex.org/variable#168 http://www.ibm.com/timex#di http://ex.org/variable#85	1
http://ex.org/variable#168 http://www.ibm.com/timex#d http://ex.org/variable#86	1
http://ex.org/variable#168 http://www.ibm.com/timex#o http://ex.org/variable#87	1
http://ex.org/variable#168 http://www.ibm.com/timex#di http://ex.org/variable#88	1
http://ex.org/variable#168 http://www.ibm.com/timex#d http://ex.org/variable#89	1
http://ex.org/variable#168 http://www.ibm.com/timex#oi http://ex.org/variable#90	1
http://ex.org/variable#168 http://www.ibm.com/timex#d http://ex.org/variable#91	1
http://ex.org/variable#168 http://www.ibm.com/timex#o_s http://ex.org/variable#92	1
http://ex.org/variable#168 http://www.ibm.com/timex#oi http://ex.org/variable#93	1
http://ex.org/variable#168 http://www.ibm.com/timex#oi http://ex.org/variable#94	1
http://ex.org/variable#168 http://www.ibm.com/timex#bi_mi http://ex.org/variable#95	1
http://ex.org/variable#168 http://www.ibm.com/timex#bi http://ex.org/variable#96	1
http://ex.org/variable#168 http://www.ibm.com/timex#oi http://ex.org/variable#97	1
http://ex.org/variable#168 http://www.ibm.com/timex#o_di_fi http://ex.org/variable#98	1
http://ex.org/variable#168 http://www.ibm.com/timex#di http://ex.org/variable#99	1
http://ex.org/variable#168 http://www.ibm.com/timex#bi http://ex.org/variable#100	1
http://ex.org/variable#168 http://www.ibm.com/timex#d_f http://ex.org/variable#101	1
http://ex.org/variable#168 http://www.ibm.com/timex#di http://ex.org/variable#102	1
http://ex.org/variable#168 http://www.ibm.com/timex#oi http://ex.org/variable#103	1
http://ex.org/variable#168 http://www.ibm.com/timex#di http://ex.org/variable#104	1
http://ex.org/variable#168 http://www.ibm.com/timex#oi http://ex.org/variable#105	1
http://ex.org/variable#168 http://www.ibm.com/timex#d http://ex.org/variable#106	1
http://ex.org/variable#168 http://www.ibm.com/timex#oi http://ex.org/variable#107	1
http://ex.org/variable#168 http://www.ibm.com/timex#oi http://ex.org/variable#108	1
http://ex.org/variable#168 http://www.ibm.com/timex#di http://ex.org/variable#109	1
http://ex.org/variable#168 http://www.ibm.com/timex#oi_d_f http://ex.org/variable#110	1
http://ex.org/variable#168 http://www.ibm.com/timex#oi http://ex.org/variable#111	1
http://ex.org/variable#168 http://www.ibm.com/timex#oi http://ex.org/variable#112	1
http://ex.org/variable#168 http://www.ibm.com/timex#di http://ex.org/variable#113	1
http://ex.org/variable#168 http://www.ibm.com/timex#oi http://ex.org/variable#114	1
http://ex.org/variable#168 http://www.ibm.com/timex#di http://ex.org/variable#115	1
http://ex.org/variable#168 http://www.ibm.com/timex#di http://ex.org/variable#116	1
http://ex.org/variable#168 http://www.ibm.com/timex#oi http://ex.org/variable#117	1
http://ex.org/variable#168 http://www.ibm.com/timex#oi http://ex.org/variable#118	1
http://ex.org/variable#168 http://www.ibm.com/timex#oi http://ex.org/variable#119	1
http://ex.org/variable#168 http://www.ibm.com/timex#oi http://ex.org/variable#120	1
http://ex.org/variable#168 http://www.ibm.com/timex#di http://ex.org/variable#121	1
http://ex.org/variable#168 http://www.ibm.com/timex#oi http://ex.org/variable#122	1
http://ex.org/variable#168 http://www.ibm.com/timex#d http://ex.org/variable#123	1
http://ex.org/variable#168 http://www.ibm.com/timex#oi http://ex.org/variable#124	1
http://ex.org/variable#168 http://www.ibm.com/timex#oi http://ex.org/variable#125	1
http://ex.org/variable#168 http://www.ibm.com/timex#di http://ex.org/variable#126	1
http://ex.org/variable#168 http://www.ibm.com/timex#di http://ex.org/variable#127	1
http://ex.org/variable#168 http://www.ibm.com/timex#d http://ex.org/variable#128	1
http://ex.org/variable#168 http://www.ibm.com/timex#oi http://ex.org/variable#129	1
http://ex.org/variable#168 http://www.ibm.com/timex#oi http://ex.org/variable#130	1
http://ex.org/variable#168 http://www.ibm.com/timex#o http://ex.org/variable#131	1
http://ex.org/variable#168 http://www.ibm.com/timex#oi http://ex.org/variable#132	1
http://ex.org/variable#168 http://www.ibm.com/timex#d http://ex.org/variable#133	1
http://ex.org/variable#168 http://www.ibm.com/timex#oi http://ex.org/variable#134	1
http://ex.org/variable#168 http://www.ibm.com/timex#d http://ex.org/variable#135	1
http://ex.org/variable#168 http://www.ibm.com/timex#d http://ex.org/variable#136	1
http://ex.org/variable#168 http://www.ibm.com/timex#oi http://ex.org/variable#137	1
http://ex.org/variable#168 http://www.ibm.com/timex#o_di http://ex.org/variable#138	1
http://ex.org/variable#168 http://www.ibm.com/timex#oi http://ex.org/variable#139	1
http://ex.org/variable#168 http://www.ibm.com/timex#oi http://ex.org/variable#140	1
http://ex.org/variable#168 http://www.ibm.com/timex#d http://ex.org/variable#141	1
http://ex.org/variable#168 http://www.ibm.com/timex#oi http://ex.org/variable#142	1
http://ex.org/variable#168 http://www.ibm.com/timex#d http://ex.org/variable#143	1
http://ex.org/variable#168 http://www.ibm.com/timex#d http://ex.org/variable#144	1
http://ex.org/variable#168 http://www.ibm.com/timex#di http://ex.org/variable#145	1
http://ex.org/variable#168 http://www.ibm.com/timex#d http://ex.org/variable#146	1
http://ex.org/variable#168 http://www.ibm.com/timex#oi http://ex.org/variable#147	1
http://ex.org/variable#168 http://www.ibm.com/timex#oi http://ex.org/variable#148	1
http://ex.org/variable#168 http://www.ibm.com/timex#bi http://ex.org/variable#149	1
http://ex.org/variable#168 http://www.ibm.com/timex#o http://ex.org/variable#150	1
http://ex.org/variable#168 http://www.ibm.com/timex#d http://ex.org/variable#151	1
http://ex.org/variable#168 http://www.ibm.com/timex#bi http://ex.org/variable#152	1
http://ex.org/variable#168 http://www.ibm.com/timex#d http://ex.org/variable#153	1
http://ex.org/variable#168 http://www.ibm.com/timex#oi http://ex.org/variable#154	1
http://ex.org/variable#168 http://www.ibm.com/timex#oi http://ex.org/variable#155	1
http://ex.org/variable#168 http://www.ibm.com/timex#oi http://ex.org/variable#156	1
http://ex.org/variable#168 http://www.ibm.com/timex#bi http://ex.org/variable#157	1
http://ex.org/variable#168 http://www.ibm.com/timex#oi http://ex.org/variable#158	1
http://ex.org/variable#168 http://www.ibm.com/timex#d http://ex.org/variable#159	1
http://ex.org/variable#168 http://www.ibm.com/timex#oi http://ex.org/variable#160	1
http://ex.org/variable#168 http://www.ibm.com/timex#oi http://ex.org/variable#161	1
http://ex.org/variable#168 http://www.ibm.com/timex#oi http://ex.org/variable#162	1
http://ex.org/variable#168 http://www.ibm.com/timex#oi http://ex.org/variable#163	1
http://ex.org/variable#168 http://www.ibm.com/timex#oi http://ex.org/variable#164	1
http://ex.org/variable#168 http://www.ibm.com/timex#oi http://ex.org/variable#165	1
http://ex.org/variable#168 http://www.ibm.com/timex#oi http://ex.org/variable#166	1
http://ex.org/variable#168 http://www.ibm.com/timex#oi http://ex.org/variable#167	1
http://ex.org/variable#168 http://www.ibm.com/timex#oi http://ex.org/variable#169	1
http://ex.org/variable#168 http://www.ibm.com/timex#o_di_fi http://ex.org/variable#170	1
http://ex.org/variable#168 http://www.ibm.com/timex#oi http://ex.org/variable#171	1
http://ex.org/variable#168 http://www.ibm.com/timex#bi http://ex.org/variable#172	1
http://ex.org/variable#168 http://www.ibm.com/timex#di http://ex.org/variable#173	1
http://ex.org/variable#168 http://www.ibm.com/timex#di http://ex.org/variable#174	1
http://ex.org/variable#168 http://www.ibm.com/timex#oi http://ex.org/variable#175	1
http://ex.org/variable#168 http://www.ibm.com/timex#d http://ex.org/variable#176	1
http://ex.org/variable#168 http://www.ibm.com/timex#oi http://ex.org/variable#177	1
http://ex.org/variable#168 http://www.ibm.com/timex#d http://ex.org/variable#178	1
http://ex.org/variable#168 http://www.ibm.com/timex#oi http://ex.org/variable#179	1
http://ex.org/variable#168 http://www.ibm.com/timex#bi http://ex.org/variable#180	1
http://ex.org/variable#168 http://www.ibm.com/timex#bi http://ex.org/variable#181	1
http://ex.org/variable#168 http://www.ibm.com/timex#oi http://ex.org/variable#182	1
http://ex.org/variable#168 http://www.ibm.com/timex#di http://ex.org/variable#183	1
http://ex.org/variable#168 http://www.ibm.com/timex#oi http://ex.org/variable#184	1
http://ex.org/variable#168 http://www.ibm.com/timex#oi http://ex.org/variable#185	1
http://ex.org/variable#168 http://www.ibm.com/timex#oi http://ex.org/variable#186	1
http://ex.org/variable#168 http://www.ibm.com/timex#oi http://ex.org/variable#187	1
http://ex.org/variable#168 http://www.ibm.com/timex#di http://ex.org/variable#188	1
http://ex.org/variable#168 http://www.ibm.com/timex#oi http://ex.org/variable#189	1
http://ex.org/variable#169 http://www.ibm.com/timex#o http://ex.org/variable#0	1
http://ex.org/variable#169 http://www.ibm.com/timex#o http://ex.org/variable#1	1
http://ex.org/variable#169 http://www.ibm.com/timex#o http://ex.org/variable#2	1
http://ex.org/variable#169 http://www.ibm.com/timex#di http://ex.org/variable#3	1
http://ex.org/variable#169 http://www.ibm.com/timex#o http://ex.org/variable#4	1
http://ex.org/variable#169 http://www.ibm.com/timex#di http://ex.org/variable#5	1
http://ex.org/variable#169 http://www.ibm.com/timex#di http://ex.org/variable#6	1
http://ex.org/variable#169 http://www.ibm.com/timex#o http://ex.org/variable#7	1
http://ex.org/variable#169 http://www.ibm.com/timex#di_si http://ex.org/variable#8	1
http://ex.org/variable#169 http://www.ibm.com/timex#o http://ex.org/variable#9	1
http://ex.org/variable#169 http://www.ibm.com/timex#di http://ex.org/variable#10	1
http://ex.org/variable#169 http://www.ibm.com/timex#o http://ex.org/variable#11	1
http://ex.org/variable#169 http://www.ibm.com/timex#d http://ex.org/variable#12	1
http://ex.org/variable#169 http://www.ibm.com/timex#di http://ex.org/variable#13	1
http://ex.org/variable#169 http://www.ibm.com/timex#di http://ex.org/variable#14	1
http://ex.org/variable#169 http://www.ibm.com/timex#di http://ex.org/variable#15	1
http://ex.org/variable#169 http://www.ibm.com/timex#di http://ex.org/variable#16	1
http://ex.org/variable#169 http://www.ibm.com/timex#di http://ex.org/variable#17	1
http://ex.org/variable#169 http://www.ibm.com/timex#di http://ex.org/variable#18	1
http://ex.org/variable#169 http://www.ibm.com/timex#di http://ex.org/variable#19	1
http://ex.org/variable#169 http://www.ibm.com/timex#d http://ex.org/variable#20	1
http://ex.org/variable#169 http://www.ibm.com/timex#o_di http://ex.org/variable#21	1
http://ex.org/variable#169 http://www.ibm.com/timex#o http://ex.org/variable#22	1
http://ex.org/variable#169 http://www.ibm.com/timex#di http://ex.org/variable#23	1
http://ex.org/variable#169 http://www.ibm.com/timex#o_s http://ex.org/variable#24	1
http://ex.org/variable#169 http://www.ibm.com/timex#oi_si http://ex.org/variable#25	1
http://ex.org/variable#169 http://www.ibm.com/timex#di http://ex.org/variable#26	1
http://ex.org/variable#169 http://www.ibm.com/timex#oi http://ex.org/variable#27	1
http://ex.org/variable#169 http://www.ibm.com/timex#di http://ex.org/variable#28	1
http://ex.org/variable#169 http://www.ibm.com/timex#di http://ex.org/variable#29	1
http://ex.org/variable#169 http://www.ibm.com/timex#di http://ex.org/variable#30	1
http://ex.org/variable#169 http://www.ibm.com/timex#oi http://ex.org/variable#31	1
http://ex.org/variable#169 http://www.ibm.com/timex#oi_di_si http://ex.org/variable#32	1
http://ex.org/variable#169 http://www.ibm.com/timex#o http://ex.org/variable#33	1
http://ex.org/variable#169 http://www.ibm.com/timex#di http://ex.org/variable#34	1
http://ex.org/variable#169 http://www.ibm.com/timex#di http://ex.org/variable#35	1
http://ex.org/variable#169 http://www.ibm.com/timex#di_si http://ex.org/variable#36	1
http://ex.org/variable#169 http://www.ibm.com/timex#di http://ex.org/variable#37	1
http://ex.org/variable#169 http://www.ibm.com/timex#di http://ex.org/variable#38	1
http://ex.org/variable#169 http://www.ibm.com/timex#di http://ex.org/variable#39	1
http://ex.org/variable#169 http://www.ibm.com/timex#oi_di_si http://ex.org/variable#40	1
http://ex.org/variable#169 http://www.ibm.com/timex#di http://ex.org/variable#41	1
http://ex.org/variable#169 http://www.ibm.com/timex#o http://ex.org/variable#42	1
http://ex.org/variable#169 http://www.ibm.com/timex#oi http://ex.org/variable#43	1
http://ex.org/variable#169 http://www.ibm.com/timex#di http://ex.org/variable#44	1
http://ex.org/variable#169 http://www.ibm.com/timex#o http://ex.org/variable#45	1
http://ex.org/variable#169 http://www.ibm.com/timex#oi http://ex.org/variable#46	1
http://ex.org/variable#169 http://www.ibm.com/timex#oi http://ex.org/variable#47	1
http://ex.org/variable#169 http://www.ibm.com/timex#di http://ex.org/variable#48	1
http://ex.org/variable#169 http://www.ibm.com/timex#oi http://ex.org/variable#49	1
http://ex.org/variable#169 http://www.ibm.com/timex#o http://ex.org/variable#50	1
http://ex.org/variable#169 http://www.ibm.com/timex#di http://ex.org/variable#51	1
http://ex.org/variable#169 http://www.ibm.com/timex#oi http://ex.org/variable#52	1
http://ex.org/variable#169 http://www.ibm.com/timex#di http://ex.org/variable#53	1
http://ex.org/variable#169 http://www.ibm.com/timex#di http://ex.org/variable#54	1
http://ex.org/variable#169 http://www.ibm.com/timex#di http://ex.org/variable#55	1
http://ex.org/variable#169 http://www.ibm.com/timex#di http://ex.org/variable#56	1
http://ex.org/variable#169 http://www.ibm.com/timex#oi http://ex.org/variable#57	1
http://ex.org/variable#169 http://www.ibm.com/timex#di http://ex.org/variable#58	1
http://ex.org/variable#169 http://www.ibm.com/timex#o http://ex.org/variable#59	1
http://ex.org/variable#169 http://www.ibm.com/timex#o http://ex.org/variable#60	1
http://ex.org/variable#169 http://www.ibm.com/timex#d_s http://ex.org/variable#61	1
http://ex.org/variable#169 http://www.ibm.com/timex#o http://ex.org/variable#62	1
http://ex.org/variable#169 http://www.ibm.com/timex#di_si http://ex.org/variable#63	1
http://ex.org/variable#169 http://www.ibm.com/timex#o_s http://ex.org/variable#64	1
http://ex.org/variable#169 http://www.ibm.com/timex#di http://ex.org/variable#65	1
http://ex.org/variable#169 http://www.ibm.com/timex#oi http://ex.org/variable#66	1
http://ex.org/variable#169 http://www.ibm.com/timex#o http://ex.org/variable#67	1
http://ex.org/variable#169 http://www.ibm.com/timex#o http://ex.org/variable#68	1
http://ex.org/variable#169 http://www.ibm.com/timex#di http://ex.org/variable#69	1
http://ex.org/variable#169 http://www.ibm.com/timex#o http://ex.org/variable#70	1
http://ex.org/variable#169 http://www.ibm.com/timex#di http://ex.org/variable#71	1
http://ex.org/variable#169 http://www.ibm.com/timex#di http://ex.org/variable#72	1
http://ex.org/variable#169 http://www.ibm.com/timex#di http://ex.org/variable#73	1
http://ex.org/variable#169 http://www.ibm.com/timex#o http://ex.org/variable#74	1
http://ex.org/variable#169 http://www.ibm.com/timex#di http://ex.org/variable#75	1
http://ex.org/variable#169 http://www.ibm.com/timex#di http://ex.org/variable#76	1
http://ex.org/variable#169 http://www.ibm.com/timex#o http://ex.org/variable#77	1
http://ex.org/variable#169 http://www.ibm.com/timex#di http://ex.org/variable#78	1
http://ex.org/variable#169 http://www.ibm.com/timex#oi http://ex.org/variable#79	1
http://ex.org/variable#169 http://www.ibm.com/timex#d http://ex.org/variable#80	1
http://ex.org/variable#169 http://www.ibm.com/timex#oi http://ex.org/variable#81	1
http://ex.org/variable#169 http://www.ibm.com/timex#di http://ex.org/variable#82	1
http://ex.org/variable#169 http://www.ibm.com/timex#d http://ex.org/variable#83	1
http://ex.org/variable#169 http://www.ibm.com/timex#di http://ex.org/variable#84	1
http://ex.org/variable#169 http://www.ibm.com/timex#di http://ex.org/variable#85	1
http://ex.org/variable#169 http://www.ibm.com/timex#d http://ex.org/variable#86	1
http://ex.org/variable#169 http://www.ibm.com/timex#o http://ex.org/variable#87	1
http://ex.org/variable#169 http://www.ibm.com/timex#di http://ex.org/variable#88	1
http://ex.org/variable#169 http://www.ibm.com/timex#o http://ex.org/variable#89	1
http://ex.org/variable#169 http://www.ibm.com/timex#di http://ex.org/variable#90	1
http://ex.org/variable#169 http://www.ibm.com/timex#o http://ex.org/variable#91	1
http://ex.org/variable#169 http://www.ibm.com/timex#o http://ex.org/variable#92	1
http://ex.org/variable#169 http://www.ibm.com/timex#di http://ex.org/variable#93	1
http://ex.org/variable#169 http://www.ibm.com/timex#di http://ex.org/variable#94	1
http://ex.org/variable#169 http://www.ibm.com/timex#di http://ex.org/variable#95	1
http://ex.org/variable#169 http://www.ibm.com/timex#di http://ex.org/variable#96	1
http://ex.org/variable#169 http://www.ibm.com/timex#di http://ex.org/variable#97	1
http://ex.org/variable#169 http://www.ibm.com/timex#o http://ex.org/variable#98	1
http://ex.org/variable#169 http://www.ibm.com/timex#di http://ex.org/variable#99	1
http://ex.org/variable#169 http://www.ibm.com/timex#di http://ex.org/variable#100	1
http://ex.org/variable#169 http://www.ibm.com/timex#o http://ex.org/variable#101	1
http://ex.org/variable#169 http://www.ibm.com/timex#di http://ex.org/variable#102	1
http://ex.org/variable#169 http://www.ibm.com/timex#di http://ex.org/variable#103	1
http://ex.org/variable#169 http://www.ibm.com/timex#b_o_di_fi http://ex.org/variable#104	1
http://ex.org/variable#169 http://www.ibm.com/timex#o_di_fi http://ex.org/variable#105	1
http://ex.org/variable#169 http://www.ibm.com/timex#o http://ex.org/variable#106	1
http://ex.org/variable#169 http://www.ibm.com/timex#di http://ex.org/variable#107	1
http://ex.org/variable#169 http://www.ibm.com/timex#di http://ex.org/variable#108	1
http://ex.org/variable#169 http://www.ibm.com/timex#di http://ex.org/variable#109	1
http://ex.org/variable#169 http://www.ibm.com/timex#o_fi http://ex.org/variable#110	1
http://ex.org/variable#169 http://www.ibm.com/timex#di http://ex.org/variable#111	1
http://ex.org/variable#169 http://www.ibm.com/timex#oi http://ex.org/variable#112	1
http://ex.org/variable#169 http://www.ibm.com/timex#di http://ex.org/variable#113	1
http://ex.org/variable#169 http://www.ibm.com/timex#di http://ex.org/variable#114	1
http://ex.org/variable#169 http://www.ibm.com/timex#di http://ex.org/variable#115	1
http://ex.org/variable#169 http://www.ibm.com/timex#di http://ex.org/variable#116	1
http://ex.org/variable#169 http://www.ibm.com/timex#di http://ex.org/variable#117	1
http://ex.org/variable#169 http://www.ibm.com/timex#di http://ex.org/variable#118	1
http://ex.org/variable#169 http://www.ibm.com/timex#d http://ex.org/variable#119	1
http://ex.org/variable#169 http://www.ibm.com/timex#di http://ex.org/variable#120	1
http://ex.org/variable#169 http://www.ibm.com/timex#di http://ex.org/variable#121	1
http://ex.org/variable#169 http://www.ibm.com/timex#oi_si http://ex.org/variable#122	1
http://ex.org/variable#169 http://www.ibm.com/timex#o http://ex.org/variable#123	1
http://ex.org/variable#169 http://www.ibm.com/timex#oi http://ex.org/variable#124	1
http://ex.org/variable#169 http://www.ibm.com/timex#oi http://ex.org/variable#125	1
http://ex.org/variable#169 http://www.ibm.com/timex#di http://ex.org/variable#126	1
http://ex.org/variable#169 http://www.ibm.com/timex#di http://ex.org/variable#127	1
http://ex.org/variable#169 http://www.ibm.com/timex#o http://ex.org/variable#128	1
http://ex.org/variable#169 http://www.ibm.com/timex#oi http://ex.org/variable#129	1
http://ex.org/variable#169 http://www.ibm.com/timex#di http://ex.org/variable#130	1
http://ex.org/variable#169 http://www.ibm.com/timex#o http://ex.org/variable#131	1
http://ex.org/variable#169 http://www.ibm.com/timex#o_fi http://ex.org/variable#132	1
http://ex.org/variable#169 http://www.ibm.com/timex#o http://ex.org/variable#133	1
http://ex.org/variable#169 http://www.ibm.com/timex#oi http://ex.org/variable#134	1
http://ex.org/variable#169 http://www.ibm.com/timex#o http://ex.org/variable#135	1
http://ex.org/variable#169 http://www.ibm.com/timex#o http://ex.org/variable#136	1
http://ex.org/variable#169 http://www.ibm.com/timex#di http://ex.org/variable#137	1
http://ex.org/variable#169 http://www.ibm.com/timex#o http://ex.org/variable#138	1
http://ex.org/variable#169 http://www.ibm.com/timex#di http://ex.org/variable#139	1
http://ex.org/variable#169 http://www.ibm.com/timex#di http://ex.org/variable#140	1
http://ex.org/variable#169 http://www.ibm.com/timex#d http://ex.org/variable#141	1
http://ex.org/variable#169 http://www.ibm.com/timex#di http://ex.org/variable#142	1
http://ex.org/variable#169 http://www.ibm.com/timex#o http://ex.org/variable#143	1
http://ex.org/variable#169 http://www.ibm.com/timex#o http://ex.org/variable#144	1
http://ex.org/variable#169 http://www.ibm.com/timex#di http://ex.org/variable#145	1
http://ex.org/variable#169 http://www.ibm.com/timex#o http://ex.org/variable#146	1
http://ex.org/variable#169 http://www.ibm.com/timex#di http://ex.org/variable#147	1
http://ex.org/variable#169 http://www.ibm.com/timex#di http://ex.org/variable#148	1
http://ex.org/variable#169 http://www.ibm.com/timex#oi http://ex.org/variable#149	1
http://ex.org/variable#169 http://www.ibm.com/timex#o http://ex.org/variable#150	1
http://ex.org/variable#169 http://www.ibm.com/timex#o http://ex.org/variable#151	1
http://ex.org/variable#169 http://www.ibm.com/timex#di http://ex.org/variable#152	1
http://ex.org/variable#169 http://www.ibm.com/timex#o http://ex.org/variable#153	1
http://ex.org/variable#169 http://www.ibm.com/timex#di http://ex.org/variable#154	1
http://ex.org/variable#169 http://www.ibm.com/timex#oi http://ex.org/variable#155	1
http://ex.org/variable#169 http://www.ibm.com/timex#di http://ex.org/variable#156	1
http://ex.org/variable#169 http://www.ibm.com/timex#di http://ex.org/variable#157	1
http://ex.org/variable#169 http://www.ibm.com/timex#di http://ex.org/variable#158	1
http://ex.org/variable#169 http://www.ibm.com/timex#o http://ex.org/variable#159	1
http://ex.org/variable#169 http://www.ibm.com/timex#di http://ex.org/variable#160	1
http://ex.org/variable#169 http://www.ibm.com/timex#di http://ex.org/variable#161	1
http://ex.org/variable#169 http://www.ibm.com/timex#di http://ex.org/variable#162	1
http://ex.org/variable#169 http://www.ibm.com/timex#di http://ex.org/variable#163	1
http://ex.org/variable#169 http://www.ibm.com/timex#o http://ex.org/variable#164	1
http://ex.org/variable#169 http://www.ibm.com/timex#di http://ex.org/variable#165	1
http://ex.org/variable#169 http://www.ibm.com/timex#oi http://ex.org/variable#166	1
http://ex.org/variable#169 http://www.ibm.com/timex#di http://ex.org/variable#167	1
http://ex.org/variable#169 http://www.ibm.com/timex#o http://ex.org/variable#168	1
http://ex.org/variable#169 http://www.ibm.com/timex#o http://ex.org/variable#170	1
http://ex.org/variable#169 http://www.ibm.com/timex#oi http://ex.org/variable#171	1
http://ex.org/variable#169 http://www.ibm.com/timex#oi http://ex.org/variable#172	1
http://ex.org/variable#169 http://www.ibm.com/timex#di http://ex.org/variable#173	1
http://ex.org/variable#169 http://www.ibm.com/timex#di http://ex.org/variable#174	1
http://ex.org/variable#169 http://www.ibm.com/timex#di http://ex.org/variable#175	1
http://ex.org/variable#169 http://www.ibm.com/timex#o http://ex.org/variable#176	1
http://ex.org/variable#169 http://www.ibm.com/timex#di http://ex.org/variable#177	1
http://ex.org/variable#169 http://www.ibm.com/timex#o http://ex.org/variable#178	1
http://ex.org/variable#169 http://www.ibm.com/timex#o http://ex.org/variable#179	1
http://ex.org/variable#169 http://www.ibm.com/timex#di http://ex.org/variable#180	1
http://ex.org/variable#169 http://www.ibm.com/timex#di http://ex.org/variable#181	1
http://ex.org/variable#169 http://www.ibm.com/timex#di http://ex.org/variable#182	1
http://ex.org/variable#169 http://www.ibm.com/timex#o http://ex.org/variable#183	1
http://ex.org/variable#169 http://www.ibm.com/timex#di http://ex.org/variable#184	1
http://ex.org/variable#169 http://www.ibm.com/timex#di http://ex.org/variable#185	1
http://ex.org/variable#169 http://www.ibm.com/timex#di http://ex.org/variable#186	1
http://ex.org/variable#169 http://www.ibm.com/timex#oi http://ex.org/variable#187	1
http://ex.org/variable#169 http://www.ibm.com/timex#di http://ex.org/variable#188	1
http://ex.org/variable#169 http://www.ibm.com/timex#di http://ex.org/variable#189	1
http://ex.org/variable#170 http://www.ibm.com/timex#d http://ex.org/variable#0	1
http://ex.org/variable#170 http://www.ibm.com/timex#o http://ex.org/variable#1	1
http://ex.org/variable#170 http://www.ibm.com/timex#oi_d http://ex.org/variable#2	1
http://ex.org/variable#170 http://www.ibm.com/timex#oi http://ex.org/variable#3	1
http://ex.org/variable#170 http://www.ibm.com/timex#d http://ex.org/variable#4	1
http://ex.org/variable#170 http://www.ibm.com/timex#bi http://ex.org/variable#5	1
http://ex.org/variable#170 http://www.ibm.com/timex#oi http://ex.org/variable#6	1
http://ex.org/variable#170 http://www.ibm.com/timex#d http://ex.org/variable#7	1
http://ex.org/variable#170 http://www.ibm.com/timex#bi http://ex.org/variable#8	1
http://ex.org/variable#170 http://www.ibm.com/timex#d http://ex.org/variable#9	1
http://ex.org/variable#170 http://www.ibm.com/timex#oi http://ex.org/variable#10	1
http://ex.org/variable#170 http://www.ibm.com/timex#oi_d_f http://ex.org/variable#11	1
http://ex.org/variable#170 http://www.ibm.com/timex#d http://ex.org/variable#12	1
http://ex.org/variable#170 http://www.ibm.com/timex#bi http://ex.org/variable#13	1
http://ex.org/variable#170 http://www.ibm.com/timex#bi http://ex.org/variable#14	1
http://ex.org/variable#170 http://www.ibm.com/timex#oi http://ex.org/variable#15	1
http://ex.org/variable#170 http://www.ibm.com/timex#mi http://ex.org/variable#16	1
http://ex.org/variable#170 http://www.ibm.com/timex#di http://ex.org/variable#17	1
http://ex.org/variable#170 http://www.ibm.com/timex#oi http://ex.org/variable#18	1
http://ex.org/variable#170 http://www.ibm.com/timex#bi http://ex.org/variable#19	1
http://ex.org/variable#170 http://www.ibm.com/timex#d http://ex.org/variable#20	1
http://ex.org/variable#170 http://www.ibm.com/timex#si http://ex.org/variable#21	1
http://ex.org/variable#170 http://www.ibm.com/timex#d http://ex.org/variable#22	1
http://ex.org/variable#170 http://www.ibm.com/timex#bi http://ex.org/variable#23	1
http://ex.org/variable#170 http://www.ibm.com/timex#d http://ex.org/variable#24	1
http://ex.org/variable#170 http://www.ibm.com/timex#bi http://ex.org/variable#25	1
http://ex.org/variable#170 http://www.ibm.com/timex#di http://ex.org/variable#26	1
http://ex.org/variable#170 http://www.ibm.com/timex#bi http://ex.org/variable#27	1
http://ex.org/variable#170 http://www.ibm.com/timex#oi http://ex.org/variable#28	1
http://ex.org/variable#170 http://www.ibm.com/timex#oi http://ex.org/variable#29	1
http://ex.org/variable#170 http://www.ibm.com/timex#bi http://ex.org/variable#30	1
http://ex.org/variable#170 http://www.ibm.com/timex#bi http://ex.org/variable#31	1
http://ex.org/variable#170 http://www.ibm.com/timex#bi http://ex.org/variable#32	1
http://ex.org/variable#170 http://www.ibm.com/timex#o http://ex.org/variable#33	1
http://ex.org/variable#170 http://www.ibm.com/timex#oi http://ex.org/variable#34	1
http://ex.org/variable#170 http://www.ibm.com/timex#bi http://ex.org/variable#35	1
http://ex.org/variable#170 http://www.ibm.com/timex#bi http://ex.org/variable#36	1
http://ex.org/variable#170 http://www.ibm.com/timex#bi http://ex.org/variable#37	1
http://ex.org/variable#170 http://www.ibm.com/timex#oi http://ex.org/variable#38	1
http://ex.org/variable#170 http://www.ibm.com/timex#di http://ex.org/variable#39	1
http://ex.org/variable#170 http://www.ibm.com/timex#oi http://ex.org/variable#40	1
http://ex.org/variable#170 http://www.ibm.com/timex#oi http://ex.org/variable#41	1
http://ex.org/variable#170 http://www.ibm.com/timex#d http://ex.org/variable#42	1
http://ex.org/variable#170 http://www.ibm.com/timex#oi http://ex.org/variable#43	1
http://ex.org/variable#170 http://www.ibm.com/timex#oi http://ex.org/variable#44	1
http://ex.org/variable#170 http://www.ibm.com/timex#d http://ex.org/variable#45	1
http://ex.org/variable#170 http://www.ibm.com/timex#bi http://ex.org/variable#46	1
http://ex.org/variable#170 http://www.ibm.com/timex#oi http://ex.org/variable#47	1
http://ex.org/variable#170 http://www.ibm.com/timex#di http://ex.org/variable#48	1
http://ex.org/variable#170 http://www.ibm.com/timex#bi http://ex.org/variable#49	1
http://ex.org/variable#170 http://www.ibm.com/timex#d http://ex.org/variable#50	1
http://ex.org/variable#170 http://www.ibm.com/timex#di http://ex.org/variable#51	1
http://ex.org/variable#170 http://www.ibm.com/timex#oi http://ex.org/variable#52	1
http://ex.org/variable#170 http://www.ibm.com/timex#oi http://ex.org/variable#53	1
http://ex.org/variable#170 http://www.ibm.com/timex#oi http://ex.org/variable#54	1
http://ex.org/variable#170 http://www.ibm.com/timex#oi http://ex.org/variable#55	1
http://ex.org/variable#170 http://www.ibm.com/timex#bi http://ex.org/variable#56	1
http://ex.org/variable#170 http://www.ibm.com/timex#bi http://ex.org/variable#57	1
http://ex.org/variable#170 http://www.ibm.com/timex#oi http://ex.org/variable#58	1
http://ex.org/variable#170 http://www.ibm.com/timex#d http://ex.org/variable#59	1
http://ex.org/variable#170 http://www.ibm.com/timex#d http://ex.org/variable#60	1
http://ex.org/variable#170 http://www.ibm.com/timex#d http://ex.org/variable#61	1
http://ex.org/variable#170 http://www.ibm.com/timex#d http://ex.org/variable#62	1
http://ex.org/variable#170 http://www.ibm.com/timex#oi http://ex.org/variable#63	1
http://ex.org/variable#170 http://www.ibm.com/timex#oi_d_f http://ex.org/variable#64	1
http://ex.org/variable#170 http://www.ibm.com/timex#bi http://ex.org/variable#65	1
http://ex.org/variable#170 http://www.ibm.com/timex#bi http://ex.org/variable#66	1
http://ex.org/variable#170 http://www.ibm.com/timex#d http://ex.org/variable#67	1
http://ex.org/variable#170 http://www.ibm.com/timex#oi_d_f http://ex.org/variable#68	1
http://ex.org/variable#170 http://www.ibm.com/timex#bi http://ex.org/variable#69	1
http://ex.org/variable#170 http://www.ibm.com/timex#d http://ex.org/variable#70	1
http://ex.org/variable#170 http://www.ibm.com/timex#bi http://ex.org/variable#71	1
http://ex.org/variable#170 http://www.ibm.com/timex#oi http://ex.org/variable#72	1
http://ex.org/variable#170 http://www.ibm.com/timex#oi http://ex.org/variable#73	1
http://ex.org/variable#170 http://www.ibm.com/timex#oi http://ex.org/variable#74	1
http://ex.org/variable#170 http://www.ibm.com/timex#oi http://ex.org/variable#75	1
http://ex.org/variable#170 http://www.ibm.com/timex#oi http://ex.org/variable#76	1
http://ex.org/variable#170 http://www.ibm.com/timex#d http://ex.org/variable#77	1
http://ex.org/variable#170 http://www.ibm.com/timex#oi http://ex.org/variable#78	1
http://ex.org/variable#170 http://www.ibm.com/timex#bi http://ex.org/variable#79	1
http://ex.org/variable#170 http://www.ibm.com/timex#d http://ex.org/variable#80	1
http://ex.org/variable#170 http://www.ibm.com/timex#bi http://ex.org/variable#81	1
http://ex.org/variable#170 http://www.ibm.com/timex#bi http://ex.org/variable#82	1
http://ex.org/variable#170 http://www.ibm.com/timex#oi http://ex.org/variable#83	1
http://ex.org/variable#170 http://www.ibm.com/timex#oi http://ex.org/variable#84	1
http://ex.org/variable#170 http://www.ibm.com/timex#si http://ex.org/variable#85	1
http://ex.org/variable#170 http://www.ibm.com/timex#d http://ex.org/variable#86	1
http://ex.org/variable#170 http://www.ibm.com/timex#oi_d http://ex.org/variable#87	1
http://ex.org/variable#170 http://www.ibm.com/timex#di http://ex.org/variable#88	1
http://ex.org/variable#170 http://www.ibm.com/timex#d http://ex.org/variable#89	1
http://ex.org/variable#170 http://www.ibm.com/timex#oi http://ex.org/variable#90	1
http://ex.org/variable#170 http://www.ibm.com/timex#d http://ex.org/variable#91	1
http://ex.org/variable#170 http://www.ibm.com/timex#d http://ex.org/variable#92	1
http://ex.org/variable#170 http://www.ibm.com/timex#oi http://ex.org/variable#93	1
http://ex.org/variable#170 http://www.ibm.com/timex#bi http://ex.org/variable#94	1
http://ex.org/variable#170 http://www.ibm.com/timex#bi http://ex.org/variable#95	1
http://ex.org/variable#170 http://www.ibm.com/timex#bi http://ex.org/variable#96	1
http://ex.org/variable#170 http://www.ibm.com/timex#oi http://ex.org/variable#97	1
http://ex.org/variable#170 http://www.ibm.com/timex#o_di_fi http://ex.org/variable#98	1
http://ex.org/variable#170 http://www.ibm.com/timex#di http://ex.org/variable#99	1
http://ex.org/variable#170 http://www.ibm.com/timex#bi http://ex.org/variable#100	1
http://ex.org/variable#170 http://www.ibm.com/timex#oi_d_f http://ex.org/variable#101	1
http://ex.org/variable#170 http://www.ibm.com/timex#mi http://ex.org/variable#102	1
http://ex.org/variable#170 http://www.ibm.com/timex#oi http://ex.org/variable#103	1
http://ex.org/variable#170 http://www.ibm.com/timex#o_di http://ex.org/variable#104	1
http://ex.org/variable#170 http://www.ibm.com/timex#oi http://ex.org/variable#105	1
http://ex.org/variable#170 http://www.ibm.com/timex#d http://ex.org/variable#106	1
http://ex.org/variable#170 http://www.ibm.com/timex#oi http://ex.org/variable#107	1
http://ex.org/variable#170 http://www.ibm.com/timex#bi http://ex.org/variable#108	1
http://ex.org/variable#170 http://www.ibm.com/timex#bi http://ex.org/variable#109	1
http://ex.org/variable#170 http://www.ibm.com/timex#oi_d_f http://ex.org/variable#110	1
http://ex.org/variable#170 http://www.ibm.com/timex#bi http://ex.org/variable#111	1
http://ex.org/variable#170 http://www.ibm.com/timex#oi http://ex.org/variable#112	1
http://ex.org/variable#170 http://www.ibm.com/timex#bi http://ex.org/variable#113	1
http://ex.org/variable#170 http://www.ibm.com/timex#oi http://ex.org/variable#114	1
http://ex.org/variable#170 http://www.ibm.com/timex#di http://ex.org/variable#115	1
http://ex.org/variable#170 http://www.ibm.com/timex#bi http://ex.org/variable#116	1
http://ex.org/variable#170 http://www.ibm.com/timex#bi http://ex.org/variable#117	1
http://ex.org/variable#170 http://www.ibm.com/timex#bi http://ex.org/variable#118	1
http://ex.org/variable#170 http://www.ibm.com/timex#oi http://ex.org/variable#119	1
http://ex.org/variable#170 http://www.ibm.com/timex#bi http://ex.org/variable#120	1
http://ex.org/variable#170 http://www.ibm.com/timex#di http://ex.org/variable#121	1
http://ex.org/variable#170 http://www.ibm.com/timex#oi http://ex.org/variable#122	1
http://ex.org/variable#170 http://www.ibm.com/timex#d http://ex.org/variable#123	1
http://ex.org/variable#170 http://www.ibm.com/timex#bi http://ex.org/variable#124	1
http://ex.org/variable#170 http://www.ibm.com/timex#bi http://ex.org/variable#125	1
http://ex.org/variable#170 http://www.ibm.com/timex#oi http://ex.org/variable#126	1
http://ex.org/variable#170 http://www.ibm.com/timex#si http://ex.org/variable#127	1
http://ex.org/variable#170 http://www.ibm.com/timex#d http://ex.org/variable#128	1
http://ex.org/variable#170 http://www.ibm.com/timex#bi http://ex.org/variable#129	1
http://ex.org/variable#170 http://www.ibm.com/timex#bi http://ex.org/variable#130	1
http://ex.org/variable#170 http://www.ibm.com/timex#o http://ex.org/variable#131	1
http://ex.org/variable#170 http://www.ibm.com/timex#oi http://ex.org/variable#132	1
http://ex.org/variable#170 http://www.ibm.com/timex#d http://ex.org/variable#133	1
http://ex.org/variable#170 http://www.ibm.com/timex#bi http://ex.org/variable#134	1
http://ex.org/variable#170 http://www.ibm.com/timex#d http://ex.org/variable#135	1
http://ex.org/variable#170 http://www.ibm.com/timex#d http://ex.org/variable#136	1
http://ex.org/variable#170 http://www.ibm.com/timex#bi http://ex.org/variable#137	1
http://ex.org/variable#170 http://www.ibm.com/timex#di http://ex.org/variable#138	1
http://ex.org/variable#170 http://www.ibm.com/timex#bi http://ex.org/variable#139	1
http://ex.org/variable#170 http://www.ibm.com/timex#bi http://ex.org/variable#140	1
http://ex.org/variable#170 http://www.ibm.com/timex#d http://ex.org/variable#141	1
http://ex.org/variable#170 http://www.ibm.com/timex#bi http://ex.org/variable#142	1
http://ex.org/variable#170 http://www.ibm.com/timex#d_f http://ex.org/variable#143	1
http://ex.org/variable#170 http://www.ibm.com/timex#d http://ex.org/variable#144	1
http://ex.org/variable#170 http://www.ibm.com/timex#si http://ex.org/variable#145	1
http://ex.org/variable#170 http://www.ibm.com/timex#d http://ex.org/variable#146	1
http://ex.org/variable#170 http://www.ibm.com/timex#oi http://ex.org/variable#147	1
http://ex.org/variable#170 http://www.ibm.com/timex#oi http://ex.org/variable#148	1
http://ex.org/variable#170 http://www.ibm.com/timex#bi http://ex.org/variable#149	1
http://ex.org/variable#170 http://www.ibm.com/timex#o http://ex.org/variable#150	1
http://ex.org/variable#170 http://www.ibm.com/timex#d http://ex.org/variable#151	1
http://ex.org/variable#170 http://www.ibm.com/timex#bi http://ex.org/variable#152	1
http://ex.org/variable#170 http://www.ibm.com/timex#d http://ex.org/variable#153	1
http://ex.org/variable#170 http://www.ibm.com/timex#bi http://ex.org/variable#154	1
http://ex.org/variable#170 http://www.ibm.com/timex#oi http://ex.org/variable#155	1
http://ex.org/variable#170 http://www.ibm.com/timex#oi http://ex.org/variable#156	1
http://ex.org/variable#170 http://www.ibm.com/timex#bi http://ex.org/variable#157	1
http://ex.org/variable#170 http://www.ibm.com/timex#bi http://ex.org/variable#158	1
http://ex.org/variable#170 http://www.ibm.com/timex#d http://ex.org/variable#159	1
http://ex.org/variable#170 http://www.ibm.com/timex#oi http://ex.org/variable#160	1
http://ex.org/variable#170 http://www.ibm.com/timex#bi http://ex.org/variable#161	1
http://ex.org/variable#170 http://www.ibm.com/timex#bi http://ex.org/variable#162	1
http://ex.org/variable#170 http://www.ibm.com/timex#oi http://ex.org/variable#163	1
http://ex.org/variable#170 http://www.ibm.com/timex#oi_d http://ex.org/variable#164	1
http://ex.org/variable#170 http://www.ibm.com/timex#bi http://ex.org/variable#165	1
http://ex.org/variable#170 http://www.ibm.com/timex#bi http://ex.org/variable#166	1
http://ex.org/variable#170 http://www.ibm.com/timex#oi http://ex.org/variable#167	1
http://ex.org/variable#170 http://www.ibm.com/timex#oi_d_f http://ex.org/variable#168	1
http://ex.org/variable#170 http://www.ibm.com/timex#oi http://ex.org/variable#169	1
http://ex.org/variable#170 http://www.ibm.com/timex#bi http://ex.org/variable#171	1
http://ex.org/variable#170 http://www.ibm.com/timex#bi http://ex.org/variable#172	1
http://ex.org/variable#170 http://www.ibm.com/timex#di http://ex.org/variable#173	1
http://ex.org/variable#170 http://www.ibm.com/timex#oi http://ex.org/variable#174	1
http://ex.org/variable#170 http://www.ibm.com/timex#oi http://ex.org/variable#175	1
http://ex.org/variable#170 http://www.ibm.com/timex#d http://ex.org/variable#176	1
http://ex.org/variable#170 http://www.ibm.com/timex#oi http://ex.org/variable#177	1
http://ex.org/variable#170 http://www.ibm.com/timex#d http://ex.org/variable#178	1
http://ex.org/variable#170 http://www.ibm.com/timex#oi http://ex.org/variable#179	1
http://ex.org/variable#170 http://www.ibm.com/timex#bi http://ex.org/variable#180	1
http://ex.org/variable#170 http://www.ibm.com/timex#bi http://ex.org/variable#181	1
http://ex.org/variable#170 http://www.ibm.com/timex#bi http://ex.org/variable#182	1
http://ex.org/variable#170 http://www.ibm.com/timex#oi http://ex.org/variable#183	1
http://ex.org/variable#170 http://www.ibm.com/timex#bi http://ex.org/variable#184	1
http://ex.org/variable#170 http://www.ibm.com/timex#oi http://ex.org/variable#185	1
http://ex.org/variable#170 http://www.ibm.com/timex#oi http://ex.org/variable#186	1
http://ex.org/variable#170 http://www.ibm.com/timex#oi http://ex.org/variable#187	1
http://ex.org/variable#170 http://www.ibm.com/timex#oi http://ex.org/variable#188	1
http://ex.org/variable#170 http://www.ibm.com/timex#bi http://ex.org/variable#189	1
http://ex.org/variable#171 http://www.ibm.com/timex#o http://ex.org/variable#0	1
http://ex.org/variable#171 http://www.ibm.com/timex#b http://ex.org/variable#1	1
http://ex.org/variable#171 http://www.ibm.com/timex#o http://ex.org/variable#2	1
http://ex.org/variable#171 http://www.ibm.com/timex#o http://ex.org/variable#3	1
http://ex.org/variable#171 http://www.ibm.com/timex#o http://ex.org/variable#4	1
http://ex.org/variable#171 http://www.ibm.com/timex#di http://ex.org/variable#5	1
http://ex.org/variable#171 http://www.ibm.com/timex#o http://ex.org/variable#6	1
http://ex.org/variable#171 http://www.ibm.com/timex#o http://ex.org/variable#7	1
http://ex.org/variable#171 http://www.ibm.com/timex#di http://ex.org/variable#8	1
http://ex.org/variable#171 http://www.ibm.com/timex#o http://ex.org/variable#9	1
http://ex.org/variable#171 http://www.ibm.com/timex#o http://ex.org/variable#10	1
http://ex.org/variable#171 http://www.ibm.com/timex#o http://ex.org/variable#11	1
http://ex.org/variable#171 http://www.ibm.com/timex#d http://ex.org/variable#12	1
http://ex.org/variable#171 http://www.ibm.com/timex#di http://ex.org/variable#13	1
http://ex.org/variable#171 http://www.ibm.com/timex#o http://ex.org/variable#14	1
http://ex.org/variable#171 http://www.ibm.com/timex#o http://ex.org/variable#15	1
http://ex.org/variable#171 http://www.ibm.com/timex#o http://ex.org/variable#16	1
http://ex.org/variable#171 http://www.ibm.com/timex#b http://ex.org/variable#17	1
http://ex.org/variable#171 http://www.ibm.com/timex#o http://ex.org/variable#18	1
http://ex.org/variable#171 http://www.ibm.com/timex#di http://ex.org/variable#19	1
http://ex.org/variable#171 http://www.ibm.com/timex#d http://ex.org/variable#20	1
http://ex.org/variable#171 http://www.ibm.com/timex#b http://ex.org/variable#21	1
http://ex.org/variable#171 http://www.ibm.com/timex#o http://ex.org/variable#22	1
http://ex.org/variable#171 http://www.ibm.com/timex#di http://ex.org/variable#23	1
http://ex.org/variable#171 http://www.ibm.com/timex#o http://ex.org/variable#24	1
http://ex.org/variable#171 http://www.ibm.com/timex#di http://ex.org/variable#25	1
http://ex.org/variable#171 http://www.ibm.com/timex#b http://ex.org/variable#26	1
http://ex.org/variable#171 http://www.ibm.com/timex#oi http://ex.org/variable#27	1
http://ex.org/variable#171 http://www.ibm.com/timex#o http://ex.org/variable#28	1
http://ex.org/variable#171 http://www.ibm.com/timex#o http://ex.org/variable#29	1
http://ex.org/variable#171 http://www.ibm.com/timex#di http://ex.org/variable#30	1
http://ex.org/variable#171 http://www.ibm.com/timex#oi http://ex.org/variable#31	1
http://ex.org/variable#171 http://www.ibm.com/timex#oi_di_si http://ex.org/variable#32	1
http://ex.org/variable#171 http://www.ibm.com/timex#b http://ex.org/variable#33	1
http://ex.org/variable#171 http://www.ibm.com/timex#o http://ex.org/variable#34	1
http://ex.org/variable#171 http://www.ibm.com/timex#di http://ex.org/variable#35	1
http://ex.org/variable#171 http://www.ibm.com/timex#di http://ex.org/variable#36	1
http://ex.org/variable#171 http://www.ibm.com/timex#di http://ex.org/variable#37	1
http://ex.org/variable#171 http://www.ibm.com/timex#o http://ex.org/variable#38	1
http://ex.org/variable#171 http://www.ibm.com/timex#b http://ex.org/variable#39	1
http://ex.org/variable#171 http://www.ibm.com/timex#o_d http://ex.org/variable#40	1
http://ex.org/variable#171 http://www.ibm.com/timex#o http://ex.org/variable#41	1
http://ex.org/variable#171 http://www.ibm.com/timex#o http://ex.org/variable#42	1
http://ex.org/variable#171 http://www.ibm.com/timex#d_s http://ex.org/variable#43	1
http://ex.org/variable#171 http://www.ibm.com/timex#o http://ex.org/variable#44	1
http://ex.org/variable#171 http://www.ibm.com/timex#o http://ex.org/variable#45	1
http://ex.org/variable#171 http://www.ibm.com/timex#d http://ex.org/variable#46	1
http://ex.org/variable#171 http://www.ibm.com/timex#d http://ex.org/variable#47	1
http://ex.org/variable#171 http://www.ibm.com/timex#b http://ex.org/variable#48	1
http://ex.org/variable#171 http://www.ibm.com/timex#oi http://ex.org/variable#49	1
http://ex.org/variable#171 http://www.ibm.com/timex#o http://ex.org/variable#50	1
http://ex.org/variable#171 http://www.ibm.com/timex#b http://ex.org/variable#51	1
http://ex.org/variable#171 http://www.ibm.com/timex#d http://ex.org/variable#52	1
http://ex.org/variable#171 http://www.ibm.com/timex#o http://ex.org/variable#53	1
http://ex.org/variable#171 http://www.ibm.com/timex#o http://ex.org/variable#54	1
http://ex.org/variable#171 http://www.ibm.com/timex#o http://ex.org/variable#55	1
http://ex.org/variable#171 http://www.ibm.com/timex#di http://ex.org/variable#56	1
http://ex.org/variable#171 http://www.ibm.com/timex#d http://ex.org/variable#57	1
http://ex.org/variable#171 http://www.ibm.com/timex#o http://ex.org/variable#58	1
http://ex.org/variable#171 http://www.ibm.com/timex#o http://ex.org/variable#59	1
http://ex.org/variable#171 http://www.ibm.com/timex#o http://ex.org/variable#60	1
http://ex.org/variable#171 http://www.ibm.com/timex#o_d_s http://ex.org/variable#61	1
http://ex.org/variable#171 http://www.ibm.com/timex#o http://ex.org/variable#62	1
http://ex.org/variable#171 http://www.ibm.com/timex#o http://ex.org/variable#63	1
http://ex.org/variable#171 http://www.ibm.com/timex#o http://ex.org/variable#64	1
http://ex.org/variable#171 http://www.ibm.com/timex#di http://ex.org/variable#65	1
http://ex.org/variable#171 http://www.ibm.com/timex#oi http://ex.org/variable#66	1
http://ex.org/variable#171 http://www.ibm.com/timex#o http://ex.org/variable#67	1
http://ex.org/variable#171 http://www.ibm.com/timex#o http://ex.org/variable#68	1
http://ex.org/variable#171 http://www.ibm.com/timex#o http://ex.org/variable#69	1
http://ex.org/variable#171 http://www.ibm.com/timex#o http://ex.org/variable#70	1
http://ex.org/variable#171 http://www.ibm.com/timex#o http://ex.org/variable#71	1
http://ex.org/variable#171 http://www.ibm.com/timex#o http://ex.org/variable#72	1
http://ex.org/variable#171 http://www.ibm.com/timex#o http://ex.org/variable#73	1
http://ex.org/variable#171 http://www.ibm.com/timex#o http://ex.org/variable#74	1
http://ex.org/variable#171 http://www.ibm.com/timex#o http://ex.org/variable#75	1
http://ex.org/variable#171 http://www.ibm.com/timex#o http://ex.org/variable#76	1
http://ex.org/variable#171 http://www.ibm.com/timex#o http://ex.org/variable#77	1
http://ex.org/variable#171 http://www.ibm.com/timex#o http://ex.org/variable#78	1
http://ex.org/variable#171 http://www.ibm.com/timex#oi_d_f http://ex.org/variable#79	1
http://ex.org/variable#171 http://www.ibm.com/timex#d http://ex.org/variable#80	1
http://ex.org/variable#171 http://www.ibm.com/timex#d http://ex.org/variable#81	1
http://ex.org/variable#171 http://www.ibm.com/timex#di http://ex.org/variable#82	1
http://ex.org/variable#171 http://www.ibm.com/timex#d http://ex.org/variable#83	1
http://ex.org/variable#171 http://www.ibm.com/timex#o http://ex.org/variable#84	1
http://ex.org/variable#171 http://www.ibm.com/timex#b http://ex.org/variable#85	1
http://ex.org/variable#171 http://www.ibm.com/timex#d http://ex.org/variable#86	1
http://ex.org/variable#171 http://www.ibm.com/timex#o http://ex.org/variable#87	1
http://ex.org/variable#171 http://www.ibm.com/timex#b http://ex.org/variable#88	1
http://ex.org/variable#171 http://www.ibm.com/timex#o http://ex.org/variable#89	1
http://ex.org/variable#171 http://www.ibm.com/timex#o http://ex.org/variable#90	1
http://ex.org/variable#171 http://www.ibm.com/timex#o http://ex.org/variable#91	1
http://ex.org/variable#171 http://www.ibm.com/timex#o http://ex.org/variable#92	1
http://ex.org/variable#171 http://www.ibm.com/timex#o http://ex.org/variable#93	1
http://ex.org/variable#171 http://www.ibm.com/timex#o http://ex.org/variable#94	1
http://ex.org/variable#171 http://www.ibm.com/timex#di http://ex.org/variable#95	1
http://ex.org/variable#171 http://www.ibm.com/timex#di http://ex.org/variable#96	1
http://ex.org/variable#171 http://www.ibm.com/timex#o http://ex.org/variable#97	1
http://ex.org/variable#171 http://www.ibm.com/timex#b http://ex.org/variable#98	1
http://ex.org/variable#171 http://www.ibm.com/timex#b http://ex.org/variable#99	1
http://ex.org/variable#171 http://www.ibm.com/timex#di http://ex.org/variable#100	1
http://ex.org/variable#171 http://www.ibm.com/timex#o http://ex.org/variable#101	1
http://ex.org/variable#171 http://www.ibm.com/timex#b_m http://ex.org/variable#102	1
http://ex.org/variable#171 http://www.ibm.com/timex#o http://ex.org/variable#103	1
http://ex.org/variable#171 http://www.ibm.com/timex#b http://ex.org/variable#104	1
http://ex.org/variable#171 http://www.ibm.com/timex#o http://ex.org/variable#105	1
http://ex.org/variable#171 http://www.ibm.com/timex#o http://ex.org/variable#106	1
http://ex.org/variable#171 http://www.ibm.com/timex#o http://ex.org/variable#107	1
http://ex.org/variable#171 http://www.ibm.com/timex#o_di_fi http://ex.org/variable#108	1
http://ex.org/variable#171 http://www.ibm.com/timex#b_m_o http://ex.org/variable#109	1
http://ex.org/variable#171 http://www.ibm.com/timex#o http://ex.org/variable#110	1
http://ex.org/variable#171 http://www.ibm.com/timex#o http://ex.org/variable#111	1
http://ex.org/variable#171 http://www.ibm.com/timex#d_s http://ex.org/variable#112	1
http://ex.org/variable#171 http://www.ibm.com/timex#di http://ex.org/variable#113	1
http://ex.org/variable#171 http://www.ibm.com/timex#o http://ex.org/variable#114	1
http://ex.org/variable#171 http://www.ibm.com/timex#b http://ex.org/variable#115	1
http://ex.org/variable#171 http://www.ibm.com/timex#o http://ex.org/variable#116	1
http://ex.org/variable#171 http://www.ibm.com/timex#di http://ex.org/variable#117	1
http://ex.org/variable#171 http://www.ibm.com/timex#o http://ex.org/variable#118	1
http://ex.org/variable#171 http://www.ibm.com/timex#d http://ex.org/variable#119	1
http://ex.org/variable#171 http://www.ibm.com/timex#di http://ex.org/variable#120	1
http://ex.org/variable#171 http://www.ibm.com/timex#b http://ex.org/variable#121	1
http://ex.org/variable#171 http://www.ibm.com/timex#o http://ex.org/variable#122	1
http://ex.org/variable#171 http://www.ibm.com/timex#o http://ex.org/variable#123	1
http://ex.org/variable#171 http://www.ibm.com/timex#oi http://ex.org/variable#124	1
http://ex.org/variable#171 http://www.ibm.com/timex#oi http://ex.org/variable#125	1
http://ex.org/variable#171 http://www.ibm.com/timex#o http://ex.org/variable#126	1
http://ex.org/variable#171 http://www.ibm.com/timex#b http://ex.org/variable#127	1
http://ex.org/variable#171 http://www.ibm.com/timex#o http://ex.org/variable#128	1
http://ex.org/variable#171 http://www.ibm.com/timex#oi http://ex.org/variable#129	1
http://ex.org/variable#171 http://www.ibm.com/timex#di http://ex.org/variable#130	1
http://ex.org/variable#171 http://www.ibm.com/timex#b http://ex.org/variable#131	1
http://ex.org/variable#171 http://www.ibm.com/timex#o http://ex.org/variable#132	1
http://ex.org/variable#171 http://www.ibm.com/timex#o http://ex.org/variable#133	1
http://ex.org/variable#171 http://www.ibm.com/timex#oi http://ex.org/variable#134	1
http://ex.org/variable#171 http://www.ibm.com/timex#o http://ex.org/variable#135	1
http://ex.org/variable#171 http://www.ibm.com/timex#o http://ex.org/variable#136	1
http://ex.org/variable#171 http://www.ibm.com/timex#di http://ex.org/variable#137	1
http://ex.org/variable#171 http://www.ibm.com/timex#b http://ex.org/variable#138	1
http://ex.org/variable#171 http://www.ibm.com/timex#di http://ex.org/variable#139	1
http://ex.org/variable#171 http://www.ibm.com/timex#di http://ex.org/variable#140	1
http://ex.org/variable#171 http://www.ibm.com/timex#d http://ex.org/variable#141	1
http://ex.org/variable#171 http://www.ibm.com/timex#o http://ex.org/variable#142	1
http://ex.org/variable#171 http://www.ibm.com/timex#o http://ex.org/variable#143	1
http://ex.org/variable#171 http://www.ibm.com/timex#o http://ex.org/variable#144	1
http://ex.org/variable#171 http://www.ibm.com/timex#b http://ex.org/variable#145	1
http://ex.org/variable#171 http://www.ibm.com/timex#o http://ex.org/variable#146	1
http://ex.org/variable#171 http://www.ibm.com/timex#o http://ex.org/variable#147	1
http://ex.org/variable#171 http://www.ibm.com/timex#o http://ex.org/variable#148	1
http://ex.org/variable#171 http://www.ibm.com/timex#oi http://ex.org/variable#149	1
http://ex.org/variable#171 http://www.ibm.com/timex#b http://ex.org/variable#150	1
http://ex.org/variable#171 http://www.ibm.com/timex#o http://ex.org/variable#151	1
http://ex.org/variable#171 http://www.ibm.com/timex#di http://ex.org/variable#152	1
http://ex.org/variable#171 http://www.ibm.com/timex#o http://ex.org/variable#153	1
http://ex.org/variable#171 http://www.ibm.com/timex#di http://ex.org/variable#154	1
http://ex.org/variable#171 http://www.ibm.com/timex#d http://ex.org/variable#155	1
http://ex.org/variable#171 http://www.ibm.com/timex#o http://ex.org/variable#156	1
http://ex.org/variable#171 http://www.ibm.com/timex#di http://ex.org/variable#157	1
http://ex.org/variable#171 http://www.ibm.com/timex#di_fi http://ex.org/variable#158	1
http://ex.org/variable#171 http://www.ibm.com/timex#o http://ex.org/variable#159	1
http://ex.org/variable#171 http://www.ibm.com/timex#o http://ex.org/variable#160	1
http://ex.org/variable#171 http://www.ibm.com/timex#di http://ex.org/variable#161	1
http://ex.org/variable#171 http://www.ibm.com/timex#di http://ex.org/variable#162	1
http://ex.org/variable#171 http://www.ibm.com/timex#o http://ex.org/variable#163	1
http://ex.org/variable#171 http://www.ibm.com/timex#o http://ex.org/variable#164	1
http://ex.org/variable#171 http://www.ibm.com/timex#di http://ex.org/variable#165	1
http://ex.org/variable#171 http://www.ibm.com/timex#d_f http://ex.org/variable#166	1
http://ex.org/variable#171 http://www.ibm.com/timex#o http://ex.org/variable#167	1
http://ex.org/variable#171 http://www.ibm.com/timex#o http://ex.org/variable#168	1
http://ex.org/variable#171 http://www.ibm.com/timex#o http://ex.org/variable#169	1
http://ex.org/variable#171 http://www.ibm.com/timex#b http://ex.org/variable#170	1
http://ex.org/variable#171 http://www.ibm.com/timex#oi http://ex.org/variable#172	1
http://ex.org/variable#171 http://www.ibm.com/timex#b http://ex.org/variable#173	1
http://ex.org/variable#171 http://www.ibm.com/timex#o http://ex.org/variable#174	1
http://ex.org/variable#171 http://www.ibm.com/timex#o http://ex.org/variable#175	1
http://ex.org/variable#171 http://www.ibm.com/timex#o http://ex.org/variable#176	1
http://ex.org/variable#171 http://www.ibm.com/timex#o http://ex.org/variable#177	1
http://ex.org/variable#171 http://www.ibm.com/timex#o http://ex.org/variable#178	1
http://ex.org/variable#171 http://www.ibm.com/timex#o http://ex.org/variable#179	1
http://ex.org/variable#171 http://www.ibm.com/timex#di http://ex.org/variable#180	1
http://ex.org/variable#171 http://www.ibm.com/timex#di http://ex.org/variable#181	1
http://ex.org/variable#171 http://www.ibm.com/timex#di http://ex.org/variable#182	1
http://ex.org/variable#171 http://www.ibm.com/timex#b http://ex.org/variable#183	1
http://ex.org/variable#171 http://www.ibm.com/timex#o http://ex.org/variable#184	1
http://ex.org/variable#171 http://www.ibm.com/timex#o http://ex.org/variable#185	1
http://ex.org/variable#171 http://www.ibm.com/timex#o http://ex.org/variable#186	1
http://ex.org/variable#171 http://www.ibm.com/timex#d http://ex.org/variable#187	1
http://ex.org/variable#171 http://www.ibm.com/timex#o http://ex.org/variable#188	1
http://ex.org/variable#171 http://www.ibm.com/timex#o_fi http://ex.org/variable#189	1
http://ex.org/variable#172 http://www.ibm.com/timex#b http://ex.org/variable#0	1
http://ex.org/variable#172 http://www.ibm.com/timex#b http://ex.org/variable#1	1
http://ex.org/variable#172 http://www.ibm.com/timex#b http://ex.org/variable#2	1
http://ex.org/variable#172 http://www.ibm.com/timex#b http://ex.org/variable#3	1
http://ex.org/variable#172 http://www.ibm.com/timex#b http://ex.org/variable#4	1
http://ex.org/variable#172 http://www.ibm.com/timex#b http://ex.org/variable#5	1
http://ex.org/variable#172 http://www.ibm.com/timex#b http://ex.org/variable#6	1
http://ex.org/variable#172 http://www.ibm.com/timex#b http://ex.org/variable#7	1
http://ex.org/variable#172 http://www.ibm.com/timex#o http://ex.org/variable#8	1
http://ex.org/variable#172 http://www.ibm.com/timex#b http://ex.org/variable#9	1
http://ex.org/variable#172 http://www.ibm.com/timex#b http://ex.org/variable#10	1
http://ex.org/variable#172 http://www.ibm.com/timex#o http://ex.org/variable#11	1
http://ex.org/variable#172 http://www.ibm.com/timex#s http://ex.org/variable#12	1
http://ex.org/variable#172 http://www.ibm.com/timex#o http://ex.org/variable#13	1
http://ex.org/variable#172 http://www.ibm.com/timex#b http://ex.org/variable#14	1
http://ex.org/variable#172 http://www.ibm.com/timex#o http://ex.org/variable#15	1
http://ex.org/variable#172 http://www.ibm.com/timex#o http://ex.org/variable#16	1
http://ex.org/variable#172 http://www.ibm.com/timex#b http://ex.org/variable#17	1
http://ex.org/variable#172 http://www.ibm.com/timex#b http://ex.org/variable#18	1
http://ex.org/variable#172 http://www.ibm.com/timex#o http://ex.org/variable#19	1
http://ex.org/variable#172 http://www.ibm.com/timex#o http://ex.org/variable#20	1
http://ex.org/variable#172 http://www.ibm.com/timex#b http://ex.org/variable#21	1
http://ex.org/variable#172 http://www.ibm.com/timex#b http://ex.org/variable#22	1
http://ex.org/variable#172 http://www.ibm.com/timex#o http://ex.org/variable#23	1
http://ex.org/variable#172 http://www.ibm.com/timex#o http://ex.org/variable#24	1
http://ex.org/variable#172 http://www.ibm.com/timex#o http://ex.org/variable#25	1
http://ex.org/variable#172 http://www.ibm.com/timex#b http://ex.org/variable#26	1
http://ex.org/variable#172 http://www.ibm.com/timex#d http://ex.org/variable#27	1
http://ex.org/variable#172 http://www.ibm.com/timex#b http://ex.org/variable#28	1
http://ex.org/variable#172 http://www.ibm.com/timex#b http://ex.org/variable#29	1
http://ex.org/variable#172 http://www.ibm.com/timex#b http://ex.org/variable#30	1
http://ex.org/variable#172 http://www.ibm.com/timex#d http://ex.org/variable#31	1
http://ex.org/variable#172 http://www.ibm.com/timex#o http://ex.org/variable#32	1
http://ex.org/variable#172 http://www.ibm.com/timex#b http://ex.org/variable#33	1
http://ex.org/variable#172 http://www.ibm.com/timex#o http://ex.org/variable#34	1
http://ex.org/variable#172 http://www.ibm.com/timex#b http://ex.org/variable#35	1
http://ex.org/variable#172 http://www.ibm.com/timex#o http://ex.org/variable#36	1
http://ex.org/variable#172 http://www.ibm.com/timex#o http://ex.org/variable#37	1
http://ex.org/variable#172 http://www.ibm.com/timex#o http://ex.org/variable#38	1
http://ex.org/variable#172 http://www.ibm.com/timex#b http://ex.org/variable#39	1
http://ex.org/variable#172 http://www.ibm.com/timex#o http://ex.org/variable#40	1
http://ex.org/variable#172 http://www.ibm.com/timex#o http://ex.org/variable#41	1
http://ex.org/variable#172 http://www.ibm.com/timex#b http://ex.org/variable#42	1
http://ex.org/variable#172 http://www.ibm.com/timex#o http://ex.org/variable#43	1
http://ex.org/variable#172 http://www.ibm.com/timex#o http://ex.org/variable#44	1
http://ex.org/variable#172 http://www.ibm.com/timex#b http://ex.org/variable#45	1
http://ex.org/variable#172 http://www.ibm.com/timex#o http://ex.org/variable#46	1
http://ex.org/variable#172 http://www.ibm.com/timex#d http://ex.org/variable#47	1
http://ex.org/variable#172 http://www.ibm.com/timex#b http://ex.org/variable#48	1
http://ex.org/variable#172 http://www.ibm.com/timex#o http://ex.org/variable#49	1
http://ex.org/variable#172 http://www.ibm.com/timex#b http://ex.org/variable#50	1
http://ex.org/variable#172 http://www.ibm.com/timex#b http://ex.org/variable#51	1
http://ex.org/variable#172 http://www.ibm.com/timex#o http://ex.org/variable#52	1
http://ex.org/variable#172 http://www.ibm.com/timex#o http://ex.org/variable#53	1
http://ex.org/variable#172 http://www.ibm.com/timex#o http://ex.org/variable#54	1
http://ex.org/variable#172 http://www.ibm.com/timex#b http://ex.org/variable#55	1
http://ex.org/variable#172 http://www.ibm.com/timex#b http://ex.org/variable#56	1
http://ex.org/variable#172 http://www.ibm.com/timex#o http://ex.org/variable#57	1
http://ex.org/variable#172 http://www.ibm.com/timex#o http://ex.org/variable#58	1
http://ex.org/variable#172 http://www.ibm.com/timex#o http://ex.org/variable#59	1
http://ex.org/variable#172 http://www.ibm.com/timex#o http://ex.org/variable#60	1
http://ex.org/variable#172 http://www.ibm.com/timex#o http://ex.org/variable#61	1
http://ex.org/variable#172 http://www.ibm.com/timex#b http://ex.org/variable#62	1
http://ex.org/variable#172 http://www.ibm.com/timex#o http://ex.org/variable#63	1
http://ex.org/variable#172 http://www.ibm.com/timex#o http://ex.org/variable#64	1
http://ex.org/variable#172 http://www.ibm.com/timex#o http://ex.org/variable#65	1
http://ex.org/variable#172 http://www.ibm.com/timex#d http://ex.org/variable#66	1
http://ex.org/variable#172 http://www.ibm.com/timex#m http://ex.org/variable#67	1
http://ex.org/variable#172 http://www.ibm.com/timex#b http://ex.org/variable#68	1
http://ex.org/variable#172 http://www.ibm.com/timex#b http://ex.org/variable#69	1
http://ex.org/variable#172 http://www.ibm.com/timex#o http://ex.org/variable#70	1
http://ex.org/variable#172 http://www.ibm.com/timex#o http://ex.org/variable#71	1
http://ex.org/variable#172 http://www.ibm.com/timex#b http://ex.org/variable#72	1
http://ex.org/variable#172 http://www.ibm.com/timex#o http://ex.org/variable#73	1
http://ex.org/variable#172 http://www.ibm.com/timex#o http://ex.org/variable#74	1
http://ex.org/variable#172 http://www.ibm.com/timex#o http://ex.org/variable#75	1
http://ex.org/variable#172 http://www.ibm.com/timex#b http://ex.org/variable#76	1
http://ex.org/variable#172 http://www.ibm.com/timex#b http://ex.org/variable#77	1
http://ex.org/variable#172 http://www.ibm.com/timex#b http://ex.org/variable#78	1
http://ex.org/variable#172 http://www.ibm.com/timex#d http://ex.org/variable#79	1
http://ex.org/variable#172 http://www.ibm.com/timex#o http://ex.org/variable#80	1
http://ex.org/variable#172 http://www.ibm.com/timex#d http://ex.org/variable#81	1
http://ex.org/variable#172 http://www.ibm.com/timex#b http://ex.org/variable#82	1
http://ex.org/variable#172 http://www.ibm.com/timex#o http://ex.org/variable#83	1
http://ex.org/variable#172 http://www.ibm.com/timex#b http://ex.org/variable#84	1
http://ex.org/variable#172 http://www.ibm.com/timex#b http://ex.org/variable#85	1
http://ex.org/variable#172 http://www.ibm.com/timex#o http://ex.org/variable#86	1
http://ex.org/variable#172 http://www.ibm.com/timex#b http://ex.org/variable#87	1
http://ex.org/variable#172 http://www.ibm.com/timex#b http://ex.org/variable#88	1
http://ex.org/variable#172 http://www.ibm.com/timex#b http://ex.org/variable#89	1
http://ex.org/variable#172 http://www.ibm.com/timex#b http://ex.org/variable#90	1
http://ex.org/variable#172 http://www.ibm.com/timex#o http://ex.org/variable#91	1
http://ex.org/variable#172 http://www.ibm.com/timex#b http://ex.org/variable#92	1
http://ex.org/variable#172 http://www.ibm.com/timex#b http://ex.org/variable#93	1
http://ex.org/variable#172 http://www.ibm.com/timex#o http://ex.org/variable#94	1
http://ex.org/variable#172 http://www.ibm.com/timex#b http://ex.org/variable#95	1
http://ex.org/variable#172 http://www.ibm.com/timex#b http://ex.org/variable#96	1
http://ex.org/variable#172 http://www.ibm.com/timex#b http://ex.org/variable#97	1
http://ex.org/variable#172 http://www.ibm.com/timex#b http://ex.org/variable#98	1
http://ex.org/variable#172 http://www.ibm.com/timex#b http://ex.org/variable#99	1
http://ex.org/variable#172 http://www.ibm.com/timex#o http://ex.org/variable#100	1
http://ex.org/variable#172 http://www.ibm.com/timex#b http://ex.org/variable#101	1
http://ex.org/variable#172 http://www.ibm.com/timex#b http://ex.org/variable#102	1
http://ex.org/variable#172 http://www.ibm.com/timex#o http://ex.org/variable#103	1
http://ex.org/variable#172 http://www.ibm.com/timex#b http://ex.org/variable#104	1
http://ex.org/variable#172 http://www.ibm.com/timex#o http://ex.org/variable#105	1
http://ex.org/variable#172 http://www.ibm.com/timex#o http://ex.org/variable#106	1
http://ex.org/variable#172 http://www.ibm.com/timex#b http://ex.org/variable#107	1
http://ex.org/variable#172 http://www.ibm.com/timex#b http://ex.org/variable#108	1
http://ex.org/variable#172 http://www.ibm.com/timex#b http://ex.org/variable#109	1
http://ex.org/variable#172 http://www.ibm.com/timex#o http://ex.org/variable#110	1
http://ex.org/variable#172 http://www.ibm.com/timex#b http://ex.org/variable#111	1
http://ex.org/variable#172 http://www.ibm.com/timex#o http://ex.org/variable#112	1
http://ex.org/variable#172 http://www.ibm.com/timex#b http://ex.org/variable#113	1
http://ex.org/variable#172 http://www.ibm.com/timex#o http://ex.org/variable#114	1
http://ex.org/variable#172 http://www.ibm.com/timex#b http://ex.org/variable#115	1
http://ex.org/variable#172 http://www.ibm.com/timex#b http://ex.org/variable#116	1
http://ex.org/variable#172 http://www.ibm.com/timex#o http://ex.org/variable#117	1
http://ex.org/variable#172 http://www.ibm.com/timex#o http://ex.org/variable#118	1
http://ex.org/variable#172 http://www.ibm.com/timex#d http://ex.org/variable#119	1
http://ex.org/variable#172 http://www.ibm.com/timex#o http://ex.org/variable#120	1
http://ex.org/variable#172 http://www.ibm.com/timex#b http://ex.org/variable#121	1
http://ex.org/variable#172 http://www.ibm.com/timex#o http://ex.org/variable#122	1
http://ex.org/variable#172 http://www.ibm.com/timex#b http://ex.org/variable#123	1
http://ex.org/variable#172 http://www.ibm.com/timex#o http://ex.org/variable#124	1
http://ex.org/variable#172 http://www.ibm.com/timex#o_s http://ex.org/variable#125	1
http://ex.org/variable#172 http://www.ibm.com/timex#b http://ex.org/variable#126	1
http://ex.org/variable#172 http://www.ibm.com/timex#b http://ex.org/variable#127	1
http://ex.org/variable#172 http://www.ibm.com/timex#b http://ex.org/variable#128	1
http://ex.org/variable#172 http://www.ibm.com/timex#d http://ex.org/variable#129	1
http://ex.org/variable#172 http://www.ibm.com/timex#b http://ex.org/variable#130	1
http://ex.org/variable#172 http://www.ibm.com/timex#b http://ex.org/variable#131	1
http://ex.org/variable#172 http://www.ibm.com/timex#o http://ex.org/variable#132	1
http://ex.org/variable#172 http://www.ibm.com/timex#b http://ex.org/variable#133	1
http://ex.org/variable#172 http://www.ibm.com/timex#o http://ex.org/variable#134	1
http://ex.org/variable#172 http://www.ibm.com/timex#o http://ex.org/variable#135	1
http://ex.org/variable#172 http://www.ibm.com/timex#o http://ex.org/variable#136	1
http://ex.org/variable#172 http://www.ibm.com/timex#b http://ex.org/variable#137	1
http://ex.org/variable#172 http://www.ibm.com/timex#b http://ex.org/variable#138	1
http://ex.org/variable#172 http://www.ibm.com/timex#b http://ex.org/variable#139	1
http://ex.org/variable#172 http://www.ibm.com/timex#b http://ex.org/variable#140	1
http://ex.org/variable#172 http://www.ibm.com/timex#o http://ex.org/variable#141	1
http://ex.org/variable#172 http://www.ibm.com/timex#o http://ex.org/variable#142	1
http://ex.org/variable#172 http://www.ibm.com/timex#o http://ex.org/variable#143	1
http://ex.org/variable#172 http://www.ibm.com/timex#b http://ex.org/variable#144	1
http://ex.org/variable#172 http://www.ibm.com/timex#b http://ex.org/variable#145	1
http://ex.org/variable#172 http://www.ibm.com/timex#b http://ex.org/variable#146	1
http://ex.org/variable#172 http://www.ibm.com/timex#o http://ex.org/variable#147	1
http://ex.org/variable#172 http://www.ibm.com/timex#b http://ex.org/variable#148	1
http://ex.org/variable#172 http://www.ibm.com/timex#o http://ex.org/variable#149	1
http://ex.org/variable#172 http://www.ibm.com/timex#b http://ex.org/variable#150	1
http://ex.org/variable#172 http://www.ibm.com/timex#b http://ex.org/variable#151	1
http://ex.org/variable#172 http://www.ibm.com/timex#o http://ex.org/variable#152	1
http://ex.org/variable#172 http://www.ibm.com/timex#o http://ex.org/variable#153	1
http://ex.org/variable#172 http://www.ibm.com/timex#b http://ex.org/variable#154	1
http://ex.org/variable#172 http://www.ibm.com/timex#s http://ex.org/variable#155	1
http://ex.org/variable#172 http://www.ibm.com/timex#o http://ex.org/variable#156	1
http://ex.org/variable#172 http://www.ibm.com/timex#o http://ex.org/variable#157	1
http://ex.org/variable#172 http://www.ibm.com/timex#o http://ex.org/variable#158	1
http://ex.org/variable#172 http://www.ibm.com/timex#b http://ex.org/variable#159	1
http://ex.org/variable#172 http://www.ibm.com/timex#b http://ex.org/variable#160	1
http://ex.org/variable#172 http://www.ibm.com/timex#b http://ex.org/variable#161	1
http://ex.org/variable#172 http://www.ibm.com/timex#o http://ex.org/variable#162	1
http://ex.org/variable#172 http://www.ibm.com/timex#b http://ex.org/variable#163	1
http://ex.org/variable#172 http://www.ibm.com/timex#b http://ex.org/variable#164	1
http://ex.org/variable#172 http://www.ibm.com/timex#b http://ex.org/variable#165	1
http://ex.org/variable#172 http://www.ibm.com/timex#o http://ex.org/variable#166	1
http://ex.org/variable#172 http://www.ibm.com/timex#o http://ex.org/variable#167	1
http://ex.org/variable#172 http://www.ibm.com/timex#b http://ex.org/variable#168	1
http://ex.org/variable#172 http://www.ibm.com/timex#o http://ex.org/variable#169	1
http://ex.org/variable#172 http://www.ibm.com/timex#b http://ex.org/variable#170	1
http://ex.org/variable#172 http://www.ibm.com/timex#o http://ex.org/variable#171	1
http://ex.org/variable#172 http://www.ibm.com/timex#b http://ex.org/variable#173	1
http://ex.org/variable#172 http://www.ibm.com/timex#b http://ex.org/variable#174	1
http://ex.org/variable#172 http://www.ibm.com/timex#o http://ex.org/variable#175	1
http://ex.org/variable#172 http://www.ibm.com/timex#b http://ex.org/variable#176	1
http://ex.org/variable#172 http://www.ibm.com/timex#b http://ex.org/variable#177	1
http://ex.org/variable#172 http://www.ibm.com/timex#b http://ex.org/variable#178	1
http://ex.org/variable#172 http://www.ibm.com/timex#b http://ex.org/variable#179	1
http://ex.org/variable#172 http://www.ibm.com/timex#b http://ex.org/variable#180	1
http://ex.org/variable#172 http://www.ibm.com/timex#o http://ex.org/variable#181	1
http://ex.org/variable#172 http://www.ibm.com/timex#b http://ex.org/variable#182	1
http://ex.org/variable#172 http://www.ibm.com/timex#b http://ex.org/variable#183	1
http://ex.org/variable#172 http://www.ibm.com/timex#o http://ex.org/variable#184	1
http://ex.org/variable#172 http://www.ibm.com/timex#b http://ex.org/variable#185	1
http://ex.org/variable#172 http://www.ibm.com/timex#b http://ex.org/variable#186	1
http://ex.org/variable#172 http://www.ibm.com/timex#d http://ex.org/variable#187	1
http://ex.org/variable#172 http://www.ibm.com/timex#b http://ex.org/variable#188	1
http://ex.org/variable#172 http://www.ibm.com/timex#b http://ex.org/variable#189	1
http://ex.org/variable#173 http://www.ibm.com/timex#d http://ex.org/variable#0	1
http://ex.org/variable#173 http://www.ibm.com/timex#d http://ex.org/variable#1	1
http://ex.org/variable#173 http://www.ibm.com/timex#d http://ex.org/variable#2	1
http://ex.org/variable#173 http://www.ibm.com/timex#bi http://ex.org/variable#3	1
http://ex.org/variable#173 http://www.ibm.com/timex#d http://ex.org/variable#4	1
http://ex.org/variable#173 http://www.ibm.com/timex#bi http://ex.org/variable#5	1
http://ex.org/variable#173 http://www.ibm.com/timex#d http://ex.org/variable#6	1
http://ex.org/variable#173 http://www.ibm.com/timex#d http://ex.org/variable#7	1
http://ex.org/variable#173 http://www.ibm.com/timex#bi http://ex.org/variable#8	1
http://ex.org/variable#173 http://www.ibm.com/timex#d http://ex.org/variable#9	1
http://ex.org/variable#173 http://www.ibm.com/timex#d http://ex.org/variable#10	1
http://ex.org/variable#173 http://www.ibm.com/timex#d http://ex.org/variable#11	1
http://ex.org/variable#173 http://www.ibm.com/timex#d http://ex.org/variable#12	1
http://ex.org/variable#173 http://www.ibm.com/timex#bi http://ex.org/variable#13	1
http://ex.org/variable#173 http://www.ibm.com/timex#bi http://ex.org/variable#14	1
http://ex.org/variable#173 http://www.ibm.com/timex#bi http://ex.org/variable#15	1
http://ex.org/variable#173 http://www.ibm.com/timex#bi http://ex.org/variable#16	1
http://ex.org/variable#173 http://www.ibm.com/timex#bi_mi http://ex.org/variable#17	1
http://ex.org/variable#173 http://www.ibm.com/timex#mi http://ex.org/variable#18	1
http://ex.org/variable#173 http://www.ibm.com/timex#bi http://ex.org/variable#19	1
http://ex.org/variable#173 http://www.ibm.com/timex#d http://ex.org/variable#20	1
http://ex.org/variable#173 http://www.ibm.com/timex#d http://ex.org/variable#21	1
http://ex.org/variable#173 http://www.ibm.com/timex#d http://ex.org/variable#22	1
http://ex.org/variable#173 http://www.ibm.com/timex#bi http://ex.org/variable#23	1
http://ex.org/variable#173 http://www.ibm.com/timex#d http://ex.org/variable#24	1
http://ex.org/variable#173 http://www.ibm.com/timex#bi http://ex.org/variable#25	1
http://ex.org/variable#173 http://www.ibm.com/timex#d http://ex.org/variable#26	1
http://ex.org/variable#173 http://www.ibm.com/timex#bi http://ex.org/variable#27	1
http://ex.org/variable#173 http://www.ibm.com/timex#d http://ex.org/variable#28	1
http://ex.org/variable#173 http://www.ibm.com/timex#d http://ex.org/variable#29	1
http://ex.org/variable#173 http://www.ibm.com/timex#bi http://ex.org/variable#30	1
http://ex.org/variable#173 http://www.ibm.com/timex#bi http://ex.org/variable#31	1
http://ex.org/variable#173 http://www.ibm.com/timex#bi http://ex.org/variable#32	1
http://ex.org/variable#173 http://www.ibm.com/timex#d http://ex.org/variable#33	1
http://ex.org/variable#173 http://www.ibm.com/timex#bi http://ex.org/variable#34	1
http://ex.org/variable#173 http://www.ibm.com/timex#bi http://ex.org/variable#35	1
http://ex.org/variable#173 http://www.ibm.com/timex#bi http://ex.org/variable#36	1
http://ex.org/variable#173 http://www.ibm.com/timex#bi http://ex.org/variable#37	1
http://ex.org/variable#173 http://www.ibm.com/timex#bi http://ex.org/variable#38	1
http://ex.org/variable#173 http://www.ibm.com/timex#bi http://ex.org/variable#39	1
http://ex.org/variable#173 http://www.ibm.com/timex#bi http://ex.org/variable#40	1
http://ex.org/variable#173 http://www.ibm.com/timex#d http://ex.org/variable#41	1
http://ex.org/variable#173 http://www.ibm.com/timex#d http://ex.org/variable#42	1
http://ex.org/variable#173 http://www.ibm.com/timex#bi http://ex.org/variable#43	1
http://ex.org/variable#173 http://www.ibm.com/timex#d http://ex.org/variable#44	1
http://ex.org/variable#173 http://www.ibm.com/timex#d http://ex.org/variable#45	1
http://ex.org/variable#173 http://www.ibm.com/timex#bi http://ex.org/variable#46	1
http://ex.org/variable#173 http://www.ibm.com/timex#bi http://ex.org/variable#47	1
http://ex.org/variable#173 http://www.ibm.com/timex#bi_mi http://ex.org/variable#48	1
http://ex.org/variable#173 http://www.ibm.com/timex#bi http://ex.org/variable#49	1
http://ex.org/variable#173 http://www.ibm.com/timex#d http://ex.org/variable#50	1
http://ex.org/variable#173 http://www.ibm.com/timex#d_f http://ex.org/variable#51	1
http://ex.org/variable#173 http://www.ibm.com/timex#oi_d_f http://ex.org/variable#52	1
http://ex.org/variable#173 http://www.ibm.com/timex#d http://ex.org/variable#53	1
http://ex.org/variable#173 http://www.ibm.com/timex#mi_oi http://ex.org/variable#54	1
http://ex.org/variable#173 http://www.ibm.com/timex#bi http://ex.org/variable#55	1
http://ex.org/variable#173 http://www.ibm.com/timex#bi http://ex.org/variable#56	1
http://ex.org/variable#173 http://www.ibm.com/timex#bi http://ex.org/variable#57	1
http://ex.org/variable#173 http://www.ibm.com/timex#bi http://ex.org/variable#58	1
http://ex.org/variable#173 http://www.ibm.com/timex#d http://ex.org/variable#59	1
http://ex.org/variable#173 http://www.ibm.com/timex#d http://ex.org/variable#60	1
http://ex.org/variable#173 http://www.ibm.com/timex#d http://ex.org/variable#61	1
http://ex.org/variable#173 http://www.ibm.com/timex#d http://ex.org/variable#62	1
http://ex.org/variable#173 http://www.ibm.com/timex#d_f http://ex.org/variable#63	1
http://ex.org/variable#173 http://www.ibm.com/timex#d http://ex.org/variable#64	1
http://ex.org/variable#173 http://www.ibm.com/timex#bi http://ex.org/variable#65	1
http://ex.org/variable#173 http://www.ibm.com/timex#bi http://ex.org/variable#66	1
http://ex.org/variable#173 http://www.ibm.com/timex#d http://ex.org/variable#67	1
http://ex.org/variable#173 http://www.ibm.com/timex#d http://ex.org/variable#68	1
http://ex.org/variable#173 http://www.ibm.com/timex#bi http://ex.org/variable#69	1
http://ex.org/variable#173 http://www.ibm.com/timex#d http://ex.org/variable#70	1
http://ex.org/variable#173 http://www.ibm.com/timex#bi http://ex.org/variable#71	1
http://ex.org/variable#173 http://www.ibm.com/timex#d http://ex.org/variable#72	1
http://ex.org/variable#173 http://www.ibm.com/timex#bi http://ex.org/variable#73	1
http://ex.org/variable#173 http://www.ibm.com/timex#d http://ex.org/variable#74	1
http://ex.org/variable#173 http://www.ibm.com/timex#bi http://ex.org/variable#75	1
http://ex.org/variable#173 http://www.ibm.com/timex#d http://ex.org/variable#76	1
http://ex.org/variable#173 http://www.ibm.com/timex#d http://ex.org/variable#77	1
http://ex.org/variable#173 http://www.ibm.com/timex#bi http://ex.org/variable#78	1
http://ex.org/variable#173 http://www.ibm.com/timex#bi http://ex.org/variable#79	1
http://ex.org/variable#173 http://www.ibm.com/timex#d http://ex.org/variable#80	1
http://ex.org/variable#173 http://www.ibm.com/timex#bi http://ex.org/variable#81	1
http://ex.org/variable#173 http://www.ibm.com/timex#bi http://ex.org/variable#82	1
http://ex.org/variable#173 http://www.ibm.com/timex#d http://ex.org/variable#83	1
http://ex.org/variable#173 http://www.ibm.com/timex#d http://ex.org/variable#84	1
http://ex.org/variable#173 http://www.ibm.com/timex#d http://ex.org/variable#85	1
http://ex.org/variable#173 http://www.ibm.com/timex#d http://ex.org/variable#86	1
http://ex.org/variable#173 http://www.ibm.com/timex#d http://ex.org/variable#87	1
http://ex.org/variable#173 http://www.ibm.com/timex#b http://ex.org/variable#88	1
http://ex.org/variable#173 http://www.ibm.com/timex#d http://ex.org/variable#89	1
http://ex.org/variable#173 http://www.ibm.com/timex#bi http://ex.org/variable#90	1
http://ex.org/variable#173 http://www.ibm.com/timex#d http://ex.org/variable#91	1
http://ex.org/variable#173 http://www.ibm.com/timex#d http://ex.org/variable#92	1
http://ex.org/variable#173 http://www.ibm.com/timex#d http://ex.org/variable#93	1
http://ex.org/variable#173 http://www.ibm.com/timex#bi http://ex.org/variable#94	1
http://ex.org/variable#173 http://www.ibm.com/timex#bi http://ex.org/variable#95	1
http://ex.org/variable#173 http://www.ibm.com/timex#bi http://ex.org/variable#96	1
http://ex.org/variable#173 http://www.ibm.com/timex#d http://ex.org/variable#97	1
http://ex.org/variable#173 http://www.ibm.com/timex#d http://ex.org/variable#98	1
http://ex.org/variable#173 http://www.ibm.com/timex#d http://ex.org/variable#99	1
http://ex.org/variable#173 http://www.ibm.com/timex#bi http://ex.org/variable#100	1
http://ex.org/variable#173 http://www.ibm.com/timex#d http://ex.org/variable#101	1
http://ex.org/variable#173 http://www.ibm.com/timex#bi http://ex.org/variable#102	1
http://ex.org/variable#173 http://www.ibm.com/timex#bi http://ex.org/variable#103	1
http://ex.org/variable#173 http://www.ibm.com/timex#b http://ex.org/variable#104	1
http://ex.org/variable#173 http://www.ibm.com/timex#d http://ex.org/variable#105	1
http://ex.org/variable#173 http://www.ibm.com/timex#d http://ex.org/variable#106	1
http://ex.org/variable#173 http://www.ibm.com/timex#mi http://ex.org/variable#107	1
http://ex.org/variable#173 http://www.ibm.com/timex#bi http://ex.org/variable#108	1
http://ex.org/variable#173 http://www.ibm.com/timex#bi http://ex.org/variable#109	1
http://ex.org/variable#173 http://www.ibm.com/timex#d http://ex.org/variable#110	1
http://ex.org/variable#173 http://www.ibm.com/timex#bi http://ex.org/variable#111	1
http://ex.org/variable#173 http://www.ibm.com/timex#bi http://ex.org/variable#112	1
http://ex.org/variable#173 http://www.ibm.com/timex#bi http://ex.org/variable#113	1
http://ex.org/variable#173 http://www.ibm.com/timex#d http://ex.org/variable#114	1
http://ex.org/variable#173 http://www.ibm.com/timex#b http://ex.org/variable#115	1
http://ex.org/variable#173 http://www.ibm.com/timex#bi http://ex.org/variable#116	1
http://ex.org/variable#173 http://www.ibm.com/timex#bi http://ex.org/variable#117	1
http://ex.org/variable#173 http://www.ibm.com/timex#bi http://ex.org/variable#118	1
http://ex.org/variable#173 http://www.ibm.com/timex#d http://ex.org/variable#119	1
http://ex.org/variable#173 http://www.ibm.com/timex#bi http://ex.org/variable#120	1
http://ex.org/variable#173 http://www.ibm.com/timex#b http://ex.org/variable#121	1
http://ex.org/variable#173 http://www.ibm.com/timex#d http://ex.org/variable#122	1
http://ex.org/variable#173 http://www.ibm.com/timex#d http://ex.org/variable#123	1
http://ex.org/variable#173 http://www.ibm.com/timex#bi http://ex.org/variable#124	1
http://ex.org/variable#173 http://www.ibm.com/timex#bi http://ex.org/variable#125	1
http://ex.org/variable#173 http://www.ibm.com/timex#d http://ex.org/variable#126	1
http://ex.org/variable#173 http://www.ibm.com/timex#d http://ex.org/variable#127	1
http://ex.org/variable#173 http://www.ibm.com/timex#d http://ex.org/variable#128	1
http://ex.org/variable#173 http://www.ibm.com/timex#bi http://ex.org/variable#129	1
http://ex.org/variable#173 http://www.ibm.com/timex#bi http://ex.org/variable#130	1
http://ex.org/variable#173 http://www.ibm.com/timex#b_m http://ex.org/variable#131	1
http://ex.org/variable#173 http://www.ibm.com/timex#d http://ex.org/variable#132	1
http://ex.org/variable#173 http://www.ibm.com/timex#d http://ex.org/variable#133	1
http://ex.org/variable#173 http://www.ibm.com/timex#bi http://ex.org/variable#134	1
http://ex.org/variable#173 http://www.ibm.com/timex#d http://ex.org/variable#135	1
http://ex.org/variable#173 http://www.ibm.com/timex#d http://ex.org/variable#136	1
http://ex.org/variable#173 http://www.ibm.com/timex#bi http://ex.org/variable#137	1
http://ex.org/variable#173 http://www.ibm.com/timex#d http://ex.org/variable#138	1
http://ex.org/variable#173 http://www.ibm.com/timex#bi http://ex.org/variable#139	1
http://ex.org/variable#173 http://www.ibm.com/timex#bi http://ex.org/variable#140	1
http://ex.org/variable#173 http://www.ibm.com/timex#d http://ex.org/variable#141	1
http://ex.org/variable#173 http://www.ibm.com/timex#bi http://ex.org/variable#142	1
http://ex.org/variable#173 http://www.ibm.com/timex#d http://ex.org/variable#143	1
http://ex.org/variable#173 http://www.ibm.com/timex#d http://ex.org/variable#144	1
http://ex.org/variable#173 http://www.ibm.com/timex#d http://ex.org/variable#145	1
http://ex.org/variable#173 http://www.ibm.com/timex#d http://ex.org/variable#146	1
http://ex.org/variable#173 http://www.ibm.com/timex#bi http://ex.org/variable#147	1
http://ex.org/variable#173 http://www.ibm.com/timex#d http://ex.org/variable#148	1
http://ex.org/variable#173 http://www.ibm.com/timex#bi http://ex.org/variable#149	1
http://ex.org/variable#173 http://www.ibm.com/timex#d http://ex.org/variable#150	1
http://ex.org/variable#173 http://www.ibm.com/timex#d http://ex.org/variable#151	1
http://ex.org/variable#173 http://www.ibm.com/timex#bi http://ex.org/variable#152	1
http://ex.org/variable#173 http://www.ibm.com/timex#d http://ex.org/variable#153	1
http://ex.org/variable#173 http://www.ibm.com/timex#bi http://ex.org/variable#154	1
http://ex.org/variable#173 http://www.ibm.com/timex#bi http://ex.org/variable#155	1
http://ex.org/variable#173 http://www.ibm.com/timex#d http://ex.org/variable#156	1
http://ex.org/variable#173 http://www.ibm.com/timex#bi http://ex.org/variable#157	1
http://ex.org/variable#173 http://www.ibm.com/timex#bi http://ex.org/variable#158	1
http://ex.org/variable#173 http://www.ibm.com/timex#d http://ex.org/variable#159	1
http://ex.org/variable#173 http://www.ibm.com/timex#d http://ex.org/variable#160	1
http://ex.org/variable#173 http://www.ibm.com/timex#bi http://ex.org/variable#161	1
http://ex.org/variable#173 http://www.ibm.com/timex#bi http://ex.org/variable#162	1
http://ex.org/variable#173 http://www.ibm.com/timex#d http://ex.org/variable#163	1
http://ex.org/variable#173 http://www.ibm.com/timex#d http://ex.org/variable#164	1
http://ex.org/variable#173 http://www.ibm.com/timex#bi http://ex.org/variable#165	1
http://ex.org/variable#173 http://www.ibm.com/timex#bi http://ex.org/variable#166	1
http://ex.org/variable#173 http://www.ibm.com/timex#bi http://ex.org/variable#167	1
http://ex.org/variable#173 http://www.ibm.com/timex#d http://ex.org/variable#168	1
http://ex.org/variable#173 http://www.ibm.com/timex#d http://ex.org/variable#169	1
http://ex.org/variable#173 http://www.ibm.com/timex#d http://ex.org/variable#170	1
http://ex.org/variable#173 http://www.ibm.com/timex#bi http://ex.org/variable#171	1
http://ex.org/variable#173 http://www.ibm.com/timex#bi http://ex.org/variable#172	1
http://ex.org/variable#173 http://www.ibm.com/timex#d http://ex.org/variable#174	1
http://ex.org/variable#173 http://www.ibm.com/timex#bi http://ex.org/variable#175	1
http://ex.org/variable#173 http://www.ibm.com/timex#d http://ex.org/variable#176	1
http://ex.org/variable#173 http://www.ibm.com/timex#d http://ex.org/variable#177	1
http://ex.org/variable#173 http://www.ibm.com/timex#d http://ex.org/variable#178	1
http://ex.org/variable#173 http://www.ibm.com/timex#d http://ex.org/variable#179	1
http://ex.org/variable#173 http://www.ibm.com/timex#bi http://ex.org/variable#180	1
http://ex.org/variable#173 http://www.ibm.com/timex#bi http://ex.org/variable#181	1
http://ex.org/variable#173 http://www.ibm.com/timex#bi http://ex.org/variable#182	1
http://ex.org/variable#173 http://www.ibm.com/timex#d http://ex.org/variable#183	1
http://ex.org/variable#173 http://www.ibm.com/timex#bi http://ex.org/variable#184	1
http://ex.org/variable#173 http://www.ibm.com/timex#d http://ex.org/variable#185	1
http://ex.org/variable#173 http://www.ibm.com/timex#d http://ex.org/variable#186	1
http://ex.org/variable#173 http://www.ibm.com/timex#d http://ex.org/variable#187	1
http://ex.org/variable#173 http://www.ibm.com/timex#bi_mi_oi_d_f http://ex.org/variable#188	1
http://ex.org/variable#173 http://www.ibm.com/timex#bi http://ex.org/variable#189	1
http://ex.org/variable#174 http://www.ibm.com/timex#d http://ex.org/variable#0	1
http://ex.org/variable#174 http://www.ibm.com/timex#o http://ex.org/variable#1	1
http://ex.org/variable#174 http://www.ibm.com/timex#d http://ex.org/variable#2	1
http://ex.org/variable#174 http://www.ibm.com/timex#oi http://ex.org/variable#3	1
http://ex.org/variable#174 http://www.ibm.com/timex#d http://ex.org/variable#4	1
http://ex.org/variable#174 http://www.ibm.com/timex#mi_oi http://ex.org/variable#5	1
http://ex.org/variable#174 http://www.ibm.com/timex#di http://ex.org/variable#6	1
http://ex.org/variable#174 http://www.ibm.com/timex#d http://ex.org/variable#7	1
http://ex.org/variable#174 http://www.ibm.com/timex#bi http://ex.org/variable#8	1
http://ex.org/variable#174 http://www.ibm.com/timex#o_d_s http://ex.org/variable#9	1
http://ex.org/variable#174 http://www.ibm.com/timex#d http://ex.org/variable#10	1
http://ex.org/variable#174 http://www.ibm.com/timex#d http://ex.org/variable#11	1
http://ex.org/variable#174 http://www.ibm.com/timex#d http://ex.org/variable#12	1
http://ex.org/variable#174 http://www.ibm.com/timex#oi http://ex.org/variable#13	1
http://ex.org/variable#174 http://www.ibm.com/timex#di http://ex.org/variable#14	1
http://ex.org/variable#174 http://www.ibm.com/timex#oi http://ex.org/variable#15	1
http://ex.org/variable#174 http://www.ibm.com/timex#oi http://ex.org/variable#16	1
http://ex.org/variable#174 http://www.ibm.com/timex#di http://ex.org/variable#17	1
http://ex.org/variable#174 http://www.ibm.com/timex#oi http://ex.org/variable#18	1
http://ex.org/variable#174 http://www.ibm.com/timex#bi http://ex.org/variable#19	1
http://ex.org/variable#174 http://www.ibm.com/timex#d http://ex.org/variable#20	1
http://ex.org/variable#174 http://www.ibm.com/timex#o http://ex.org/variable#21	1
http://ex.org/variable#174 http://www.ibm.com/timex#d http://ex.org/variable#22	1
http://ex.org/variable#174 http://www.ibm.com/timex#bi http://ex.org/variable#23	1
http://ex.org/variable#174 http://www.ibm.com/timex#d http://ex.org/variable#24	1
http://ex.org/variable#174 http://www.ibm.com/timex#bi http://ex.org/variable#25	1
http://ex.org/variable#174 http://www.ibm.com/timex#di http://ex.org/variable#26	1
http://ex.org/variable#174 http://www.ibm.com/timex#bi http://ex.org/variable#27	1
http://ex.org/variable#174 http://www.ibm.com/timex#d http://ex.org/variable#28	1
http://ex.org/variable#174 http://www.ibm.com/timex#d http://ex.org/variable#29	1
http://ex.org/variable#174 http://www.ibm.com/timex#oi http://ex.org/variable#30	1
http://ex.org/variable#174 http://www.ibm.com/timex#oi http://ex.org/variable#31	1
http://ex.org/variable#174 http://www.ibm.com/timex#bi http://ex.org/variable#32	1
http://ex.org/variable#174 http://www.ibm.com/timex#o http://ex.org/variable#33	1
http://ex.org/variable#174 http://www.ibm.com/timex#oi http://ex.org/variable#34	1
http://ex.org/variable#174 http://www.ibm.com/timex#bi http://ex.org/variable#35	1
http://ex.org/variable#174 http://www.ibm.com/timex#bi http://ex.org/variable#36	1
http://ex.org/variable#174 http://www.ibm.com/timex#bi http://ex.org/variable#37	1
http://ex.org/variable#174 http://www.ibm.com/timex#oi http://ex.org/variable#38	1
http://ex.org/variable#174 http://www.ibm.com/timex#di http://ex.org/variable#39	1
http://ex.org/variable#174 http://www.ibm.com/timex#oi http://ex.org/variable#40	1
http://ex.org/variable#174 http://www.ibm.com/timex#d http://ex.org/variable#41	1
http://ex.org/variable#174 http://www.ibm.com/timex#d http://ex.org/variable#42	1
http://ex.org/variable#174 http://www.ibm.com/timex#oi http://ex.org/variable#43	1
http://ex.org/variable#174 http://www.ibm.com/timex#oi http://ex.org/variable#44	1
http://ex.org/variable#174 http://www.ibm.com/timex#d http://ex.org/variable#45	1
http://ex.org/variable#174 http://www.ibm.com/timex#oi http://ex.org/variable#46	1
http://ex.org/variable#174 http://www.ibm.com/timex#oi http://ex.org/variable#47	1
http://ex.org/variable#174 http://www.ibm.com/timex#di http://ex.org/variable#48	1
http://ex.org/variable#174 http://www.ibm.com/timex#bi http://ex.org/variable#49	1
http://ex.org/variable#174 http://www.ibm.com/timex#d http://ex.org/variable#50	1
http://ex.org/variable#174 http://www.ibm.com/timex#di http://ex.org/variable#51	1
http://ex.org/variable#174 http://www.ibm.com/timex#oi http://ex.org/variable#52	1
http://ex.org/variable#174 http://www.ibm.com/timex#d http://ex.org/variable#53	1
http://ex.org/variable#174 http://www.ibm.com/timex#oi http://ex.org/variable#54	1
http://ex.org/variable#174 http://www.ibm.com/timex#oi http://ex.org/variable#55	1
http://ex.org/variable#174 http://www.ibm.com/timex#oi http://ex.org/variable#56	1
http://ex.org/variable#174 http://www.ibm.com/timex#oi http://ex.org/variable#57	1
http://ex.org/variable#174 http://www.ibm.com/timex#oi http://ex.org/variable#58	1
http://ex.org/variable#174 http://www.ibm.com/timex#d http://ex.org/variable#59	1
http://ex.org/variable#174 http://www.ibm.com/timex#d http://ex.org/variable#60	1
http://ex.org/variable#174 http://www.ibm.com/timex#d http://ex.org/variable#61	1
http://ex.org/variable#174 http://www.ibm.com/timex#d http://ex.org/variable#62	1
http://ex.org/variable#174 http://www.ibm.com/timex#oi http://ex.org/variable#63	1
http://ex.org/variable#174 http://www.ibm.com/timex#d http://ex.org/variable#64	1
http://ex.org/variable#174 http://www.ibm.com/timex#bi http://ex.org/variable#65	1
http://ex.org/variable#174 http://www.ibm.com/timex#bi http://ex.org/variable#66	1
http://ex.org/variable#174 http://www.ibm.com/timex#d http://ex.org/variable#67	1
http://ex.org/variable#174 http://www.ibm.com/timex#d http://ex.org/variable#68	1
http://ex.org/variable#174 http://www.ibm.com/timex#oi http://ex.org/variable#69	1
http://ex.org/variable#174 http://www.ibm.com/timex#d http://ex.org/variable#70	1
http://ex.org/variable#174 http://www.ibm.com/timex#oi http://ex.org/variable#71	1
http://ex.org/variable#174 http://www.ibm.com/timex#oi http://ex.org/variable#72	1
http://ex.org/variable#174 http://www.ibm.com/timex#oi http://ex.org/variable#73	1
http://ex.org/variable#174 http://www.ibm.com/timex#d http://ex.org/variable#74	1
http://ex.org/variable#174 http://www.ibm.com/timex#oi http://ex.org/variable#75	1
http://ex.org/variable#174 http://www.ibm.com/timex#d http://ex.org/variable#76	1
http://ex.org/variable#174 http://www.ibm.com/timex#d http://ex.org/variable#77	1
http://ex.org/variable#174 http://www.ibm.com/timex#oi http://ex.org/variable#78	1
http://ex.org/variable#174 http://www.ibm.com/timex#oi http://ex.org/variable#79	1
http://ex.org/variable#174 http://www.ibm.com/timex#d http://ex.org/variable#80	1
http://ex.org/variable#174 http://www.ibm.com/timex#oi http://ex.org/variable#81	1
http://ex.org/variable#174 http://www.ibm.com/timex#bi http://ex.org/variable#82	1
http://ex.org/variable#174 http://www.ibm.com/timex#d http://ex.org/variable#83	1
http://ex.org/variable#174 http://www.ibm.com/timex#o http://ex.org/variable#84	1
http://ex.org/variable#174 http://www.ibm.com/timex#di http://ex.org/variable#85	1
http://ex.org/variable#174 http://www.ibm.com/timex#d http://ex.org/variable#86	1
http://ex.org/variable#174 http://www.ibm.com/timex#d http://ex.org/variable#87	1
http://ex.org/variable#174 http://www.ibm.com/timex#b http://ex.org/variable#88	1
http://ex.org/variable#174 http://www.ibm.com/timex#d http://ex.org/variable#89	1
http://ex.org/variable#174 http://www.ibm.com/timex#oi http://ex.org/variable#90	1
http://ex.org/variable#174 http://www.ibm.com/timex#d http://ex.org/variable#91	1
http://ex.org/variable#174 http://www.ibm.com/timex#d http://ex.org/variable#92	1
http://ex.org/variable#174 http://www.ibm.com/timex#d http://ex.org/variable#93	1
http://ex.org/variable#174 http://www.ibm.com/timex#oi http://ex.org/variable#94	1
http://ex.org/variable#174 http://www.ibm.com/timex#bi http://ex.org/variable#95	1
http://ex.org/variable#174 http://www.ibm.com/timex#bi http://ex.org/variable#96	1
http://ex.org/variable#174 http://www.ibm.com/timex#d http://ex.org/variable#97	1
http://ex.org/variable#174 http://www.ibm.com/timex#o http://ex.org/variable#98	1
http://ex.org/variable#174 http://www.ibm.com/timex#o http://ex.org/variable#99	1
http://ex.org/variable#174 http://www.ibm.com/timex#bi http://ex.org/variable#100	1
http://ex.org/variable#174 http://www.ibm.com/timex#d http://ex.org/variable#101	1
http://ex.org/variable#174 http://www.ibm.com/timex#di http://ex.org/variable#102	1
http://ex.org/variable#174 http://www.ibm.com/timex#oi http://ex.org/variable#103	1
http://ex.org/variable#174 http://www.ibm.com/timex#b http://ex.org/variable#104	1
http://ex.org/variable#174 http://www.ibm.com/timex#d http://ex.org/variable#105	1
http://ex.org/variable#174 http://www.ibm.com/timex#d http://ex.org/variable#106	1
http://ex.org/variable#174 http://www.ibm.com/timex#oi http://ex.org/variable#107	1
http://ex.org/variable#174 http://www.ibm.com/timex#oi http://ex.org/variable#108	1
http://ex.org/variable#174 http://www.ibm.com/timex#di http://ex.org/variable#109	1
http://ex.org/variable#174 http://www.ibm.com/timex#d http://ex.org/variable#110	1
http://ex.org/variable#174 http://www.ibm.com/timex#oi http://ex.org/variable#111	1
http://ex.org/variable#174 http://www.ibm.com/timex#oi http://ex.org/variable#112	1
http://ex.org/variable#174 http://www.ibm.com/timex#di http://ex.org/variable#113	1
http://ex.org/variable#174 http://www.ibm.com/timex#oi http://ex.org/variable#114	1
http://ex.org/variable#174 http://www.ibm.com/timex#b http://ex.org/variable#115	1
http://ex.org/variable#174 http://www.ibm.com/timex#di http://ex.org/variable#116	1
http://ex.org/variable#174 http://www.ibm.com/timex#oi http://ex.org/variable#117	1
http://ex.org/variable#174 http://www.ibm.com/timex#oi http://ex.org/variable#118	1
http://ex.org/variable#174 http://www.ibm.com/timex#d http://ex.org/variable#119	1
http://ex.org/variable#174 http://www.ibm.com/timex#oi http://ex.org/variable#120	1
http://ex.org/variable#174 http://www.ibm.com/timex#b http://ex.org/variable#121	1
http://ex.org/variable#174 http://www.ibm.com/timex#oi http://ex.org/variable#122	1
http://ex.org/variable#174 http://www.ibm.com/timex#d http://ex.org/variable#123	1
http://ex.org/variable#174 http://www.ibm.com/timex#oi http://ex.org/variable#124	1
http://ex.org/variable#174 http://www.ibm.com/timex#oi http://ex.org/variable#125	1
http://ex.org/variable#174 http://www.ibm.com/timex#oi http://ex.org/variable#126	1
http://ex.org/variable#174 http://www.ibm.com/timex#o http://ex.org/variable#127	1
http://ex.org/variable#174 http://www.ibm.com/timex#d http://ex.org/variable#128	1
http://ex.org/variable#174 http://www.ibm.com/timex#bi_mi_oi http://ex.org/variable#129	1
http://ex.org/variable#174 http://www.ibm.com/timex#oi http://ex.org/variable#130	1
http://ex.org/variable#174 http://www.ibm.com/timex#o http://ex.org/variable#131	1
http://ex.org/variable#174 http://www.ibm.com/timex#d http://ex.org/variable#132	1
http://ex.org/variable#174 http://www.ibm.com/timex#d http://ex.org/variable#133	1
http://ex.org/variable#174 http://www.ibm.com/timex#oi http://ex.org/variable#134	1
http://ex.org/variable#174 http://www.ibm.com/timex#d http://ex.org/variable#135	1
http://ex.org/variable#174 http://www.ibm.com/timex#d http://ex.org/variable#136	1
http://ex.org/variable#174 http://www.ibm.com/timex#oi http://ex.org/variable#137	1
http://ex.org/variable#174 http://www.ibm.com/timex#o http://ex.org/variable#138	1
http://ex.org/variable#174 http://www.ibm.com/timex#oi http://ex.org/variable#139	1
http://ex.org/variable#174 http://www.ibm.com/timex#oi http://ex.org/variable#140	1
http://ex.org/variable#174 http://www.ibm.com/timex#d http://ex.org/variable#141	1
http://ex.org/variable#174 http://www.ibm.com/timex#oi http://ex.org/variable#142	1
http://ex.org/variable#174 http://www.ibm.com/timex#d http://ex.org/variable#143	1
http://ex.org/variable#174 http://www.ibm.com/timex#d http://ex.org/variable#144	1
http://ex.org/variable#174 http://www.ibm.com/timex#o http://ex.org/variable#145	1
http://ex.org/variable#174 http://www.ibm.com/timex#d http://ex.org/variable#146	1
http://ex.org/variable#174 http://www.ibm.com/timex#oi http://ex.org/variable#147	1
http://ex.org/variable#174 http://www.ibm.com/timex#oi http://ex.org/variable#148	1
http://ex.org/variable#174 http://www.ibm.com/timex#bi http://ex.org/variable#149	1
http://ex.org/variable#174 http://www.ibm.com/timex#o http://ex.org/variable#150	1
http://ex.org/variable#174 http://www.ibm.com/timex#d http://ex.org/variable#151	1
http://ex.org/variable#174 http://www.ibm.com/timex#bi http://ex.org/variable#152	1
http://ex.org/variable#174 http://www.ibm.com/timex#d http://ex.org/variable#153	1
http://ex.org/variable#174 http://www.ibm.com/timex#oi http://ex.org/variable#154	1
http://ex.org/variable#174 http://www.ibm.com/timex#oi http://ex.org/variable#155	1
http://ex.org/variable#174 http://www.ibm.com/timex#oi_f http://ex.org/variable#156	1
http://ex.org/variable#174 http://www.ibm.com/timex#bi http://ex.org/variable#157	1
http://ex.org/variable#174 http://www.ibm.com/timex#oi http://ex.org/variable#158	1
http://ex.org/variable#174 http://www.ibm.com/timex#d http://ex.org/variable#159	1
http://ex.org/variable#174 http://www.ibm.com/timex#d http://ex.org/variable#160	1
http://ex.org/variable#174 http://www.ibm.com/timex#oi http://ex.org/variable#161	1
http://ex.org/variable#174 http://www.ibm.com/timex#oi http://ex.org/variable#162	1
http://ex.org/variable#174 http://www.ibm.com/timex#d http://ex.org/variable#163	1
http://ex.org/variable#174 http://www.ibm.com/timex#d http://ex.org/variable#164	1
http://ex.org/variable#174 http://www.ibm.com/timex#oi http://ex.org/variable#165	1
http://ex.org/variable#174 http://www.ibm.com/timex#oi http://ex.org/variable#166	1
http://ex.org/variable#174 http://www.ibm.com/timex#oi http://ex.org/variable#167	1
http://ex.org/variable#174 http://www.ibm.com/timex#d http://ex.org/variable#168	1
http://ex.org/variable#174 http://www.ibm.com/timex#d http://ex.org/variable#169	1
http://ex.org/variable#174 http://www.ibm.com/timex#o http://ex.org/variable#170	1
http://ex.org/variable#174 http://www.ibm.com/timex#oi http://ex.org/variable#171	1
http://ex.org/variable#174 http://www.ibm.com/timex#bi http://ex.org/variable#172	1
http://ex.org/variable#174 http://www.ibm.com/timex#di http://ex.org/variable#173	1
http://ex.org/variable#174 http://www.ibm.com/timex#oi http://ex.org/variable#175	1
http://ex.org/variable#174 http://www.ibm.com/timex#d http://ex.org/variable#176	1
http://ex.org/variable#174 http://www.ibm.com/timex#oi http://ex.org/variable#177	1
http://ex.org/variable#174 http://www.ibm.com/timex#d http://ex.org/variable#178	1
http://ex.org/variable#174 http://www.ibm.com/timex#d http://ex.org/variable#179	1
http://ex.org/variable#174 http://www.ibm.com/timex#bi http://ex.org/variable#180	1
http://ex.org/variable#174 http://www.ibm.com/timex#bi http://ex.org/variable#181	1
http://ex.org/variable#174 http://www.ibm.com/timex#oi http://ex.org/variable#182	1
http://ex.org/variable#174 http://www.ibm.com/timex#o http://ex.org/variable#183	1
http://ex.org/variable#174 http://www.ibm.com/timex#oi http://ex.org/variable#184	1
http://ex.org/variable#174 http://www.ibm.com/timex#oi http://ex.org/variable#185	1
http://ex.org/variable#174 http://www.ibm.com/timex#d http://ex.org/variable#186	1
http://ex.org/variable#174 http://www.ibm.com/timex#oi http://ex.org/variable#187	1
http://ex.org/variable#174 http://www.ibm.com/timex#oi http://ex.org/variable#188	1
http://ex.org/variable#174 http://www.ibm.com/timex#oi http://ex.org/variable#189	1
http://ex.org/variable#175 http://www.ibm.com/timex#o http://ex.org/variable#0	1
http://ex.org/variable#175 http://www.ibm.com/timex#o http://ex.org/variable#1	1
http://ex.org/variable#175 http://www.ibm.com/timex#o http://ex.org/variable#2	1
http://ex.org/variable#175 http://www.ibm.com/timex#o http://ex.org/variable#3	1
http://ex.org/variable#175 http://www.ibm.com/timex#o http://ex.org/variable#4	1
http://ex.org/variable#175 http://www.ibm.com/timex#di http://ex.org/variable#5	1
http://ex.org/variable#175 http://www.ibm.com/timex#o http://ex.org/variable#6	1
http://ex.org/variable#175 http://www.ibm.com/timex#o http://ex.org/variable#7	1
http://ex.org/variable#175 http://www.ibm.com/timex#oi_di_si http://ex.org/variable#8	1
http://ex.org/variable#175 http://www.ibm.com/timex#o http://ex.org/variable#9	1
http://ex.org/variable#175 http://www.ibm.com/timex#o http://ex.org/variable#10	1
http://ex.org/variable#175 http://www.ibm.com/timex#o http://ex.org/variable#11	1
http://ex.org/variable#175 http://www.ibm.com/timex#d http://ex.org/variable#12	1
http://ex.org/variable#175 http://www.ibm.com/timex#di http://ex.org/variable#13	1
http://ex.org/variable#175 http://www.ibm.com/timex#di http://ex.org/variable#14	1
http://ex.org/variable#175 http://www.ibm.com/timex#di http://ex.org/variable#15	1
http://ex.org/variable#175 http://www.ibm.com/timex#di http://ex.org/variable#16	1
http://ex.org/variable#175 http://www.ibm.com/timex#b_m_o http://ex.org/variable#17	1
http://ex.org/variable#175 http://www.ibm.com/timex#o http://ex.org/variable#18	1
http://ex.org/variable#175 http://www.ibm.com/timex#di http://ex.org/variable#19	1
http://ex.org/variable#175 http://www.ibm.com/timex#d http://ex.org/variable#20	1
http://ex.org/variable#175 http://www.ibm.com/timex#o http://ex.org/variable#21	1
http://ex.org/variable#175 http://www.ibm.com/timex#o http://ex.org/variable#22	1
http://ex.org/variable#175 http://www.ibm.com/timex#di http://ex.org/variable#23	1
http://ex.org/variable#175 http://www.ibm.com/timex#d http://ex.org/variable#24	1
http://ex.org/variable#175 http://www.ibm.com/timex#oi http://ex.org/variable#25	1
http://ex.org/variable#175 http://www.ibm.com/timex#o http://ex.org/variable#26	1
http://ex.org/variable#175 http://www.ibm.com/timex#oi http://ex.org/variable#27	1
http://ex.org/variable#175 http://www.ibm.com/timex#o http://ex.org/variable#28	1
http://ex.org/variable#175 http://www.ibm.com/timex#o http://ex.org/variable#29	1
http://ex.org/variable#175 http://www.ibm.com/timex#di http://ex.org/variable#30	1
http://ex.org/variable#175 http://www.ibm.com/timex#oi http://ex.org/variable#31	1
http://ex.org/variable#175 http://www.ibm.com/timex#oi http://ex.org/variable#32	1
http://ex.org/variable#175 http://www.ibm.com/timex#o http://ex.org/variable#33	1
http://ex.org/variable#175 http://www.ibm.com/timex#o http://ex.org/variable#34	1
http://ex.org/variable#175 http://www.ibm.com/timex#di http://ex.org/variable#35	1
http://ex.org/variable#175 http://www.ibm.com/timex#oi http://ex.org/variable#36	1
http://ex.org/variable#175 http://www.ibm.com/timex#di http://ex.org/variable#37	1
http://ex.org/variable#175 http://www.ibm.com/timex#fi http://ex.org/variable#38	1
http://ex.org/variable#175 http://www.ibm.com/timex#o_di_fi http://ex.org/variable#39	1
http://ex.org/variable#175 http://www.ibm.com/timex#oi_di http://ex.org/variable#40	1
http://ex.org/variable#175 http://www.ibm.com/timex#o http://ex.org/variable#41	1
http://ex.org/variable#175 http://www.ibm.com/timex#o http://ex.org/variable#42	1
http://ex.org/variable#175 http://www.ibm.com/timex#d http://ex.org/variable#43	1
http://ex.org/variable#175 http://www.ibm.com/timex#o http://ex.org/variable#44	1
http://ex.org/variable#175 http://www.ibm.com/timex#o http://ex.org/variable#45	1
http://ex.org/variable#175 http://www.ibm.com/timex#oi http://ex.org/variable#46	1
http://ex.org/variable#175 http://www.ibm.com/timex#oi http://ex.org/variable#47	1
http://ex.org/variable#175 http://www.ibm.com/timex#o http://ex.org/variable#48	1
http://ex.org/variable#175 http://www.ibm.com/timex#oi http://ex.org/variable#49	1
http://ex.org/variable#175 http://www.ibm.com/timex#o http://ex.org/variable#50	1
http://ex.org/variable#175 http://www.ibm.com/timex#o http://ex.org/variable#51	1
http://ex.org/variable#175 http://www.ibm.com/timex#d http://ex.org/variable#52	1
http://ex.org/variable#175 http://www.ibm.com/timex#o_d_s http://ex.org/variable#53	1
http://ex.org/variable#175 http://www.ibm.com/timex#o http://ex.org/variable#54	1
http://ex.org/variable#175 http://www.ibm.com/timex#o_di http://ex.org/variable#55	1
http://ex.org/variable#175 http://www.ibm.com/timex#di http://ex.org/variable#56	1
http://ex.org/variable#175 http://www.ibm.com/timex#oi http://ex.org/variable#57	1
http://ex.org/variable#175 http://www.ibm.com/timex#di http://ex.org/variable#58	1
http://ex.org/variable#175 http://www.ibm.com/timex#o http://ex.org/variable#59	1
http://ex.org/variable#175 http://www.ibm.com/timex#d http://ex.org/variable#60	1
http://ex.org/variable#175 http://www.ibm.com/timex#d http://ex.org/variable#61	1
http://ex.org/variable#175 http://www.ibm.com/timex#o http://ex.org/variable#62	1
http://ex.org/variable#175 http://www.ibm.com/timex#d http://ex.org/variable#63	1
http://ex.org/variable#175 http://www.ibm.com/timex#d http://ex.org/variable#64	1
http://ex.org/variable#175 http://www.ibm.com/timex#di http://ex.org/variable#65	1
http://ex.org/variable#175 http://www.ibm.com/timex#oi http://ex.org/variable#66	1
http://ex.org/variable#175 http://www.ibm.com/timex#o http://ex.org/variable#67	1
http://ex.org/variable#175 http://www.ibm.com/timex#o http://ex.org/variable#68	1
http://ex.org/variable#175 http://www.ibm.com/timex#di http://ex.org/variable#69	1
http://ex.org/variable#175 http://www.ibm.com/timex#o http://ex.org/variable#70	1
http://ex.org/variable#175 http://www.ibm.com/timex#di http://ex.org/variable#71	1
http://ex.org/variable#175 http://www.ibm.com/timex#o http://ex.org/variable#72	1
http://ex.org/variable#175 http://www.ibm.com/timex#di http://ex.org/variable#73	1
http://ex.org/variable#175 http://www.ibm.com/timex#o http://ex.org/variable#74	1
http://ex.org/variable#175 http://www.ibm.com/timex#di http://ex.org/variable#75	1
http://ex.org/variable#175 http://www.ibm.com/timex#o http://ex.org/variable#76	1
http://ex.org/variable#175 http://www.ibm.com/timex#o http://ex.org/variable#77	1
http://ex.org/variable#175 http://www.ibm.com/timex#di http://ex.org/variable#78	1
http://ex.org/variable#175 http://www.ibm.com/timex#oi http://ex.org/variable#79	1
http://ex.org/variable#175 http://www.ibm.com/timex#d http://ex.org/variable#80	1
http://ex.org/variable#175 http://www.ibm.com/timex#oi http://ex.org/variable#81	1
http://ex.org/variable#175 http://www.ibm.com/timex#di http://ex.org/variable#82	1
http://ex.org/variable#175 http://www.ibm.com/timex#d http://ex.org/variable#83	1
http://ex.org/variable#175 http://www.ibm.com/timex#o http://ex.org/variable#84	1
http://ex.org/variable#175 http://www.ibm.com/timex#o http://ex.org/variable#85	1
http://ex.org/variable#175 http://www.ibm.com/timex#d http://ex.org/variable#86	1
http://ex.org/variable#175 http://www.ibm.com/timex#o http://ex.org/variable#87	1
http://ex.org/variable#175 http://www.ibm.com/timex#b http://ex.org/variable#88	1
http://ex.org/variable#175 http://www.ibm.com/timex#o http://ex.org/variable#89	1
http://ex.org/variable#175 http://www.ibm.com/timex#o_di http://ex.org/variable#90	1
http://ex.org/variable#175 http://www.ibm.com/timex#o http://ex.org/variable#91	1
http://ex.org/variable#175 http://www.ibm.com/timex#o http://ex.org/variable#92	1
http://ex.org/variable#175 http://www.ibm.com/timex#o http://ex.org/variable#93	1
http://ex.org/variable#175 http://www.ibm.com/timex#di http://ex.org/variable#94	1
http://ex.org/variable#175 http://www.ibm.com/timex#di http://ex.org/variable#95	1
http://ex.org/variable#175 http://www.ibm.com/timex#di http://ex.org/variable#96	1
http://ex.org/variable#175 http://www.ibm.com/timex#o http://ex.org/variable#97	1
http://ex.org/variable#175 http://www.ibm.com/timex#o http://ex.org/variable#98	1
http://ex.org/variable#175 http://www.ibm.com/timex#o http://ex.org/variable#99	1
http://ex.org/variable#175 http://www.ibm.com/timex#oi_si http://ex.org/variable#100	1
http://ex.org/variable#175 http://www.ibm.com/timex#o http://ex.org/variable#101	1
http://ex.org/variable#175 http://www.ibm.com/timex#di http://ex.org/variable#102	1
http://ex.org/variable#175 http://www.ibm.com/timex#o http://ex.org/variable#103	1
http://ex.org/variable#175 http://www.ibm.com/timex#b http://ex.org/variable#104	1
http://ex.org/variable#175 http://www.ibm.com/timex#o http://ex.org/variable#105	1
http://ex.org/variable#175 http://www.ibm.com/timex#d http://ex.org/variable#106	1
http://ex.org/variable#175 http://www.ibm.com/timex#o http://ex.org/variable#107	1
http://ex.org/variable#175 http://www.ibm.com/timex#di http://ex.org/variable#108	1
http://ex.org/variable#175 http://www.ibm.com/timex#di http://ex.org/variable#109	1
http://ex.org/variable#175 http://www.ibm.com/timex#d http://ex.org/variable#110	1
http://ex.org/variable#175 http://www.ibm.com/timex#di http://ex.org/variable#111	1
http://ex.org/variable#175 http://www.ibm.com/timex#oi_d http://ex.org/variable#112	1
http://ex.org/variable#175 http://www.ibm.com/timex#di http://ex.org/variable#113	1
http://ex.org/variable#175 http://www.ibm.com/timex#o http://ex.org/variable#114	1
http://ex.org/variable#175 http://www.ibm.com/timex#b http://ex.org/variable#115	1
http://ex.org/variable#175 http://www.ibm.com/timex#di http://ex.org/variable#116	1
http://ex.org/variable#175 http://www.ibm.com/timex#oi_di_si http://ex.org/variable#117	1
http://ex.org/variable#175 http://www.ibm.com/timex#di http://ex.org/variable#118	1
http://ex.org/variable#175 http://www.ibm.com/timex#d http://ex.org/variable#119	1
http://ex.org/variable#175 http://www.ibm.com/timex#di http://ex.org/variable#120	1
http://ex.org/variable#175 http://www.ibm.com/timex#b http://ex.org/variable#121	1
http://ex.org/variable#175 http://www.ibm.com/timex#d http://ex.org/variable#122	1
http://ex.org/variable#175 http://www.ibm.com/timex#o http://ex.org/variable#123	1
http://ex.org/variable#175 http://www.ibm.com/timex#oi http://ex.org/variable#124	1
http://ex.org/variable#175 http://www.ibm.com/timex#oi http://ex.org/variable#125	1
http://ex.org/variable#175 http://www.ibm.com/timex#o http://ex.org/variable#126	1
http://ex.org/variable#175 http://www.ibm.com/timex#o http://ex.org/variable#127	1
http://ex.org/variable#175 http://www.ibm.com/timex#o http://ex.org/variable#128	1
http://ex.org/variable#175 http://www.ibm.com/timex#oi http://ex.org/variable#129	1
http://ex.org/variable#175 http://www.ibm.com/timex#di http://ex.org/variable#130	1
http://ex.org/variable#175 http://www.ibm.com/timex#b http://ex.org/variable#131	1
http://ex.org/variable#175 http://www.ibm.com/timex#o_d http://ex.org/variable#132	1
http://ex.org/variable#175 http://www.ibm.com/timex#o http://ex.org/variable#133	1
http://ex.org/variable#175 http://www.ibm.com/timex#oi http://ex.org/variable#134	1
http://ex.org/variable#175 http://www.ibm.com/timex#o http://ex.org/variable#135	1
http://ex.org/variable#175 http://www.ibm.com/timex#o http://ex.org/variable#136	1
http://ex.org/variable#175 http://www.ibm.com/timex#di http://ex.org/variable#137	1
http://ex.org/variable#175 http://www.ibm.com/timex#o http://ex.org/variable#138	1
http://ex.org/variable#175 http://www.ibm.com/timex#di http://ex.org/variable#139	1
http://ex.org/variable#175 http://www.ibm.com/timex#di http://ex.org/variable#140	1
http://ex.org/variable#175 http://www.ibm.com/timex#d http://ex.org/variable#141	1
http://ex.org/variable#175 http://www.ibm.com/timex#di http://ex.org/variable#142	1
http://ex.org/variable#175 http://www.ibm.com/timex#o http://ex.org/variable#143	1
http://ex.org/variable#175 http://www.ibm.com/timex#o http://ex.org/variable#144	1
http://ex.org/variable#175 http://www.ibm.com/timex#o http://ex.org/variable#145	1
http://ex.org/variable#175 http://www.ibm.com/timex#o http://ex.org/variable#146	1
http://ex.org/variable#175 http://www.ibm.com/timex#di http://ex.org/variable#147	1
http://ex.org/variable#175 http://www.ibm.com/timex#o http://ex.org/variable#148	1
http://ex.org/variable#175 http://www.ibm.com/timex#oi http://ex.org/variable#149	1
http://ex.org/variable#175 http://www.ibm.com/timex#o http://ex.org/variable#150	1
http://ex.org/variable#175 http://www.ibm.com/timex#o http://ex.org/variable#151	1
http://ex.org/variable#175 http://www.ibm.com/timex#oi_di_si http://ex.org/variable#152	1
http://ex.org/variable#175 http://www.ibm.com/timex#o http://ex.org/variable#153	1
http://ex.org/variable#175 http://www.ibm.com/timex#di http://ex.org/variable#154	1
http://ex.org/variable#175 http://www.ibm.com/timex#f http://ex.org/variable#155	1
http://ex.org/variable#175 http://www.ibm.com/timex#o http://ex.org/variable#156	1
http://ex.org/variable#175 http://www.ibm.com/timex#di http://ex.org/variable#157	1
http://ex.org/variable#175 http://www.ibm.com/timex#di http://ex.org/variable#158	1
http://ex.org/variable#175 http://www.ibm.com/timex#o http://ex.org/variable#159	1
http://ex.org/variable#175 http://www.ibm.com/timex#o http://ex.org/variable#160	1
http://ex.org/variable#175 http://www.ibm.com/timex#di http://ex.org/variable#161	1
http://ex.org/variable#175 http://www.ibm.com/timex#di http://ex.org/variable#162	1
http://ex.org/variable#175 http://www.ibm.com/timex#o http://ex.org/variable#163	1
http://ex.org/variable#175 http://www.ibm.com/timex#o http://ex.org/variable#164	1
http://ex.org/variable#175 http://www.ibm.com/timex#di http://ex.org/variable#165	1
http://ex.org/variable#175 http://www.ibm.com/timex#oi http://ex.org/variable#166	1
http://ex.org/variable#175 http://www.ibm.com/timex#oi_si http://ex.org/variable#167	1
http://ex.org/variable#175 http://www.ibm.com/timex#o http://ex.org/variable#168	1
http://ex.org/variable#175 http://www.ibm.com/timex#d http://ex.org/variable#169	1
http://ex.org/variable#175 http://www.ibm.com/timex#o http://ex.org/variable#170	1
http://ex.org/variable#175 http://www.ibm.com/timex#oi http://ex.org/variable#171	1
http://ex.org/variable#175 http://www.ibm.com/timex#oi http://ex.org/variable#172	1
http://ex.org/variable#175 http://www.ibm.com/timex#b http://ex.org/variable#173	1
http://ex.org/variable#175 http://www.ibm.com/timex#o http://ex.org/variable#174	1
http://ex.org/variable#175 http://www.ibm.com/timex#o http://ex.org/variable#176	1
http://ex.org/variable#175 http://www.ibm.com/timex#o http://ex.org/variable#177	1
http://ex.org/variable#175 http://www.ibm.com/timex#o http://ex.org/variable#178	1
http://ex.org/variable#175 http://www.ibm.com/timex#o http://ex.org/variable#179	1
http://ex.org/variable#175 http://www.ibm.com/timex#di http://ex.org/variable#180	1
http://ex.org/variable#175 http://www.ibm.com/timex#oi http://ex.org/variable#181	1
http://ex.org/variable#175 http://www.ibm.com/timex#di http://ex.org/variable#182	1
http://ex.org/variable#175 http://www.ibm.com/timex#o http://ex.org/variable#183	1
http://ex.org/variable#175 http://www.ibm.com/timex#di http://ex.org/variable#184	1
http://ex.org/variable#175 http://www.ibm.com/timex#o http://ex.org/variable#185	1
http://ex.org/variable#175 http://www.ibm.com/timex#o http://ex.org/variable#186	1
http://ex.org/variable#175 http://www.ibm.com/timex#d http://ex.org/variable#187	1
http://ex.org/variable#175 http://www.ibm.com/timex#o_di http://ex.org/variable#188	1
http://ex.org/variable#175 http://www.ibm.com/timex#di http://ex.org/variable#189	1
http://ex.org/variable#176 http://www.ibm.com/timex#oi http://ex.org/variable#0	1
http://ex.org/variable#176 http://www.ibm.com/timex#di http://ex.org/variable#1	1
http://ex.org/variable#176 http://www.ibm.com/timex#oi http://ex.org/variable#2	1
http://ex.org/variable#176 http://www.ibm.com/timex#di http://ex.org/variable#3	1
http://ex.org/variable#176 http://www.ibm.com/timex#d http://ex.org/variable#4	1
http://ex.org/variable#176 http://www.ibm.com/timex#oi http://ex.org/variable#5	1
http://ex.org/variable#176 http://www.ibm.com/timex#di http://ex.org/variable#6	1
http://ex.org/variable#176 http://www.ibm.com/timex#oi http://ex.org/variable#7	1
http://ex.org/variable#176 http://www.ibm.com/timex#bi http://ex.org/variable#8	1
http://ex.org/variable#176 http://www.ibm.com/timex#o http://ex.org/variable#9	1
http://ex.org/variable#176 http://www.ibm.com/timex#oi http://ex.org/variable#10	1
http://ex.org/variable#176 http://www.ibm.com/timex#oi http://ex.org/variable#11	1
http://ex.org/variable#176 http://www.ibm.com/timex#oi http://ex.org/variable#12	1
http://ex.org/variable#176 http://www.ibm.com/timex#oi http://ex.org/variable#13	1
http://ex.org/variable#176 http://www.ibm.com/timex#di http://ex.org/variable#14	1
http://ex.org/variable#176 http://www.ibm.com/timex#oi http://ex.org/variable#15	1
http://ex.org/variable#176 http://www.ibm.com/timex#oi http://ex.org/variable#16	1
http://ex.org/variable#176 http://www.ibm.com/timex#di http://ex.org/variable#17	1
http://ex.org/variable#176 http://www.ibm.com/timex#oi http://ex.org/variable#18	1
http://ex.org/variable#176 http://www.ibm.com/timex#oi http://ex.org/variable#19	1
http://ex.org/variable#176 http://www.ibm.com/timex#d http://ex.org/variable#20	1
http://ex.org/variable#176 http://www.ibm.com/timex#di http://ex.org/variable#21	1
http://ex.org/variable#176 http://www.ibm.com/timex#d http://ex.org/variable#22	1
http://ex.org/variable#176 http://www.ibm.com/timex#oi http://ex.org/variable#23	1
http://ex.org/variable#176 http://www.ibm.com/timex#oi http://ex.org/variable#24	1
http://ex.org/variable#176 http://www.ibm.com/timex#bi http://ex.org/variable#25	1
http://ex.org/variable#176 http://www.ibm.com/timex#di http://ex.org/variable#26	1
http://ex.org/variable#176 http://www.ibm.com/timex#oi http://ex.org/variable#27	1
http://ex.org/variable#176 http://www.ibm.com/timex#di http://ex.org/variable#28	1
http://ex.org/variable#176 http://www.ibm.com/timex#oi http://ex.org/variable#29	1
http://ex.org/variable#176 http://www.ibm.com/timex#di http://ex.org/variable#30	1
http://ex.org/variable#176 http://www.ibm.com/timex#oi http://ex.org/variable#31	1
http://ex.org/variable#176 http://www.ibm.com/timex#mi_oi http://ex.org/variable#32	1
http://ex.org/variable#176 http://www.ibm.com/timex#o http://ex.org/variable#33	1
http://ex.org/variable#176 http://www.ibm.com/timex#oi http://ex.org/variable#34	1
http://ex.org/variable#176 http://www.ibm.com/timex#oi_di_si http://ex.org/variable#35	1
http://ex.org/variable#176 http://www.ibm.com/timex#oi http://ex.org/variable#36	1
http://ex.org/variable#176 http://www.ibm.com/timex#oi http://ex.org/variable#37	1
http://ex.org/variable#176 http://www.ibm.com/timex#oi http://ex.org/variable#38	1
http://ex.org/variable#176 http://www.ibm.com/timex#di http://ex.org/variable#39	1
http://ex.org/variable#176 http://www.ibm.com/timex#oi http://ex.org/variable#40	1
http://ex.org/variable#176 http://www.ibm.com/timex#oi http://ex.org/variable#41	1
http://ex.org/variable#176 http://www.ibm.com/timex#oi http://ex.org/variable#42	1
http://ex.org/variable#176 http://www.ibm.com/timex#oi http://ex.org/variable#43	1
http://ex.org/variable#176 http://www.ibm.com/timex#oi http://ex.org/variable#44	1
http://ex.org/variable#176 http://www.ibm.com/timex#o_d_s http://ex.org/variable#45	1
http://ex.org/variable#176 http://www.ibm.com/timex#oi http://ex.org/variable#46	1
http://ex.org/variable#176 http://www.ibm.com/timex#oi http://ex.org/variable#47	1
http://ex.org/variable#176 http://www.ibm.com/timex#di http://ex.org/variable#48	1
http://ex.org/variable#176 http://www.ibm.com/timex#oi http://ex.org/variable#49	1
http://ex.org/variable#176 http://www.ibm.com/timex#oi http://ex.org/variable#50	1
http://ex.org/variable#176 http://www.ibm.com/timex#di http://ex.org/variable#51	1
http://ex.org/variable#176 http://www.ibm.com/timex#oi http://ex.org/variable#52	1
http://ex.org/variable#176 http://www.ibm.com/timex#oi http://ex.org/variable#53	1
http://ex.org/variable#176 http://www.ibm.com/timex#oi http://ex.org/variable#54	1
http://ex.org/variable#176 http://www.ibm.com/timex#oi http://ex.org/variable#55	1
http://ex.org/variable#176 http://www.ibm.com/timex#oi http://ex.org/variable#56	1
http://ex.org/variable#176 http://www.ibm.com/timex#oi http://ex.org/variable#57	1
http://ex.org/variable#176 http://www.ibm.com/timex#oi http://ex.org/variable#58	1
http://ex.org/variable#176 http://www.ibm.com/timex#d http://ex.org/variable#59	1
http://ex.org/variable#176 http://www.ibm.com/timex#oi_f http://ex.org/variable#60	1
http://ex.org/variable#176 http://www.ibm.com/timex#oi http://ex.org/variable#61	1
http://ex.org/variable#176 http://www.ibm.com/timex#oi http://ex.org/variable#62	1
http://ex.org/variable#176 http://www.ibm.com/timex#oi http://ex.org/variable#63	1
http://ex.org/variable#176 http://www.ibm.com/timex#oi http://ex.org/variable#64	1
http://ex.org/variable#176 http://www.ibm.com/timex#bi http://ex.org/variable#65	1
http://ex.org/variable#176 http://www.ibm.com/timex#mi_oi http://ex.org/variable#66	1
http://ex.org/variable#176 http://www.ibm.com/timex#d http://ex.org/variable#67	1
http://ex.org/variable#176 http://www.ibm.com/timex#oi http://ex.org/variable#68	1
http://ex.org/variable#176 http://www.ibm.com/timex#oi http://ex.org/variable#69	1
http://ex.org/variable#176 http://www.ibm.com/timex#d http://ex.org/variable#70	1
http://ex.org/variable#176 http://www.ibm.com/timex#oi http://ex.org/variable#71	1
http://ex.org/variable#176 http://www.ibm.com/timex#oi http://ex.org/variable#72	1
http://ex.org/variable#176 http://www.ibm.com/timex#oi http://ex.org/variable#73	1
http://ex.org/variable#176 http://www.ibm.com/timex#oi http://ex.org/variable#74	1
http://ex.org/variable#176 http://www.ibm.com/timex#oi http://ex.org/variable#75	1
http://ex.org/variable#176 http://www.ibm.com/timex#oi http://ex.org/variable#76	1
http://ex.org/variable#176 http://www.ibm.com/timex#d http://ex.org/variable#77	1
http://ex.org/variable#176 http://www.ibm.com/timex#oi http://ex.org/variable#78	1
http://ex.org/variable#176 http://www.ibm.com/timex#oi http://ex.org/variable#79	1
http://ex.org/variable#176 http://www.ibm.com/timex#oi http://ex.org/variable#80	1
http://ex.org/variable#176 http://www.ibm.com/timex#oi http://ex.org/variable#81	1
http://ex.org/variable#176 http://www.ibm.com/timex#oi http://ex.org/variable#82	1
http://ex.org/variable#176 http://www.ibm.com/timex#oi http://ex.org/variable#83	1
http://ex.org/variable#176 http://www.ibm.com/timex#di http://ex.org/variable#84	1
http://ex.org/variable#176 http://www.ibm.com/timex#di http://ex.org/variable#85	1
http://ex.org/variable#176 http://www.ibm.com/timex#d http://ex.org/variable#86	1
http://ex.org/variable#176 http://www.ibm.com/timex#di http://ex.org/variable#87	1
http://ex.org/variable#176 http://www.ibm.com/timex#di http://ex.org/variable#88	1
http://ex.org/variable#176 http://www.ibm.com/timex#oi http://ex.org/variable#89	1
http://ex.org/variable#176 http://www.ibm.com/timex#oi http://ex.org/variable#90	1
http://ex.org/variable#176 http://www.ibm.com/timex#oi http://ex.org/variable#91	1
http://ex.org/variable#176 http://www.ibm.com/timex#o http://ex.org/variable#92	1
http://ex.org/variable#176 http://www.ibm.com/timex#oi http://ex.org/variable#93	1
http://ex.org/variable#176 http://www.ibm.com/timex#oi http://ex.org/variable#94	1
http://ex.org/variable#176 http://www.ibm.com/timex#di http://ex.org/variable#95	1
http://ex.org/variable#176 http://www.ibm.com/timex#bi http://ex.org/variable#96	1
http://ex.org/variable#176 http://www.ibm.com/timex#oi http://ex.org/variable#97	1
http://ex.org/variable#176 http://www.ibm.com/timex#di http://ex.org/variable#98	1
http://ex.org/variable#176 http://www.ibm.com/timex#di http://ex.org/variable#99	1
http://ex.org/variable#176 http://www.ibm.com/timex#bi http://ex.org/variable#100	1
http://ex.org/variable#176 http://www.ibm.com/timex#oi http://ex.org/variable#101	1
http://ex.org/variable#176 http://www.ibm.com/timex#di http://ex.org/variable#102	1
http://ex.org/variable#176 http://www.ibm.com/timex#oi http://ex.org/variable#103	1
http://ex.org/variable#176 http://www.ibm.com/timex#di http://ex.org/variable#104	1
http://ex.org/variable#176 http://www.ibm.com/timex#oi http://ex.org/variable#105	1
http://ex.org/variable#176 http://www.ibm.com/timex#oi http://ex.org/variable#106	1
http://ex.org/variable#176 http://www.ibm.com/timex#oi http://ex.org/variable#107	1
http://ex.org/variable#176 http://www.ibm.com/timex#oi_di_si http://ex.org/variable#108	1
http://ex.org/variable#176 http://www.ibm.com/timex#di http://ex.org/variable#109	1
http://ex.org/variable#176 http://www.ibm.com/timex#oi http://ex.org/variable#110	1
http://ex.org/variable#176 http://www.ibm.com/timex#oi http://ex.org/variable#111	1
http://ex.org/variable#176 http://www.ibm.com/timex#oi http://ex.org/variable#112	1
http://ex.org/variable#176 http://www.ibm.com/timex#di http://ex.org/variable#113	1
http://ex.org/variable#176 http://www.ibm.com/timex#oi http://ex.org/variable#114	1
http://ex.org/variable#176 http://www.ibm.com/timex#di http://ex.org/variable#115	1
http://ex.org/variable#176 http://www.ibm.com/timex#di http://ex.org/variable#116	1
http://ex.org/variable#176 http://www.ibm.com/timex#oi http://ex.org/variable#117	1
http://ex.org/variable#176 http://www.ibm.com/timex#oi http://ex.org/variable#118	1
http://ex.org/variable#176 http://www.ibm.com/timex#oi http://ex.org/variable#119	1
http://ex.org/variable#176 http://www.ibm.com/timex#oi http://ex.org/variable#120	1
http://ex.org/variable#176 http://www.ibm.com/timex#di http://ex.org/variable#121	1
http://ex.org/variable#176 http://www.ibm.com/timex#oi http://ex.org/variable#122	1
http://ex.org/variable#176 http://www.ibm.com/timex#oi http://ex.org/variable#123	1
http://ex.org/variable#176 http://www.ibm.com/timex#oi http://ex.org/variable#124	1
http://ex.org/variable#176 http://www.ibm.com/timex#oi http://ex.org/variable#125	1
http://ex.org/variable#176 http://www.ibm.com/timex#di http://ex.org/variable#126	1
http://ex.org/variable#176 http://www.ibm.com/timex#di http://ex.org/variable#127	1
http://ex.org/variable#176 http://www.ibm.com/timex#oi http://ex.org/variable#128	1
http://ex.org/variable#176 http://www.ibm.com/timex#oi http://ex.org/variable#129	1
http://ex.org/variable#176 http://www.ibm.com/timex#oi http://ex.org/variable#130	1
http://ex.org/variable#176 http://www.ibm.com/timex#fi http://ex.org/variable#131	1
http://ex.org/variable#176 http://www.ibm.com/timex#oi http://ex.org/variable#132	1
http://ex.org/variable#176 http://www.ibm.com/timex#o_d_s http://ex.org/variable#133	1
http://ex.org/variable#176 http://www.ibm.com/timex#oi http://ex.org/variable#134	1
http://ex.org/variable#176 http://www.ibm.com/timex#oi_f http://ex.org/variable#135	1
http://ex.org/variable#176 http://www.ibm.com/timex#d http://ex.org/variable#136	1
http://ex.org/variable#176 http://www.ibm.com/timex#oi http://ex.org/variable#137	1
http://ex.org/variable#176 http://www.ibm.com/timex#di http://ex.org/variable#138	1
http://ex.org/variable#176 http://www.ibm.com/timex#oi http://ex.org/variable#139	1
http://ex.org/variable#176 http://www.ibm.com/timex#oi http://ex.org/variable#140	1
http://ex.org/variable#176 http://www.ibm.com/timex#oi_d_f http://ex.org/variable#141	1
http://ex.org/variable#176 http://www.ibm.com/timex#oi http://ex.org/variable#142	1
http://ex.org/variable#176 http://www.ibm.com/timex#oi http://ex.org/variable#143	1
http://ex.org/variable#176 http://www.ibm.com/timex#oi http://ex.org/variable#144	1
http://ex.org/variable#176 http://www.ibm.com/timex#di http://ex.org/variable#145	1
http://ex.org/variable#176 http://www.ibm.com/timex#d http://ex.org/variable#146	1
http://ex.org/variable#176 http://www.ibm.com/timex#oi http://ex.org/variable#147	1
http://ex.org/variable#176 http://www.ibm.com/timex#oi http://ex.org/variable#148	1
http://ex.org/variable#176 http://www.ibm.com/timex#bi_mi_oi http://ex.org/variable#149	1
http://ex.org/variable#176 http://www.ibm.com/timex#o http://ex.org/variable#150	1
http://ex.org/variable#176 http://www.ibm.com/timex#oi http://ex.org/variable#151	1
http://ex.org/variable#176 http://www.ibm.com/timex#bi http://ex.org/variable#152	1
http://ex.org/variable#176 http://www.ibm.com/timex#oi http://ex.org/variable#153	1
http://ex.org/variable#176 http://www.ibm.com/timex#oi http://ex.org/variable#154	1
http://ex.org/variable#176 http://www.ibm.com/timex#oi http://ex.org/variable#155	1
http://ex.org/variable#176 http://www.ibm.com/timex#oi http://ex.org/variable#156	1
http://ex.org/variable#176 http://www.ibm.com/timex#bi http://ex.org/variable#157	1
http://ex.org/variable#176 http://www.ibm.com/timex#oi http://ex.org/variable#158	1
http://ex.org/variable#176 http://www.ibm.com/timex#eq http://ex.org/variable#159	1
http://ex.org/variable#176 http://www.ibm.com/timex#oi http://ex.org/variable#160	1
http://ex.org/variable#176 http://www.ibm.com/timex#oi http://ex.org/variable#161	1
http://ex.org/variable#176 http://www.ibm.com/timex#oi http://ex.org/variable#162	1
http://ex.org/variable#176 http://www.ibm.com/timex#di http://ex.org/variable#163	1
http://ex.org/variable#176 http://www.ibm.com/timex#oi http://ex.org/variable#164	1
http://ex.org/variable#176 http://www.ibm.com/timex#oi http://ex.org/variable#165	1
http://ex.org/variable#176 http://www.ibm.com/timex#oi http://ex.org/variable#166	1
http://ex.org/variable#176 http://www.ibm.com/timex#oi http://ex.org/variable#167	1
http://ex.org/variable#176 http://www.ibm.com/timex#di http://ex.org/variable#168	1
http://ex.org/variable#176 http://www.ibm.com/timex#oi http://ex.org/variable#169	1
http://ex.org/variable#176 http://www.ibm.com/timex#di http://ex.org/variable#170	1
http://ex.org/variable#176 http://www.ibm.com/timex#oi http://ex.org/variable#171	1
http://ex.org/variable#176 http://www.ibm.com/timex#bi http://ex.org/variable#172	1
http://ex.org/variable#176 http://www.ibm.com/timex#di http://ex.org/variable#173	1
http://ex.org/variable#176 http://www.ibm.com/timex#di http://ex.org/variable#174	1
http://ex.org/variable#176 http://www.ibm.com/timex#oi http://ex.org/variable#175	1
http://ex.org/variable#176 http://www.ibm.com/timex#oi http://ex.org/variable#177	1
http://ex.org/variable#176 http://www.ibm.com/timex#d http://ex.org/variable#178	1
http://ex.org/variable#176 http://www.ibm.com/timex#si http://ex.org/variable#179	1
http://ex.org/variable#176 http://www.ibm.com/timex#bi http://ex.org/variable#180	1
http://ex.org/variable#176 http://www.ibm.com/timex#bi http://ex.org/variable#181	1
http://ex.org/variable#176 http://www.ibm.com/timex#di http://ex.org/variable#182	1
http://ex.org/variable#176 http://www.ibm.com/timex#di http://ex.org/variable#183	1
http://ex.org/variable#176 http://www.ibm.com/timex#oi http://ex.org/variable#184	1
http://ex.org/variable#176 http://www.ibm.com/timex#oi http://ex.org/variable#185	1
http://ex.org/variable#176 http://www.ibm.com/timex#di http://ex.org/variable#186	1
http://ex.org/variable#176 http://www.ibm.com/timex#oi http://ex.org/variable#187	1
http://ex.org/variable#176 http://www.ibm.com/timex#di http://ex.org/variable#188	1
http://ex.org/variable#176 http://www.ibm.com/timex#oi http://ex.org/variable#189	1
http://ex.org/variable#177 http://www.ibm.com/timex#o http://ex.org/variable#0	1
http://ex.org/variable#177 http://www.ibm.com/timex#o http://ex.org/variable#1	1
http://ex.org/variable#177 http://www.ibm.com/timex#d http://ex.org/variable#2	1
http://ex.org/variable#177 http://www.ibm.com/timex#di http://ex.org/variable#3	1
http://ex.org/variable#177 http://www.ibm.com/timex#o http://ex.org/variable#4	1
http://ex.org/variable#177 http://www.ibm.com/timex#oi http://ex.org/variable#5	1
http://ex.org/variable#177 http://www.ibm.com/timex#o http://ex.org/variable#6	1
http://ex.org/variable#177 http://www.ibm.com/timex#o http://ex.org/variable#7	1
http://ex.org/variable#177 http://www.ibm.com/timex#bi http://ex.org/variable#8	1
http://ex.org/variable#177 http://www.ibm.com/timex#o http://ex.org/variable#9	1
http://ex.org/variable#177 http://www.ibm.com/timex#o http://ex.org/variable#10	1
http://ex.org/variable#177 http://www.ibm.com/timex#d http://ex.org/variable#11	1
http://ex.org/variable#177 http://www.ibm.com/timex#d http://ex.org/variable#12	1
http://ex.org/variable#177 http://www.ibm.com/timex#oi http://ex.org/variable#13	1
http://ex.org/variable#177 http://www.ibm.com/timex#di http://ex.org/variable#14	1
http://ex.org/variable#177 http://www.ibm.com/timex#oi http://ex.org/variable#15	1
http://ex.org/variable#177 http://www.ibm.com/timex#oi http://ex.org/variable#16	1
http://ex.org/variable#177 http://www.ibm.com/timex#di http://ex.org/variable#17	1
http://ex.org/variable#177 http://www.ibm.com/timex#oi http://ex.org/variable#18	1
http://ex.org/variable#177 http://www.ibm.com/timex#oi http://ex.org/variable#19	1
http://ex.org/variable#177 http://www.ibm.com/timex#d http://ex.org/variable#20	1
http://ex.org/variable#177 http://www.ibm.com/timex#o http://ex.org/variable#21	1
http://ex.org/variable#177 http://www.ibm.com/timex#d http://ex.org/variable#22	1
http://ex.org/variable#177 http://www.ibm.com/timex#oi http://ex.org/variable#23	1
http://ex.org/variable#177 http://www.ibm.com/timex#d http://ex.org/variable#24	1
http://ex.org/variable#177 http://www.ibm.com/timex#bi http://ex.org/variable#25	1
http://ex.org/variable#177 http://www.ibm.com/timex#di http://ex.org/variable#26	1
http://ex.org/variable#177 http://www.ibm.com/timex#oi http://ex.org/variable#27	1
http://ex.org/variable#177 http://www.ibm.com/timex#o http://ex.org/variable#28	1
http://ex.org/variable#177 http://www.ibm.com/timex#o http://ex.org/variable#29	1
http://ex.org/variable#177 http://www.ibm.com/timex#di http://ex.org/variable#30	1
http://ex.org/variable#177 http://www.ibm.com/timex#oi http://ex.org/variable#31	1
http://ex.org/variable#177 http://www.ibm.com/timex#oi http://ex.org/variable#32	1
http://ex.org/variable#177 http://www.ibm.com/timex#o http://ex.org/variable#33	1
http://ex.org/variable#177 http://www.ibm.com/timex#oi http://ex.org/variable#34	1
http://ex.org/variable#177 http://www.ibm.com/timex#di http://ex.org/variable#35	1
http://ex.org/variable#177 http://www.ibm.com/timex#oi http://ex.org/variable#36	1
http://ex.org/variable#177 http://www.ibm.com/timex#oi http://ex.org/variable#37	1
http://ex.org/variable#177 http://www.ibm.com/timex#oi http://ex.org/variable#38	1
http://ex.org/variable#177 http://www.ibm.com/timex#di http://ex.org/variable#39	1
http://ex.org/variable#177 http://www.ibm.com/timex#oi http://ex.org/variable#40	1
http://ex.org/variable#177 http://www.ibm.com/timex#d http://ex.org/variable#41	1
http://ex.org/variable#177 http://www.ibm.com/timex#o http://ex.org/variable#42	1
http://ex.org/variable#177 http://www.ibm.com/timex#oi http://ex.org/variable#43	1
http://ex.org/variable#177 http://www.ibm.com/timex#d http://ex.org/variable#44	1
http://ex.org/variable#177 http://www.ibm.com/timex#o http://ex.org/variable#45	1
http://ex.org/variable#177 http://www.ibm.com/timex#oi http://ex.org/variable#46	1
http://ex.org/variable#177 http://www.ibm.com/timex#oi http://ex.org/variable#47	1
http://ex.org/variable#177 http://www.ibm.com/timex#di http://ex.org/variable#48	1
http://ex.org/variable#177 http://www.ibm.com/timex#oi http://ex.org/variable#49	1
http://ex.org/variable#177 http://www.ibm.com/timex#o http://ex.org/variable#50	1
http://ex.org/variable#177 http://www.ibm.com/timex#di http://ex.org/variable#51	1
http://ex.org/variable#177 http://www.ibm.com/timex#oi http://ex.org/variable#52	1
http://ex.org/variable#177 http://www.ibm.com/timex#d http://ex.org/variable#53	1
http://ex.org/variable#177 http://www.ibm.com/timex#oi http://ex.org/variable#54	1
http://ex.org/variable#177 http://www.ibm.com/timex#di http://ex.org/variable#55	1
http://ex.org/variable#177 http://www.ibm.com/timex#oi http://ex.org/variable#56	1
http://ex.org/variable#177 http://www.ibm.com/timex#oi http://ex.org/variable#57	1
http://ex.org/variable#177 http://www.ibm.com/timex#oi http://ex.org/variable#58	1
http://ex.org/variable#177 http://www.ibm.com/timex#d http://ex.org/variable#59	1
http://ex.org/variable#177 http://www.ibm.com/timex#d http://ex.org/variable#60	1
http://ex.org/variable#177 http://www.ibm.com/timex#d http://ex.org/variable#61	1
http://ex.org/variable#177 http://www.ibm.com/timex#o http://ex.org/variable#62	1
http://ex.org/variable#177 http://www.ibm.com/timex#oi http://ex.org/variable#63	1
http://ex.org/variable#177 http://www.ibm.com/timex#d http://ex.org/variable#64	1
http://ex.org/variable#177 http://www.ibm.com/timex#bi http://ex.org/variable#65	1
http://ex.org/variable#177 http://www.ibm.com/timex#oi http://ex.org/variable#66	1
http://ex.org/variable#177 http://www.ibm.com/timex#d http://ex.org/variable#67	1
http://ex.org/variable#177 http://www.ibm.com/timex#o http://ex.org/variable#68	1
http://ex.org/variable#177 http://www.ibm.com/timex#di http://ex.org/variable#69	1
http://ex.org/variable#177 http://www.ibm.com/timex#d http://ex.org/variable#70	1
http://ex.org/variable#177 http://www.ibm.com/timex#oi http://ex.org/variable#71	1
http://ex.org/variable#177 http://www.ibm.com/timex#di http://ex.org/variable#72	1
http://ex.org/variable#177 http://www.ibm.com/timex#oi http://ex.org/variable#73	1
http://ex.org/variable#177 http://www.ibm.com/timex#d http://ex.org/variable#74	1
http://ex.org/variable#177 http://www.ibm.com/timex#oi http://ex.org/variable#75	1
http://ex.org/variable#177 http://www.ibm.com/timex#d http://ex.org/variable#76	1
http://ex.org/variable#177 http://www.ibm.com/timex#d http://ex.org/variable#77	1
http://ex.org/variable#177 http://www.ibm.com/timex#di http://ex.org/variable#78	1
http://ex.org/variable#177 http://www.ibm.com/timex#oi http://ex.org/variable#79	1
http://ex.org/variable#177 http://www.ibm.com/timex#d http://ex.org/variable#80	1
http://ex.org/variable#177 http://www.ibm.com/timex#oi http://ex.org/variable#81	1
http://ex.org/variable#177 http://www.ibm.com/timex#oi http://ex.org/variable#82	1
http://ex.org/variable#177 http://www.ibm.com/timex#d http://ex.org/variable#83	1
http://ex.org/variable#177 http://www.ibm.com/timex#o http://ex.org/variable#84	1
http://ex.org/variable#177 http://www.ibm.com/timex#di_fi http://ex.org/variable#85	1
http://ex.org/variable#177 http://www.ibm.com/timex#d http://ex.org/variable#86	1
http://ex.org/variable#177 http://www.ibm.com/timex#o http://ex.org/variable#87	1
http://ex.org/variable#177 http://www.ibm.com/timex#b http://ex.org/variable#88	1
http://ex.org/variable#177 http://www.ibm.com/timex#o_d_s http://ex.org/variable#89	1
http://ex.org/variable#177 http://www.ibm.com/timex#di http://ex.org/variable#90	1
http://ex.org/variable#177 http://www.ibm.com/timex#d http://ex.org/variable#91	1
http://ex.org/variable#177 http://www.ibm.com/timex#o http://ex.org/variable#92	1
http://ex.org/variable#177 http://www.ibm.com/timex#d http://ex.org/variable#93	1
http://ex.org/variable#177 http://www.ibm.com/timex#oi http://ex.org/variable#94	1
http://ex.org/variable#177 http://www.ibm.com/timex#di http://ex.org/variable#95	1
http://ex.org/variable#177 http://www.ibm.com/timex#bi http://ex.org/variable#96	1
http://ex.org/variable#177 http://www.ibm.com/timex#o http://ex.org/variable#97	1
http://ex.org/variable#177 http://www.ibm.com/timex#o http://ex.org/variable#98	1
http://ex.org/variable#177 http://www.ibm.com/timex#o http://ex.org/variable#99	1
http://ex.org/variable#177 http://www.ibm.com/timex#oi http://ex.org/variable#100	1
http://ex.org/variable#177 http://www.ibm.com/timex#o http://ex.org/variable#101	1
http://ex.org/variable#177 http://www.ibm.com/timex#di http://ex.org/variable#102	1
http://ex.org/variable#177 http://www.ibm.com/timex#oi http://ex.org/variable#103	1
http://ex.org/variable#177 http://www.ibm.com/timex#b http://ex.org/variable#104	1
http://ex.org/variable#177 http://www.ibm.com/timex#d http://ex.org/variable#105	1
http://ex.org/variable#177 http://www.ibm.com/timex#d http://ex.org/variable#106	1
http://ex.org/variable#177 http://www.ibm.com/timex#di http://ex.org/variable#107	1
http://ex.org/variable#177 http://www.ibm.com/timex#di http://ex.org/variable#108	1
http://ex.org/variable#177 http://www.ibm.com/timex#di http://ex.org/variable#109	1
http://ex.org/variable#177 http://www.ibm.com/timex#d http://ex.org/variable#110	1
http://ex.org/variable#177 http://www.ibm.com/timex#oi http://ex.org/variable#111	1
http://ex.org/variable#177 http://www.ibm.com/timex#oi http://ex.org/variable#112	1
http://ex.org/variable#177 http://www.ibm.com/timex#di http://ex.org/variable#113	1
http://ex.org/variable#177 http://www.ibm.com/timex#oi_d_f http://ex.org/variable#114	1
http://ex.org/variable#177 http://www.ibm.com/timex#b http://ex.org/variable#115	1
http://ex.org/variable#177 http://www.ibm.com/timex#di http://ex.org/variable#116	1
http://ex.org/variable#177 http://www.ibm.com/timex#oi http://ex.org/variable#117	1
http://ex.org/variable#177 http://www.ibm.com/timex#oi http://ex.org/variable#118	1
http://ex.org/variable#177 http://www.ibm.com/timex#d http://ex.org/variable#119	1
http://ex.org/variable#177 http://www.ibm.com/timex#oi http://ex.org/variable#120	1
http://ex.org/variable#177 http://www.ibm.com/timex#b http://ex.org/variable#121	1
http://ex.org/variable#177 http://www.ibm.com/timex#oi_d_f http://ex.org/variable#122	1
http://ex.org/variable#177 http://www.ibm.com/timex#o http://ex.org/variable#123	1
http://ex.org/variable#177 http://www.ibm.com/timex#oi http://ex.org/variable#124	1
http://ex.org/variable#177 http://www.ibm.com/timex#oi http://ex.org/variable#125	1
http://ex.org/variable#177 http://www.ibm.com/timex#o http://ex.org/variable#126	1
http://ex.org/variable#177 http://www.ibm.com/timex#o http://ex.org/variable#127	1
http://ex.org/variable#177 http://www.ibm.com/timex#o http://ex.org/variable#128	1
http://ex.org/variable#177 http://www.ibm.com/timex#oi http://ex.org/variable#129	1
http://ex.org/variable#177 http://www.ibm.com/timex#oi http://ex.org/variable#130	1
http://ex.org/variable#177 http://www.ibm.com/timex#o http://ex.org/variable#131	1
http://ex.org/variable#177 http://www.ibm.com/timex#d http://ex.org/variable#132	1
http://ex.org/variable#177 http://www.ibm.com/timex#o http://ex.org/variable#133	1
http://ex.org/variable#177 http://www.ibm.com/timex#oi http://ex.org/variable#134	1
http://ex.org/variable#177 http://www.ibm.com/timex#d http://ex.org/variable#135	1
http://ex.org/variable#177 http://www.ibm.com/timex#d http://ex.org/variable#136	1
http://ex.org/variable#177 http://www.ibm.com/timex#di http://ex.org/variable#137	1
http://ex.org/variable#177 http://www.ibm.com/timex#o http://ex.org/variable#138	1
http://ex.org/variable#177 http://www.ibm.com/timex#oi_si http://ex.org/variable#139	1
http://ex.org/variable#177 http://www.ibm.com/timex#di http://ex.org/variable#140	1
http://ex.org/variable#177 http://www.ibm.com/timex#d http://ex.org/variable#141	1
http://ex.org/variable#177 http://www.ibm.com/timex#oi http://ex.org/variable#142	1
http://ex.org/variable#177 http://www.ibm.com/timex#d http://ex.org/variable#143	1
http://ex.org/variable#177 http://www.ibm.com/timex#o http://ex.org/variable#144	1
http://ex.org/variable#177 http://www.ibm.com/timex#o http://ex.org/variable#145	1
http://ex.org/variable#177 http://www.ibm.com/timex#o http://ex.org/variable#146	1
http://ex.org/variable#177 http://www.ibm.com/timex#oi http://ex.org/variable#147	1
http://ex.org/variable#177 http://www.ibm.com/timex#o_di_fi http://ex.org/variable#148	1
http://ex.org/variable#177 http://www.ibm.com/timex#oi http://ex.org/variable#149	1
http://ex.org/variable#177 http://www.ibm.com/timex#o http://ex.org/variable#150	1
http://ex.org/variable#177 http://www.ibm.com/timex#o http://ex.org/variable#151	1
http://ex.org/variable#177 http://www.ibm.com/timex#bi http://ex.org/variable#152	1
http://ex.org/variable#177 http://www.ibm.com/timex#d http://ex.org/variable#153	1
http://ex.org/variable#177 http://www.ibm.com/timex#di http://ex.org/variable#154	1
http://ex.org/variable#177 http://www.ibm.com/timex#oi http://ex.org/variable#155	1
http://ex.org/variable#177 http://www.ibm.com/timex#d http://ex.org/variable#156	1
http://ex.org/variable#177 http://www.ibm.com/timex#bi http://ex.org/variable#157	1
http://ex.org/variable#177 http://www.ibm.com/timex#oi http://ex.org/variable#158	1
http://ex.org/variable#177 http://www.ibm.com/timex#o http://ex.org/variable#159	1
http://ex.org/variable#177 http://www.ibm.com/timex#o http://ex.org/variable#160	1
http://ex.org/variable#177 http://www.ibm.com/timex#di http://ex.org/variable#161	1
http://ex.org/variable#177 http://www.ibm.com/timex#oi http://ex.org/variable#162	1
http://ex.org/variable#177 http://www.ibm.com/timex#o http://ex.org/variable#163	1
http://ex.org/variable#177 http://www.ibm.com/timex#o http://ex.org/variable#164	1
http://ex.org/variable#177 http://www.ibm.com/timex#di http://ex.org/variable#165	1
http://ex.org/variable#177 http://www.ibm.com/timex#oi http://ex.org/variable#166	1
http://ex.org/variable#177 http://www.ibm.com/timex#oi http://ex.org/variable#167	1
http://ex.org/variable#177 http://www.ibm.com/timex#o http://ex.org/variable#168	1
http://ex.org/variable#177 http://www.ibm.com/timex#d http://ex.org/variable#169	1
http://ex.org/variable#177 http://www.ibm.com/timex#o http://ex.org/variable#170	1
http://ex.org/variable#177 http://www.ibm.com/timex#oi http://ex.org/variable#171	1
http://ex.org/variable#177 http://www.ibm.com/timex#bi http://ex.org/variable#172	1
http://ex.org/variable#177 http://www.ibm.com/timex#di http://ex.org/variable#173	1
http://ex.org/variable#177 http://www.ibm.com/timex#o http://ex.org/variable#174	1
http://ex.org/variable#177 http://www.ibm.com/timex#oi http://ex.org/variable#175	1
http://ex.org/variable#177 http://www.ibm.com/timex#o http://ex.org/variable#176	1
http://ex.org/variable#177 http://www.ibm.com/timex#o http://ex.org/variable#178	1
http://ex.org/variable#177 http://www.ibm.com/timex#o http://ex.org/variable#179	1
http://ex.org/variable#177 http://www.ibm.com/timex#bi http://ex.org/variable#180	1
http://ex.org/variable#177 http://www.ibm.com/timex#oi http://ex.org/variable#181	1
http://ex.org/variable#177 http://www.ibm.com/timex#di http://ex.org/variable#182	1
http://ex.org/variable#177 http://www.ibm.com/timex#o http://ex.org/variable#183	1
http://ex.org/variable#177 http://www.ibm.com/timex#oi http://ex.org/variable#184	1
http://ex.org/variable#177 http://www.ibm.com/timex#o http://ex.org/variable#185	1
http://ex.org/variable#177 http://www.ibm.com/timex#o http://ex.org/variable#186	1
http://ex.org/variable#177 http://www.ibm.com/timex#d http://ex.org/variable#187	1
http://ex.org/variable#177 http://www.ibm.com/timex#di http://ex.org/variable#188	1
http://ex.org/variable#177 http://www.ibm.com/timex#di http://ex.org/variable#189	1
http://ex.org/variable#178 http://www.ibm.com/timex#di http://ex.org/variable#0	1
http://ex.org/variable#178 http://www.ibm.com/timex#di http://ex.org/variable#1	1
http://ex.org/variable#178 http://www.ibm.com/timex#oi http://ex.org/variable#2	1
http://ex.org/variable#178 http://www.ibm.com/timex#di http://ex.org/variable#3	1
http://ex.org/variable#178 http://www.ibm.com/timex#di http://ex.org/variable#4	1
http://ex.org/variable#178 http://www.ibm.com/timex#oi http://ex.org/variable#5	1
http://ex.org/variable#178 http://www.ibm.com/timex#di http://ex.org/variable#6	1
http://ex.org/variable#178 http://www.ibm.com/timex#di http://ex.org/variable#7	1
http://ex.org/variable#178 http://www.ibm.com/timex#bi http://ex.org/variable#8	1
http://ex.org/variable#178 http://www.ibm.com/timex#o_di_fi http://ex.org/variable#9	1
http://ex.org/variable#178 http://www.ibm.com/timex#di http://ex.org/variable#10	1
http://ex.org/variable#178 http://www.ibm.com/timex#oi http://ex.org/variable#11	1
http://ex.org/variable#178 http://www.ibm.com/timex#oi http://ex.org/variable#12	1
http://ex.org/variable#178 http://www.ibm.com/timex#oi http://ex.org/variable#13	1
http://ex.org/variable#178 http://www.ibm.com/timex#di http://ex.org/variable#14	1
http://ex.org/variable#178 http://www.ibm.com/timex#oi http://ex.org/variable#15	1
http://ex.org/variable#178 http://www.ibm.com/timex#oi http://ex.org/variable#16	1
http://ex.org/variable#178 http://www.ibm.com/timex#di http://ex.org/variable#17	1
http://ex.org/variable#178 http://www.ibm.com/timex#oi http://ex.org/variable#18	1
http://ex.org/variable#178 http://www.ibm.com/timex#oi http://ex.org/variable#19	1
http://ex.org/variable#178 http://www.ibm.com/timex#oi_d_f http://ex.org/variable#20	1
http://ex.org/variable#178 http://www.ibm.com/timex#di http://ex.org/variable#21	1
http://ex.org/variable#178 http://www.ibm.com/timex#oi http://ex.org/variable#22	1
http://ex.org/variable#178 http://www.ibm.com/timex#oi http://ex.org/variable#23	1
http://ex.org/variable#178 http://www.ibm.com/timex#oi http://ex.org/variable#24	1
http://ex.org/variable#178 http://www.ibm.com/timex#bi http://ex.org/variable#25	1
http://ex.org/variable#178 http://www.ibm.com/timex#di http://ex.org/variable#26	1
http://ex.org/variable#178 http://www.ibm.com/timex#oi http://ex.org/variable#27	1
http://ex.org/variable#178 http://www.ibm.com/timex#di http://ex.org/variable#28	1
http://ex.org/variable#178 http://www.ibm.com/timex#di http://ex.org/variable#29	1
http://ex.org/variable#178 http://www.ibm.com/timex#di http://ex.org/variable#30	1
http://ex.org/variable#178 http://www.ibm.com/timex#oi http://ex.org/variable#31	1
http://ex.org/variable#178 http://www.ibm.com/timex#oi http://ex.org/variable#32	1
http://ex.org/variable#178 http://www.ibm.com/timex#o_di_fi http://ex.org/variable#33	1
http://ex.org/variable#178 http://www.ibm.com/timex#oi http://ex.org/variable#34	1
http://ex.org/variable#178 http://www.ibm.com/timex#di http://ex.org/variable#35	1
http://ex.org/variable#178 http://www.ibm.com/timex#oi http://ex.org/variable#36	1
http://ex.org/variable#178 http://www.ibm.com/timex#oi http://ex.org/variable#37	1
http://ex.org/variable#178 http://www.ibm.com/timex#oi http://ex.org/variable#38	1
http://ex.org/variable#178 http://www.ibm.com/timex#di http://ex.org/variable#39	1
http://ex.org/variable#178 http://www.ibm.com/timex#oi http://ex.org/variable#40	1
http://ex.org/variable#178 http://www.ibm.com/timex#oi http://ex.org/variable#41	1
http://ex.org/variable#178 http://www.ibm.com/timex#si http://ex.org/variable#42	1
http://ex.org/variable#178 http://www.ibm.com/timex#oi http://ex.org/variable#43	1
http://ex.org/variable#178 http://www.ibm.com/timex#oi http://ex.org/variable#44	1
http://ex.org/variable#178 http://www.ibm.com/timex#o_di_fi http://ex.org/variable#45	1
http://ex.org/variable#178 http://www.ibm.com/timex#oi http://ex.org/variable#46	1
http://ex.org/variable#178 http://www.ibm.com/timex#oi http://ex.org/variable#47	1
http://ex.org/variable#178 http://www.ibm.com/timex#di http://ex.org/variable#48	1
http://ex.org/variable#178 http://www.ibm.com/timex#oi http://ex.org/variable#49	1
http://ex.org/variable#178 http://www.ibm.com/timex#di http://ex.org/variable#50	1
http://ex.org/variable#178 http://www.ibm.com/timex#di http://ex.org/variable#51	1
http://ex.org/variable#178 http://www.ibm.com/timex#oi http://ex.org/variable#52	1
http://ex.org/variable#178 http://www.ibm.com/timex#oi http://ex.org/variable#53	1
http://ex.org/variable#178 http://www.ibm.com/timex#oi http://ex.org/variable#54	1
http://ex.org/variable#178 http://www.ibm.com/timex#di http://ex.org/variable#55	1
http://ex.org/variable#178 http://www.ibm.com/timex#oi http://ex.org/variable#56	1
http://ex.org/variable#178 http://www.ibm.com/timex#oi http://ex.org/variable#57	1
http://ex.org/variable#178 http://www.ibm.com/timex#oi http://ex.org/variable#58	1
http://ex.org/variable#178 http://www.ibm.com/timex#oi_d_f http://ex.org/variable#59	1
http://ex.org/variable#178 http://www.ibm.com/timex#oi http://ex.org/variable#60	1
http://ex.org/variable#178 http://www.ibm.com/timex#oi http://ex.org/variable#61	1
http://ex.org/variable#178 http://www.ibm.com/timex#di http://ex.org/variable#62	1
http://ex.org/variable#178 http://www.ibm.com/timex#oi http://ex.org/variable#63	1
http://ex.org/variable#178 http://www.ibm.com/timex#oi http://ex.org/variable#64	1
http://ex.org/variable#178 http://www.ibm.com/timex#bi http://ex.org/variable#65	1
http://ex.org/variable#178 http://www.ibm.com/timex#oi http://ex.org/variable#66	1
http://ex.org/variable#178 http://www.ibm.com/timex#oi http://ex.org/variable#67	1
http://ex.org/variable#178 http://www.ibm.com/timex#si http://ex.org/variable#68	1
http://ex.org/variable#178 http://www.ibm.com/timex#si http://ex.org/variable#69	1
http://ex.org/variable#178 http://www.ibm.com/timex#d http://ex.org/variable#70	1
http://ex.org/variable#178 http://www.ibm.com/timex#oi http://ex.org/variable#71	1
http://ex.org/variable#178 http://www.ibm.com/timex#di http://ex.org/variable#72	1
http://ex.org/variable#178 http://www.ibm.com/timex#oi http://ex.org/variable#73	1
http://ex.org/variable#178 http://www.ibm.com/timex#oi http://ex.org/variable#74	1
http://ex.org/variable#178 http://www.ibm.com/timex#oi http://ex.org/variable#75	1
http://ex.org/variable#178 http://www.ibm.com/timex#oi http://ex.org/variable#76	1
http://ex.org/variable#178 http://www.ibm.com/timex#oi_f http://ex.org/variable#77	1
http://ex.org/variable#178 http://www.ibm.com/timex#di http://ex.org/variable#78	1
http://ex.org/variable#178 http://www.ibm.com/timex#oi http://ex.org/variable#79	1
http://ex.org/variable#178 http://www.ibm.com/timex#oi http://ex.org/variable#80	1
http://ex.org/variable#178 http://www.ibm.com/timex#oi http://ex.org/variable#81	1
http://ex.org/variable#178 http://www.ibm.com/timex#oi http://ex.org/variable#82	1
http://ex.org/variable#178 http://www.ibm.com/timex#oi http://ex.org/variable#83	1
http://ex.org/variable#178 http://www.ibm.com/timex#di http://ex.org/variable#84	1
http://ex.org/variable#178 http://www.ibm.com/timex#di http://ex.org/variable#85	1
http://ex.org/variable#178 http://www.ibm.com/timex#oi http://ex.org/variable#86	1
http://ex.org/variable#178 http://www.ibm.com/timex#di http://ex.org/variable#87	1
http://ex.org/variable#178 http://www.ibm.com/timex#di http://ex.org/variable#88	1
http://ex.org/variable#178 http://www.ibm.com/timex#oi http://ex.org/variable#89	1
http://ex.org/variable#178 http://www.ibm.com/timex#di http://ex.org/variable#90	1
http://ex.org/variable#178 http://www.ibm.com/timex#oi http://ex.org/variable#91	1
http://ex.org/variable#178 http://www.ibm.com/timex#di http://ex.org/variable#92	1
http://ex.org/variable#178 http://www.ibm.com/timex#oi http://ex.org/variable#93	1
http://ex.org/variable#178 http://www.ibm.com/timex#oi http://ex.org/variable#94	1
http://ex.org/variable#178 http://www.ibm.com/timex#di http://ex.org/variable#95	1
http://ex.org/variable#178 http://www.ibm.com/timex#bi http://ex.org/variable#96	1
http://ex.org/variable#178 http://www.ibm.com/timex#di http://ex.org/variable#97	1
http://ex.org/variable#178 http://www.ibm.com/timex#di http://ex.org/variable#98	1
http://ex.org/variable#178 http://www.ibm.com/timex#di http://ex.org/variable#99	1
http://ex.org/variable#178 http://www.ibm.com/timex#oi http://ex.org/variable#100	1
http://ex.org/variable#178 http://www.ibm.com/timex#di http://ex.org/variable#101	1
http://ex.org/variable#178 http://www.ibm.com/timex#di http://ex.org/variable#102	1
http://ex.org/variable#178 http://www.ibm.com/timex#oi http://ex.org/variable#103	1
http://ex.org/variable#178 http://www.ibm.com/timex#di http://ex.org/variable#104	1
http://ex.org/variable#178 http://www.ibm.com/timex#oi http://ex.org/variable#105	1
http://ex.org/variable#178 http://www.ibm.com/timex#oi http://ex.org/variable#106	1
http://ex.org/variable#178 http://www.ibm.com/timex#di http://ex.org/variable#107	1
http://ex.org/variable#178 http://www.ibm.com/timex#di http://ex.org/variable#108	1
http://ex.org/variable#178 http://www.ibm.com/timex#di http://ex.org/variable#109	1
http://ex.org/variable#178 http://www.ibm.com/timex#oi http://ex.org/variable#110	1
http://ex.org/variable#178 http://www.ibm.com/timex#oi http://ex.org/variable#111	1
http://ex.org/variable#178 http://www.ibm.com/timex#oi http://ex.org/variable#112	1
http://ex.org/variable#178 http://www.ibm.com/timex#di http://ex.org/variable#113	1
http://ex.org/variable#178 http://www.ibm.com/timex#oi http://ex.org/variable#114	1
http://ex.org/variable#178 http://www.ibm.com/timex#di http://ex.org/variable#115	1
http://ex.org/variable#178 http://www.ibm.com/timex#di http://ex.org/variable#116	1
http://ex.org/variable#178 http://www.ibm.com/timex#oi http://ex.org/variable#117	1
http://ex.org/variable#178 http://www.ibm.com/timex#oi http://ex.org/variable#118	1
http://ex.org/variable#178 http://www.ibm.com/timex#oi http://ex.org/variable#119	1
http://ex.org/variable#178 http://www.ibm.com/timex#oi http://ex.org/variable#120	1
http://ex.org/variable#178 http://www.ibm.com/timex#di http://ex.org/variable#121	1
http://ex.org/variable#178 http://www.ibm.com/timex#oi http://ex.org/variable#122	1
http://ex.org/variable#178 http://www.ibm.com/timex#di http://ex.org/variable#123	1
http://ex.org/variable#178 http://www.ibm.com/timex#oi http://ex.org/variable#124	1
http://ex.org/variable#178 http://www.ibm.com/timex#oi http://ex.org/variable#125	1
http://ex.org/variable#178 http://www.ibm.com/timex#di http://ex.org/variable#126	1
http://ex.org/variable#178 http://www.ibm.com/timex#di http://ex.org/variable#127	1
http://ex.org/variable#178 http://www.ibm.com/timex#di http://ex.org/variable#128	1
http://ex.org/variable#178 http://www.ibm.com/timex#oi http://ex.org/variable#129	1
http://ex.org/variable#178 http://www.ibm.com/timex#oi http://ex.org/variable#130	1
http://ex.org/variable#178 http://www.ibm.com/timex#di http://ex.org/variable#131	1
http://ex.org/variable#178 http://www.ibm.com/timex#oi http://ex.org/variable#132	1
http://ex.org/variable#178 http://www.ibm.com/timex#o_di_fi http://ex.org/variable#133	1
http://ex.org/variable#178 http://www.ibm.com/timex#oi http://ex.org/variable#134	1
http://ex.org/variable#178 http://www.ibm.com/timex#oi http://ex.org/variable#135	1
http://ex.org/variable#178 http://www.ibm.com/timex#oi http://ex.org/variable#136	1
http://ex.org/variable#178 http://www.ibm.com/timex#di http://ex.org/variable#137	1
http://ex.org/variable#178 http://www.ibm.com/timex#di http://ex.org/variable#138	1
http://ex.org/variable#178 http://www.ibm.com/timex#oi http://ex.org/variable#139	1
http://ex.org/variable#178 http://www.ibm.com/timex#di http://ex.org/variable#140	1
http://ex.org/variable#178 http://www.ibm.com/timex#oi http://ex.org/variable#141	1
http://ex.org/variable#178 http://www.ibm.com/timex#oi http://ex.org/variable#142	1
http://ex.org/variable#178 http://www.ibm.com/timex#oi http://ex.org/variable#143	1
http://ex.org/variable#178 http://www.ibm.com/timex#di http://ex.org/variable#144	1
http://ex.org/variable#178 http://www.ibm.com/timex#di http://ex.org/variable#145	1
http://ex.org/variable#178 http://www.ibm.com/timex#di http://ex.org/variable#146	1
http://ex.org/variable#178 http://www.ibm.com/timex#oi http://ex.org/variable#147	1
http://ex.org/variable#178 http://www.ibm.com/timex#di http://ex.org/variable#148	1
http://ex.org/variable#178 http://www.ibm.com/timex#oi http://ex.org/variable#149	1
http://ex.org/variable#178 http://www.ibm.com/timex#o_di_fi http://ex.org/variable#150	1
http://ex.org/variable#178 http://www.ibm.com/timex#si http://ex.org/variable#151	1
http://ex.org/variable#178 http://www.ibm.com/timex#bi http://ex.org/variable#152	1
http://ex.org/variable#178 http://www.ibm.com/timex#oi http://ex.org/variable#153	1
http://ex.org/variable#178 http://www.ibm.com/timex#di http://ex.org/variable#154	1
http://ex.org/variable#178 http://www.ibm.com/timex#oi http://ex.org/variable#155	1
http://ex.org/variable#178 http://www.ibm.com/timex#oi http://ex.org/variable#156	1
http://ex.org/variable#178 http://www.ibm.com/timex#bi http://ex.org/variable#157	1
http://ex.org/variable#178 http://www.ibm.com/timex#oi http://ex.org/variable#158	1
http://ex.org/variable#178 http://www.ibm.com/timex#di http://ex.org/variable#159	1
http://ex.org/variable#178 http://www.ibm.com/timex#si http://ex.org/variable#160	1
http://ex.org/variable#178 http://www.ibm.com/timex#di http://ex.org/variable#161	1
http://ex.org/variable#178 http://www.ibm.com/timex#oi http://ex.org/variable#162	1
http://ex.org/variable#178 http://www.ibm.com/timex#di http://ex.org/variable#163	1
http://ex.org/variable#178 http://www.ibm.com/timex#di http://ex.org/variable#164	1
http://ex.org/variable#178 http://www.ibm.com/timex#di http://ex.org/variable#165	1
http://ex.org/variable#178 http://www.ibm.com/timex#oi http://ex.org/variable#166	1
http://ex.org/variable#178 http://www.ibm.com/timex#oi http://ex.org/variable#167	1
http://ex.org/variable#178 http://www.ibm.com/timex#di http://ex.org/variable#168	1
http://ex.org/variable#178 http://www.ibm.com/timex#oi http://ex.org/variable#169	1
http://ex.org/variable#178 http://www.ibm.com/timex#di http://ex.org/variable#170	1
http://ex.org/variable#178 http://www.ibm.com/timex#oi http://ex.org/variable#171	1
http://ex.org/variable#178 http://www.ibm.com/timex#bi http://ex.org/variable#172	1
http://ex.org/variable#178 http://www.ibm.com/timex#di http://ex.org/variable#173	1
http://ex.org/variable#178 http://www.ibm.com/timex#di http://ex.org/variable#174	1
http://ex.org/variable#178 http://www.ibm.com/timex#oi http://ex.org/variable#175	1
http://ex.org/variable#178 http://www.ibm.com/timex#di http://ex.org/variable#176	1
http://ex.org/variable#178 http://www.ibm.com/timex#oi http://ex.org/variable#177	1
http://ex.org/variable#178 http://www.ibm.com/timex#di http://ex.org/variable#179	1
http://ex.org/variable#178 http://www.ibm.com/timex#bi http://ex.org/variable#180	1
http://ex.org/variable#178 http://www.ibm.com/timex#oi http://ex.org/variable#181	1
http://ex.org/variable#178 http://www.ibm.com/timex#di http://ex.org/variable#182	1
http://ex.org/variable#178 http://www.ibm.com/timex#di http://ex.org/variable#183	1
http://ex.org/variable#178 http://www.ibm.com/timex#oi http://ex.org/variable#184	1
http://ex.org/variable#178 http://www.ibm.com/timex#di http://ex.org/variable#185	1
http://ex.org/variable#178 http://www.ibm.com/timex#di http://ex.org/variable#186	1
http://ex.org/variable#178 http://www.ibm.com/timex#oi http://ex.org/variable#187	1
http://ex.org/variable#178 http://www.ibm.com/timex#di http://ex.org/variable#188	1
http://ex.org/variable#178 http://www.ibm.com/timex#di http://ex.org/variable#189	1
http://ex.org/variable#179 http://www.ibm.com/timex#d http://ex.org/variable#0	1
http://ex.org/variable#179 http://www.ibm.com/timex#o http://ex.org/variable#1	1
http://ex.org/variable#179 http://www.ibm.com/timex#d http://ex.org/variable#2	1
http://ex.org/variable#179 http://www.ibm.com/timex#di http://ex.org/variable#3	1
http://ex.org/variable#179 http://www.ibm.com/timex#d http://ex.org/variable#4	1
http://ex.org/variable#179 http://www.ibm.com/timex#oi http://ex.org/variable#5	1
http://ex.org/variable#179 http://www.ibm.com/timex#di http://ex.org/variable#6	1
http://ex.org/variable#179 http://www.ibm.com/timex#d http://ex.org/variable#7	1
http://ex.org/variable#179 http://www.ibm.com/timex#bi http://ex.org/variable#8	1
http://ex.org/variable#179 http://www.ibm.com/timex#o http://ex.org/variable#9	1
http://ex.org/variable#179 http://www.ibm.com/timex#oi http://ex.org/variable#10	1
http://ex.org/variable#179 http://www.ibm.com/timex#oi_d_f http://ex.org/variable#11	1
http://ex.org/variable#179 http://www.ibm.com/timex#d http://ex.org/variable#12	1
http://ex.org/variable#179 http://www.ibm.com/timex#oi http://ex.org/variable#13	1
http://ex.org/variable#179 http://www.ibm.com/timex#di http://ex.org/variable#14	1
http://ex.org/variable#179 http://www.ibm.com/timex#oi http://ex.org/variable#15	1
http://ex.org/variable#179 http://www.ibm.com/timex#oi http://ex.org/variable#16	1
http://ex.org/variable#179 http://www.ibm.com/timex#di http://ex.org/variable#17	1
http://ex.org/variable#179 http://www.ibm.com/timex#oi http://ex.org/variable#18	1
http://ex.org/variable#179 http://www.ibm.com/timex#oi http://ex.org/variable#19	1
http://ex.org/variable#179 http://www.ibm.com/timex#d http://ex.org/variable#20	1
http://ex.org/variable#179 http://www.ibm.com/timex#di http://ex.org/variable#21	1
http://ex.org/variable#179 http://www.ibm.com/timex#d http://ex.org/variable#22	1
http://ex.org/variable#179 http://www.ibm.com/timex#oi http://ex.org/variable#23	1
http://ex.org/variable#179 http://www.ibm.com/timex#d http://ex.org/variable#24	1
http://ex.org/variable#179 http://www.ibm.com/timex#bi http://ex.org/variable#25	1
http://ex.org/variable#179 http://www.ibm.com/timex#di http://ex.org/variable#26	1
http://ex.org/variable#179 http://www.ibm.com/timex#oi http://ex.org/variable#27	1
http://ex.org/variable#179 http://www.ibm.com/timex#di http://ex.org/variable#28	1
http://ex.org/variable#179 http://www.ibm.com/timex#oi http://ex.org/variable#29	1
http://ex.org/variable#179 http://www.ibm.com/timex#di http://ex.org/variable#30	1
http://ex.org/variable#179 http://www.ibm.com/timex#oi http://ex.org/variable#31	1
http://ex.org/variable#179 http://www.ibm.com/timex#mi_oi http://ex.org/variable#32	1
http://ex.org/variable#179 http://www.ibm.com/timex#o http://ex.org/variable#33	1
http://ex.org/variable#179 http://www.ibm.com/timex#oi http://ex.org/variable#34	1
http://ex.org/variable#179 http://www.ibm.com/timex#oi_di_si http://ex.org/variable#35	1
http://ex.org/variable#179 http://www.ibm.com/timex#oi http://ex.org/variable#36	1
http://ex.org/variable#179 http://www.ibm.com/timex#oi http://ex.org/variable#37	1
http://ex.org/variable#179 http://www.ibm.com/timex#oi http://ex.org/variable#38	1
http://ex.org/variable#179 http://www.ibm.com/timex#di http://ex.org/variable#39	1
http://ex.org/variable#179 http://www.ibm.com/timex#oi http://ex.org/variable#40	1
http://ex.org/variable#179 http://www.ibm.com/timex#oi http://ex.org/variable#41	1
http://ex.org/variable#179 http://www.ibm.com/timex#d http://ex.org/variable#42	1
http://ex.org/variable#179 http://www.ibm.com/timex#oi http://ex.org/variable#43	1
http://ex.org/variable#179 http://www.ibm.com/timex#oi http://ex.org/variable#44	1
http://ex.org/variable#179 http://www.ibm.com/timex#o_d_s http://ex.org/variable#45	1
http://ex.org/variable#179 http://www.ibm.com/timex#oi http://ex.org/variable#46	1
http://ex.org/variable#179 http://www.ibm.com/timex#oi http://ex.org/variable#47	1
http://ex.org/variable#179 http://www.ibm.com/timex#di http://ex.org/variable#48	1
http://ex.org/variable#179 http://www.ibm.com/timex#oi http://ex.org/variable#49	1
http://ex.org/variable#179 http://www.ibm.com/timex#d http://ex.org/variable#50	1
http://ex.org/variable#179 http://www.ibm.com/timex#di http://ex.org/variable#51	1
http://ex.org/variable#179 http://www.ibm.com/timex#oi http://ex.org/variable#52	1
http://ex.org/variable#179 http://www.ibm.com/timex#oi http://ex.org/variable#53	1
http://ex.org/variable#179 http://www.ibm.com/timex#oi http://ex.org/variable#54	1
http://ex.org/variable#179 http://www.ibm.com/timex#oi http://ex.org/variable#55	1
http://ex.org/variable#179 http://www.ibm.com/timex#oi http://ex.org/variable#56	1
http://ex.org/variable#179 http://www.ibm.com/timex#oi http://ex.org/variable#57	1
http://ex.org/variable#179 http://www.ibm.com/timex#oi http://ex.org/variable#58	1
http://ex.org/variable#179 http://www.ibm.com/timex#d http://ex.org/variable#59	1
http://ex.org/variable#179 http://www.ibm.com/timex#d http://ex.org/variable#60	1
http://ex.org/variable#179 http://www.ibm.com/timex#d http://ex.org/variable#61	1
http://ex.org/variable#179 http://www.ibm.com/timex#d http://ex.org/variable#62	1
http://ex.org/variable#179 http://www.ibm.com/timex#oi http://ex.org/variable#63	1
http://ex.org/variable#179 http://www.ibm.com/timex#oi_d_f http://ex.org/variable#64	1
http://ex.org/variable#179 http://www.ibm.com/timex#bi http://ex.org/variable#65	1
http://ex.org/variable#179 http://www.ibm.com/timex#mi_oi http://ex.org/variable#66	1
http://ex.org/variable#179 http://www.ibm.com/timex#d http://ex.org/variable#67	1
http://ex.org/variable#179 http://www.ibm.com/timex#d http://ex.org/variable#68	1
http://ex.org/variable#179 http://www.ibm.com/timex#oi http://ex.org/variable#69	1
http://ex.org/variable#179 http://www.ibm.com/timex#d http://ex.org/variable#70	1
http://ex.org/variable#179 http://www.ibm.com/timex#oi http://ex.org/variable#71	1
http://ex.org/variable#179 http://www.ibm.com/timex#oi http://ex.org/variable#72	1
http://ex.org/variable#179 http://www.ibm.com/timex#oi http://ex.org/variable#73	1
http://ex.org/variable#179 http://www.ibm.com/timex#d http://ex.org/variable#74	1
http://ex.org/variable#179 http://www.ibm.com/timex#oi http://ex.org/variable#75	1
http://ex.org/variable#179 http://www.ibm.com/timex#oi http://ex.org/variable#76	1
http://ex.org/variable#179 http://www.ibm.com/timex#d http://ex.org/variable#77	1
http://ex.org/variable#179 http://www.ibm.com/timex#oi http://ex.org/variable#78	1
http://ex.org/variable#179 http://www.ibm.com/timex#oi http://ex.org/variable#79	1
http://ex.org/variable#179 http://www.ibm.com/timex#d http://ex.org/variable#80	1
http://ex.org/variable#179 http://www.ibm.com/timex#oi http://ex.org/variable#81	1
http://ex.org/variable#179 http://www.ibm.com/timex#oi http://ex.org/variable#82	1
http://ex.org/variable#179 http://www.ibm.com/timex#f http://ex.org/variable#83	1
http://ex.org/variable#179 http://www.ibm.com/timex#di http://ex.org/variable#84	1
http://ex.org/variable#179 http://www.ibm.com/timex#di http://ex.org/variable#85	1
http://ex.org/variable#179 http://www.ibm.com/timex#d http://ex.org/variable#86	1
http://ex.org/variable#179 http://www.ibm.com/timex#o http://ex.org/variable#87	1
http://ex.org/variable#179 http://www.ibm.com/timex#di http://ex.org/variable#88	1
http://ex.org/variable#179 http://www.ibm.com/timex#d http://ex.org/variable#89	1
http://ex.org/variable#179 http://www.ibm.com/timex#oi http://ex.org/variable#90	1
http://ex.org/variable#179 http://www.ibm.com/timex#d http://ex.org/variable#91	1
http://ex.org/variable#179 http://www.ibm.com/timex#o http://ex.org/variable#92	1
http://ex.org/variable#179 http://www.ibm.com/timex#oi http://ex.org/variable#93	1
http://ex.org/variable#179 http://www.ibm.com/timex#oi http://ex.org/variable#94	1
http://ex.org/variable#179 http://www.ibm.com/timex#di http://ex.org/variable#95	1
http://ex.org/variable#179 http://www.ibm.com/timex#bi http://ex.org/variable#96	1
http://ex.org/variable#179 http://www.ibm.com/timex#oi http://ex.org/variable#97	1
http://ex.org/variable#179 http://www.ibm.com/timex#o http://ex.org/variable#98	1
http://ex.org/variable#179 http://www.ibm.com/timex#di http://ex.org/variable#99	1
http://ex.org/variable#179 http://www.ibm.com/timex#bi http://ex.org/variable#100	1
http://ex.org/variable#179 http://www.ibm.com/timex#d http://ex.org/variable#101	1
http://ex.org/variable#179 http://www.ibm.com/timex#di http://ex.org/variable#102	1
http://ex.org/variable#179 http://www.ibm.com/timex#oi http://ex.org/variable#103	1
http://ex.org/variable#179 http://www.ibm.com/timex#o_di http://ex.org/variable#104	1
http://ex.org/variable#179 http://www.ibm.com/timex#oi http://ex.org/variable#105	1
http://ex.org/variable#179 http://www.ibm.com/timex#d http://ex.org/variable#106	1
http://ex.org/variable#179 http://www.ibm.com/timex#oi http://ex.org/variable#107	1
http://ex.org/variable#179 http://www.ibm.com/timex#oi_di_si http://ex.org/variable#108	1
http://ex.org/variable#179 http://www.ibm.com/timex#di http://ex.org/variable#109	1
http://ex.org/variable#179 http://www.ibm.com/timex#oi_d http://ex.org/variable#110	1
http://ex.org/variable#179 http://www.ibm.com/timex#oi http://ex.org/variable#111	1
http://ex.org/variable#179 http://www.ibm.com/timex#oi http://ex.org/variable#112	1
http://ex.org/variable#179 http://www.ibm.com/timex#di http://ex.org/variable#113	1
http://ex.org/variable#179 http://www.ibm.com/timex#oi http://ex.org/variable#114	1
http://ex.org/variable#179 http://www.ibm.com/timex#di http://ex.org/variable#115	1
http://ex.org/variable#179 http://www.ibm.com/timex#di http://ex.org/variable#116	1
http://ex.org/variable#179 http://www.ibm.com/timex#oi http://ex.org/variable#117	1
http://ex.org/variable#179 http://www.ibm.com/timex#oi http://ex.org/variable#118	1
http://ex.org/variable#179 http://www.ibm.com/timex#f http://ex.org/variable#119	1
http://ex.org/variable#179 http://www.ibm.com/timex#oi http://ex.org/variable#120	1
http://ex.org/variable#179 http://www.ibm.com/timex#di http://ex.org/variable#121	1
http://ex.org/variable#179 http://www.ibm.com/timex#oi http://ex.org/variable#122	1
http://ex.org/variable#179 http://www.ibm.com/timex#d http://ex.org/variable#123	1
http://ex.org/variable#179 http://www.ibm.com/timex#oi http://ex.org/variable#124	1
http://ex.org/variable#179 http://www.ibm.com/timex#oi http://ex.org/variable#125	1
http://ex.org/variable#179 http://www.ibm.com/timex#di http://ex.org/variable#126	1
http://ex.org/variable#179 http://www.ibm.com/timex#di http://ex.org/variable#127	1
http://ex.org/variable#179 http://www.ibm.com/timex#d http://ex.org/variable#128	1
http://ex.org/variable#179 http://www.ibm.com/timex#oi http://ex.org/variable#129	1
http://ex.org/variable#179 http://www.ibm.com/timex#oi http://ex.org/variable#130	1
http://ex.org/variable#179 http://www.ibm.com/timex#o http://ex.org/variable#131	1
http://ex.org/variable#179 http://www.ibm.com/timex#oi_f http://ex.org/variable#132	1
http://ex.org/variable#179 http://www.ibm.com/timex#o_d_s http://ex.org/variable#133	1
http://ex.org/variable#179 http://www.ibm.com/timex#oi http://ex.org/variable#134	1
http://ex.org/variable#179 http://www.ibm.com/timex#d http://ex.org/variable#135	1
http://ex.org/variable#179 http://www.ibm.com/timex#d http://ex.org/variable#136	1
http://ex.org/variable#179 http://www.ibm.com/timex#oi http://ex.org/variable#137	1
http://ex.org/variable#179 http://www.ibm.com/timex#o http://ex.org/variable#138	1
http://ex.org/variable#179 http://www.ibm.com/timex#oi http://ex.org/variable#139	1
http://ex.org/variable#179 http://www.ibm.com/timex#oi http://ex.org/variable#140	1
http://ex.org/variable#179 http://www.ibm.com/timex#d http://ex.org/variable#141	1
http://ex.org/variable#179 http://www.ibm.com/timex#oi http://ex.org/variable#142	1
http://ex.org/variable#179 http://www.ibm.com/timex#d http://ex.org/variable#143	1
http://ex.org/variable#179 http://www.ibm.com/timex#d http://ex.org/variable#144	1
http://ex.org/variable#179 http://www.ibm.com/timex#di http://ex.org/variable#145	1
http://ex.org/variable#179 http://www.ibm.com/timex#d http://ex.org/variable#146	1
http://ex.org/variable#179 http://www.ibm.com/timex#oi http://ex.org/variable#147	1
http://ex.org/variable#179 http://www.ibm.com/timex#oi http://ex.org/variable#148	1
http://ex.org/variable#179 http://www.ibm.com/timex#bi_mi_oi http://ex.org/variable#149	1
http://ex.org/variable#179 http://www.ibm.com/timex#o http://ex.org/variable#150	1
http://ex.org/variable#179 http://www.ibm.com/timex#d http://ex.org/variable#151	1
http://ex.org/variable#179 http://www.ibm.com/timex#bi http://ex.org/variable#152	1
http://ex.org/variable#179 http://www.ibm.com/timex#d http://ex.org/variable#153	1
http://ex.org/variable#179 http://www.ibm.com/timex#oi http://ex.org/variable#154	1
http://ex.org/variable#179 http://www.ibm.com/timex#oi http://ex.org/variable#155	1
http://ex.org/variable#179 http://www.ibm.com/timex#oi http://ex.org/variable#156	1
http://ex.org/variable#179 http://www.ibm.com/timex#bi http://ex.org/variable#157	1
http://ex.org/variable#179 http://www.ibm.com/timex#oi http://ex.org/variable#158	1
http://ex.org/variable#179 http://www.ibm.com/timex#s http://ex.org/variable#159	1
http://ex.org/variable#179 http://www.ibm.com/timex#oi http://ex.org/variable#160	1
http://ex.org/variable#179 http://www.ibm.com/timex#oi http://ex.org/variable#161	1
http://ex.org/variable#179 http://www.ibm.com/timex#oi http://ex.org/variable#162	1
http://ex.org/variable#179 http://www.ibm.com/timex#di http://ex.org/variable#163	1
http://ex.org/variable#179 http://www.ibm.com/timex#d http://ex.org/variable#164	1
http://ex.org/variable#179 http://www.ibm.com/timex#oi http://ex.org/variable#165	1
http://ex.org/variable#179 http://www.ibm.com/timex#oi http://ex.org/variable#166	1
http://ex.org/variable#179 http://www.ibm.com/timex#oi http://ex.org/variable#167	1
http://ex.org/variable#179 http://www.ibm.com/timex#o http://ex.org/variable#168	1
http://ex.org/variable#179 http://www.ibm.com/timex#oi http://ex.org/variable#169	1
http://ex.org/variable#179 http://www.ibm.com/timex#o http://ex.org/variable#170	1
http://ex.org/variable#179 http://www.ibm.com/timex#oi http://ex.org/variable#171	1
http://ex.org/variable#179 http://www.ibm.com/timex#bi http://ex.org/variable#172	1
http://ex.org/variable#179 http://www.ibm.com/timex#di http://ex.org/variable#173	1
http://ex.org/variable#179 http://www.ibm.com/timex#di http://ex.org/variable#174	1
http://ex.org/variable#179 http://www.ibm.com/timex#oi http://ex.org/variable#175	1
http://ex.org/variable#179 http://www.ibm.com/timex#s http://ex.org/variable#176	1
http://ex.org/variable#179 http://www.ibm.com/timex#oi http://ex.org/variable#177	1
http://ex.org/variable#179 http://www.ibm.com/timex#d http://ex.org/variable#178	1
http://ex.org/variable#179 http://www.ibm.com/timex#bi http://ex.org/variable#180	1
http://ex.org/variable#179 http://www.ibm.com/timex#bi http://ex.org/variable#181	1
http://ex.org/variable#179 http://www.ibm.com/timex#di http://ex.org/variable#182	1
http://ex.org/variable#179 http://www.ibm.com/timex#fi http://ex.org/variable#183	1
http://ex.org/variable#179 http://www.ibm.com/timex#oi http://ex.org/variable#184	1
http://ex.org/variable#179 http://www.ibm.com/timex#oi http://ex.org/variable#185	1
http://ex.org/variable#179 http://www.ibm.com/timex#di http://ex.org/variable#186	1
http://ex.org/variable#179 http://www.ibm.com/timex#oi http://ex.org/variable#187	1
http://ex.org/variable#179 http://www.ibm.com/timex#di http://ex.org/variable#188	1
http://ex.org/variable#179 http://www.ibm.com/timex#oi http://ex.org/variable#189	1
http://ex.org/variable#180 http://www.ibm.com/timex#b http://ex.org/variable#0	1
http://ex.org/variable#180 http://www.ibm.com/timex#b http://ex.org/variable#1	1
http://ex.org/variable#180 http://www.ibm.com/timex#b http://ex.org/variable#2	1
http://ex.org/variable#180 http://www.ibm.com/timex#b http://ex.org/variable#3	1
http://ex.org/variable#180 http://www.ibm.com/timex#b http://ex.org/variable#4	1
http://ex.org/variable#180 http://www.ibm.com/timex#o_s http://ex.org/variable#5	1
http://ex.org/variable#180 http://www.ibm.com/timex#b http://ex.org/variable#6	1
http://ex.org/variable#180 http://www.ibm.com/timex#b http://ex.org/variable#7	1
http://ex.org/variable#180 http://www.ibm.com/timex#d http://ex.org/variable#8	1
http://ex.org/variable#180 http://www.ibm.com/timex#b http://ex.org/variable#9	1
http://ex.org/variable#180 http://www.ibm.com/timex#b http://ex.org/variable#10	1
http://ex.org/variable#180 http://www.ibm.com/timex#d http://ex.org/variable#11	1
http://ex.org/variable#180 http://www.ibm.com/timex#d http://ex.org/variable#12	1
http://ex.org/variable#180 http://www.ibm.com/timex#d http://ex.org/variable#13	1
http://ex.org/variable#180 http://www.ibm.com/timex#b http://ex.org/variable#14	1
http://ex.org/variable#180 http://www.ibm.com/timex#d http://ex.org/variable#15	1
http://ex.org/variable#180 http://www.ibm.com/timex#d http://ex.org/variable#16	1
http://ex.org/variable#180 http://www.ibm.com/timex#b http://ex.org/variable#17	1
http://ex.org/variable#180 http://www.ibm.com/timex#d http://ex.org/variable#18	1
http://ex.org/variable#180 http://www.ibm.com/timex#d http://ex.org/variable#19	1
http://ex.org/variable#180 http://www.ibm.com/timex#d http://ex.org/variable#20	1
http://ex.org/variable#180 http://www.ibm.com/timex#b http://ex.org/variable#21	1
http://ex.org/variable#180 http://www.ibm.com/timex#d http://ex.org/variable#22	1
http://ex.org/variable#180 http://www.ibm.com/timex#d http://ex.org/variable#23	1
http://ex.org/variable#180 http://www.ibm.com/timex#d http://ex.org/variable#24	1
http://ex.org/variable#180 http://www.ibm.com/timex#bi_mi_oi_d_f http://ex.org/variable#25	1
http://ex.org/variable#180 http://www.ibm.com/timex#b http://ex.org/variable#26	1
http://ex.org/variable#180 http://www.ibm.com/timex#d http://ex.org/variable#27	1
http://ex.org/variable#180 http://www.ibm.com/timex#b http://ex.org/variable#28	1
http://ex.org/variable#180 http://www.ibm.com/timex#b http://ex.org/variable#29	1
http://ex.org/variable#180 http://www.ibm.com/timex#b http://ex.org/variable#30	1
http://ex.org/variable#180 http://www.ibm.com/timex#d http://ex.org/variable#31	1
http://ex.org/variable#180 http://www.ibm.com/timex#d http://ex.org/variable#32	1
http://ex.org/variable#180 http://www.ibm.com/timex#b http://ex.org/variable#33	1
http://ex.org/variable#180 http://www.ibm.com/timex#d http://ex.org/variable#34	1
http://ex.org/variable#180 http://www.ibm.com/timex#b http://ex.org/variable#35	1
http://ex.org/variable#180 http://www.ibm.com/timex#d http://ex.org/variable#36	1
http://ex.org/variable#180 http://www.ibm.com/timex#d http://ex.org/variable#37	1
http://ex.org/variable#180 http://www.ibm.com/timex#d http://ex.org/variable#38	1
http://ex.org/variable#180 http://www.ibm.com/timex#b http://ex.org/variable#39	1
http://ex.org/variable#180 http://www.ibm.com/timex#d http://ex.org/variable#40	1
http://ex.org/variable#180 http://www.ibm.com/timex#d http://ex.org/variable#41	1
http://ex.org/variable#180 http://www.ibm.com/timex#b http://ex.org/variable#42	1
http://ex.org/variable#180 http://www.ibm.com/timex#d http://ex.org/variable#43	1
http://ex.org/variable#180 http://www.ibm.com/timex#d http://ex.org/variable#44	1
http://ex.org/variable#180 http://www.ibm.com/timex#b http://ex.org/variable#45	1
http://ex.org/variable#180 http://www.ibm.com/timex#d http://ex.org/variable#46	1
http://ex.org/variable#180 http://www.ibm.com/timex#d http://ex.org/variable#47	1
http://ex.org/variable#180 http://www.ibm.com/timex#b http://ex.org/variable#48	1
http://ex.org/variable#180 http://www.ibm.com/timex#d http://ex.org/variable#49	1
http://ex.org/variable#180 http://www.ibm.com/timex#b http://ex.org/variable#50	1
http://ex.org/variable#180 http://www.ibm.com/timex#b http://ex.org/variable#51	1
http://ex.org/variable#180 http://www.ibm.com/timex#d http://ex.org/variable#52	1
http://ex.org/variable#180 http://www.ibm.com/timex#d http://ex.org/variable#53	1
http://ex.org/variable#180 http://www.ibm.com/timex#d http://ex.org/variable#54	1
http://ex.org/variable#180 http://www.ibm.com/timex#b http://ex.org/variable#55	1
http://ex.org/variable#180 http://www.ibm.com/timex#b http://ex.org/variable#56	1
http://ex.org/variable#180 http://www.ibm.com/timex#d http://ex.org/variable#57	1
http://ex.org/variable#180 http://www.ibm.com/timex#d http://ex.org/variable#58	1
http://ex.org/variable#180 http://www.ibm.com/timex#d http://ex.org/variable#59	1
http://ex.org/variable#180 http://www.ibm.com/timex#d http://ex.org/variable#60	1
http://ex.org/variable#180 http://www.ibm.com/timex#d http://ex.org/variable#61	1
http://ex.org/variable#180 http://www.ibm.com/timex#b http://ex.org/variable#62	1
http://ex.org/variable#180 http://www.ibm.com/timex#d http://ex.org/variable#63	1
http://ex.org/variable#180 http://www.ibm.com/timex#d http://ex.org/variable#64	1
http://ex.org/variable#180 http://www.ibm.com/timex#bi_mi http://ex.org/variable#65	1
http://ex.org/variable#180 http://www.ibm.com/timex#d http://ex.org/variable#66	1
http://ex.org/variable#180 http://www.ibm.com/timex#d http://ex.org/variable#67	1
http://ex.org/variable#180 http://www.ibm.com/timex#b http://ex.org/variable#68	1
http://ex.org/variable#180 http://www.ibm.com/timex#b http://ex.org/variable#69	1
http://ex.org/variable#180 http://www.ibm.com/timex#d http://ex.org/variable#70	1
http://ex.org/variable#180 http://www.ibm.com/timex#d http://ex.org/variable#71	1
http://ex.org/variable#180 http://www.ibm.com/timex#b http://ex.org/variable#72	1
http://ex.org/variable#180 http://www.ibm.com/timex#d http://ex.org/variable#73	1
http://ex.org/variable#180 http://www.ibm.com/timex#d http://ex.org/variable#74	1
http://ex.org/variable#180 http://www.ibm.com/timex#d http://ex.org/variable#75	1
http://ex.org/variable#180 http://www.ibm.com/timex#b http://ex.org/variable#76	1
http://ex.org/variable#180 http://www.ibm.com/timex#d http://ex.org/variable#77	1
http://ex.org/variable#180 http://www.ibm.com/timex#b http://ex.org/variable#78	1
http://ex.org/variable#180 http://www.ibm.com/timex#d http://ex.org/variable#79	1
http://ex.org/variable#180 http://www.ibm.com/timex#d http://ex.org/variable#80	1
http://ex.org/variable#180 http://www.ibm.com/timex#d http://ex.org/variable#81	1
http://ex.org/variable#180 http://www.ibm.com/timex#d_s http://ex.org/variable#82	1
http://ex.org/variable#180 http://www.ibm.com/timex#d http://ex.org/variable#83	1
http://ex.org/variable#180 http://www.ibm.com/timex#b http://ex.org/variable#84	1
http://ex.org/variable#180 http://www.ibm.com/timex#b http://ex.org/variable#85	1
http://ex.org/variable#180 http://www.ibm.com/timex#d http://ex.org/variable#86	1
http://ex.org/variable#180 http://www.ibm.com/timex#b http://ex.org/variable#87	1
http://ex.org/variable#180 http://www.ibm.com/timex#b http://ex.org/variable#88	1
http://ex.org/variable#180 http://www.ibm.com/timex#b http://ex.org/variable#89	1
http://ex.org/variable#180 http://www.ibm.com/timex#b http://ex.org/variable#90	1
http://ex.org/variable#180 http://www.ibm.com/timex#d http://ex.org/variable#91	1
http://ex.org/variable#180 http://www.ibm.com/timex#b http://ex.org/variable#92	1
http://ex.org/variable#180 http://www.ibm.com/timex#b_m http://ex.org/variable#93	1
http://ex.org/variable#180 http://www.ibm.com/timex#d http://ex.org/variable#94	1
http://ex.org/variable#180 http://www.ibm.com/timex#b http://ex.org/variable#95	1
http://ex.org/variable#180 http://www.ibm.com/timex#d http://ex.org/variable#96	1
http://ex.org/variable#180 http://www.ibm.com/timex#b http://ex.org/variable#97	1
http://ex.org/variable#180 http://www.ibm.com/timex#b http://ex.org/variable#98	1
http://ex.org/variable#180 http://www.ibm.com/timex#b http://ex.org/variable#99	1
http://ex.org/variable#180 http://www.ibm.com/timex#d http://ex.org/variable#100	1
http://ex.org/variable#180 http://www.ibm.com/timex#b http://ex.org/variable#101	1
http://ex.org/variable#180 http://www.ibm.com/timex#b http://ex.org/variable#102	1
http://ex.org/variable#180 http://www.ibm.com/timex#d http://ex.org/variable#103	1
http://ex.org/variable#180 http://www.ibm.com/timex#b http://ex.org/variable#104	1
http://ex.org/variable#180 http://www.ibm.com/timex#d http://ex.org/variable#105	1
http://ex.org/variable#180 http://www.ibm.com/timex#d http://ex.org/variable#106	1
http://ex.org/variable#180 http://www.ibm.com/timex#b http://ex.org/variable#107	1
http://ex.org/variable#180 http://www.ibm.com/timex#b http://ex.org/variable#108	1
http://ex.org/variable#180 http://www.ibm.com/timex#b http://ex.org/variable#109	1
http://ex.org/variable#180 http://www.ibm.com/timex#d http://ex.org/variable#110	1
http://ex.org/variable#180 http://www.ibm.com/timex#b http://ex.org/variable#111	1
http://ex.org/variable#180 http://www.ibm.com/timex#d http://ex.org/variable#112	1
http://ex.org/variable#180 http://www.ibm.com/timex#b http://ex.org/variable#113	1
http://ex.org/variable#180 http://www.ibm.com/timex#d http://ex.org/variable#114	1
http://ex.org/variable#180 http://www.ibm.com/timex#b http://ex.org/variable#115	1
http://ex.org/variable#180 http://www.ibm.com/timex#b http://ex.org/variable#116	1
http://ex.org/variable#180 http://www.ibm.com/timex#d http://ex.org/variable#117	1
http://ex.org/variable#180 http://www.ibm.com/timex#d http://ex.org/variable#118	1
http://ex.org/variable#180 http://www.ibm.com/timex#d http://ex.org/variable#119	1
http://ex.org/variable#180 http://www.ibm.com/timex#d http://ex.org/variable#120	1
http://ex.org/variable#180 http://www.ibm.com/timex#b http://ex.org/variable#121	1
http://ex.org/variable#180 http://www.ibm.com/timex#d http://ex.org/variable#122	1
http://ex.org/variable#180 http://www.ibm.com/timex#b http://ex.org/variable#123	1
http://ex.org/variable#180 http://www.ibm.com/timex#d http://ex.org/variable#124	1
http://ex.org/variable#180 http://www.ibm.com/timex#d http://ex.org/variable#125	1
http://ex.org/variable#180 http://www.ibm.com/timex#b http://ex.org/variable#126	1
http://ex.org/variable#180 http://www.ibm.com/timex#b http://ex.org/variable#127	1
http://ex.org/variable#180 http://www.ibm.com/timex#b http://ex.org/variable#128	1
http://ex.org/variable#180 http://www.ibm.com/timex#d http://ex.org/variable#129	1
http://ex.org/variable#180 http://www.ibm.com/timex#b http://ex.org/variable#130	1
http://ex.org/variable#180 http://www.ibm.com/timex#b http://ex.org/variable#131	1
http://ex.org/variable#180 http://www.ibm.com/timex#d http://ex.org/variable#132	1
http://ex.org/variable#180 http://www.ibm.com/timex#b http://ex.org/variable#133	1
http://ex.org/variable#180 http://www.ibm.com/timex#d http://ex.org/variable#134	1
http://ex.org/variable#180 http://www.ibm.com/timex#d http://ex.org/variable#135	1
http://ex.org/variable#180 http://www.ibm.com/timex#d http://ex.org/variable#136	1
http://ex.org/variable#180 http://www.ibm.com/timex#b http://ex.org/variable#137	1
http://ex.org/variable#180 http://www.ibm.com/timex#b http://ex.org/variable#138	1
http://ex.org/variable#180 http://www.ibm.com/timex#b http://ex.org/variable#139	1
http://ex.org/variable#180 http://www.ibm.com/timex#b http://ex.org/variable#140	1
http://ex.org/variable#180 http://www.ibm.com/timex#d http://ex.org/variable#141	1
http://ex.org/variable#180 http://www.ibm.com/timex#d http://ex.org/variable#142	1
http://ex.org/variable#180 http://www.ibm.com/timex#d http://ex.org/variable#143	1
http://ex.org/variable#180 http://www.ibm.com/timex#b http://ex.org/variable#144	1
http://ex.org/variable#180 http://www.ibm.com/timex#b http://ex.org/variable#145	1
http://ex.org/variable#180 http://www.ibm.com/timex#b http://ex.org/variable#146	1
http://ex.org/variable#180 http://www.ibm.com/timex#d http://ex.org/variable#147	1
http://ex.org/variable#180 http://www.ibm.com/timex#b http://ex.org/variable#148	1
http://ex.org/variable#180 http://www.ibm.com/timex#d http://ex.org/variable#149	1
http://ex.org/variable#180 http://www.ibm.com/timex#b http://ex.org/variable#150	1
http://ex.org/variable#180 http://www.ibm.com/timex#b http://ex.org/variable#151	1
http://ex.org/variable#180 http://www.ibm.com/timex#d_f http://ex.org/variable#152	1
http://ex.org/variable#180 http://www.ibm.com/timex#d http://ex.org/variable#153	1
http://ex.org/variable#180 http://www.ibm.com/timex#b http://ex.org/variable#154	1
http://ex.org/variable#180 http://www.ibm.com/timex#d http://ex.org/variable#155	1
http://ex.org/variable#180 http://www.ibm.com/timex#d http://ex.org/variable#156	1
http://ex.org/variable#180 http://www.ibm.com/timex#bi http://ex.org/variable#157	1
http://ex.org/variable#180 http://www.ibm.com/timex#d http://ex.org/variable#158	1
http://ex.org/variable#180 http://www.ibm.com/timex#b http://ex.org/variable#159	1
http://ex.org/variable#180 http://www.ibm.com/timex#b http://ex.org/variable#160	1
http://ex.org/variable#180 http://www.ibm.com/timex#b http://ex.org/variable#161	1
http://ex.org/variable#180 http://www.ibm.com/timex#d http://ex.org/variable#162	1
http://ex.org/variable#180 http://www.ibm.com/timex#b http://ex.org/variable#163	1
http://ex.org/variable#180 http://www.ibm.com/timex#b http://ex.org/variable#164	1
http://ex.org/variable#180 http://www.ibm.com/timex#b http://ex.org/variable#165	1
http://ex.org/variable#180 http://www.ibm.com/timex#d http://ex.org/variable#166	1
http://ex.org/variable#180 http://www.ibm.com/timex#d http://ex.org/variable#167	1
http://ex.org/variable#180 http://www.ibm.com/timex#b http://ex.org/variable#168	1
http://ex.org/variable#180 http://www.ibm.com/timex#d http://ex.org/variable#169	1
http://ex.org/variable#180 http://www.ibm.com/timex#b http://ex.org/variable#170	1
http://ex.org/variable#180 http://www.ibm.com/timex#d http://ex.org/variable#171	1
http://ex.org/variable#180 http://www.ibm.com/timex#bi http://ex.org/variable#172	1
http://ex.org/variable#180 http://www.ibm.com/timex#b http://ex.org/variable#173	1
http://ex.org/variable#180 http://www.ibm.com/timex#b http://ex.org/variable#174	1
http://ex.org/variable#180 http://www.ibm.com/timex#d http://ex.org/variable#175	1
http://ex.org/variable#180 http://www.ibm.com/timex#b http://ex.org/variable#176	1
http://ex.org/variable#180 http://www.ibm.com/timex#b http://ex.org/variable#177	1
http://ex.org/variable#180 http://www.ibm.com/timex#b http://ex.org/variable#178	1
http://ex.org/variable#180 http://www.ibm.com/timex#b http://ex.org/variable#179	1
http://ex.org/variable#180 http://www.ibm.com/timex#d http://ex.org/variable#181	1
http://ex.org/variable#180 http://www.ibm.com/timex#b http://ex.org/variable#182	1
http://ex.org/variable#180 http://www.ibm.com/timex#b http://ex.org/variable#183	1
http://ex.org/variable#180 http://www.ibm.com/timex#d http://ex.org/variable#184	1
http://ex.org/variable#180 http://www.ibm.com/timex#b http://ex.org/variable#185	1
http://ex.org/variable#180 http://www.ibm.com/timex#b http://ex.org/variable#186	1
http://ex.org/variable#180 http://www.ibm.com/timex#d http://ex.org/variable#187	1
http://ex.org/variable#180 http://www.ibm.com/timex#b http://ex.org/variable#188	1
http://ex.org/variable#180 http://www.ibm.com/timex#b http://ex.org/variable#189	1
http://ex.org/variable#181 http://www.ibm.com/timex#o http://ex.org/variable#0	1
http://ex.org/variable#181 http://www.ibm.com/timex#b http://ex.org/variable#1	1
http://ex.org/variable#181 http://www.ibm.com/timex#o http://ex.org/variable#2	1
http://ex.org/variable#181 http://www.ibm.com/timex#b http://ex.org/variable#3	1
http://ex.org/variable#181 http://www.ibm.com/timex#b http://ex.org/variable#4	1
http://ex.org/variable#181 http://www.ibm.com/timex#o http://ex.org/variable#5	1
http://ex.org/variable#181 http://www.ibm.com/timex#b http://ex.org/variable#6	1
http://ex.org/variable#181 http://www.ibm.com/timex#o http://ex.org/variable#7	1
http://ex.org/variable#181 http://www.ibm.com/timex#oi_di http://ex.org/variable#8	1
http://ex.org/variable#181 http://www.ibm.com/timex#b http://ex.org/variable#9	1
http://ex.org/variable#181 http://www.ibm.com/timex#b http://ex.org/variable#10	1
http://ex.org/variable#181 http://www.ibm.com/timex#o http://ex.org/variable#11	1
http://ex.org/variable#181 http://www.ibm.com/timex#d http://ex.org/variable#12	1
http://ex.org/variable#181 http://www.ibm.com/timex#o http://ex.org/variable#13	1
http://ex.org/variable#181 http://www.ibm.com/timex#b http://ex.org/variable#14	1
http://ex.org/variable#181 http://www.ibm.com/timex#o http://ex.org/variable#15	1
http://ex.org/variable#181 http://www.ibm.com/timex#o http://ex.org/variable#16	1
http://ex.org/variable#181 http://www.ibm.com/timex#b http://ex.org/variable#17	1
http://ex.org/variable#181 http://www.ibm.com/timex#o http://ex.org/variable#18	1
http://ex.org/variable#181 http://www.ibm.com/timex#o http://ex.org/variable#19	1
http://ex.org/variable#181 http://www.ibm.com/timex#d http://ex.org/variable#20	1
http://ex.org/variable#181 http://www.ibm.com/timex#b http://ex.org/variable#21	1
http://ex.org/variable#181 http://www.ibm.com/timex#o http://ex.org/variable#22	1
http://ex.org/variable#181 http://www.ibm.com/timex#o http://ex.org/variable#23	1
http://ex.org/variable#181 http://www.ibm.com/timex#o_d http://ex.org/variable#24	1
http://ex.org/variable#181 http://www.ibm.com/timex#oi http://ex.org/variable#25	1
http://ex.org/variable#181 http://www.ibm.com/timex#b http://ex.org/variable#26	1
http://ex.org/variable#181 http://www.ibm.com/timex#d http://ex.org/variable#27	1
http://ex.org/variable#181 http://www.ibm.com/timex#b http://ex.org/variable#28	1
http://ex.org/variable#181 http://www.ibm.com/timex#m_o http://ex.org/variable#29	1
http://ex.org/variable#181 http://www.ibm.com/timex#b http://ex.org/variable#30	1
http://ex.org/variable#181 http://www.ibm.com/timex#d http://ex.org/variable#31	1
http://ex.org/variable#181 http://www.ibm.com/timex#d http://ex.org/variable#32	1
http://ex.org/variable#181 http://www.ibm.com/timex#b http://ex.org/variable#33	1
http://ex.org/variable#181 http://www.ibm.com/timex#o http://ex.org/variable#34	1
http://ex.org/variable#181 http://www.ibm.com/timex#b http://ex.org/variable#35	1
http://ex.org/variable#181 http://www.ibm.com/timex#d http://ex.org/variable#36	1
http://ex.org/variable#181 http://www.ibm.com/timex#o http://ex.org/variable#37	1
http://ex.org/variable#181 http://www.ibm.com/timex#o http://ex.org/variable#38	1
http://ex.org/variable#181 http://www.ibm.com/timex#b http://ex.org/variable#39	1
http://ex.org/variable#181 http://www.ibm.com/timex#o_d_s http://ex.org/variable#40	1
http://ex.org/variable#181 http://www.ibm.com/timex#o http://ex.org/variable#41	1
http://ex.org/variable#181 http://www.ibm.com/timex#o http://ex.org/variable#42	1
http://ex.org/variable#181 http://www.ibm.com/timex#d http://ex.org/variable#43	1
http://ex.org/variable#181 http://www.ibm.com/timex#o http://ex.org/variable#44	1
http://ex.org/variable#181 http://www.ibm.com/timex#b http://ex.org/variable#45	1
http://ex.org/variable#181 http://www.ibm.com/timex#d http://ex.org/variable#46	1
http://ex.org/variable#181 http://www.ibm.com/timex#d http://ex.org/variable#47	1
http://ex.org/variable#181 http://www.ibm.com/timex#b http://ex.org/variable#48	1
http://ex.org/variable#181 http://www.ibm.com/timex#d http://ex.org/variable#49	1
http://ex.org/variable#181 http://www.ibm.com/timex#b http://ex.org/variable#50	1
http://ex.org/variable#181 http://www.ibm.com/timex#b http://ex.org/variable#51	1
http://ex.org/variable#181 http://www.ibm.com/timex#d http://ex.org/variable#52	1
http://ex.org/variable#181 http://www.ibm.com/timex#o http://ex.org/variable#53	1
http://ex.org/variable#181 http://www.ibm.com/timex#o http://ex.org/variable#54	1
http://ex.org/variable#181 http://www.ibm.com/timex#b http://ex.org/variable#55	1
http://ex.org/variable#181 http://www.ibm.com/timex#o http://ex.org/variable#56	1
http://ex.org/variable#181 http://www.ibm.com/timex#d http://ex.org/variable#57	1
http://ex.org/variable#181 http://www.ibm.com/timex#o http://ex.org/variable#58	1
http://ex.org/variable#181 http://www.ibm.com/timex#o http://ex.org/variable#59	1
http://ex.org/variable#181 http://www.ibm.com/timex#o_s http://ex.org/variable#60	1
http://ex.org/variable#181 http://www.ibm.com/timex#d http://ex.org/variable#61	1
http://ex.org/variable#181 http://www.ibm.com/timex#o http://ex.org/variable#62	1
http://ex.org/variable#181 http://www.ibm.com/timex#d_s http://ex.org/variable#63	1
http://ex.org/variable#181 http://www.ibm.com/timex#d http://ex.org/variable#64	1
http://ex.org/variable#181 http://www.ibm.com/timex#di http://ex.org/variable#65	1
http://ex.org/variable#181 http://www.ibm.com/timex#d http://ex.org/variable#66	1
http://ex.org/variable#181 http://www.ibm.com/timex#o http://ex.org/variable#67	1
http://ex.org/variable#181 http://www.ibm.com/timex#o http://ex.org/variable#68	1
http://ex.org/variable#181 http://www.ibm.com/timex#o http://ex.org/variable#69	1
http://ex.org/variable#181 http://www.ibm.com/timex#o http://ex.org/variable#70	1
http://ex.org/variable#181 http://www.ibm.com/timex#o http://ex.org/variable#71	1
http://ex.org/variable#181 http://www.ibm.com/timex#b http://ex.org/variable#72	1
http://ex.org/variable#181 http://www.ibm.com/timex#o http://ex.org/variable#73	1
http://ex.org/variable#181 http://www.ibm.com/timex#o http://ex.org/variable#74	1
http://ex.org/variable#181 http://www.ibm.com/timex#o http://ex.org/variable#75	1
http://ex.org/variable#181 http://www.ibm.com/timex#o http://ex.org/variable#76	1
http://ex.org/variable#181 http://www.ibm.com/timex#o http://ex.org/variable#77	1
http://ex.org/variable#181 http://www.ibm.com/timex#o http://ex.org/variable#78	1
http://ex.org/variable#181 http://www.ibm.com/timex#d http://ex.org/variable#79	1
http://ex.org/variable#181 http://www.ibm.com/timex#d http://ex.org/variable#80	1
http://ex.org/variable#181 http://www.ibm.com/timex#d http://ex.org/variable#81	1
http://ex.org/variable#181 http://www.ibm.com/timex#o http://ex.org/variable#82	1
http://ex.org/variable#181 http://www.ibm.com/timex#d http://ex.org/variable#83	1
http://ex.org/variable#181 http://www.ibm.com/timex#b http://ex.org/variable#84	1
http://ex.org/variable#181 http://www.ibm.com/timex#b http://ex.org/variable#85	1
http://ex.org/variable#181 http://www.ibm.com/timex#d http://ex.org/variable#86	1
http://ex.org/variable#181 http://www.ibm.com/timex#b http://ex.org/variable#87	1
http://ex.org/variable#181 http://www.ibm.com/timex#b http://ex.org/variable#88	1
http://ex.org/variable#181 http://www.ibm.com/timex#o http://ex.org/variable#89	1
http://ex.org/variable#181 http://www.ibm.com/timex#m_o http://ex.org/variable#90	1
http://ex.org/variable#181 http://www.ibm.com/timex#o http://ex.org/variable#91	1
http://ex.org/variable#181 http://www.ibm.com/timex#b http://ex.org/variable#92	1
http://ex.org/variable#181 http://www.ibm.com/timex#o http://ex.org/variable#93	1
http://ex.org/variable#181 http://www.ibm.com/timex#o http://ex.org/variable#94	1
http://ex.org/variable#181 http://www.ibm.com/timex#b http://ex.org/variable#95	1
http://ex.org/variable#181 http://www.ibm.com/timex#di http://ex.org/variable#96	1
http://ex.org/variable#181 http://www.ibm.com/timex#o http://ex.org/variable#97	1
http://ex.org/variable#181 http://www.ibm.com/timex#b http://ex.org/variable#98	1
http://ex.org/variable#181 http://www.ibm.com/timex#b http://ex.org/variable#99	1
http://ex.org/variable#181 http://www.ibm.com/timex#fi http://ex.org/variable#100	1
http://ex.org/variable#181 http://www.ibm.com/timex#o http://ex.org/variable#101	1
http://ex.org/variable#181 http://www.ibm.com/timex#b http://ex.org/variable#102	1
http://ex.org/variable#181 http://www.ibm.com/timex#o http://ex.org/variable#103	1
http://ex.org/variable#181 http://www.ibm.com/timex#b http://ex.org/variable#104	1
http://ex.org/variable#181 http://www.ibm.com/timex#o http://ex.org/variable#105	1
http://ex.org/variable#181 http://www.ibm.com/timex#o_s http://ex.org/variable#106	1
http://ex.org/variable#181 http://www.ibm.com/timex#o http://ex.org/variable#107	1
http://ex.org/variable#181 http://www.ibm.com/timex#b http://ex.org/variable#108	1
http://ex.org/variable#181 http://www.ibm.com/timex#b http://ex.org/variable#109	1
http://ex.org/variable#181 http://www.ibm.com/timex#o_s http://ex.org/variable#110	1
http://ex.org/variable#181 http://www.ibm.com/timex#o http://ex.org/variable#111	1
http://ex.org/variable#181 http://www.ibm.com/timex#d http://ex.org/variable#112	1
http://ex.org/variable#181 http://www.ibm.com/timex#b http://ex.org/variable#113	1
http://ex.org/variable#181 http://www.ibm.com/timex#o http://ex.org/variable#114	1
http://ex.org/variable#181 http://www.ibm.com/timex#b http://ex.org/variable#115	1
http://ex.org/variable#181 http://www.ibm.com/timex#b http://ex.org/variable#116	1
http://ex.org/variable#181 http://www.ibm.com/timex#o http://ex.org/variable#117	1
http://ex.org/variable#181 http://www.ibm.com/timex#o http://ex.org/variable#118	1
http://ex.org/variable#181 http://www.ibm.com/timex#d http://ex.org/variable#119	1
http://ex.org/variable#181 http://www.ibm.com/timex#o http://ex.org/variable#120	1
http://ex.org/variable#181 http://www.ibm.com/timex#b http://ex.org/variable#121	1
http://ex.org/variable#181 http://www.ibm.com/timex#d http://ex.org/variable#122	1
http://ex.org/variable#181 http://www.ibm.com/timex#b http://ex.org/variable#123	1
http://ex.org/variable#181 http://www.ibm.com/timex#d http://ex.org/variable#124	1
http://ex.org/variable#181 http://www.ibm.com/timex#d http://ex.org/variable#125	1
http://ex.org/variable#181 http://www.ibm.com/timex#b http://ex.org/variable#126	1
http://ex.org/variable#181 http://www.ibm.com/timex#b http://ex.org/variable#127	1
http://ex.org/variable#181 http://www.ibm.com/timex#m http://ex.org/variable#128	1
http://ex.org/variable#181 http://www.ibm.com/timex#d http://ex.org/variable#129	1
http://ex.org/variable#181 http://www.ibm.com/timex#o http://ex.org/variable#130	1
http://ex.org/variable#181 http://www.ibm.com/timex#b http://ex.org/variable#131	1
http://ex.org/variable#181 http://www.ibm.com/timex#o http://ex.org/variable#132	1
http://ex.org/variable#181 http://www.ibm.com/timex#b http://ex.org/variable#133	1
http://ex.org/variable#181 http://www.ibm.com/timex#d http://ex.org/variable#134	1
http://ex.org/variable#181 http://www.ibm.com/timex#o http://ex.org/variable#135	1
http://ex.org/variable#181 http://www.ibm.com/timex#o http://ex.org/variable#136	1
http://ex.org/variable#181 http://www.ibm.com/timex#b http://ex.org/variable#137	1
http://ex.org/variable#181 http://www.ibm.com/timex#b http://ex.org/variable#138	1
http://ex.org/variable#181 http://www.ibm.com/timex#o http://ex.org/variable#139	1
http://ex.org/variable#181 http://www.ibm.com/timex#o http://ex.org/variable#140	1
http://ex.org/variable#181 http://www.ibm.com/timex#d http://ex.org/variable#141	1
http://ex.org/variable#181 http://www.ibm.com/timex#o http://ex.org/variable#142	1
http://ex.org/variable#181 http://www.ibm.com/timex#o http://ex.org/variable#143	1
http://ex.org/variable#181 http://www.ibm.com/timex#o http://ex.org/variable#144	1
http://ex.org/variable#181 http://www.ibm.com/timex#b http://ex.org/variable#145	1
http://ex.org/variable#181 http://www.ibm.com/timex#b http://ex.org/variable#146	1
http://ex.org/variable#181 http://www.ibm.com/timex#o http://ex.org/variable#147	1
http://ex.org/variable#181 http://www.ibm.com/timex#o http://ex.org/variable#148	1
http://ex.org/variable#181 http://www.ibm.com/timex#d_f http://ex.org/variable#149	1
http://ex.org/variable#181 http://www.ibm.com/timex#b http://ex.org/variable#150	1
http://ex.org/variable#181 http://www.ibm.com/timex#o http://ex.org/variable#151	1
http://ex.org/variable#181 http://www.ibm.com/timex#di http://ex.org/variable#152	1
http://ex.org/variable#181 http://www.ibm.com/timex#o http://ex.org/variable#153	1
http://ex.org/variable#181 http://www.ibm.com/timex#b http://ex.org/variable#154	1
http://ex.org/variable#181 http://www.ibm.com/timex#d http://ex.org/variable#155	1
http://ex.org/variable#181 http://www.ibm.com/timex#o http://ex.org/variable#156	1
http://ex.org/variable#181 http://www.ibm.com/timex#di http://ex.org/variable#157	1
http://ex.org/variable#181 http://www.ibm.com/timex#o http://ex.org/variable#158	1
http://ex.org/variable#181 http://www.ibm.com/timex#b http://ex.org/variable#159	1
http://ex.org/variable#181 http://www.ibm.com/timex#o http://ex.org/variable#160	1
http://ex.org/variable#181 http://www.ibm.com/timex#b http://ex.org/variable#161	1
http://ex.org/variable#181 http://www.ibm.com/timex#o http://ex.org/variable#162	1
http://ex.org/variable#181 http://www.ibm.com/timex#b http://ex.org/variable#163	1
http://ex.org/variable#181 http://www.ibm.com/timex#b_o http://ex.org/variable#164	1
http://ex.org/variable#181 http://www.ibm.com/timex#o http://ex.org/variable#165	1
http://ex.org/variable#181 http://www.ibm.com/timex#d http://ex.org/variable#166	1
http://ex.org/variable#181 http://www.ibm.com/timex#o http://ex.org/variable#167	1
http://ex.org/variable#181 http://www.ibm.com/timex#b http://ex.org/variable#168	1
http://ex.org/variable#181 http://www.ibm.com/timex#d http://ex.org/variable#169	1
http://ex.org/variable#181 http://www.ibm.com/timex#b http://ex.org/variable#170	1
http://ex.org/variable#181 http://www.ibm.com/timex#d http://ex.org/variable#171	1
http://ex.org/variable#181 http://www.ibm.com/timex#oi http://ex.org/variable#172	1
http://ex.org/variable#181 http://www.ibm.com/timex#b http://ex.org/variable#173	1
http://ex.org/variable#181 http://www.ibm.com/timex#b http://ex.org/variable#174	1
http://ex.org/variable#181 http://www.ibm.com/timex#o http://ex.org/variable#175	1
http://ex.org/variable#181 http://www.ibm.com/timex#b http://ex.org/variable#176	1
http://ex.org/variable#181 http://www.ibm.com/timex#o http://ex.org/variable#177	1
http://ex.org/variable#181 http://www.ibm.com/timex#o http://ex.org/variable#178	1
http://ex.org/variable#181 http://www.ibm.com/timex#b http://ex.org/variable#179	1
http://ex.org/variable#181 http://www.ibm.com/timex#di http://ex.org/variable#180	1
http://ex.org/variable#181 http://www.ibm.com/timex#b http://ex.org/variable#182	1
http://ex.org/variable#181 http://www.ibm.com/timex#b http://ex.org/variable#183	1
http://ex.org/variable#181 http://www.ibm.com/timex#o http://ex.org/variable#184	1
http://ex.org/variable#181 http://www.ibm.com/timex#o http://ex.org/variable#185	1
http://ex.org/variable#181 http://www.ibm.com/timex#b http://ex.org/variable#186	1
http://ex.org/variable#181 http://www.ibm.com/timex#d http://ex.org/variable#187	1
http://ex.org/variable#181 http://www.ibm.com/timex#b http://ex.org/variable#188	1
http://ex.org/variable#181 http://www.ibm.com/timex#b http://ex.org/variable#189	1
http://ex.org/variable#182 http://www.ibm.com/timex#d http://ex.org/variable#0	1
http://ex.org/variable#182 http://www.ibm.com/timex#b http://ex.org/variable#1	1
http://ex.org/variable#182 http://www.ibm.com/timex#d http://ex.org/variable#2	1
http://ex.org/variable#182 http://www.ibm.com/timex#o http://ex.org/variable#3	1
http://ex.org/variable#182 http://www.ibm.com/timex#d http://ex.org/variable#4	1
http://ex.org/variable#182 http://www.ibm.com/timex#oi_d_f http://ex.org/variable#5	1
http://ex.org/variable#182 http://www.ibm.com/timex#b http://ex.org/variable#6	1
http://ex.org/variable#182 http://www.ibm.com/timex#d http://ex.org/variable#7	1
http://ex.org/variable#182 http://www.ibm.com/timex#bi http://ex.org/variable#8	1
http://ex.org/variable#182 http://www.ibm.com/timex#o http://ex.org/variable#9	1
http://ex.org/variable#182 http://www.ibm.com/timex#d http://ex.org/variable#10	1
http://ex.org/variable#182 http://www.ibm.com/timex#d http://ex.org/variable#11	1
http://ex.org/variable#182 http://www.ibm.com/timex#d http://ex.org/variable#12	1
http://ex.org/variable#182 http://www.ibm.com/timex#oi http://ex.org/variable#13	1
http://ex.org/variable#182 http://www.ibm.com/timex#o http://ex.org/variable#14	1
http://ex.org/variable#182 http://www.ibm.com/timex#d http://ex.org/variable#15	1
http://ex.org/variable#182 http://www.ibm.com/timex#d http://ex.org/variable#16	1
http://ex.org/variable#182 http://www.ibm.com/timex#b http://ex.org/variable#17	1
http://ex.org/variable#182 http://www.ibm.com/timex#d http://ex.org/variable#18	1
http://ex.org/variable#182 http://www.ibm.com/timex#oi http://ex.org/variable#19	1
http://ex.org/variable#182 http://www.ibm.com/timex#d http://ex.org/variable#20	1
http://ex.org/variable#182 http://www.ibm.com/timex#b http://ex.org/variable#21	1
http://ex.org/variable#182 http://www.ibm.com/timex#d http://ex.org/variable#22	1
http://ex.org/variable#182 http://www.ibm.com/timex#bi_mi http://ex.org/variable#23	1
http://ex.org/variable#182 http://www.ibm.com/timex#d http://ex.org/variable#24	1
http://ex.org/variable#182 http://www.ibm.com/timex#bi http://ex.org/variable#25	1
http://ex.org/variable#182 http://www.ibm.com/timex#b http://ex.org/variable#26	1
http://ex.org/variable#182 http://www.ibm.com/timex#oi http://ex.org/variable#27	1
http://ex.org/variable#182 http://www.ibm.com/timex#o http://ex.org/variable#28	1
http://ex.org/variable#182 http://www.ibm.com/timex#d http://ex.org/variable#29	1
http://ex.org/variable#182 http://www.ibm.com/timex#di http://ex.org/variable#30	1
http://ex.org/variable#182 http://www.ibm.com/timex#oi_f http://ex.org/variable#31	1
http://ex.org/variable#182 http://www.ibm.com/timex#bi http://ex.org/variable#32	1
http://ex.org/variable#182 http://www.ibm.com/timex#b http://ex.org/variable#33	1
http://ex.org/variable#182 http://www.ibm.com/timex#d http://ex.org/variable#34	1
http://ex.org/variable#182 http://www.ibm.com/timex#oi http://ex.org/variable#35	1
http://ex.org/variable#182 http://www.ibm.com/timex#oi http://ex.org/variable#36	1
http://ex.org/variable#182 http://www.ibm.com/timex#bi_mi_oi http://ex.org/variable#37	1
http://ex.org/variable#182 http://www.ibm.com/timex#d http://ex.org/variable#38	1
http://ex.org/variable#182 http://www.ibm.com/timex#b http://ex.org/variable#39	1
http://ex.org/variable#182 http://www.ibm.com/timex#d http://ex.org/variable#40	1
http://ex.org/variable#182 http://www.ibm.com/timex#d http://ex.org/variable#41	1
http://ex.org/variable#182 http://www.ibm.com/timex#d http://ex.org/variable#42	1
http://ex.org/variable#182 http://www.ibm.com/timex#d http://ex.org/variable#43	1
http://ex.org/variable#182 http://www.ibm.com/timex#d http://ex.org/variable#44	1
http://ex.org/variable#182 http://www.ibm.com/timex#d http://ex.org/variable#45	1
http://ex.org/variable#182 http://www.ibm.com/timex#d http://ex.org/variable#46	1
http://ex.org/variable#182 http://www.ibm.com/timex#d http://ex.org/variable#47	1
http://ex.org/variable#182 http://www.ibm.com/timex#b http://ex.org/variable#48	1
http://ex.org/variable#182 http://www.ibm.com/timex#oi http://ex.org/variable#49	1
http://ex.org/variable#182 http://www.ibm.com/timex#d http://ex.org/variable#50	1
http://ex.org/variable#182 http://www.ibm.com/timex#b http://ex.org/variable#51	1
http://ex.org/variable#182 http://www.ibm.com/timex#d http://ex.org/variable#52	1
http://ex.org/variable#182 http://www.ibm.com/timex#d http://ex.org/variable#53	1
http://ex.org/variable#182 http://www.ibm.com/timex#d http://ex.org/variable#54	1
http://ex.org/variable#182 http://www.ibm.com/timex#d http://ex.org/variable#55	1
http://ex.org/variable#182 http://www.ibm.com/timex#oi http://ex.org/variable#56	1
http://ex.org/variable#182 http://www.ibm.com/timex#d http://ex.org/variable#57	1
http://ex.org/variable#182 http://www.ibm.com/timex#d http://ex.org/variable#58	1
http://ex.org/variable#182 http://www.ibm.com/timex#d http://ex.org/variable#59	1
http://ex.org/variable#182 http://www.ibm.com/timex#d http://ex.org/variable#60	1
http://ex.org/variable#182 http://www.ibm.com/timex#d http://ex.org/variable#61	1
http://ex.org/variable#182 http://www.ibm.com/timex#d http://ex.org/variable#62	1
http://ex.org/variable#182 http://www.ibm.com/timex#d http://ex.org/variable#63	1
http://ex.org/variable#182 http://www.ibm.com/timex#d http://ex.org/variable#64	1
http://ex.org/variable#182 http://www.ibm.com/timex#bi http://ex.org/variable#65	1
http://ex.org/variable#182 http://www.ibm.com/timex#bi http://ex.org/variable#66	1
http://ex.org/variable#182 http://www.ibm.com/timex#d http://ex.org/variable#67	1
http://ex.org/variable#182 http://www.ibm.com/timex#d http://ex.org/variable#68	1
http://ex.org/variable#182 http://www.ibm.com/timex#d http://ex.org/variable#69	1
http://ex.org/variable#182 http://www.ibm.com/timex#d http://ex.org/variable#70	1
http://ex.org/variable#182 http://www.ibm.com/timex#d http://ex.org/variable#71	1
http://ex.org/variable#182 http://www.ibm.com/timex#d http://ex.org/variable#72	1
http://ex.org/variable#182 http://www.ibm.com/timex#d http://ex.org/variable#73	1
http://ex.org/variable#182 http://www.ibm.com/timex#d http://ex.org/variable#74	1
http://ex.org/variable#182 http://www.ibm.com/timex#d http://ex.org/variable#75	1
http://ex.org/variable#182 http://www.ibm.com/timex#d http://ex.org/variable#76	1
http://ex.org/variable#182 http://www.ibm.com/timex#d http://ex.org/variable#77	1
http://ex.org/variable#182 http://www.ibm.com/timex#d http://ex.org/variable#78	1
http://ex.org/variable#182 http://www.ibm.com/timex#oi_d_f http://ex.org/variable#79	1
http://ex.org/variable#182 http://www.ibm.com/timex#d http://ex.org/variable#80	1
http://ex.org/variable#182 http://www.ibm.com/timex#d http://ex.org/variable#81	1
http://ex.org/variable#182 http://www.ibm.com/timex#oi http://ex.org/variable#82	1
http://ex.org/variable#182 http://www.ibm.com/timex#d http://ex.org/variable#83	1
http://ex.org/variable#182 http://www.ibm.com/timex#o http://ex.org/variable#84	1
http://ex.org/variable#182 http://www.ibm.com/timex#b http://ex.org/variable#85	1
http://ex.org/variable#182 http://www.ibm.com/timex#d http://ex.org/variable#86	1
http://ex.org/variable#182 http://www.ibm.com/timex#o http://ex.org/variable#87	1
http://ex.org/variable#182 http://www.ibm.com/timex#b http://ex.org/variable#88	1
http://ex.org/variable#182 http://www.ibm.com/timex#d http://ex.org/variable#89	1
http://ex.org/variable#182 http://www.ibm.com/timex#d http://ex.org/variable#90	1
http://ex.org/variable#182 http://www.ibm.com/timex#d http://ex.org/variable#91	1
http://ex.org/variable#182 http://www.ibm.com/timex#o http://ex.org/variable#92	1
http://ex.org/variable#182 http://www.ibm.com/timex#d http://ex.org/variable#93	1
http://ex.org/variable#182 http://www.ibm.com/timex#d http://ex.org/variable#94	1
http://ex.org/variable#182 http://www.ibm.com/timex#di http://ex.org/variable#95	1
http://ex.org/variable#182 http://www.ibm.com/timex#bi http://ex.org/variable#96	1
http://ex.org/variable#182 http://www.ibm.com/timex#d http://ex.org/variable#97	1
http://ex.org/variable#182 http://www.ibm.com/timex#b http://ex.org/variable#98	1
http://ex.org/variable#182 http://www.ibm.com/timex#b http://ex.org/variable#99	1
http://ex.org/variable#182 http://www.ibm.com/timex#bi http://ex.org/variable#100	1
http://ex.org/variable#182 http://www.ibm.com/timex#d http://ex.org/variable#101	1
http://ex.org/variable#182 http://www.ibm.com/timex#b http://ex.org/variable#102	1
http://ex.org/variable#182 http://www.ibm.com/timex#d http://ex.org/variable#103	1
http://ex.org/variable#182 http://www.ibm.com/timex#b http://ex.org/variable#104	1
http://ex.org/variable#182 http://www.ibm.com/timex#d http://ex.org/variable#105	1
http://ex.org/variable#182 http://www.ibm.com/timex#d http://ex.org/variable#106	1
http://ex.org/variable#182 http://www.ibm.com/timex#d http://ex.org/variable#107	1
http://ex.org/variable#182 http://www.ibm.com/timex#oi_d http://ex.org/variable#108	1
http://ex.org/variable#182 http://www.ibm.com/timex#b http://ex.org/variable#109	1
http://ex.org/variable#182 http://www.ibm.com/timex#d http://ex.org/variable#110	1
http://ex.org/variable#182 http://www.ibm.com/timex#d http://ex.org/variable#111	1
http://ex.org/variable#182 http://www.ibm.com/timex#d http://ex.org/variable#112	1
http://ex.org/variable#182 http://www.ibm.com/timex#di http://ex.org/variable#113	1
http://ex.org/variable#182 http://www.ibm.com/timex#d http://ex.org/variable#114	1
http://ex.org/variable#182 http://www.ibm.com/timex#b http://ex.org/variable#115	1
http://ex.org/variable#182 http://www.ibm.com/timex#b http://ex.org/variable#116	1
http://ex.org/variable#182 http://www.ibm.com/timex#oi http://ex.org/variable#117	1
http://ex.org/variable#182 http://www.ibm.com/timex#d http://ex.org/variable#118	1
http://ex.org/variable#182 http://www.ibm.com/timex#d http://ex.org/variable#119	1
http://ex.org/variable#182 http://www.ibm.com/timex#oi http://ex.org/variable#120	1
http://ex.org/variable#182 http://www.ibm.com/timex#b http://ex.org/variable#121	1
http://ex.org/variable#182 http://www.ibm.com/timex#d http://ex.org/variable#122	1
http://ex.org/variable#182 http://www.ibm.com/timex#d http://ex.org/variable#123	1
http://ex.org/variable#182 http://www.ibm.com/timex#oi http://ex.org/variable#124	1
http://ex.org/variable#182 http://www.ibm.com/timex#d http://ex.org/variable#125	1
http://ex.org/variable#182 http://www.ibm.com/timex#o http://ex.org/variable#126	1
http://ex.org/variable#182 http://www.ibm.com/timex#b http://ex.org/variable#127	1
http://ex.org/variable#182 http://www.ibm.com/timex#d http://ex.org/variable#128	1
http://ex.org/variable#182 http://www.ibm.com/timex#oi http://ex.org/variable#129	1
http://ex.org/variable#182 http://www.ibm.com/timex#oi http://ex.org/variable#130	1
http://ex.org/variable#182 http://www.ibm.com/timex#b http://ex.org/variable#131	1
http://ex.org/variable#182 http://www.ibm.com/timex#d http://ex.org/variable#132	1
http://ex.org/variable#182 http://www.ibm.com/timex#d http://ex.org/variable#133	1
http://ex.org/variable#182 http://www.ibm.com/timex#d http://ex.org/variable#134	1
http://ex.org/variable#182 http://www.ibm.com/timex#d http://ex.org/variable#135	1
http://ex.org/variable#182 http://www.ibm.com/timex#d http://ex.org/variable#136	1
http://ex.org/variable#182 http://www.ibm.com/timex#d http://ex.org/variable#137	1
http://ex.org/variable#182 http://www.ibm.com/timex#b http://ex.org/variable#138	1
http://ex.org/variable#182 http://www.ibm.com/timex#oi http://ex.org/variable#139	1
http://ex.org/variable#182 http://www.ibm.com/timex#d_f http://ex.org/variable#140	1
http://ex.org/variable#182 http://www.ibm.com/timex#d http://ex.org/variable#141	1
http://ex.org/variable#182 http://www.ibm.com/timex#d http://ex.org/variable#142	1
http://ex.org/variable#182 http://www.ibm.com/timex#d http://ex.org/variable#143	1
http://ex.org/variable#182 http://www.ibm.com/timex#d http://ex.org/variable#144	1
http://ex.org/variable#182 http://www.ibm.com/timex#b http://ex.org/variable#145	1
http://ex.org/variable#182 http://www.ibm.com/timex#d http://ex.org/variable#146	1
http://ex.org/variable#182 http://www.ibm.com/timex#d http://ex.org/variable#147	1
http://ex.org/variable#182 http://www.ibm.com/timex#d http://ex.org/variable#148	1
http://ex.org/variable#182 http://www.ibm.com/timex#bi_oi http://ex.org/variable#149	1
http://ex.org/variable#182 http://www.ibm.com/timex#b http://ex.org/variable#150	1
http://ex.org/variable#182 http://www.ibm.com/timex#d http://ex.org/variable#151	1
http://ex.org/variable#182 http://www.ibm.com/timex#bi http://ex.org/variable#152	1
http://ex.org/variable#182 http://www.ibm.com/timex#d http://ex.org/variable#153	1
http://ex.org/variable#182 http://www.ibm.com/timex#d http://ex.org/variable#154	1
http://ex.org/variable#182 http://www.ibm.com/timex#d http://ex.org/variable#155	1
http://ex.org/variable#182 http://www.ibm.com/timex#d http://ex.org/variable#156	1
http://ex.org/variable#182 http://www.ibm.com/timex#bi http://ex.org/variable#157	1
http://ex.org/variable#182 http://www.ibm.com/timex#d http://ex.org/variable#158	1
http://ex.org/variable#182 http://www.ibm.com/timex#d http://ex.org/variable#159	1
http://ex.org/variable#182 http://www.ibm.com/timex#d http://ex.org/variable#160	1
http://ex.org/variable#182 http://www.ibm.com/timex#d http://ex.org/variable#161	1
http://ex.org/variable#182 http://www.ibm.com/timex#oi_d http://ex.org/variable#162	1
http://ex.org/variable#182 http://www.ibm.com/timex#o http://ex.org/variable#163	1
http://ex.org/variable#182 http://www.ibm.com/timex#d http://ex.org/variable#164	1
http://ex.org/variable#182 http://www.ibm.com/timex#d http://ex.org/variable#165	1
http://ex.org/variable#182 http://www.ibm.com/timex#d http://ex.org/variable#166	1
http://ex.org/variable#182 http://www.ibm.com/timex#d http://ex.org/variable#167	1
http://ex.org/variable#182 http://www.ibm.com/timex#o http://ex.org/variable#168	1
http://ex.org/variable#182 http://www.ibm.com/timex#d http://ex.org/variable#169	1
http://ex.org/variable#182 http://www.ibm.com/timex#b http://ex.org/variable#170	1
http://ex.org/variable#182 http://www.ibm.com/timex#d http://ex.org/variable#171	1
http://ex.org/variable#182 http://www.ibm.com/timex#bi http://ex.org/variable#172	1
http://ex.org/variable#182 http://www.ibm.com/timex#b http://ex.org/variable#173	1
http://ex.org/variable#182 http://www.ibm.com/timex#o http://ex.org/variable#174	1
http://ex.org/variable#182 http://www.ibm.com/timex#d http://ex.org/variable#175	1
http://ex.org/variable#182 http://www.ibm.com/timex#d http://ex.org/variable#176	1
http://ex.org/variable#182 http://www.ibm.com/timex#d http://ex.org/variable#177	1
http://ex.org/variable#182 http://www.ibm.com/timex#d http://ex.org/variable#178	1
http://ex.org/variable#182 http://www.ibm.com/timex#d http://ex.org/variable#179	1
http://ex.org/variable#182 http://www.ibm.com/timex#bi http://ex.org/variable#180	1
http://ex.org/variable#182 http://www.ibm.com/timex#bi http://ex.org/variable#181	1
http://ex.org/variable#182 http://www.ibm.com/timex#b http://ex.org/variable#183	1
http://ex.org/variable#182 http://www.ibm.com/timex#d http://ex.org/variable#184	1
http://ex.org/variable#182 http://www.ibm.com/timex#d http://ex.org/variable#185	1
http://ex.org/variable#182 http://www.ibm.com/timex#o http://ex.org/variable#186	1
http://ex.org/variable#182 http://www.ibm.com/timex#d http://ex.org/variable#187	1
http://ex.org/variable#182 http://www.ibm.com/timex#o http://ex.org/variable#188	1
http://ex.org/variable#182 http://www.ibm.com/timex#d http://ex.org/variable#189	1
http://ex.org/variable#183 http://www.ibm.com/timex#d http://ex.org/variable#0	1
http://ex.org/variable#183 http://www.ibm.com/timex#o http://ex.org/variable#1	1
http://ex.org/variable#183 http://www.ibm.com/timex#d http://ex.org/variable#2	1
http://ex.org/variable#183 http://www.ibm.com/timex#oi http://ex.org/variable#3	1
http://ex.org/variable#183 http://www.ibm.com/timex#d http://ex.org/variable#4	1
http://ex.org/variable#183 http://www.ibm.com/timex#bi http://ex.org/variable#5	1
http://ex.org/variable#183 http://www.ibm.com/timex#oi http://ex.org/variable#6	1
http://ex.org/variable#183 http://www.ibm.com/timex#d http://ex.org/variable#7	1
http://ex.org/variable#183 http://www.ibm.com/timex#bi http://ex.org/variable#8	1
http://ex.org/variable#183 http://www.ibm.com/timex#d http://ex.org/variable#9	1
http://ex.org/variable#183 http://www.ibm.com/timex#oi http://ex.org/variable#10	1
http://ex.org/variable#183 http://www.ibm.com/timex#oi_d_f http://ex.org/variable#11	1
http://ex.org/variable#183 http://www.ibm.com/timex#d http://ex.org/variable#12	1
http://ex.org/variable#183 http://www.ibm.com/timex#bi http://ex.org/variable#13	1
http://ex.org/variable#183 http://www.ibm.com/timex#bi http://ex.org/variable#14	1
http://ex.org/variable#183 http://www.ibm.com/timex#oi http://ex.org/variable#15	1
http://ex.org/variable#183 http://www.ibm.com/timex#oi http://ex.org/variable#16	1
http://ex.org/variable#183 http://www.ibm.com/timex#di http://ex.org/variable#17	1
http://ex.org/variable#183 http://www.ibm.com/timex#oi http://ex.org/variable#18	1
http://ex.org/variable#183 http://www.ibm.com/timex#bi http://ex.org/variable#19	1
http://ex.org/variable#183 http://www.ibm.com/timex#d http://ex.org/variable#20	1
http://ex.org/variable#183 http://www.ibm.com/timex#di http://ex.org/variable#21	1
http://ex.org/variable#183 http://www.ibm.com/timex#d http://ex.org/variable#22	1
http://ex.org/variable#183 http://www.ibm.com/timex#bi http://ex.org/variable#23	1
http://ex.org/variable#183 http://www.ibm.com/timex#d http://ex.org/variable#24	1
http://ex.org/variable#183 http://www.ibm.com/timex#bi http://ex.org/variable#25	1
http://ex.org/variable#183 http://www.ibm.com/timex#di http://ex.org/variable#26	1
http://ex.org/variable#183 http://www.ibm.com/timex#bi http://ex.org/variable#27	1
http://ex.org/variable#183 http://www.ibm.com/timex#oi http://ex.org/variable#28	1
http://ex.org/variable#183 http://www.ibm.com/timex#oi http://ex.org/variable#29	1
http://ex.org/variable#183 http://www.ibm.com/timex#bi http://ex.org/variable#30	1
http://ex.org/variable#183 http://www.ibm.com/timex#bi http://ex.org/variable#31	1
http://ex.org/variable#183 http://www.ibm.com/timex#bi http://ex.org/variable#32	1
http://ex.org/variable#183 http://www.ibm.com/timex#o http://ex.org/variable#33	1
http://ex.org/variable#183 http://www.ibm.com/timex#oi http://ex.org/variable#34	1
http://ex.org/variable#183 http://www.ibm.com/timex#bi http://ex.org/variable#35	1
http://ex.org/variable#183 http://www.ibm.com/timex#bi http://ex.org/variable#36	1
http://ex.org/variable#183 http://www.ibm.com/timex#bi http://ex.org/variable#37	1
http://ex.org/variable#183 http://www.ibm.com/timex#oi http://ex.org/variable#38	1
http://ex.org/variable#183 http://www.ibm.com/timex#di http://ex.org/variable#39	1
http://ex.org/variable#183 http://www.ibm.com/timex#oi http://ex.org/variable#40	1
http://ex.org/variable#183 http://www.ibm.com/timex#oi http://ex.org/variable#41	1
http://ex.org/variable#183 http://www.ibm.com/timex#d http://ex.org/variable#42	1
http://ex.org/variable#183 http://www.ibm.com/timex#oi http://ex.org/variable#43	1
http://ex.org/variable#183 http://www.ibm.com/timex#oi http://ex.org/variable#44	1
http://ex.org/variable#183 http://www.ibm.com/timex#d http://ex.org/variable#45	1
http://ex.org/variable#183 http://www.ibm.com/timex#bi http://ex.org/variable#46	1
http://ex.org/variable#183 http://www.ibm.com/timex#oi http://ex.org/variable#47	1
http://ex.org/variable#183 http://www.ibm.com/timex#di http://ex.org/variable#48	1
http://ex.org/variable#183 http://www.ibm.com/timex#bi http://ex.org/variable#49	1
http://ex.org/variable#183 http://www.ibm.com/timex#d http://ex.org/variable#50	1
http://ex.org/variable#183 http://www.ibm.com/timex#di http://ex.org/variable#51	1
http://ex.org/variable#183 http://www.ibm.com/timex#oi http://ex.org/variable#52	1
http://ex.org/variable#183 http://www.ibm.com/timex#oi http://ex.org/variable#53	1
http://ex.org/variable#183 http://www.ibm.com/timex#oi http://ex.org/variable#54	1
http://ex.org/variable#183 http://www.ibm.com/timex#oi http://ex.org/variable#55	1
http://ex.org/variable#183 http://www.ibm.com/timex#bi http://ex.org/variable#56	1
http://ex.org/variable#183 http://www.ibm.com/timex#bi http://ex.org/variable#57	1
http://ex.org/variable#183 http://www.ibm.com/timex#oi http://ex.org/variable#58	1
http://ex.org/variable#183 http://www.ibm.com/timex#d http://ex.org/variable#59	1
http://ex.org/variable#183 http://www.ibm.com/timex#d http://ex.org/variable#60	1
http://ex.org/variable#183 http://www.ibm.com/timex#d http://ex.org/variable#61	1
http://ex.org/variable#183 http://www.ibm.com/timex#d http://ex.org/variable#62	1
http://ex.org/variable#183 http://www.ibm.com/timex#oi http://ex.org/variable#63	1
http://ex.org/variable#183 http://www.ibm.com/timex#oi_d_f http://ex.org/variable#64	1
http://ex.org/variable#183 http://www.ibm.com/timex#bi http://ex.org/variable#65	1
http://ex.org/variable#183 http://www.ibm.com/timex#bi http://ex.org/variable#66	1
http://ex.org/variable#183 http://www.ibm.com/timex#d http://ex.org/variable#67	1
http://ex.org/variable#183 http://www.ibm.com/timex#d http://ex.org/variable#68	1
http://ex.org/variable#183 http://www.ibm.com/timex#bi http://ex.org/variable#69	1
http://ex.org/variable#183 http://www.ibm.com/timex#d http://ex.org/variable#70	1
http://ex.org/variable#183 http://www.ibm.com/timex#bi http://ex.org/variable#71	1
http://ex.org/variable#183 http://www.ibm.com/timex#oi http://ex.org/variable#72	1
http://ex.org/variable#183 http://www.ibm.com/timex#oi http://ex.org/variable#73	1
http://ex.org/variable#183 http://www.ibm.com/timex#d http://ex.org/variable#74	1
http://ex.org/variable#183 http://www.ibm.com/timex#oi http://ex.org/variable#75	1
http://ex.org/variable#183 http://www.ibm.com/timex#oi http://ex.org/variable#76	1
http://ex.org/variable#183 http://www.ibm.com/timex#d http://ex.org/variable#77	1
http://ex.org/variable#183 http://www.ibm.com/timex#oi http://ex.org/variable#78	1
http://ex.org/variable#183 http://www.ibm.com/timex#bi http://ex.org/variable#79	1
http://ex.org/variable#183 http://www.ibm.com/timex#d http://ex.org/variable#80	1
http://ex.org/variable#183 http://www.ibm.com/timex#bi http://ex.org/variable#81	1
http://ex.org/variable#183 http://www.ibm.com/timex#bi http://ex.org/variable#82	1
http://ex.org/variable#183 http://www.ibm.com/timex#f http://ex.org/variable#83	1
http://ex.org/variable#183 http://www.ibm.com/timex#oi http://ex.org/variable#84	1
http://ex.org/variable#183 http://www.ibm.com/timex#di http://ex.org/variable#85	1
http://ex.org/variable#183 http://www.ibm.com/timex#d http://ex.org/variable#86	1
http://ex.org/variable#183 http://www.ibm.com/timex#d http://ex.org/variable#87	1
http://ex.org/variable#183 http://www.ibm.com/timex#di http://ex.org/variable#88	1
http://ex.org/variable#183 http://www.ibm.com/timex#d http://ex.org/variable#89	1
http://ex.org/variable#183 http://www.ibm.com/timex#oi http://ex.org/variable#90	1
http://ex.org/variable#183 http://www.ibm.com/timex#d http://ex.org/variable#91	1
http://ex.org/variable#183 http://www.ibm.com/timex#d http://ex.org/variable#92	1
http://ex.org/variable#183 http://www.ibm.com/timex#oi http://ex.org/variable#93	1
http://ex.org/variable#183 http://www.ibm.com/timex#bi http://ex.org/variable#94	1
http://ex.org/variable#183 http://www.ibm.com/timex#bi http://ex.org/variable#95	1
http://ex.org/variable#183 http://www.ibm.com/timex#bi http://ex.org/variable#96	1
http://ex.org/variable#183 http://www.ibm.com/timex#oi http://ex.org/variable#97	1
http://ex.org/variable#183 http://www.ibm.com/timex#o http://ex.org/variable#98	1
http://ex.org/variable#183 http://www.ibm.com/timex#di http://ex.org/variable#99	1
http://ex.org/variable#183 http://www.ibm.com/timex#bi http://ex.org/variable#100	1
http://ex.org/variable#183 http://www.ibm.com/timex#d http://ex.org/variable#101	1
http://ex.org/variable#183 http://www.ibm.com/timex#oi http://ex.org/variable#102	1
http://ex.org/variable#183 http://www.ibm.com/timex#oi http://ex.org/variable#103	1
http://ex.org/variable#183 http://www.ibm.com/timex#o_di http://ex.org/variable#104	1
http://ex.org/variable#183 http://www.ibm.com/timex#oi http://ex.org/variable#105	1
http://ex.org/variable#183 http://www.ibm.com/timex#d http://ex.org/variable#106	1
http://ex.org/variable#183 http://www.ibm.com/timex#oi http://ex.org/variable#107	1
http://ex.org/variable#183 http://www.ibm.com/timex#bi http://ex.org/variable#108	1
http://ex.org/variable#183 http://www.ibm.com/timex#oi http://ex.org/variable#109	1
http://ex.org/variable#183 http://www.ibm.com/timex#oi_d http://ex.org/variable#110	1
http://ex.org/variable#183 http://www.ibm.com/timex#oi http://ex.org/variable#111	1
http://ex.org/variable#183 http://www.ibm.com/timex#oi http://ex.org/variable#112	1
http://ex.org/variable#183 http://www.ibm.com/timex#bi http://ex.org/variable#113	1
http://ex.org/variable#183 http://www.ibm.com/timex#oi http://ex.org/variable#114	1
http://ex.org/variable#183 http://www.ibm.com/timex#di http://ex.org/variable#115	1
http://ex.org/variable#183 http://www.ibm.com/timex#mi http://ex.org/variable#116	1
http://ex.org/variable#183 http://www.ibm.com/timex#bi http://ex.org/variable#117	1
http://ex.org/variable#183 http://www.ibm.com/timex#bi http://ex.org/variable#118	1
http://ex.org/variable#183 http://www.ibm.com/timex#f http://ex.org/variable#119	1
http://ex.org/variable#183 http://www.ibm.com/timex#bi http://ex.org/variable#120	1
http://ex.org/variable#183 http://www.ibm.com/timex#di http://ex.org/variable#121	1
http://ex.org/variable#183 http://www.ibm.com/timex#oi http://ex.org/variable#122	1
http://ex.org/variable#183 http://www.ibm.com/timex#d http://ex.org/variable#123	1
http://ex.org/variable#183 http://www.ibm.com/timex#bi http://ex.org/variable#124	1
http://ex.org/variable#183 http://www.ibm.com/timex#bi http://ex.org/variable#125	1
http://ex.org/variable#183 http://www.ibm.com/timex#oi http://ex.org/variable#126	1
http://ex.org/variable#183 http://www.ibm.com/timex#di http://ex.org/variable#127	1
http://ex.org/variable#183 http://www.ibm.com/timex#d http://ex.org/variable#128	1
http://ex.org/variable#183 http://www.ibm.com/timex#bi http://ex.org/variable#129	1
http://ex.org/variable#183 http://www.ibm.com/timex#bi http://ex.org/variable#130	1
http://ex.org/variable#183 http://www.ibm.com/timex#o http://ex.org/variable#131	1
http://ex.org/variable#183 http://www.ibm.com/timex#oi_f http://ex.org/variable#132	1
http://ex.org/variable#183 http://www.ibm.com/timex#d http://ex.org/variable#133	1
http://ex.org/variable#183 http://www.ibm.com/timex#bi http://ex.org/variable#134	1
http://ex.org/variable#183 http://www.ibm.com/timex#d http://ex.org/variable#135	1
http://ex.org/variable#183 http://www.ibm.com/timex#d http://ex.org/variable#136	1
http://ex.org/variable#183 http://www.ibm.com/timex#bi http://ex.org/variable#137	1
http://ex.org/variable#183 http://www.ibm.com/timex#o http://ex.org/variable#138	1
http://ex.org/variable#183 http://www.ibm.com/timex#bi http://ex.org/variable#139	1
http://ex.org/variable#183 http://www.ibm.com/timex#bi http://ex.org/variable#140	1
http://ex.org/variable#183 http://www.ibm.com/timex#d http://ex.org/variable#141	1
http://ex.org/variable#183 http://www.ibm.com/timex#bi http://ex.org/variable#142	1
http://ex.org/variable#183 http://www.ibm.com/timex#d http://ex.org/variable#143	1
http://ex.org/variable#183 http://www.ibm.com/timex#d http://ex.org/variable#144	1
http://ex.org/variable#183 http://www.ibm.com/timex#di http://ex.org/variable#145	1
http://ex.org/variable#183 http://www.ibm.com/timex#d http://ex.org/variable#146	1
http://ex.org/variable#183 http://www.ibm.com/timex#oi http://ex.org/variable#147	1
http://ex.org/variable#183 http://www.ibm.com/timex#oi http://ex.org/variable#148	1
http://ex.org/variable#183 http://www.ibm.com/timex#bi http://ex.org/variable#149	1
http://ex.org/variable#183 http://www.ibm.com/timex#o http://ex.org/variable#150	1
http://ex.org/variable#183 http://www.ibm.com/timex#d http://ex.org/variable#151	1
http://ex.org/variable#183 http://www.ibm.com/timex#bi http://ex.org/variable#152	1
http://ex.org/variable#183 http://www.ibm.com/timex#d http://ex.org/variable#153	1
http://ex.org/variable#183 http://www.ibm.com/timex#bi http://ex.org/variable#154	1
http://ex.org/variable#183 http://www.ibm.com/timex#oi http://ex.org/variable#155	1
http://ex.org/variable#183 http://www.ibm.com/timex#oi http://ex.org/variable#156	1
http://ex.org/variable#183 http://www.ibm.com/timex#bi http://ex.org/variable#157	1
http://ex.org/variable#183 http://www.ibm.com/timex#bi http://ex.org/variable#158	1
http://ex.org/variable#183 http://www.ibm.com/timex#d http://ex.org/variable#159	1
http://ex.org/variable#183 http://www.ibm.com/timex#oi http://ex.org/variable#160	1
http://ex.org/variable#183 http://www.ibm.com/timex#bi http://ex.org/variable#161	1
http://ex.org/variable#183 http://www.ibm.com/timex#bi http://ex.org/variable#162	1
http://ex.org/variable#183 http://www.ibm.com/timex#oi http://ex.org/variable#163	1
http://ex.org/variable#183 http://www.ibm.com/timex#d http://ex.org/variable#164	1
http://ex.org/variable#183 http://www.ibm.com/timex#bi http://ex.org/variable#165	1
http://ex.org/variable#183 http://www.ibm.com/timex#bi http://ex.org/variable#166	1
http://ex.org/variable#183 http://www.ibm.com/timex#oi http://ex.org/variable#167	1
http://ex.org/variable#183 http://www.ibm.com/timex#d http://ex.org/variable#168	1
http://ex.org/variable#183 http://www.ibm.com/timex#oi http://ex.org/variable#169	1
http://ex.org/variable#183 http://www.ibm.com/timex#o http://ex.org/variable#170	1
http://ex.org/variable#183 http://www.ibm.com/timex#bi http://ex.org/variable#171	1
http://ex.org/variable#183 http://www.ibm.com/timex#bi http://ex.org/variable#172	1
http://ex.org/variable#183 http://www.ibm.com/timex#di http://ex.org/variable#173	1
http://ex.org/variable#183 http://www.ibm.com/timex#oi http://ex.org/variable#174	1
http://ex.org/variable#183 http://www.ibm.com/timex#oi http://ex.org/variable#175	1
http://ex.org/variable#183 http://www.ibm.com/timex#d http://ex.org/variable#176	1
http://ex.org/variable#183 http://www.ibm.com/timex#oi http://ex.org/variable#177	1
http://ex.org/variable#183 http://www.ibm.com/timex#d http://ex.org/variable#178	1
http://ex.org/variable#183 http://www.ibm.com/timex#f http://ex.org/variable#179	1
http://ex.org/variable#183 http://www.ibm.com/timex#bi http://ex.org/variable#180	1
http://ex.org/variable#183 http://www.ibm.com/timex#bi http://ex.org/variable#181	1
http://ex.org/variable#183 http://www.ibm.com/timex#bi http://ex.org/variable#182	1
http://ex.org/variable#183 http://www.ibm.com/timex#bi http://ex.org/variable#184	1
http://ex.org/variable#183 http://www.ibm.com/timex#oi http://ex.org/variable#185	1
http://ex.org/variable#183 http://www.ibm.com/timex#oi http://ex.org/variable#186	1
http://ex.org/variable#183 http://www.ibm.com/timex#oi http://ex.org/variable#187	1
http://ex.org/variable#183 http://www.ibm.com/timex#oi http://ex.org/variable#188	1
http://ex.org/variable#183 http://www.ibm.com/timex#bi http://ex.org/variable#189	1
http://ex.org/variable#184 http://www.ibm.com/timex#o http://ex.org/variable#0	1
http://ex.org/variable#184 http://www.ibm.com/timex#b http://ex.org/variable#1	1
http://ex.org/variable#184 http://www.ibm.com/timex#o http://ex.org/variable#2	1
http://ex.org/variable#184 http://www.ibm.com/timex#o http://ex.org/variable#3	1
http://ex.org/variable#184 http://www.ibm.com/timex#o http://ex.org/variable#4	1
http://ex.org/variable#184 http://www.ibm.com/timex#di http://ex.org/variable#5	1
http://ex.org/variable#184 http://www.ibm.com/timex#o http://ex.org/variable#6	1
http://ex.org/variable#184 http://www.ibm.com/timex#o http://ex.org/variable#7	1
http://ex.org/variable#184 http://www.ibm.com/timex#oi http://ex.org/variable#8	1
http://ex.org/variable#184 http://www.ibm.com/timex#o http://ex.org/variable#9	1
http://ex.org/variable#184 http://www.ibm.com/timex#o http://ex.org/variable#10	1
http://ex.org/variable#184 http://www.ibm.com/timex#o http://ex.org/variable#11	1
http://ex.org/variable#184 http://www.ibm.com/timex#d http://ex.org/variable#12	1
http://ex.org/variable#184 http://www.ibm.com/timex#di http://ex.org/variable#13	1
http://ex.org/variable#184 http://www.ibm.com/timex#o http://ex.org/variable#14	1
http://ex.org/variable#184 http://www.ibm.com/timex#s http://ex.org/variable#15	1
http://ex.org/variable#184 http://www.ibm.com/timex#o http://ex.org/variable#16	1
http://ex.org/variable#184 http://www.ibm.com/timex#b http://ex.org/variable#17	1
http://ex.org/variable#184 http://www.ibm.com/timex#o http://ex.org/variable#18	1
http://ex.org/variable#184 http://www.ibm.com/timex#di http://ex.org/variable#19	1
http://ex.org/variable#184 http://www.ibm.com/timex#d http://ex.org/variable#20	1
http://ex.org/variable#184 http://www.ibm.com/timex#b http://ex.org/variable#21	1
http://ex.org/variable#184 http://www.ibm.com/timex#o http://ex.org/variable#22	1
http://ex.org/variable#184 http://www.ibm.com/timex#di http://ex.org/variable#23	1
http://ex.org/variable#184 http://www.ibm.com/timex#d http://ex.org/variable#24	1
http://ex.org/variable#184 http://www.ibm.com/timex#oi http://ex.org/variable#25	1
http://ex.org/variable#184 http://www.ibm.com/timex#b http://ex.org/variable#26	1
http://ex.org/variable#184 http://www.ibm.com/timex#oi http://ex.org/variable#27	1
http://ex.org/variable#184 http://www.ibm.com/timex#o http://ex.org/variable#28	1
http://ex.org/variable#184 http://www.ibm.com/timex#o http://ex.org/variable#29	1
http://ex.org/variable#184 http://www.ibm.com/timex#di http://ex.org/variable#30	1
http://ex.org/variable#184 http://www.ibm.com/timex#oi http://ex.org/variable#31	1
http://ex.org/variable#184 http://www.ibm.com/timex#oi http://ex.org/variable#32	1
http://ex.org/variable#184 http://www.ibm.com/timex#b http://ex.org/variable#33	1
http://ex.org/variable#184 http://www.ibm.com/timex#o http://ex.org/variable#34	1
http://ex.org/variable#184 http://www.ibm.com/timex#di http://ex.org/variable#35	1
http://ex.org/variable#184 http://www.ibm.com/timex#oi http://ex.org/variable#36	1
http://ex.org/variable#184 http://www.ibm.com/timex#si http://ex.org/variable#37	1
http://ex.org/variable#184 http://www.ibm.com/timex#d http://ex.org/variable#38	1
http://ex.org/variable#184 http://www.ibm.com/timex#b http://ex.org/variable#39	1
http://ex.org/variable#184 http://www.ibm.com/timex#d http://ex.org/variable#40	1
http://ex.org/variable#184 http://www.ibm.com/timex#o http://ex.org/variable#41	1
http://ex.org/variable#184 http://www.ibm.com/timex#o http://ex.org/variable#42	1
http://ex.org/variable#184 http://www.ibm.com/timex#d http://ex.org/variable#43	1
http://ex.org/variable#184 http://www.ibm.com/timex#d http://ex.org/variable#44	1
http://ex.org/variable#184 http://www.ibm.com/timex#o http://ex.org/variable#45	1
http://ex.org/variable#184 http://www.ibm.com/timex#d http://ex.org/variable#46	1
http://ex.org/variable#184 http://www.ibm.com/timex#d http://ex.org/variable#47	1
http://ex.org/variable#184 http://www.ibm.com/timex#b http://ex.org/variable#48	1
http://ex.org/variable#184 http://www.ibm.com/timex#oi http://ex.org/variable#49	1
http://ex.org/variable#184 http://www.ibm.com/timex#o http://ex.org/variable#50	1
http://ex.org/variable#184 http://www.ibm.com/timex#b http://ex.org/variable#51	1
http://ex.org/variable#184 http://www.ibm.com/timex#d http://ex.org/variable#52	1
http://ex.org/variable#184 http://www.ibm.com/timex#d http://ex.org/variable#53	1
http://ex.org/variable#184 http://www.ibm.com/timex#o http://ex.org/variable#54	1
http://ex.org/variable#184 http://www.ibm.com/timex#o http://ex.org/variable#55	1
http://ex.org/variable#184 http://www.ibm.com/timex#di http://ex.org/variable#56	1
http://ex.org/variable#184 http://www.ibm.com/timex#d http://ex.org/variable#57	1
http://ex.org/variable#184 http://www.ibm.com/timex#o http://ex.org/variable#58	1
http://ex.org/variable#184 http://www.ibm.com/timex#o http://ex.org/variable#59	1
http://ex.org/variable#184 http://www.ibm.com/timex#d http://ex.org/variable#60	1
http://ex.org/variable#184 http://www.ibm.com/timex#d http://ex.org/variable#61	1
http://ex.org/variable#184 http://www.ibm.com/timex#o http://ex.org/variable#62	1
http://ex.org/variable#184 http://www.ibm.com/timex#d http://ex.org/variable#63	1
http://ex.org/variable#184 http://www.ibm.com/timex#d http://ex.org/variable#64	1
http://ex.org/variable#184 http://www.ibm.com/timex#di http://ex.org/variable#65	1
http://ex.org/variable#184 http://www.ibm.com/timex#oi http://ex.org/variable#66	1
http://ex.org/variable#184 http://www.ibm.com/timex#o http://ex.org/variable#67	1
http://ex.org/variable#184 http://www.ibm.com/timex#o http://ex.org/variable#68	1
http://ex.org/variable#184 http://www.ibm.com/timex#o http://ex.org/variable#69	1
http://ex.org/variable#184 http://www.ibm.com/timex#o http://ex.org/variable#70	1
http://ex.org/variable#184 http://www.ibm.com/timex#o http://ex.org/variable#71	1
http://ex.org/variable#184 http://www.ibm.com/timex#o http://ex.org/variable#72	1
http://ex.org/variable#184 http://www.ibm.com/timex#o http://ex.org/variable#73	1
http://ex.org/variable#184 http://www.ibm.com/timex#o http://ex.org/variable#74	1
http://ex.org/variable#184 http://www.ibm.com/timex#o http://ex.org/variable#75	1
http://ex.org/variable#184 http://www.ibm.com/timex#o http://ex.org/variable#76	1
http://ex.org/variable#184 http://www.ibm.com/timex#o http://ex.org/variable#77	1
http://ex.org/variable#184 http://www.ibm.com/timex#o http://ex.org/variable#78	1
http://ex.org/variable#184 http://www.ibm.com/timex#oi http://ex.org/variable#79	1
http://ex.org/variable#184 http://www.ibm.com/timex#d http://ex.org/variable#80	1
http://ex.org/variable#184 http://www.ibm.com/timex#d http://ex.org/variable#81	1
http://ex.org/variable#184 http://www.ibm.com/timex#di http://ex.org/variable#82	1
http://ex.org/variable#184 http://www.ibm.com/timex#d http://ex.org/variable#83	1
http://ex.org/variable#184 http://www.ibm.com/timex#o http://ex.org/variable#84	1
http://ex.org/variable#184 http://www.ibm.com/timex#b http://ex.org/variable#85	1
http://ex.org/variable#184 http://www.ibm.com/timex#d http://ex.org/variable#86	1
http://ex.org/variable#184 http://www.ibm.com/timex#o http://ex.org/variable#87	1
http://ex.org/variable#184 http://www.ibm.com/timex#b http://ex.org/variable#88	1
http://ex.org/variable#184 http://www.ibm.com/timex#o http://ex.org/variable#89	1
http://ex.org/variable#184 http://www.ibm.com/timex#o http://ex.org/variable#90	1
http://ex.org/variable#184 http://www.ibm.com/timex#o http://ex.org/variable#91	1
http://ex.org/variable#184 http://www.ibm.com/timex#o http://ex.org/variable#92	1
http://ex.org/variable#184 http://www.ibm.com/timex#o http://ex.org/variable#93	1
http://ex.org/variable#184 http://www.ibm.com/timex#o http://ex.org/variable#94	1
http://ex.org/variable#184 http://www.ibm.com/timex#di http://ex.org/variable#95	1
http://ex.org/variable#184 http://www.ibm.com/timex#di http://ex.org/variable#96	1
http://ex.org/variable#184 http://www.ibm.com/timex#o http://ex.org/variable#97	1
http://ex.org/variable#184 http://www.ibm.com/timex#b http://ex.org/variable#98	1
http://ex.org/variable#184 http://www.ibm.com/timex#b http://ex.org/variable#99	1
http://ex.org/variable#184 http://www.ibm.com/timex#oi http://ex.org/variable#100	1
http://ex.org/variable#184 http://www.ibm.com/timex#o http://ex.org/variable#101	1
http://ex.org/variable#184 http://www.ibm.com/timex#o http://ex.org/variable#102	1
http://ex.org/variable#184 http://www.ibm.com/timex#d http://ex.org/variable#103	1
http://ex.org/variable#184 http://www.ibm.com/timex#b http://ex.org/variable#104	1
http://ex.org/variable#184 http://www.ibm.com/timex#o http://ex.org/variable#105	1
http://ex.org/variable#184 http://www.ibm.com/timex#d http://ex.org/variable#106	1
http://ex.org/variable#184 http://www.ibm.com/timex#o http://ex.org/variable#107	1
http://ex.org/variable#184 http://www.ibm.com/timex#di http://ex.org/variable#108	1
http://ex.org/variable#184 http://www.ibm.com/timex#o http://ex.org/variable#109	1
http://ex.org/variable#184 http://www.ibm.com/timex#d http://ex.org/variable#110	1
http://ex.org/variable#184 http://www.ibm.com/timex#o http://ex.org/variable#111	1
http://ex.org/variable#184 http://www.ibm.com/timex#d http://ex.org/variable#112	1
http://ex.org/variable#184 http://www.ibm.com/timex#di http://ex.org/variable#113	1
http://ex.org/variable#184 http://www.ibm.com/timex#o http://ex.org/variable#114	1
http://ex.org/variable#184 http://www.ibm.com/timex#b http://ex.org/variable#115	1
http://ex.org/variable#184 http://www.ibm.com/timex#o http://ex.org/variable#116	1
http://ex.org/variable#184 http://www.ibm.com/timex#oi http://ex.org/variable#117	1
http://ex.org/variable#184 http://www.ibm.com/timex#di http://ex.org/variable#118	1
http://ex.org/variable#184 http://www.ibm.com/timex#d http://ex.org/variable#119	1
http://ex.org/variable#184 http://www.ibm.com/timex#di http://ex.org/variable#120	1
http://ex.org/variable#184 http://www.ibm.com/timex#b http://ex.org/variable#121	1
http://ex.org/variable#184 http://www.ibm.com/timex#d http://ex.org/variable#122	1
http://ex.org/variable#184 http://www.ibm.com/timex#o http://ex.org/variable#123	1
http://ex.org/variable#184 http://www.ibm.com/timex#oi http://ex.org/variable#124	1
http://ex.org/variable#184 http://www.ibm.com/timex#oi http://ex.org/variable#125	1
http://ex.org/variable#184 http://www.ibm.com/timex#o http://ex.org/variable#126	1
http://ex.org/variable#184 http://www.ibm.com/timex#b http://ex.org/variable#127	1
http://ex.org/variable#184 http://www.ibm.com/timex#o http://ex.org/variable#128	1
http://ex.org/variable#184 http://www.ibm.com/timex#oi http://ex.org/variable#129	1
http://ex.org/variable#184 http://www.ibm.com/timex#di http://ex.org/variable#130	1
http://ex.org/variable#184 http://www.ibm.com/timex#b http://ex.org/variable#131	1
http://ex.org/variable#184 http://www.ibm.com/timex#d http://ex.org/variable#132	1
http://ex.org/variable#184 http://www.ibm.com/timex#o http://ex.org/variable#133	1
http://ex.org/variable#184 http://www.ibm.com/timex#oi http://ex.org/variable#134	1
http://ex.org/variable#184 http://www.ibm.com/timex#o http://ex.org/variable#135	1
http://ex.org/variable#184 http://www.ibm.com/timex#o http://ex.org/variable#136	1
http://ex.org/variable#184 http://www.ibm.com/timex#di http://ex.org/variable#137	1
http://ex.org/variable#184 http://www.ibm.com/timex#b http://ex.org/variable#138	1
http://ex.org/variable#184 http://www.ibm.com/timex#di http://ex.org/variable#139	1
http://ex.org/variable#184 http://www.ibm.com/timex#di http://ex.org/variable#140	1
http://ex.org/variable#184 http://www.ibm.com/timex#d http://ex.org/variable#141	1
http://ex.org/variable#184 http://www.ibm.com/timex#di http://ex.org/variable#142	1
http://ex.org/variable#184 http://www.ibm.com/timex#o http://ex.org/variable#143	1
http://ex.org/variable#184 http://www.ibm.com/timex#o http://ex.org/variable#144	1
http://ex.org/variable#184 http://www.ibm.com/timex#b http://ex.org/variable#145	1
http://ex.org/variable#184 http://www.ibm.com/timex#o http://ex.org/variable#146	1
http://ex.org/variable#184 http://www.ibm.com/timex#o http://ex.org/variable#147	1
http://ex.org/variable#184 http://www.ibm.com/timex#o http://ex.org/variable#148	1
http://ex.org/variable#184 http://www.ibm.com/timex#oi http://ex.org/variable#149	1
http://ex.org/variable#184 http://www.ibm.com/timex#b http://ex.org/variable#150	1
http://ex.org/variable#184 http://www.ibm.com/timex#o http://ex.org/variable#151	1
http://ex.org/variable#184 http://www.ibm.com/timex#oi http://ex.org/variable#152	1
http://ex.org/variable#184 http://www.ibm.com/timex#o http://ex.org/variable#153	1
http://ex.org/variable#184 http://www.ibm.com/timex#di http://ex.org/variable#154	1
http://ex.org/variable#184 http://www.ibm.com/timex#d http://ex.org/variable#155	1
http://ex.org/variable#184 http://www.ibm.com/timex#o http://ex.org/variable#156	1
http://ex.org/variable#184 http://www.ibm.com/timex#di http://ex.org/variable#157	1
http://ex.org/variable#184 http://www.ibm.com/timex#di http://ex.org/variable#158	1
http://ex.org/variable#184 http://www.ibm.com/timex#o http://ex.org/variable#159	1
http://ex.org/variable#184 http://www.ibm.com/timex#o http://ex.org/variable#160	1
http://ex.org/variable#184 http://www.ibm.com/timex#di http://ex.org/variable#161	1
http://ex.org/variable#184 http://www.ibm.com/timex#di http://ex.org/variable#162	1
http://ex.org/variable#184 http://www.ibm.com/timex#o http://ex.org/variable#163	1
http://ex.org/variable#184 http://www.ibm.com/timex#o http://ex.org/variable#164	1
http://ex.org/variable#184 http://www.ibm.com/timex#di http://ex.org/variable#165	1
http://ex.org/variable#184 http://www.ibm.com/timex#oi http://ex.org/variable#166	1
http://ex.org/variable#184 http://www.ibm.com/timex#d http://ex.org/variable#167	1
http://ex.org/variable#184 http://www.ibm.com/timex#o http://ex.org/variable#168	1
http://ex.org/variable#184 http://www.ibm.com/timex#d http://ex.org/variable#169	1
http://ex.org/variable#184 http://www.ibm.com/timex#b http://ex.org/variable#170	1
http://ex.org/variable#184 http://www.ibm.com/timex#oi http://ex.org/variable#171	1
http://ex.org/variable#184 http://www.ibm.com/timex#oi http://ex.org/variable#172	1
http://ex.org/variable#184 http://www.ibm.com/timex#b http://ex.org/variable#173	1
http://ex.org/variable#184 http://www.ibm.com/timex#o http://ex.org/variable#174	1
http://ex.org/variable#184 http://www.ibm.com/timex#d http://ex.org/variable#175	1
http://ex.org/variable#184 http://www.ibm.com/timex#o http://ex.org/variable#176	1
http://ex.org/variable#184 http://www.ibm.com/timex#o http://ex.org/variable#177	1
http://ex.org/variable#184 http://www.ibm.com/timex#o http://ex.org/variable#178	1
http://ex.org/variable#184 http://www.ibm.com/timex#o http://ex.org/variable#179	1
http://ex.org/variable#184 http://www.ibm.com/timex#di http://ex.org/variable#180	1
http://ex.org/variable#184 http://www.ibm.com/timex#oi http://ex.org/variable#181	1
http://ex.org/variable#184 http://www.ibm.com/timex#di http://ex.org/variable#182	1
http://ex.org/variable#184 http://www.ibm.com/timex#b http://ex.org/variable#183	1
http://ex.org/variable#184 http://www.ibm.com/timex#o http://ex.org/variable#185	1
http://ex.org/variable#184 http://www.ibm.com/timex#o http://ex.org/variable#186	1
http://ex.org/variable#184 http://www.ibm.com/timex#d http://ex.org/variable#187	1
http://ex.org/variable#184 http://www.ibm.com/timex#o http://ex.org/variable#188	1
http://ex.org/variable#184 http://www.ibm.com/timex#di http://ex.org/variable#189	1
http://ex.org/variable#185 http://www.ibm.com/timex#o http://ex.org/variable#0	1
http://ex.org/variable#185 http://www.ibm.com/timex#o http://ex.org/variable#1	1
http://ex.org/variable#185 http://www.ibm.com/timex#d http://ex.org/variable#2	1
http://ex.org/variable#185 http://www.ibm.com/timex#di http://ex.org/variable#3	1
http://ex.org/variable#185 http://www.ibm.com/timex#o http://ex.org/variable#4	1
http://ex.org/variable#185 http://www.ibm.com/timex#oi http://ex.org/variable#5	1
http://ex.org/variable#185 http://www.ibm.com/timex#di_fi http://ex.org/variable#6	1
http://ex.org/variable#185 http://www.ibm.com/timex#o http://ex.org/variable#7	1
http://ex.org/variable#185 http://www.ibm.com/timex#bi http://ex.org/variable#8	1
http://ex.org/variable#185 http://www.ibm.com/timex#o http://ex.org/variable#9	1
http://ex.org/variable#185 http://www.ibm.com/timex#o http://ex.org/variable#10	1
http://ex.org/variable#185 http://www.ibm.com/timex#d http://ex.org/variable#11	1
http://ex.org/variable#185 http://www.ibm.com/timex#d http://ex.org/variable#12	1
http://ex.org/variable#185 http://www.ibm.com/timex#oi http://ex.org/variable#13	1
http://ex.org/variable#185 http://www.ibm.com/timex#di http://ex.org/variable#14	1
http://ex.org/variable#185 http://www.ibm.com/timex#oi http://ex.org/variable#15	1
http://ex.org/variable#185 http://www.ibm.com/timex#oi http://ex.org/variable#16	1
http://ex.org/variable#185 http://www.ibm.com/timex#di http://ex.org/variable#17	1
http://ex.org/variable#185 http://www.ibm.com/timex#oi http://ex.org/variable#18	1
http://ex.org/variable#185 http://www.ibm.com/timex#oi http://ex.org/variable#19	1
http://ex.org/variable#185 http://www.ibm.com/timex#d http://ex.org/variable#20	1
http://ex.org/variable#185 http://www.ibm.com/timex#o http://ex.org/variable#21	1
http://ex.org/variable#185 http://www.ibm.com/timex#d http://ex.org/variable#22	1
http://ex.org/variable#185 http://www.ibm.com/timex#oi http://ex.org/variable#23	1
http://ex.org/variable#185 http://www.ibm.com/timex#d http://ex.org/variable#24	1
http://ex.org/variable#185 http://www.ibm.com/timex#bi http://ex.org/variable#25	1
http://ex.org/variable#185 http://www.ibm.com/timex#di http://ex.org/variable#26	1
http://ex.org/variable#185 http://www.ibm.com/timex#oi http://ex.org/variable#27	1
http://ex.org/variable#185 http://www.ibm.com/timex#o http://ex.org/variable#28	1
http://ex.org/variable#185 http://www.ibm.com/timex#o http://ex.org/variable#29	1
http://ex.org/variable#185 http://www.ibm.com/timex#di http://ex.org/variable#30	1
http://ex.org/variable#185 http://www.ibm.com/timex#oi http://ex.org/variable#31	1
http://ex.org/variable#185 http://www.ibm.com/timex#oi http://ex.org/variable#32	1
http://ex.org/variable#185 http://www.ibm.com/timex#o http://ex.org/variable#33	1
http://ex.org/variable#185 http://www.ibm.com/timex#oi http://ex.org/variable#34	1
http://ex.org/variable#185 http://www.ibm.com/timex#di http://ex.org/variable#35	1
http://ex.org/variable#185 http://www.ibm.com/timex#oi http://ex.org/variable#36	1
http://ex.org/variable#185 http://www.ibm.com/timex#oi http://ex.org/variable#37	1
http://ex.org/variable#185 http://www.ibm.com/timex#oi http://ex.org/variable#38	1
http://ex.org/variable#185 http://www.ibm.com/timex#di http://ex.org/variable#39	1
http://ex.org/variable#185 http://www.ibm.com/timex#oi http://ex.org/variable#40	1
http://ex.org/variable#185 http://www.ibm.com/timex#d http://ex.org/variable#41	1
http://ex.org/variable#185 http://www.ibm.com/timex#d http://ex.org/variable#42	1
http://ex.org/variable#185 http://www.ibm.com/timex#oi http://ex.org/variable#43	1
http://ex.org/variable#185 http://www.ibm.com/timex#d http://ex.org/variable#44	1
http://ex.org/variable#185 http://www.ibm.com/timex#o http://ex.org/variable#45	1
http://ex.org/variable#185 http://www.ibm.com/timex#oi http://ex.org/variable#46	1
http://ex.org/variable#185 http://www.ibm.com/timex#oi http://ex.org/variable#47	1
http://ex.org/variable#185 http://www.ibm.com/timex#di http://ex.org/variable#48	1
http://ex.org/variable#185 http://www.ibm.com/timex#oi http://ex.org/variable#49	1
http://ex.org/variable#185 http://www.ibm.com/timex#o http://ex.org/variable#50	1
http://ex.org/variable#185 http://www.ibm.com/timex#di http://ex.org/variable#51	1
http://ex.org/variable#185 http://www.ibm.com/timex#oi http://ex.org/variable#52	1
http://ex.org/variable#185 http://www.ibm.com/timex#d http://ex.org/variable#53	1
http://ex.org/variable#185 http://www.ibm.com/timex#oi http://ex.org/variable#54	1
http://ex.org/variable#185 http://www.ibm.com/timex#di http://ex.org/variable#55	1
http://ex.org/variable#185 http://www.ibm.com/timex#oi http://ex.org/variable#56	1
http://ex.org/variable#185 http://www.ibm.com/timex#oi http://ex.org/variable#57	1
http://ex.org/variable#185 http://www.ibm.com/timex#oi http://ex.org/variable#58	1
http://ex.org/variable#185 http://www.ibm.com/timex#d http://ex.org/variable#59	1
http://ex.org/variable#185 http://www.ibm.com/timex#d http://ex.org/variable#60	1
http://ex.org/variable#185 http://www.ibm.com/timex#d http://ex.org/variable#61	1
http://ex.org/variable#185 http://www.ibm.com/timex#o_s http://ex.org/variable#62	1
http://ex.org/variable#185 http://www.ibm.com/timex#oi http://ex.org/variable#63	1
http://ex.org/variable#185 http://www.ibm.com/timex#d http://ex.org/variable#64	1
http://ex.org/variable#185 http://www.ibm.com/timex#bi http://ex.org/variable#65	1
http://ex.org/variable#185 http://www.ibm.com/timex#oi http://ex.org/variable#66	1
http://ex.org/variable#185 http://www.ibm.com/timex#d http://ex.org/variable#67	1
http://ex.org/variable#185 http://www.ibm.com/timex#d http://ex.org/variable#68	1
http://ex.org/variable#185 http://www.ibm.com/timex#oi http://ex.org/variable#69	1
http://ex.org/variable#185 http://www.ibm.com/timex#d http://ex.org/variable#70	1
http://ex.org/variable#185 http://www.ibm.com/timex#oi http://ex.org/variable#71	1
http://ex.org/variable#185 http://www.ibm.com/timex#di http://ex.org/variable#72	1
http://ex.org/variable#185 http://www.ibm.com/timex#oi http://ex.org/variable#73	1
http://ex.org/variable#185 http://www.ibm.com/timex#d http://ex.org/variable#74	1
http://ex.org/variable#185 http://www.ibm.com/timex#oi http://ex.org/variable#75	1
http://ex.org/variable#185 http://www.ibm.com/timex#d http://ex.org/variable#76	1
http://ex.org/variable#185 http://www.ibm.com/timex#d http://ex.org/variable#77	1
http://ex.org/variable#185 http://www.ibm.com/timex#di_si http://ex.org/variable#78	1
http://ex.org/variable#185 http://www.ibm.com/timex#oi http://ex.org/variable#79	1
http://ex.org/variable#185 http://www.ibm.com/timex#d http://ex.org/variable#80	1
http://ex.org/variable#185 http://www.ibm.com/timex#oi http://ex.org/variable#81	1
http://ex.org/variable#185 http://www.ibm.com/timex#oi http://ex.org/variable#82	1
http://ex.org/variable#185 http://www.ibm.com/timex#d http://ex.org/variable#83	1
http://ex.org/variable#185 http://www.ibm.com/timex#o http://ex.org/variable#84	1
http://ex.org/variable#185 http://www.ibm.com/timex#di http://ex.org/variable#85	1
http://ex.org/variable#185 http://www.ibm.com/timex#d http://ex.org/variable#86	1
http://ex.org/variable#185 http://www.ibm.com/timex#o http://ex.org/variable#87	1
http://ex.org/variable#185 http://www.ibm.com/timex#b http://ex.org/variable#88	1
http://ex.org/variable#185 http://www.ibm.com/timex#d http://ex.org/variable#89	1
http://ex.org/variable#185 http://www.ibm.com/timex#di http://ex.org/variable#90	1
http://ex.org/variable#185 http://www.ibm.com/timex#d http://ex.org/variable#91	1
http://ex.org/variable#185 http://www.ibm.com/timex#o http://ex.org/variable#92	1
http://ex.org/variable#185 http://www.ibm.com/timex#d http://ex.org/variable#93	1
http://ex.org/variable#185 http://www.ibm.com/timex#oi http://ex.org/variable#94	1
http://ex.org/variable#185 http://www.ibm.com/timex#di http://ex.org/variable#95	1
http://ex.org/variable#185 http://www.ibm.com/timex#bi http://ex.org/variable#96	1
http://ex.org/variable#185 http://www.ibm.com/timex#o http://ex.org/variable#97	1
http://ex.org/variable#185 http://www.ibm.com/timex#o http://ex.org/variable#98	1
http://ex.org/variable#185 http://www.ibm.com/timex#o http://ex.org/variable#99	1
http://ex.org/variable#185 http://www.ibm.com/timex#oi http://ex.org/variable#100	1
http://ex.org/variable#185 http://www.ibm.com/timex#o_d_s http://ex.org/variable#101	1
http://ex.org/variable#185 http://www.ibm.com/timex#di http://ex.org/variable#102	1
http://ex.org/variable#185 http://www.ibm.com/timex#oi http://ex.org/variable#103	1
http://ex.org/variable#185 http://www.ibm.com/timex#b http://ex.org/variable#104	1
http://ex.org/variable#185 http://www.ibm.com/timex#d http://ex.org/variable#105	1
http://ex.org/variable#185 http://www.ibm.com/timex#d http://ex.org/variable#106	1
http://ex.org/variable#185 http://www.ibm.com/timex#di http://ex.org/variable#107	1
http://ex.org/variable#185 http://www.ibm.com/timex#di http://ex.org/variable#108	1
http://ex.org/variable#185 http://www.ibm.com/timex#di http://ex.org/variable#109	1
http://ex.org/variable#185 http://www.ibm.com/timex#d http://ex.org/variable#110	1
http://ex.org/variable#185 http://www.ibm.com/timex#oi http://ex.org/variable#111	1
http://ex.org/variable#185 http://www.ibm.com/timex#oi http://ex.org/variable#112	1
http://ex.org/variable#185 http://www.ibm.com/timex#di http://ex.org/variable#113	1
http://ex.org/variable#185 http://www.ibm.com/timex#oi_f http://ex.org/variable#114	1
http://ex.org/variable#185 http://www.ibm.com/timex#b http://ex.org/variable#115	1
http://ex.org/variable#185 http://www.ibm.com/timex#di http://ex.org/variable#116	1
http://ex.org/variable#185 http://www.ibm.com/timex#oi http://ex.org/variable#117	1
http://ex.org/variable#185 http://www.ibm.com/timex#oi http://ex.org/variable#118	1
http://ex.org/variable#185 http://www.ibm.com/timex#d http://ex.org/variable#119	1
http://ex.org/variable#185 http://www.ibm.com/timex#oi http://ex.org/variable#120	1
http://ex.org/variable#185 http://www.ibm.com/timex#b http://ex.org/variable#121	1
http://ex.org/variable#185 http://www.ibm.com/timex#oi_f http://ex.org/variable#122	1
http://ex.org/variable#185 http://www.ibm.com/timex#o http://ex.org/variable#123	1
http://ex.org/variable#185 http://www.ibm.com/timex#oi http://ex.org/variable#124	1
http://ex.org/variable#185 http://www.ibm.com/timex#oi http://ex.org/variable#125	1
http://ex.org/variable#185 http://www.ibm.com/timex#di http://ex.org/variable#126	1
http://ex.org/variable#185 http://www.ibm.com/timex#o http://ex.org/variable#127	1
http://ex.org/variable#185 http://www.ibm.com/timex#o http://ex.org/variable#128	1
http://ex.org/variable#185 http://www.ibm.com/timex#oi http://ex.org/variable#129	1
http://ex.org/variable#185 http://www.ibm.com/timex#oi http://ex.org/variable#130	1
http://ex.org/variable#185 http://www.ibm.com/timex#o http://ex.org/variable#131	1
http://ex.org/variable#185 http://www.ibm.com/timex#d http://ex.org/variable#132	1
http://ex.org/variable#185 http://www.ibm.com/timex#o http://ex.org/variable#133	1
http://ex.org/variable#185 http://www.ibm.com/timex#oi http://ex.org/variable#134	1
http://ex.org/variable#185 http://www.ibm.com/timex#d http://ex.org/variable#135	1
http://ex.org/variable#185 http://www.ibm.com/timex#d http://ex.org/variable#136	1
http://ex.org/variable#185 http://www.ibm.com/timex#di http://ex.org/variable#137	1
http://ex.org/variable#185 http://www.ibm.com/timex#o http://ex.org/variable#138	1
http://ex.org/variable#185 http://www.ibm.com/timex#oi http://ex.org/variable#139	1
http://ex.org/variable#185 http://www.ibm.com/timex#di http://ex.org/variable#140	1
http://ex.org/variable#185 http://www.ibm.com/timex#d http://ex.org/variable#141	1
http://ex.org/variable#185 http://www.ibm.com/timex#oi http://ex.org/variable#142	1
http://ex.org/variable#185 http://www.ibm.com/timex#d http://ex.org/variable#143	1
http://ex.org/variable#185 http://www.ibm.com/timex#o_s http://ex.org/variable#144	1
http://ex.org/variable#185 http://www.ibm.com/timex#o http://ex.org/variable#145	1
http://ex.org/variable#185 http://www.ibm.com/timex#o http://ex.org/variable#146	1
http://ex.org/variable#185 http://www.ibm.com/timex#oi http://ex.org/variable#147	1
http://ex.org/variable#185 http://www.ibm.com/timex#oi_f http://ex.org/variable#148	1
http://ex.org/variable#185 http://www.ibm.com/timex#oi http://ex.org/variable#149	1
http://ex.org/variable#185 http://www.ibm.com/timex#o http://ex.org/variable#150	1
http://ex.org/variable#185 http://www.ibm.com/timex#d http://ex.org/variable#151	1
http://ex.org/variable#185 http://www.ibm.com/timex#bi http://ex.org/variable#152	1
http://ex.org/variable#185 http://www.ibm.com/timex#d http://ex.org/variable#153	1
http://ex.org/variable#185 http://www.ibm.com/timex#di http://ex.org/variable#154	1
http://ex.org/variable#185 http://www.ibm.com/timex#oi http://ex.org/variable#155	1
http://ex.org/variable#185 http://www.ibm.com/timex#d http://ex.org/variable#156	1
http://ex.org/variable#185 http://www.ibm.com/timex#bi http://ex.org/variable#157	1
http://ex.org/variable#185 http://www.ibm.com/timex#oi http://ex.org/variable#158	1
http://ex.org/variable#185 http://www.ibm.com/timex#o http://ex.org/variable#159	1
http://ex.org/variable#185 http://www.ibm.com/timex#d http://ex.org/variable#160	1
http://ex.org/variable#185 http://www.ibm.com/timex#di http://ex.org/variable#161	1
http://ex.org/variable#185 http://www.ibm.com/timex#oi http://ex.org/variable#162	1
http://ex.org/variable#185 http://www.ibm.com/timex#o http://ex.org/variable#163	1
http://ex.org/variable#185 http://www.ibm.com/timex#o http://ex.org/variable#164	1
http://ex.org/variable#185 http://www.ibm.com/timex#di http://ex.org/variable#165	1
http://ex.org/variable#185 http://www.ibm.com/timex#oi http://ex.org/variable#166	1
http://ex.org/variable#185 http://www.ibm.com/timex#oi http://ex.org/variable#167	1
http://ex.org/variable#185 http://www.ibm.com/timex#o http://ex.org/variable#168	1
http://ex.org/variable#185 http://www.ibm.com/timex#d http://ex.org/variable#169	1
http://ex.org/variable#185 http://www.ibm.com/timex#o http://ex.org/variable#170	1
http://ex.org/variable#185 http://www.ibm.com/timex#oi http://ex.org/variable#171	1
http://ex.org/variable#185 http://www.ibm.com/timex#bi http://ex.org/variable#172	1
http://ex.org/variable#185 http://www.ibm.com/timex#di http://ex.org/variable#173	1
http://ex.org/variable#185 http://www.ibm.com/timex#o http://ex.org/variable#174	1
http://ex.org/variable#185 http://www.ibm.com/timex#oi http://ex.org/variable#175	1
http://ex.org/variable#185 http://www.ibm.com/timex#o http://ex.org/variable#176	1
http://ex.org/variable#185 http://www.ibm.com/timex#oi http://ex.org/variable#177	1
http://ex.org/variable#185 http://www.ibm.com/timex#d http://ex.org/variable#178	1
http://ex.org/variable#185 http://www.ibm.com/timex#o http://ex.org/variable#179	1
http://ex.org/variable#185 http://www.ibm.com/timex#bi http://ex.org/variable#180	1
http://ex.org/variable#185 http://www.ibm.com/timex#oi http://ex.org/variable#181	1
http://ex.org/variable#185 http://www.ibm.com/timex#di http://ex.org/variable#182	1
http://ex.org/variable#185 http://www.ibm.com/timex#o http://ex.org/variable#183	1
http://ex.org/variable#185 http://www.ibm.com/timex#oi http://ex.org/variable#184	1
http://ex.org/variable#185 http://www.ibm.com/timex#o http://ex.org/variable#186	1
http://ex.org/variable#185 http://www.ibm.com/timex#d http://ex.org/variable#187	1
http://ex.org/variable#185 http://www.ibm.com/timex#di http://ex.org/variable#188	1
http://ex.org/variable#185 http://www.ibm.com/timex#di http://ex.org/variable#189	1
http://ex.org/variable#186 http://www.ibm.com/timex#d http://ex.org/variable#0	1
http://ex.org/variable#186 http://www.ibm.com/timex#o http://ex.org/variable#1	1
http://ex.org/variable#186 http://www.ibm.com/timex#d http://ex.org/variable#2	1
http://ex.org/variable#186 http://www.ibm.com/timex#oi http://ex.org/variable#3	1
http://ex.org/variable#186 http://www.ibm.com/timex#d http://ex.org/variable#4	1
http://ex.org/variable#186 http://www.ibm.com/timex#oi http://ex.org/variable#5	1
http://ex.org/variable#186 http://www.ibm.com/timex#di http://ex.org/variable#6	1
http://ex.org/variable#186 http://www.ibm.com/timex#d http://ex.org/variable#7	1
http://ex.org/variable#186 http://www.ibm.com/timex#bi http://ex.org/variable#8	1
http://ex.org/variable#186 http://www.ibm.com/timex#o http://ex.org/variable#9	1
http://ex.org/variable#186 http://www.ibm.com/timex#oi http://ex.org/variable#10	1
http://ex.org/variable#186 http://www.ibm.com/timex#d http://ex.org/variable#11	1
http://ex.org/variable#186 http://www.ibm.com/timex#d http://ex.org/variable#12	1
http://ex.org/variable#186 http://www.ibm.com/timex#oi http://ex.org/variable#13	1
http://ex.org/variable#186 http://www.ibm.com/timex#di http://ex.org/variable#14	1
http://ex.org/variable#186 http://www.ibm.com/timex#oi http://ex.org/variable#15	1
http://ex.org/variable#186 http://www.ibm.com/timex#oi http://ex.org/variable#16	1
http://ex.org/variable#186 http://www.ibm.com/timex#di http://ex.org/variable#17	1
http://ex.org/variable#186 http://www.ibm.com/timex#oi http://ex.org/variable#18	1
http://ex.org/variable#186 http://www.ibm.com/timex#bi http://ex.org/variable#19	1
http://ex.org/variable#186 http://www.ibm.com/timex#d http://ex.org/variable#20	1
http://ex.org/variable#186 http://www.ibm.com/timex#o http://ex.org/variable#21	1
http://ex.org/variable#186 http://www.ibm.com/timex#d http://ex.org/variable#22	1
http://ex.org/variable#186 http://www.ibm.com/timex#bi http://ex.org/variable#23	1
http://ex.org/variable#186 http://www.ibm.com/timex#d http://ex.org/variable#24	1
http://ex.org/variable#186 http://www.ibm.com/timex#bi http://ex.org/variable#25	1
http://ex.org/variable#186 http://www.ibm.com/timex#di http://ex.org/variable#26	1
http://ex.org/variable#186 http://www.ibm.com/timex#bi http://ex.org/variable#27	1
http://ex.org/variable#186 http://www.ibm.com/timex#di http://ex.org/variable#28	1
http://ex.org/variable#186 http://www.ibm.com/timex#f http://ex.org/variable#29	1
http://ex.org/variable#186 http://www.ibm.com/timex#di_si http://ex.org/variable#30	1
http://ex.org/variable#186 http://www.ibm.com/timex#oi http://ex.org/variable#31	1
http://ex.org/variable#186 http://www.ibm.com/timex#bi http://ex.org/variable#32	1
http://ex.org/variable#186 http://www.ibm.com/timex#o http://ex.org/variable#33	1
http://ex.org/variable#186 http://www.ibm.com/timex#oi http://ex.org/variable#34	1
http://ex.org/variable#186 http://www.ibm.com/timex#oi http://ex.org/variable#35	1
http://ex.org/variable#186 http://www.ibm.com/timex#oi http://ex.org/variable#36	1
http://ex.org/variable#186 http://www.ibm.com/timex#bi http://ex.org/variable#37	1
http://ex.org/variable#186 http://www.ibm.com/timex#oi http://ex.org/variable#38	1
http://ex.org/variable#186 http://www.ibm.com/timex#di http://ex.org/variable#39	1
http://ex.org/variable#186 http://www.ibm.com/timex#oi http://ex.org/variable#40	1
http://ex.org/variable#186 http://www.ibm.com/timex#f http://ex.org/variable#41	1
http://ex.org/variable#186 http://www.ibm.com/timex#d http://ex.org/variable#42	1
http://ex.org/variable#186 http://www.ibm.com/timex#oi http://ex.org/variable#43	1
http://ex.org/variable#186 http://www.ibm.com/timex#oi http://ex.org/variable#44	1
http://ex.org/variable#186 http://www.ibm.com/timex#d http://ex.org/variable#45	1
http://ex.org/variable#186 http://www.ibm.com/timex#oi http://ex.org/variable#46	1
http://ex.org/variable#186 http://www.ibm.com/timex#oi http://ex.org/variable#47	1
http://ex.org/variable#186 http://www.ibm.com/timex#di http://ex.org/variable#48	1
http://ex.org/variable#186 http://www.ibm.com/timex#bi http://ex.org/variable#49	1
http://ex.org/variable#186 http://www.ibm.com/timex#d http://ex.org/variable#50	1
http://ex.org/variable#186 http://www.ibm.com/timex#di http://ex.org/variable#51	1
http://ex.org/variable#186 http://www.ibm.com/timex#oi http://ex.org/variable#52	1
http://ex.org/variable#186 http://www.ibm.com/timex#oi http://ex.org/variable#53	1
http://ex.org/variable#186 http://www.ibm.com/timex#oi http://ex.org/variable#54	1
http://ex.org/variable#186 http://www.ibm.com/timex#oi http://ex.org/variable#55	1
http://ex.org/variable#186 http://www.ibm.com/timex#oi http://ex.org/variable#56	1
http://ex.org/variable#186 http://www.ibm.com/timex#oi http://ex.org/variable#57	1
http://ex.org/variable#186 http://www.ibm.com/timex#oi http://ex.org/variable#58	1
http://ex.org/variable#186 http://www.ibm.com/timex#d http://ex.org/variable#59	1
http://ex.org/variable#186 http://www.ibm.com/timex#d http://ex.org/variable#60	1
http://ex.org/variable#186 http://www.ibm.com/timex#d http://ex.org/variable#61	1
http://ex.org/variable#186 http://www.ibm.com/timex#d http://ex.org/variable#62	1
http://ex.org/variable#186 http://www.ibm.com/timex#oi http://ex.org/variable#63	1
http://ex.org/variable#186 http://www.ibm.com/timex#d http://ex.org/variable#64	1
http://ex.org/variable#186 http://www.ibm.com/timex#bi http://ex.org/variable#65	1
http://ex.org/variable#186 http://www.ibm.com/timex#bi http://ex.org/variable#66	1
http://ex.org/variable#186 http://www.ibm.com/timex#d http://ex.org/variable#67	1
http://ex.org/variable#186 http://www.ibm.com/timex#d http://ex.org/variable#68	1
http://ex.org/variable#186 http://www.ibm.com/timex#oi http://ex.org/variable#69	1
http://ex.org/variable#186 http://www.ibm.com/timex#d http://ex.org/variable#70	1
http://ex.org/variable#186 http://www.ibm.com/timex#oi http://ex.org/variable#71	1
http://ex.org/variable#186 http://www.ibm.com/timex#oi http://ex.org/variable#72	1
http://ex.org/variable#186 http://www.ibm.com/timex#oi http://ex.org/variable#73	1
http://ex.org/variable#186 http://www.ibm.com/timex#d http://ex.org/variable#74	1
http://ex.org/variable#186 http://www.ibm.com/timex#oi http://ex.org/variable#75	1
http://ex.org/variable#186 http://www.ibm.com/timex#oi http://ex.org/variable#76	1
http://ex.org/variable#186 http://www.ibm.com/timex#d http://ex.org/variable#77	1
http://ex.org/variable#186 http://www.ibm.com/timex#oi http://ex.org/variable#78	1
http://ex.org/variable#186 http://www.ibm.com/timex#oi http://ex.org/variable#79	1
http://ex.org/variable#186 http://www.ibm.com/timex#d http://ex.org/variable#80	1
http://ex.org/variable#186 http://www.ibm.com/timex#oi http://ex.org/variable#81	1
http://ex.org/variable#186 http://www.ibm.com/timex#bi http://ex.org/variable#82	1
http://ex.org/variable#186 http://www.ibm.com/timex#d http://ex.org/variable#83	1
http://ex.org/variable#186 http://www.ibm.com/timex#di http://ex.org/variable#84	1
http://ex.org/variable#186 http://www.ibm.com/timex#di http://ex.org/variable#85	1
http://ex.org/variable#186 http://www.ibm.com/timex#d http://ex.org/variable#86	1
http://ex.org/variable#186 http://www.ibm.com/timex#o http://ex.org/variable#87	1
http://ex.org/variable#186 http://www.ibm.com/timex#di http://ex.org/variable#88	1
http://ex.org/variable#186 http://www.ibm.com/timex#d http://ex.org/variable#89	1
http://ex.org/variable#186 http://www.ibm.com/timex#oi http://ex.org/variable#90	1
http://ex.org/variable#186 http://www.ibm.com/timex#d http://ex.org/variable#91	1
http://ex.org/variable#186 http://www.ibm.com/timex#o http://ex.org/variable#92	1
http://ex.org/variable#186 http://www.ibm.com/timex#oi http://ex.org/variable#93	1
http://ex.org/variable#186 http://www.ibm.com/timex#oi http://ex.org/variable#94	1
http://ex.org/variable#186 http://www.ibm.com/timex#di_si http://ex.org/variable#95	1
http://ex.org/variable#186 http://www.ibm.com/timex#bi http://ex.org/variable#96	1
http://ex.org/variable#186 http://www.ibm.com/timex#f http://ex.org/variable#97	1
http://ex.org/variable#186 http://www.ibm.com/timex#o http://ex.org/variable#98	1
http://ex.org/variable#186 http://www.ibm.com/timex#di http://ex.org/variable#99	1
http://ex.org/variable#186 http://www.ibm.com/timex#bi http://ex.org/variable#100	1
http://ex.org/variable#186 http://www.ibm.com/timex#d http://ex.org/variable#101	1
http://ex.org/variable#186 http://www.ibm.com/timex#di http://ex.org/variable#102	1
http://ex.org/variable#186 http://www.ibm.com/timex#oi http://ex.org/variable#103	1
http://ex.org/variable#186 http://www.ibm.com/timex#b http://ex.org/variable#104	1
http://ex.org/variable#186 http://www.ibm.com/timex#d http://ex.org/variable#105	1
http://ex.org/variable#186 http://www.ibm.com/timex#d http://ex.org/variable#106	1
http://ex.org/variable#186 http://www.ibm.com/timex#oi http://ex.org/variable#107	1
http://ex.org/variable#186 http://www.ibm.com/timex#oi http://ex.org/variable#108	1
http://ex.org/variable#186 http://www.ibm.com/timex#di http://ex.org/variable#109	1
http://ex.org/variable#186 http://www.ibm.com/timex#d http://ex.org/variable#110	1
http://ex.org/variable#186 http://www.ibm.com/timex#oi http://ex.org/variable#111	1
http://ex.org/variable#186 http://www.ibm.com/timex#oi http://ex.org/variable#112	1
http://ex.org/variable#186 http://www.ibm.com/timex#di http://ex.org/variable#113	1
http://ex.org/variable#186 http://www.ibm.com/timex#oi http://ex.org/variable#114	1
http://ex.org/variable#186 http://www.ibm.com/timex#fi http://ex.org/variable#115	1
http://ex.org/variable#186 http://www.ibm.com/timex#di http://ex.org/variable#116	1
http://ex.org/variable#186 http://www.ibm.com/timex#oi http://ex.org/variable#117	1
http://ex.org/variable#186 http://www.ibm.com/timex#oi http://ex.org/variable#118	1
http://ex.org/variable#186 http://www.ibm.com/timex#d http://ex.org/variable#119	1
http://ex.org/variable#186 http://www.ibm.com/timex#oi http://ex.org/variable#120	1
http://ex.org/variable#186 http://www.ibm.com/timex#fi http://ex.org/variable#121	1
http://ex.org/variable#186 http://www.ibm.com/timex#oi http://ex.org/variable#122	1
http://ex.org/variable#186 http://www.ibm.com/timex#d http://ex.org/variable#123	1
http://ex.org/variable#186 http://www.ibm.com/timex#oi http://ex.org/variable#124	1
http://ex.org/variable#186 http://www.ibm.com/timex#oi http://ex.org/variable#125	1
http://ex.org/variable#186 http://www.ibm.com/timex#di http://ex.org/variable#126	1
http://ex.org/variable#186 http://www.ibm.com/timex#di http://ex.org/variable#127	1
http://ex.org/variable#186 http://www.ibm.com/timex#d http://ex.org/variable#128	1
http://ex.org/variable#186 http://www.ibm.com/timex#oi http://ex.org/variable#129	1
http://ex.org/variable#186 http://www.ibm.com/timex#oi http://ex.org/variable#130	1
http://ex.org/variable#186 http://www.ibm.com/timex#o http://ex.org/variable#131	1
http://ex.org/variable#186 http://www.ibm.com/timex#d http://ex.org/variable#132	1
http://ex.org/variable#186 http://www.ibm.com/timex#d http://ex.org/variable#133	1
http://ex.org/variable#186 http://www.ibm.com/timex#oi http://ex.org/variable#134	1
http://ex.org/variable#186 http://www.ibm.com/timex#d http://ex.org/variable#135	1
http://ex.org/variable#186 http://www.ibm.com/timex#d http://ex.org/variable#136	1
http://ex.org/variable#186 http://www.ibm.com/timex#oi http://ex.org/variable#137	1
http://ex.org/variable#186 http://www.ibm.com/timex#o http://ex.org/variable#138	1
http://ex.org/variable#186 http://www.ibm.com/timex#oi http://ex.org/variable#139	1
http://ex.org/variable#186 http://www.ibm.com/timex#oi http://ex.org/variable#140	1
http://ex.org/variable#186 http://www.ibm.com/timex#d http://ex.org/variable#141	1
http://ex.org/variable#186 http://www.ibm.com/timex#oi http://ex.org/variable#142	1
http://ex.org/variable#186 http://www.ibm.com/timex#d http://ex.org/variable#143	1
http://ex.org/variable#186 http://www.ibm.com/timex#d http://ex.org/variable#144	1
http://ex.org/variable#186 http://www.ibm.com/timex#fi http://ex.org/variable#145	1
http://ex.org/variable#186 http://www.ibm.com/timex#d http://ex.org/variable#146	1
http://ex.org/variable#186 http://www.ibm.com/timex#oi http://ex.org/variable#147	1
http://ex.org/variable#186 http://www.ibm.com/timex#oi http://ex.org/variable#148	1
http://ex.org/variable#186 http://www.ibm.com/timex#bi http://ex.org/variable#149	1
http://ex.org/variable#186 http://www.ibm.com/timex#o http://ex.org/variable#150	1
http://ex.org/variable#186 http://www.ibm.com/timex#d http://ex.org/variable#151	1
http://ex.org/variable#186 http://www.ibm.com/timex#bi http://ex.org/variable#152	1
http://ex.org/variable#186 http://www.ibm.com/timex#d http://ex.org/variable#153	1
http://ex.org/variable#186 http://www.ibm.com/timex#oi http://ex.org/variable#154	1
http://ex.org/variable#186 http://www.ibm.com/timex#oi http://ex.org/variable#155	1
http://ex.org/variable#186 http://www.ibm.com/timex#oi http://ex.org/variable#156	1
http://ex.org/variable#186 http://www.ibm.com/timex#bi http://ex.org/variable#157	1
http://ex.org/variable#186 http://www.ibm.com/timex#oi http://ex.org/variable#158	1
http://ex.org/variable#186 http://www.ibm.com/timex#d http://ex.org/variable#159	1
http://ex.org/variable#186 http://www.ibm.com/timex#oi http://ex.org/variable#160	1
http://ex.org/variable#186 http://www.ibm.com/timex#oi http://ex.org/variable#161	1
http://ex.org/variable#186 http://www.ibm.com/timex#oi http://ex.org/variable#162	1
http://ex.org/variable#186 http://www.ibm.com/timex#f http://ex.org/variable#163	1
http://ex.org/variable#186 http://www.ibm.com/timex#d http://ex.org/variable#164	1
http://ex.org/variable#186 http://www.ibm.com/timex#oi http://ex.org/variable#165	1
http://ex.org/variable#186 http://www.ibm.com/timex#oi http://ex.org/variable#166	1
http://ex.org/variable#186 http://www.ibm.com/timex#oi http://ex.org/variable#167	1
http://ex.org/variable#186 http://www.ibm.com/timex#o http://ex.org/variable#168	1
http://ex.org/variable#186 http://www.ibm.com/timex#d http://ex.org/variable#169	1
http://ex.org/variable#186 http://www.ibm.com/timex#o http://ex.org/variable#170	1
http://ex.org/variable#186 http://www.ibm.com/timex#oi http://ex.org/variable#171	1
http://ex.org/variable#186 http://www.ibm.com/timex#bi http://ex.org/variable#172	1
http://ex.org/variable#186 http://www.ibm.com/timex#di http://ex.org/variable#173	1
http://ex.org/variable#186 http://www.ibm.com/timex#di http://ex.org/variable#174	1
http://ex.org/variable#186 http://www.ibm.com/timex#oi http://ex.org/variable#175	1
http://ex.org/variable#186 http://www.ibm.com/timex#d http://ex.org/variable#176	1
http://ex.org/variable#186 http://www.ibm.com/timex#oi http://ex.org/variable#177	1
http://ex.org/variable#186 http://www.ibm.com/timex#d http://ex.org/variable#178	1
http://ex.org/variable#186 http://www.ibm.com/timex#d http://ex.org/variable#179	1
http://ex.org/variable#186 http://www.ibm.com/timex#bi http://ex.org/variable#180	1
http://ex.org/variable#186 http://www.ibm.com/timex#bi http://ex.org/variable#181	1
http://ex.org/variable#186 http://www.ibm.com/timex#oi http://ex.org/variable#182	1
http://ex.org/variable#186 http://www.ibm.com/timex#o http://ex.org/variable#183	1
http://ex.org/variable#186 http://www.ibm.com/timex#oi http://ex.org/variable#184	1
http://ex.org/variable#186 http://www.ibm.com/timex#oi http://ex.org/variable#185	1
http://ex.org/variable#186 http://www.ibm.com/timex#oi http://ex.org/variable#187	1
http://ex.org/variable#186 http://www.ibm.com/timex#di http://ex.org/variable#188	1
http://ex.org/variable#186 http://www.ibm.com/timex#oi http://ex.org/variable#189	1
http://ex.org/variable#187 http://www.ibm.com/timex#o http://ex.org/variable#0	1
http://ex.org/variable#187 http://www.ibm.com/timex#o http://ex.org/variable#1	1
http://ex.org/variable#187 http://www.ibm.com/timex#o http://ex.org/variable#2	1
http://ex.org/variable#187 http://www.ibm.com/timex#di http://ex.org/variable#3	1
http://ex.org/variable#187 http://www.ibm.com/timex#o http://ex.org/variable#4	1
http://ex.org/variable#187 http://www.ibm.com/timex#di http://ex.org/variable#5	1
http://ex.org/variable#187 http://www.ibm.com/timex#di http://ex.org/variable#6	1
http://ex.org/variable#187 http://www.ibm.com/timex#o http://ex.org/variable#7	1
http://ex.org/variable#187 http://www.ibm.com/timex#di http://ex.org/variable#8	1
http://ex.org/variable#187 http://www.ibm.com/timex#o http://ex.org/variable#9	1
http://ex.org/variable#187 http://www.ibm.com/timex#o http://ex.org/variable#10	1
http://ex.org/variable#187 http://www.ibm.com/timex#o http://ex.org/variable#11	1
http://ex.org/variable#187 http://www.ibm.com/timex#o http://ex.org/variable#12	1
http://ex.org/variable#187 http://www.ibm.com/timex#di http://ex.org/variable#13	1
http://ex.org/variable#187 http://www.ibm.com/timex#di http://ex.org/variable#14	1
http://ex.org/variable#187 http://www.ibm.com/timex#di http://ex.org/variable#15	1
http://ex.org/variable#187 http://www.ibm.com/timex#di http://ex.org/variable#16	1
http://ex.org/variable#187 http://www.ibm.com/timex#di http://ex.org/variable#17	1
http://ex.org/variable#187 http://www.ibm.com/timex#di http://ex.org/variable#18	1
http://ex.org/variable#187 http://www.ibm.com/timex#di http://ex.org/variable#19	1
http://ex.org/variable#187 http://www.ibm.com/timex#o http://ex.org/variable#20	1
http://ex.org/variable#187 http://www.ibm.com/timex#o http://ex.org/variable#21	1
http://ex.org/variable#187 http://www.ibm.com/timex#o http://ex.org/variable#22	1
http://ex.org/variable#187 http://www.ibm.com/timex#di http://ex.org/variable#23	1
http://ex.org/variable#187 http://www.ibm.com/timex#o http://ex.org/variable#24	1
http://ex.org/variable#187 http://www.ibm.com/timex#di http://ex.org/variable#25	1
http://ex.org/variable#187 http://www.ibm.com/timex#di http://ex.org/variable#26	1
http://ex.org/variable#187 http://www.ibm.com/timex#oi_di http://ex.org/variable#27	1
http://ex.org/variable#187 http://www.ibm.com/timex#o http://ex.org/variable#28	1
http://ex.org/variable#187 http://www.ibm.com/timex#o http://ex.org/variable#29	1
http://ex.org/variable#187 http://www.ibm.com/timex#di http://ex.org/variable#30	1
http://ex.org/variable#187 http://www.ibm.com/timex#oi http://ex.org/variable#31	1
http://ex.org/variable#187 http://www.ibm.com/timex#di http://ex.org/variable#32	1
http://ex.org/variable#187 http://www.ibm.com/timex#o http://ex.org/variable#33	1
http://ex.org/variable#187 http://www.ibm.com/timex#di http://ex.org/variable#34	1
http://ex.org/variable#187 http://www.ibm.com/timex#di http://ex.org/variable#35	1
http://ex.org/variable#187 http://www.ibm.com/timex#di http://ex.org/variable#36	1
http://ex.org/variable#187 http://www.ibm.com/timex#di http://ex.org/variable#37	1
http://ex.org/variable#187 http://www.ibm.com/timex#di http://ex.org/variable#38	1
http://ex.org/variable#187 http://www.ibm.com/timex#di http://ex.org/variable#39	1
http://ex.org/variable#187 http://www.ibm.com/timex#di http://ex.org/variable#40	1
http://ex.org/variable#187 http://www.ibm.com/timex#o http://ex.org/variable#41	1
http://ex.org/variable#187 http://www.ibm.com/timex#o http://ex.org/variable#42	1
http://ex.org/variable#187 http://www.ibm.com/timex#di http://ex.org/variable#43	1
http://ex.org/variable#187 http://www.ibm.com/timex#fi http://ex.org/variable#44	1
http://ex.org/variable#187 http://www.ibm.com/timex#o http://ex.org/variable#45	1
http://ex.org/variable#187 http://www.ibm.com/timex#di http://ex.org/variable#46	1
http://ex.org/variable#187 http://www.ibm.com/timex#oi_di_si http://ex.org/variable#47	1
http://ex.org/variable#187 http://www.ibm.com/timex#di http://ex.org/variable#48	1
http://ex.org/variable#187 http://www.ibm.com/timex#di http://ex.org/variable#49	1
http://ex.org/variable#187 http://www.ibm.com/timex#o http://ex.org/variable#50	1
http://ex.org/variable#187 http://www.ibm.com/timex#di http://ex.org/variable#51	1
http://ex.org/variable#187 http://www.ibm.com/timex#di http://ex.org/variable#52	1
http://ex.org/variable#187 http://www.ibm.com/timex#o http://ex.org/variable#53	1
http://ex.org/variable#187 http://www.ibm.com/timex#di http://ex.org/variable#54	1
http://ex.org/variable#187 http://www.ibm.com/timex#di http://ex.org/variable#55	1
http://ex.org/variable#187 http://www.ibm.com/timex#di http://ex.org/variable#56	1
http://ex.org/variable#187 http://www.ibm.com/timex#di http://ex.org/variable#57	1
http://ex.org/variable#187 http://www.ibm.com/timex#di http://ex.org/variable#58	1
http://ex.org/variable#187 http://www.ibm.com/timex#o http://ex.org/variable#59	1
http://ex.org/variable#187 http://www.ibm.com/timex#o http://ex.org/variable#60	1
http://ex.org/variable#187 http://www.ibm.com/timex#o http://ex.org/variable#61	1
http://ex.org/variable#187 http://www.ibm.com/timex#o http://ex.org/variable#62	1
http://ex.org/variable#187 http://www.ibm.com/timex#di http://ex.org/variable#63	1
http://ex.org/variable#187 http://www.ibm.com/timex#o http://ex.org/variable#64	1
http://ex.org/variable#187 http://www.ibm.com/timex#di http://ex.org/variable#65	1
http://ex.org/variable#187 http://www.ibm.com/timex#oi_di_si http://ex.org/variable#66	1
http://ex.org/variable#187 http://www.ibm.com/timex#o http://ex.org/variable#67	1
http://ex.org/variable#187 http://www.ibm.com/timex#o http://ex.org/variable#68	1
http://ex.org/variable#187 http://www.ibm.com/timex#di http://ex.org/variable#69	1
http://ex.org/variable#187 http://www.ibm.com/timex#o http://ex.org/variable#70	1
http://ex.org/variable#187 http://www.ibm.com/timex#di http://ex.org/variable#71	1
http://ex.org/variable#187 http://www.ibm.com/timex#di http://ex.org/variable#72	1
http://ex.org/variable#187 http://www.ibm.com/timex#di http://ex.org/variable#73	1
http://ex.org/variable#187 http://www.ibm.com/timex#o http://ex.org/variable#74	1
http://ex.org/variable#187 http://www.ibm.com/timex#di http://ex.org/variable#75	1
http://ex.org/variable#187 http://www.ibm.com/timex#o http://ex.org/variable#76	1
http://ex.org/variable#187 http://www.ibm.com/timex#o http://ex.org/variable#77	1
http://ex.org/variable#187 http://www.ibm.com/timex#di http://ex.org/variable#78	1
http://ex.org/variable#187 http://www.ibm.com/timex#oi http://ex.org/variable#79	1
http://ex.org/variable#187 http://www.ibm.com/timex#o http://ex.org/variable#80	1
http://ex.org/variable#187 http://www.ibm.com/timex#oi_si http://ex.org/variable#81	1
http://ex.org/variable#187 http://www.ibm.com/timex#di http://ex.org/variable#82	1
http://ex.org/variable#187 http://www.ibm.com/timex#o http://ex.org/variable#83	1
http://ex.org/variable#187 http://www.ibm.com/timex#o http://ex.org/variable#84	1
http://ex.org/variable#187 http://www.ibm.com/timex#di http://ex.org/variable#85	1
http://ex.org/variable#187 http://www.ibm.com/timex#o http://ex.org/variable#86	1
http://ex.org/variable#187 http://www.ibm.com/timex#o http://ex.org/variable#87	1
http://ex.org/variable#187 http://www.ibm.com/timex#b http://ex.org/variable#88	1
http://ex.org/variable#187 http://www.ibm.com/timex#o http://ex.org/variable#89	1
http://ex.org/variable#187 http://www.ibm.com/timex#di http://ex.org/variable#90	1
http://ex.org/variable#187 http://www.ibm.com/timex#o http://ex.org/variable#91	1
http://ex.org/variable#187 http://www.ibm.com/timex#o http://ex.org/variable#92	1
http://ex.org/variable#187 http://www.ibm.com/timex#o http://ex.org/variable#93	1
http://ex.org/variable#187 http://www.ibm.com/timex#di http://ex.org/variable#94	1
http://ex.org/variable#187 http://www.ibm.com/timex#di http://ex.org/variable#95	1
http://ex.org/variable#187 http://www.ibm.com/timex#di http://ex.org/variable#96	1
http://ex.org/variable#187 http://www.ibm.com/timex#o http://ex.org/variable#97	1
http://ex.org/variable#187 http://www.ibm.com/timex#o http://ex.org/variable#98	1
http://ex.org/variable#187 http://www.ibm.com/timex#o http://ex.org/variable#99	1
http://ex.org/variable#187 http://www.ibm.com/timex#di http://ex.org/variable#100	1
http://ex.org/variable#187 http://www.ibm.com/timex#o http://ex.org/variable#101	1
http://ex.org/variable#187 http://www.ibm.com/timex#di http://ex.org/variable#102	1
http://ex.org/variable#187 http://www.ibm.com/timex#di http://ex.org/variable#103	1
http://ex.org/variable#187 http://www.ibm.com/timex#b http://ex.org/variable#104	1
http://ex.org/variable#187 http://www.ibm.com/timex#o http://ex.org/variable#105	1
http://ex.org/variable#187 http://www.ibm.com/timex#o http://ex.org/variable#106	1
http://ex.org/variable#187 http://www.ibm.com/timex#di http://ex.org/variable#107	1
http://ex.org/variable#187 http://www.ibm.com/timex#di http://ex.org/variable#108	1
http://ex.org/variable#187 http://www.ibm.com/timex#di http://ex.org/variable#109	1
http://ex.org/variable#187 http://www.ibm.com/timex#o http://ex.org/variable#110	1
http://ex.org/variable#187 http://www.ibm.com/timex#di http://ex.org/variable#111	1
http://ex.org/variable#187 http://www.ibm.com/timex#di http://ex.org/variable#112	1
http://ex.org/variable#187 http://www.ibm.com/timex#di http://ex.org/variable#113	1
http://ex.org/variable#187 http://www.ibm.com/timex#di http://ex.org/variable#114	1
http://ex.org/variable#187 http://www.ibm.com/timex#b http://ex.org/variable#115	1
http://ex.org/variable#187 http://www.ibm.com/timex#di http://ex.org/variable#116	1
http://ex.org/variable#187 http://www.ibm.com/timex#di http://ex.org/variable#117	1
http://ex.org/variable#187 http://www.ibm.com/timex#di http://ex.org/variable#118	1
http://ex.org/variable#187 http://www.ibm.com/timex#d http://ex.org/variable#119	1
http://ex.org/variable#187 http://www.ibm.com/timex#di http://ex.org/variable#120	1
http://ex.org/variable#187 http://www.ibm.com/timex#b http://ex.org/variable#121	1
http://ex.org/variable#187 http://www.ibm.com/timex#di http://ex.org/variable#122	1
http://ex.org/variable#187 http://www.ibm.com/timex#o http://ex.org/variable#123	1
http://ex.org/variable#187 http://www.ibm.com/timex#di http://ex.org/variable#124	1
http://ex.org/variable#187 http://www.ibm.com/timex#di http://ex.org/variable#125	1
http://ex.org/variable#187 http://www.ibm.com/timex#di http://ex.org/variable#126	1
http://ex.org/variable#187 http://www.ibm.com/timex#o http://ex.org/variable#127	1
http://ex.org/variable#187 http://www.ibm.com/timex#o http://ex.org/variable#128	1
http://ex.org/variable#187 http://www.ibm.com/timex#oi http://ex.org/variable#129	1
http://ex.org/variable#187 http://www.ibm.com/timex#di http://ex.org/variable#130	1
http://ex.org/variable#187 http://www.ibm.com/timex#o http://ex.org/variable#131	1
http://ex.org/variable#187 http://www.ibm.com/timex#o http://ex.org/variable#132	1
http://ex.org/variable#187 http://www.ibm.com/timex#o http://ex.org/variable#133	1
http://ex.org/variable#187 http://www.ibm.com/timex#di http://ex.org/variable#134	1
http://ex.org/variable#187 http://www.ibm.com/timex#o http://ex.org/variable#135	1
http://ex.org/variable#187 http://www.ibm.com/timex#o http://ex.org/variable#136	1
http://ex.org/variable#187 http://www.ibm.com/timex#di http://ex.org/variable#137	1
http://ex.org/variable#187 http://www.ibm.com/timex#o http://ex.org/variable#138	1
http://ex.org/variable#187 http://www.ibm.com/timex#di http://ex.org/variable#139	1
http://ex.org/variable#187 http://www.ibm.com/timex#di http://ex.org/variable#140	1
http://ex.org/variable#187 http://www.ibm.com/timex#o http://ex.org/variable#141	1
http://ex.org/variable#187 http://www.ibm.com/timex#di http://ex.org/variable#142	1
http://ex.org/variable#187 http://www.ibm.com/timex#o http://ex.org/variable#143	1
http://ex.org/variable#187 http://www.ibm.com/timex#o http://ex.org/variable#144	1
http://ex.org/variable#187 http://www.ibm.com/timex#o http://ex.org/variable#145	1
http://ex.org/variable#187 http://www.ibm.com/timex#o http://ex.org/variable#146	1
http://ex.org/variable#187 http://www.ibm.com/timex#di http://ex.org/variable#147	1
http://ex.org/variable#187 http://www.ibm.com/timex#di http://ex.org/variable#148	1
http://ex.org/variable#187 http://www.ibm.com/timex#di http://ex.org/variable#149	1
http://ex.org/variable#187 http://www.ibm.com/timex#o http://ex.org/variable#150	1
http://ex.org/variable#187 http://www.ibm.com/timex#o http://ex.org/variable#151	1
http://ex.org/variable#187 http://www.ibm.com/timex#di http://ex.org/variable#152	1
http://ex.org/variable#187 http://www.ibm.com/timex#o http://ex.org/variable#153	1
http://ex.org/variable#187 http://www.ibm.com/timex#di http://ex.org/variable#154	1
http://ex.org/variable#187 http://www.ibm.com/timex#di http://ex.org/variable#155	1
http://ex.org/variable#187 http://www.ibm.com/timex#o http://ex.org/variable#156	1
http://ex.org/variable#187 http://www.ibm.com/timex#di http://ex.org/variable#157	1
http://ex.org/variable#187 http://www.ibm.com/timex#di http://ex.org/variable#158	1
http://ex.org/variable#187 http://www.ibm.com/timex#o http://ex.org/variable#159	1
http://ex.org/variable#187 http://www.ibm.com/timex#o http://ex.org/variable#160	1
http://ex.org/variable#187 http://www.ibm.com/timex#di http://ex.org/variable#161	1
http://ex.org/variable#187 http://www.ibm.com/timex#di http://ex.org/variable#162	1
http://ex.org/variable#187 http://www.ibm.com/timex#o http://ex.org/variable#163	1
http://ex.org/variable#187 http://www.ibm.com/timex#o http://ex.org/variable#164	1
http://ex.org/variable#187 http://www.ibm.com/timex#di http://ex.org/variable#165	1
http://ex.org/variable#187 http://www.ibm.com/timex#di http://ex.org/variable#166	1
http://ex.org/variable#187 http://www.ibm.com/timex#di http://ex.org/variable#167	1
http://ex.org/variable#187 http://www.ibm.com/timex#o http://ex.org/variable#168	1
http://ex.org/variable#187 http://www.ibm.com/timex#o http://ex.org/variable#169	1
http://ex.org/variable#187 http://www.ibm.com/timex#o http://ex.org/variable#170	1
http://ex.org/variable#187 http://www.ibm.com/timex#di http://ex.org/variable#171	1
http://ex.org/variable#187 http://www.ibm.com/timex#di http://ex.org/variable#172	1
http://ex.org/variable#187 http://www.ibm.com/timex#di http://ex.org/variable#173	1
http://ex.org/variable#187 http://www.ibm.com/timex#o http://ex.org/variable#174	1
http://ex.org/variable#187 http://www.ibm.com/timex#di http://ex.org/variable#175	1
http://ex.org/variable#187 http://www.ibm.com/timex#o http://ex.org/variable#176	1
http://ex.org/variable#187 http://www.ibm.com/timex#di http://ex.org/variable#177	1
http://ex.org/variable#187 http://www.ibm.com/timex#o http://ex.org/variable#178	1
http://ex.org/variable#187 http://www.ibm.com/timex#o http://ex.org/variable#179	1
http://ex.org/variable#187 http://www.ibm.com/timex#di http://ex.org/variable#180	1
http://ex.org/variable#187 http://www.ibm.com/timex#di http://ex.org/variable#181	1
http://ex.org/variable#187 http://www.ibm.com/timex#di http://ex.org/variable#182	1
http://ex.org/variable#187 http://www.ibm.com/timex#o http://ex.org/variable#183	1
http://ex.org/variable#187 http://www.ibm.com/timex#di http://ex.org/variable#184	1
http://ex.org/variable#187 http://www.ibm.com/timex#di http://ex.org/variable#185	1
http://ex.org/variable#187 http://www.ibm.com/timex#o http://ex.org/variable#186	1
http://ex.org/variable#187 http://www.ibm.com/timex#di http://ex.org/variable#188	1
http://ex.org/variable#187 http://www.ibm.com/timex#di http://ex.org/variable#189	1
http://ex.org/variable#188 http://www.ibm.com/timex#d http://ex.org/variable#0	1
http://ex.org/variable#188 http://www.ibm.com/timex#b_m_o http://ex.org/variable#1	1
http://ex.org/variable#188 http://www.ibm.com/timex#d http://ex.org/variable#2	1
http://ex.org/variable#188 http://www.ibm.com/timex#oi_d_f http://ex.org/variable#3	1
http://ex.org/variable#188 http://www.ibm.com/timex#d http://ex.org/variable#4	1
http://ex.org/variable#188 http://www.ibm.com/timex#oi http://ex.org/variable#5	1
http://ex.org/variable#188 http://www.ibm.com/timex#o http://ex.org/variable#6	1
http://ex.org/variable#188 http://www.ibm.com/timex#d http://ex.org/variable#7	1
http://ex.org/variable#188 http://www.ibm.com/timex#bi http://ex.org/variable#8	1
http://ex.org/variable#188 http://www.ibm.com/timex#o http://ex.org/variable#9	1
http://ex.org/variable#188 http://www.ibm.com/timex#d http://ex.org/variable#10	1
http://ex.org/variable#188 http://www.ibm.com/timex#d http://ex.org/variable#11	1
http://ex.org/variable#188 http://www.ibm.com/timex#d http://ex.org/variable#12	1
http://ex.org/variable#188 http://www.ibm.com/timex#oi http://ex.org/variable#13	1
http://ex.org/variable#188 http://www.ibm.com/timex#di http://ex.org/variable#14	1
http://ex.org/variable#188 http://www.ibm.com/timex#oi http://ex.org/variable#15	1
http://ex.org/variable#188 http://www.ibm.com/timex#oi http://ex.org/variable#16	1
http://ex.org/variable#188 http://www.ibm.com/timex#b_m_o_di_fi http://ex.org/variable#17	1
http://ex.org/variable#188 http://www.ibm.com/timex#oi_d_f http://ex.org/variable#18	1
http://ex.org/variable#188 http://www.ibm.com/timex#bi http://ex.org/variable#19	1
http://ex.org/variable#188 http://www.ibm.com/timex#d http://ex.org/variable#20	1
http://ex.org/variable#188 http://www.ibm.com/timex#o http://ex.org/variable#21	1
http://ex.org/variable#188 http://www.ibm.com/timex#d http://ex.org/variable#22	1
http://ex.org/variable#188 http://www.ibm.com/timex#bi http://ex.org/variable#23	1
http://ex.org/variable#188 http://www.ibm.com/timex#d http://ex.org/variable#24	1
http://ex.org/variable#188 http://www.ibm.com/timex#bi http://ex.org/variable#25	1
http://ex.org/variable#188 http://www.ibm.com/timex#o http://ex.org/variable#26	1
http://ex.org/variable#188 http://www.ibm.com/timex#bi http://ex.org/variable#27	1
http://ex.org/variable#188 http://www.ibm.com/timex#o http://ex.org/variable#28	1
http://ex.org/variable#188 http://www.ibm.com/timex#d http://ex.org/variable#29	1
http://ex.org/variable#188 http://www.ibm.com/timex#oi http://ex.org/variable#30	1
http://ex.org/variable#188 http://www.ibm.com/timex#oi http://ex.org/variable#31	1
http://ex.org/variable#188 http://www.ibm.com/timex#bi http://ex.org/variable#32	1
http://ex.org/variable#188 http://www.ibm.com/timex#o http://ex.org/variable#33	1
http://ex.org/variable#188 http://www.ibm.com/timex#oi_d_f http://ex.org/variable#34	1
http://ex.org/variable#188 http://www.ibm.com/timex#oi http://ex.org/variable#35	1
http://ex.org/variable#188 http://www.ibm.com/timex#oi http://ex.org/variable#36	1
http://ex.org/variable#188 http://www.ibm.com/timex#bi http://ex.org/variable#37	1
http://ex.org/variable#188 http://www.ibm.com/timex#oi_d http://ex.org/variable#38	1
http://ex.org/variable#188 http://www.ibm.com/timex#o_di http://ex.org/variable#39	1
http://ex.org/variable#188 http://www.ibm.com/timex#oi http://ex.org/variable#40	1
http://ex.org/variable#188 http://www.ibm.com/timex#d http://ex.org/variable#41	1
http://ex.org/variable#188 http://www.ibm.com/timex#d http://ex.org/variable#42	1
http://ex.org/variable#188 http://www.ibm.com/timex#oi_d_f http://ex.org/variable#43	1
http://ex.org/variable#188 http://www.ibm.com/timex#d http://ex.org/variable#44	1
http://ex.org/variable#188 http://www.ibm.com/timex#d http://ex.org/variable#45	1
http://ex.org/variable#188 http://www.ibm.com/timex#oi http://ex.org/variable#46	1
http://ex.org/variable#188 http://www.ibm.com/timex#oi http://ex.org/variable#47	1
http://ex.org/variable#188 http://www.ibm.com/timex#o_di_fi http://ex.org/variable#48	1
http://ex.org/variable#188 http://www.ibm.com/timex#bi http://ex.org/variable#49	1
http://ex.org/variable#188 http://www.ibm.com/timex#d http://ex.org/variable#50	1
http://ex.org/variable#188 http://www.ibm.com/timex#o_di_fi http://ex.org/variable#51	1
http://ex.org/variable#188 http://www.ibm.com/timex#oi_d_f http://ex.org/variable#52	1
http://ex.org/variable#188 http://www.ibm.com/timex#d http://ex.org/variable#53	1
http://ex.org/variable#188 http://www.ibm.com/timex#oi_d_f http://ex.org/variable#54	1
http://ex.org/variable#188 http://www.ibm.com/timex#oi_d http://ex.org/variable#55	1
http://ex.org/variable#188 http://www.ibm.com/timex#oi http://ex.org/variable#56	1
http://ex.org/variable#188 http://www.ibm.com/timex#oi http://ex.org/variable#57	1
http://ex.org/variable#188 http://www.ibm.com/timex#oi_d_f http://ex.org/variable#58	1
http://ex.org/variable#188 http://www.ibm.com/timex#d http://ex.org/variable#59	1
http://ex.org/variable#188 http://www.ibm.com/timex#d http://ex.org/variable#60	1
http://ex.org/variable#188 http://www.ibm.com/timex#d http://ex.org/variable#61	1
http://ex.org/variable#188 http://www.ibm.com/timex#d http://ex.org/variable#62	1
http://ex.org/variable#188 http://www.ibm.com/timex#d_f http://ex.org/variable#63	1
http://ex.org/variable#188 http://www.ibm.com/timex#d http://ex.org/variable#64	1
http://ex.org/variable#188 http://www.ibm.com/timex#bi http://ex.org/variable#65	1
http://ex.org/variable#188 http://www.ibm.com/timex#bi http://ex.org/variable#66	1
http://ex.org/variable#188 http://www.ibm.com/timex#d http://ex.org/variable#67	1
http://ex.org/variable#188 http://www.ibm.com/timex#d http://ex.org/variable#68	1
http://ex.org/variable#188 http://www.ibm.com/timex#oi http://ex.org/variable#69	1
http://ex.org/variable#188 http://www.ibm.com/timex#d http://ex.org/variable#70	1
http://ex.org/variable#188 http://www.ibm.com/timex#oi http://ex.org/variable#71	1
http://ex.org/variable#188 http://www.ibm.com/timex#d http://ex.org/variable#72	1
http://ex.org/variable#188 http://www.ibm.com/timex#oi_d_f http://ex.org/variable#73	1
http://ex.org/variable#188 http://www.ibm.com/timex#d http://ex.org/variable#74	1
http://ex.org/variable#188 http://www.ibm.com/timex#oi_d_f http://ex.org/variable#75	1
http://ex.org/variable#188 http://www.ibm.com/timex#d http://ex.org/variable#76	1
http://ex.org/variable#188 http://www.ibm.com/timex#d http://ex.org/variable#77	1
http://ex.org/variable#188 http://www.ibm.com/timex#oi http://ex.org/variable#78	1
http://ex.org/variable#188 http://www.ibm.com/timex#oi http://ex.org/variable#79	1
http://ex.org/variable#188 http://www.ibm.com/timex#d http://ex.org/variable#80	1
http://ex.org/variable#188 http://www.ibm.com/timex#oi http://ex.org/variable#81	1
http://ex.org/variable#188 http://www.ibm.com/timex#bi http://ex.org/variable#82	1
http://ex.org/variable#188 http://www.ibm.com/timex#d http://ex.org/variable#83	1
http://ex.org/variable#188 http://www.ibm.com/timex#o http://ex.org/variable#84	1
http://ex.org/variable#188 http://www.ibm.com/timex#o http://ex.org/variable#85	1
http://ex.org/variable#188 http://www.ibm.com/timex#d http://ex.org/variable#86	1
http://ex.org/variable#188 http://www.ibm.com/timex#o_s http://ex.org/variable#87	1
http://ex.org/variable#188 http://www.ibm.com/timex#b http://ex.org/variable#88	1
http://ex.org/variable#188 http://www.ibm.com/timex#d http://ex.org/variable#89	1
http://ex.org/variable#188 http://www.ibm.com/timex#oi_d_f http://ex.org/variable#90	1
http://ex.org/variable#188 http://www.ibm.com/timex#d http://ex.org/variable#91	1
http://ex.org/variable#188 http://www.ibm.com/timex#d http://ex.org/variable#92	1
http://ex.org/variable#188 http://www.ibm.com/timex#d http://ex.org/variable#93	1
http://ex.org/variable#188 http://www.ibm.com/timex#oi http://ex.org/variable#94	1
http://ex.org/variable#188 http://www.ibm.com/timex#bi http://ex.org/variable#95	1
http://ex.org/variable#188 http://www.ibm.com/timex#bi http://ex.org/variable#96	1
http://ex.org/variable#188 http://www.ibm.com/timex#d http://ex.org/variable#97	1
http://ex.org/variable#188 http://www.ibm.com/timex#m_o http://ex.org/variable#98	1
http://ex.org/variable#188 http://www.ibm.com/timex#o http://ex.org/variable#99	1
http://ex.org/variable#188 http://www.ibm.com/timex#bi http://ex.org/variable#100	1
http://ex.org/variable#188 http://www.ibm.com/timex#d http://ex.org/variable#101	1
http://ex.org/variable#188 http://www.ibm.com/timex#di http://ex.org/variable#102	1
http://ex.org/variable#188 http://www.ibm.com/timex#oi_d_f http://ex.org/variable#103	1
http://ex.org/variable#188 http://www.ibm.com/timex#b http://ex.org/variable#104	1
http://ex.org/variable#188 http://www.ibm.com/timex#d http://ex.org/variable#105	1
http://ex.org/variable#188 http://www.ibm.com/timex#d http://ex.org/variable#106	1
http://ex.org/variable#188 http://www.ibm.com/timex#oi_d_f http://ex.org/variable#107	1
http://ex.org/variable#188 http://www.ibm.com/timex#oi http://ex.org/variable#108	1
http://ex.org/variable#188 http://www.ibm.com/timex#di http://ex.org/variable#109	1
http://ex.org/variable#188 http://www.ibm.com/timex#d http://ex.org/variable#110	1
http://ex.org/variable#188 http://www.ibm.com/timex#oi http://ex.org/variable#111	1
http://ex.org/variable#188 http://www.ibm.com/timex#oi_d_f http://ex.org/variable#112	1
http://ex.org/variable#188 http://www.ibm.com/timex#di http://ex.org/variable#113	1
http://ex.org/variable#188 http://www.ibm.com/timex#d http://ex.org/variable#114	1
http://ex.org/variable#188 http://www.ibm.com/timex#b http://ex.org/variable#115	1
http://ex.org/variable#188 http://www.ibm.com/timex#di http://ex.org/variable#116	1
http://ex.org/variable#188 http://www.ibm.com/timex#oi http://ex.org/variable#117	1
http://ex.org/variable#188 http://www.ibm.com/timex#oi http://ex.org/variable#118	1
http://ex.org/variable#188 http://www.ibm.com/timex#d http://ex.org/variable#119	1
http://ex.org/variable#188 http://www.ibm.com/timex#oi http://ex.org/variable#120	1
http://ex.org/variable#188 http://www.ibm.com/timex#b http://ex.org/variable#121	1
http://ex.org/variable#188 http://www.ibm.com/timex#d_f http://ex.org/variable#122	1
http://ex.org/variable#188 http://www.ibm.com/timex#d http://ex.org/variable#123	1
http://ex.org/variable#188 http://www.ibm.com/timex#oi http://ex.org/variable#124	1
http://ex.org/variable#188 http://www.ibm.com/timex#oi http://ex.org/variable#125	1
http://ex.org/variable#188 http://www.ibm.com/timex#o_s http://ex.org/variable#126	1
http://ex.org/variable#188 http://www.ibm.com/timex#o http://ex.org/variable#127	1
http://ex.org/variable#188 http://www.ibm.com/timex#d http://ex.org/variable#128	1
http://ex.org/variable#188 http://www.ibm.com/timex#oi http://ex.org/variable#129	1
http://ex.org/variable#188 http://www.ibm.com/timex#oi http://ex.org/variable#130	1
http://ex.org/variable#188 http://www.ibm.com/timex#b_m_o http://ex.org/variable#131	1
http://ex.org/variable#188 http://www.ibm.com/timex#d http://ex.org/variable#132	1
http://ex.org/variable#188 http://www.ibm.com/timex#d http://ex.org/variable#133	1
http://ex.org/variable#188 http://www.ibm.com/timex#oi http://ex.org/variable#134	1
http://ex.org/variable#188 http://www.ibm.com/timex#d http://ex.org/variable#135	1
http://ex.org/variable#188 http://www.ibm.com/timex#d http://ex.org/variable#136	1
http://ex.org/variable#188 http://www.ibm.com/timex#oi http://ex.org/variable#137	1
http://ex.org/variable#188 http://www.ibm.com/timex#o http://ex.org/variable#138	1
http://ex.org/variable#188 http://www.ibm.com/timex#oi http://ex.org/variable#139	1
http://ex.org/variable#188 http://www.ibm.com/timex#oi http://ex.org/variable#140	1
http://ex.org/variable#188 http://www.ibm.com/timex#d http://ex.org/variable#141	1
http://ex.org/variable#188 http://www.ibm.com/timex#oi http://ex.org/variable#142	1
http://ex.org/variable#188 http://www.ibm.com/timex#d http://ex.org/variable#143	1
http://ex.org/variable#188 http://www.ibm.com/timex#d http://ex.org/variable#144	1
http://ex.org/variable#188 http://www.ibm.com/timex#o http://ex.org/variable#145	1
http://ex.org/variable#188 http://www.ibm.com/timex#d http://ex.org/variable#146	1
http://ex.org/variable#188 http://www.ibm.com/timex#oi_d http://ex.org/variable#147	1
http://ex.org/variable#188 http://www.ibm.com/timex#oi_d_f http://ex.org/variable#148	1
http://ex.org/variable#188 http://www.ibm.com/timex#bi http://ex.org/variable#149	1
http://ex.org/variable#188 http://www.ibm.com/timex#o http://ex.org/variable#150	1
http://ex.org/variable#188 http://www.ibm.com/timex#d http://ex.org/variable#151	1
http://ex.org/variable#188 http://www.ibm.com/timex#bi http://ex.org/variable#152	1
http://ex.org/variable#188 http://www.ibm.com/timex#d http://ex.org/variable#153	1
http://ex.org/variable#188 http://www.ibm.com/timex#oi http://ex.org/variable#154	1
http://ex.org/variable#188 http://www.ibm.com/timex#oi_d http://ex.org/variable#155	1
http://ex.org/variable#188 http://www.ibm.com/timex#d http://ex.org/variable#156	1
http://ex.org/variable#188 http://www.ibm.com/timex#bi http://ex.org/variable#157	1
http://ex.org/variable#188 http://www.ibm.com/timex#oi http://ex.org/variable#158	1
http://ex.org/variable#188 http://www.ibm.com/timex#d http://ex.org/variable#159	1
http://ex.org/variable#188 http://www.ibm.com/timex#d http://ex.org/variable#160	1
http://ex.org/variable#188 http://www.ibm.com/timex#oi http://ex.org/variable#161	1
http://ex.org/variable#188 http://www.ibm.com/timex#oi http://ex.org/variable#162	1
http://ex.org/variable#188 http://www.ibm.com/timex#d http://ex.org/variable#163	1
http://ex.org/variable#188 http://www.ibm.com/timex#d http://ex.org/variable#164	1
http://ex.org/variable#188 http://www.ibm.com/timex#oi http://ex.org/variable#165	1
http://ex.org/variable#188 http://www.ibm.com/timex#oi http://ex.org/variable#166	1
http://ex.org/variable#188 http://www.ibm.com/timex#oi http://ex.org/variable#167	1
http://ex.org/variable#188 http://www.ibm.com/timex#d http://ex.org/variable#168	1
http://ex.org/variable#188 http://www.ibm.com/timex#d http://ex.org/variable#169	1
http://ex.org/variable#188 http://www.ibm.com/timex#o http://ex.org/variable#170	1
http://ex.org/variable#188 http://www.ibm.com/timex#oi http://ex.org/variable#171	1
http://ex.org/variable#188 http://www.ibm.com/timex#bi http://ex.org/variable#172	1
http://ex.org/variable#188 http://www.ibm.com/timex#b_m_o_di_fi http://ex.org/variable#173	1
http://ex.org/variable#188 http://www.ibm.com/timex#o http://ex.org/variable#174	1
http://ex.org/variable#188 http://www.ibm.com/timex#oi_d http://ex.org/variable#175	1
http://ex.org/variable#188 http://www.ibm.com/timex#d http://ex.org/variable#176	1
http://ex.org/variable#188 http://www.ibm.com/timex#d http://ex.org/variable#177	1
http://ex.org/variable#188 http://www.ibm.com/timex#d http://ex.org/variable#178	1
http://ex.org/variable#188 http://www.ibm.com/timex#d http://ex.org/variable#179	1
http://ex.org/variable#188 http://www.ibm.com/timex#bi http://ex.org/variable#180	1
http://ex.org/variable#188 http://www.ibm.com/timex#bi http://ex.org/variable#181	1
http://ex.org/variable#188 http://www.ibm.com/timex#oi http://ex.org/variable#182	1
http://ex.org/variable#188 http://www.ibm.com/timex#o http://ex.org/variable#183	1
http://ex.org/variable#188 http://www.ibm.com/timex#oi http://ex.org/variable#184	1
http://ex.org/variable#188 http://www.ibm.com/timex#d http://ex.org/variable#185	1
http://ex.org/variable#188 http://www.ibm.com/timex#d http://ex.org/variable#186	1
http://ex.org/variable#188 http://www.ibm.com/timex#d http://ex.org/variable#187	1
http://ex.org/variable#188 http://www.ibm.com/timex#oi http://ex.org/variable#189	1
http://ex.org/variable#189 http://www.ibm.com/timex#d http://ex.org/variable#0	1
http://ex.org/variable#189 http://www.ibm.com/timex#b http://ex.org/variable#1	1
http://ex.org/variable#189 http://www.ibm.com/timex#d http://ex.org/variable#2	1
http://ex.org/variable#189 http://www.ibm.com/timex#o http://ex.org/variable#3	1
http://ex.org/variable#189 http://www.ibm.com/timex#d http://ex.org/variable#4	1
http://ex.org/variable#189 http://www.ibm.com/timex#oi http://ex.org/variable#5	1
http://ex.org/variable#189 http://www.ibm.com/timex#o http://ex.org/variable#6	1
http://ex.org/variable#189 http://www.ibm.com/timex#d http://ex.org/variable#7	1
http://ex.org/variable#189 http://www.ibm.com/timex#bi http://ex.org/variable#8	1
http://ex.org/variable#189 http://www.ibm.com/timex#o http://ex.org/variable#9	1
http://ex.org/variable#189 http://www.ibm.com/timex#d http://ex.org/variable#10	1
http://ex.org/variable#189 http://www.ibm.com/timex#d http://ex.org/variable#11	1
http://ex.org/variable#189 http://www.ibm.com/timex#d http://ex.org/variable#12	1
http://ex.org/variable#189 http://www.ibm.com/timex#oi http://ex.org/variable#13	1
http://ex.org/variable#189 http://www.ibm.com/timex#o http://ex.org/variable#14	1
http://ex.org/variable#189 http://www.ibm.com/timex#d http://ex.org/variable#15	1
http://ex.org/variable#189 http://www.ibm.com/timex#d http://ex.org/variable#16	1
http://ex.org/variable#189 http://www.ibm.com/timex#b http://ex.org/variable#17	1
http://ex.org/variable#189 http://www.ibm.com/timex#d http://ex.org/variable#18	1
http://ex.org/variable#189 http://www.ibm.com/timex#oi http://ex.org/variable#19	1
http://ex.org/variable#189 http://www.ibm.com/timex#d http://ex.org/variable#20	1
http://ex.org/variable#189 http://www.ibm.com/timex#b http://ex.org/variable#21	1
http://ex.org/variable#189 http://www.ibm.com/timex#d http://ex.org/variable#22	1
http://ex.org/variable#189 http://www.ibm.com/timex#oi http://ex.org/variable#23	1
http://ex.org/variable#189 http://www.ibm.com/timex#d http://ex.org/variable#24	1
http://ex.org/variable#189 http://www.ibm.com/timex#bi http://ex.org/variable#25	1
http://ex.org/variable#189 http://www.ibm.com/timex#b http://ex.org/variable#26	1
http://ex.org/variable#189 http://www.ibm.com/timex#oi http://ex.org/variable#27	1
http://ex.org/variable#189 http://www.ibm.com/timex#o http://ex.org/variable#28	1
http://ex.org/variable#189 http://www.ibm.com/timex#d http://ex.org/variable#29	1
http://ex.org/variable#189 http://www.ibm.com/timex#di http://ex.org/variable#30	1
http://ex.org/variable#189 http://www.ibm.com/timex#oi http://ex.org/variable#31	1
http://ex.org/variable#189 http://www.ibm.com/timex#oi http://ex.org/variable#32	1
http://ex.org/variable#189 http://www.ibm.com/timex#b http://ex.org/variable#33	1
http://ex.org/variable#189 http://www.ibm.com/timex#d http://ex.org/variable#34	1
http://ex.org/variable#189 http://www.ibm.com/timex#oi_di_si http://ex.org/variable#35	1
http://ex.org/variable#189 http://www.ibm.com/timex#oi http://ex.org/variable#36	1
http://ex.org/variable#189 http://www.ibm.com/timex#oi http://ex.org/variable#37	1
http://ex.org/variable#189 http://www.ibm.com/timex#d http://ex.org/variable#38	1
http://ex.org/variable#189 http://www.ibm.com/timex#b http://ex.org/variable#39	1
http://ex.org/variable#189 http://www.ibm.com/timex#d http://ex.org/variable#40	1
http://ex.org/variable#189 http://www.ibm.com/timex#d http://ex.org/variable#41	1
http://ex.org/variable#189 http://www.ibm.com/timex#d http://ex.org/variable#42	1
http://ex.org/variable#189 http://www.ibm.com/timex#d http://ex.org/variable#43	1
http://ex.org/variable#189 http://www.ibm.com/timex#d http://ex.org/variable#44	1
http://ex.org/variable#189 http://www.ibm.com/timex#o_d_s http://ex.org/variable#45	1
http://ex.org/variable#189 http://www.ibm.com/timex#d http://ex.org/variable#46	1
http://ex.org/variable#189 http://www.ibm.com/timex#d http://ex.org/variable#47	1
http://ex.org/variable#189 http://www.ibm.com/timex#b http://ex.org/variable#48	1
http://ex.org/variable#189 http://www.ibm.com/timex#oi http://ex.org/variable#49	1
http://ex.org/variable#189 http://www.ibm.com/timex#d http://ex.org/variable#50	1
http://ex.org/variable#189 http://www.ibm.com/timex#b http://ex.org/variable#51	1
http://ex.org/variable#189 http://www.ibm.com/timex#d http://ex.org/variable#52	1
http://ex.org/variable#189 http://www.ibm.com/timex#d http://ex.org/variable#53	1
http://ex.org/variable#189 http://www.ibm.com/timex#d http://ex.org/variable#54	1
http://ex.org/variable#189 http://www.ibm.com/timex#d http://ex.org/variable#55	1
http://ex.org/variable#189 http://www.ibm.com/timex#oi http://ex.org/variable#56	1
http://ex.org/variable#189 http://www.ibm.com/timex#d http://ex.org/variable#57	1
http://ex.org/variable#189 http://www.ibm.com/timex#d http://ex.org/variable#58	1
http://ex.org/variable#189 http://www.ibm.com/timex#d http://ex.org/variable#59	1
http://ex.org/variable#189 http://www.ibm.com/timex#d http://ex.org/variable#60	1
http://ex.org/variable#189 http://www.ibm.com/timex#d http://ex.org/variable#61	1
http://ex.org/variable#189 http://www.ibm.com/timex#d http://ex.org/variable#62	1
http://ex.org/variable#189 http://www.ibm.com/timex#d http://ex.org/variable#63	1
http://ex.org/variable#189 http://www.ibm.com/timex#d http://ex.org/variable#64	1
http://ex.org/variable#189 http://www.ibm.com/timex#bi http://ex.org/variable#65	1
http://ex.org/variable#189 http://www.ibm.com/timex#oi http://ex.org/variable#66	1
http://ex.org/variable#189 http://www.ibm.com/timex#d http://ex.org/variable#67	1
http://ex.org/variable#189 http://www.ibm.com/timex#d http://ex.org/variable#68	1
http://ex.org/variable#189 http://www.ibm.com/timex#d http://ex.org/variable#69	1
http://ex.org/variable#189 http://www.ibm.com/timex#d http://ex.org/variable#70	1
http://ex.org/variable#189 http://www.ibm.com/timex#d http://ex.org/variable#71	1
http://ex.org/variable#189 http://www.ibm.com/timex#d http://ex.org/variable#72	1
http://ex.org/variable#189 http://www.ibm.com/timex#d http://ex.org/variable#73	1
http://ex.org/variable#189 http://www.ibm.com/timex#d http://ex.org/variable#74	1
http://ex.org/variable#189 http://www.ibm.com/timex#d http://ex.org/variable#75	1
http://ex.org/variable#189 http://www.ibm.com/timex#d http://ex.org/variable#76	1
http://ex.org/variable#189 http://www.ibm.com/timex#d http://ex.org/variable#77	1
http://ex.org/variable#189 http://www.ibm.com/timex#d http://ex.org/variable#78	1
http://ex.org/variable#189 http://www.ibm.com/timex#oi http://ex.org/variable#79	1
http://ex.org/variable#189 http://www.ibm.com/timex#d http://ex.org/variable#80	1
http://ex.org/variable#189 http://www.ibm.com/timex#d http://ex.org/variable#81	1
http://ex.org/variable#189 http://www.ibm.com/timex#oi http://ex.org/variable#82	1
http://ex.org/variable#189 http://www.ibm.com/timex#d http://ex.org/variable#83	1
http://ex.org/variable#189 http://www.ibm.com/timex#o http://ex.org/variable#84	1
http://ex.org/variable#189 http://www.ibm.com/timex#b http://ex.org/variable#85	1
http://ex.org/variable#189 http://www.ibm.com/timex#d http://ex.org/variable#86	1
http://ex.org/variable#189 http://www.ibm.com/timex#o http://ex.org/variable#87	1
http://ex.org/variable#189 http://www.ibm.com/timex#b http://ex.org/variable#88	1
http://ex.org/variable#189 http://www.ibm.com/timex#d http://ex.org/variable#89	1
http://ex.org/variable#189 http://www.ibm.com/timex#d http://ex.org/variable#90	1
http://ex.org/variable#189 http://www.ibm.com/timex#d http://ex.org/variable#91	1
http://ex.org/variable#189 http://www.ibm.com/timex#o http://ex.org/variable#92	1
http://ex.org/variable#189 http://www.ibm.com/timex#d http://ex.org/variable#93	1
http://ex.org/variable#189 http://www.ibm.com/timex#d http://ex.org/variable#94	1
http://ex.org/variable#189 http://www.ibm.com/timex#di http://ex.org/variable#95	1
http://ex.org/variable#189 http://www.ibm.com/timex#bi http://ex.org/variable#96	1
http://ex.org/variable#189 http://www.ibm.com/timex#d http://ex.org/variable#97	1
http://ex.org/variable#189 http://www.ibm.com/timex#b http://ex.org/variable#98	1
http://ex.org/variable#189 http://www.ibm.com/timex#b http://ex.org/variable#99	1
http://ex.org/variable#189 http://www.ibm.com/timex#bi http://ex.org/variable#100	1
http://ex.org/variable#189 http://www.ibm.com/timex#d http://ex.org/variable#101	1
http://ex.org/variable#189 http://www.ibm.com/timex#b_m http://ex.org/variable#102	1
http://ex.org/variable#189 http://www.ibm.com/timex#d http://ex.org/variable#103	1
http://ex.org/variable#189 http://www.ibm.com/timex#b http://ex.org/variable#104	1
http://ex.org/variable#189 http://www.ibm.com/timex#d http://ex.org/variable#105	1
http://ex.org/variable#189 http://www.ibm.com/timex#d http://ex.org/variable#106	1
http://ex.org/variable#189 http://www.ibm.com/timex#d http://ex.org/variable#107	1
http://ex.org/variable#189 http://www.ibm.com/timex#di_fi http://ex.org/variable#108	1
http://ex.org/variable#189 http://www.ibm.com/timex#b_m_o http://ex.org/variable#109	1
http://ex.org/variable#189 http://www.ibm.com/timex#d http://ex.org/variable#110	1
http://ex.org/variable#189 http://www.ibm.com/timex#d http://ex.org/variable#111	1
http://ex.org/variable#189 http://www.ibm.com/timex#d http://ex.org/variable#112	1
http://ex.org/variable#189 http://www.ibm.com/timex#di http://ex.org/variable#113	1
http://ex.org/variable#189 http://www.ibm.com/timex#d http://ex.org/variable#114	1
http://ex.org/variable#189 http://www.ibm.com/timex#b http://ex.org/variable#115	1
http://ex.org/variable#189 http://www.ibm.com/timex#o http://ex.org/variable#116	1
http://ex.org/variable#189 http://www.ibm.com/timex#oi http://ex.org/variable#117	1
http://ex.org/variable#189 http://www.ibm.com/timex#d http://ex.org/variable#118	1
http://ex.org/variable#189 http://www.ibm.com/timex#d http://ex.org/variable#119	1
http://ex.org/variable#189 http://www.ibm.com/timex#oi http://ex.org/variable#120	1
http://ex.org/variable#189 http://www.ibm.com/timex#b http://ex.org/variable#121	1
http://ex.org/variable#189 http://www.ibm.com/timex#d http://ex.org/variable#122	1
http://ex.org/variable#189 http://www.ibm.com/timex#d http://ex.org/variable#123	1
http://ex.org/variable#189 http://www.ibm.com/timex#oi http://ex.org/variable#124	1
http://ex.org/variable#189 http://www.ibm.com/timex#oi http://ex.org/variable#125	1
http://ex.org/variable#189 http://www.ibm.com/timex#o http://ex.org/variable#126	1
http://ex.org/variable#189 http://www.ibm.com/timex#b http://ex.org/variable#127	1
http://ex.org/variable#189 http://www.ibm.com/timex#d http://ex.org/variable#128	1
http://ex.org/variable#189 http://www.ibm.com/timex#oi http://ex.org/variable#129	1
http://ex.org/variable#189 http://www.ibm.com/timex#oi http://ex.org/variable#130	1
http://ex.org/variable#189 http://www.ibm.com/timex#b http://ex.org/variable#131	1
http://ex.org/variable#189 http://www.ibm.com/timex#d http://ex.org/variable#132	1
http://ex.org/variable#189 http://www.ibm.com/timex#o_d_s http://ex.org/variable#133	1
http://ex.org/variable#189 http://www.ibm.com/timex#oi http://ex.org/variable#134	1
http://ex.org/variable#189 http://www.ibm.com/timex#d http://ex.org/variable#135	1
http://ex.org/variable#189 http://www.ibm.com/timex#d http://ex.org/variable#136	1
http://ex.org/variable#189 http://www.ibm.com/timex#oi http://ex.org/variable#137	1
http://ex.org/variable#189 http://www.ibm.com/timex#b http://ex.org/variable#138	1
http://ex.org/variable#189 http://www.ibm.com/timex#oi http://ex.org/variable#139	1
http://ex.org/variable#189 http://www.ibm.com/timex#oi http://ex.org/variable#140	1
http://ex.org/variable#189 http://www.ibm.com/timex#d http://ex.org/variable#141	1
http://ex.org/variable#189 http://www.ibm.com/timex#d http://ex.org/variable#142	1
http://ex.org/variable#189 http://www.ibm.com/timex#d http://ex.org/variable#143	1
http://ex.org/variable#189 http://www.ibm.com/timex#d http://ex.org/variable#144	1
http://ex.org/variable#189 http://www.ibm.com/timex#b http://ex.org/variable#145	1
http://ex.org/variable#189 http://www.ibm.com/timex#d http://ex.org/variable#146	1
http://ex.org/variable#189 http://www.ibm.com/timex#d http://ex.org/variable#147	1
http://ex.org/variable#189 http://www.ibm.com/timex#d http://ex.org/variable#148	1
http://ex.org/variable#189 http://www.ibm.com/timex#bi_mi_oi http://ex.org/variable#149	1
http://ex.org/variable#189 http://www.ibm.com/timex#b http://ex.org/variable#150	1
http://ex.org/variable#189 http://www.ibm.com/timex#d http://ex.org/variable#151	1
http://ex.org/variable#189 http://www.ibm.com/timex#bi http://ex.org/variable#152	1
http://ex.org/variable#189 http://www.ibm.com/timex#d http://ex.org/variable#153	1
http://ex.org/variable#189 http://www.ibm.com/timex#oi http://ex.org/variable#154	1
http://ex.org/variable#189 http://www.ibm.com/timex#d http://ex.org/variable#155	1
http://ex.org/variable#189 http://www.ibm.com/timex#d http://ex.org/variable#156	1
http://ex.org/variable#189 http://www.ibm.com/timex#bi http://ex.org/variable#157	1
http://ex.org/variable#189 http://www.ibm.com/timex#oi_f http://ex.org/variable#158	1
http://ex.org/variable#189 http://www.ibm.com/timex#o http://ex.org/variable#159	1
http://ex.org/variable#189 http://www.ibm.com/timex#d http://ex.org/variable#160	1
http://ex.org/variable#189 http://www.ibm.com/timex#oi http://ex.org/variable#161	1
http://ex.org/variable#189 http://www.ibm.com/timex#oi http://ex.org/variable#162	1
http://ex.org/variable#189 http://www.ibm.com/timex#o http://ex.org/variable#163	1
http://ex.org/variable#189 http://www.ibm.com/timex#o_d_s http://ex.org/variable#164	1
http://ex.org/variable#189 http://www.ibm.com/timex#oi http://ex.org/variable#165	1
http://ex.org/variable#189 http://www.ibm.com/timex#d_f http://ex.org/variable#166	1
http://ex.org/variable#189 http://www.ibm.com/timex#d http://ex.org/variable#167	1
http://ex.org/variable#189 http://www.ibm.com/timex#o http://ex.org/variable#168	1
http://ex.org/variable#189 http://www.ibm.com/timex#d http://ex.org/variable#169	1
http://ex.org/variable#189 http://www.ibm.com/timex#b http://ex.org/variable#170	1
http://ex.org/variable#189 http://www.ibm.com/timex#oi_f http://ex.org/variable#171	1
http://ex.org/variable#189 http://www.ibm.com/timex#bi http://ex.org/variable#172	1
http://ex.org/variable#189 http://www.ibm.com/timex#b http://ex.org/variable#173	1
http://ex.org/variable#189 http://www.ibm.com/timex#o http://ex.org/variable#174	1
http://ex.org/variable#189 http://www.ibm.com/timex#d http://ex.org/variable#175	1
http://ex.org/variable#189 http://www.ibm.com/timex#o http://ex.org/variable#176	1
http://ex.org/variable#189 http://www.ibm.com/timex#d http://ex.org/variable#177	1
http://ex.org/variable#189 http://www.ibm.com/timex#d http://ex.org/variable#178	1
http://ex.org/variable#189 http://www.ibm.com/timex#o http://ex.org/variable#179	1
http://ex.org/variable#189 http://www.ibm.com/timex#bi http://ex.org/variable#180	1
http://ex.org/variable#189 http://www.ibm.com/timex#bi http://ex.org/variable#181	1
http://ex.org/variable#189 http://www.ibm.com/timex#di http://ex.org/variable#182	1
http://ex.org/variable#189 http://www.ibm.com/timex#b http://ex.org/variable#183	1
http://ex.org/variable#189 http://www.ibm.com/timex#d http://ex.org/variable#184	1
http://ex.org/variable#189 http://www.ibm.com/timex#d http://ex.org/variable#185	1
http://ex.org/variable#189 http://www.ibm.com/timex#o http://ex.org/variable#186	1
http://ex.org/variable#189 http://www.ibm.com/timex#d http://ex.org/variable#187	1
http://ex.org/variable#189 http://www.ibm.com/timex#o http://ex.org/variable#188	1
